

GENERAL_METRICS
ACC:0.8026666666666666
PREC:0.7794884377108509
REC:0.7893383286766573
TNR:0.7893383286766573
FPR:0.22051156228914925
FPDR:0.22051156228914925
F1:0.7837167976056865
BACC:0.0
CLSFE:0.19733333333333333
MCC:0.5687414788872274
GMEAN:0.7882567745966319
SAMPLES:750.0
AUC:{'AUC macro OVO': 0.7794884377108507}
AVGP:{'avg_precision': 0.8042951115930244}


METRICS_PER_CLASSES
CLASS:0
ACC:0.8026666666666666
PREC:0.6934306569343066
REC:0.7480314960629921
TNR:0.8306451612903226
FPR:0.30656934306569344
FPDR:0.30656934306569344
F1:0.7196969696969697
BACC:0
CLSFE:0.30656934306569344
MCC:0.5687414788872274
GMEAN:0.7882567745966319
SAMPLES:274
AUC:{}
AVGP:{}
CLASS:1
ACC:0.8026666666666666
PREC:0.865546218487395
REC:0.8306451612903226
TNR:0.7480314960629921
FPR:0.13445378151260504
FPDR:0.13445378151260504
F1:0.8477366255144033
BACC:0
CLSFE:0.13445378151260504
MCC:0.5687414788872274
GMEAN:0.7882567745966319
SAMPLES:476
AUC:{}
AVGP:{}
