

GENERAL_METRICS
ACC:0.82
PREC:0.8001487183973406
REC:0.7984327555668016
TNR:0.7984327555668016
FPR:0.19985128160265941
FPDR:0.19985128160265941
F1:0.7992740162444317
BACC:0.0
CLSFE:0.18
MCC:0.5985790143704082
GMEAN:0.7955348886813901
SAMPLES:750.0
AUC:{'AUC macro OVO': 0.8001487183973405}
AVGP:{'avg_precision': 0.8381123013383946}


METRICS_PER_CLASSES
CLASS:0
ACC:0.82
PREC:0.7391304347826086
REC:0.73046875
TNR:0.8663967611336032
FPR:0.2608695652173913
FPDR:0.2608695652173913
F1:0.7347740667976425
BACC:0
CLSFE:0.2608695652173913
MCC:0.5985790143704082
GMEAN:0.7955348886813901
SAMPLES:253
AUC:{}
AVGP:{}
CLASS:1
ACC:0.82
PREC:0.8611670020120724
REC:0.8663967611336032
TNR:0.73046875
FPR:0.13883299798792756
FPDR:0.13883299798792756
F1:0.863773965691221
BACC:0
CLSFE:0.13883299798792756
MCC:0.5985790143704082
GMEAN:0.7955348886813901
SAMPLES:497
AUC:{}
AVGP:{}
