

GENERAL_METRICS
ACC:0.8333333333333334
PREC:0.8149450961530622
REC:0.8078504494167145
TNR:0.8078504494167145
FPR:0.18505490384693768
FPDR:0.18505490384693768
F1:0.8111596109182981
BACC:0.0
CLSFE:0.16666666666666666
MCC:0.6227551345185701
GMEAN:0.8041059292043096
SAMPLES:750.0
AUC:{'AUC macro OVO': 0.8149450961530622}
AVGP:{'avg_precision': 0.857904577050836}


METRICS_PER_CLASSES
CLASS:0
ACC:0.8333333333333334
PREC:0.7634854771784232
REC:0.7301587301587301
TNR:0.8855421686746988
FPR:0.23651452282157676
FPDR:0.23651452282157676
F1:0.7464503042596349
BACC:0
CLSFE:0.23651452282157676
MCC:0.6227551345185701
GMEAN:0.8041059292043096
SAMPLES:241
AUC:{}
AVGP:{}
CLASS:1
ACC:0.8333333333333334
PREC:0.8664047151277013
REC:0.8855421686746988
TNR:0.7301587301587301
FPR:0.13359528487229863
FPDR:0.13359528487229863
F1:0.8758689175769613
BACC:0
CLSFE:0.13359528487229863
MCC:0.6227551345185701
GMEAN:0.8041059292043096
SAMPLES:509
AUC:{}
AVGP:{}
