

GENERAL_METRICS
ACC:0.8346666666666667
PREC:0.8159274144241822
REC:0.8094196360849188
TNR:0.8094196360849188
FPR:0.18407258557581785
FPDR:0.18407258557581785
F1:0.8124758033294619
BACC:0.0
CLSFE:0.16533333333333333
MCC:0.6253131874521112
GMEAN:0.8058104824194795
SAMPLES:750.0
AUC:{'AUC macro OVO': 0.8159274144241822}
AVGP:{'avg_precision': 0.858510193930756}


METRICS_PER_CLASSES
CLASS:0
ACC:0.8346666666666667
PREC:0.7634854771784232
REC:0.7330677290836654
TNR:0.8857715430861723
FPR:0.23651452282157676
FPDR:0.23651452282157676
F1:0.7479674796747967
BACC:0
CLSFE:0.23651452282157676
MCC:0.6253131874521112
GMEAN:0.8058104824194795
SAMPLES:241
AUC:{}
AVGP:{}
CLASS:1
ACC:0.8346666666666667
PREC:0.8683693516699411
REC:0.8857715430861723
TNR:0.7330677290836654
FPR:0.13163064833005894
FPDR:0.13163064833005894
F1:0.876984126984127
BACC:0
CLSFE:0.13163064833005894
MCC:0.6253131874521112
GMEAN:0.8058104824194795
SAMPLES:509
AUC:{}
AVGP:{}
