

GENERAL_METRICS
ACC:0.8993846153846153
PREC:0.5347455856928895
REC:0.5491920869827847
TNR:0.5491920869827847
FPR:0.46525441430711045
FPDR:0.46525441430711045
F1:0.539610400581189
BACC:0.0
CLSFE:0.10061538461538462
MCC:0.08268513466572866
GMEAN:0.38981483108906706
SAMPLES:3250.0
AUC:{'AUC macro OVO': 0.5347455856928895}
AVGP:{'avg_precision': 0.9358478381507399}


METRICS_PER_CLASSES
CLASS:0
ACC:0.8993846153846153
PREC:0.11210762331838565
REC:0.16233766233766234
TNR:0.936046511627907
FPR:0.8878923766816144
FPDR:0.8878923766816144
F1:0.13262599469496023
BACC:0
CLSFE:0.8878923766816144
MCC:0.08268513466572866
GMEAN:0.38981483108906706
SAMPLES:223
AUC:{}
AVGP:{}
CLASS:1
ACC:0.8993846153846153
PREC:0.9573835480673935
REC:0.936046511627907
TNR:0.16233766233766234
FPR:0.04261645193260654
FPDR:0.04261645193260654
F1:0.9465948064674179
BACC:0
CLSFE:0.04261645193260654
MCC:0.08268513466572866
GMEAN:0.38981483108906706
SAMPLES:3027
AUC:{}
AVGP:{}
