

GENERAL_METRICS
ACC:0.8858461538461538
PREC:0.5154100529100529
REC:0.5318298895454399
TNR:0.5318298895454399
FPR:0.48458994708994707
FPDR:0.48458994708994707
F1:0.5159999983943604
BACC:0.0
CLSFE:0.11415384615384615
MCC:0.04429448191440412
GMEAN:0.36738217211795343
SAMPLES:3250.0
AUC:{'AUC macro OVO': 0.5154100529100528}
AVGP:{'avg_precision': 0.9162793720691831}


METRICS_PER_CLASSES
CLASS:0
ACC:0.8858461538461538
PREC:0.06785714285714285
REC:0.14728682170542637
TNR:0.9163729573854534
FPR:0.9321428571428572
FPDR:0.9321428571428572
F1:0.09290953545232274
BACC:0
CLSFE:0.9321428571428572
MCC:0.04429448191440412
GMEAN:0.36738217211795343
SAMPLES:280
AUC:{}
AVGP:{}
CLASS:1
ACC:0.8858461538461538
PREC:0.9629629629629629
REC:0.9163729573854534
TNR:0.14728682170542637
FPR:0.037037037037037035
FPDR:0.037037037037037035
F1:0.939090461336398
BACC:0
CLSFE:0.037037037037037035
MCC:0.04429448191440412
GMEAN:0.36738217211795343
SAMPLES:2970
AUC:{}
AVGP:{}
