

GENERAL_METRICS
ACC:0.8855384615384615
PREC:0.5035556340825428
REC:0.5058677031882686
TNR:0.5058677031882686
FPR:0.4964443659174572
FPDR:0.4964443659174572
F1:0.5021815073400434
BACC:0.0
CLSFE:0.11446153846153846
MCC:0.009135295384923815
GMEAN:0.28574881242513833
SAMPLES:3250.0
AUC:{'AUC macro OVO': 0.5035556340825428}
AVGP:{'avg_precision': 0.9232763151894231}


METRICS_PER_CLASSES
CLASS:0
ACC:0.8855384615384615
PREC:0.05179282868525897
REC:0.08843537414965986
TNR:0.9233000322268772
FPR:0.9482071713147411
FPDR:0.9482071713147411
F1:0.06532663316582915
BACC:0
CLSFE:0.9482071713147411
MCC:0.009135295384923815
GMEAN:0.28574881242513833
SAMPLES:251
AUC:{}
AVGP:{}
CLASS:1
ACC:0.8855384615384615
PREC:0.9553184394798266
REC:0.9233000322268772
TNR:0.08843537414965986
FPR:0.04468156052017339
FPDR:0.04468156052017339
F1:0.9390363815142576
BACC:0
CLSFE:0.04468156052017339
MCC:0.009135295384923815
GMEAN:0.28574881242513833
SAMPLES:2999
AUC:{}
AVGP:{}
