

GENERAL_METRICS
ACC:0.8898461538461538
PREC:0.519007413896032
REC:0.5252540383991212
TNR:0.5252540383991212
FPR:0.480992586103968
FPDR:0.480992586103968
F1:0.5209166119025149
BACC:0.0
CLSFE:0.11015384615384616
MCC:0.04381844179787233
GMEAN:0.3321375778130193
SAMPLES:3250.0
AUC:{'AUC macro OVO': 0.519007413896032}
AVGP:{'avg_precision': 0.9320353427769114}


METRICS_PER_CLASSES
CLASS:0
ACC:0.8898461538461538
PREC:0.08733624454148471
REC:0.11834319526627218
TNR:0.9321648815319702
FPR:0.9126637554585153
FPDR:0.9126637554585153
F1:0.10050251256281408
BACC:0
CLSFE:0.9126637554585153
MCC:0.04381844179787233
GMEAN:0.3321375778130193
SAMPLES:229
AUC:{}
AVGP:{}
CLASS:1
ACC:0.8898461538461538
PREC:0.9506785832505793
REC:0.9321648815319702
TNR:0.11834319526627218
FPR:0.04932141674942072
FPDR:0.04932141674942072
F1:0.9413307112422157
BACC:0
CLSFE:0.04932141674942072
MCC:0.04381844179787233
GMEAN:0.3321375778130193
SAMPLES:3021
AUC:{}
AVGP:{}
