

GENERAL_METRICS
ACC:0.9123636363636364
PREC:0.7456857439089287
REC:0.7330161876242606
TNR:0.7330161876242606
FPR:0.2543142560910713
FPDR:0.2543142560910713
F1:0.7391178384353132
BACC:0.0
CLSFE:0.08763636363636364
MCC:0.4785342428679017
GMEAN:0.6987283627814208
SAMPLES:2750.0
AUC:{'AUC macro OVO': 0.7456857439089288}
AVGP:{'avg_precision': 0.9523114292664646}


METRICS_PER_CLASSES
CLASS:0
ACC:0.9123636363636364
PREC:0.5425101214574899
REC:0.5114503816793893
TNR:0.9545819935691319
FPR:0.4574898785425101
FPDR:0.4574898785425101
F1:0.5265225933202358
BACC:0
CLSFE:0.4574898785425101
MCC:0.4785342428679017
GMEAN:0.6987283627814208
SAMPLES:247
AUC:{}
AVGP:{}
CLASS:1
ACC:0.9123636363636364
PREC:0.9488613663603676
REC:0.9545819935691319
TNR:0.5114503816793893
FPR:0.05113863363963244
FPDR:0.05113863363963244
F1:0.9517130835503907
BACC:0
CLSFE:0.05113863363963244
MCC:0.4785342428679017
GMEAN:0.6987283627814208
SAMPLES:2503
AUC:{}
AVGP:{}
