

GENERAL_METRICS
ACC:0.9025454545454545
PREC:0.716
REC:0.7071009548121057
TNR:0.7071009548121057
FPR:0.28400000000000003
FPDR:0.28400000000000003
F1:0.7114167752606255
BACC:0.0
CLSFE:0.09745454545454546
MCC:0.42300735804198414
GMEAN:0.6645996116264928
SAMPLES:2750.0
AUC:{'AUC macro OVO': 0.716}
AVGP:{'avg_precision': 0.946343174510377}


METRICS_PER_CLASSES
CLASS:0
ACC:0.9025454545454545
PREC:0.488
REC:0.46564885496183206
TNR:0.9485530546623794
FPR:0.512
FPDR:0.512
F1:0.4765625
BACC:0
CLSFE:0.512
MCC:0.42300735804198414
GMEAN:0.6645996116264928
SAMPLES:250
AUC:{}
AVGP:{}
CLASS:1
ACC:0.9025454545454545
PREC:0.944
REC:0.9485530546623794
TNR:0.46564885496183206
FPR:0.056
FPDR:0.056
F1:0.946271050521251
BACC:0
CLSFE:0.056
MCC:0.42300735804198414
GMEAN:0.6645996116264928
SAMPLES:2500
AUC:{}
AVGP:{}
