

GENERAL_METRICS
ACC:0.9014545454545455
PREC:0.7096308310163733
REC:0.7118226754757679
TNR:0.7118226754757679
FPR:0.2903691689836268
FPDR:0.2903691689836268
F1:0.7107185708002954
BACC:0.0
CLSFE:0.09854545454545455
MCC:0.4214478069137234
GMEAN:0.6725312944185635
SAMPLES:2750.0
AUC:{'AUC macro OVO': 0.7096308310163733}
AVGP:{'avg_precision': 0.9429154977493024}


METRICS_PER_CLASSES
CLASS:0
ACC:0.9014545454545455
PREC:0.47307692307692306
REC:0.4785992217898833
TNR:0.9450461291616526
FPR:0.5269230769230769
FPDR:0.5269230769230769
F1:0.4758220502901354
BACC:0
CLSFE:0.5269230769230769
MCC:0.4214478069137234
GMEAN:0.6725312944185635
SAMPLES:260
AUC:{}
AVGP:{}
CLASS:1
ACC:0.9014545454545455
PREC:0.9461847389558233
REC:0.9450461291616526
TNR:0.4785992217898833
FPR:0.05381526104417671
FPDR:0.05381526104417671
F1:0.9456150913104555
BACC:0
CLSFE:0.05381526104417671
MCC:0.4214478069137234
GMEAN:0.6725312944185635
SAMPLES:2490
AUC:{}
AVGP:{}
