

GENERAL_METRICS
ACC:0.9021818181818182
PREC:0.7473291807774882
REC:0.7107908076683053
TNR:0.7107908076683053
FPR:0.2526708192225118
FPDR:0.2526708192225118
F1:0.7269580860822997
BACC:0.0
CLSFE:0.09781818181818182
MCC:0.4566605644284473
GMEAN:0.6674711216184548
SAMPLES:2750.0
AUC:{'AUC macro OVO': 0.7473291807774882}
AVGP:{'avg_precision': 0.9522343142232949}


METRICS_PER_CLASSES
CLASS:0
ACC:0.9021818181818182
PREC:0.5582329317269076
REC:0.4664429530201342
TNR:0.9551386623164764
FPR:0.44176706827309237
FPDR:0.44176706827309237
F1:0.5082266910420475
BACC:0
CLSFE:0.44176706827309237
MCC:0.4566605644284473
GMEAN:0.6674711216184548
SAMPLES:249
AUC:{}
AVGP:{}
CLASS:1
ACC:0.9021818181818182
PREC:0.9364254298280688
REC:0.9551386623164764
TNR:0.4664429530201342
FPR:0.06357457017193123
FPDR:0.06357457017193123
F1:0.945689481122552
BACC:0
CLSFE:0.06357457017193123
MCC:0.4566605644284473
GMEAN:0.6674711216184548
SAMPLES:2501
AUC:{}
AVGP:{}
