

GENERAL_METRICS
ACC:0.9156923076923077
PREC:0.5888960575910898
REC:0.6625584624288081
TNR:0.6625584624288081
FPR:0.4111039424089103
FPDR:0.4111039424089103
F1:0.6113261438490453
BACC:0.0
CLSFE:0.0843076923076923
MCC:0.24042301418949322
GMEAN:0.6028099658237561
SAMPLES:3250.0
AUC:{'AUC macro OVO': 0.5888960575910898}
AVGP:{'avg_precision': 0.9371807688473269}


METRICS_PER_CLASSES
CLASS:0
ACC:0.9156923076923077
PREC:0.20408163265306123
REC:0.3875968992248062
TNR:0.93752002563281
FPR:0.7959183673469388
FPDR:0.7959183673469388
F1:0.26737967914438504
BACC:0
CLSFE:0.7959183673469388
MCC:0.24042301418949322
GMEAN:0.6028099658237561
SAMPLES:245
AUC:{}
AVGP:{}
CLASS:1
ACC:0.9156923076923077
PREC:0.9737104825291182
REC:0.93752002563281
TNR:0.3875968992248062
FPR:0.026289517470881863
FPDR:0.026289517470881863
F1:0.9552726085537055
BACC:0
CLSFE:0.026289517470881863
MCC:0.24042301418949322
GMEAN:0.6028099658237561
SAMPLES:3005
AUC:{}
AVGP:{}
