

GENERAL_METRICS
ACC:0.9141538461538462
PREC:0.6122570662157649
REC:0.6815820074666397
TNR:0.6815820074666397
FPR:0.38774293378423513
FPDR:0.38774293378423513
F1:0.6360215621348424
BACC:0.0
CLSFE:0.08584615384615385
MCC:0.2855441362435872
GMEAN:0.6313761393323899
SAMPLES:3250.0
AUC:{'AUC macro OVO': 0.6122570662157649}
AVGP:{'avg_precision': 0.9378249070439962}


METRICS_PER_CLASSES
CLASS:0
ACC:0.9141538461538462
PREC:0.25390625
REC:0.42483660130718953
TNR:0.9383274136260897
FPR:0.74609375
FPDR:0.74609375
F1:0.31784841075794623
BACC:0
CLSFE:0.74609375
MCC:0.2855441362435872
GMEAN:0.6313761393323899
SAMPLES:256
AUC:{}
AVGP:{}
CLASS:1
ACC:0.9141538461538462
PREC:0.9706078824315297
REC:0.9383274136260897
TNR:0.42483660130718953
FPR:0.029392117568470273
FPDR:0.029392117568470273
F1:0.9541947135117387
BACC:0
CLSFE:0.029392117568470273
MCC:0.2855441362435872
GMEAN:0.6313761393323899
SAMPLES:2994
AUC:{}
AVGP:{}
