

GENERAL_METRICS
ACC:0.9141538461538462
PREC:0.593509294372517
REC:0.6504525291550404
TNR:0.6504525291550404
FPR:0.406490705627483
FPDR:0.406490705627483
F1:0.6129649382728697
BACC:0.0
CLSFE:0.08584615384615385
MCC:0.23722318468352427
GMEAN:0.5825547497776641
SAMPLES:3250.0
AUC:{'AUC macro OVO': 0.593509294372517}
AVGP:{'avg_precision': 0.9393865803428276}


METRICS_PER_CLASSES
CLASS:0
ACC:0.9141538461538462
PREC:0.2175732217573222
REC:0.3611111111111111
TNR:0.9397939471989697
FPR:0.7824267782426778
FPDR:0.7824267782426778
F1:0.27154046997389036
BACC:0
CLSFE:0.7824267782426778
MCC:0.23722318468352427
GMEAN:0.5825547497776641
SAMPLES:239
AUC:{}
AVGP:{}
CLASS:1
ACC:0.9141538461538462
PREC:0.9694453669877118
REC:0.9397939471989697
TNR:0.3611111111111111
FPR:0.030554633012288276
FPDR:0.030554633012288276
F1:0.9543894065718489
BACC:0
CLSFE:0.030554633012288276
MCC:0.23722318468352427
GMEAN:0.5825547497776641
SAMPLES:3011
AUC:{}
AVGP:{}
