

GENERAL_METRICS
ACC:0.9215384615384615
PREC:0.6003438754737778
REC:0.68272
TNR:0.68272
FPR:0.3996561245262223
FPDR:0.3996561245262223
F1:0.6260455495697775
BACC:0.0
CLSFE:0.07846153846153846
MCC:0.27081235515809593
GMEAN:0.6317994618547882
SAMPLES:3250.0
AUC:{'AUC macro OVO': 0.6003438754737778}
AVGP:{'avg_precision': 0.9411042376601502}


METRICS_PER_CLASSES
CLASS:0
ACC:0.9215384615384615
PREC:0.2245762711864407
REC:0.424
TNR:0.94144
FPR:0.7754237288135594
FPDR:0.7754237288135594
F1:0.29362880886426596
BACC:0
CLSFE:0.7754237288135594
MCC:0.27081235515809593
GMEAN:0.6317994618547882
SAMPLES:236
AUC:{}
AVGP:{}
CLASS:1
ACC:0.9215384615384615
PREC:0.9761114797611148
REC:0.94144
TNR:0.424
FPR:0.023888520238885203
FPDR:0.023888520238885203
F1:0.9584622902752892
BACC:0
CLSFE:0.023888520238885203
MCC:0.27081235515809593
GMEAN:0.6317994618547882
SAMPLES:3014
AUC:{}
AVGP:{}
