

GENERAL_METRICS
ACC:0.9072727272727272
PREC:0.6555512876702435
REC:0.7027532436410941
TNR:0.7027532436410941
FPR:0.34444871232975655
FPDR:0.34444871232975655
F1:0.6748768472906403
BACC:0.0
CLSFE:0.09272727272727273
MCC:0.35518180205461425
GMEAN:0.6620408391057662
SAMPLES:2750.0
AUC:{'AUC macro OVO': 0.6555512876702434}
AVGP:{'avg_precision': 0.9374351460204828}


METRICS_PER_CLASSES
CLASS:0
ACC:0.9072727272727272
PREC:0.3497942386831276
REC:0.46703296703296704
TNR:0.9384735202492211
FPR:0.6502057613168725
FPDR:0.6502057613168725
F1:0.4
BACC:0
CLSFE:0.6502057613168725
MCC:0.35518180205461425
GMEAN:0.6620408391057662
SAMPLES:243
AUC:{}
AVGP:{}
CLASS:1
ACC:0.9072727272727272
PREC:0.9613083366573594
REC:0.9384735202492211
TNR:0.46703296703296704
FPR:0.038691663342640605
FPDR:0.038691663342640605
F1:0.9497536945812808
BACC:0
CLSFE:0.038691663342640605
MCC:0.35518180205461425
GMEAN:0.6620408391057662
SAMPLES:2507
AUC:{}
AVGP:{}
