

GENERAL_METRICS
ACC:0.9003636363636364
PREC:0.670733270886221
REC:0.7094623978267185
TNR:0.7094623978267185
FPR:0.3292667291137789
FPDR:0.3292667291137789
F1:0.6872924966799469
BACC:0.0
CLSFE:0.09963636363636363
MCC:0.3782179282298846
GMEAN:0.6725389571598973
SAMPLES:2750.0
AUC:{'AUC macro OVO': 0.670733270886221}
AVGP:{'avg_precision': 0.9339192500330589}


METRICS_PER_CLASSES
CLASS:0
ACC:0.9003636363636364
PREC:0.3857677902621723
REC:0.4835680751173709
TNR:0.9353567205360662
FPR:0.6142322097378277
FPDR:0.6142322097378277
F1:0.42916666666666664
BACC:0
CLSFE:0.6142322097378277
MCC:0.3782179282298846
GMEAN:0.6725389571598973
SAMPLES:267
AUC:{}
AVGP:{}
CLASS:1
ACC:0.9003636363636364
PREC:0.9556987515102698
REC:0.9353567205360662
TNR:0.4835680751173709
FPR:0.04430124848973017
FPDR:0.04430124848973017
F1:0.9454183266932271
BACC:0
CLSFE:0.04430124848973017
MCC:0.3782179282298846
GMEAN:0.6725389571598973
SAMPLES:2483
AUC:{}
AVGP:{}
