

GENERAL_METRICS
ACC:0.9072727272727272
PREC:0.6705711289781277
REC:0.7121981525578125
TNR:0.7121981525578125
FPR:0.3294288710218724
FPDR:0.3294288710218724
F1:0.6882605941386324
BACC:0.0
CLSFE:0.09272727272727273
MCC:0.38049903258147205
GMEAN:0.6748837035818801
SAMPLES:2750.0
AUC:{'AUC macro OVO': 0.6705711289781275}
AVGP:{'avg_precision': 0.9384809017376888}


METRICS_PER_CLASSES
CLASS:0
ACC:0.9072727272727272
PREC:0.3815261044176707
REC:0.4846938775510204
TNR:0.9397024275646045
FPR:0.6184738955823293
FPDR:0.6184738955823293
F1:0.42696629213483145
BACC:0
CLSFE:0.6184738955823293
MCC:0.38049903258147205
GMEAN:0.6748837035818801
SAMPLES:249
AUC:{}
AVGP:{}
CLASS:1
ACC:0.9072727272727272
PREC:0.9596161535385845
REC:0.9397024275646045
TNR:0.4846938775510204
FPR:0.040383846461415435
FPDR:0.040383846461415435
F1:0.9495548961424333
BACC:0
CLSFE:0.040383846461415435
MCC:0.38049903258147205
GMEAN:0.6748837035818801
SAMPLES:2501
AUC:{}
AVGP:{}
