

GENERAL_METRICS
ACC:0.9094545454545454
PREC:0.6480523738157683
REC:0.7029257959279119
TNR:0.7029257959279119
FPR:0.35194762618423164
FPDR:0.35194762618423164
F1:0.6696578770012895
BACC:0.0
CLSFE:0.09054545454545454
MCC:0.3466620590464526
GMEAN:0.6623129709151295
SAMPLES:2750.0
AUC:{'AUC macro OVO': 0.6480523738157684}
AVGP:{'avg_precision': 0.9375023685401335}


METRICS_PER_CLASSES
CLASS:0
ACC:0.9094545454545454
PREC:0.3319327731092437
REC:0.46745562130177515
TNR:0.9383959705540488
FPR:0.6680672268907563
FPDR:0.6680672268907563
F1:0.3882063882063882
BACC:0
CLSFE:0.6680672268907563
MCC:0.3466620590464526
GMEAN:0.6623129709151295
SAMPLES:238
AUC:{}
AVGP:{}
CLASS:1
ACC:0.9094545454545454
PREC:0.964171974522293
REC:0.9383959705540488
TNR:0.46745562130177515
FPR:0.035828025477707005
FPDR:0.035828025477707005
F1:0.9511093657961909
BACC:0
CLSFE:0.035828025477707005
MCC:0.3466620590464526
GMEAN:0.6623129709151295
SAMPLES:2512
AUC:{}
AVGP:{}
