

GENERAL_METRICS
ACC:0.9350588235294117
PREC:0.6035166030295442
REC:0.6891711229946524
TNR:0.6891711229946524
FPR:0.3964833969704557
FPDR:0.3964833969704557
F1:0.6309389567371102
BACC:0.0
CLSFE:0.06494117647058824
MCC:0.27987391478085655
GMEAN:0.6371383411841243
SAMPLES:4250.0
AUC:{'AUC macro OVO': 0.6035166030295442}
AVGP:{'avg_precision': 0.9516352175321807}


METRICS_PER_CLASSES
CLASS:0
ACC:0.9350588235294117
PREC:0.2265625
REC:0.4264705882352941
TNR:0.9518716577540107
FPR:0.7734375
FPDR:0.7734375
F1:0.29591836734693877
BACC:0
CLSFE:0.7734375
MCC:0.27987391478085655
GMEAN:0.6371383411841243
SAMPLES:256
AUC:{}
AVGP:{}
CLASS:1
ACC:0.9350588235294117
PREC:0.9804707060590886
REC:0.9518716577540107
TNR:0.4264705882352941
FPR:0.019529293940911366
FPDR:0.019529293940911366
F1:0.9659595461272817
BACC:0
CLSFE:0.019529293940911366
MCC:0.27987391478085655
GMEAN:0.6371383411841243
SAMPLES:3994
AUC:{}
AVGP:{}
