

GENERAL_METRICS
ACC:0.9343529411764706
PREC:0.619866975130133
REC:0.695911615266454
TNR:0.695911615266454
FPR:0.380133024869867
FPDR:0.380133024869867
F1:0.6466012472897155
BACC:0.0
CLSFE:0.0656470588235294
MCC:0.3064854496699524
GMEAN:0.6466375641968707
SAMPLES:4250.0
AUC:{'AUC macro OVO': 0.619866975130133}
AVGP:{'avg_precision': 0.9528019661305818}


METRICS_PER_CLASSES
CLASS:0
ACC:0.9343529411764706
PREC:0.26153846153846155
REC:0.43870967741935485
TNR:0.9531135531135531
FPR:0.7384615384615385
FPDR:0.7384615384615385
F1:0.327710843373494
BACC:0
CLSFE:0.7384615384615385
MCC:0.3064854496699524
GMEAN:0.6466375641968707
SAMPLES:260
AUC:{}
AVGP:{}
CLASS:1
ACC:0.9343529411764706
PREC:0.9781954887218045
REC:0.9531135531135531
TNR:0.43870967741935485
FPR:0.02180451127819549
FPDR:0.02180451127819549
F1:0.9654916512059369
BACC:0
CLSFE:0.02180451127819549
MCC:0.3064854496699524
GMEAN:0.6466375641968707
SAMPLES:3990
AUC:{}
AVGP:{}
