

GENERAL_METRICS
ACC:0.9411764705882353
PREC:0.6249847027684702
REC:0.7224517348454165
TNR:0.7224517348454165
FPR:0.3750152972315298
FPDR:0.3750152972315298
F1:0.6573769878584078
BACC:0.0
CLSFE:0.058823529411764705
MCC:0.3334850159151678
GMEAN:0.6836555464339036
SAMPLES:4250.0
AUC:{'AUC macro OVO': 0.6249847027684702}
AVGP:{'avg_precision': 0.9557709825700199}


METRICS_PER_CLASSES
CLASS:0
ACC:0.9411764705882353
PREC:0.26720647773279355
REC:0.4888888888888889
TNR:0.9560145808019441
FPR:0.7327935222672065
FPDR:0.7327935222672065
F1:0.34554973821989526
BACC:0
CLSFE:0.7327935222672065
MCC:0.3334850159151678
GMEAN:0.6836555464339036
SAMPLES:247
AUC:{}
AVGP:{}
CLASS:1
ACC:0.9411764705882353
PREC:0.9827629278041469
REC:0.9560145808019441
TNR:0.4888888888888889
FPR:0.01723707219585311
FPDR:0.01723707219585311
F1:0.9692042374969204
BACC:0
CLSFE:0.01723707219585311
MCC:0.3334850159151678
GMEAN:0.6836555464339036
SAMPLES:4003
AUC:{}
AVGP:{}
