

GENERAL_METRICS
ACC:0.9317647058823529
PREC:0.5853125391211818
REC:0.6604725006254875
TNR:0.6604725006254875
FPR:0.41468746087881825
FPDR:0.41468746087881825
F1:0.6084139063421379
BACC:0.0
CLSFE:0.06823529411764706
MCC:0.23401125175927562
GMEAN:0.5937611952495043
SAMPLES:4250.0
AUC:{'AUC macro OVO': 0.5853125391211818}
AVGP:{'avg_precision': 0.9495257296995975}


METRICS_PER_CLASSES
CLASS:0
ACC:0.9317647058823529
PREC:0.19140625
REC:0.3712121212121212
TNR:0.9497328800388538
FPR:0.80859375
FPDR:0.80859375
F1:0.25257731958762886
BACC:0
CLSFE:0.80859375
MCC:0.23401125175927562
GMEAN:0.5937611952495043
SAMPLES:256
AUC:{}
AVGP:{}
CLASS:1
ACC:0.9317647058823529
PREC:0.9792188282423635
REC:0.9497328800388538
TNR:0.3712121212121212
FPR:0.020781171757636455
FPDR:0.020781171757636455
F1:0.9642504930966469
BACC:0
CLSFE:0.020781171757636455
MCC:0.23401125175927562
GMEAN:0.5937611952495043
SAMPLES:3994
AUC:{}
AVGP:{}
