

GENERAL_METRICS
ACC:0.93475
PREC:0.49813482547295496
REC:0.4690165579528349
TNR:0.4690165579528349
FPR:0.501865174527045
FPDR:0.501865174527045
F1:0.4831373562475772
BACC:0.0
CLSFE:0.06525
MCC:-0.015203884617629566
GMEAN:0.0
SAMPLES:4000.0
AUC:{'AUC macro OVO': 0.49813482547295496}
AVGP:{'avg_precision': 0.938033924959046}


METRICS_PER_CLASSES
CLASS:0
ACC:0.93475
PREC:0.0
REC:0.0
TNR:0.9380331159056698
FPR:1.0
FPDR:1.0
F1:0.0
BACC:0
CLSFE:1.0
MCC:-0.015203884617629566
GMEAN:0
SAMPLES:247
AUC:{}
AVGP:{}
CLASS:1
ACC:0.93475
PREC:0.9962696509459099
REC:0.9380331159056698
TNR:0.0
FPR:0.0037303490540900614
FPDR:0.0037303490540900614
F1:0.9662747124951544
BACC:0
CLSFE:0.0037303490540900614
MCC:-0.015203884617629566
GMEAN:0
SAMPLES:3753
AUC:{}
AVGP:{}
