

GENERAL_METRICS
ACC:0.9355
PREC:0.500301033910712
REC:0.504981721740377
TNR:0.504981721740377
FPR:0.499698966089288
FPDR:0.499698966089288
F1:0.48717948717948717
BACC:0.0
CLSFE:0.0645
MCC:0.0024492179793435304
GMEAN:0.25891737127235104
SAMPLES:4000.0
AUC:{'AUC macro OVO': 0.500301033910712}
AVGP:{'avg_precision': 0.9385347512912134}


METRICS_PER_CLASSES
CLASS:0
ACC:0.9355
PREC:0.0040650406504065045
REC:0.07142857142857142
TNR:0.9385348720521827
FPR:0.9959349593495935
FPDR:0.9959349593495935
F1:0.007692307692307693
BACC:0
CLSFE:0.9959349593495935
MCC:0.0024492179793435304
GMEAN:0.25891737127235104
SAMPLES:246
AUC:{}
AVGP:{}
CLASS:1
ACC:0.9355
PREC:0.9965370271710176
REC:0.9385348720521827
TNR:0.07142857142857142
FPR:0.0034629728289824187
FPDR:0.0034629728289824187
F1:0.9666666666666667
BACC:0
CLSFE:0.0034629728289824187
MCC:0.0024492179793435304
GMEAN:0.25891737127235104
SAMPLES:3754
AUC:{}
AVGP:{}
