

GENERAL_METRICS
ACC:0.93325
PREC:0.5021701388888888
REC:0.534797156001673
TNR:0.534797156001673
FPR:0.4978298611111111
FPDR:0.4978298611111111
F1:0.49010746414877787
BACC:0.0
CLSFE:0.06675
MCC:0.01737983445973682
GMEAN:0.3533196812463207
SAMPLES:4000.0
AUC:{'AUC macro OVO': 0.502170138888889}
AVGP:{'avg_precision': 0.9362600724940751}


METRICS_PER_CLASSES
CLASS:0
ACC:0.93325
PREC:0.0078125
REC:0.13333333333333333
TNR:0.9362609786700126
FPR:0.9921875
FPDR:0.9921875
F1:0.014760147601476014
BACC:0
CLSFE:0.9921875
MCC:0.01737983445973682
GMEAN:0.3533196812463207
SAMPLES:256
AUC:{}
AVGP:{}
CLASS:1
ACC:0.93325
PREC:0.9965277777777778
REC:0.9362609786700126
TNR:0.13333333333333333
FPR:0.003472222222222222
FPDR:0.003472222222222222
F1:0.9654547806960797
BACC:0
CLSFE:0.003472222222222222
MCC:0.01737983445973682
GMEAN:0.3533196812463207
SAMPLES:3744
AUC:{}
AVGP:{}
