

GENERAL_METRICS
ACC:0.93525
PREC:0.5006666666666666
REC:0.5142437156726453
TNR:0.5142437156726453
FPR:0.49933333333333335
FPDR:0.49933333333333335
F1:0.48709798953303635
BACC:0.0
CLSFE:0.06475
MCC:0.006163054583055436
GMEAN:0.29194930139513786
SAMPLES:4000.0
AUC:{'AUC macro OVO': 0.5006666666666667}
AVGP:{'avg_precision': 0.9375781315283698}


METRICS_PER_CLASSES
CLASS:0
ACC:0.93525
PREC:0.004
REC:0.09090909090909091
TNR:0.9375783404361996
FPR:0.996
FPDR:0.996
F1:0.007662835249042145
BACC:0
CLSFE:0.996
MCC:0.006163054583055436
GMEAN:0.29194930139513786
SAMPLES:250
AUC:{}
AVGP:{}
CLASS:1
ACC:0.93525
PREC:0.9973333333333333
REC:0.9375783404361996
TNR:0.09090909090909091
FPR:0.0026666666666666666
FPDR:0.0026666666666666666
F1:0.9665331438170306
BACC:0
CLSFE:0.0026666666666666666
MCC:0.006163054583055436
GMEAN:0.29194930139513786
SAMPLES:3750
AUC:{}
AVGP:{}
