

GENERAL_METRICS
ACC:0.8104
PREC:0.6295000000000001
REC:0.6950900577888388
TNR:0.6950900577888388
FPR:0.37050000000000005
FPDR:0.37050000000000005
F1:0.6480333230763017
BACC:0.0
CLSFE:0.1896
MCC:0.3178940860327831
GMEAN:0.6782572533151495
SAMPLES:1250.0
AUC:{'AUC macro OVO': 0.6295}
AVGP:{'avg_precision': 0.8438815286624204}


METRICS_PER_CLASSES
CLASS:0
ACC:0.8104
PREC:0.328
REC:0.543046357615894
TNR:0.8471337579617835
FPR:0.672
FPDR:0.672
F1:0.4089775561097257
BACC:0
CLSFE:0.672
MCC:0.3178940860327831
GMEAN:0.6782572533151495
SAMPLES:250
AUC:{}
AVGP:{}
CLASS:1
ACC:0.8104
PREC:0.931
REC:0.8471337579617835
TNR:0.543046357615894
FPR:0.069
FPDR:0.069
F1:0.8870890900428776
BACC:0
CLSFE:0.069
MCC:0.3178940860327831
GMEAN:0.6782572533151495
SAMPLES:1000
AUC:{}
AVGP:{}
