

GENERAL_METRICS
ACC:0.8032
PREC:0.6308606883061312
REC:0.7006984484132565
TNR:0.7006984484132565
FPR:0.3691393116938688
FPDR:0.3691393116938688
F1:0.6493392753695907
BACC:0.0
CLSFE:0.1968
MCC:0.3241205769545112
GMEAN:0.6872553237321083
SAMPLES:1250.0
AUC:{'AUC macro OVO': 0.6308606883061312}
AVGP:{'avg_precision': 0.8338325292430255}


METRICS_PER_CLASSES
CLASS:0
ACC:0.8032
PREC:0.3308270676691729
REC:0.5641025641025641
TNR:0.8372943327239488
FPR:0.6691729323308271
FPDR:0.6691729323308271
F1:0.41706161137440756
BACC:0
CLSFE:0.6691729323308271
MCC:0.3241205769545112
GMEAN:0.6872553237321083
SAMPLES:266
AUC:{}
AVGP:{}
CLASS:1
ACC:0.8032
PREC:0.9308943089430894
REC:0.8372943327239488
TNR:0.5641025641025641
FPR:0.06910569105691057
FPDR:0.06910569105691057
F1:0.8816169393647738
BACC:0
CLSFE:0.06910569105691057
MCC:0.3241205769545112
GMEAN:0.6872553237321083
SAMPLES:984
AUC:{}
AVGP:{}
