

GENERAL_METRICS
ACC:0.8088
PREC:0.6204503051576384
REC:0.6973204514696074
TNR:0.6973204514696074
FPR:0.37954969484236156
FPDR:0.37954969484236156
F1:0.6392130436410318
BACC:0.0
CLSFE:0.1912
MCC:0.3083329926774441
GMEAN:0.682424124263241
SAMPLES:1250.0
AUC:{'AUC macro OVO': 0.6204503051576384}
AVGP:{'avg_precision': 0.8379523292088246}


METRICS_PER_CLASSES
CLASS:0
ACC:0.8088
PREC:0.3031496062992126
REC:0.5539568345323741
TNR:0.8406840684068407
FPR:0.6968503937007874
FPDR:0.6968503937007874
F1:0.39185750636132316
BACC:0
CLSFE:0.6968503937007874
MCC:0.3083329926774441
GMEAN:0.682424124263241
SAMPLES:254
AUC:{}
AVGP:{}
CLASS:1
ACC:0.8088
PREC:0.9377510040160643
REC:0.8406840684068407
TNR:0.5539568345323741
FPR:0.06224899598393574
FPDR:0.06224899598393574
F1:0.8865685809207404
BACC:0
CLSFE:0.06224899598393574
MCC:0.3083329926774441
GMEAN:0.682424124263241
SAMPLES:996
AUC:{}
AVGP:{}
