

GENERAL_METRICS
ACC:0.8184
PREC:0.6472441038530612
REC:0.7176264472882389
TNR:0.7176264472882389
FPR:0.3527558961469388
FPDR:0.3527558961469388
F1:0.6682136388457226
BACC:0.0
CLSFE:0.1816
MCC:0.358017939247084
GMEAN:0.7049489892125772
SAMPLES:1250.0
AUC:{'AUC macro OVO': 0.6472441038530612}
AVGP:{'avg_precision': 0.8483781655753365}


METRICS_PER_CLASSES
CLASS:0
ACC:0.8184
PREC:0.35968379446640314
REC:0.5833333333333334
TNR:0.8519195612431444
FPR:0.6403162055335968
FPDR:0.6403162055335968
F1:0.4449877750611247
BACC:0
CLSFE:0.6403162055335968
MCC:0.358017939247084
GMEAN:0.7049489892125772
SAMPLES:253
AUC:{}
AVGP:{}
CLASS:1
ACC:0.8184
PREC:0.9348044132397192
REC:0.8519195612431444
TNR:0.5833333333333334
FPR:0.06519558676028084
FPDR:0.06519558676028084
F1:0.8914395026303205
BACC:0
CLSFE:0.06519558676028084
MCC:0.358017939247084
GMEAN:0.7049489892125772
SAMPLES:997
AUC:{}
AVGP:{}
