

GENERAL_METRICS
ACC:0.9293333333333333
PREC:0.49985656913367754
REC:0.46479061082955453
TNR:0.46479061082955453
FPR:0.5001434308663224
FPDR:0.5001434308663224
F1:0.48168624740843125
BACC:0.0
CLSFE:0.07066666666666667
MCC:-0.004494491380078804
GMEAN:0.0
SAMPLES:3750.0
AUC:{'AUC macro OVO': 0.49985656913367754}
AVGP:{'avg_precision': 0.9295812270458965}


METRICS_PER_CLASSES
CLASS:0
ACC:0.9293333333333333
PREC:0.0
REC:0.0
TNR:0.9295812216591091
FPR:1.0
FPDR:1.0
F1:0.0
BACC:0
CLSFE:1.0
MCC:-0.004494491380078804
GMEAN:0
SAMPLES:264
AUC:{}
AVGP:{}
CLASS:1
ACC:0.9293333333333333
PREC:0.9997131382673551
REC:0.9295812216591091
TNR:0.0
FPR:0.00028686173264486515
FPDR:0.00028686173264486515
F1:0.9633724948168625
BACC:0
CLSFE:0.00028686173264486515
MCC:-0.004494491380078804
GMEAN:0
SAMPLES:3486
AUC:{}
AVGP:{}
