

GENERAL_METRICS
ACC:0.9266666666666666
PREC:0.49942512216154067
REC:0.46382808328884145
TNR:0.46382808328884145
FPR:0.5005748778384593
FPDR:0.5005748778384593
F1:0.4809688581314879
BACC:0.0
CLSFE:0.07333333333333333
MCC:-0.009120182737608203
GMEAN:0.0
SAMPLES:3750.0
AUC:{'AUC macro OVO': 0.49942512216154067}
AVGP:{'avg_precision': 0.9276562553005983}


METRICS_PER_CLASSES
CLASS:0
ACC:0.9266666666666666
PREC:0.0
REC:0.0
TNR:0.9276561665776829
FPR:1.0
FPDR:1.0
F1:0.0
BACC:0
CLSFE:1.0
MCC:-0.009120182737608203
GMEAN:0
SAMPLES:271
AUC:{}
AVGP:{}
CLASS:1
ACC:0.9266666666666666
PREC:0.9988502443230813
REC:0.9276561665776829
TNR:0.0
FPR:0.0011497556769186547
FPDR:0.0011497556769186547
F1:0.9619377162629758
BACC:0
CLSFE:0.0011497556769186547
MCC:-0.009120182737608203
GMEAN:0
SAMPLES:3479
AUC:{}
AVGP:{}
