

GENERAL_METRICS
ACC:0.92
PREC:0.4991652754590985
REC:0.46070878274268107
TNR:0.46070878274268107
FPR:0.5008347245409015
FPDR:0.5008347245409015
F1:0.4791666666666667
BACC:0.0
CLSFE:0.08
MCC:-0.011453792958941899
GMEAN:0.0
SAMPLES:3250.0
AUC:{'AUC macro OVO': 0.4991652754590985}
AVGP:{'avg_precision': 0.9214177673151669}


METRICS_PER_CLASSES
CLASS:0
ACC:0.92
PREC:0.0
REC:0.0
TNR:0.9214175654853621
FPR:1.0
FPDR:1.0
F1:0.0
BACC:0
CLSFE:1.0
MCC:-0.011453792958941899
GMEAN:0
SAMPLES:255
AUC:{}
AVGP:{}
CLASS:1
ACC:0.92
PREC:0.998330550918197
REC:0.9214175654853621
TNR:0.0
FPR:0.001669449081803005
FPDR:0.001669449081803005
F1:0.9583333333333334
BACC:0
CLSFE:0.001669449081803005
MCC:-0.011453792958941899
GMEAN:0
SAMPLES:2995
AUC:{}
AVGP:{}
