

GENERAL_METRICS
ACC:0.9264615384615384
PREC:0.49966810487885827
REC:0.46351600985221675
TNR:0.46351600985221675
FPR:0.5003318951211417
FPDR:0.5003318951211417
F1:0.4809135920779428
BACC:0.0
CLSFE:0.07353846153846154
MCC:-0.0069595569772311835
GMEAN:0.0
SAMPLES:3250.0
AUC:{'AUC macro OVO': 0.49966810487885827}
AVGP:{'avg_precision': 0.927032049510854}


METRICS_PER_CLASSES
CLASS:0
ACC:0.9264615384615384
PREC:0.0
REC:0.0
TNR:0.9270320197044335
FPR:1.0
FPDR:1.0
F1:0.0
BACC:0
CLSFE:1.0
MCC:-0.0069595569772311835
GMEAN:0
SAMPLES:237
AUC:{}
AVGP:{}
CLASS:1
ACC:0.9264615384615384
PREC:0.9993362097577165
REC:0.9270320197044335
TNR:0.0
FPR:0.0006637902422834385
FPDR:0.0006637902422834385
F1:0.9618271841558856
BACC:0
CLSFE:0.0006637902422834385
MCC:-0.0069595569772311835
GMEAN:0
SAMPLES:3013
AUC:{}
AVGP:{}
