

GENERAL_METRICS
ACC:0.9227692307692308
PREC:0.49933399933399936
REC:0.46195317313616757
TNR:0.46195317313616757
FPR:0.5006660006660006
FPDR:0.5006660006660006
F1:0.47991678668586973
BACC:0.0
CLSFE:0.07723076923076923
MCC:-0.010067613824640756
GMEAN:0.0
SAMPLES:3250.0
AUC:{'AUC macro OVO': 0.49933399933399936}
AVGP:{'avg_precision': 0.9239064710192251}


METRICS_PER_CLASSES
CLASS:0
ACC:0.9227692307692308
PREC:0.0
REC:0.0
TNR:0.9239063462723351
FPR:1.0
FPDR:1.0
F1:0.0
BACC:0
CLSFE:1.0
MCC:-0.010067613824640756
GMEAN:0
SAMPLES:247
AUC:{}
AVGP:{}
CLASS:1
ACC:0.9227692307692308
PREC:0.9986679986679987
REC:0.9239063462723351
TNR:0.0
FPR:0.001332001332001332
FPDR:0.001332001332001332
F1:0.9598335733717395
BACC:0
CLSFE:0.001332001332001332
MCC:-0.010067613824640756
GMEAN:0
SAMPLES:3003
AUC:{}
AVGP:{}
