

GENERAL_METRICS
ACC:0.902
PREC:0.7192470945010563
REC:0.7297935103244838
TNR:0.7297935103244838
FPR:0.2807529054989437
FPDR:0.2807529054989437
F1:0.7243413558624829
BACC:0.0
CLSFE:0.098
MCC:0.44891673826597983
GMEAN:0.6979795958509023
SAMPLES:2500.0
AUC:{'AUC macro OVO': 0.7192470945010563}
AVGP:{'avg_precision': 0.940642667706401}


METRICS_PER_CLASSES
CLASS:0
ACC:0.902
PREC:0.4901185770750988
REC:0.5166666666666667
TNR:0.9429203539823009
FPR:0.5098814229249012
FPDR:0.5098814229249012
F1:0.5030425963488844
BACC:0
CLSFE:0.5098814229249012
MCC:0.44891673826597983
GMEAN:0.6979795958509023
SAMPLES:253
AUC:{}
AVGP:{}
CLASS:1
ACC:0.902
PREC:0.9483756119270138
REC:0.9429203539823009
TNR:0.5166666666666667
FPR:0.0516243880729862
FPDR:0.0516243880729862
F1:0.9456401153760816
BACC:0
CLSFE:0.0516243880729862
MCC:0.44891673826597983
GMEAN:0.6979795958509023
SAMPLES:2247
AUC:{}
AVGP:{}
