

GENERAL_METRICS
ACC:0.9196
PREC:0.7314700857505958
REC:0.7759782608695652
TNR:0.7759782608695652
FPR:0.26852991424940426
FPDR:0.26852991424940426
F1:0.751083714633454
BACC:0.0
CLSFE:0.0804
MCC:0.5054926773308533
GMEAN:0.7569073230271814
SAMPLES:2500.0
AUC:{'AUC macro OVO': 0.7314700857505957}
AVGP:{'avg_precision': 0.9454109456569898}


METRICS_PER_CLASSES
CLASS:0
ACC:0.9196
PREC:0.49794238683127573
REC:0.605
TNR:0.9469565217391305
FPR:0.5020576131687243
FPDR:0.5020576131687243
F1:0.54627539503386
BACC:0
CLSFE:0.5020576131687243
MCC:0.5054926773308533
GMEAN:0.7569073230271814
SAMPLES:243
AUC:{}
AVGP:{}
CLASS:1
ACC:0.9196
PREC:0.9649977846699158
REC:0.9469565217391305
TNR:0.605
FPR:0.035002215330084185
FPDR:0.035002215330084185
F1:0.955892034233048
BACC:0
CLSFE:0.035002215330084185
MCC:0.5054926773308533
GMEAN:0.7569073230271814
SAMPLES:2257
AUC:{}
AVGP:{}
