

GENERAL_METRICS
ACC:0.9124
PREC:0.7195773706972328
REC:0.7467352880016636
TNR:0.7467352880016636
FPR:0.2804226293027671
FPDR:0.2804226293027671
F1:0.732064075591698
BACC:0.0
CLSFE:0.0876
MCC:0.4655211522482294
GMEAN:0.7196987655698874
SAMPLES:2500.0
AUC:{'AUC macro OVO': 0.7195773706972329}
AVGP:{'avg_precision': 0.944109867527797}


METRICS_PER_CLASSES
CLASS:0
ACC:0.9124
PREC:0.4811715481171548
REC:0.5476190476190477
TNR:0.9458515283842794
FPR:0.5188284518828452
FPDR:0.5188284518828452
F1:0.512249443207127
BACC:0
CLSFE:0.5188284518828452
MCC:0.4655211522482294
GMEAN:0.7196987655698874
SAMPLES:239
AUC:{}
AVGP:{}
CLASS:1
ACC:0.9124
PREC:0.957983193277311
REC:0.9458515283842794
TNR:0.5476190476190477
FPR:0.04201680672268908
FPDR:0.04201680672268908
F1:0.951878707976269
BACC:0
CLSFE:0.04201680672268908
MCC:0.4655211522482294
GMEAN:0.7196987655698874
SAMPLES:2261
AUC:{}
AVGP:{}
