

GENERAL_METRICS
ACC:0.9084
PREC:0.7426438053097345
REC:0.7364997816676281
TNR:0.7364997816676281
FPR:0.2573561946902655
FPDR:0.2573561946902655
F1:0.7395159136439517
BACC:0.0
CLSFE:0.0916
MCC:0.4791041931720266
GMEAN:0.704653341809978
SAMPLES:2500.0
AUC:{'AUC macro OVO': 0.7426438053097345}
AVGP:{'avg_precision': 0.9482923488446084}


METRICS_PER_CLASSES
CLASS:0
ACC:0.9084
PREC:0.5375
REC:0.5222672064777328
TNR:0.9507323568575233
FPR:0.4625
FPDR:0.4625
F1:0.5297741273100616
BACC:0
CLSFE:0.4625
MCC:0.4791041931720266
GMEAN:0.704653341809978
SAMPLES:240
AUC:{}
AVGP:{}
CLASS:1
ACC:0.9084
PREC:0.947787610619469
REC:0.9507323568575233
TNR:0.5222672064777328
FPR:0.05221238938053097
FPDR:0.05221238938053097
F1:0.9492576999778418
BACC:0
CLSFE:0.05221238938053097
MCC:0.4791041931720266
GMEAN:0.704653341809978
SAMPLES:2260
AUC:{}
AVGP:{}
