

GENERAL_METRICS
ACC:0.8733333333333333
PREC:0.8580977427131273
REC:0.8543728312556227
TNR:0.8543728312556227
FPR:0.14190225728687267
FPDR:0.14190225728687267
F1:0.856182342623113
BACC:0.0
CLSFE:0.12666666666666668
MCC:0.7124608366822655
GMEAN:0.8525365284387078
SAMPLES:750.0
AUC:{'AUC macro OVO': 0.8580977427131274}
AVGP:{'avg_precision': 0.887246281147599}


METRICS_PER_CLASSES
CLASS:0
ACC:0.8733333333333333
PREC:0.8148148148148148
REC:0.7983870967741935
TNR:0.9103585657370518
FPR:0.18518518518518517
FPDR:0.18518518518518517
F1:0.8065173116089613
BACC:0
CLSFE:0.18518518518518517
MCC:0.7124608366822655
GMEAN:0.8525365284387078
SAMPLES:243
AUC:{}
AVGP:{}
CLASS:1
ACC:0.8733333333333333
PREC:0.9013806706114399
REC:0.9103585657370518
TNR:0.7983870967741935
FPR:0.09861932938856016
FPDR:0.09861932938856016
F1:0.9058473736372646
BACC:0
CLSFE:0.09861932938856016
MCC:0.7124608366822655
GMEAN:0.8525365284387078
SAMPLES:507
AUC:{}
AVGP:{}
