

GENERAL_METRICS
ACC:0.8346666666666667
PREC:0.808199643493761
REC:0.8185361380179974
TNR:0.8185361380179974
FPR:0.19180035650623886
FPDR:0.19180035650623886
F1:0.8128637084376333
BACC:0.0
CLSFE:0.16533333333333333
MCC:0.626650537946075
GMEAN:0.8173268353868062
SAMPLES:750.0
AUC:{'AUC macro OVO': 0.8081996434937612}
AVGP:{'avg_precision': 0.8408667496886675}


METRICS_PER_CLASSES
CLASS:0
ACC:0.8346666666666667
PREC:0.7254901960784313
REC:0.7740585774058577
TNR:0.863013698630137
FPR:0.27450980392156865
FPDR:0.27450980392156865
F1:0.7489878542510121
BACC:0
CLSFE:0.27450980392156865
MCC:0.626650537946075
GMEAN:0.8173268353868062
SAMPLES:255
AUC:{}
AVGP:{}
CLASS:1
ACC:0.8346666666666667
PREC:0.8909090909090909
REC:0.863013698630137
TNR:0.7740585774058577
FPR:0.10909090909090909
FPDR:0.10909090909090909
F1:0.8767395626242545
BACC:0
CLSFE:0.10909090909090909
MCC:0.626650537946075
GMEAN:0.8173268353868062
SAMPLES:495
AUC:{}
AVGP:{}
