

GENERAL_METRICS
ACC:0.8746666666666667
PREC:0.8617825204411873
REC:0.8543301742928087
TNR:0.8543301742928087
FPR:0.13821747955881275
FPDR:0.13821747955881275
F1:0.857844560588463
BACC:0.0
CLSFE:0.12533333333333332
MCC:0.7160739166427375
GMEAN:0.8521136154021955
SAMPLES:750.0
AUC:{'AUC macro OVO': 0.8617825204411872}
AVGP:{'avg_precision': 0.8916026263397785}


METRICS_PER_CLASSES
CLASS:0
ACC:0.8746666666666667
PREC:0.8257261410788381
REC:0.7928286852589641
TNR:0.9158316633266533
FPR:0.17427385892116182
FPDR:0.17427385892116182
F1:0.8089430894308943
BACC:0
CLSFE:0.17427385892116182
MCC:0.7160739166427375
GMEAN:0.8521136154021955
SAMPLES:241
AUC:{}
AVGP:{}
CLASS:1
ACC:0.8746666666666667
PREC:0.8978388998035364
REC:0.9158316633266533
TNR:0.7928286852589641
FPR:0.10216110019646366
FPDR:0.10216110019646366
F1:0.9067460317460317
BACC:0
CLSFE:0.10216110019646366
MCC:0.7160739166427375
GMEAN:0.8521136154021955
SAMPLES:509
AUC:{}
AVGP:{}
