

GENERAL_METRICS
ACC:0.8373333333333334
PREC:0.8280865948194365
REC:0.818336085121996
TNR:0.818336085121996
FPR:0.17191340518056342
FPDR:0.17191340518056342
F1:0.8226207923325657
BACC:0.0
CLSFE:0.16266666666666665
MCC:0.6463491383944933
GMEAN:0.8151661248887535
SAMPLES:750.0
AUC:{'AUC macro OVO': 0.8280865948194366}
AVGP:{'avg_precision': 0.8569606531508354}


METRICS_PER_CLASSES
CLASS:0
ACC:0.8373333333333334
PREC:0.7984496124031008
REC:0.7463768115942029
TNR:0.890295358649789
FPR:0.20155038759689922
FPDR:0.20155038759689922
F1:0.7715355805243446
BACC:0
CLSFE:0.20155038759689922
MCC:0.6463491383944933
GMEAN:0.8151661248887535
SAMPLES:258
AUC:{}
AVGP:{}
CLASS:1
ACC:0.8373333333333334
PREC:0.8577235772357723
REC:0.890295358649789
TNR:0.7463768115942029
FPR:0.14227642276422764
FPDR:0.14227642276422764
F1:0.8737060041407867
BACC:0
CLSFE:0.14227642276422764
MCC:0.6463491383944933
GMEAN:0.8151661248887535
SAMPLES:492
AUC:{}
AVGP:{}
