

GENERAL_METRICS
ACC:0.8768888888888889
PREC:0.6540888680848113
REC:0.6899758706514925
TNR:0.6899758706514925
FPR:0.34591113191518874
FPDR:0.34591113191518874
F1:0.6690844430663302
BACC:0.0
CLSFE:0.12311111111111112
MCC:0.34218805865848084
GMEAN:0.6509318779777469
SAMPLES:2250.0
AUC:{'AUC macro OVO': 0.6540888680848113}
AVGP:{'avg_precision': 0.9168453539476907}


METRICS_PER_CLASSES
CLASS:0
ACC:0.8768888888888889
PREC:0.36398467432950193
REC:0.46116504854368934
TNR:0.9187866927592955
FPR:0.6360153256704981
FPDR:0.6360153256704981
F1:0.4068522483940043
BACC:0
CLSFE:0.6360153256704981
MCC:0.34218805865848084
GMEAN:0.6509318779777469
SAMPLES:261
AUC:{}
AVGP:{}
CLASS:1
ACC:0.8768888888888889
PREC:0.9441930618401206
REC:0.9187866927592955
TNR:0.46116504854368934
FPR:0.05580693815987934
FPDR:0.05580693815987934
F1:0.9313166377386561
BACC:0
CLSFE:0.05580693815987934
MCC:0.34218805865848084
GMEAN:0.6509318779777469
SAMPLES:1989
AUC:{}
AVGP:{}
