

GENERAL_METRICS
ACC:0.8768888888888889
PREC:0.6490858853710451
REC:0.6672619047619048
TNR:0.6672619047619048
FPR:0.35091411462895494
FPDR:0.35091411462895494
F1:0.6573476592158223
BACC:0.0
CLSFE:0.12311111111111112
MCC:0.31582519950299076
GMEAN:0.615475039144175
SAMPLES:2250.0
AUC:{'AUC macro OVO': 0.6490858853710451}
AVGP:{'avg_precision': 0.9230748107630257}


METRICS_PER_CLASSES
CLASS:0
ACC:0.8768888888888889
PREC:0.3598326359832636
REC:0.4095238095238095
TNR:0.925
FPR:0.6401673640167364
FPDR:0.6401673640167364
F1:0.3830734966592428
BACC:0
CLSFE:0.6401673640167364
MCC:0.31582519950299076
GMEAN:0.615475039144175
SAMPLES:239
AUC:{}
AVGP:{}
CLASS:1
ACC:0.8768888888888889
PREC:0.9383391347588265
REC:0.925
TNR:0.4095238095238095
FPR:0.06166086524117355
FPDR:0.06166086524117355
F1:0.9316218217724018
BACC:0
CLSFE:0.06166086524117355
MCC:0.31582519950299076
GMEAN:0.615475039144175
SAMPLES:2011
AUC:{}
AVGP:{}
