

GENERAL_METRICS
ACC:0.8644444444444445
PREC:0.6362523956951202
REC:0.6527354216612608
TNR:0.6527354216612608
FPR:0.36374760430487985
FPDR:0.36374760430487985
F1:0.6437025034020245
BACC:0.0
CLSFE:0.13555555555555557
MCC:0.2885173624505196
GMEAN:0.596813655402704
SAMPLES:2250.0
AUC:{'AUC macro OVO': 0.6362523956951202}
AVGP:{'avg_precision': 0.9149895898020801}


METRICS_PER_CLASSES
CLASS:0
ACC:0.8644444444444445
PREC:0.3411764705882353
REC:0.38839285714285715
TNR:0.9170779861796644
FPR:0.6588235294117647
FPDR:0.6588235294117647
F1:0.36325678496868474
BACC:0
CLSFE:0.6588235294117647
MCC:0.2885173624505196
GMEAN:0.596813655402704
SAMPLES:255
AUC:{}
AVGP:{}
CLASS:1
ACC:0.8644444444444445
PREC:0.931328320802005
REC:0.9170779861796644
TNR:0.38839285714285715
FPR:0.06867167919799498
FPDR:0.06867167919799498
F1:0.9241482218353644
BACC:0
CLSFE:0.06867167919799498
MCC:0.2885173624505196
GMEAN:0.596813655402704
SAMPLES:1995
AUC:{}
AVGP:{}
