

GENERAL_METRICS
ACC:0.8782222222222222
PREC:0.6475349228399061
REC:0.6813688138400438
TNR:0.6813688138400438
FPR:0.352465077160094
FPDR:0.352465077160094
F1:0.6617283950617284
BACC:0.0
CLSFE:0.12177777777777778
MCC:0.32715888467505283
GMEAN:0.6380180459772227
SAMPLES:2250.0
AUC:{'AUC macro OVO': 0.6475349228399061}
AVGP:{'avg_precision': 0.9187451235775534}


METRICS_PER_CLASSES
CLASS:0
ACC:0.8782222222222222
PREC:0.350597609561753
REC:0.44221105527638194
TNR:0.9205265724037055
FPR:0.649402390438247
FPDR:0.649402390438247
F1:0.39111111111111113
BACC:0
CLSFE:0.649402390438247
MCC:0.32715888467505283
GMEAN:0.6380180459772227
SAMPLES:251
AUC:{}
AVGP:{}
CLASS:1
ACC:0.8782222222222222
PREC:0.9444722361180591
REC:0.9205265724037055
TNR:0.44221105527638194
FPR:0.05552776388194097
FPDR:0.05552776388194097
F1:0.9323456790123457
BACC:0
CLSFE:0.05552776388194097
MCC:0.32715888467505283
GMEAN:0.6380180459772227
SAMPLES:1999
AUC:{}
AVGP:{}
