

GENERAL_METRICS
ACC:0.836
PREC:0.8348242146869149
REC:0.8493130102338937
TNR:0.8493130102338937
FPR:0.16517578531308508
FPDR:0.16517578531308508
F1:0.8340645286623173
BACC:0.0
CLSFE:0.164
MCC:0.6839837844027759
GMEAN:0.8468020670717616
SAMPLES:500.0
AUC:{'AUC macro OVO': 0.8348242146869148}
AVGP:{'avg_precision': 0.8038957947632901}


METRICS_PER_CLASSES
CLASS:0
ACC:0.836
PREC:0.932806324110672
REC:0.7840531561461794
TNR:0.914572864321608
FPR:0.06719367588932806
FPDR:0.06719367588932806
F1:0.851985559566787
BACC:0
CLSFE:0.06719367588932806
MCC:0.6839837844027759
GMEAN:0.8468020670717616
SAMPLES:253
AUC:{}
AVGP:{}
CLASS:1
ACC:0.836
PREC:0.7368421052631579
REC:0.914572864321608
TNR:0.7840531561461794
FPR:0.2631578947368421
FPDR:0.2631578947368421
F1:0.8161434977578476
BACC:0
CLSFE:0.2631578947368421
MCC:0.6839837844027759
GMEAN:0.8468020670717616
SAMPLES:247
AUC:{}
AVGP:{}
