

GENERAL_METRICS
ACC:0.824
PREC:0.8207444423089243
REC:0.8373424971363116
TNR:0.8373424971363116
FPR:0.17925555769107565
FPDR:0.17925555769107565
F1:0.8210683844101763
BACC:0.0
CLSFE:0.176
MCC:0.6578775907753239
GMEAN:0.8352212292070964
SAMPLES:500.0
AUC:{'AUC macro OVO': 0.8207444423089243}
AVGP:{'avg_precision': 0.7808837011161286}


METRICS_PER_CLASSES
CLASS:0
ACC:0.824
PREC:0.9224806201550387
REC:0.7777777777777778
TNR:0.8969072164948454
FPR:0.07751937984496124
FPDR:0.07751937984496124
F1:0.8439716312056738
BACC:0
CLSFE:0.07751937984496124
MCC:0.6578775907753239
GMEAN:0.8352212292070964
SAMPLES:258
AUC:{}
AVGP:{}
CLASS:1
ACC:0.824
PREC:0.71900826446281
REC:0.8969072164948454
TNR:0.7777777777777778
FPR:0.2809917355371901
FPDR:0.2809917355371901
F1:0.7981651376146789
BACC:0
CLSFE:0.2809917355371901
MCC:0.6578775907753239
GMEAN:0.8352212292070964
SAMPLES:242
AUC:{}
AVGP:{}
