

GENERAL_METRICS
ACC:0.838
PREC:0.8348228586072137
REC:0.8514922236233711
TNR:0.8514922236233711
FPR:0.16517714139278622
FPDR:0.16517714139278622
F1:0.8353865976238767
BACC:0.0
CLSFE:0.162
MCC:0.6861126178457387
GMEAN:0.849280782683339
SAMPLES:500.0
AUC:{'AUC macro OVO': 0.8348228586072137}
AVGP:{'avg_precision': 0.7994134350497987}


METRICS_PER_CLASSES
CLASS:0
ACC:0.838
PREC:0.9341085271317829
REC:0.7901639344262295
TNR:0.9128205128205128
FPR:0.06589147286821706
FPDR:0.06589147286821706
F1:0.8561278863232682
BACC:0
CLSFE:0.06589147286821706
MCC:0.6861126178457387
GMEAN:0.849280782683339
SAMPLES:258
AUC:{}
AVGP:{}
CLASS:1
ACC:0.838
PREC:0.7355371900826446
REC:0.9128205128205128
TNR:0.7901639344262295
FPR:0.2644628099173554
FPDR:0.2644628099173554
F1:0.8146453089244852
BACC:0
CLSFE:0.2644628099173554
MCC:0.6861126178457387
GMEAN:0.849280782683339
SAMPLES:242
AUC:{}
AVGP:{}
