

GENERAL_METRICS
ACC:0.818
PREC:0.819197964506889
REC:0.8313675327264269
TNR:0.8313675327264269
FPR:0.180802035493111
FPDR:0.180802035493111
F1:0.8165137614678899
BACC:0.0
CLSFE:0.182
MCC:0.6504516644607666
GMEAN:0.8284471454086434
SAMPLES:500.0
AUC:{'AUC macro OVO': 0.819197964506889}
AVGP:{'avg_precision': 0.7901430751770829}


METRICS_PER_CLASSES
CLASS:0
ACC:0.818
PREC:0.9190283400809717
REC:0.761744966442953
TNR:0.900990099009901
FPR:0.08097165991902834
FPDR:0.08097165991902834
F1:0.8330275229357799
BACC:0
CLSFE:0.08097165991902834
MCC:0.6504516644607666
GMEAN:0.8284471454086434
SAMPLES:247
AUC:{}
AVGP:{}
CLASS:1
ACC:0.818
PREC:0.7193675889328063
REC:0.900990099009901
TNR:0.761744966442953
FPR:0.28063241106719367
FPDR:0.28063241106719367
F1:0.8
BACC:0
CLSFE:0.28063241106719367
MCC:0.6504516644607666
GMEAN:0.8284471454086434
SAMPLES:253
AUC:{}
AVGP:{}
