

GENERAL_METRICS
ACC:0.9
PREC:0.5721872657343764
REC:0.6279080439842848
TNR:0.6279080439842848
FPR:0.4278127342656236
FPDR:0.4278127342656236
F1:0.5886466474701769
BACC:0.0
CLSFE:0.1
MCC:0.19218045645338522
GMEAN:0.5519091090724928
SAMPLES:3000.0
AUC:{'AUC macro OVO': 0.5721872657343764}
AVGP:{'avg_precision': 0.9269576828973727}


METRICS_PER_CLASSES
CLASS:0
ACC:0.9
PREC:0.17786561264822134
REC:0.3284671532846715
TNR:0.927348934683898
FPR:0.8221343873517787
FPDR:0.8221343873517787
F1:0.23076923076923078
BACC:0
CLSFE:0.8221343873517787
MCC:0.19218045645338522
GMEAN:0.5519091090724928
SAMPLES:253
AUC:{}
AVGP:{}
CLASS:1
ACC:0.9
PREC:0.9665089188205315
REC:0.927348934683898
TNR:0.3284671532846715
FPR:0.03349108117946851
FPDR:0.03349108117946851
F1:0.946524064171123
BACC:0
CLSFE:0.03349108117946851
MCC:0.19218045645338522
GMEAN:0.5519091090724928
SAMPLES:2747
AUC:{}
AVGP:{}
