

GENERAL_METRICS
ACC:0.8986666666666666
PREC:0.5734386913426215
REC:0.6236577964519141
TNR:0.6236577964519141
FPR:0.4265613086573785
FPDR:0.4265613086573785
F1:0.5890381329353492
BACC:0.0
CLSFE:0.10133333333333333
MCC:0.190591361249568
GMEAN:0.5444293191366869
SAMPLES:3000.0
AUC:{'AUC macro OVO': 0.5734386913426215}
AVGP:{'avg_precision': 0.9274477960034087}


METRICS_PER_CLASSES
CLASS:0
ACC:0.8986666666666666
PREC:0.18253968253968253
REC:0.3194444444444444
TNR:0.9278711484593838
FPR:0.8174603174603174
FPDR:0.8174603174603174
F1:0.23232323232323232
BACC:0
CLSFE:0.8174603174603174
MCC:0.190591361249568
GMEAN:0.5444293191366869
SAMPLES:252
AUC:{}
AVGP:{}
CLASS:1
ACC:0.8986666666666666
PREC:0.9643377001455604
REC:0.9278711484593838
TNR:0.3194444444444444
FPR:0.03566229985443959
FPDR:0.03566229985443959
F1:0.9457530335474661
BACC:0
CLSFE:0.03566229985443959
MCC:0.190591361249568
GMEAN:0.5444293191366869
SAMPLES:2748
AUC:{}
AVGP:{}
