

GENERAL_METRICS
ACC:0.9033333333333333
PREC:0.5862754135937811
REC:0.6248782862706913
TNR:0.6248782862706913
FPR:0.4137245864062189
FPDR:0.4137245864062189
F1:0.6004511687032941
BACC:0.0
CLSFE:0.09666666666666666
MCC:0.20759504615367388
GMEAN:0.5421174440686032
SAMPLES:3000.0
AUC:{'AUC macro OVO': 0.5862754135937811}
AVGP:{'avg_precision': 0.9351519688544182}


METRICS_PER_CLASSES
CLASS:0
ACC:0.9033333333333333
PREC:0.21120689655172414
REC:0.3141025641025641
TNR:0.9356540084388185
FPR:0.7887931034482759
FPDR:0.7887931034482759
F1:0.25257731958762886
BACC:0
CLSFE:0.7887931034482759
MCC:0.20759504615367388
GMEAN:0.5421174440686032
SAMPLES:232
AUC:{}
AVGP:{}
CLASS:1
ACC:0.9033333333333333
PREC:0.9613439306358381
REC:0.9356540084388185
TNR:0.3141025641025641
FPR:0.03865606936416185
FPDR:0.03865606936416185
F1:0.9483250178189594
BACC:0
CLSFE:0.03865606936416185
MCC:0.20759504615367388
GMEAN:0.5421174440686032
SAMPLES:2768
AUC:{}
AVGP:{}
