

GENERAL_METRICS
ACC:0.898
PREC:0.5789090909090909
REC:0.6237781894844439
TNR:0.6237781894844439
FPR:0.4210909090909091
FPDR:0.4210909090909091
F1:0.593946170885852
BACC:0.0
CLSFE:0.102
MCC:0.19765853795463187
GMEAN:0.5437923202134787
SAMPLES:3000.0
AUC:{'AUC macro OVO': 0.5789090909090908}
AVGP:{'avg_precision': 0.9288893502842905}


METRICS_PER_CLASSES
CLASS:0
ACC:0.898
PREC:0.196
REC:0.3181818181818182
TNR:0.9293745607870696
FPR:0.804
FPDR:0.804
F1:0.24257425742574257
BACC:0
CLSFE:0.804
MCC:0.19765853795463187
GMEAN:0.5437923202134787
SAMPLES:250
AUC:{}
AVGP:{}
CLASS:1
ACC:0.898
PREC:0.9618181818181818
REC:0.9293745607870696
TNR:0.3181818181818182
FPR:0.038181818181818185
FPDR:0.038181818181818185
F1:0.9453180843459614
BACC:0
CLSFE:0.038181818181818185
MCC:0.19765853795463187
GMEAN:0.5437923202134787
SAMPLES:2750
AUC:{}
AVGP:{}
