

GENERAL_METRICS
ACC:0.8382857142857143
PREC:0.6430588131493232
REC:0.6850791416178373
TNR:0.6850791416178373
FPR:0.35694118685067683
FPDR:0.35694118685067683
F1:0.6589513813760253
BACC:0.0
CLSFE:0.16171428571428573
MCC:0.32543633686817036
GMEAN:0.6553009800670438
SAMPLES:1750.0
AUC:{'AUC macro OVO': 0.6430588131493231}
AVGP:{'avg_precision': 0.8817883085710974}


METRICS_PER_CLASSES
CLASS:0
ACC:0.8382857142857143
PREC:0.3574007220216607
REC:0.4852941176470588
TNR:0.8848641655886158
FPR:0.6425992779783394
FPDR:0.6425992779783394
F1:0.41164241164241167
BACC:0
CLSFE:0.6425992779783394
MCC:0.32543633686817036
GMEAN:0.6553009800670438
SAMPLES:277
AUC:{}
AVGP:{}
CLASS:1
ACC:0.8382857142857143
PREC:0.9287169042769857
REC:0.8848641655886158
TNR:0.4852941176470588
FPR:0.07128309572301425
FPDR:0.07128309572301425
F1:0.906260351109639
BACC:0
CLSFE:0.07128309572301425
MCC:0.32543633686817036
GMEAN:0.6553009800670438
SAMPLES:1473
AUC:{}
AVGP:{}
