

GENERAL_METRICS
ACC:0.8331428571428572
PREC:0.6479177062953311
REC:0.6573555227863211
TNR:0.6573555227863211
FPR:0.3520822937046689
FPDR:0.3520822937046689
F1:0.6523468965667385
BACC:0.0
CLSFE:0.16685714285714287
MCC:0.30512730460222887
GMEAN:0.6118461681220901
SAMPLES:1750.0
AUC:{'AUC macro OVO': 0.6479177062953311}
AVGP:{'avg_precision': 0.8938221777517001}


METRICS_PER_CLASSES
CLASS:0
ACC:0.8331428571428572
PREC:0.38735177865612647
REC:0.41702127659574467
TNR:0.8976897689768977
FPR:0.6126482213438735
FPDR:0.6126482213438735
F1:0.4016393442622951
BACC:0
CLSFE:0.6126482213438735
MCC:0.30512730460222887
GMEAN:0.6118461681220901
SAMPLES:253
AUC:{}
AVGP:{}
CLASS:1
ACC:0.8331428571428572
PREC:0.9084836339345357
REC:0.8976897689768977
TNR:0.41702127659574467
FPR:0.09151636606546426
FPDR:0.09151636606546426
F1:0.9030544488711819
BACC:0
CLSFE:0.09151636606546426
MCC:0.30512730460222887
GMEAN:0.6118461681220901
SAMPLES:1497
AUC:{}
AVGP:{}
