

GENERAL_METRICS
ACC:0.8097142857142857
PREC:0.5866387710650006
REC:0.6207184002715465
TNR:0.6207184002715465
FPR:0.41336122893499944
FPDR:0.41336122893499944
F1:0.5972866344772396
BACC:0.0
CLSFE:0.19028571428571428
MCC:0.20453746692926086
GMEAN:0.5713971943938986
SAMPLES:1750.0
AUC:{'AUC macro OVO': 0.5866387710650005}
AVGP:{'avg_precision': 0.8610159151313325}


METRICS_PER_CLASSES
CLASS:0
ACC:0.8097142857142857
PREC:0.25524475524475526
REC:0.37823834196891193
TNR:0.8631984585741811
FPR:0.7447552447552448
FPDR:0.7447552447552448
F1:0.3048016701461378
BACC:0
CLSFE:0.7447552447552448
MCC:0.20453746692926086
GMEAN:0.5713971943938986
SAMPLES:286
AUC:{}
AVGP:{}
CLASS:1
ACC:0.8097142857142857
PREC:0.9180327868852459
REC:0.8631984585741811
TNR:0.37823834196891193
FPR:0.08196721311475409
FPDR:0.08196721311475409
F1:0.8897715988083416
BACC:0
CLSFE:0.08196721311475409
MCC:0.20453746692926086
GMEAN:0.5713971943938986
SAMPLES:1464
AUC:{}
AVGP:{}
