

GENERAL_METRICS
ACC:0.8131428571428572
PREC:0.6043189368770764
REC:0.6076534267738396
TNR:0.6076534267738396
FPR:0.3956810631229236
FPDR:0.3956810631229236
F1:0.6059261544521565
BACC:0.0
CLSFE:0.18685714285714286
MCC:0.21194613497038484
GMEAN:0.5385784268749362
SAMPLES:1750.0
AUC:{'AUC macro OVO': 0.6043189368770764}
AVGP:{'avg_precision': 0.8859681115787533}


METRICS_PER_CLASSES
CLASS:0
ACC:0.8131428571428572
PREC:0.3142857142857143
REC:0.326271186440678
TNR:0.8890356671070013
FPR:0.6857142857142857
FPDR:0.6857142857142857
F1:0.3201663201663202
BACC:0
CLSFE:0.6857142857142857
MCC:0.21194613497038484
GMEAN:0.5385784268749362
SAMPLES:245
AUC:{}
AVGP:{}
CLASS:1
ACC:0.8131428571428572
PREC:0.8943521594684385
REC:0.8890356671070013
TNR:0.326271186440678
FPR:0.10564784053156147
FPDR:0.10564784053156147
F1:0.8916859887379928
BACC:0
CLSFE:0.10564784053156147
MCC:0.21194613497038484
GMEAN:0.5385784268749362
SAMPLES:1505
AUC:{}
AVGP:{}
