

GENERAL_METRICS
ACC:0.8411428571428572
PREC:0.5335636135616675
REC:0.588735494197679
TNR:0.588735494197679
FPR:0.46643638643833246
FPDR:0.46643638643833246
F1:0.5349392983462384
BACC:0.0
CLSFE:0.15885714285714286
MCC:0.10914731030042824
GMEAN:0.5183148823541198
SAMPLES:1750.0
AUC:{'AUC macro OVO': 0.5335636135616675}
AVGP:{'avg_precision': 0.8676186687440933}


METRICS_PER_CLASSES
CLASS:0
ACC:0.8411428571428572
PREC:0.10569105691056911
REC:0.30952380952380953
TNR:0.8679471788715486
FPR:0.8943089430894309
FPDR:0.8943089430894309
F1:0.15757575757575756
BACC:0
CLSFE:0.8943089430894309
MCC:0.10914731030042824
GMEAN:0.5183148823541198
SAMPLES:246
AUC:{}
AVGP:{}
CLASS:1
ACC:0.8411428571428572
PREC:0.961436170212766
REC:0.8679471788715486
TNR:0.30952380952380953
FPR:0.03856382978723404
FPDR:0.03856382978723404
F1:0.9123028391167193
BACC:0
CLSFE:0.03856382978723404
MCC:0.10914731030042824
GMEAN:0.5183148823541198
SAMPLES:1504
AUC:{}
AVGP:{}
