

GENERAL_METRICS
ACC:0.8405714285714285
PREC:0.5307307632392585
REC:0.5938447397277946
TNR:0.5938447397277946
FPR:0.4692692367607415
FPDR:0.4692692367607415
F1:0.5294297932382459
BACC:0.0
CLSFE:0.15942857142857142
MCC:0.10740429186628794
GMEAN:0.5291600141574502
SAMPLES:1750.0
AUC:{'AUC macro OVO': 0.5307307632392585}
AVGP:{'avg_precision': 0.8631000721752631}


METRICS_PER_CLASSES
CLASS:0
ACC:0.8405714285714285
PREC:0.09486166007905138
REC:0.32432432432432434
TNR:0.8633651551312649
FPR:0.9051383399209486
FPDR:0.9051383399209486
F1:0.14678899082568808
BACC:0
CLSFE:0.9051383399209486
MCC:0.10740429186628794
GMEAN:0.5291600141574502
SAMPLES:253
AUC:{}
AVGP:{}
CLASS:1
ACC:0.8405714285714285
PREC:0.9665998663994656
REC:0.8633651551312649
TNR:0.32432432432432434
FPR:0.033400133600534405
FPDR:0.033400133600534405
F1:0.9120705956508036
BACC:0
CLSFE:0.033400133600534405
MCC:0.10740429186628794
GMEAN:0.5291600141574502
SAMPLES:1497
AUC:{}
AVGP:{}
