

GENERAL_METRICS
ACC:0.8377142857142857
PREC:0.5355288532858626
REC:0.5917022207635926
TNR:0.5917022207635926
FPR:0.46447114671413736
FPDR:0.46447114671413736
F1:0.5374162323157111
BACC:0.0
CLSFE:0.16228571428571428
MCC:0.11415909508221353
GMEAN:0.5246885813776314
SAMPLES:1750.0
AUC:{'AUC macro OVO': 0.5355288532858626}
AVGP:{'avg_precision': 0.8648532258816007}


METRICS_PER_CLASSES
CLASS:0
ACC:0.8377142857142857
PREC:0.1111111111111111
REC:0.3181818181818182
TNR:0.865222623345367
FPR:0.8888888888888888
FPDR:0.8888888888888888
F1:0.16470588235294117
BACC:0
CLSFE:0.8888888888888888
MCC:0.11415909508221353
GMEAN:0.5246885813776314
SAMPLES:252
AUC:{}
AVGP:{}
CLASS:1
ACC:0.8377142857142857
PREC:0.9599465954606141
REC:0.865222623345367
TNR:0.3181818181818182
FPR:0.04005340453938585
FPDR:0.04005340453938585
F1:0.910126582278481
BACC:0
CLSFE:0.04005340453938585
MCC:0.11415909508221353
GMEAN:0.5246885813776314
SAMPLES:1498
AUC:{}
AVGP:{}
