

GENERAL_METRICS
ACC:0.8325714285714285
PREC:0.5193220590416852
REC:0.5539540938981722
TNR:0.5539540938981722
FPR:0.4806779409583148
FPDR:0.4806779409583148
F1:0.5138017714588602
BACC:0.0
CLSFE:0.16742857142857143
MCC:0.06457566686736145
GMEAN:0.4610761988254395
SAMPLES:1750.0
AUC:{'AUC macro OVO': 0.5193220590416852}
AVGP:{'avg_precision': 0.8607912223287931}


METRICS_PER_CLASSES
CLASS:0
ACC:0.8325714285714285
PREC:0.07936507936507936
REC:0.24691358024691357
TNR:0.8609946075494308
FPR:0.9206349206349206
FPDR:0.9206349206349206
F1:0.12012012012012012
BACC:0
CLSFE:0.9206349206349206
MCC:0.06457566686736145
GMEAN:0.4610761988254395
SAMPLES:252
AUC:{}
AVGP:{}
CLASS:1
ACC:0.8325714285714285
PREC:0.959279038718291
REC:0.8609946075494308
TNR:0.24691358024691357
FPR:0.04072096128170895
FPDR:0.04072096128170895
F1:0.9074834227976003
BACC:0
CLSFE:0.04072096128170895
MCC:0.06457566686736145
GMEAN:0.4610761988254395
SAMPLES:1498
AUC:{}
AVGP:{}
