

GENERAL_METRICS
ACC:0.8781818181818182
PREC:0.6119628106191598
REC:0.6194271911663216
TNR:0.6194271911663216
FPR:0.38803718938084014
FPDR:0.38803718938084014
F1:0.6155003545535401
BACC:0.0
CLSFE:0.12181818181818181
MCC:0.23126957419715258
GMEAN:0.5358506842690489
SAMPLES:2750.0
AUC:{'AUC macro OVO': 0.6119628106191599}
AVGP:{'avg_precision': 0.928889721367548}


METRICS_PER_CLASSES
CLASS:0
ACC:0.8781818181818182
PREC:0.2874493927125506
REC:0.30869565217391304
TNR:0.9301587301587302
FPR:0.7125506072874493
FPDR:0.7125506072874493
F1:0.2976939203354298
BACC:0
CLSFE:0.7125506072874493
MCC:0.23126957419715258
GMEAN:0.5358506842690489
SAMPLES:247
AUC:{}
AVGP:{}
CLASS:1
ACC:0.8781818181818182
PREC:0.9364762285257691
REC:0.9301587301587302
TNR:0.30869565217391304
FPR:0.06352377147423093
FPDR:0.06352377147423093
F1:0.9333067887716504
BACC:0
CLSFE:0.06352377147423093
MCC:0.23126957419715258
GMEAN:0.5358506842690489
SAMPLES:2503
AUC:{}
AVGP:{}
