

GENERAL_METRICS
ACC:0.8778181818181818
PREC:0.6083219578865007
REC:0.6100064624928171
TNR:0.6100064624928171
FPR:0.39167804211349927
FPDR:0.39167804211349927
F1:0.6091535891036758
BACC:0.0
CLSFE:0.12218181818181818
MCC:0.21832192191706135
GMEAN:0.5178147031061854
SAMPLES:2750.0
AUC:{'AUC macro OVO': 0.6083219578865007}
AVGP:{'avg_precision': 0.931227911303595}


METRICS_PER_CLASSES
CLASS:0
ACC:0.8778181818181818
PREC:0.28270042194092826
REC:0.2875536480686695
TNR:0.9324592769169646
FPR:0.7172995780590717
FPDR:0.7172995780590717
F1:0.2851063829787234
BACC:0
CLSFE:0.7172995780590717
MCC:0.21832192191706135
GMEAN:0.5178147031061854
SAMPLES:237
AUC:{}
AVGP:{}
CLASS:1
ACC:0.8778181818181818
PREC:0.9339434938320732
REC:0.9324592769169646
TNR:0.2875536480686695
FPR:0.06605650616792678
FPDR:0.06605650616792678
F1:0.9332007952286282
BACC:0
CLSFE:0.06605650616792678
MCC:0.21832192191706135
GMEAN:0.5178147031061854
SAMPLES:2513
AUC:{}
AVGP:{}
