

GENERAL_METRICS
ACC:0.8727272727272727
PREC:0.5880111598779639
REC:0.5915070189351253
TNR:0.5915070189351253
FPR:0.41198884012203607
FPDR:0.41198884012203607
F1:0.5896999118440953
BACC:0.0
CLSFE:0.12727272727272726
MCC:0.179484137164878
GMEAN:0.48603492506613655
SAMPLES:2750.0
AUC:{'AUC macro OVO': 0.5880111598779639}
AVGP:{'avg_precision': 0.9276012020680089}


METRICS_PER_CLASSES
CLASS:0
ACC:0.8727272727272727
PREC:0.24369747899159663
REC:0.2543859649122807
TNR:0.9286280729579699
FPR:0.7563025210084033
FPDR:0.7563025210084033
F1:0.24892703862660945
BACC:0
CLSFE:0.7563025210084033
MCC:0.179484137164878
GMEAN:0.48603492506613655
SAMPLES:238
AUC:{}
AVGP:{}
CLASS:1
ACC:0.8727272727272727
PREC:0.9323248407643312
REC:0.9286280729579699
TNR:0.2543859649122807
FPR:0.06767515923566879
FPDR:0.06767515923566879
F1:0.9304727850615813
BACC:0
CLSFE:0.06767515923566879
MCC:0.179484137164878
GMEAN:0.48603492506613655
SAMPLES:2512
AUC:{}
AVGP:{}
