

GENERAL_METRICS
ACC:0.8785454545454545
PREC:0.6022226978109331
REC:0.6055057290717081
TNR:0.6055057290717081
FPR:0.3977773021890669
FPDR:0.3977773021890669
F1:0.6038216011042098
BACC:0.0
CLSFE:0.12145454545454545
MCC:0.20770248202868827
GMEAN:0.5097794723644341
SAMPLES:2750.0
AUC:{'AUC macro OVO': 0.6022226978109331}
AVGP:{'avg_precision': 0.9311269332546018}


METRICS_PER_CLASSES
CLASS:0
ACC:0.8785454545454545
PREC:0.2692307692307692
REC:0.27876106194690264
TNR:0.9322503961965135
FPR:0.7307692307692307
FPDR:0.7307692307692307
F1:0.27391304347826084
BACC:0
CLSFE:0.7307692307692307
MCC:0.20770248202868827
GMEAN:0.5097794723644341
SAMPLES:234
AUC:{}
AVGP:{}
CLASS:1
ACC:0.8785454545454545
PREC:0.935214626391097
REC:0.9322503961965135
TNR:0.27876106194690264
FPR:0.06478537360890302
FPDR:0.06478537360890302
F1:0.9337301587301587
BACC:0
CLSFE:0.06478537360890302
MCC:0.20770248202868827
GMEAN:0.5097794723644341
SAMPLES:2516
AUC:{}
AVGP:{}
