

GENERAL_METRICS
ACC:0.845
PREC:0.6138493578618536
REC:0.6372767857142857
TNR:0.6372767857142857
FPR:0.3861506421381465
FPDR:0.3861506421381465
F1:0.6235223251261199
BACC:0.0
CLSFE:0.155
MCC:0.2500309893026118
GMEAN:0.5808033998572273
SAMPLES:2000.0
AUC:{'AUC macro OVO': 0.6138493578618536}
AVGP:{'avg_precision': 0.8974227078891257}


METRICS_PER_CLASSES
CLASS:0
ACC:0.845
PREC:0.3023255813953488
REC:0.375
TNR:0.8995535714285714
FPR:0.6976744186046512
FPDR:0.6976744186046512
F1:0.33476394849785407
BACC:0
CLSFE:0.6976744186046512
MCC:0.2500309893026118
GMEAN:0.5808033998572273
SAMPLES:258
AUC:{}
AVGP:{}
CLASS:1
ACC:0.845
PREC:0.9253731343283582
REC:0.8995535714285714
TNR:0.375
FPR:0.07462686567164178
FPDR:0.07462686567164178
F1:0.9122807017543859
BACC:0
CLSFE:0.07462686567164178
MCC:0.2500309893026118
GMEAN:0.5808033998572273
SAMPLES:1742
AUC:{}
AVGP:{}
