

GENERAL_METRICS
ACC:0.851
PREC:0.6232258901836453
REC:0.6414471934025007
TNR:0.6414471934025007
FPR:0.37677410981635473
FPDR:0.37677410981635473
F1:0.6312027246445685
BACC:0.0
CLSFE:0.149
MCC:0.26404511978827694
GMEAN:0.5840319990358792
SAMPLES:2000.0
AUC:{'AUC macro OVO': 0.6232258901836453}
AVGP:{'avg_precision': 0.9044854315435429}


METRICS_PER_CLASSES
CLASS:0
ACC:0.851
PREC:0.32113821138211385
REC:0.3761904761904762
TNR:0.9067039106145252
FPR:0.6788617886178862
FPDR:0.6788617886178862
F1:0.34649122807017546
BACC:0
CLSFE:0.6788617886178862
MCC:0.26404511978827694
GMEAN:0.5840319990358792
SAMPLES:246
AUC:{}
AVGP:{}
CLASS:1
ACC:0.851
PREC:0.9253135689851767
REC:0.9067039106145252
TNR:0.3761904761904762
FPR:0.07468643101482327
FPDR:0.07468643101482327
F1:0.9159142212189616
BACC:0
CLSFE:0.07468643101482327
MCC:0.26404511978827694
GMEAN:0.5840319990358792
SAMPLES:1754
AUC:{}
AVGP:{}
