

GENERAL_METRICS
ACC:0.85
PREC:0.620908307144645
REC:0.6387869114126097
TNR:0.6387869114126097
FPR:0.37909169285535504
FPDR:0.37909169285535504
F1:0.6287275751455388
BACC:0.0
CLSFE:0.15
MCC:0.25907906525022395
GMEAN:0.580145013107103
SAMPLES:2000.0
AUC:{'AUC macro OVO': 0.620908307144645}
AVGP:{'avg_precision': 0.9039518801398878}


METRICS_PER_CLASSES
CLASS:0
ACC:0.85
PREC:0.3170731707317073
REC:0.37142857142857144
TNR:0.906145251396648
FPR:0.6829268292682927
FPDR:0.6829268292682927
F1:0.34210526315789475
BACC:0
CLSFE:0.6829268292682927
MCC:0.25907906525022395
GMEAN:0.580145013107103
SAMPLES:246
AUC:{}
AVGP:{}
CLASS:1
ACC:0.85
PREC:0.9247434435575826
REC:0.906145251396648
TNR:0.37142857142857144
FPR:0.07525655644241733
FPDR:0.07525655644241733
F1:0.9153498871331829
BACC:0
CLSFE:0.07525655644241733
MCC:0.25907906525022395
GMEAN:0.580145013107103
SAMPLES:1754
AUC:{}
AVGP:{}
