

GENERAL_METRICS
ACC:0.8
PREC:0.4887979738944087
REC:0.4446735395189003
TNR:0.4446735395189003
FPR:0.5112020261055913
FPDR:0.5112020261055913
F1:0.45412463426350497
BACC:0.0
CLSFE:0.2
MCC:-0.049790298438119135
GMEAN:0.23419086409324824
SAMPLES:1500.0
AUC:{'AUC macro OVO': 0.4887979738944087}
AVGP:{'avg_precision': 0.8227929407653328}


METRICS_PER_CLASSES
CLASS:0
ACC:0.8
PREC:0.011494252873563218
REC:0.06666666666666667
TNR:0.822680412371134
FPR:0.9885057471264368
FPDR:0.9885057471264368
F1:0.0196078431372549
BACC:0
CLSFE:0.9885057471264368
MCC:-0.049790298438119135
GMEAN:0.23419086409324824
SAMPLES:261
AUC:{}
AVGP:{}
CLASS:1
ACC:0.8
PREC:0.9661016949152542
REC:0.822680412371134
TNR:0.06666666666666667
FPR:0.03389830508474576
FPDR:0.03389830508474576
F1:0.888641425389755
BACC:0
CLSFE:0.03389830508474576
MCC:-0.049790298438119135
GMEAN:0.23419086409324824
SAMPLES:1239
AUC:{}
AVGP:{}
