

GENERAL_METRICS
ACC:0.8246666666666667
PREC:0.5033340340826972
REC:0.5197952218430034
TNR:0.5197952218430034
FPR:0.49666596591730283
FPDR:0.49666596591730283
F1:0.4769784334808046
BACC:0.0
CLSFE:0.17533333333333334
MCC:0.016247823768015843
GMEAN:0.4097780969466296
SAMPLES:1500.0
AUC:{'AUC macro OVO': 0.5033340340826972}
AVGP:{'avg_precision': 0.8395698826712679}


METRICS_PER_CLASSES
CLASS:0
ACC:0.8246666666666667
PREC:0.028925619834710745
REC:0.2
TNR:0.8395904436860068
FPR:0.9710743801652892
FPDR:0.9710743801652892
F1:0.05054151624548736
BACC:0
CLSFE:0.9710743801652892
MCC:0.016247823768015843
GMEAN:0.4097780969466296
SAMPLES:242
AUC:{}
AVGP:{}
CLASS:1
ACC:0.8246666666666667
PREC:0.9777424483306836
REC:0.8395904436860068
TNR:0.2
FPR:0.022257551669316374
FPDR:0.022257551669316374
F1:0.9034153507161219
BACC:0
CLSFE:0.022257551669316374
MCC:0.016247823768015843
GMEAN:0.4097780969466296
SAMPLES:1258
AUC:{}
AVGP:{}
