

GENERAL_METRICS
ACC:0.8346666666666667
PREC:0.5063395334184702
REC:0.5438711643498441
TNR:0.5438711643498441
FPR:0.4936604665815298
FPDR:0.4936604665815298
F1:0.48142902547689015
BACC:0.0
CLSFE:0.16533333333333333
MCC:0.03335402299591666
GMEAN:0.4519895150021324
SAMPLES:1500.0
AUC:{'AUC macro OVO': 0.5063395334184702}
AVGP:{'avg_precision': 0.8463335631558548}


METRICS_PER_CLASSES
CLASS:0
ACC:0.8346666666666667
PREC:0.030042918454935622
REC:0.2413793103448276
TNR:0.8463630183548606
FPR:0.9699570815450643
FPDR:0.9699570815450643
F1:0.05343511450381679
BACC:0
CLSFE:0.9699570815450643
MCC:0.03335402299591666
GMEAN:0.4519895150021324
SAMPLES:233
AUC:{}
AVGP:{}
CLASS:1
ACC:0.8346666666666667
PREC:0.9826361483820047
REC:0.8463630183548606
TNR:0.2413793103448276
FPR:0.017363851617995266
FPDR:0.017363851617995266
F1:0.9094229364499635
BACC:0
CLSFE:0.017363851617995266
MCC:0.03335402299591666
GMEAN:0.4519895150021324
SAMPLES:1267
AUC:{}
AVGP:{}
