

GENERAL_METRICS
ACC:0.8213333333333334
PREC:0.49629674173406696
REC:0.4814690984469817
TNR:0.4814690984469817
FPR:0.5037032582659331
FPDR:0.5037032582659331
F1:0.468757103061122
BACC:0.0
CLSFE:0.17866666666666667
MCC:-0.01656800704386694
GMEAN:0.32024894611158594
SAMPLES:1500.0
AUC:{'AUC macro OVO': 0.49629674173406696}
AVGP:{'avg_precision': 0.8410158521357322}


METRICS_PER_CLASSES
CLASS:0
ACC:0.8213333333333334
PREC:0.02109704641350211
REC:0.12195121951219512
TNR:0.8409869773817683
FPR:0.9789029535864979
FPDR:0.9789029535864979
F1:0.03597122302158273
BACC:0
CLSFE:0.9789029535864979
MCC:-0.01656800704386694
GMEAN:0.32024894611158594
SAMPLES:237
AUC:{}
AVGP:{}
CLASS:1
ACC:0.8213333333333334
PREC:0.9714964370546318
REC:0.8409869773817683
TNR:0.12195121951219512
FPR:0.028503562945368172
FPDR:0.028503562945368172
F1:0.9015429831006613
BACC:0
CLSFE:0.028503562945368172
MCC:-0.01656800704386694
GMEAN:0.32024894611158594
SAMPLES:1263
AUC:{}
AVGP:{}
