

GENERAL_METRICS
ACC:0.8596
PREC:0.6146042348716866
REC:0.6266330082359226
TNR:0.6266330082359226
FPR:0.3853957651283134
FPDR:0.3853957651283134
F1:0.6200928661882651
BACC:0.0
CLSFE:0.1404
MCC:0.24093716208487137
GMEAN:0.5559148151640477
SAMPLES:2500.0
AUC:{'AUC macro OVO': 0.6146042348716866}
AVGP:{'avg_precision': 0.9140385472207353}


METRICS_PER_CLASSES
CLASS:0
ACC:0.8596
PREC:0.3014705882352941
REC:0.3374485596707819
TNR:0.9158174568010634
FPR:0.6985294117647058
FPDR:0.6985294117647058
F1:0.31844660194174756
BACC:0
CLSFE:0.6985294117647058
MCC:0.24093716208487137
GMEAN:0.5559148151640477
SAMPLES:272
AUC:{}
AVGP:{}
CLASS:1
ACC:0.8596
PREC:0.927737881508079
REC:0.9158174568010634
TNR:0.3374485596707819
FPR:0.072262118491921
FPDR:0.072262118491921
F1:0.9217391304347826
BACC:0
CLSFE:0.072262118491921
MCC:0.24093716208487137
GMEAN:0.5559148151640477
SAMPLES:2228
AUC:{}
AVGP:{}
