

GENERAL_METRICS
ACC:0.8612
PREC:0.6158084849477109
REC:0.6229105389384135
TNR:0.6229105389384135
FPR:0.3841915150522891
FPDR:0.3841915150522891
F1:0.6191753027172227
BACC:0.0
CLSFE:0.1388
MCC:0.2386133550207473
GMEAN:0.547883635979111
SAMPLES:2500.0
AUC:{'AUC macro OVO': 0.615808484947711}
AVGP:{'avg_precision': 0.9175143589164383}


METRICS_PER_CLASSES
CLASS:0
ACC:0.8612
PREC:0.3053435114503817
REC:0.32653061224489793
TNR:0.9192904656319291
FPR:0.6946564885496184
FPDR:0.6946564885496184
F1:0.3155818540433925
BACC:0
CLSFE:0.6946564885496184
MCC:0.2386133550207473
GMEAN:0.547883635979111
SAMPLES:262
AUC:{}
AVGP:{}
CLASS:1
ACC:0.8612
PREC:0.9262734584450402
REC:0.9192904656319291
TNR:0.32653061224489793
FPR:0.07372654155495978
FPDR:0.07372654155495978
F1:0.9227687513910527
BACC:0
CLSFE:0.07372654155495978
MCC:0.2386133550207473
GMEAN:0.547883635979111
SAMPLES:2238
AUC:{}
AVGP:{}
