

GENERAL_METRICS
ACC:0.8524
PREC:0.5936834557971288
REC:0.5907524231283423
TNR:0.5907524231283423
FPR:0.4063165442028712
FPDR:0.4063165442028712
F1:0.5921734436609164
BACC:0.0
CLSFE:0.1476
MCC:0.1844125876465745
GMEAN:0.4906376130910462
SAMPLES:2500.0
AUC:{'AUC macro OVO': 0.5936834557971288}
AVGP:{'avg_precision': 0.9182269430420757}


METRICS_PER_CLASSES
CLASS:0
ACC:0.8524
PREC:0.27125506072874495
REC:0.26171875
TNR:0.9197860962566845
FPR:0.728744939271255
FPDR:0.728744939271255
F1:0.2664015904572565
BACC:0
CLSFE:0.728744939271255
MCC:0.1844125876465745
GMEAN:0.4906376130910462
SAMPLES:247
AUC:{}
AVGP:{}
CLASS:1
ACC:0.8524
PREC:0.9161118508655126
REC:0.9197860962566845
TNR:0.26171875
FPR:0.08388814913448735
FPDR:0.08388814913448735
F1:0.9179452968645764
BACC:0
CLSFE:0.08388814913448735
MCC:0.1844125876465745
GMEAN:0.4906376130910462
SAMPLES:2253
AUC:{}
AVGP:{}
