

GENERAL_METRICS
ACC:0.854
PREC:0.6201948011534553
REC:0.6136261491317672
TNR:0.6136261491317672
FPR:0.3798051988465448
FPDR:0.3798051988465448
F1:0.6167433389992318
BACC:0.0
CLSFE:0.146
MCC:0.23372866662628777
GMEAN:0.5306291676729532
SAMPLES:2500.0
AUC:{'AUC macro OVO': 0.6201948011534553}
AVGP:{'avg_precision': 0.9196681494251722}


METRICS_PER_CLASSES
CLASS:0
ACC:0.854
PREC:0.32558139534883723
REC:0.3054545454545455
TNR:0.9217977528089888
FPR:0.6744186046511628
FPDR:0.6744186046511628
F1:0.3151969981238274
BACC:0
CLSFE:0.6744186046511628
MCC:0.23372866662628777
GMEAN:0.5306291676729532
SAMPLES:258
AUC:{}
AVGP:{}
CLASS:1
ACC:0.854
PREC:0.9148082069580732
REC:0.9217977528089888
TNR:0.3054545454545455
FPR:0.08519179304192685
FPDR:0.08519179304192685
F1:0.9182896798746362
BACC:0
CLSFE:0.08519179304192685
MCC:0.23372866662628777
GMEAN:0.5306291676729532
SAMPLES:2242
AUC:{}
AVGP:{}
