

GENERAL_METRICS
ACC:0.9047272727272727
PREC:0.596018104694107
REC:0.6685408103347035
TNR:0.6685408103347035
FPR:0.40398189530589307
FPDR:0.40398189530589307
F1:0.6184956284523365
BACC:0.0
CLSFE:0.09527272727272727
MCC:0.2544245992190785
GMEAN:0.6155524947169023
SAMPLES:2750.0
AUC:{'AUC macro OVO': 0.5960181046941069}
AVGP:{'avg_precision': 0.9289008666796325}


METRICS_PER_CLASSES
CLASS:0
ACC:0.9047272727272727
PREC:0.22268907563025211
REC:0.4076923076923077
TNR:0.9293893129770993
FPR:0.7773109243697479
FPDR:0.7773109243697479
F1:0.28804347826086957
BACC:0
CLSFE:0.7773109243697479
MCC:0.2544245992190785
GMEAN:0.6155524947169023
SAMPLES:238
AUC:{}
AVGP:{}
CLASS:1
ACC:0.9047272727272727
PREC:0.9693471337579618
REC:0.9293893129770993
TNR:0.4076923076923077
FPR:0.030652866242038217
FPDR:0.030652866242038217
F1:0.9489477786438035
BACC:0
CLSFE:0.030652866242038217
MCC:0.2544245992190785
GMEAN:0.6155524947169023
SAMPLES:2512
AUC:{}
AVGP:{}
