

GENERAL_METRICS
ACC:0.9076363636363637
PREC:0.6131726834805006
REC:0.6857208985779588
TNR:0.6857208985779588
FPR:0.3868273165194995
FPDR:0.3868273165194995
F1:0.6374487185875396
BACC:0.0
CLSFE:0.09236363636363637
MCC:0.289955392917445
GMEAN:0.6397400857893938
SAMPLES:2750.0
AUC:{'AUC macro OVO': 0.6131726834805005}
AVGP:{'avg_precision': 0.9320101360741422}


METRICS_PER_CLASSES
CLASS:0
ACC:0.9076363636363637
PREC:0.25738396624472576
REC:0.43884892086330934
TNR:0.9325928762926082
FPR:0.7426160337552743
FPDR:0.7426160337552743
F1:0.324468085106383
BACC:0
CLSFE:0.7426160337552743
MCC:0.289955392917445
GMEAN:0.6397400857893938
SAMPLES:237
AUC:{}
AVGP:{}
CLASS:1
ACC:0.9076363636363637
PREC:0.9689614007162753
REC:0.9325928762926082
TNR:0.43884892086330934
FPR:0.03103859928372463
FPDR:0.03103859928372463
F1:0.9504293520686963
BACC:0
CLSFE:0.03103859928372463
MCC:0.289955392917445
GMEAN:0.6397400857893938
SAMPLES:2513
AUC:{}
AVGP:{}
