

GENERAL_METRICS
ACC:0.9050909090909091
PREC:0.6048506973817653
REC:0.6875795772854596
TNR:0.6875795772854596
FPR:0.3951493026182346
FPDR:0.3951493026182346
F1:0.6301895191768181
BACC:0.0
CLSFE:0.09490909090909092
MCC:0.28048422053981714
GMEAN:0.644106016579946
SAMPLES:2750.0
AUC:{'AUC macro OVO': 0.6048506973817654}
AVGP:{'avg_precision': 0.9276642647615833}


METRICS_PER_CLASSES
CLASS:0
ACC:0.9050909090909091
PREC:0.2388663967611336
REC:0.44696969696969696
TNR:0.9281894576012223
FPR:0.7611336032388664
FPDR:0.7611336032388664
F1:0.3113456464379947
BACC:0
CLSFE:0.7611336032388664
MCC:0.28048422053981714
GMEAN:0.644106016579946
SAMPLES:247
AUC:{}
AVGP:{}
CLASS:1
ACC:0.9050909090909091
PREC:0.9708349980023971
REC:0.9281894576012223
TNR:0.44696969696969696
FPR:0.029165001997602878
FPDR:0.029165001997602878
F1:0.9490333919156415
BACC:0
CLSFE:0.029165001997602878
MCC:0.28048422053981714
GMEAN:0.644106016579946
SAMPLES:2503
AUC:{}
AVGP:{}
