

GENERAL_METRICS
ACC:0.9054545454545454
PREC:0.5897962442080089
REC:0.6623559688475051
TNR:0.6623559688475051
FPR:0.4102037557919911
FPDR:0.4102037557919911
F1:0.6115895169368699
BACC:0.0
CLSFE:0.09454545454545454
MCC:0.24148669716784363
GMEAN:0.6060713103553734
SAMPLES:2750.0
AUC:{'AUC macro OVO': 0.5897962442080089}
AVGP:{'avg_precision': 0.9291141939802394}


METRICS_PER_CLASSES
CLASS:0
ACC:0.9054545454545454
PREC:0.2094017094017094
REC:0.3951612903225806
TNR:0.9295506473724295
FPR:0.7905982905982906
FPDR:0.7905982905982906
F1:0.2737430167597765
BACC:0
CLSFE:0.7905982905982906
MCC:0.24148669716784363
GMEAN:0.6060713103553734
SAMPLES:234
AUC:{}
AVGP:{}
CLASS:1
ACC:0.9054545454545454
PREC:0.9701907790143084
REC:0.9295506473724295
TNR:0.3951612903225806
FPR:0.029809220985691574
FPDR:0.029809220985691574
F1:0.9494360171139634
BACC:0
CLSFE:0.029809220985691574
MCC:0.24148669716784363
GMEAN:0.6060713103553734
SAMPLES:2516
AUC:{}
AVGP:{}
