

GENERAL_METRICS
ACC:0.9290666666666667
PREC:0.5010558635844016
REC:0.5366970726308156
TNR:0.5366970726308156
FPR:0.4989441364155984
FPDR:0.4989441364155984
F1:0.48534085655791837
BACC:0.0
CLSFE:0.07093333333333333
MCC:0.012449434146983074
GMEAN:0.3646009565077353
SAMPLES:3750.0
AUC:{'AUC macro OVO': 0.5010558635844016}
AVGP:{'avg_precision': 0.9305367668027609}


METRICS_PER_CLASSES
CLASS:0
ACC:0.9290666666666667
PREC:0.0038314176245210726
REC:0.14285714285714285
TNR:0.9305370024044883
FPR:0.9961685823754789
FPDR:0.9961685823754789
F1:0.007462686567164179
BACC:0
CLSFE:0.9961685823754789
MCC:0.012449434146983074
GMEAN:0.3646009565077353
SAMPLES:261
AUC:{}
AVGP:{}
CLASS:1
ACC:0.9290666666666667
PREC:0.998280309544282
REC:0.9305370024044883
TNR:0.14285714285714285
FPR:0.0017196904557179708
FPDR:0.0017196904557179708
F1:0.9632190265486725
BACC:0
CLSFE:0.0017196904557179708
MCC:0.012449434146983074
GMEAN:0.3646009565077353
SAMPLES:3489
AUC:{}
AVGP:{}
