

GENERAL_METRICS
ACC:0.9362666666666667
PREC:0.5095522237475993
REC:0.6773006955591225
TNR:0.6773006955591225
FPR:0.49044777625240066
FPDR:0.49044777625240066
F1:0.5035998358348578
BACC:0.0
CLSFE:0.06373333333333334
MCC:0.08230713005774724
GMEAN:0.6251448913557222
SAMPLES:3750.0
AUC:{'AUC macro OVO': 0.5095522237475993}
AVGP:{'avg_precision': 0.9379324634008636}


METRICS_PER_CLASSES
CLASS:0
ACC:0.9362666666666667
PREC:0.02109704641350211
REC:0.4166666666666667
TNR:0.9379347244515784
FPR:0.9789029535864979
FPDR:0.9789029535864979
F1:0.040160642570281124
BACC:0
CLSFE:0.9789029535864979
MCC:0.08230713005774724
GMEAN:0.6251448913557222
SAMPLES:237
AUC:{}
AVGP:{}
CLASS:1
ACC:0.9362666666666667
PREC:0.9980074010816966
REC:0.9379347244515784
TNR:0.4166666666666667
FPR:0.0019925989183034445
FPDR:0.0019925989183034445
F1:0.9670390290994345
BACC:0
CLSFE:0.0019925989183034445
MCC:0.08230713005774724
GMEAN:0.6251448913557222
SAMPLES:3513
AUC:{}
AVGP:{}
