

GENERAL_METRICS
ACC:0.9346666666666666
PREC:0.5009618881721254
REC:0.5238795331016662
TNR:0.5238795331016662
FPR:0.49903811182787466
FPDR:0.49903811182787466
F1:0.4871590200564781
BACC:0.0
CLSFE:0.06533333333333333
MCC:0.009585288821181826
GMEAN:0.3226019141453547
SAMPLES:3750.0
AUC:{'AUC macro OVO': 0.5009618881721253}
AVGP:{'avg_precision': 0.9366476939948206}


METRICS_PER_CLASSES
CLASS:0
ACC:0.9346666666666666
PREC:0.004201680672268907
REC:0.1111111111111111
TNR:0.9366479550922213
FPR:0.9957983193277311
FPDR:0.9957983193277311
F1:0.008097165991902834
BACC:0
CLSFE:0.9957983193277311
MCC:0.009585288821181826
GMEAN:0.3226019141453547
SAMPLES:238
AUC:{}
AVGP:{}
CLASS:1
ACC:0.9346666666666666
PREC:0.9977220956719818
REC:0.9366479550922213
TNR:0.1111111111111111
FPR:0.002277904328018223
FPDR:0.002277904328018223
F1:0.9662208741210534
BACC:0
CLSFE:0.002277904328018223
MCC:0.009585288821181826
GMEAN:0.3226019141453547
SAMPLES:3512
AUC:{}
AVGP:{}
