

GENERAL_METRICS
ACC:0.9301333333333334
PREC:0.4992842828514171
REC:0.46568758344459277
TNR:0.46568758344459277
FPR:0.5007157171485829
FPDR:0.5007157171485829
F1:0.4819010776457585
BACC:0.0
CLSFE:0.06986666666666666
MCC:-0.009911202739935059
GMEAN:0.0
SAMPLES:3750.0
AUC:{'AUC macro OVO': 0.4992842828514171}
AVGP:{'avg_precision': 0.9313752978651052}


METRICS_PER_CLASSES
CLASS:0
ACC:0.9301333333333334
PREC:0.0
REC:0.0
TNR:0.9313751668891855
FPR:1.0
FPDR:1.0
F1:0.0
BACC:0
CLSFE:1.0
MCC:-0.009911202739935059
GMEAN:0
SAMPLES:257
AUC:{}
AVGP:{}
CLASS:1
ACC:0.9301333333333334
PREC:0.9985685657028343
REC:0.9313751668891855
TNR:0.0
FPR:0.0014314342971657602
FPDR:0.0014314342971657602
F1:0.963802155291517
BACC:0
CLSFE:0.0014314342971657602
MCC:-0.009911202739935059
GMEAN:0
SAMPLES:3493
AUC:{}
AVGP:{}
