

GENERAL_METRICS
ACC:0.9248571428571428
PREC:0.565174456879526
REC:0.6693548387096775
TNR:0.6693548387096775
FPR:0.434825543120474
FPDR:0.434825543120474
F1:0.5877327540840434
BACC:0.0
CLSFE:0.07514285714285714
MCC:0.2101200574226359
GMEAN:0.6127673873238865
SAMPLES:3500.0
AUC:{'AUC macro OVO': 0.565174456879526}
AVGP:{'avg_precision': 0.9385651850750707}


METRICS_PER_CLASSES
CLASS:0
ACC:0.9248571428571428
PREC:0.1469387755102041
REC:0.4
TNR:0.9387096774193548
FPR:0.8530612244897959
FPDR:0.8530612244897959
F1:0.21492537313432836
BACC:0
CLSFE:0.8530612244897959
MCC:0.2101200574226359
GMEAN:0.6127673873238865
SAMPLES:245
AUC:{}
AVGP:{}
CLASS:1
ACC:0.9248571428571428
PREC:0.9834101382488479
REC:0.9387096774193548
TNR:0.4
FPR:0.016589861751152075
FPDR:0.016589861751152075
F1:0.9605401350337585
BACC:0
CLSFE:0.016589861751152075
MCC:0.2101200574226359
GMEAN:0.6127673873238865
SAMPLES:3255
AUC:{}
AVGP:{}
