

GENERAL_METRICS
ACC:0.9208571428571428
PREC:0.5558386217133517
REC:0.6633489461358314
TNR:0.6633489461358314
FPR:0.44416137828664826
FPDR:0.44416137828664826
F1:0.5754047450435785
BACC:0.0
CLSFE:0.07914285714285714
MCC:0.19100973808215493
GMEAN:0.6056946497192801
SAMPLES:3500.0
AUC:{'AUC macro OVO': 0.5558386217133517}
AVGP:{'avg_precision': 0.9337173682913664}


METRICS_PER_CLASSES
CLASS:0
ACC:0.9208571428571428
PREC:0.1274131274131274
REC:0.39285714285714285
TNR:0.9338407494145199
FPR:0.8725868725868726
FPDR:0.8725868725868726
F1:0.1924198250728863
BACC:0
CLSFE:0.8725868725868726
MCC:0.19100973808215493
GMEAN:0.6056946497192801
SAMPLES:259
AUC:{}
AVGP:{}
CLASS:1
ACC:0.9208571428571428
PREC:0.9842641160135761
REC:0.9338407494145199
TNR:0.39285714285714285
FPR:0.01573588398642394
FPDR:0.01573588398642394
F1:0.9583896650142707
BACC:0
CLSFE:0.01573588398642394
MCC:0.19100973808215493
GMEAN:0.6056946497192801
SAMPLES:3241
AUC:{}
AVGP:{}
