

GENERAL_METRICS
ACC:0.9177142857142857
PREC:0.5434354226020893
REC:0.6305498865404102
TNR:0.6305498865404102
FPR:0.45656457739791073
FPDR:0.45656457739791073
F1:0.5573192518695357
BACC:0.0
CLSFE:0.08228571428571428
MCC:0.1506053052523386
GMEAN:0.5539156620089548
SAMPLES:3500.0
AUC:{'AUC macro OVO': 0.5434354226020892}
AVGP:{'avg_precision': 0.9317276391301162}


METRICS_PER_CLASSES
CLASS:0
ACC:0.9177142857142857
PREC:0.10384615384615385
REC:0.32926829268292684
TNR:0.9318314803978935
FPR:0.8961538461538462
FPDR:0.8961538461538462
F1:0.15789473684210525
BACC:0
CLSFE:0.8961538461538462
MCC:0.1506053052523386
GMEAN:0.5539156620089548
SAMPLES:260
AUC:{}
AVGP:{}
CLASS:1
ACC:0.9177142857142857
PREC:0.9830246913580247
REC:0.9318314803978935
TNR:0.32926829268292684
FPR:0.016975308641975308
FPDR:0.016975308641975308
F1:0.956743766896966
BACC:0
CLSFE:0.016975308641975308
MCC:0.1506053052523386
GMEAN:0.5539156620089548
SAMPLES:3240
AUC:{}
AVGP:{}
