

GENERAL_METRICS
ACC:0.9211428571428572
PREC:0.5717640680807639
REC:0.7053111762789183
TNR:0.7053111762789183
FPR:0.4282359319192361
FPDR:0.4282359319192361
F1:0.597995135990838
BACC:0.0
CLSFE:0.07885714285714286
MCC:0.2427670919397603
GMEAN:0.6676019831834478
SAMPLES:3500.0
AUC:{'AUC macro OVO': 0.5717640680807639}
AVGP:{'avg_precision': 0.9326908367245339}


METRICS_PER_CLASSES
CLASS:0
ACC:0.9211428571428572
PREC:0.15808823529411764
REC:0.4777777777777778
TNR:0.9328445747800587
FPR:0.8419117647058824
FPDR:0.8419117647058824
F1:0.23756906077348067
BACC:0
CLSFE:0.8419117647058824
MCC:0.2427670919397603
GMEAN:0.6676019831834478
SAMPLES:272
AUC:{}
AVGP:{}
CLASS:1
ACC:0.9211428571428572
PREC:0.9854399008674102
REC:0.9328445747800587
TNR:0.4777777777777778
FPR:0.014560099132589838
FPDR:0.014560099132589838
F1:0.9584212112081952
BACC:0
CLSFE:0.014560099132589838
MCC:0.2427670919397603
GMEAN:0.6676019831834478
SAMPLES:3228
AUC:{}
AVGP:{}
