

GENERAL_METRICS
ACC:0.8926666666666667
PREC:0.763056092843327
REC:0.8017090271691498
TNR:0.8017090271691498
FPR:0.23694390715667313
FPDR:0.23694390715667313
F1:0.7801889737692176
BACC:0.0
CLSFE:0.10733333333333334
MCC:0.5634408500017645
GMEAN:0.7921959959858994
SAMPLES:1500.0
AUC:{'AUC macro OVO': 0.7630560928433269}
AVGP:{'avg_precision': 0.9209322542748988}


METRICS_PER_CLASSES
CLASS:0
ACC:0.8926666666666667
PREC:0.5757575757575758
REC:0.6785714285714286
TNR:0.9248466257668712
FPR:0.42424242424242425
FPDR:0.42424242424242425
F1:0.6229508196721312
BACC:0
CLSFE:0.42424242424242425
MCC:0.5634408500017645
GMEAN:0.7921959959858994
SAMPLES:231
AUC:{}
AVGP:{}
CLASS:1
ACC:0.8926666666666667
PREC:0.950354609929078
REC:0.9248466257668712
TNR:0.6785714285714286
FPR:0.04964539007092199
FPDR:0.04964539007092199
F1:0.9374271278663039
BACC:0
CLSFE:0.04964539007092199
MCC:0.5634408500017645
GMEAN:0.7921959959858994
SAMPLES:1269
AUC:{}
AVGP:{}
