

GENERAL_METRICS
ACC:0.882
PREC:0.7321345336866918
REC:0.7892938496583144
TNR:0.7892938496583144
FPR:0.2678654663133082
FPDR:0.2678654663133082
F1:0.7554705970661998
BACC:0.0
CLSFE:0.118
MCC:0.5182859939796202
GMEAN:0.7797097890240796
SAMPLES:1500.0
AUC:{'AUC macro OVO': 0.7321345336866917}
AVGP:{'avg_precision': 0.9085091074056559}


METRICS_PER_CLASSES
CLASS:0
ACC:0.882
PREC:0.5126050420168067
REC:0.6666666666666666
TNR:0.911921032649962
FPR:0.48739495798319327
FPDR:0.48739495798319327
F1:0.5795724465558195
BACC:0
CLSFE:0.48739495798319327
MCC:0.5182859939796202
GMEAN:0.7797097890240796
SAMPLES:238
AUC:{}
AVGP:{}
CLASS:1
ACC:0.882
PREC:0.9516640253565769
REC:0.911921032649962
TNR:0.6666666666666666
FPR:0.04833597464342314
FPDR:0.04833597464342314
F1:0.9313687475765801
BACC:0
CLSFE:0.04833597464342314
MCC:0.5182859939796202
GMEAN:0.7797097890240796
SAMPLES:1262
AUC:{}
AVGP:{}
