

GENERAL_METRICS
ACC:0.874
PREC:0.760415796944143
REC:0.784269048487058
TNR:0.784269048487058
FPR:0.23958420305585706
FPDR:0.23958420305585706
F1:0.7713663581927055
BACC:0.0
CLSFE:0.126
MCC:0.5441622949389654
GMEAN:0.7733484395589629
SAMPLES:1500.0
AUC:{'AUC macro OVO': 0.7604157969441431}
AVGP:{'avg_precision': 0.9088936805021631}


METRICS_PER_CLASSES
CLASS:0
ACC:0.874
PREC:0.5862068965517241
REC:0.6538461538461539
TNR:0.9146919431279621
FPR:0.41379310344827586
FPDR:0.41379310344827586
F1:0.6181818181818182
BACC:0
CLSFE:0.41379310344827586
MCC:0.5441622949389654
GMEAN:0.7733484395589629
SAMPLES:261
AUC:{}
AVGP:{}
CLASS:1
ACC:0.874
PREC:0.9346246973365617
REC:0.9146919431279621
TNR:0.6538461538461539
FPR:0.06537530266343826
FPDR:0.06537530266343826
F1:0.9245508982035928
BACC:0
CLSFE:0.06537530266343826
MCC:0.5441622949389654
GMEAN:0.7733484395589629
SAMPLES:1239
AUC:{}
AVGP:{}
