

GENERAL_METRICS
ACC:0.884
PREC:0.770734126984127
REC:0.7864350089565607
TNR:0.7864350089565607
FPR:0.229265873015873
FPDR:0.229265873015873
F1:0.7781940063091483
BACC:0.0
CLSFE:0.116
MCC:0.5569478686108604
GMEAN:0.7740332260729736
SAMPLES:1500.0
AUC:{'AUC macro OVO': 0.770734126984127}
AVGP:{'avg_precision': 0.9201848285813803}


METRICS_PER_CLASSES
CLASS:0
ACC:0.884
PREC:0.6041666666666666
REC:0.6473214285714286
TNR:0.9255485893416928
FPR:0.3958333333333333
FPDR:0.3958333333333333
F1:0.625
BACC:0
CLSFE:0.3958333333333333
MCC:0.5569478686108604
GMEAN:0.7740332260729736
SAMPLES:240
AUC:{}
AVGP:{}
CLASS:1
ACC:0.884
PREC:0.9373015873015873
REC:0.9255485893416928
TNR:0.6473214285714286
FPR:0.0626984126984127
FPDR:0.0626984126984127
F1:0.9313880126182965
BACC:0
CLSFE:0.0626984126984127
MCC:0.5569478686108604
GMEAN:0.7740332260729736
SAMPLES:1260
AUC:{}
AVGP:{}
