

GENERAL_METRICS
ACC:0.8213333333333334
PREC:0.8244407154388783
REC:0.8012049527100361
TNR:0.8012049527100361
FPR:0.1755592845611217
FPDR:0.1755592845611217
F1:0.8085218266065115
BACC:0.0
CLSFE:0.17866666666666667
MCC:0.6252140444711
GMEAN:0.7943166451859462
SAMPLES:750.0
AUC:{'AUC macro OVO': 0.8244407154388784}
AVGP:{'avg_precision': 0.8609892194329287}


METRICS_PER_CLASSES
CLASS:0
ACC:0.8213333333333334
PREC:0.83399209486166
REC:0.6963696369636964
TNR:0.9060402684563759
FPR:0.16600790513833993
FPDR:0.16600790513833993
F1:0.7589928057553957
BACC:0
CLSFE:0.16600790513833993
MCC:0.6252140444711
GMEAN:0.7943166451859462
SAMPLES:253
AUC:{}
AVGP:{}
CLASS:1
ACC:0.8213333333333334
PREC:0.8148893360160966
REC:0.9060402684563759
TNR:0.6963696369636964
FPR:0.1851106639839034
FPDR:0.1851106639839034
F1:0.8580508474576272
BACC:0
CLSFE:0.1851106639839034
MCC:0.6252140444711
GMEAN:0.7943166451859462
SAMPLES:497
AUC:{}
AVGP:{}
