

GENERAL_METRICS
ACC:0.836
PREC:0.8376647726809545
REC:0.8113050144300145
TNR:0.8113050144300145
FPR:0.16233522731904554
FPDR:0.16233522731904554
F1:0.8204061449327278
BACC:0.0
CLSFE:0.164
MCC:0.6484342277577644
GMEAN:0.8042919382198991
SAMPLES:750.0
AUC:{'AUC macro OVO': 0.8376647726809544}
AVGP:{'avg_precision': 0.8778235909473631}


METRICS_PER_CLASSES
CLASS:0
ACC:0.836
PREC:0.8423236514522822
REC:0.7048611111111112
TNR:0.9177489177489178
FPR:0.15767634854771784
FPDR:0.15767634854771784
F1:0.7674858223062382
BACC:0
CLSFE:0.15767634854771784
MCC:0.6484342277577644
GMEAN:0.8042919382198991
SAMPLES:241
AUC:{}
AVGP:{}
CLASS:1
ACC:0.836
PREC:0.8330058939096268
REC:0.9177489177489178
TNR:0.7048611111111112
FPR:0.16699410609037327
FPDR:0.16699410609037327
F1:0.8733264675592173
BACC:0
CLSFE:0.16699410609037327
MCC:0.6484342277577644
GMEAN:0.8042919382198991
SAMPLES:509
AUC:{}
AVGP:{}
