

GENERAL_METRICS
ACC:0.808
PREC:0.8115684229896338
REC:0.7948569106634933
TNR:0.7948569106634933
FPR:0.1884315770103662
FPDR:0.1884315770103662
F1:0.7995486131733682
BACC:0.0
CLSFE:0.192
MCC:0.6061950269113727
GMEAN:0.7893983195165274
SAMPLES:750.0
AUC:{'AUC macro OVO': 0.8115684229896338}
AVGP:{'avg_precision': 0.8367881881724653}


METRICS_PER_CLASSES
CLASS:0
ACC:0.808
PREC:0.8248175182481752
REC:0.7018633540372671
TNR:0.8878504672897196
FPR:0.17518248175182483
FPDR:0.17518248175182483
F1:0.7583892617449665
BACC:0
CLSFE:0.17518248175182483
MCC:0.6061950269113727
GMEAN:0.7893983195165274
SAMPLES:274
AUC:{}
AVGP:{}
CLASS:1
ACC:0.808
PREC:0.7983193277310925
REC:0.8878504672897196
TNR:0.7018633540372671
FPR:0.20168067226890757
FPDR:0.20168067226890757
F1:0.8407079646017699
BACC:0
CLSFE:0.20168067226890757
MCC:0.6061950269113727
GMEAN:0.7893983195165274
SAMPLES:476
AUC:{}
AVGP:{}
