

GENERAL_METRICS
ACC:0.8373333333333334
PREC:0.8419242025287562
REC:0.8132426195472775
TNR:0.8132426195472775
FPR:0.15807579747124376
FPDR:0.15807579747124376
F1:0.8226207923325657
BACC:0.0
CLSFE:0.16266666666666665
MCC:0.6545387166141402
GMEAN:0.805745568180715
SAMPLES:750.0
AUC:{'AUC macro OVO': 0.8419242025287562}
AVGP:{'avg_precision': 0.8815805995365693}


METRICS_PER_CLASSES
CLASS:0
ACC:0.8373333333333334
PREC:0.8547717842323651
REC:0.7030716723549488
TNR:0.9234135667396062
FPR:0.14522821576763487
FPDR:0.14522821576763487
F1:0.7715355805243446
BACC:0
CLSFE:0.14522821576763487
MCC:0.6545387166141402
GMEAN:0.805745568180715
SAMPLES:241
AUC:{}
AVGP:{}
CLASS:1
ACC:0.8373333333333334
PREC:0.8290766208251473
REC:0.9234135667396062
TNR:0.7030716723549488
FPR:0.17092337917485265
FPDR:0.17092337917485265
F1:0.8737060041407867
BACC:0
CLSFE:0.17092337917485265
MCC:0.6545387166141402
GMEAN:0.805745568180715
SAMPLES:509
AUC:{}
AVGP:{}
