

GENERAL_METRICS
ACC:0.8293333333333334
PREC:0.8144301870378425
REC:0.8133786461881465
TNR:0.8133786461881465
FPR:0.18556981296215747
FPDR:0.18556981296215747
F1:0.8138972247423639
BACC:0.0
CLSFE:0.17066666666666666
MCC:0.6278079525925258
GMEAN:0.8114543902983867
SAMPLES:750.0
AUC:{'AUC macro OVO': 0.8144301870378426}
AVGP:{'avg_precision': 0.8392171621915114}


METRICS_PER_CLASSES
CLASS:0
ACC:0.8293333333333334
PREC:0.7631578947368421
REC:0.7574626865671642
TNR:0.8692946058091287
FPR:0.23684210526315788
FPDR:0.23684210526315788
F1:0.7602996254681648
BACC:0
CLSFE:0.23684210526315788
MCC:0.6278079525925258
GMEAN:0.8114543902983867
SAMPLES:266
AUC:{}
AVGP:{}
CLASS:1
ACC:0.8293333333333334
PREC:0.8657024793388429
REC:0.8692946058091287
TNR:0.7574626865671642
FPR:0.13429752066115702
FPDR:0.13429752066115702
F1:0.8674948240165632
BACC:0
CLSFE:0.13429752066115702
MCC:0.6278079525925258
GMEAN:0.8114543902983867
SAMPLES:484
AUC:{}
AVGP:{}
