

GENERAL_METRICS
ACC:0.8533333333333334
PREC:0.8353280265710704
REC:0.8353280265710704
TNR:0.8353280265710704
FPR:0.16467197342892959
FPDR:0.16467197342892959
F1:0.8353280265710704
BACC:0.0
CLSFE:0.14666666666666667
MCC:0.6706560531421408
GMEAN:0.8335514036808911
SAMPLES:750.0
AUC:{'AUC macro OVO': 0.8353280265710703}
AVGP:{'avg_precision': 0.8650409971579767}


METRICS_PER_CLASSES
CLASS:0
ACC:0.8533333333333334
PREC:0.7808764940239044
REC:0.7808764940239044
TNR:0.8897795591182365
FPR:0.21912350597609562
FPDR:0.21912350597609562
F1:0.7808764940239044
BACC:0
CLSFE:0.21912350597609562
MCC:0.6706560531421408
GMEAN:0.8335514036808911
SAMPLES:251
AUC:{}
AVGP:{}
CLASS:1
ACC:0.8533333333333334
PREC:0.8897795591182365
REC:0.8897795591182365
TNR:0.7808764940239044
FPR:0.11022044088176353
FPDR:0.11022044088176353
F1:0.8897795591182365
BACC:0
CLSFE:0.11022044088176353
MCC:0.6706560531421408
GMEAN:0.8335514036808911
SAMPLES:499
AUC:{}
AVGP:{}
