

GENERAL_METRICS
ACC:0.8453333333333334
PREC:0.833
REC:0.8244248035914703
TNR:0.8244248035914703
FPR:0.16699999999999998
FPDR:0.16699999999999998
F1:0.8283360036621652
BACC:0.0
CLSFE:0.15466666666666667
MCC:0.6573688754297988
GMEAN:0.8213931346384179
SAMPLES:750.0
AUC:{'AUC macro OVO': 0.8330000000000001}
AVGP:{'avg_precision': 0.8653703703703703}


METRICS_PER_CLASSES
CLASS:0
ACC:0.8453333333333334
PREC:0.796
REC:0.7537878787878788
TNR:0.8950617283950617
FPR:0.204
FPDR:0.204
F1:0.77431906614786
BACC:0
CLSFE:0.204
MCC:0.6573688754297988
GMEAN:0.8213931346384179
SAMPLES:250
AUC:{}
AVGP:{}
CLASS:1
ACC:0.8453333333333334
PREC:0.87
REC:0.8950617283950617
TNR:0.7537878787878788
FPR:0.13
FPDR:0.13
F1:0.8823529411764706
BACC:0
CLSFE:0.13
MCC:0.6573688754297988
GMEAN:0.8213931346384179
SAMPLES:500
AUC:{}
AVGP:{}
