

GENERAL_METRICS
ACC:0.8533333333333334
PREC:0.8353521398277857
REC:0.8340000000000001
TNR:0.8340000000000001
FPR:0.16464786017221436
FPDR:0.16464786017221436
F1:0.8346680133708486
BACC:0.0
CLSFE:0.14666666666666667
MCC:0.6693507741161742
GMEAN:0.831980769008515
SAMPLES:750.0
AUC:{'AUC macro OVO': 0.8353521398277857}
AVGP:{'avg_precision': 0.8671606905710492}


METRICS_PER_CLASSES
CLASS:0
ACC:0.8533333333333334
PREC:0.782258064516129
REC:0.776
TNR:0.892
FPR:0.21774193548387097
FPDR:0.21774193548387097
F1:0.7791164658634538
BACC:0
CLSFE:0.21774193548387097
MCC:0.6693507741161742
GMEAN:0.831980769008515
SAMPLES:248
AUC:{}
AVGP:{}
CLASS:1
ACC:0.8533333333333334
PREC:0.8884462151394422
REC:0.892
TNR:0.776
FPR:0.11155378486055777
FPDR:0.11155378486055777
F1:0.8902195608782435
BACC:0
CLSFE:0.11155378486055777
MCC:0.6693507741161742
GMEAN:0.831980769008515
SAMPLES:502
AUC:{}
AVGP:{}
