

GENERAL_METRICS
ACC:0.688
PREC:0.6903346737371634
REC:0.6926807116560437
TNR:0.6926807116560437
FPR:0.3096653262628366
FPDR:0.3096653262628366
F1:0.6875
BACC:0.0
CLSFE:0.312
MCC:0.3830082003743394
GMEAN:0.6915044237902185
SAMPLES:500.0
AUC:{'AUC macro OVO': 0.6903346737371634}
AVGP:{'avg_precision': 0.652498576145635}


METRICS_PER_CLASSES
CLASS:0
ACC:0.688
PREC:0.7551867219917012
REC:0.6523297491039427
TNR:0.7330316742081447
FPR:0.24481327800829875
FPDR:0.24481327800829875
F1:0.7
BACC:0
CLSFE:0.24481327800829875
MCC:0.3830082003743394
GMEAN:0.6915044237902185
SAMPLES:241
AUC:{}
AVGP:{}
CLASS:1
ACC:0.688
PREC:0.6254826254826255
REC:0.7330316742081447
TNR:0.6523297491039427
FPR:0.3745173745173745
FPDR:0.3745173745173745
F1:0.675
BACC:0
CLSFE:0.3745173745173745
MCC:0.3830082003743394
GMEAN:0.6915044237902185
SAMPLES:259
AUC:{}
AVGP:{}
