

GENERAL_METRICS
ACC:0.738
PREC:0.7397559686794447
REC:0.7426113163523236
TNR:0.7426113163523236
FPR:0.2602440313205553
FPDR:0.2602440313205553
F1:0.7375370152949803
BACC:0.0
CLSFE:0.262
MCC:0.48235883391784806
GMEAN:0.7414690789912524
SAMPLES:500.0
AUC:{'AUC macro OVO': 0.7397559686794448}
AVGP:{'avg_precision': 0.6966551687874645}


METRICS_PER_CLASSES
CLASS:0
ACC:0.738
PREC:0.8024691358024691
REC:0.7014388489208633
TNR:0.7837837837837838
FPR:0.19753086419753085
FPDR:0.19753086419753085
F1:0.7485604606525912
BACC:0
CLSFE:0.19753086419753085
MCC:0.48235883391784806
GMEAN:0.7414690789912524
SAMPLES:243
AUC:{}
AVGP:{}
CLASS:1
ACC:0.738
PREC:0.6770428015564203
REC:0.7837837837837838
TNR:0.7014388489208633
FPR:0.3229571984435798
FPDR:0.3229571984435798
F1:0.7265135699373695
BACC:0
CLSFE:0.3229571984435798
MCC:0.48235883391784806
GMEAN:0.7414690789912524
SAMPLES:257
AUC:{}
AVGP:{}
