

GENERAL_METRICS
ACC:0.686
PREC:0.6851638504864311
REC:0.6938650717863664
TNR:0.6938650717863664
FPR:0.31483614951356886
FPDR:0.31483614951356886
F1:0.682154064176536
BACC:0.0
CLSFE:0.314
MCC:0.37892903381394255
GMEAN:0.6928725515702765
SAMPLES:500.0
AUC:{'AUC macro OVO': 0.6851638504864311}
AVGP:{'avg_precision': 0.6324309808416572}


METRICS_PER_CLASSES
CLASS:0
ACC:0.686
PREC:0.7896825396825397
REC:0.6567656765676567
TNR:0.7309644670050761
FPR:0.21031746031746032
FPDR:0.21031746031746032
F1:0.7171171171171171
BACC:0
CLSFE:0.21031746031746032
MCC:0.37892903381394255
GMEAN:0.6928725515702765
SAMPLES:252
AUC:{}
AVGP:{}
CLASS:1
ACC:0.686
PREC:0.5806451612903226
REC:0.7309644670050761
TNR:0.6567656765676567
FPR:0.41935483870967744
FPDR:0.41935483870967744
F1:0.647191011235955
BACC:0
CLSFE:0.41935483870967744
MCC:0.37892903381394255
GMEAN:0.6928725515702765
SAMPLES:248
AUC:{}
AVGP:{}
