

GENERAL_METRICS
ACC:0.702
PREC:0.7022432358917743
REC:0.7051948051948052
TNR:0.7051948051948052
FPR:0.2977567641082257
FPDR:0.2977567641082257
F1:0.70099414430143
BACC:0.0
CLSFE:0.298
MCC:0.4074273500430704
GMEAN:0.7046920668568003
SAMPLES:500.0
AUC:{'AUC macro OVO': 0.7022432358917742}
AVGP:{'avg_precision': 0.6494132560666426}


METRICS_PER_CLASSES
CLASS:0
ACC:0.702
PREC:0.7630522088353414
REC:0.6785714285714286
TNR:0.7318181818181818
FPR:0.23694779116465864
FPDR:0.23694779116465864
F1:0.718336483931947
BACC:0
CLSFE:0.23694779116465864
MCC:0.4074273500430704
GMEAN:0.7046920668568003
SAMPLES:249
AUC:{}
AVGP:{}
CLASS:1
ACC:0.702
PREC:0.6414342629482072
REC:0.7318181818181818
TNR:0.6785714285714286
FPR:0.35856573705179284
FPDR:0.35856573705179284
F1:0.6836518046709129
BACC:0
CLSFE:0.35856573705179284
MCC:0.4074273500430704
GMEAN:0.7046920668568003
SAMPLES:251
AUC:{}
AVGP:{}
