

GENERAL_METRICS
ACC:0.844
PREC:0.744458653026428
REC:0.7404360129965413
TNR:0.7404360129965413
FPR:0.25554134697357206
FPDR:0.25554134697357206
F1:0.7424110327336134
BACC:0.0
CLSFE:0.156
MCC:0.4848779800163303
GMEAN:0.7215955489428004
SAMPLES:1250.0
AUC:{'AUC macro OVO': 0.7444586530264279}
AVGP:{'avg_precision': 0.8975408094272191}


METRICS_PER_CLASSES
CLASS:0
ACC:0.844
PREC:0.5869565217391305
REC:0.574468085106383
TNR:0.9064039408866995
FPR:0.41304347826086957
FPDR:0.41304347826086957
F1:0.5806451612903226
BACC:0
CLSFE:0.41304347826086957
MCC:0.4848779800163303
GMEAN:0.7215955489428004
SAMPLES:230
AUC:{}
AVGP:{}
CLASS:1
ACC:0.844
PREC:0.9019607843137255
REC:0.9064039408866995
TNR:0.574468085106383
FPR:0.09803921568627451
FPDR:0.09803921568627451
F1:0.9041769041769042
BACC:0
CLSFE:0.09803921568627451
MCC:0.4848779800163303
GMEAN:0.7215955489428004
SAMPLES:1020
AUC:{}
AVGP:{}
