

GENERAL_METRICS
ACC:0.8176
PREC:0.7275880039441964
REC:0.7325543530313188
TNR:0.7325543530313188
FPR:0.27241199605580363
FPDR:0.27241199605580363
F1:0.7300001136841626
BACC:0.0
CLSFE:0.1824
MCC:0.4601155551160245
GMEAN:0.7175205528085662
SAMPLES:1250.0
AUC:{'AUC macro OVO': 0.7275880039441964}
AVGP:{'avg_precision': 0.8691013721690246}


METRICS_PER_CLASSES
CLASS:0
ACC:0.8176
PREC:0.5677655677655677
REC:0.5849056603773585
TNR:0.8802030456852792
FPR:0.43223443223443225
FPDR:0.43223443223443225
F1:0.5762081784386617
BACC:0
CLSFE:0.43223443223443225
MCC:0.4601155551160245
GMEAN:0.7175205528085662
SAMPLES:273
AUC:{}
AVGP:{}
CLASS:1
ACC:0.8176
PREC:0.887410440122825
REC:0.8802030456852792
TNR:0.5849056603773585
FPR:0.11258955987717502
FPDR:0.11258955987717502
F1:0.8837920489296636
BACC:0
CLSFE:0.11258955987717502
MCC:0.4601155551160245
GMEAN:0.7175205528085662
SAMPLES:977
AUC:{}
AVGP:{}
