

GENERAL_METRICS
ACC:0.8208
PREC:0.7302427038411393
REC:0.7116678959985248
TNR:0.7116678959985248
FPR:0.2697572961588607
FPDR:0.2697572961588607
F1:0.72
BACC:0.0
CLSFE:0.1792
MCC:0.4415200502403732
GMEAN:0.6861287306860411
SAMPLES:1250.0
AUC:{'AUC macro OVO': 0.7302427038411393}
AVGP:{'avg_precision': 0.8894985849226449}


METRICS_PER_CLASSES
CLASS:0
ACC:0.8208
PREC:0.5847457627118644
REC:0.5227272727272727
TNR:0.9006085192697769
FPR:0.4152542372881356
FPDR:0.4152542372881356
F1:0.552
BACC:0
CLSFE:0.4152542372881356
MCC:0.4415200502403732
GMEAN:0.6861287306860411
SAMPLES:236
AUC:{}
AVGP:{}
CLASS:1
ACC:0.8208
PREC:0.8757396449704142
REC:0.9006085192697769
TNR:0.5227272727272727
FPR:0.1242603550295858
FPDR:0.1242603550295858
F1:0.888
BACC:0
CLSFE:0.1242603550295858
MCC:0.4415200502403732
GMEAN:0.6861287306860411
SAMPLES:1014
AUC:{}
AVGP:{}
