

GENERAL_METRICS
ACC:0.816
PREC:0.7170527929053954
REC:0.7320076661259026
TNR:0.7320076661259026
FPR:0.28294720709460464
FPDR:0.28294720709460464
F1:0.7238805396766858
BACC:0.0
CLSFE:0.184
MCC:0.4488113719953613
GMEAN:0.7183509503869787
SAMPLES:1250.0
AUC:{'AUC macro OVO': 0.7170527929053953}
AVGP:{'avg_precision': 0.8628531033319206}


METRICS_PER_CLASSES
CLASS:0
ACC:0.816
PREC:0.5398550724637681
REC:0.5912698412698413
TNR:0.872745490981964
FPR:0.4601449275362319
FPDR:0.4601449275362319
F1:0.5643939393939394
BACC:0
CLSFE:0.4601449275362319
MCC:0.4488113719953613
GMEAN:0.7183509503869787
SAMPLES:276
AUC:{}
AVGP:{}
CLASS:1
ACC:0.816
PREC:0.8942505133470225
REC:0.872745490981964
TNR:0.5912698412698413
FPR:0.10574948665297741
FPDR:0.10574948665297741
F1:0.8833671399594321
BACC:0
CLSFE:0.10574948665297741
MCC:0.4488113719953613
GMEAN:0.7183509503869787
SAMPLES:974
AUC:{}
AVGP:{}
