

GENERAL_METRICS
ACC:0.922
PREC:0.4987378290659935
REC:0.4620781824256599
TNR:0.4620781824256599
FPR:0.5012621709340065
FPDR:0.5012621709340065
F1:0.4797086368366285
BACC:0.0
CLSFE:0.078
MCC:-0.013836736017866157
GMEAN:0.0
SAMPLES:3000.0
AUC:{'AUC macro OVO': 0.4987378290659935}
AVGP:{'avg_precision': 0.9241568115802682}


METRICS_PER_CLASSES
CLASS:0
ACC:0.922
PREC:0.0
REC:0.0
TNR:0.9241563648513198
FPR:1.0
FPDR:1.0
F1:0.0
BACC:0
CLSFE:1.0
MCC:-0.013836736017866157
GMEAN:0
SAMPLES:227
AUC:{}
AVGP:{}
CLASS:1
ACC:0.922
PREC:0.997475658131987
REC:0.9241563648513198
TNR:0.0
FPR:0.0025243418680129825
FPDR:0.0025243418680129825
F1:0.959417273673257
BACC:0
CLSFE:0.0025243418680129825
MCC:-0.013836736017866157
GMEAN:0
SAMPLES:2773
AUC:{}
AVGP:{}
