

GENERAL_METRICS
ACC:0.917
PREC:0.49909288824383163
REC:0.4592654424040067
TNR:0.4592654424040067
FPR:0.5009071117561683
FPDR:0.5009071117561683
F1:0.47835159102764735
BACC:0.0
CLSFE:0.083
MCC:-0.012157433294514547
GMEAN:0.0
SAMPLES:3000.0
AUC:{'AUC macro OVO': 0.49909288824383163}
AVGP:{'avg_precision': 0.918531131146654}


METRICS_PER_CLASSES
CLASS:0
ACC:0.917
PREC:0.0
REC:0.0
TNR:0.9185308848080134
FPR:1.0
FPDR:1.0
F1:0.0
BACC:0
CLSFE:1.0
MCC:-0.012157433294514547
GMEAN:0
SAMPLES:244
AUC:{}
AVGP:{}
CLASS:1
ACC:0.917
PREC:0.9981857764876633
REC:0.9185308848080134
TNR:0.0
FPR:0.00181422351233672
FPDR:0.00181422351233672
F1:0.9567031820552947
BACC:0
CLSFE:0.00181422351233672
MCC:-0.012157433294514547
GMEAN:0
SAMPLES:2756
AUC:{}
AVGP:{}
