

GENERAL_METRICS
ACC:0.9153333333333333
PREC:0.5003985333970987
REC:0.5090301003344482
TNR:0.5090301003344482
FPR:0.49960146660290133
FPDR:0.49960146660290133
F1:0.4817962221448468
BACC:0.0
CLSFE:0.08466666666666667
MCC:0.0037940988718954197
GMEAN:0.3029950825787271
SAMPLES:3000.0
AUC:{'AUC macro OVO': 0.5003985333970987}
AVGP:{'avg_precision': 0.9180600039346843}


METRICS_PER_CLASSES
CLASS:0
ACC:0.9153333333333333
PREC:0.0040650406504065045
REC:0.1
TNR:0.9180602006688964
FPR:0.9959349593495935
FPDR:0.9959349593495935
F1:0.0078125
BACC:0
CLSFE:0.9959349593495935
MCC:0.0037940988718954197
GMEAN:0.3029950825787271
SAMPLES:246
AUC:{}
AVGP:{}
CLASS:1
ACC:0.9153333333333333
PREC:0.9967320261437909
REC:0.9180602006688964
TNR:0.1
FPR:0.0032679738562091504
FPDR:0.0032679738562091504
F1:0.9557799442896936
BACC:0
CLSFE:0.0032679738562091504
MCC:0.0037940988718954197
GMEAN:0.3029950825787271
SAMPLES:2754
AUC:{}
AVGP:{}
