

GENERAL_METRICS
ACC:0.9186666666666666
PREC:0.49909453096704093
REC:0.4601001669449082
TNR:0.4601001669449082
FPR:0.5009054690329591
FPDR:0.5009054690329591
F1:0.4788047255038221
BACC:0.0
CLSFE:0.08133333333333333
MCC:-0.01202132492724865
GMEAN:0.0
SAMPLES:3000.0
AUC:{'AUC macro OVO': 0.49909453096704093}
AVGP:{'avg_precision': 0.9202005747435714}


METRICS_PER_CLASSES
CLASS:0
ACC:0.9186666666666666
PREC:0.0
REC:0.0
TNR:0.9202003338898164
FPR:1.0
FPDR:1.0
F1:0.0
BACC:0
CLSFE:1.0
MCC:-0.01202132492724865
GMEAN:0
SAMPLES:239
AUC:{}
AVGP:{}
CLASS:1
ACC:0.9186666666666666
PREC:0.9981890619340819
REC:0.9202003338898164
TNR:0.0
FPR:0.0018109380659181455
FPDR:0.0018109380659181455
F1:0.9576094510076442
BACC:0
CLSFE:0.0018109380659181455
MCC:-0.01202132492724865
GMEAN:0
SAMPLES:2761
AUC:{}
AVGP:{}
