

GENERAL_METRICS
ACC:0.922
PREC:0.5082015060416788
REC:0.5772025154160816
TNR:0.5772025154160816
FPR:0.4917984939583212
FPDR:0.4917984939583212
F1:0.5001651875733376
BACC:0.0
CLSFE:0.078
MCC:0.050326013019820905
GMEAN:0.4590336449244206
SAMPLES:3000.0
AUC:{'AUC macro OVO': 0.5082015060416788}
AVGP:{'avg_precision': 0.9271253744159836}


METRICS_PER_CLASSES
CLASS:0
ACC:0.922
PREC:0.02252252252252252
REC:0.22727272727272727
TNR:0.9271323035594359
FPR:0.9774774774774775
FPDR:0.9774774774774775
F1:0.040983606557377046
BACC:0
CLSFE:0.9774774774774775
MCC:0.050326013019820905
GMEAN:0.4590336449244206
SAMPLES:222
AUC:{}
AVGP:{}
CLASS:1
ACC:0.922
PREC:0.9938804895608351
REC:0.9271323035594359
TNR:0.22727272727272727
FPR:0.006119510439164867
FPDR:0.006119510439164867
F1:0.9593467685892981
BACC:0
CLSFE:0.006119510439164867
MCC:0.050326013019820905
GMEAN:0.4590336449244206
SAMPLES:2778
AUC:{}
AVGP:{}
