

GENERAL_METRICS
ACC:0.9216666666666666
PREC:0.5062268423219431
REC:0.5683627888910467
TNR:0.5683627888910467
FPR:0.4937731576780568
FPDR:0.4937731576780568
F1:0.49605096961937906
BACC:0.0
CLSFE:0.07833333333333334
MCC:0.041264236675980705
GMEAN:0.4415759485232815
SAMPLES:3000.0
AUC:{'AUC macro OVO': 0.5062268423219433}
AVGP:{'avg_precision': 0.9261945829832938}


METRICS_PER_CLASSES
CLASS:0
ACC:0.9216666666666666
PREC:0.017857142857142856
REC:0.21052631578947367
TNR:0.9261992619926199
FPR:0.9821428571428571
FPDR:0.9821428571428571
F1:0.03292181069958848
BACC:0
CLSFE:0.9821428571428571
MCC:0.041264236675980705
GMEAN:0.4415759485232815
SAMPLES:224
AUC:{}
AVGP:{}
CLASS:1
ACC:0.9216666666666666
PREC:0.9945965417867435
REC:0.9261992619926199
TNR:0.21052631578947367
FPR:0.005403458213256484
FPDR:0.005403458213256484
F1:0.9591801285391697
BACC:0
CLSFE:0.005403458213256484
MCC:0.041264236675980705
GMEAN:0.4415759485232815
SAMPLES:2776
AUC:{}
AVGP:{}
