

GENERAL_METRICS
ACC:0.915
PREC:0.5020718616163302
REC:0.516705908734163
TNR:0.516705908734163
FPR:0.49792813838366984
FPDR:0.49792813838366984
F1:0.4892778388641539
BACC:0.0
CLSFE:0.085
MCC:0.011766449094306606
GMEAN:0.3201216272948655
SAMPLES:3000.0
AUC:{'AUC macro OVO': 0.5020718616163302}
AVGP:{'avg_precision': 0.9222980971914257}


METRICS_PER_CLASSES
CLASS:0
ACC:0.915
PREC:0.01282051282051282
REC:0.1111111111111111
TNR:0.922300706357215
FPR:0.9871794871794872
FPDR:0.9871794871794872
F1:0.022988505747126436
BACC:0
CLSFE:0.9871794871794872
MCC:0.011766449094306606
GMEAN:0.3201216272948655
SAMPLES:234
AUC:{}
AVGP:{}
CLASS:1
ACC:0.915
PREC:0.9913232104121475
REC:0.922300706357215
TNR:0.1111111111111111
FPR:0.008676789587852495
FPDR:0.008676789587852495
F1:0.9555671719811814
BACC:0
CLSFE:0.008676789587852495
MCC:0.011766449094306606
GMEAN:0.3201216272948655
SAMPLES:2766
AUC:{}
AVGP:{}
