

GENERAL_METRICS
ACC:0.9133333333333333
PREC:0.5119269916755106
REC:0.581609829334804
TNR:0.581609829334804
FPR:0.4880730083244894
FPDR:0.4880730083244894
F1:0.5062741166104578
BACC:0.0
CLSFE:0.08666666666666667
MCC:0.062397427995584835
GMEAN:0.47246495236260405
SAMPLES:3000.0
AUC:{'AUC macro OVO': 0.5119269916755106}
AVGP:{'avg_precision': 0.9207791357208338}


METRICS_PER_CLASSES
CLASS:0
ACC:0.9133333333333333
PREC:0.03292181069958848
REC:0.24242424242424243
TNR:0.9207954162453656
FPR:0.9670781893004116
FPDR:0.9670781893004116
F1:0.057971014492753624
BACC:0
CLSFE:0.9670781893004116
MCC:0.062397427995584835
GMEAN:0.47246495236260405
SAMPLES:243
AUC:{}
AVGP:{}
CLASS:1
ACC:0.9133333333333333
PREC:0.9909321726514327
REC:0.9207954162453656
TNR:0.24242424242424243
FPR:0.009067827348567283
FPDR:0.009067827348567283
F1:0.9545772187281621
BACC:0
CLSFE:0.009067827348567283
MCC:0.062397427995584835
GMEAN:0.47246495236260405
SAMPLES:2757
AUC:{}
AVGP:{}
