

GENERAL_METRICS
ACC:0.9146666666666666
PREC:0.505631604837752
REC:0.8324432576769025
TNR:0.8324432576769025
FPR:0.4943683951622479
FPDR:0.4943683951622479
F1:0.4891429574897762
BACC:0.0
CLSFE:0.08533333333333333
MCC:0.08653760011027148
GMEAN:0.828350702610527
SAMPLES:3000.0
AUC:{'AUC macro OVO': 0.505631604837752}
AVGP:{'avg_precision': 0.9148861920440481}


METRICS_PER_CLASSES
CLASS:0
ACC:0.9146666666666666
PREC:0.011627906976744186
REC:0.75
TNR:0.914886515353805
FPR:0.9883720930232558
FPDR:0.9883720930232558
F1:0.022900763358778626
BACC:0
CLSFE:0.9883720930232558
MCC:0.08653760011027148
GMEAN:0.828350702610527
SAMPLES:258
AUC:{}
AVGP:{}
CLASS:1
ACC:0.9146666666666666
PREC:0.99963530269876
REC:0.914886515353805
TNR:0.75
FPR:0.00036469730123997083
FPDR:0.00036469730123997083
F1:0.9553851516207738
BACC:0
CLSFE:0.00036469730123997083
MCC:0.08653760011027148
GMEAN:0.828350702610527
SAMPLES:2742
AUC:{}
AVGP:{}
