

GENERAL_METRICS
ACC:0.9113333333333333
PREC:0.5009953217091653
REC:0.539746158984636
TNR:0.539746158984636
FPR:0.4990046782908347
FPDR:0.4990046782908347
F1:0.4805282728020748
BACC:0.0
CLSFE:0.08866666666666667
MCC:0.01257938232082077
GMEAN:0.3900482131101669
SAMPLES:3000.0
AUC:{'AUC macro OVO': 0.5009953217091653}
AVGP:{'avg_precision': 0.9128253609727368}


METRICS_PER_CLASSES
CLASS:0
ACC:0.9113333333333333
PREC:0.003816793893129771
REC:0.16666666666666666
TNR:0.9128256513026052
FPR:0.9961832061068703
FPDR:0.9961832061068703
F1:0.007462686567164179
BACC:0
CLSFE:0.9961832061068703
MCC:0.01257938232082077
GMEAN:0.3900482131101669
SAMPLES:262
AUC:{}
AVGP:{}
CLASS:1
ACC:0.9113333333333333
PREC:0.9981738495252008
REC:0.9128256513026052
TNR:0.16666666666666666
FPR:0.0018261504747991235
FPDR:0.0018261504747991235
F1:0.9535938590369853
BACC:0
CLSFE:0.0018261504747991235
MCC:0.01257938232082077
GMEAN:0.3900482131101669
SAMPLES:2738
AUC:{}
AVGP:{}
