

GENERAL_METRICS
ACC:0.9153333333333333
PREC:0.5072966891674703
REC:0.7437831129779008
TNR:0.7437831129779008
FPR:0.4927033108325297
FPDR:0.4927033108325297
F1:0.49313402813438734
BACC:0.0
CLSFE:0.08466666666666667
MCC:0.08435187252641234
GMEAN:0.7235379956563561
SAMPLES:3000.0
AUC:{'AUC macro OVO': 0.5072966891674703}
AVGP:{'avg_precision': 0.9161364111889491}


METRICS_PER_CLASSES
CLASS:0
ACC:0.9153333333333333
PREC:0.01568627450980392
REC:0.5714285714285714
TNR:0.9161376545272302
FPR:0.984313725490196
FPDR:0.984313725490196
F1:0.030534351145038167
BACC:0
CLSFE:0.984313725490196
MCC:0.08435187252641234
GMEAN:0.7235379956563561
SAMPLES:255
AUC:{}
AVGP:{}
CLASS:1
ACC:0.9153333333333333
PREC:0.9989071038251366
REC:0.9161376545272302
TNR:0.5714285714285714
FPR:0.001092896174863388
FPDR:0.001092896174863388
F1:0.9557337051237365
BACC:0
CLSFE:0.001092896174863388
MCC:0.08435187252641234
GMEAN:0.7235379956563561
SAMPLES:2745
AUC:{}
AVGP:{}
