

GENERAL_METRICS
ACC:0.9166666666666666
PREC:0.5029757160316701
REC:0.5842245989304813
TNR:0.5842245989304813
FPR:0.49702428396832987
FPDR:0.49702428396832987
F1:0.4861197519123197
BACC:0.0
CLSFE:0.08333333333333333
MCC:0.03166250080447969
GMEAN:0.47917877610057047
SAMPLES:3000.0
AUC:{'AUC macro OVO': 0.5029757160316701}
AVGP:{'avg_precision': 0.9184482192163853}


METRICS_PER_CLASSES
CLASS:0
ACC:0.9166666666666666
PREC:0.008130081300813009
REC:0.25
TNR:0.9184491978609626
FPR:0.991869918699187
FPDR:0.991869918699187
F1:0.015748031496062992
BACC:0
CLSFE:0.991869918699187
MCC:0.03166250080447969
GMEAN:0.47917877610057047
SAMPLES:246
AUC:{}
AVGP:{}
CLASS:1
ACC:0.9166666666666666
PREC:0.9978213507625272
REC:0.9184491978609626
TNR:0.25
FPR:0.002178649237472767
FPDR:0.002178649237472767
F1:0.9564914723285765
BACC:0
CLSFE:0.002178649237472767
MCC:0.03166250080447969
GMEAN:0.47917877610057047
SAMPLES:2754
AUC:{}
AVGP:{}
