

GENERAL_METRICS
ACC:0.8904
PREC:0.5211389159456827
REC:0.5862608136544307
TNR:0.5862608136544307
FPR:0.4788610840543173
FPDR:0.4788610840543173
F1:0.5201683403568547
BACC:0.0
CLSFE:0.1096
MCC:0.08540398326184108
GMEAN:0.492260951172818
SAMPLES:2500.0
AUC:{'AUC macro OVO': 0.5211389159456827}
AVGP:{'avg_precision': 0.9045941274967805}


METRICS_PER_CLASSES
CLASS:0
ACC:0.8904
PREC:0.06048387096774194
REC:0.26785714285714285
TNR:0.9046644844517185
FPR:0.9395161290322581
FPDR:0.9395161290322581
F1:0.09868421052631579
BACC:0
CLSFE:0.9395161290322581
MCC:0.08540398326184108
GMEAN:0.492260951172818
SAMPLES:248
AUC:{}
AVGP:{}
CLASS:1
ACC:0.8904
PREC:0.9817939609236235
REC:0.9046644844517185
TNR:0.26785714285714285
FPR:0.018206039076376555
FPDR:0.018206039076376555
F1:0.9416524701873935
BACC:0
CLSFE:0.018206039076376555
MCC:0.08540398326184108
GMEAN:0.492260951172818
SAMPLES:2252
AUC:{}
AVGP:{}
