

GENERAL_METRICS
ACC:0.8832
PREC:0.5056640027948819
REC:0.5250017348929379
TNR:0.5250017348929379
FPR:0.4943359972051181
FPDR:0.4943359972051181
F1:0.49485723143012145
BACC:0.0
CLSFE:0.1168
MCC:0.023799991286594668
GMEAN:0.3683845557493359
SAMPLES:2500.0
AUC:{'AUC macro OVO': 0.5056640027948819}
AVGP:{'avg_precision': 0.8990388248689593}


METRICS_PER_CLASSES
CLASS:0
ACC:0.8832
PREC:0.03137254901960784
REC:0.1509433962264151
TNR:0.8990600735594606
FPR:0.9686274509803922
FPDR:0.9686274509803922
F1:0.05194805194805195
BACC:0
CLSFE:0.9686274509803922
MCC:0.023799991286594668
GMEAN:0.3683845557493359
SAMPLES:255
AUC:{}
AVGP:{}
CLASS:1
ACC:0.8832
PREC:0.9799554565701559
REC:0.8990600735594606
TNR:0.1509433962264151
FPR:0.0200445434298441
FPDR:0.0200445434298441
F1:0.9377664109121909
BACC:0
CLSFE:0.0200445434298441
MCC:0.023799991286594668
GMEAN:0.3683845557493359
SAMPLES:2245
AUC:{}
AVGP:{}
