

GENERAL_METRICS
ACC:0.8816
PREC:0.5046171321193934
REC:0.518596966872829
TNR:0.518596966872829
FPR:0.4953828678806066
FPDR:0.4953828678806066
F1:0.49407105977071847
BACC:0.0
CLSFE:0.1184
MCC:0.01853263640951635
GMEAN:0.35218782200311305
SAMPLES:2500.0
AUC:{'AUC macro OVO': 0.5046171321193934}
AVGP:{'avg_precision': 0.8992436895731641}


METRICS_PER_CLASSES
CLASS:0
ACC:0.8816
PREC:0.031496062992125984
REC:0.13793103448275862
TNR:0.8992628992628993
FPR:0.968503937007874
FPDR:0.968503937007874
F1:0.05128205128205128
BACC:0
CLSFE:0.968503937007874
MCC:0.01853263640951635
GMEAN:0.35218782200311305
SAMPLES:254
AUC:{}
AVGP:{}
CLASS:1
ACC:0.8816
PREC:0.9777382012466608
REC:0.8992628992628993
TNR:0.13793103448275862
FPR:0.02226179875333927
FPDR:0.02226179875333927
F1:0.9368600682593856
BACC:0
CLSFE:0.02226179875333927
MCC:0.01853263640951635
GMEAN:0.35218782200311305
SAMPLES:2246
AUC:{}
AVGP:{}
