

GENERAL_METRICS
ACC:0.884
PREC:0.5215578807507059
REC:0.6019670688788337
TNR:0.6019670688788337
FPR:0.47844211924929414
FPDR:0.47844211924929414
F1:0.5186932887919932
BACC:0.0
CLSFE:0.116
MCC:0.0937698013517978
GMEAN:0.5251349511727319
SAMPLES:2500.0
AUC:{'AUC macro OVO': 0.5215578807507059}
AVGP:{'avg_precision': 0.8961733520912102}


METRICS_PER_CLASSES
CLASS:0
ACC:0.884
PREC:0.05925925925925926
REC:0.3076923076923077
TNR:0.8962418300653595
FPR:0.9407407407407408
FPDR:0.9407407407407408
F1:0.09937888198757763
BACC:0
CLSFE:0.9407407407407408
MCC:0.0937698013517978
GMEAN:0.5251349511727319
SAMPLES:270
AUC:{}
AVGP:{}
CLASS:1
ACC:0.884
PREC:0.9838565022421525
REC:0.8962418300653595
TNR:0.3076923076923077
FPR:0.016143497757847534
FPDR:0.016143497757847534
F1:0.9380076955964087
BACC:0
CLSFE:0.016143497757847534
MCC:0.0937698013517978
GMEAN:0.5251349511727319
SAMPLES:2230
AUC:{}
AVGP:{}
