

GENERAL_METRICS
ACC:0.8568
PREC:0.5834513490528435
REC:0.5853553144521159
TNR:0.5853553144521159
FPR:0.4165486509471565
FPDR:0.4165486509471565
F1:0.5843828247479363
BACC:0.0
CLSFE:0.1432
MCC:0.16879592577854174
GMEAN:0.4805101949364701
SAMPLES:2500.0
AUC:{'AUC macro OVO': 0.5834513490528435}
AVGP:{'avg_precision': 0.9183965836922117}


METRICS_PER_CLASSES
CLASS:0
ACC:0.8568
PREC:0.24481327800829875
REC:0.251063829787234
TNR:0.9196467991169978
FPR:0.7551867219917012
FPDR:0.7551867219917012
F1:0.24789915966386555
BACC:0
CLSFE:0.7551867219917012
MCC:0.16879592577854174
GMEAN:0.4805101949364701
SAMPLES:241
AUC:{}
AVGP:{}
CLASS:1
ACC:0.8568
PREC:0.9220894200973883
REC:0.9196467991169978
TNR:0.251063829787234
FPR:0.07791057990261177
FPDR:0.07791057990261177
F1:0.920866489832007
BACC:0
CLSFE:0.07791057990261177
MCC:0.16879592577854174
GMEAN:0.4805101949364701
SAMPLES:2259
AUC:{}
AVGP:{}
