

GENERAL_METRICS
ACC:0.8604
PREC:0.6080468514454394
REC:0.612387432970311
TNR:0.612387432970311
FPR:0.39195314855456065
FPDR:0.39195314855456065
F1:0.610141417011954
BACC:0.0
CLSFE:0.1396
MCC:0.2203915449782723
GMEAN:0.5293771503451604
SAMPLES:2500.0
AUC:{'AUC macro OVO': 0.6080468514454394}
AVGP:{'avg_precision': 0.9186041580345071}


METRICS_PER_CLASSES
CLASS:0
ACC:0.8604
PREC:0.29133858267716534
REC:0.3045267489711934
TNR:0.9202481169694284
FPR:0.7086614173228346
FPDR:0.7086614173228346
F1:0.2977867203219316
BACC:0
CLSFE:0.7086614173228346
MCC:0.2203915449782723
GMEAN:0.5293771503451604
SAMPLES:254
AUC:{}
AVGP:{}
CLASS:1
ACC:0.8604
PREC:0.9247551202137133
REC:0.9202481169694284
TNR:0.3045267489711934
FPR:0.07524487978628673
FPDR:0.07524487978628673
F1:0.9224961137019765
BACC:0
CLSFE:0.07524487978628673
MCC:0.2203915449782723
GMEAN:0.5293771503451604
SAMPLES:2246
AUC:{}
AVGP:{}
