

GENERAL_METRICS
ACC:0.8596
PREC:0.5798695975661241
REC:0.5814414998764517
TNR:0.5814414998764517
FPR:0.42013040243387584
FPDR:0.42013040243387584
F1:0.580640952669059
BACC:0.0
CLSFE:0.1404
MCC:0.16130343852892592
GMEAN:0.4715178045733285
SAMPLES:2500.0
AUC:{'AUC macro OVO': 0.5798695975661241}
AVGP:{'avg_precision': 0.9205213156308827}


METRICS_PER_CLASSES
CLASS:0
ACC:0.8596
PREC:0.23605150214592274
REC:0.2412280701754386
TNR:0.9216549295774648
FPR:0.7639484978540773
FPDR:0.7639484978540773
F1:0.2386117136659436
BACC:0
CLSFE:0.7639484978540773
MCC:0.16130343852892592
GMEAN:0.4715178045733285
SAMPLES:233
AUC:{}
AVGP:{}
CLASS:1
ACC:0.8596
PREC:0.9236876929863256
REC:0.9216549295774648
TNR:0.2412280701754386
FPR:0.07631230701367446
FPDR:0.07631230701367446
F1:0.9226701916721745
BACC:0
CLSFE:0.07631230701367446
MCC:0.16130343852892592
GMEAN:0.4715178045733285
SAMPLES:2267
AUC:{}
AVGP:{}
