

GENERAL_METRICS
ACC:0.8648
PREC:0.5989981980790531
REC:0.6044564520098998
TNR:0.6044564520098998
FPR:0.4010018019209469
FPDR:0.4010018019209469
F1:0.6015985093654996
BACC:0.0
CLSFE:0.1352
MCC:0.20338142025968017
GMEAN:0.5139764815730791
SAMPLES:2500.0
AUC:{'AUC macro OVO': 0.5989981980790531}
AVGP:{'avg_precision': 0.9212089440741215}


METRICS_PER_CLASSES
CLASS:0
ACC:0.8648
PREC:0.2697095435684647
REC:0.28634361233480177
TNR:0.9225692916849978
FPR:0.7302904564315352
FPDR:0.7302904564315352
F1:0.2777777777777778
BACC:0
CLSFE:0.7302904564315352
MCC:0.20338142025968017
GMEAN:0.5139764815730791
SAMPLES:241
AUC:{}
AVGP:{}
CLASS:1
ACC:0.8648
PREC:0.9282868525896414
REC:0.9225692916849978
TNR:0.28634361233480177
FPR:0.07171314741035857
FPDR:0.07171314741035857
F1:0.9254192409532216
BACC:0
CLSFE:0.07171314741035857
MCC:0.20338142025968017
GMEAN:0.5139764815730791
SAMPLES:2259
AUC:{}
AVGP:{}
