

GENERAL_METRICS
ACC:0.8853333333333333
PREC:0.6666948254411968
REC:0.7156667925203187
TNR:0.7156667925203187
FPR:0.3333051745588032
FPDR:0.3333051745588032
F1:0.6864257177366906
BACC:0.0
CLSFE:0.11466666666666667
MCC:0.3792125437410389
GMEAN:0.6855392274341509
SAMPLES:2250.0
AUC:{'AUC macro OVO': 0.6666948254411968}
AVGP:{'avg_precision': 0.9193150672943862}


METRICS_PER_CLASSES
CLASS:0
ACC:0.8853333333333333
PREC:0.3816793893129771
REC:0.5102040816326531
TNR:0.9211295034079844
FPR:0.6183206106870229
FPDR:0.6183206106870229
F1:0.4366812227074236
BACC:0
CLSFE:0.6183206106870229
MCC:0.3792125437410389
GMEAN:0.6855392274341509
SAMPLES:262
AUC:{}
AVGP:{}
CLASS:1
ACC:0.8853333333333333
PREC:0.9517102615694165
REC:0.9211295034079844
TNR:0.5102040816326531
FPR:0.0482897384305835
FPDR:0.0482897384305835
F1:0.9361702127659575
BACC:0
CLSFE:0.0482897384305835
MCC:0.3792125437410389
GMEAN:0.6855392274341509
SAMPLES:1988
AUC:{}
AVGP:{}
