

GENERAL_METRICS
ACC:0.8951111111111111
PREC:0.6819868264060278
REC:0.7254312439261419
TNR:0.7254312439261419
FPR:0.3180131735939722
FPDR:0.3180131735939722
F1:0.7003223650942715
BACC:0.0
CLSFE:0.10488888888888889
MCC:0.40509513280157633
GMEAN:0.6959814542394694
SAMPLES:2250.0
AUC:{'AUC macro OVO': 0.6819868264060278}
AVGP:{'avg_precision': 0.9282646624428624}


METRICS_PER_CLASSES
CLASS:0
ACC:0.8951111111111111
PREC:0.4098360655737705
REC:0.5208333333333334
TNR:0.9300291545189504
FPR:0.5901639344262295
FPDR:0.5901639344262295
F1:0.45871559633027525
BACC:0
CLSFE:0.5901639344262295
MCC:0.40509513280157633
GMEAN:0.6959814542394694
SAMPLES:244
AUC:{}
AVGP:{}
CLASS:1
ACC:0.8951111111111111
PREC:0.9541375872382851
REC:0.9300291545189504
TNR:0.5208333333333334
FPR:0.045862412761714856
FPDR:0.045862412761714856
F1:0.9419291338582677
BACC:0
CLSFE:0.045862412761714856
MCC:0.40509513280157633
GMEAN:0.6959814542394694
SAMPLES:2006
AUC:{}
AVGP:{}
