

GENERAL_METRICS
ACC:0.8857777777777778
PREC:0.656967055908745
REC:0.6877482049019215
TNR:0.6877482049019215
FPR:0.34303294409125495
FPDR:0.34303294409125495
F1:0.6702759076464628
BACC:0.0
CLSFE:0.11422222222222222
MCC:0.3433382179461321
GMEAN:0.64477568918018
SAMPLES:2250.0
AUC:{'AUC macro OVO': 0.656967055908745}
AVGP:{'avg_precision': 0.9253218644311328}


METRICS_PER_CLASSES
CLASS:0
ACC:0.8857777777777778
PREC:0.3670886075949367
REC:0.4484536082474227
TNR:0.9270428015564203
FPR:0.6329113924050633
FPDR:0.6329113924050633
F1:0.4037122969837587
BACC:0
CLSFE:0.6329113924050633
MCC:0.3433382179461321
GMEAN:0.64477568918018
SAMPLES:237
AUC:{}
AVGP:{}
CLASS:1
ACC:0.8857777777777778
PREC:0.9468455042225534
REC:0.9270428015564203
TNR:0.4484536082474227
FPR:0.053154495777446596
FPDR:0.053154495777446596
F1:0.9368395183091669
BACC:0
CLSFE:0.053154495777446596
MCC:0.3433382179461321
GMEAN:0.64477568918018
SAMPLES:2013
AUC:{}
AVGP:{}
