

GENERAL_METRICS
ACC:0.8831111111111111
PREC:0.6627938034188035
REC:0.6800341796989468
TNR:0.6800341796989468
FPR:0.3372061965811966
FPDR:0.3372061965811966
F1:0.6707471577425747
BACC:0.0
CLSFE:0.11688888888888889
MCC:0.34239421057357766
GMEAN:0.6326452836701452
SAMPLES:2250.0
AUC:{'AUC macro OVO': 0.6627938034188035}
AVGP:{'avg_precision': 0.9274720861233601}


METRICS_PER_CLASSES
CLASS:0
ACC:0.8831111111111111
PREC:0.38461538461538464
REC:0.430622009569378
TNR:0.9294463498285155
FPR:0.6153846153846154
FPDR:0.6153846153846154
F1:0.40632054176072235
BACC:0
CLSFE:0.6153846153846154
MCC:0.34239421057357766
GMEAN:0.6326452836701452
SAMPLES:234
AUC:{}
AVGP:{}
CLASS:1
ACC:0.8831111111111111
PREC:0.9409722222222222
REC:0.9294463498285155
TNR:0.430622009569378
FPR:0.059027777777777776
FPDR:0.059027777777777776
F1:0.9351737737244269
BACC:0
CLSFE:0.059027777777777776
MCC:0.34239421057357766
GMEAN:0.6326452836701452
SAMPLES:2016
AUC:{}
AVGP:{}
