

GENERAL_METRICS
ACC:0.8706666666666667
PREC:0.58075
REC:0.6322794659677288
TNR:0.6322794659677288
FPR:0.41925
FPDR:0.41925
F1:0.596200989839498
BACC:0.0
CLSFE:0.12933333333333333
MCC:0.20670333211532024
GMEAN:0.5699896466003137
SAMPLES:2250.0
AUC:{'AUC macro OVO': 0.58075}
AVGP:{'avg_precision': 0.9051454473475852}


METRICS_PER_CLASSES
CLASS:0
ACC:0.8706666666666667
PREC:0.208
REC:0.3586206896551724
TNR:0.9059382422802851
FPR:0.792
FPDR:0.792
F1:0.26329113924050634
BACC:0
CLSFE:0.792
MCC:0.20670333211532024
GMEAN:0.5699896466003137
SAMPLES:250
AUC:{}
AVGP:{}
CLASS:1
ACC:0.8706666666666667
PREC:0.9535
REC:0.9059382422802851
TNR:0.3586206896551724
FPR:0.0465
FPDR:0.0465
F1:0.9291108404384897
BACC:0
CLSFE:0.0465
MCC:0.20670333211532024
GMEAN:0.5699896466003137
SAMPLES:2000
AUC:{}
AVGP:{}
