

GENERAL_METRICS
ACC:0.8715555555555555
PREC:0.5809666283084004
REC:0.6693847836805128
TNR:0.6693847836805128
FPR:0.41903337169159954
FPDR:0.41903337169159954
F1:0.6008020180601403
BACC:0.0
CLSFE:0.12844444444444444
MCC:0.2342179738735599
GMEAN:0.6298055729990003
SAMPLES:2250.0
AUC:{'AUC macro OVO': 0.5809666283084005}
AVGP:{'avg_precision': 0.8955141704472152}


METRICS_PER_CLASSES
CLASS:0
ACC:0.8715555555555555
PREC:0.19636363636363635
REC:0.4426229508196721
TNR:0.8961466165413534
FPR:0.8036363636363636
FPDR:0.8036363636363636
F1:0.27204030226700254
BACC:0
CLSFE:0.8036363636363636
MCC:0.2342179738735599
GMEAN:0.6298055729990003
SAMPLES:275
AUC:{}
AVGP:{}
CLASS:1
ACC:0.8715555555555555
PREC:0.9655696202531645
REC:0.8961466165413534
TNR:0.4426229508196721
FPR:0.034430379746835445
FPDR:0.034430379746835445
F1:0.9295637338532781
BACC:0
CLSFE:0.034430379746835445
MCC:0.2342179738735599
GMEAN:0.6298055729990003
SAMPLES:1975
AUC:{}
AVGP:{}
