

GENERAL_METRICS
ACC:0.8666666666666667
PREC:0.5774902833500501
REC:0.6271504615938489
TNR:0.6271504615938489
FPR:0.42250971664994985
FPDR:0.42250971664994985
F1:0.5920917775371287
BACC:0.0
CLSFE:0.13333333333333333
MCC:0.1985238050914501
GMEAN:0.5632517663237502
SAMPLES:2250.0
AUC:{'AUC macro OVO': 0.5774902833500501}
AVGP:{'avg_precision': 0.902144243068565}


METRICS_PER_CLASSES
CLASS:0
ACC:0.8666666666666667
PREC:0.203125
REC:0.35135135135135137
TNR:0.9029495718363464
FPR:0.796875
FPDR:0.796875
F1:0.25742574257425743
BACC:0
CLSFE:0.796875
MCC:0.1985238050914501
GMEAN:0.5632517663237502
SAMPLES:256
AUC:{}
AVGP:{}
CLASS:1
ACC:0.8666666666666667
PREC:0.9518555667001003
REC:0.9029495718363464
TNR:0.35135135135135137
FPR:0.048144433299899696
FPDR:0.048144433299899696
F1:0.9267578125
BACC:0
CLSFE:0.048144433299899696
MCC:0.1985238050914501
GMEAN:0.5632517663237502
SAMPLES:1994
AUC:{}
AVGP:{}
