

GENERAL_METRICS
ACC:0.8813333333333333
PREC:0.6268131582154165
REC:0.6717858182062358
TNR:0.6717858182062358
FPR:0.37318684178458345
FPDR:0.37318684178458345
F1:0.6440909018200389
BACC:0.0
CLSFE:0.11866666666666667
MCC:0.2951928328625353
GMEAN:0.6245843795685421
SAMPLES:2250.0
AUC:{'AUC macro OVO': 0.6268131582154166}
AVGP:{'avg_precision': 0.9178587808183674}


METRICS_PER_CLASSES
CLASS:0
ACC:0.8813333333333333
PREC:0.3029045643153527
REC:0.42441860465116277
TNR:0.9191530317613089
FPR:0.6970954356846473
FPDR:0.6970954356846473
F1:0.35351089588377727
BACC:0
CLSFE:0.6970954356846473
MCC:0.2951928328625353
GMEAN:0.6245843795685421
SAMPLES:241
AUC:{}
AVGP:{}
CLASS:1
ACC:0.8813333333333333
PREC:0.9507217521154804
REC:0.9191530317613089
TNR:0.42441860465116277
FPR:0.04927824788451966
FPDR:0.04927824788451966
F1:0.9346709077563005
BACC:0
CLSFE:0.04927824788451966
MCC:0.2951928328625353
GMEAN:0.6245843795685421
SAMPLES:2009
AUC:{}
AVGP:{}
