

GENERAL_METRICS
ACC:0.9263529411764706
PREC:0.5594600841445422
REC:0.6082107683158551
TNR:0.6082107683158551
FPR:0.4405399158554579
FPDR:0.4405399158554579
F1:0.574221219322883
BACC:0.0
CLSFE:0.07364705882352941
MCC:0.16042719706341937
GMEAN:0.504602204251082
SAMPLES:4250.0
AUC:{'AUC macro OVO': 0.5594600841445421}
AVGP:{'avg_precision': 0.9475975991368218}


METRICS_PER_CLASSES
CLASS:0
ACC:0.9263529411764706
PREC:0.14342629482071714
REC:0.26865671641791045
TNR:0.9477648202137998
FPR:0.8565737051792829
FPDR:0.8565737051792829
F1:0.18701298701298702
BACC:0
CLSFE:0.8565737051792829
MCC:0.16042719706341937
GMEAN:0.504602204251082
SAMPLES:251
AUC:{}
AVGP:{}
CLASS:1
ACC:0.9263529411764706
PREC:0.9754938734683671
REC:0.9477648202137998
TNR:0.26865671641791045
FPR:0.024506126531632907
FPDR:0.024506126531632907
F1:0.9614294516327788
BACC:0
CLSFE:0.024506126531632907
MCC:0.16042719706341937
GMEAN:0.504602204251082
SAMPLES:3999
AUC:{}
AVGP:{}
