

GENERAL_METRICS
ACC:0.9247058823529412
PREC:0.5422656611681003
REC:0.5789039756186317
TNR:0.5789039756186317
FPR:0.4577343388318998
FPDR:0.4577343388318998
F1:0.5525026290470544
BACC:0.0
CLSFE:0.07529411764705882
MCC:0.1154976830644343
GMEAN:0.4469121678896875
SAMPLES:4250.0
AUC:{'AUC macro OVO': 0.5422656611681003}
AVGP:{'avg_precision': 0.9467505628201749}


METRICS_PER_CLASSES
CLASS:0
ACC:0.9247058823529412
PREC:0.10975609756097561
REC:0.2109375
TNR:0.9468704512372634
FPR:0.8902439024390244
FPDR:0.8902439024390244
F1:0.1443850267379679
BACC:0
CLSFE:0.8902439024390244
MCC:0.1154976830644343
GMEAN:0.4469121678896875
SAMPLES:246
AUC:{}
AVGP:{}
CLASS:1
ACC:0.9247058823529412
PREC:0.9747752247752248
REC:0.9468704512372634
TNR:0.2109375
FPR:0.025224775224775224
FPDR:0.025224775224775224
F1:0.9606202313561408
BACC:0
CLSFE:0.025224775224775224
MCC:0.1154976830644343
GMEAN:0.4469121678896875
SAMPLES:4004
AUC:{}
AVGP:{}
