

GENERAL_METRICS
ACC:0.9230588235294117
PREC:0.5425763987021887
REC:0.5803864824495892
TNR:0.5803864824495892
FPR:0.4574236012978113
FPDR:0.4574236012978113
F1:0.5529641396662582
BACC:0.0
CLSFE:0.07694117647058824
MCC:0.11700541743082166
GMEAN:0.45124506207745974
SAMPLES:4250.0
AUC:{'AUC macro OVO': 0.5425763987021887}
AVGP:{'avg_precision': 0.9452628524791652}


METRICS_PER_CLASSES
CLASS:0
ACC:0.9230588235294117
PREC:0.11067193675889328
REC:0.2153846153846154
TNR:0.9453883495145631
FPR:0.8893280632411067
FPDR:0.8893280632411067
F1:0.1462140992167102
BACC:0
CLSFE:0.8893280632411067
MCC:0.11700541743082166
GMEAN:0.45124506207745974
SAMPLES:253
AUC:{}
AVGP:{}
CLASS:1
ACC:0.9230588235294117
PREC:0.9744808606454841
REC:0.9453883495145631
TNR:0.2153846153846154
FPR:0.02551913935451589
FPDR:0.02551913935451589
F1:0.9597141801158063
BACC:0
CLSFE:0.02551913935451589
MCC:0.11700541743082166
GMEAN:0.45124506207745974
SAMPLES:3997
AUC:{}
AVGP:{}
