

GENERAL_METRICS
ACC:0.9336470588235294
PREC:0.5731580887306644
REC:0.6182620044102426
TNR:0.6182620044102426
FPR:0.42684191126933557
FPDR:0.42684191126933557
F1:0.5888276390163976
BACC:0.0
CLSFE:0.06635294117647059
MCC:0.18603034389164316
GMEAN:0.5184850870306696
SAMPLES:4250.0
AUC:{'AUC macro OVO': 0.5731580887306644}
AVGP:{'avg_precision': 0.9548615558439187}


METRICS_PER_CLASSES
CLASS:0
ACC:0.9336470588235294
PREC:0.17040358744394618
REC:0.2814814814814815
TNR:0.9550425273390036
FPR:0.8295964125560538
FPDR:0.8295964125560538
F1:0.2122905027932961
BACC:0
CLSFE:0.8295964125560538
MCC:0.18603034389164316
GMEAN:0.5184850870306696
SAMPLES:223
AUC:{}
AVGP:{}
CLASS:1
ACC:0.9336470588235294
PREC:0.9759125900173826
REC:0.9550425273390036
TNR:0.2814814814814815
FPR:0.024087409982617332
FPDR:0.024087409982617332
F1:0.9653647752394989
BACC:0
CLSFE:0.024087409982617332
MCC:0.18603034389164316
GMEAN:0.5184850870306696
SAMPLES:4027
AUC:{}
AVGP:{}
