

GENERAL_METRICS
ACC:0.8866666666666667
PREC:0.5989635240183376
REC:0.6005544163438901
TNR:0.6005544163438901
FPR:0.40103647598166237
FPDR:0.40103647598166237
F1:0.5997488620310784
BACC:0.0
CLSFE:0.11333333333333333
MCC:0.1995115976277919
GMEAN:0.49681907591961005
SAMPLES:3000.0
AUC:{'AUC macro OVO': 0.5989635240183376}
AVGP:{'avg_precision': 0.9370232798672105}


METRICS_PER_CLASSES
CLASS:0
ACC:0.8866666666666667
PREC:0.25862068965517243
REC:0.2631578947368421
TNR:0.937950937950938
FPR:0.7413793103448276
FPDR:0.7413793103448276
F1:0.2608695652173913
BACC:0
CLSFE:0.7413793103448276
MCC:0.1995115976277919
GMEAN:0.49681907591961005
SAMPLES:232
AUC:{}
AVGP:{}
CLASS:1
ACC:0.8866666666666667
PREC:0.9393063583815029
REC:0.937950937950938
TNR:0.2631578947368421
FPR:0.06069364161849711
FPDR:0.06069364161849711
F1:0.9386281588447654
BACC:0
CLSFE:0.06069364161849711
MCC:0.1995115976277919
GMEAN:0.49681907591961005
SAMPLES:2768
AUC:{}
AVGP:{}
