

GENERAL_METRICS
ACC:0.7893333333333333
PREC:0.7770761742248504
REC:0.7673629817359567
TNR:0.7673629817359567
FPR:0.22292382577514958
FPDR:0.22292382577514958
F1:0.771412037037037
BACC:0.0
CLSFE:0.21066666666666667
MCC:0.5443525038382663
GMEAN:0.7623410195323937
SAMPLES:750.0
AUC:{'AUC macro OVO': 0.7770761742248504}
AVGP:{'avg_precision': 0.8182877292328002}


METRICS_PER_CLASSES
CLASS:0
ACC:0.7893333333333333
PREC:0.7374517374517374
REC:0.6797153024911032
TNR:0.8550106609808102
FPR:0.2625482625482625
FPDR:0.2625482625482625
F1:0.7074074074074074
BACC:0
CLSFE:0.2625482625482625
MCC:0.5443525038382663
GMEAN:0.7623410195323937
SAMPLES:259
AUC:{}
AVGP:{}
CLASS:1
ACC:0.7893333333333333
PREC:0.8167006109979633
REC:0.8550106609808102
TNR:0.6797153024911032
FPR:0.18329938900203666
FPDR:0.18329938900203666
F1:0.8354166666666667
BACC:0
CLSFE:0.18329938900203666
MCC:0.5443525038382663
GMEAN:0.7623410195323937
SAMPLES:491
AUC:{}
AVGP:{}
