

GENERAL_METRICS
ACC:0.828
PREC:0.8147573467399225
REC:0.8006585533725441
TNR:0.8006585533725441
FPR:0.18524265326007744
FPDR:0.18524265326007744
F1:0.8066929204653756
BACC:0.0
CLSFE:0.172
MCC:0.6152543816478039
GMEAN:0.7955006593091746
SAMPLES:750.0
AUC:{'AUC macro OVO': 0.8147573467399226}
AVGP:{'avg_precision': 0.8601516259771369}


METRICS_PER_CLASSES
CLASS:0
ACC:0.828
PREC:0.7782426778242678
REC:0.7099236641221374
TNR:0.8913934426229508
FPR:0.2217573221757322
FPDR:0.2217573221757322
F1:0.7425149700598802
BACC:0
CLSFE:0.2217573221757322
MCC:0.6152543816478039
GMEAN:0.7955006593091746
SAMPLES:239
AUC:{}
AVGP:{}
CLASS:1
ACC:0.828
PREC:0.8512720156555773
REC:0.8913934426229508
TNR:0.7099236641221374
FPR:0.1487279843444227
FPDR:0.1487279843444227
F1:0.8708708708708709
BACC:0
CLSFE:0.1487279843444227
MCC:0.6152543816478039
GMEAN:0.7955006593091746
SAMPLES:511
AUC:{}
AVGP:{}
