

GENERAL_METRICS
ACC:0.8106666666666666
PREC:0.8073915580626337
REC:0.7929758470585617
TNR:0.7929758470585617
FPR:0.19260844193736626
FPDR:0.19260844193736626
F1:0.7982587743226042
BACC:0.0
CLSFE:0.18933333333333333
MCC:0.6001943088768876
GMEAN:0.7881567801246357
SAMPLES:750.0
AUC:{'AUC macro OVO': 0.8073915580626337}
AVGP:{'avg_precision': 0.8378810280323984}


METRICS_PER_CLASSES
CLASS:0
ACC:0.8106666666666666
PREC:0.7962264150943397
REC:0.705685618729097
TNR:0.8802660753880266
FPR:0.2037735849056604
FPDR:0.2037735849056604
F1:0.74822695035461
BACC:0
CLSFE:0.2037735849056604
MCC:0.6001943088768876
GMEAN:0.7881567801246357
SAMPLES:265
AUC:{}
AVGP:{}
CLASS:1
ACC:0.8106666666666666
PREC:0.8185567010309278
REC:0.8802660753880266
TNR:0.705685618729097
FPR:0.18144329896907216
FPDR:0.18144329896907216
F1:0.8482905982905983
BACC:0
CLSFE:0.18144329896907216
MCC:0.6001943088768876
GMEAN:0.7881567801246357
SAMPLES:485
AUC:{}
AVGP:{}
