

GENERAL_METRICS
ACC:0.812
PREC:0.7998877150809717
REC:0.790334928229665
TNR:0.790334928229665
FPR:0.20011228491902833
FPDR:0.20011228491902833
F1:0.7944762204614227
BACC:0.0
CLSFE:0.188
MCC:0.5901453320496305
GMEAN:0.7861480192266411
SAMPLES:750.0
AUC:{'AUC macro OVO': 0.7998877150809717}
AVGP:{'avg_precision': 0.8370992257972868}


METRICS_PER_CLASSES
CLASS:0
ACC:0.812
PREC:0.76171875
REC:0.7090909090909091
TNR:0.871578947368421
FPR:0.23828125
FPDR:0.23828125
F1:0.7344632768361582
BACC:0
CLSFE:0.23828125
MCC:0.5901453320496305
GMEAN:0.7861480192266411
SAMPLES:256
AUC:{}
AVGP:{}
CLASS:1
ACC:0.812
PREC:0.8380566801619433
REC:0.871578947368421
TNR:0.7090909090909091
FPR:0.16194331983805668
FPDR:0.16194331983805668
F1:0.8544891640866873
BACC:0
CLSFE:0.16194331983805668
MCC:0.5901453320496305
GMEAN:0.7861480192266411
SAMPLES:494
AUC:{}
AVGP:{}
