

GENERAL_METRICS
ACC:0.82
PREC:0.8174594274179336
REC:0.8258110130058041
TNR:0.8258110130058041
FPR:0.18254057258206635
FPDR:0.18254057258206635
F1:0.8181818181818181
BACC:0.0
CLSFE:0.18
MCC:0.6432162237856862
GMEAN:0.8250505022591372
SAMPLES:500.0
AUC:{'AUC macro OVO': 0.8174594274179336}
AVGP:{'avg_precision': 0.7652527943774942}


METRICS_PER_CLASSES
CLASS:0
ACC:0.82
PREC:0.888030888030888
REC:0.7903780068728522
TNR:0.861244019138756
FPR:0.11196911196911197
FPDR:0.11196911196911197
F1:0.8363636363636363
BACC:0
CLSFE:0.11196911196911197
MCC:0.6432162237856862
GMEAN:0.8250505022591372
SAMPLES:259
AUC:{}
AVGP:{}
CLASS:1
ACC:0.82
PREC:0.7468879668049793
REC:0.861244019138756
TNR:0.7903780068728522
FPR:0.25311203319502074
FPDR:0.25311203319502074
F1:0.8
BACC:0
CLSFE:0.25311203319502074
MCC:0.6432162237856862
GMEAN:0.8250505022591372
SAMPLES:241
AUC:{}
AVGP:{}
