

GENERAL_METRICS
ACC:0.85
PREC:0.847282077572534
REC:0.8579188957136252
TNR:0.8579188957136252
FPR:0.15271792242746599
FPDR:0.15271792242746599
F1:0.848295447649793
BACC:0.0
CLSFE:0.15
MCC:0.7051207491086755
GMEAN:0.8567382308937864
SAMPLES:500.0
AUC:{'AUC macro OVO': 0.847282077572534}
AVGP:{'avg_precision': 0.8068537243685292}


METRICS_PER_CLASSES
CLASS:0
ACC:0.85
PREC:0.9227799227799228
REC:0.8129251700680272
TNR:0.9029126213592233
FPR:0.07722007722007722
FPDR:0.07722007722007722
F1:0.864376130198915
BACC:0
CLSFE:0.07722007722007722
MCC:0.7051207491086755
GMEAN:0.8567382308937864
SAMPLES:259
AUC:{}
AVGP:{}
CLASS:1
ACC:0.85
PREC:0.7717842323651453
REC:0.9029126213592233
TNR:0.8129251700680272
FPR:0.22821576763485477
FPDR:0.22821576763485477
F1:0.8322147651006712
BACC:0
CLSFE:0.22821576763485477
MCC:0.7051207491086755
GMEAN:0.8567382308937864
SAMPLES:241
AUC:{}
AVGP:{}
