

GENERAL_METRICS
ACC:0.884
PREC:0.8807655901557812
REC:0.8902316710238576
TNR:0.8902316710238576
FPR:0.11923440984421876
FPDR:0.11923440984421876
F1:0.8826310080782244
BACC:0.0
CLSFE:0.116
MCC:0.7709391480911469
GMEAN:0.8894203621135872
SAMPLES:500.0
AUC:{'AUC macro OVO': 0.8807655901557812}
AVGP:{'avg_precision': 0.8458166878646558}


METRICS_PER_CLASSES
CLASS:0
ACC:0.884
PREC:0.9429657794676806
REC:0.852233676975945
TNR:0.9282296650717703
FPR:0.057034220532319393
FPDR:0.057034220532319393
F1:0.8953068592057761
BACC:0
CLSFE:0.057034220532319393
MCC:0.7709391480911469
GMEAN:0.8894203621135872
SAMPLES:263
AUC:{}
AVGP:{}
CLASS:1
ACC:0.884
PREC:0.8185654008438819
REC:0.9282296650717703
TNR:0.852233676975945
FPR:0.18143459915611815
FPDR:0.18143459915611815
F1:0.8699551569506726
BACC:0
CLSFE:0.18143459915611815
MCC:0.7709391480911469
GMEAN:0.8894203621135872
SAMPLES:237
AUC:{}
AVGP:{}
