

GENERAL_METRICS
ACC:0.866
PREC:0.8645893348697267
REC:0.877850757161102
TNR:0.877850757161102
FPR:0.13541066513027333
FPDR:0.13541066513027333
F1:0.8645912069167621
BACC:0.0
CLSFE:0.134
MCC:0.7423216452007547
GMEAN:0.875584617167773
SAMPLES:500.0
AUC:{'AUC macro OVO': 0.8645893348697266}
AVGP:{'avg_precision': 0.8405258520565501}


METRICS_PER_CLASSES
CLASS:0
ACC:0.866
PREC:0.952755905511811
REC:0.8148148148148148
TNR:0.9408866995073891
FPR:0.047244094488188976
FPDR:0.047244094488188976
F1:0.8784029038112523
BACC:0
CLSFE:0.047244094488188976
MCC:0.7423216452007547
GMEAN:0.875584617167773
SAMPLES:254
AUC:{}
AVGP:{}
CLASS:1
ACC:0.866
PREC:0.7764227642276422
REC:0.9408866995073891
TNR:0.8148148148148148
FPR:0.22357723577235772
FPDR:0.22357723577235772
F1:0.8507795100222717
BACC:0
CLSFE:0.22357723577235772
MCC:0.7423216452007547
GMEAN:0.875584617167773
SAMPLES:246
AUC:{}
AVGP:{}
