

GENERAL_METRICS
ACC:0.9196923076923077
PREC:0.555445006621617
REC:0.6649852879361076
TNR:0.6649852879361076
FPR:0.444554993378383
FPDR:0.444554993378383
F1:0.5748484716347622
BACC:0.0
CLSFE:0.0803076923076923
MCC:0.19128628159998176
GMEAN:0.6087879407596983
SAMPLES:3250.0
AUC:{'AUC macro OVO': 0.555445006621617}
AVGP:{'avg_precision': 0.9324108159372883}


METRICS_PER_CLASSES
CLASS:0
ACC:0.9196923076923077
PREC:0.12653061224489795
REC:0.3974358974358974
TNR:0.9325346784363178
FPR:0.8734693877551021
FPDR:0.8734693877551021
F1:0.19195046439628483
BACC:0
CLSFE:0.8734693877551021
MCC:0.19128628159998176
GMEAN:0.6087879407596983
SAMPLES:245
AUC:{}
AVGP:{}
CLASS:1
ACC:0.9196923076923077
PREC:0.9843594009983361
REC:0.9325346784363178
TNR:0.3974358974358974
FPR:0.015640599001663893
FPDR:0.015640599001663893
F1:0.9577464788732394
BACC:0
CLSFE:0.015640599001663893
MCC:0.19128628159998176
GMEAN:0.6087879407596983
SAMPLES:3005
AUC:{}
AVGP:{}
