

GENERAL_METRICS
ACC:0.9193846153846154
PREC:0.5704429692718771
REC:0.6984241319495487
TNR:0.6984241319495487
FPR:0.4295570307281229
FPDR:0.4295570307281229
F1:0.5956859236974107
BACC:0.0
CLSFE:0.08061538461538462
MCC:0.23645367436113945
GMEAN:0.6583036638771707
SAMPLES:3250.0
AUC:{'AUC macro OVO': 0.5704429692718771}
AVGP:{'avg_precision': 0.9315706435075084}


METRICS_PER_CLASSES
CLASS:0
ACC:0.9193846153846154
PREC:0.15625
REC:0.46511627906976744
TNR:0.93173198482933
FPR:0.84375
FPDR:0.84375
F1:0.23391812865497075
BACC:0
CLSFE:0.84375
MCC:0.23645367436113945
GMEAN:0.6583036638771707
SAMPLES:256
AUC:{}
AVGP:{}
CLASS:1
ACC:0.9193846153846154
PREC:0.9846359385437542
REC:0.93173198482933
TNR:0.46511627906976744
FPR:0.015364061456245824
FPDR:0.015364061456245824
F1:0.9574537187398506
BACC:0
CLSFE:0.015364061456245824
MCC:0.23645367436113945
GMEAN:0.6583036638771707
SAMPLES:2994
AUC:{}
AVGP:{}
