

GENERAL_METRICS
ACC:0.924
PREC:0.5737852421178135
REC:0.6951386234674977
TNR:0.6951386234674977
FPR:0.4262147578821865
FPDR:0.4262147578821865
F1:0.6
BACC:0.0
CLSFE:0.076
MCC:0.23998625443209168
GMEAN:0.6517843675993932
SAMPLES:3250.0
AUC:{'AUC macro OVO': 0.5737852421178136}
AVGP:{'avg_precision': 0.93662767098615}


METRICS_PER_CLASSES
CLASS:0
ACC:0.924
PREC:0.16317991631799164
REC:0.45348837209302323
TNR:0.9367888748419722
FPR:0.8368200836820083
FPDR:0.8368200836820083
F1:0.24
BACC:0
CLSFE:0.8368200836820083
MCC:0.23998625443209168
GMEAN:0.6517843675993932
SAMPLES:239
AUC:{}
AVGP:{}
CLASS:1
ACC:0.924
PREC:0.9843905679176354
REC:0.9367888748419722
TNR:0.45348837209302323
FPR:0.015609432082364663
FPDR:0.015609432082364663
F1:0.96
BACC:0
CLSFE:0.015609432082364663
MCC:0.23998625443209168
GMEAN:0.6517843675993932
SAMPLES:3011
AUC:{}
AVGP:{}
