

GENERAL_METRICS
ACC:0.9236923076923077
PREC:0.5800248557578757
REC:0.6879954026632847
TNR:0.6879954026632847
FPR:0.41997514424212434
FPDR:0.41997514424212434
F1:0.606402262747488
BACC:0.0
CLSFE:0.07630769230769231
MCC:0.2453104562082352
GMEAN:0.6407727579496292
SAMPLES:3250.0
AUC:{'AUC macro OVO': 0.5800248557578757}
AVGP:{'avg_precision': 0.9382918224941655}


METRICS_PER_CLASSES
CLASS:0
ACC:0.9236923076923077
PREC:0.17796610169491525
REC:0.4375
TNR:0.9384908053265695
FPR:0.8220338983050848
FPDR:0.8220338983050848
F1:0.25301204819277107
BACC:0
CLSFE:0.8220338983050848
MCC:0.2453104562082352
GMEAN:0.6407727579496292
SAMPLES:236
AUC:{}
AVGP:{}
CLASS:1
ACC:0.9236923076923077
PREC:0.9820836098208361
REC:0.9384908053265695
TNR:0.4375
FPR:0.017916390179163903
FPDR:0.017916390179163903
F1:0.959792477302205
BACC:0
CLSFE:0.017916390179163903
MCC:0.2453104562082352
GMEAN:0.6407727579496292
SAMPLES:3014
AUC:{}
AVGP:{}
