

GENERAL_METRICS
ACC:0.8773333333333333
PREC:0.7607648741890285
REC:0.807671468859838
TNR:0.807671468859838
FPR:0.23923512581097153
FPDR:0.23923512581097153
F1:0.7806013431013431
BACC:0.0
CLSFE:0.12266666666666666
MCC:0.5664977029742989
GMEAN:0.8014934449297261
SAMPLES:1500.0
AUC:{'AUC macro OVO': 0.7607648741890285}
AVGP:{'avg_precision': 0.9023709953829195}


METRICS_PER_CLASSES
CLASS:0
ACC:0.8773333333333333
PREC:0.5755395683453237
REC:0.7079646017699115
TNR:0.9073783359497645
FPR:0.4244604316546763
FPDR:0.4244604316546763
F1:0.6349206349206349
BACC:0
CLSFE:0.4244604316546763
MCC:0.5664977029742989
GMEAN:0.8014934449297261
SAMPLES:278
AUC:{}
AVGP:{}
CLASS:1
ACC:0.8773333333333333
PREC:0.9459901800327333
REC:0.9073783359497645
TNR:0.7079646017699115
FPR:0.054009819967266774
FPDR:0.054009819967266774
F1:0.9262820512820513
BACC:0
CLSFE:0.054009819967266774
MCC:0.5664977029742989
GMEAN:0.8014934449297261
SAMPLES:1222
AUC:{}
AVGP:{}
