

GENERAL_METRICS
ACC:0.88
PREC:0.7498015873015873
REC:0.7810937127887593
TNR:0.7810937127887593
FPR:0.2501984126984127
FPDR:0.2501984126984127
F1:0.7638406851768921
BACC:0.0
CLSFE:0.12
MCC:0.5299722846909206
GMEAN:0.7690097026948172
SAMPLES:1500.0
AUC:{'AUC macro OVO': 0.7498015873015873}
AVGP:{'avg_precision': 0.9133782495454322}


METRICS_PER_CLASSES
CLASS:0
ACC:0.88
PREC:0.5583333333333333
REC:0.6442307692307693
TNR:0.9179566563467493
FPR:0.44166666666666665
FPDR:0.44166666666666665
F1:0.5982142857142857
BACC:0
CLSFE:0.44166666666666665
MCC:0.5299722846909206
GMEAN:0.7690097026948172
SAMPLES:240
AUC:{}
AVGP:{}
CLASS:1
ACC:0.88
PREC:0.9412698412698413
REC:0.9179566563467493
TNR:0.6442307692307693
FPR:0.05873015873015873
FPDR:0.05873015873015873
F1:0.9294670846394985
BACC:0
CLSFE:0.05873015873015873
MCC:0.5299722846909206
GMEAN:0.7690097026948172
SAMPLES:1260
AUC:{}
AVGP:{}
