

GENERAL_METRICS
ACC:0.88
PREC:0.7592156862745099
REC:0.765070097205736
TNR:0.765070097205736
FPR:0.2407843137254902
FPDR:0.2407843137254902
F1:0.7620860296916635
BACC:0.0
CLSFE:0.12
MCC:0.5242530959681054
GMEAN:0.7476503890398889
SAMPLES:1500.0
AUC:{'AUC macro OVO': 0.7592156862745097}
AVGP:{'avg_precision': 0.922119024659044}


METRICS_PER_CLASSES
CLASS:0
ACC:0.88
PREC:0.5866666666666667
REC:0.6027397260273972
TNR:0.927400468384075
FPR:0.41333333333333333
FPDR:0.41333333333333333
F1:0.5945945945945946
BACC:0
CLSFE:0.41333333333333333
MCC:0.5242530959681054
GMEAN:0.7476503890398889
SAMPLES:225
AUC:{}
AVGP:{}
CLASS:1
ACC:0.88
PREC:0.9317647058823529
REC:0.927400468384075
TNR:0.6027397260273972
FPR:0.06823529411764706
FPDR:0.06823529411764706
F1:0.9295774647887324
BACC:0
CLSFE:0.06823529411764706
MCC:0.5242530959681054
GMEAN:0.7476503890398889
SAMPLES:1275
AUC:{}
AVGP:{}
