

GENERAL_METRICS
ACC:0.8666666666666667
PREC:0.7590217130910121
REC:0.7672705209326515
TNR:0.7672705209326515
FPR:0.24097828690898798
FPDR:0.24097828690898798
F1:0.7630211953842849
BACC:0.0
CLSFE:0.13333333333333333
MCC:0.5262275864707306
GMEAN:0.752704202576695
SAMPLES:1500.0
AUC:{'AUC macro OVO': 0.759021713091012}
AVGP:{'avg_precision': 0.9092744692239761}


METRICS_PER_CLASSES
CLASS:0
ACC:0.8666666666666667
PREC:0.5945945945945946
REC:0.6184738955823293
TNR:0.9160671462829736
FPR:0.40540540540540543
FPDR:0.40540540540540543
F1:0.6062992125984252
BACC:0
CLSFE:0.40540540540540543
MCC:0.5262275864707306
GMEAN:0.752704202576695
SAMPLES:259
AUC:{}
AVGP:{}
CLASS:1
ACC:0.8666666666666667
PREC:0.9234488315874295
REC:0.9160671462829736
TNR:0.6184738955823293
FPR:0.07655116841257051
FPDR:0.07655116841257051
F1:0.9197431781701445
BACC:0
CLSFE:0.07655116841257051
MCC:0.5262275864707306
GMEAN:0.752704202576695
SAMPLES:1241
AUC:{}
AVGP:{}
