

GENERAL_METRICS
ACC:0.8413333333333334
PREC:0.8540405430196294
REC:0.8320953043328625
TNR:0.8320953043328625
FPR:0.14595945698037058
FPDR:0.14595945698037058
F1:0.8361817217346934
BACC:0.0
CLSFE:0.15866666666666668
MCC:0.685784811381167
GMEAN:0.8258335293189554
SAMPLES:750.0
AUC:{'AUC macro OVO': 0.8540405430196295}
AVGP:{'avg_precision': 0.8753721436456108}


METRICS_PER_CLASSES
CLASS:0
ACC:0.8413333333333334
PREC:0.9021739130434783
REC:0.7302052785923754
TNR:0.9339853300733496
FPR:0.09782608695652174
FPDR:0.09782608695652174
F1:0.807131280388979
BACC:0
CLSFE:0.09782608695652174
MCC:0.685784811381167
GMEAN:0.8258335293189554
SAMPLES:276
AUC:{}
AVGP:{}
CLASS:1
ACC:0.8413333333333334
PREC:0.8059071729957806
REC:0.9339853300733496
TNR:0.7302052785923754
FPR:0.1940928270042194
FPDR:0.1940928270042194
F1:0.8652321630804077
BACC:0
CLSFE:0.1940928270042194
MCC:0.685784811381167
GMEAN:0.8258335293189554
SAMPLES:474
AUC:{}
AVGP:{}
