

GENERAL_METRICS
ACC:0.8213333333333334
PREC:0.8410587997575267
REC:0.8046552931578453
TNR:0.8046552931578453
FPR:0.1589412002424732
FPDR:0.1589412002424732
F1:0.8109210496609749
BACC:0.0
CLSFE:0.17866666666666667
MCC:0.6446871136425552
GMEAN:0.7930853662284746
SAMPLES:750.0
AUC:{'AUC macro OVO': 0.8410587997575267}
AVGP:{'avg_precision': 0.8829265225809992}


METRICS_PER_CLASSES
CLASS:0
ACC:0.8213333333333334
PREC:0.8979591836734694
REC:0.668693009118541
TNR:0.9406175771971497
FPR:0.10204081632653061
FPDR:0.10204081632653061
F1:0.7665505226480837
BACC:0
CLSFE:0.10204081632653061
MCC:0.6446871136425552
GMEAN:0.7930853662284746
SAMPLES:245
AUC:{}
AVGP:{}
CLASS:1
ACC:0.8213333333333334
PREC:0.7841584158415842
REC:0.9406175771971497
TNR:0.668693009118541
FPR:0.21584158415841584
FPDR:0.21584158415841584
F1:0.8552915766738661
BACC:0
CLSFE:0.21584158415841584
MCC:0.6446871136425552
GMEAN:0.7930853662284746
SAMPLES:505
AUC:{}
AVGP:{}
