

GENERAL_METRICS
ACC:0.836
PREC:0.8529715844473958
REC:0.8206493468963125
TNR:0.8206493468963125
FPR:0.14702841555260415
FPDR:0.14702841555260415
F1:0.8272274548216182
BACC:0.0
CLSFE:0.164
MCC:0.6728450282970488
GMEAN:0.8114581562734645
SAMPLES:750.0
AUC:{'AUC macro OVO': 0.8529715844473958}
AVGP:{'avg_precision': 0.8872614263781743}


METRICS_PER_CLASSES
CLASS:0
ACC:0.836
PREC:0.9051383399209486
REC:0.698170731707317
TNR:0.943127962085308
FPR:0.09486166007905138
FPDR:0.09486166007905138
F1:0.7882960413080895
BACC:0
CLSFE:0.09486166007905138
MCC:0.6728450282970488
GMEAN:0.8114581562734645
SAMPLES:253
AUC:{}
AVGP:{}
CLASS:1
ACC:0.836
PREC:0.8008048289738431
REC:0.943127962085308
TNR:0.698170731707317
FPR:0.19919517102615694
FPDR:0.19919517102615694
F1:0.8661588683351469
BACC:0
CLSFE:0.19919517102615694
MCC:0.6728450282970488
GMEAN:0.8114581562734645
SAMPLES:497
AUC:{}
AVGP:{}
