

GENERAL_METRICS
ACC:0.8213333333333334
PREC:0.8341431991156425
REC:0.8046345371625786
TNR:0.8046345371625786
FPR:0.16585680088435753
FPDR:0.16585680088435753
F1:0.811169733044733
BACC:0.0
CLSFE:0.17866666666666667
MCC:0.6380957884475248
GMEAN:0.7955719929751232
SAMPLES:750.0
AUC:{'AUC macro OVO': 0.8341431991156426}
AVGP:{'avg_precision': 0.8712074979148898}


METRICS_PER_CLASSES
CLASS:0
ACC:0.8213333333333334
PREC:0.8735177865612648
REC:0.6842105263157895
TNR:0.9250585480093677
FPR:0.12648221343873517
FPDR:0.12648221343873517
F1:0.7673611111111112
BACC:0
CLSFE:0.12648221343873517
MCC:0.6380957884475248
GMEAN:0.7955719929751232
SAMPLES:253
AUC:{}
AVGP:{}
CLASS:1
ACC:0.8213333333333334
PREC:0.7947686116700201
REC:0.9250585480093677
TNR:0.6842105263157895
FPR:0.2052313883299799
FPDR:0.2052313883299799
F1:0.854978354978355
BACC:0
CLSFE:0.2052313883299799
MCC:0.6380957884475248
GMEAN:0.7955719929751232
SAMPLES:497
AUC:{}
AVGP:{}
