

GENERAL_METRICS
ACC:0.73
PREC:0.6619450718794199
REC:0.651553764396768
TNR:0.651553764396768
FPR:0.3380549281205801
FPDR:0.3380549281205801
F1:0.6559212136041106
BACC:0.0
CLSFE:0.27
MCC:0.3133265725649918
GMEAN:0.6262189559268901
SAMPLES:1000.0
AUC:{'AUC macro OVO': 0.6619450718794199}
AVGP:{'avg_precision': 0.8144039744001433}


METRICS_PER_CLASSES
CLASS:0
ACC:0.73
PREC:0.5236220472440944
REC:0.4716312056737589
TNR:0.8314763231197771
FPR:0.4763779527559055
FPDR:0.4763779527559055
F1:0.4962686567164179
BACC:0
CLSFE:0.4763779527559055
MCC:0.3133265725649918
GMEAN:0.6262189559268901
SAMPLES:254
AUC:{}
AVGP:{}
CLASS:1
ACC:0.73
PREC:0.8002680965147453
REC:0.8314763231197771
TNR:0.4716312056737589
FPR:0.19973190348525469
FPDR:0.19973190348525469
F1:0.8155737704918032
BACC:0
CLSFE:0.19973190348525469
MCC:0.3133265725649918
GMEAN:0.6262189559268901
SAMPLES:746
AUC:{}
AVGP:{}
