

GENERAL_METRICS
ACC:0.729
PREC:0.6453019301185379
REC:0.6478878799842085
TNR:0.6478878799842085
FPR:0.3546980698814622
FPDR:0.3546980698814622
F1:0.646542178213173
BACC:0.0
CLSFE:0.271
MCC:0.2931784057726228
GMEAN:0.6263839789333301
SAMPLES:1000.0
AUC:{'AUC macro OVO': 0.6453019301185379}
AVGP:{'avg_precision': 0.7999325585202162}


METRICS_PER_CLASSES
CLASS:0
ACC:0.729
PREC:0.46946564885496184
REC:0.4823529411764706
TNR:0.8134228187919463
FPR:0.5305343511450382
FPDR:0.5305343511450382
F1:0.4758220502901354
BACC:0
CLSFE:0.5305343511450382
MCC:0.2931784057726228
GMEAN:0.6263839789333301
SAMPLES:262
AUC:{}
AVGP:{}
CLASS:1
ACC:0.729
PREC:0.8211382113821138
REC:0.8134228187919463
TNR:0.4823529411764706
FPR:0.17886178861788618
FPDR:0.17886178861788618
F1:0.8172623061362104
BACC:0
CLSFE:0.17886178861788618
MCC:0.2931784057726228
GMEAN:0.6263839789333301
SAMPLES:738
AUC:{}
AVGP:{}
