

GENERAL_METRICS
ACC:0.717
PREC:0.6301245026312412
REC:0.6337579953980284
TNR:0.6337579953980284
FPR:0.3698754973687588
FPDR:0.3698754973687588
F1:0.6318167566308761
BACC:0.0
CLSFE:0.283
MCC:0.26385748141085774
GMEAN:0.6107565634746143
SAMPLES:1000.0
AUC:{'AUC macro OVO': 0.6301245026312412}
AVGP:{'avg_precision': 0.7903761740621181}


METRICS_PER_CLASSES
CLASS:0
ACC:0.717
PREC:0.44528301886792454
REC:0.4645669291338583
TNR:0.8029490616621984
FPR:0.5547169811320755
FPDR:0.5547169811320755
F1:0.45472061657032753
BACC:0
CLSFE:0.5547169811320755
MCC:0.26385748141085774
GMEAN:0.6107565634746143
SAMPLES:265
AUC:{}
AVGP:{}
CLASS:1
ACC:0.717
PREC:0.8149659863945579
REC:0.8029490616621984
TNR:0.4645669291338583
FPR:0.18503401360544217
FPDR:0.18503401360544217
F1:0.8089128966914247
BACC:0
CLSFE:0.18503401360544217
MCC:0.26385748141085774
GMEAN:0.6107565634746143
SAMPLES:735
AUC:{}
AVGP:{}
