

GENERAL_METRICS
ACC:0.737
PREC:0.6605468973890026
REC:0.6585762516469038
TNR:0.6585762516469038
FPR:0.33945310261099737
FPDR:0.33945310261099737
F1:0.6595341443238646
BACC:0.0
CLSFE:0.263
MCC:0.31911706442299903
GMEAN:0.637272460619913
SAMPLES:1000.0
AUC:{'AUC macro OVO': 0.6605468973890026}
AVGP:{'avg_precision': 0.8095871178783077}


METRICS_PER_CLASSES
CLASS:0
ACC:0.737
PREC:0.5019305019305019
REC:0.49242424242424243
TNR:0.8247282608695652
FPR:0.4980694980694981
FPDR:0.4980694980694981
F1:0.497131931166348
BACC:0
CLSFE:0.4980694980694981
MCC:0.31911706442299903
GMEAN:0.637272460619913
SAMPLES:259
AUC:{}
AVGP:{}
CLASS:1
ACC:0.737
PREC:0.8191632928475033
REC:0.8247282608695652
TNR:0.49242424242424243
FPR:0.18083670715249664
FPDR:0.18083670715249664
F1:0.8219363574813812
BACC:0
CLSFE:0.18083670715249664
MCC:0.31911706442299903
GMEAN:0.637272460619913
SAMPLES:741
AUC:{}
AVGP:{}
