

GENERAL_METRICS
ACC:0.91225
PREC:0.618329608323256
REC:0.614308927711672
TNR:0.614308927711672
FPR:0.38167039167674405
FPDR:0.38167039167674405
F1:0.6162708799613865
BACC:0.0
CLSFE:0.08775
MCC:0.23260378882532015
GMEAN:0.5115632780147189
SAMPLES:4000.0
AUC:{'AUC macro OVO': 0.6183296083232559}
AVGP:{'avg_precision': 0.9537459302038824}


METRICS_PER_CLASSES
CLASS:0
ACC:0.91225
PREC:0.28451882845188287
REC:0.27419354838709675
TNR:0.9544243070362474
FPR:0.7154811715481172
FPDR:0.7154811715481172
F1:0.2792607802874743
BACC:0
CLSFE:0.7154811715481172
MCC:0.23260378882532015
GMEAN:0.5115632780147189
SAMPLES:239
AUC:{}
AVGP:{}
CLASS:1
ACC:0.91225
PREC:0.9521403881946291
REC:0.9544243070362474
TNR:0.27419354838709675
FPR:0.04785961180537091
FPDR:0.04785961180537091
F1:0.9532809796352988
BACC:0
CLSFE:0.04785961180537091
MCC:0.23260378882532015
GMEAN:0.5115632780147189
SAMPLES:3761
AUC:{}
AVGP:{}
