

GENERAL_METRICS
ACC:0.90825
PREC:0.59809002960408
REC:0.609501976718647
TNR:0.609501976718647
FPR:0.40190997039591997
FPDR:0.40190997039591997
F1:0.6033451942487215
BACC:0.0
CLSFE:0.09175
MCC:0.20727809472336792
GMEAN:0.5072300133120756
SAMPLES:4000.0
AUC:{'AUC macro OVO': 0.59809002960408}
AVGP:{'avg_precision': 0.9468780980472655}


METRICS_PER_CLASSES
CLASS:0
ACC:0.90825
PREC:0.2413793103448276
REC:0.27155172413793105
TNR:0.947452229299363
FPR:0.7586206896551724
FPDR:0.7586206896551724
F1:0.25557809330628806
BACC:0
CLSFE:0.7586206896551724
MCC:0.20727809472336792
GMEAN:0.5072300133120756
SAMPLES:261
AUC:{}
AVGP:{}
CLASS:1
ACC:0.90825
PREC:0.9548007488633324
REC:0.947452229299363
TNR:0.27155172413793105
FPR:0.045199251136667555
FPDR:0.045199251136667555
F1:0.9511122951911549
BACC:0
CLSFE:0.045199251136667555
MCC:0.20727809472336792
GMEAN:0.5072300133120756
SAMPLES:3739
AUC:{}
AVGP:{}
