

GENERAL_METRICS
ACC:0.909
PREC:0.6102836879432624
REC:0.6045945071067932
TNR:0.6045945071067932
FPR:0.38971631205673757
FPDR:0.38971631205673757
F1:0.6073316785168357
BACC:0.0
CLSFE:0.091
MCC:0.21480286760045753
GMEAN:0.49391345657243735
SAMPLES:4000.0
AUC:{'AUC macro OVO': 0.6102836879432625}
AVGP:{'avg_precision': 0.9526157944360509}


METRICS_PER_CLASSES
CLASS:0
ACC:0.909
PREC:0.2708333333333333
REC:0.2559055118110236
TNR:0.9532835024025628
FPR:0.7291666666666666
FPDR:0.7291666666666666
F1:0.2631578947368421
BACC:0
CLSFE:0.7291666666666666
MCC:0.21480286760045753
GMEAN:0.49391345657243735
SAMPLES:240
AUC:{}
AVGP:{}
CLASS:1
ACC:0.909
PREC:0.9497340425531915
REC:0.9532835024025628
TNR:0.2559055118110236
FPR:0.050265957446808514
FPDR:0.050265957446808514
F1:0.9515054622968292
BACC:0
CLSFE:0.050265957446808514
MCC:0.21480286760045753
GMEAN:0.49391345657243735
SAMPLES:3760
AUC:{}
AVGP:{}
