

GENERAL_METRICS
ACC:0.89675
PREC:0.6107602079733495
REC:0.6054757675904899
TNR:0.6054757675904899
FPR:0.3892397920266505
FPDR:0.3892397920266505
F1:0.608020954269665
BACC:0.0
CLSFE:0.10325
MCC:0.2161713945411959
GMEAN:0.5004077298464069
SAMPLES:4000.0
AUC:{'AUC macro OVO': 0.6107602079733496}
AVGP:{'avg_precision': 0.9454648232780077}


METRICS_PER_CLASSES
CLASS:0
ACC:0.89675
PREC:0.27898550724637683
REC:0.2646048109965636
TNR:0.9463467241844162
FPR:0.7210144927536232
FPDR:0.7210144927536232
F1:0.2716049382716049
BACC:0
CLSFE:0.7210144927536232
MCC:0.2161713945411959
GMEAN:0.5004077298464069
SAMPLES:276
AUC:{}
AVGP:{}
CLASS:1
ACC:0.89675
PREC:0.9425349087003222
REC:0.9463467241844162
TNR:0.2646048109965636
FPR:0.057465091299677765
FPDR:0.057465091299677765
F1:0.944436970267725
BACC:0
CLSFE:0.057465091299677765
MCC:0.2161713945411959
GMEAN:0.5004077298464069
SAMPLES:3724
AUC:{}
AVGP:{}
