

GENERAL_METRICS
ACC:0.9065454545454545
PREC:0.6457110299029432
REC:0.7137162959684261
TNR:0.7137162959684261
FPR:0.3542889700970569
FPDR:0.3542889700970569
F1:0.6709072715174493
BACC:0.0
CLSFE:0.09345454545454546
MCC:0.3529352438768425
GMEAN:0.6790704113055966
SAMPLES:2750.0
AUC:{'AUC macro OVO': 0.645711029902943}
AVGP:{'avg_precision': 0.9324953773471878}


METRICS_PER_CLASSES
CLASS:0
ACC:0.9065454545454545
PREC:0.3254901960784314
REC:0.49404761904761907
TNR:0.9333849728892332
FPR:0.6745098039215687
FPDR:0.6745098039215687
F1:0.39243498817966904
BACC:0
CLSFE:0.6745098039215687
MCC:0.3529352438768425
GMEAN:0.6790704113055966
SAMPLES:255
AUC:{}
AVGP:{}
CLASS:1
ACC:0.9065454545454545
PREC:0.9659318637274549
REC:0.9333849728892332
TNR:0.49404761904761907
FPR:0.03406813627254509
FPDR:0.03406813627254509
F1:0.9493795548552295
BACC:0
CLSFE:0.03406813627254509
MCC:0.3529352438768425
GMEAN:0.6790704113055966
SAMPLES:2495
AUC:{}
AVGP:{}
