

GENERAL_METRICS
ACC:0.9050909090909091
PREC:0.6474462419967965
REC:0.7268544133377596
TNR:0.7268544133377596
FPR:0.3525537580032035
FPDR:0.3525537580032035
F1:0.6755977656358261
BACC:0.0
CLSFE:0.09490909090909092
MCC:0.3657804299141254
GMEAN:0.6979184128714797
SAMPLES:2750.0
AUC:{'AUC macro OVO': 0.6474462419967966}
AVGP:{'avg_precision': 0.9290055508407095}


METRICS_PER_CLASSES
CLASS:0
ACC:0.9050909090909091
PREC:0.3271375464684015
REC:0.5238095238095238
TNR:0.9298993028659953
FPR:0.6728624535315985
FPDR:0.6728624535315985
F1:0.40274599542334094
BACC:0
CLSFE:0.6728624535315985
MCC:0.3657804299141254
GMEAN:0.6979184128714797
SAMPLES:269
AUC:{}
AVGP:{}
CLASS:1
ACC:0.9050909090909091
PREC:0.9677549375251915
REC:0.9298993028659953
TNR:0.5238095238095238
FPR:0.032245062474808545
FPDR:0.032245062474808545
F1:0.9484495358483113
BACC:0
CLSFE:0.032245062474808545
MCC:0.3657804299141254
GMEAN:0.6979184128714797
SAMPLES:2481
AUC:{}
AVGP:{}
