

GENERAL_METRICS
ACC:0.9123636363636364
PREC:0.6733700094259485
REC:0.7310045873129986
TNR:0.7310045873129986
FPR:0.3266299905740515
FPDR:0.3266299905740515
F1:0.6966456862810615
BACC:0.0
CLSFE:0.08763636363636364
MCC:0.40024626159349397
GMEAN:0.7004824063864203
SAMPLES:2750.0
AUC:{'AUC macro OVO': 0.6733700094259485}
AVGP:{'avg_precision': 0.9389675121738333}


METRICS_PER_CLASSES
CLASS:0
ACC:0.9123636363636364
PREC:0.3815261044176707
REC:0.521978021978022
TNR:0.9400311526479751
FPR:0.6184738955823293
FPDR:0.6184738955823293
F1:0.4408352668213457
BACC:0
CLSFE:0.6184738955823293
MCC:0.40024626159349397
GMEAN:0.7004824063864203
SAMPLES:249
AUC:{}
AVGP:{}
CLASS:1
ACC:0.9123636363636364
PREC:0.9652139144342263
REC:0.9400311526479751
TNR:0.521978021978022
FPR:0.03478608556577369
FPDR:0.03478608556577369
F1:0.9524561057407773
BACC:0
CLSFE:0.03478608556577369
MCC:0.40024626159349397
GMEAN:0.7004824063864203
SAMPLES:2501
AUC:{}
AVGP:{}
