

GENERAL_METRICS
ACC:0.9047272727272727
PREC:0.6720030753211531
REC:0.722843137254902
TNR:0.722843137254902
FPR:0.32799692467884684
FPDR:0.32799692467884684
F1:0.6928610768661514
BACC:0.0
CLSFE:0.09527272727272727
MCC:0.391559471457693
GMEAN:0.6907966415668217
SAMPLES:2750.0
AUC:{'AUC macro OVO': 0.6720030753211532}
AVGP:{'avg_precision': 0.9344074791679224}


METRICS_PER_CLASSES
CLASS:0
ACC:0.9047272727272727
PREC:0.38345864661654133
REC:0.51
TNR:0.9356862745098039
FPR:0.6165413533834586
FPDR:0.6165413533834586
F1:0.43776824034334766
BACC:0
CLSFE:0.6165413533834586
MCC:0.391559471457693
GMEAN:0.6907966415668217
SAMPLES:266
AUC:{}
AVGP:{}
CLASS:1
ACC:0.9047272727272727
PREC:0.9605475040257649
REC:0.9356862745098039
TNR:0.51
FPR:0.039452495974235106
FPDR:0.039452495974235106
F1:0.9479539133889551
BACC:0
CLSFE:0.039452495974235106
MCC:0.391559471457693
GMEAN:0.6907966415668217
SAMPLES:2484
AUC:{}
AVGP:{}
