

GENERAL_METRICS
ACC:0.8005714285714286
PREC:0.6877539399162768
REC:0.6453818515495123
TNR:0.6453818515495123
FPR:0.31224606008372324
FPDR:0.31224606008372324
F1:0.660104347826087
BACC:0.0
CLSFE:0.19942857142857143
MCC:0.33043011618642876
GMEAN:0.588368854881692
SAMPLES:1750.0
AUC:{'AUC macro OVO': 0.6877539399162766}
AVGP:{'avg_precision': 0.901478549998505}


METRICS_PER_CLASSES
CLASS:0
ACC:0.8005714285714286
PREC:0.5267175572519084
REC:0.38016528925619836
TNR:0.9105984138428262
FPR:0.4732824427480916
FPDR:0.4732824427480916
F1:0.4416
BACC:0
CLSFE:0.4732824427480916
MCC:0.33043011618642876
GMEAN:0.588368854881692
SAMPLES:262
AUC:{}
AVGP:{}
CLASS:1
ACC:0.8005714285714286
PREC:0.8487903225806451
REC:0.9105984138428262
TNR:0.38016528925619836
FPR:0.15120967741935484
FPDR:0.15120967741935484
F1:0.8786086956521739
BACC:0
CLSFE:0.15120967741935484
MCC:0.33043011618642876
GMEAN:0.588368854881692
SAMPLES:1488
AUC:{}
AVGP:{}
