

GENERAL_METRICS
ACC:0.8
PREC:0.7023506639289558
REC:0.6511485767656491
TNR:0.6511485767656491
FPR:0.2976493360710441
FPDR:0.2976493360710441
F1:0.667784717988549
BACC:0.0
CLSFE:0.2
MCC:0.34977143885941203
GMEAN:0.5949074092567794
SAMPLES:1750.0
AUC:{'AUC macro OVO': 0.7023506639289558}
AVGP:{'avg_precision': 0.9054185116236771}


METRICS_PER_CLASSES
CLASS:0
ACC:0.8
PREC:0.5627376425855514
REC:0.38642297650130547
TNR:0.9158741770299926
FPR:0.4372623574144487
FPDR:0.4372623574144487
F1:0.4582043343653251
BACC:0
CLSFE:0.4372623574144487
MCC:0.34977143885941203
GMEAN:0.5949074092567794
SAMPLES:263
AUC:{}
AVGP:{}
CLASS:1
ACC:0.8
PREC:0.8419636852723604
REC:0.9158741770299926
TNR:0.38642297650130547
FPR:0.15803631472763954
FPDR:0.15803631472763954
F1:0.877365101611773
BACC:0
CLSFE:0.15803631472763954
MCC:0.34977143885941203
GMEAN:0.5949074092567794
SAMPLES:1487
AUC:{}
AVGP:{}
