

GENERAL_METRICS
ACC:0.8953333333333333
PREC:0.6216727986405579
REC:0.6449661334535649
TNR:0.6449661334535649
FPR:0.3783272013594421
FPDR:0.3783272013594421
F1:0.6318235754855474
BACC:0.0
CLSFE:0.10466666666666667
MCC:0.2656195411892419
GMEAN:0.5756379062456147
SAMPLES:3000.0
AUC:{'AUC macro OVO': 0.6216727986405579}
AVGP:{'avg_precision': 0.934872630016107}


METRICS_PER_CLASSES
CLASS:0
ACC:0.8953333333333333
PREC:0.2924901185770751
REC:0.35406698564593303
TNR:0.9358652812611967
FPR:0.7075098814229249
FPDR:0.7075098814229249
F1:0.3203463203463203
BACC:0
CLSFE:0.7075098814229249
MCC:0.2656195411892419
GMEAN:0.5756379062456147
SAMPLES:253
AUC:{}
AVGP:{}
CLASS:1
ACC:0.8953333333333333
PREC:0.9508554787040407
REC:0.9358652812611967
TNR:0.35406698564593303
FPR:0.049144521295959226
FPDR:0.049144521295959226
F1:0.9433008306247743
BACC:0
CLSFE:0.049144521295959226
MCC:0.2656195411892419
GMEAN:0.5756379062456147
SAMPLES:2747
AUC:{}
AVGP:{}
