

GENERAL_METRICS
ACC:0.8966666666666666
PREC:0.6210057531018229
REC:0.6469115543212993
TNR:0.6469115543212993
FPR:0.37899424689817707
FPDR:0.37899424689817707
F1:0.6321295663400927
BACC:0.0
CLSFE:0.10333333333333333
MCC:0.26666190781593235
GMEAN:0.5787348351094194
SAMPLES:3000.0
AUC:{'AUC macro OVO': 0.6210057531018229}
AVGP:{'avg_precision': 0.9350275055027666}


METRICS_PER_CLASSES
CLASS:0
ACC:0.8966666666666666
PREC:0.2896825396825397
REC:0.35784313725490197
TNR:0.9359799713876967
FPR:0.7103174603174603
FPDR:0.7103174603174603
F1:0.3201754385964912
BACC:0
CLSFE:0.7103174603174603
MCC:0.26666190781593235
GMEAN:0.5787348351094194
SAMPLES:252
AUC:{}
AVGP:{}
CLASS:1
ACC:0.8966666666666666
PREC:0.9523289665211062
REC:0.9359799713876967
TNR:0.35784313725490197
FPR:0.04767103347889374
FPDR:0.04767103347889374
F1:0.9440836940836941
BACC:0
CLSFE:0.04767103347889374
MCC:0.26666190781593235
GMEAN:0.5787348351094194
SAMPLES:2748
AUC:{}
AVGP:{}
