

GENERAL_METRICS
ACC:0.8213333333333334
PREC:0.7904311488126518
REC:0.7904311488126518
TNR:0.7904311488126518
FPR:0.2095688511873483
FPDR:0.2095688511873483
F1:0.7904311488126518
BACC:0.0
CLSFE:0.17866666666666667
MCC:0.5808622976253034
GMEAN:0.7863238936367823
SAMPLES:750.0
AUC:{'AUC macro OVO': 0.7904311488126516}
AVGP:{'avg_precision': 0.8478098759657114}


METRICS_PER_CLASSES
CLASS:0
ACC:0.8213333333333334
PREC:0.70995670995671
REC:0.70995670995671
TNR:0.8709055876685935
FPR:0.29004329004329005
FPDR:0.29004329004329005
F1:0.70995670995671
BACC:0
CLSFE:0.29004329004329005
MCC:0.5808622976253034
GMEAN:0.7863238936367823
SAMPLES:231
AUC:{}
AVGP:{}
CLASS:1
ACC:0.8213333333333334
PREC:0.8709055876685935
REC:0.8709055876685935
TNR:0.70995670995671
FPR:0.12909441233140656
FPDR:0.12909441233140656
F1:0.8709055876685935
BACC:0
CLSFE:0.12909441233140656
MCC:0.5808622976253034
GMEAN:0.7863238936367823
SAMPLES:519
AUC:{}
AVGP:{}
