

GENERAL_METRICS
ACC:0.808
PREC:0.7744751460933554
REC:0.7856016815554387
TNR:0.7856016815554387
FPR:0.22552485390664453
FPDR:0.22552485390664453
F1:0.7794117647058822
BACC:0.0
CLSFE:0.192
MCC:0.5599662963766197
GMEAN:0.7834332997486247
SAMPLES:750.0
AUC:{'AUC macro OVO': 0.7744751460933554}
AVGP:{'avg_precision': 0.8218076217507182}


METRICS_PER_CLASSES
CLASS:0
ACC:0.808
PREC:0.6746987951807228
REC:0.7272727272727273
TNR:0.8439306358381503
FPR:0.3253012048192771
FPDR:0.3253012048192771
F1:0.7
BACC:0
CLSFE:0.3253012048192771
MCC:0.5599662963766197
GMEAN:0.7834332997486247
SAMPLES:249
AUC:{}
AVGP:{}
CLASS:1
ACC:0.808
PREC:0.874251497005988
REC:0.8439306358381503
TNR:0.7272727272727273
FPR:0.12574850299401197
FPDR:0.12574850299401197
F1:0.8588235294117647
BACC:0
CLSFE:0.12574850299401197
MCC:0.5599662963766197
GMEAN:0.7834332997486247
SAMPLES:501
AUC:{}
AVGP:{}
