

GENERAL_METRICS
ACC:0.7853333333333333
PREC:0.7387301587301587
REC:0.7444860590928006
TNR:0.7444860590928006
FPR:0.26126984126984126
FPDR:0.26126984126984126
F1:0.7414452088673051
BACC:0.0
CLSFE:0.21466666666666667
MCC:0.4831819354840794
GMEAN:0.738226590619946
SAMPLES:750.0
AUC:{'AUC macro OVO': 0.7387301587301587}
AVGP:{'avg_precision': 0.8204380238986981}


METRICS_PER_CLASSES
CLASS:0
ACC:0.7853333333333333
PREC:0.6222222222222222
REC:0.6481481481481481
TNR:0.8408239700374532
FPR:0.37777777777777777
FPDR:0.37777777777777777
F1:0.6349206349206349
BACC:0
CLSFE:0.37777777777777777
MCC:0.4831819354840794
GMEAN:0.738226590619946
SAMPLES:225
AUC:{}
AVGP:{}
CLASS:1
ACC:0.7853333333333333
PREC:0.8552380952380952
REC:0.8408239700374532
TNR:0.6481481481481481
FPR:0.14476190476190476
FPDR:0.14476190476190476
F1:0.8479697828139755
BACC:0
CLSFE:0.14476190476190476
MCC:0.4831819354840794
GMEAN:0.738226590619946
SAMPLES:525
AUC:{}
AVGP:{}
