

GENERAL_METRICS
ACC:0.792
PREC:0.7731617647058824
REC:0.7615051307721187
TNR:0.7615051307721187
FPR:0.22683823529411765
FPDR:0.22683823529411765
F1:0.7664652013189726
BACC:0.0
CLSFE:0.208
MCC:0.5345398133024498
GMEAN:0.7547507318649364
SAMPLES:750.0
AUC:{'AUC macro OVO': 0.7731617647058824}
AVGP:{'avg_precision': 0.830821118611379}


METRICS_PER_CLASSES
CLASS:0
ACC:0.792
PREC:0.7208333333333333
REC:0.6603053435114504
TNR:0.8627049180327869
FPR:0.2791666666666667
FPDR:0.2791666666666667
F1:0.6892430278884463
BACC:0
CLSFE:0.2791666666666667
MCC:0.5345398133024498
GMEAN:0.7547507318649364
SAMPLES:240
AUC:{}
AVGP:{}
CLASS:1
ACC:0.792
PREC:0.8254901960784313
REC:0.8627049180327869
TNR:0.6603053435114504
FPR:0.17450980392156862
FPDR:0.17450980392156862
F1:0.843687374749499
BACC:0
CLSFE:0.17450980392156862
MCC:0.5345398133024498
GMEAN:0.7547507318649364
SAMPLES:510
AUC:{}
AVGP:{}
