

GENERAL_METRICS
ACC:0.9132307692307692
PREC:0.5563862099198397
REC:0.6456799611681903
TNR:0.6456799611681903
FPR:0.44361379008016033
FPDR:0.44361379008016033
F1:0.5742160278745645
BACC:0.0
CLSFE:0.08676923076923077
MCC:0.18126600201409718
GMEAN:0.5798786099951512
SAMPLES:3250.0
AUC:{'AUC macro OVO': 0.5563862099198397}
AVGP:{'avg_precision': 0.9294889164113544}


METRICS_PER_CLASSES
CLASS:0
ACC:0.9132307692307692
PREC:0.1328125
REC:0.3617021276595745
TNR:0.9296577946768061
FPR:0.8671875
FPDR:0.8671875
F1:0.19428571428571428
BACC:0
CLSFE:0.8671875
MCC:0.18126600201409718
GMEAN:0.5798786099951512
SAMPLES:256
AUC:{}
AVGP:{}
CLASS:1
ACC:0.9132307692307692
PREC:0.9799599198396793
REC:0.9296577946768061
TNR:0.3617021276595745
FPR:0.02004008016032064
FPDR:0.02004008016032064
F1:0.9541463414634146
BACC:0
CLSFE:0.02004008016032064
MCC:0.18126600201409718
GMEAN:0.5798786099951512
SAMPLES:2994
AUC:{}
AVGP:{}
