

GENERAL_METRICS
ACC:0.9190769230769231
PREC:0.5593254813705495
REC:0.6546094244149272
TNR:0.6546094244149272
FPR:0.44067451862945056
FPDR:0.44067451862945056
F1:0.5789946011814256
BACC:0.0
CLSFE:0.08092307692307692
MCC:0.19154402656140593
GMEAN:0.591888560720002
SAMPLES:3250.0
AUC:{'AUC macro OVO': 0.5593254813705495}
AVGP:{'avg_precision': 0.9340658085426815}


METRICS_PER_CLASSES
CLASS:0
ACC:0.9190769230769231
PREC:0.13692946058091288
REC:0.375
TNR:0.9342188488298545
FPR:0.8630705394190872
FPDR:0.8630705394190872
F1:0.2006079027355623
BACC:0
CLSFE:0.8630705394190872
MCC:0.19154402656140593
GMEAN:0.591888560720002
SAMPLES:241
AUC:{}
AVGP:{}
CLASS:1
ACC:0.9190769230769231
PREC:0.981721502160186
REC:0.9342188488298545
TNR:0.375
FPR:0.018278497839813893
FPDR:0.018278497839813893
F1:0.9573812996272889
BACC:0
CLSFE:0.018278497839813893
MCC:0.19154402656140593
GMEAN:0.591888560720002
SAMPLES:3009
AUC:{}
AVGP:{}
