

GENERAL_METRICS
ACC:0.9092307692307692
PREC:0.5497512748023728
REC:0.6402777777777778
TNR:0.6402777777777778
FPR:0.4502487251976271
FPDR:0.4502487251976271
F1:0.5651176008190077
BACC:0.0
CLSFE:0.09076923076923077
MCC:0.16708079806953785
GMEAN:0.5734883511361751
SAMPLES:3250.0
AUC:{'AUC macro OVO': 0.549751274802373}
AVGP:{'avg_precision': 0.9248488375093541}


METRICS_PER_CLASSES
CLASS:0
ACC:0.9092307692307692
PREC:0.11895910780669144
REC:0.35555555555555557
TNR:0.925
FPR:0.8810408921933085
FPDR:0.8810408921933085
F1:0.17827298050139276
BACC:0
CLSFE:0.8810408921933085
MCC:0.16708079806953785
GMEAN:0.5734883511361751
SAMPLES:269
AUC:{}
AVGP:{}
CLASS:1
ACC:0.9092307692307692
PREC:0.9805434417980543
REC:0.925
TNR:0.35555555555555557
FPR:0.019456558201945657
FPDR:0.019456558201945657
F1:0.9519622211366227
BACC:0
CLSFE:0.019456558201945657
MCC:0.16708079806953785
GMEAN:0.5734883511361751
SAMPLES:2981
AUC:{}
AVGP:{}
