

GENERAL_METRICS
ACC:0.9153846153846154
PREC:0.560238067095055
REC:0.6466350162339255
TNR:0.6466350162339255
FPR:0.4397619329049451
FPDR:0.4397619329049451
F1:0.5791097140300687
BACC:0.0
CLSFE:0.08461538461538462
MCC:0.18796818822751543
GMEAN:0.580042525609455
SAMPLES:3250.0
AUC:{'AUC macro OVO': 0.5602380670950549}
AVGP:{'avg_precision': 0.9322645157442917}


METRICS_PER_CLASSES
CLASS:0
ACC:0.9153846153846154
PREC:0.14112903225806453
REC:0.36082474226804123
TNR:0.9324452901998097
FPR:0.8588709677419355
FPDR:0.8588709677419355
F1:0.2028985507246377
BACC:0
CLSFE:0.8588709677419355
MCC:0.18796818822751543
GMEAN:0.580042525609455
SAMPLES:248
AUC:{}
AVGP:{}
CLASS:1
ACC:0.9153846153846154
PREC:0.9793471019320453
REC:0.9324452901998097
TNR:0.36082474226804123
FPR:0.020652898067954697
FPDR:0.020652898067954697
F1:0.9553208773354996
BACC:0
CLSFE:0.020652898067954697
MCC:0.18796818822751543
GMEAN:0.580042525609455
SAMPLES:3002
AUC:{}
AVGP:{}
