

GENERAL_METRICS
ACC:0.9256470588235294
PREC:0.5839539928407648
REC:0.6174019607843138
TNR:0.6174019607843138
FPR:0.41604600715923523
FPDR:0.41604600715923523
F1:0.5969697406201684
BACC:0.0
CLSFE:0.0743529411764706
MCC:0.19855843850290542
GMEAN:0.5185820433066868
SAMPLES:4250.0
AUC:{'AUC macro OVO': 0.5839539928407648}
AVGP:{'avg_precision': 0.9521650913858557}


METRICS_PER_CLASSES
CLASS:0
ACC:0.9256470588235294
PREC:0.19834710743801653
REC:0.2823529411764706
TNR:0.9524509803921568
FPR:0.8016528925619835
FPDR:0.8016528925619835
F1:0.23300970873786409
BACC:0
CLSFE:0.8016528925619835
MCC:0.19855843850290542
GMEAN:0.5185820433066868
SAMPLES:242
AUC:{}
AVGP:{}
CLASS:1
ACC:0.9256470588235294
PREC:0.969560878243513
REC:0.9524509803921568
TNR:0.2823529411764706
FPR:0.030439121756487025
FPDR:0.030439121756487025
F1:0.9609297725024728
BACC:0
CLSFE:0.030439121756487025
MCC:0.19855843850290542
GMEAN:0.5185820433066868
SAMPLES:4008
AUC:{}
AVGP:{}
