

GENERAL_METRICS
ACC:0.9209411764705883
PREC:0.5892244436746342
REC:0.6078679190722627
TNR:0.6078679190722627
FPR:0.41077555632536583
FPDR:0.41077555632536583
F1:0.5973381457252425
BACC:0.0
CLSFE:0.07905882352941176
MCC:0.19620861417953184
GMEAN:0.5003115086540234
SAMPLES:4250.0
AUC:{'AUC macro OVO': 0.5892244436746342}
AVGP:{'avg_precision': 0.9527434553110838}


METRICS_PER_CLASSES
CLASS:0
ACC:0.9209411764705883
PREC:0.21487603305785125
REC:0.26262626262626265
TNR:0.9531095755182626
FPR:0.7851239669421488
FPDR:0.7851239669421488
F1:0.23636363636363636
BACC:0
CLSFE:0.7851239669421488
MCC:0.19620861417953184
GMEAN:0.5003115086540234
SAMPLES:242
AUC:{}
AVGP:{}
CLASS:1
ACC:0.9209411764705883
PREC:0.9635728542914171
REC:0.9531095755182626
TNR:0.26262626262626265
FPR:0.03642714570858283
FPDR:0.03642714570858283
F1:0.9583126550868486
BACC:0
CLSFE:0.03642714570858283
MCC:0.19620861417953184
GMEAN:0.5003115086540234
SAMPLES:4008
AUC:{}
AVGP:{}
