

GENERAL_METRICS
ACC:0.9185882352941176
PREC:0.5946123226159509
REC:0.6258488139040953
TNR:0.6258488139040953
FPR:0.4053876773840491
FPDR:0.4053876773840491
F1:0.6072218821083357
BACC:0.0
CLSFE:0.08141176470588235
MCC:0.21823701411015525
GMEAN:0.5361669020952247
SAMPLES:4250.0
AUC:{'AUC macro OVO': 0.5946123226159509}
AVGP:{'avg_precision': 0.9482609439475492}


METRICS_PER_CLASSES
CLASS:0
ACC:0.9185882352941176
PREC:0.22388059701492538
REC:0.30303030303030304
TNR:0.9486673247778875
FPR:0.7761194029850746
FPDR:0.7761194029850746
F1:0.2575107296137339
BACC:0
CLSFE:0.7761194029850746
MCC:0.21823701411015525
GMEAN:0.5361669020952247
SAMPLES:268
AUC:{}
AVGP:{}
CLASS:1
ACC:0.9185882352941176
PREC:0.9653440482169764
REC:0.9486673247778875
TNR:0.30303030303030304
FPR:0.03465595178302361
FPDR:0.03465595178302361
F1:0.9569330346029375
BACC:0
CLSFE:0.03465595178302361
MCC:0.21823701411015525
GMEAN:0.5361669020952247
SAMPLES:3982
AUC:{}
AVGP:{}
