

GENERAL_METRICS
ACC:0.9174117647058824
PREC:0.5946645459803355
REC:0.6162782436958969
TNR:0.6162782436958969
FPR:0.40533545401966453
FPDR:0.40533545401966453
F1:0.6039467532395124
BACC:0.0
CLSFE:0.08258823529411764
MCC:0.20983257275135228
GMEAN:0.517933556747048
SAMPLES:4250.0
AUC:{'AUC macro OVO': 0.5946645459803354}
AVGP:{'avg_precision': 0.9498299003108452}


METRICS_PER_CLASSES
CLASS:0
ACC:0.9174117647058824
PREC:0.22692307692307692
REC:0.2822966507177033
TNR:0.9502598366740905
FPR:0.7730769230769231
FPDR:0.7730769230769231
F1:0.2515991471215352
BACC:0
CLSFE:0.7730769230769231
MCC:0.20983257275135228
GMEAN:0.517933556747048
SAMPLES:260
AUC:{}
AVGP:{}
CLASS:1
ACC:0.9174117647058824
PREC:0.9624060150375939
REC:0.9502598366740905
TNR:0.2822966507177033
FPR:0.03759398496240601
FPDR:0.03759398496240601
F1:0.9562943593574897
BACC:0
CLSFE:0.03759398496240601
MCC:0.20983257275135228
GMEAN:0.517933556747048
SAMPLES:3990
AUC:{}
AVGP:{}
