

GENERAL_METRICS
ACC:0.8876923076923077
PREC:0.5159421677518192
REC:0.5296707239009475
TNR:0.5296707239009475
FPR:0.4840578322481808
FPDR:0.4840578322481808
F1:0.5172136481717609
BACC:0.0
CLSFE:0.1123076923076923
MCC:0.04349784627987081
GMEAN:0.3573263552753249
SAMPLES:3250.0
AUC:{'AUC macro OVO': 0.5159421677518192}
AVGP:{'avg_precision': 0.9205563976848661}


METRICS_PER_CLASSES
CLASS:0
ACC:0.8876923076923077
PREC:0.07142857142857142
REC:0.1386861313868613
TNR:0.9206553164150337
FPR:0.9285714285714286
FPDR:0.9285714285714286
F1:0.09429280397022333
BACC:0
CLSFE:0.9285714285714286
MCC:0.04349784627987081
GMEAN:0.3573263552753249
SAMPLES:266
AUC:{}
AVGP:{}
CLASS:1
ACC:0.8876923076923077
PREC:0.960455764075067
REC:0.9206553164150337
TNR:0.1386861313868613
FPR:0.039544235924932974
FPDR:0.039544235924932974
F1:0.9401344923732984
BACC:0
CLSFE:0.039544235924932974
MCC:0.04349784627987081
GMEAN:0.3573263552753249
SAMPLES:2984
AUC:{}
AVGP:{}
