

GENERAL_METRICS
ACC:0.9015384615384615
PREC:0.5286011245180319
REC:0.5706447748617351
TNR:0.5706447748617351
FPR:0.4713988754819681
FPDR:0.4713988754819681
F1:0.5343639411436022
BACC:0.0
CLSFE:0.09846153846153846
MCC:0.08990038937332397
GMEAN:0.44849904672233926
SAMPLES:3250.0
AUC:{'AUC macro OVO': 0.5286011245180319}
AVGP:{'avg_precision': 0.9233516387494715}


METRICS_PER_CLASSES
CLASS:0
ACC:0.9015384615384615
PREC:0.08365019011406843
REC:0.21782178217821782
TNR:0.9234677675452525
FPR:0.9163498098859315
FPDR:0.9163498098859315
F1:0.12087912087912088
BACC:0
CLSFE:0.9163498098859315
MCC:0.08990038937332397
GMEAN:0.44849904672233926
SAMPLES:263
AUC:{}
AVGP:{}
CLASS:1
ACC:0.9015384615384615
PREC:0.9735520589219954
REC:0.9234677675452525
TNR:0.21782178217821782
FPR:0.02644794107800469
FPDR:0.02644794107800469
F1:0.9478487614080835
BACC:0
CLSFE:0.02644794107800469
MCC:0.08990038937332397
GMEAN:0.44849904672233926
SAMPLES:2987
AUC:{}
AVGP:{}
