

GENERAL_METRICS
ACC:0.9131428571428571
PREC:0.5061187981271331
REC:0.5193196699326297
TNR:0.5193196699326297
FPR:0.49388120187286694
FPDR:0.49388120187286694
F1:0.5022455089820359
BACC:0.0
CLSFE:0.08685714285714285
MCC:0.021745175115469056
GMEAN:0.3171718319787763
SAMPLES:3500.0
AUC:{'AUC macro OVO': 0.5061187981271331}
AVGP:{'avg_precision': 0.9305146618619979}


METRICS_PER_CLASSES
CLASS:0
ACC:0.9131428571428571
PREC:0.032520325203252036
REC:0.10810810810810811
TNR:0.9305312317571512
FPR:0.967479674796748
FPDR:0.967479674796748
F1:0.05
BACC:0
CLSFE:0.967479674796748
MCC:0.021745175115469056
GMEAN:0.3171718319787763
SAMPLES:246
AUC:{}
AVGP:{}
CLASS:1
ACC:0.9131428571428571
PREC:0.9797172710510141
REC:0.9305312317571512
TNR:0.10810810810810811
FPR:0.020282728948985862
FPDR:0.020282728948985862
F1:0.9544910179640719
BACC:0
CLSFE:0.020282728948985862
MCC:0.021745175115469056
GMEAN:0.3171718319787763
SAMPLES:3254
AUC:{}
AVGP:{}
