

GENERAL_METRICS
ACC:0.9145714285714286
PREC:0.503745894909688
REC:0.5151020347849216
TNR:0.5151020347849216
FPR:0.496254105090312
FPDR:0.496254105090312
F1:0.4969424774273066
BACC:0.0
CLSFE:0.08542857142857142
MCC:0.015042690613951902
GMEAN:0.30728595763703404
SAMPLES:3500.0
AUC:{'AUC macro OVO': 0.503745894909688}
AVGP:{'avg_precision': 0.9285008460709239}


METRICS_PER_CLASSES
CLASS:0
ACC:0.9145714285714286
PREC:0.023809523809523808
REC:0.1016949152542373
TNR:0.9285091543156059
FPR:0.9761904761904762
FPDR:0.9761904761904762
F1:0.03858520900321544
BACC:0
CLSFE:0.9761904761904762
MCC:0.015042690613951902
GMEAN:0.30728595763703404
SAMPLES:252
AUC:{}
AVGP:{}
CLASS:1
ACC:0.9145714285714286
PREC:0.9836822660098522
REC:0.9285091543156059
TNR:0.1016949152542373
FPR:0.016317733990147784
FPDR:0.016317733990147784
F1:0.9552997458513978
BACC:0
CLSFE:0.016317733990147784
MCC:0.015042690613951902
GMEAN:0.30728595763703404
SAMPLES:3248
AUC:{}
AVGP:{}
