

GENERAL_METRICS
ACC:0.9245714285714286
PREC:0.5063721001221001
REC:0.5260797786899875
TNR:0.5260797786899875
FPR:0.49362789987789985
FPDR:0.49362789987789985
F1:0.5021079585133074
BACC:0.0
CLSFE:0.07542857142857143
MCC:0.02578239406841914
GMEAN:0.32876954905234146
SAMPLES:3500.0
AUC:{'AUC macro OVO': 0.5063721001221001}
AVGP:{'avg_precision': 0.9367640606364505}


METRICS_PER_CLASSES
CLASS:0
ACC:0.9245714285714286
PREC:0.026785714285714284
REC:0.11538461538461539
TNR:0.9367749419953596
FPR:0.9732142857142857
FPDR:0.9732142857142857
F1:0.043478260869565216
BACC:0
CLSFE:0.9732142857142857
MCC:0.02578239406841914
GMEAN:0.32876954905234146
SAMPLES:224
AUC:{}
AVGP:{}
CLASS:1
ACC:0.9245714285714286
PREC:0.985958485958486
REC:0.9367749419953596
TNR:0.11538461538461539
FPR:0.014041514041514042
FPDR:0.014041514041514042
F1:0.9607376561570494
BACC:0
CLSFE:0.014041514041514042
MCC:0.02578239406841914
GMEAN:0.32876954905234146
SAMPLES:3276
AUC:{}
AVGP:{}
