

GENERAL_METRICS
ACC:0.9157142857142857
PREC:0.5040506535523824
REC:0.5164248933058166
TNR:0.5164248933058166
FPR:0.4959493464476176
FPDR:0.4959493464476176
F1:0.4975060238442517
BACC:0.0
CLSFE:0.08428571428571428
MCC:0.016313375177038975
GMEAN:0.31007254614145474
SAMPLES:3500.0
AUC:{'AUC macro OVO': 0.5040506535523824}
AVGP:{'avg_precision': 0.9293928035424261}


METRICS_PER_CLASSES
CLASS:0
ACC:0.9157142857142857
PREC:0.024096385542168676
REC:0.10344827586206896
TNR:0.9294015107495642
FPR:0.9759036144578314
FPDR:0.9759036144578314
F1:0.03908794788273615
BACC:0
CLSFE:0.9759036144578314
MCC:0.016313375177038975
GMEAN:0.31007254614145474
SAMPLES:249
AUC:{}
AVGP:{}
CLASS:1
ACC:0.9157142857142857
PREC:0.9840049215625961
REC:0.9294015107495642
TNR:0.10344827586206896
FPR:0.015995078437403876
FPDR:0.015995078437403876
F1:0.9559240998057672
BACC:0
CLSFE:0.015995078437403876
MCC:0.016313375177038975
GMEAN:0.31007254614145474
SAMPLES:3251
AUC:{}
AVGP:{}
