

GENERAL_METRICS
ACC:0.8605714285714285
PREC:0.6458846546848638
REC:0.7112704330369946
TNR:0.7112704330369946
FPR:0.3541153453151362
FPDR:0.3541153453151362
F1:0.6685492860225604
BACC:0.0
CLSFE:0.13942857142857143
MCC:0.3511188640259796
GMEAN:0.6870592937921151
SAMPLES:1750.0
AUC:{'AUC macro OVO': 0.6458846546848638}
AVGP:{'avg_precision': 0.8931923296796387}


METRICS_PER_CLASSES
CLASS:0
ACC:0.8605714285714285
PREC:0.3438735177865613
REC:0.5272727272727272
TNR:0.8952681388012619
FPR:0.6561264822134387
FPDR:0.6561264822134387
F1:0.41626794258373206
BACC:0
CLSFE:0.6561264822134387
MCC:0.3511188640259796
GMEAN:0.6870592937921151
SAMPLES:253
AUC:{}
AVGP:{}
CLASS:1
ACC:0.8605714285714285
PREC:0.9478957915831663
REC:0.8952681388012619
TNR:0.5272727272727272
FPR:0.052104208416833664
FPDR:0.052104208416833664
F1:0.9208306294613887
BACC:0
CLSFE:0.052104208416833664
MCC:0.3511188640259796
GMEAN:0.6870592937921151
SAMPLES:1497
AUC:{}
AVGP:{}
