

GENERAL_METRICS
ACC:0.856
PREC:0.6323111269676527
REC:0.6882054870359549
TNR:0.6882054870359549
FPR:0.3676888730323473
FPDR:0.3676888730323473
F1:0.6519062278001421
BACC:0.0
CLSFE:0.144
MCC:0.3156053237271078
GMEAN:0.6564947053772916
SAMPLES:1750.0
AUC:{'AUC macro OVO': 0.6323111269676527}
AVGP:{'avg_precision': 0.892710051763723}


METRICS_PER_CLASSES
CLASS:0
ACC:0.856
PREC:0.32113821138211385
REC:0.4817073170731707
TNR:0.894703656998739
FPR:0.6788617886178862
FPDR:0.6788617886178862
F1:0.3853658536585366
BACC:0
CLSFE:0.6788617886178862
MCC:0.3156053237271078
GMEAN:0.6564947053772916
SAMPLES:246
AUC:{}
AVGP:{}
CLASS:1
ACC:0.856
PREC:0.9434840425531915
REC:0.894703656998739
TNR:0.4817073170731707
FPR:0.05651595744680851
FPDR:0.05651595744680851
F1:0.9184466019417475
BACC:0
CLSFE:0.05651595744680851
MCC:0.3156053237271078
GMEAN:0.6564947053772916
SAMPLES:1504
AUC:{}
AVGP:{}
