

GENERAL_METRICS
ACC:0.8451428571428572
PREC:0.6141336596944074
REC:0.6647452442405124
TNR:0.6647452442405124
FPR:0.38586634030559264
FPDR:0.38586634030559264
F1:0.6311092546656804
BACC:0.0
CLSFE:0.15485714285714286
MCC:0.27424789984551323
GMEAN:0.626465970258392
SAMPLES:1750.0
AUC:{'AUC macro OVO': 0.6141336596944074}
AVGP:{'avg_precision': 0.8851583057115059}


METRICS_PER_CLASSES
CLASS:0
ACC:0.8451428571428572
PREC:0.2896825396825397
REC:0.44242424242424244
TNR:0.8870662460567823
FPR:0.7103174603174603
FPDR:0.7103174603174603
F1:0.3501199040767386
BACC:0
CLSFE:0.7103174603174603
MCC:0.27424789984551323
GMEAN:0.626465970258392
SAMPLES:252
AUC:{}
AVGP:{}
CLASS:1
ACC:0.8451428571428572
PREC:0.9385847797062751
REC:0.8870662460567823
TNR:0.44242424242424244
FPR:0.06141522029372497
FPDR:0.06141522029372497
F1:0.9120986052546222
BACC:0
CLSFE:0.06141522029372497
MCC:0.27424789984551323
GMEAN:0.626465970258392
SAMPLES:1498
AUC:{}
AVGP:{}
