

GENERAL_METRICS
ACC:0.8525714285714285
PREC:0.6283748701973001
REC:0.686313935964076
TNR:0.686313935964076
FPR:0.3716251298026999
FPDR:0.3716251298026999
F1:0.6480750523795271
BACC:0.0
CLSFE:0.14742857142857144
MCC:0.30930908389723266
GMEAN:0.6551052970359297
SAMPLES:1750.0
AUC:{'AUC macro OVO': 0.6283748701973001}
AVGP:{'avg_precision': 0.8889390814486571}


METRICS_PER_CLASSES
CLASS:0
ACC:0.8525714285714285
PREC:0.3134920634920635
REC:0.4817073170731707
TNR:0.8909205548549811
FPR:0.6865079365079365
FPDR:0.6865079365079365
F1:0.3798076923076923
BACC:0
CLSFE:0.6865079365079365
MCC:0.30930908389723266
GMEAN:0.6551052970359297
SAMPLES:252
AUC:{}
AVGP:{}
CLASS:1
ACC:0.8525714285714285
PREC:0.9432576769025367
REC:0.8909205548549811
TNR:0.4817073170731707
FPR:0.056742323097463285
FPDR:0.056742323097463285
F1:0.9163424124513618
BACC:0
CLSFE:0.056742323097463285
MCC:0.30930908389723266
GMEAN:0.6551052970359297
SAMPLES:1498
AUC:{}
AVGP:{}
