

GENERAL_METRICS
ACC:0.818
PREC:0.5823537844036697
REC:0.5858135105866538
TNR:0.5858135105866538
FPR:0.4176462155963303
FPDR:0.4176462155963303
F1:0.5840000000000001
BACC:0.0
CLSFE:0.182
MCC:0.1681317025403039
GMEAN:0.49885039056065233
SAMPLES:2000.0
AUC:{'AUC macro OVO': 0.5823537844036697}
AVGP:{'avg_precision': 0.8908254372949364}


METRICS_PER_CLASSES
CLASS:0
ACC:0.818
PREC:0.265625
REC:0.2786885245901639
TNR:0.8929384965831435
FPR:0.734375
FPDR:0.734375
F1:0.272
BACC:0
CLSFE:0.734375
MCC:0.1681317025403039
GMEAN:0.49885039056065233
SAMPLES:256
AUC:{}
AVGP:{}
CLASS:1
ACC:0.818
PREC:0.8990825688073395
REC:0.8929384965831435
TNR:0.2786885245901639
FPR:0.10091743119266056
FPDR:0.10091743119266056
F1:0.896
BACC:0
CLSFE:0.10091743119266056
MCC:0.1681317025403039
GMEAN:0.49885039056065233
SAMPLES:1744
AUC:{}
AVGP:{}
