

GENERAL_METRICS
ACC:0.822
PREC:0.5794930875576036
REC:0.5915781853281853
TNR:0.5915781853281853
FPR:0.4205069124423963
FPDR:0.4205069124423963
F1:0.5845625303409389
BACC:0.0
CLSFE:0.178
MCC:0.17064387131871914
GMEAN:0.5116582455425304
SAMPLES:2000.0
AUC:{'AUC macro OVO': 0.5794930875576036}
AVGP:{'avg_precision': 0.8866465001868228}


METRICS_PER_CLASSES
CLASS:0
ACC:0.822
PREC:0.25
REC:0.29464285714285715
TNR:0.8885135135135135
FPR:0.75
FPDR:0.75
F1:0.27049180327868855
BACC:0
CLSFE:0.75
MCC:0.17064387131871914
GMEAN:0.5116582455425304
SAMPLES:264
AUC:{}
AVGP:{}
CLASS:1
ACC:0.822
PREC:0.9089861751152074
REC:0.8885135135135135
TNR:0.29464285714285715
FPR:0.09101382488479262
FPDR:0.09101382488479262
F1:0.8986332574031891
BACC:0
CLSFE:0.09101382488479262
MCC:0.17064387131871914
GMEAN:0.5116582455425304
SAMPLES:1736
AUC:{}
AVGP:{}
