

GENERAL_METRICS
ACC:0.823
PREC:0.5910889588249535
REC:0.5942977062941649
TNR:0.5942977062941649
FPR:0.4089110411750465
FPDR:0.4089110411750465
F1:0.5926314626601856
BACC:0.0
CLSFE:0.177
MCC:0.1853588938887664
GMEAN:0.5117766131389155
SAMPLES:2000.0
AUC:{'AUC macro OVO': 0.5910889588249535}
AVGP:{'avg_precision': 0.8941583226339063}


METRICS_PER_CLASSES
CLASS:0
ACC:0.823
PREC:0.28063241106719367
REC:0.29218106995884774
TNR:0.896414342629482
FPR:0.7193675889328063
FPDR:0.7193675889328063
F1:0.2862903225806452
BACC:0
CLSFE:0.7193675889328063
MCC:0.1853588938887664
GMEAN:0.5117766131389155
SAMPLES:253
AUC:{}
AVGP:{}
CLASS:1
ACC:0.823
PREC:0.9015455065827133
REC:0.896414342629482
TNR:0.29218106995884774
FPR:0.09845449341728678
FPDR:0.09845449341728678
F1:0.898972602739726
BACC:0
CLSFE:0.09845449341728678
MCC:0.1853588938887664
GMEAN:0.5117766131389155
SAMPLES:1747
AUC:{}
AVGP:{}
