

GENERAL_METRICS
ACC:0.822
PREC:0.5868449545481835
REC:0.6066985621593299
TNR:0.6066985621593299
FPR:0.41315504545181647
FPDR:0.41315504545181647
F1:0.5945321059956856
BACC:0.0
CLSFE:0.178
MCC:0.1925225366660593
GMEAN:0.5400890989981519
SAMPLES:2000.0
AUC:{'AUC macro OVO': 0.5868449545481835}
AVGP:{'avg_precision': 0.8810501922598372}


METRICS_PER_CLASSES
CLASS:0
ACC:0.822
PREC:0.2597864768683274
REC:0.33031674208144796
TNR:0.883080382237212
FPR:0.7402135231316725
FPDR:0.7402135231316725
F1:0.2908366533864542
BACC:0
CLSFE:0.7402135231316725
MCC:0.1925225366660593
GMEAN:0.5400890989981519
SAMPLES:281
AUC:{}
AVGP:{}
CLASS:1
ACC:0.822
PREC:0.9139034322280396
REC:0.883080382237212
TNR:0.33031674208144796
FPR:0.08609656777196044
FPDR:0.08609656777196044
F1:0.8982275586049171
BACC:0
CLSFE:0.08609656777196044
MCC:0.1925225366660593
GMEAN:0.5400890989981519
SAMPLES:1719
AUC:{}
AVGP:{}
