

GENERAL_METRICS
ACC:0.75
PREC:0.6693188272135641
REC:0.6728493236666153
TNR:0.6728493236666153
FPR:0.33068117278643594
FPDR:0.33068117278643594
F1:0.6710093433346493
BACC:0.0
CLSFE:0.25
MCC:0.3421499365359522
GMEAN:0.6547714751812947
SAMPLES:1000.0
AUC:{'AUC macro OVO': 0.6693188272135641}
AVGP:{'avg_precision': 0.8136013812388628}


METRICS_PER_CLASSES
CLASS:0
ACC:0.75
PREC:0.5019305019305019
REC:0.5179282868525896
TNR:0.8277703604806409
FPR:0.4980694980694981
FPDR:0.4980694980694981
F1:0.5098039215686274
BACC:0
CLSFE:0.4980694980694981
MCC:0.3421499365359522
GMEAN:0.6547714751812947
SAMPLES:259
AUC:{}
AVGP:{}
CLASS:1
ACC:0.75
PREC:0.8367071524966262
REC:0.8277703604806409
TNR:0.5179282868525896
FPR:0.1632928475033738
FPDR:0.1632928475033738
F1:0.8322147651006712
BACC:0
CLSFE:0.1632928475033738
MCC:0.3421499365359522
GMEAN:0.6547714751812947
SAMPLES:741
AUC:{}
AVGP:{}
