

GENERAL_METRICS
ACC:0.745
PREC:0.6745952164826582
REC:0.667458835082178
TNR:0.667458835082178
FPR:0.3254047835173418
FPDR:0.3254047835173418
F1:0.6707021791767553
BACC:0.0
CLSFE:0.255
MCC:0.341979599175779
GMEAN:0.6456295390611789
SAMPLES:1000.0
AUC:{'AUC macro OVO': 0.6745952164826581}
AVGP:{'avg_precision': 0.8202161394837395}


METRICS_PER_CLASSES
CLASS:0
ACC:0.745
PREC:0.531496062992126
REC:0.4981549815498155
TNR:0.8367626886145405
FPR:0.468503937007874
FPDR:0.468503937007874
F1:0.5142857142857142
BACC:0
CLSFE:0.468503937007874
MCC:0.341979599175779
GMEAN:0.6456295390611789
SAMPLES:254
AUC:{}
AVGP:{}
CLASS:1
ACC:0.745
PREC:0.8176943699731903
REC:0.8367626886145405
TNR:0.4981549815498155
FPR:0.18230563002680966
FPDR:0.18230563002680966
F1:0.8271186440677966
BACC:0
CLSFE:0.18230563002680966
MCC:0.341979599175779
GMEAN:0.6456295390611789
SAMPLES:746
AUC:{}
AVGP:{}
