

GENERAL_METRICS
ACC:0.718
PREC:0.6271852137081247
REC:0.6331919286417085
TNR:0.6331919286417085
FPR:0.37281478629187526
FPDR:0.37281478629187526
F1:0.629851310483871
BACC:0.0
CLSFE:0.282
MCC:0.26030784781479793
GMEAN:0.6106067648825932
SAMPLES:1000.0
AUC:{'AUC macro OVO': 0.6271852137081249}
AVGP:{'avg_precision': 0.7889802422961215}


METRICS_PER_CLASSES
CLASS:0
ACC:0.718
PREC:0.4339622641509434
REC:0.46558704453441296
TNR:0.8007968127490039
FPR:0.5660377358490566
FPDR:0.5660377358490566
F1:0.44921875
BACC:0
CLSFE:0.5660377358490566
MCC:0.26030784781479793
GMEAN:0.6106067648825932
SAMPLES:265
AUC:{}
AVGP:{}
CLASS:1
ACC:0.718
PREC:0.8204081632653061
REC:0.8007968127490039
TNR:0.46558704453441296
FPR:0.17959183673469387
FPDR:0.17959183673469387
F1:0.8104838709677419
BACC:0
CLSFE:0.17959183673469387
MCC:0.26030784781479793
GMEAN:0.6106067648825932
SAMPLES:735
AUC:{}
AVGP:{}
