

GENERAL_METRICS
ACC:0.748
PREC:0.6667907900453051
REC:0.6719999999999999
TNR:0.6719999999999999
FPR:0.33320920995469494
FPDR:0.33320920995469494
F1:0.6692288306451613
BACC:0.0
CLSFE:0.252
MCC:0.338750739558115
GMEAN:0.6545838372584523
SAMPLES:1000.0
AUC:{'AUC macro OVO': 0.6667907900453051}
AVGP:{'avg_precision': 0.8100162601626015}


METRICS_PER_CLASSES
CLASS:0
ACC:0.748
PREC:0.4961832061068702
REC:0.52
TNR:0.824
FPR:0.5038167938931297
FPDR:0.5038167938931297
F1:0.5078125
BACC:0
CLSFE:0.5038167938931297
MCC:0.338750739558115
GMEAN:0.6545838372584523
SAMPLES:262
AUC:{}
AVGP:{}
CLASS:1
ACC:0.748
PREC:0.8373983739837398
REC:0.824
TNR:0.52
FPR:0.16260162601626016
FPDR:0.16260162601626016
F1:0.8306451612903226
BACC:0
CLSFE:0.16260162601626016
MCC:0.338750739558115
GMEAN:0.6545838372584523
SAMPLES:738
AUC:{}
AVGP:{}
