

GENERAL_METRICS
ACC:0.8923636363636364
PREC:0.5272165585418598
REC:0.5867023579892139
TNR:0.5867023579892139
FPR:0.4727834414581403
FPDR:0.4727834414581403
F1:0.5308638559994098
BACC:0.0
CLSFE:0.10763636363636364
MCC:0.09715430617179499
GMEAN:0.4894268455743292
SAMPLES:2750.0
AUC:{'AUC macro OVO': 0.5272165585418598}
AVGP:{'avg_precision': 0.910139043151596}


METRICS_PER_CLASSES
CLASS:0
ACC:0.8923636363636364
PREC:0.07692307692307693
REC:0.2631578947368421
TNR:0.9102468212415856
FPR:0.9230769230769231
FPDR:0.9230769230769231
F1:0.11904761904761904
BACC:0
CLSFE:0.9230769230769231
MCC:0.09715430617179499
GMEAN:0.4894268455743292
SAMPLES:260
AUC:{}
AVGP:{}
CLASS:1
ACC:0.8923636363636364
PREC:0.9775100401606426
REC:0.9102468212415856
TNR:0.2631578947368421
FPR:0.02248995983935743
FPDR:0.02248995983935743
F1:0.9426800929512006
BACC:0
CLSFE:0.02248995983935743
MCC:0.09715430617179499
GMEAN:0.4894268455743292
SAMPLES:2490
AUC:{}
AVGP:{}
