

GENERAL_METRICS
ACC:0.8927272727272727
PREC:0.5198
REC:0.5601250601250601
TNR:0.5601250601250601
FPR:0.4802
FPDR:0.4802
F1:0.5204162284645457
BACC:0.0
CLSFE:0.10727272727272727
MCC:0.06900655593423542
GMEAN:0.43543270909188564
SAMPLES:2750.0
AUC:{'AUC macro OVO': 0.5198}
AVGP:{'avg_precision': 0.9123757575757575}


METRICS_PER_CLASSES
CLASS:0
ACC:0.8927272727272727
PREC:0.064
REC:0.2077922077922078
TNR:0.9124579124579124
FPR:0.936
FPDR:0.936
F1:0.09785932721712538
BACC:0
CLSFE:0.936
MCC:0.06900655593423542
GMEAN:0.43543270909188564
SAMPLES:250
AUC:{}
AVGP:{}
CLASS:1
ACC:0.8927272727272727
PREC:0.9756
REC:0.9124579124579124
TNR:0.2077922077922078
FPR:0.0244
FPDR:0.0244
F1:0.942973129711966
BACC:0
CLSFE:0.0244
MCC:0.06900655593423542
GMEAN:0.43543270909188564
SAMPLES:2500
AUC:{}
AVGP:{}
