

GENERAL_METRICS
ACC:0.8938181818181818
PREC:0.5257575684585604
REC:0.574196652003571
TNR:0.574196652003571
FPR:0.4742424315414397
FPDR:0.4742424315414397
F1:0.5293359123146357
BACC:0.0
CLSFE:0.10618181818181818
MCC:0.08743283921680589
GMEAN:0.4629839163763644
SAMPLES:2750.0
AUC:{'AUC macro OVO': 0.5257575684585603}
AVGP:{'avg_precision': 0.9137170488526548}


METRICS_PER_CLASSES
CLASS:0
ACC:0.8938181818181818
PREC:0.07630522088353414
REC:0.2345679012345679
TNR:0.913825402772574
FPR:0.9236947791164659
FPDR:0.9236947791164659
F1:0.11515151515151516
BACC:0
CLSFE:0.9236947791164659
MCC:0.08743283921680589
GMEAN:0.4629839163763644
SAMPLES:249
AUC:{}
AVGP:{}
CLASS:1
ACC:0.8938181818181818
PREC:0.9752099160335865
REC:0.913825402772574
TNR:0.2345679012345679
FPR:0.024790083966413436
FPDR:0.024790083966413436
F1:0.9435203094777563
BACC:0
CLSFE:0.024790083966413436
MCC:0.08743283921680589
GMEAN:0.4629839163763644
SAMPLES:2501
AUC:{}
AVGP:{}
