

GENERAL_METRICS
ACC:0.8901818181818182
PREC:0.5127320899131569
REC:0.5364102706428172
TNR:0.5364102706428172
FPR:0.4872679100868431
FPDR:0.4872679100868431
F1:0.5104384773546111
BACC:0.0
CLSFE:0.10981818181818181
MCC:0.04306176213703861
GMEAN:0.38265233041326374
SAMPLES:2750.0
AUC:{'AUC macro OVO': 0.5127320899131569}
AVGP:{'avg_precision': 0.9122684428809752}


METRICS_PER_CLASSES
CLASS:0
ACC:0.8901818181818182
PREC:0.05263157894736842
REC:0.16049382716049382
TNR:0.9123267141251405
FPR:0.9473684210526315
FPDR:0.9473684210526315
F1:0.07926829268292683
BACC:0
CLSFE:0.9473684210526315
MCC:0.04306176213703861
GMEAN:0.38265233041326374
SAMPLES:247
AUC:{}
AVGP:{}
CLASS:1
ACC:0.8901818181818182
PREC:0.9728326008789453
REC:0.9123267141251405
TNR:0.16049382716049382
FPR:0.027167399121054734
FPDR:0.027167399121054734
F1:0.9416086620262955
BACC:0
CLSFE:0.027167399121054734
MCC:0.04306176213703861
GMEAN:0.38265233041326374
SAMPLES:2503
AUC:{}
AVGP:{}
