

GENERAL_METRICS
ACC:0.9383529411764706
PREC:0.506092658622823
REC:0.5760738409483885
TNR:0.5760738409483885
FPR:0.49390734137717696
FPDR:0.49390734137717696
F1:0.49889743935916475
BACC:0.0
CLSFE:0.06164705882352941
MCC:0.043057726044252134
GMEAN:0.4452371020874403
SAMPLES:4250.0
AUC:{'AUC macro OVO': 0.506092658622823}
AVGP:{'avg_precision': 0.9416188147583284}


METRICS_PER_CLASSES
CLASS:0
ACC:0.9383529411764706
PREC:0.01593625498007968
REC:0.21052631578947367
TNR:0.9416213661073033
FPR:0.9840637450199203
FPDR:0.9840637450199203
F1:0.02962962962962963
BACC:0
CLSFE:0.9840637450199203
MCC:0.043057726044252134
GMEAN:0.4452371020874403
SAMPLES:251
AUC:{}
AVGP:{}
CLASS:1
ACC:0.9383529411764706
PREC:0.9962490622655664
REC:0.9416213661073033
TNR:0.21052631578947367
FPR:0.0037509377344336083
FPDR:0.0037509377344336083
F1:0.9681652490886998
BACC:0
CLSFE:0.0037509377344336083
MCC:0.043057726044252134
GMEAN:0.4452371020874403
SAMPLES:3999
AUC:{}
AVGP:{}
