

GENERAL_METRICS
ACC:0.9416470588235294
PREC:0.5011319334403093
REC:0.508304127964447
TNR:0.508304127964447
FPR:0.4988680665596907
FPDR:0.4988680665596907
F1:0.49290256031284163
BACC:0.0
CLSFE:0.05835294117647059
MCC:0.006131792604309197
GMEAN:0.25564559772001105
SAMPLES:4250.0
AUC:{'AUC macro OVO': 0.5011319334403094}
AVGP:{'avg_precision': 0.9476419788596241}


METRICS_PER_CLASSES
CLASS:0
ACC:0.9416470588235294
PREC:0.008968609865470852
REC:0.06896551724137931
TNR:0.9476427386875148
FPR:0.9910313901345291
FPDR:0.9910313901345291
F1:0.015873015873015872
BACC:0
CLSFE:0.9910313901345291
MCC:0.006131792604309197
GMEAN:0.25564559772001105
SAMPLES:223
AUC:{}
AVGP:{}
CLASS:1
ACC:0.9416470588235294
PREC:0.9932952570151478
REC:0.9476427386875148
TNR:0.06896551724137931
FPR:0.006704742984852247
FPDR:0.006704742984852247
F1:0.9699321047526673
BACC:0
CLSFE:0.006704742984852247
MCC:0.006131792604309197
GMEAN:0.25564559772001105
SAMPLES:4027
AUC:{}
AVGP:{}
