

GENERAL_METRICS
ACC:0.9371764705882353
PREC:0.5069158483792631
REC:0.5520838908470896
TNR:0.5520838908470896
FPR:0.49308415162073693
FPDR:0.49308415162073693
F1:0.5018155907683433
BACC:0.0
CLSFE:0.06282352941176471
MCC:0.03795809753402066
GMEAN:0.3899705239302593
SAMPLES:4250.0
AUC:{'AUC macro OVO': 0.5069158483792631}
AVGP:{'avg_precision': 0.9428725252690229}


METRICS_PER_CLASSES
CLASS:0
ACC:0.9371764705882353
PREC:0.02032520325203252
REC:0.16129032258064516
TNR:0.942877459113534
FPR:0.9796747967479674
FPDR:0.9796747967479674
F1:0.036101083032490974
BACC:0
CLSFE:0.9796747967479674
MCC:0.03795809753402066
GMEAN:0.3899705239302593
SAMPLES:246
AUC:{}
AVGP:{}
CLASS:1
ACC:0.9371764705882353
PREC:0.9935064935064936
REC:0.942877459113534
TNR:0.16129032258064516
FPR:0.006493506493506494
FPDR:0.006493506493506494
F1:0.9675300985041956
BACC:0
CLSFE:0.006493506493506494
MCC:0.03795809753402066
GMEAN:0.3899705239302593
SAMPLES:4004
AUC:{}
AVGP:{}
