

GENERAL_METRICS
ACC:0.936235294117647
PREC:0.49959950199804004
REC:0.49521276595744684
TNR:0.49521276595744684
FPR:0.50040049800196
FPDR:0.50040049800196
F1:0.4871928444312059
BACC:0.0
CLSFE:0.06376470588235295
MCC:-0.002769315921997556
GMEAN:0.216843899143473
SAMPLES:4250.0
AUC:{'AUC macro OVO': 0.49959950199804004}
AVGP:{'avg_precision': 0.9404257460930492}


METRICS_PER_CLASSES
CLASS:0
ACC:0.936235294117647
PREC:0.003952569169960474
REC:0.05
TNR:0.9404255319148936
FPR:0.9960474308300395
FPDR:0.9960474308300395
F1:0.007326007326007326
BACC:0
CLSFE:0.9960474308300395
MCC:-0.002769315921997556
GMEAN:0.216843899143473
SAMPLES:253
AUC:{}
AVGP:{}
CLASS:1
ACC:0.936235294117647
PREC:0.9952464348261196
REC:0.9404255319148936
TNR:0.05
FPR:0.0047535651738804105
FPDR:0.0047535651738804105
F1:0.9670596815364045
BACC:0
CLSFE:0.0047535651738804105
MCC:-0.002769315921997556
GMEAN:0.216843899143473
SAMPLES:3997
AUC:{}
AVGP:{}
