

GENERAL_METRICS
ACC:0.8216
PREC:0.6839562689102096
REC:0.7436196623634558
TNR:0.7436196623634558
FPR:0.31604373108979045
FPDR:0.31604373108979045
F1:0.704441906797677
BACC:0.0
CLSFE:0.1784
MCC:0.4233927921991414
GMEAN:0.7351306553511024
SAMPLES:1250.0
AUC:{'AUC macro OVO': 0.6839562689102096}
AVGP:{'avg_precision': 0.8503541067186805}


METRICS_PER_CLASSES
CLASS:0
ACC:0.8216
PREC:0.43956043956043955
REC:0.631578947368421
TNR:0.8556603773584905
FPR:0.5604395604395604
FPDR:0.5604395604395604
F1:0.5183585313174947
BACC:0
CLSFE:0.5604395604395604
MCC:0.4233927921991414
GMEAN:0.7351306553511024
SAMPLES:273
AUC:{}
AVGP:{}
CLASS:1
ACC:0.8216
PREC:0.9283520982599796
REC:0.8556603773584905
TNR:0.631578947368421
FPR:0.07164790174002048
FPDR:0.07164790174002048
F1:0.8905252822778595
BACC:0
CLSFE:0.07164790174002048
MCC:0.4233927921991414
GMEAN:0.7351306553511024
SAMPLES:977
AUC:{}
AVGP:{}
