

GENERAL_METRICS
ACC:0.8576
PREC:0.7342710997442455
REC:0.7660419006312202
TNR:0.7660419006312202
FPR:0.26572890025575446
FPDR:0.26572890025575446
F1:0.7481675653406132
BACC:0.0
CLSFE:0.1424
MCC:0.49930322906596647
GMEAN:0.7543391883260592
SAMPLES:1250.0
AUC:{'AUC macro OVO': 0.7342710997442456}
AVGP:{'avg_precision': 0.8935415113293894}


METRICS_PER_CLASSES
CLASS:0
ACC:0.8576
PREC:0.5391304347826087
REC:0.6326530612244898
TNR:0.8994307400379506
FPR:0.4608695652173913
FPDR:0.4608695652173913
F1:0.5821596244131455
BACC:0
CLSFE:0.4608695652173913
MCC:0.49930322906596647
GMEAN:0.7543391883260592
SAMPLES:230
AUC:{}
AVGP:{}
CLASS:1
ACC:0.8576
PREC:0.9294117647058824
REC:0.8994307400379506
TNR:0.6326530612244898
FPR:0.07058823529411765
FPDR:0.07058823529411765
F1:0.914175506268081
BACC:0
CLSFE:0.07058823529411765
MCC:0.49930322906596647
GMEAN:0.7543391883260592
SAMPLES:1020
AUC:{}
AVGP:{}
