

GENERAL_METRICS
ACC:0.8576
PREC:0.7382952228128239
REC:0.771547619047619
TNR:0.771547619047619
FPR:0.26170477718717616
FPDR:0.26170477718717616
F1:0.7527514045942678
BACC:0.0
CLSFE:0.1424
MCC:0.508757311044251
GMEAN:0.7610988297004723
SAMPLES:1250.0
AUC:{'AUC macro OVO': 0.7382952228128239}
AVGP:{'avg_precision': 0.8920108575185498}


METRICS_PER_CLASSES
CLASS:0
ACC:0.8576
PREC:0.5466101694915254
REC:0.645
TNR:0.8980952380952381
FPR:0.4533898305084746
FPDR:0.4533898305084746
F1:0.591743119266055
BACC:0
CLSFE:0.4533898305084746
MCC:0.508757311044251
GMEAN:0.7610988297004723
SAMPLES:236
AUC:{}
AVGP:{}
CLASS:1
ACC:0.8576
PREC:0.9299802761341223
REC:0.8980952380952381
TNR:0.645
FPR:0.07001972386587771
FPDR:0.07001972386587771
F1:0.9137596899224806
BACC:0
CLSFE:0.07001972386587771
MCC:0.508757311044251
GMEAN:0.7610988297004723
SAMPLES:1014
AUC:{}
AVGP:{}
