

GENERAL_METRICS
ACC:0.8264
PREC:0.6925683718715592
REC:0.7559314576133762
TNR:0.7559314576133762
FPR:0.30743162812844094
FPDR:0.30743162812844094
F1:0.7142965480703299
BACC:0.0
CLSFE:0.1736
MCC:0.4440013698326743
GMEAN:0.7490887367339952
SAMPLES:1250.0
AUC:{'AUC macro OVO': 0.6925683718715592}
AVGP:{'avg_precision': 0.8521128227202835}


METRICS_PER_CLASSES
CLASS:0
ACC:0.8264
PREC:0.4528985507246377
REC:0.6544502617801047
TNR:0.8574126534466477
FPR:0.5471014492753623
FPDR:0.5471014492753623
F1:0.5353319057815846
BACC:0
CLSFE:0.5471014492753623
MCC:0.4440013698326743
GMEAN:0.7490887367339952
SAMPLES:276
AUC:{}
AVGP:{}
CLASS:1
ACC:0.8264
PREC:0.9322381930184805
REC:0.8574126534466477
TNR:0.6544502617801047
FPR:0.06776180698151951
FPDR:0.06776180698151951
F1:0.8932611903590753
BACC:0
CLSFE:0.06776180698151951
MCC:0.4440013698326743
GMEAN:0.7490887367339952
SAMPLES:974
AUC:{}
AVGP:{}
