

GENERAL_METRICS
ACC:0.909
PREC:0.523736664795059
REC:0.6329914825679703
TNR:0.6329914825679703
FPR:0.476263335204941
FPDR:0.476263335204941
F1:0.5255449715587672
BACC:0.0
CLSFE:0.091
MCC:0.11237035627448796
GMEAN:0.5656275859507477
SAMPLES:3000.0
AUC:{'AUC macro OVO': 0.523736664795059}
AVGP:{'avg_precision': 0.9171067967715685}


METRICS_PER_CLASSES
CLASS:0
ACC:0.909
PREC:0.057692307692307696
REC:0.3488372093023256
TNR:0.9171457558336151
FPR:0.9423076923076923
FPDR:0.9423076923076923
F1:0.09900990099009901
BACC:0
CLSFE:0.9423076923076923
MCC:0.11237035627448796
GMEAN:0.5656275859507477
SAMPLES:260
AUC:{}
AVGP:{}
CLASS:1
ACC:0.909
PREC:0.9897810218978103
REC:0.9171457558336151
TNR:0.3488372093023256
FPR:0.010218978102189781
FPDR:0.010218978102189781
F1:0.9520800421274355
BACC:0
CLSFE:0.010218978102189781
MCC:0.11237035627448796
GMEAN:0.5656275859507477
SAMPLES:2740
AUC:{}
AVGP:{}
