

GENERAL_METRICS
ACC:0.904
PREC:0.5133663601399155
REC:0.5553767190657581
TNR:0.5553767190657581
FPR:0.4866336398600845
FPDR:0.4866336398600845
F1:0.5101763138499915
BACC:0.0
CLSFE:0.096
MCC:0.05441268860844308
GMEAN:0.4208487831501914
SAMPLES:3000.0
AUC:{'AUC macro OVO': 0.5133663601399154}
AVGP:{'avg_precision': 0.9177357440934855}


METRICS_PER_CLASSES
CLASS:0
ACC:0.904
PREC:0.043478260869565216
REC:0.19298245614035087
TNR:0.9177709819911655
FPR:0.9565217391304348
FPDR:0.9565217391304348
F1:0.07096774193548387
BACC:0
CLSFE:0.9565217391304348
MCC:0.05441268860844308
GMEAN:0.4208487831501914
SAMPLES:253
AUC:{}
AVGP:{}
CLASS:1
ACC:0.904
PREC:0.9832544594102658
REC:0.9177709819911655
TNR:0.19298245614035087
FPR:0.016745540589734254
FPDR:0.016745540589734254
F1:0.9493848857644991
BACC:0
CLSFE:0.016745540589734254
MCC:0.05441268860844308
GMEAN:0.4208487831501914
SAMPLES:2747
AUC:{}
AVGP:{}
