

GENERAL_METRICS
ACC:0.907
PREC:0.522
REC:0.587166246923968
TNR:0.587166246923968
FPR:0.478
FPDR:0.478
F1:0.5240313013393657
BACC:0.0
CLSFE:0.093
MCC:0.08758213133573071
GMEAN:0.48365536276037174
SAMPLES:3000.0
AUC:{'AUC macro OVO': 0.522}
AVGP:{'avg_precision': 0.9200403490876119}


METRICS_PER_CLASSES
CLASS:0
ACC:0.907
PREC:0.06
REC:0.2542372881355932
TNR:0.9200952057123427
FPR:0.94
FPDR:0.94
F1:0.0970873786407767
BACC:0
CLSFE:0.94
MCC:0.08758213133573071
GMEAN:0.48365536276037174
SAMPLES:250
AUC:{}
AVGP:{}
CLASS:1
ACC:0.907
PREC:0.984
REC:0.9200952057123427
TNR:0.2542372881355932
FPR:0.016
FPDR:0.016
F1:0.9509752240379546
BACC:0
CLSFE:0.016
MCC:0.08758213133573071
GMEAN:0.48365536276037174
SAMPLES:2750
AUC:{}
AVGP:{}
