

GENERAL_METRICS
ACC:0.9033333333333333
PREC:0.5162898048026348
REC:0.5567830808453471
TNR:0.5567830808453471
FPR:0.48371019519736524
FPDR:0.48371019519736524
F1:0.5156290364246965
BACC:0.0
CLSFE:0.09666666666666666
MCC:0.06082714206874862
GMEAN:0.4223949492694265
SAMPLES:3000.0
AUC:{'AUC macro OVO': 0.5162898048026348}
AVGP:{'avg_precision': 0.9194865251243605}


METRICS_PER_CLASSES
CLASS:0
ACC:0.9033333333333333
PREC:0.05220883534136546
REC:0.19402985074626866
TNR:0.9195363109444255
FPR:0.9477911646586346
FPDR:0.9477911646586346
F1:0.08227848101265822
BACC:0
CLSFE:0.9477911646586346
MCC:0.06082714206874862
GMEAN:0.4223949492694265
SAMPLES:249
AUC:{}
AVGP:{}
CLASS:1
ACC:0.9033333333333333
PREC:0.9803707742639041
REC:0.9195363109444255
TNR:0.19402985074626866
FPR:0.019629225736095966
FPDR:0.019629225736095966
F1:0.9489795918367347
BACC:0
CLSFE:0.019629225736095966
MCC:0.06082714206874862
GMEAN:0.4223949492694265
SAMPLES:2751
AUC:{}
AVGP:{}
