

GENERAL_METRICS
ACC:0.9083333333333333
PREC:0.6461291198073041
REC:0.696522638399638
TNR:0.696522638399638
FPR:0.35387088019269586
FPDR:0.35387088019269586
F1:0.6662587607075314
BACC:0.0
CLSFE:0.09166666666666666
MCC:0.3389258336069897
GMEAN:0.6531392105035431
SAMPLES:3000.0
AUC:{'AUC macro OVO': 0.6461291198073043}
AVGP:{'avg_precision': 0.9375884503100251}


METRICS_PER_CLASSES
CLASS:0
ACC:0.9083333333333333
PREC:0.32945736434108525
REC:0.45454545454545453
TNR:0.9384998222538216
FPR:0.6705426356589147
FPDR:0.6705426356589147
F1:0.38202247191011235
BACC:0
CLSFE:0.6705426356589147
MCC:0.3389258336069897
GMEAN:0.6531392105035431
SAMPLES:258
AUC:{}
AVGP:{}
CLASS:1
ACC:0.9083333333333333
PREC:0.962800875273523
REC:0.9384998222538216
TNR:0.45454545454545453
FPR:0.037199124726477024
FPDR:0.037199124726477024
F1:0.9504950495049505
BACC:0
CLSFE:0.037199124726477024
MCC:0.3389258336069897
GMEAN:0.6531392105035431
SAMPLES:2742
AUC:{}
AVGP:{}
