

GENERAL_METRICS
ACC:0.8133333333333334
PREC:0.5464180054675505
REC:0.612541993281075
TNR:0.612541993281075
FPR:0.4535819945324495
FPDR:0.4535819945324495
F1:0.5494026366382861
BACC:0.0
CLSFE:0.18666666666666668
MCC:0.14455414016139376
GMEAN:0.5678982291363612
SAMPLES:1500.0
AUC:{'AUC macro OVO': 0.5464180054675505}
AVGP:{'avg_precision': 0.8414465632680735}


METRICS_PER_CLASSES
CLASS:0
ACC:0.8133333333333334
PREC:0.13953488372093023
REC:0.3829787234042553
TNR:0.8421052631578947
FPR:0.8604651162790697
FPDR:0.8604651162790697
F1:0.20454545454545456
BACC:0
CLSFE:0.8604651162790697
MCC:0.14455414016139376
GMEAN:0.5678982291363612
SAMPLES:258
AUC:{}
AVGP:{}
CLASS:1
ACC:0.8133333333333334
PREC:0.9533011272141707
REC:0.8421052631578947
TNR:0.3829787234042553
FPR:0.04669887278582931
FPDR:0.04669887278582931
F1:0.8942598187311178
BACC:0
CLSFE:0.04669887278582931
MCC:0.14455414016139376
GMEAN:0.5678982291363612
SAMPLES:1242
AUC:{}
AVGP:{}
