

GENERAL_METRICS
ACC:0.8133333333333334
PREC:0.5451302729528537
REC:0.6146572104018913
TNR:0.6146572104018913
FPR:0.4548697270471464
FPDR:0.4548697270471464
F1:0.5471698113207547
BACC:0.0
CLSFE:0.18666666666666668
MCC:0.14386815076937798
GMEAN:0.5716923572169182
SAMPLES:1500.0
AUC:{'AUC macro OVO': 0.5451302729528535}
AVGP:{'avg_precision': 0.8398152596659804}


METRICS_PER_CLASSES
CLASS:0
ACC:0.8133333333333334
PREC:0.1346153846153846
REC:0.3888888888888889
TNR:0.8404255319148937
FPR:0.8653846153846154
FPDR:0.8653846153846154
F1:0.2
BACC:0
CLSFE:0.8653846153846154
MCC:0.14386815076937798
GMEAN:0.5716923572169182
SAMPLES:260
AUC:{}
AVGP:{}
CLASS:1
ACC:0.8133333333333334
PREC:0.9556451612903226
REC:0.8404255319148937
TNR:0.3888888888888889
FPR:0.04435483870967742
FPDR:0.04435483870967742
F1:0.8943396226415095
BACC:0
CLSFE:0.04435483870967742
MCC:0.14386815076937798
GMEAN:0.5716923572169182
SAMPLES:1240
AUC:{}
AVGP:{}
