

GENERAL_METRICS
ACC:0.8253333333333334
PREC:0.5628061893686356
REC:0.6597679548332126
TNR:0.6597679548332126
FPR:0.4371938106313644
FPDR:0.4371938106313644
F1:0.5720278258142362
BACC:0.0
CLSFE:0.17466666666666666
MCC:0.2003438686488245
GMEAN:0.632458050186683
SAMPLES:1500.0
AUC:{'AUC macro OVO': 0.5628061893686356}
AVGP:{'avg_precision': 0.8469089194789665}


METRICS_PER_CLASSES
CLASS:0
ACC:0.8253333333333334
PREC:0.16342412451361868
REC:0.47191011235955055
TNR:0.8476257973068746
FPR:0.8365758754863813
FPDR:0.8365758754863813
F1:0.24277456647398843
BACC:0
CLSFE:0.8365758754863813
MCC:0.2003438686488245
GMEAN:0.632458050186683
SAMPLES:257
AUC:{}
AVGP:{}
CLASS:1
ACC:0.8253333333333334
PREC:0.9621882542236525
REC:0.8476257973068746
TNR:0.47191011235955055
FPR:0.03781174577634755
FPDR:0.03781174577634755
F1:0.9012810851544838
BACC:0
CLSFE:0.03781174577634755
MCC:0.2003438686488245
GMEAN:0.632458050186683
SAMPLES:1243
AUC:{}
AVGP:{}
