

GENERAL_METRICS
ACC:0.8293333333333334
PREC:0.5560515873015873
REC:0.6335697399527187
TNR:0.6335697399527187
FPR:0.4439484126984127
FPDR:0.4439484126984127
F1:0.5641811372148451
BACC:0.0
CLSFE:0.17066666666666666
MCC:0.17305254623737987
GMEAN:0.5932307930625883
SAMPLES:1500.0
AUC:{'AUC macro OVO': 0.5560515873015873}
AVGP:{'avg_precision': 0.8553541596307553}


METRICS_PER_CLASSES
CLASS:0
ACC:0.8293333333333334
PREC:0.15416666666666667
REC:0.4111111111111111
TNR:0.8560283687943262
FPR:0.8458333333333333
FPDR:0.8458333333333333
F1:0.22424242424242424
BACC:0
CLSFE:0.8458333333333333
MCC:0.17305254623737987
GMEAN:0.5932307930625883
SAMPLES:240
AUC:{}
AVGP:{}
CLASS:1
ACC:0.8293333333333334
PREC:0.957936507936508
REC:0.8560283687943262
TNR:0.4111111111111111
FPR:0.04206349206349207
FPDR:0.04206349206349207
F1:0.9041198501872659
BACC:0
CLSFE:0.04206349206349207
MCC:0.17305254623737987
GMEAN:0.5932307930625883
SAMPLES:1260
AUC:{}
AVGP:{}
