

GENERAL_METRICS
ACC:0.9098181818181819
PREC:0.5512598351442488
REC:0.6730004967709886
TNR:0.6730004967709886
FPR:0.4487401648557512
FPDR:0.4487401648557512
F1:0.5682407519954621
BACC:0.0
CLSFE:0.09018181818181818
MCC:0.1883398730418391
GMEAN:0.625339179970255
SAMPLES:2750.0
AUC:{'AUC macro OVO': 0.5512598351442488}
AVGP:{'avg_precision': 0.9216329511044453}


METRICS_PER_CLASSES
CLASS:0
ACC:0.9098181818181819
PREC:0.11764705882352941
REC:0.42424242424242425
TNR:0.9217585692995529
FPR:0.8823529411764706
FPDR:0.8823529411764706
F1:0.18421052631578946
BACC:0
CLSFE:0.8823529411764706
MCC:0.1883398730418391
GMEAN:0.625339179970255
SAMPLES:238
AUC:{}
AVGP:{}
CLASS:1
ACC:0.9098181818181819
PREC:0.9848726114649682
REC:0.9217585692995529
TNR:0.42424242424242425
FPR:0.015127388535031847
FPDR:0.015127388535031847
F1:0.9522709776751347
BACC:0
CLSFE:0.015127388535031847
MCC:0.1883398730418391
GMEAN:0.625339179970255
SAMPLES:2512
AUC:{}
AVGP:{}
