

GENERAL_METRICS
ACC:0.9181818181818182
PREC:0.5763707084912337
REC:0.6918766226642776
TNR:0.6918766226642776
FPR:0.42362929150876627
FPDR:0.42362929150876627
F1:0.6021153637163936
BACC:0.0
CLSFE:0.08181818181818182
MCC:0.24210537883967792
GMEAN:0.6486735821427937
SAMPLES:2750.0
AUC:{'AUC macro OVO': 0.5763707084912337}
AVGP:{'avg_precision': 0.932330445694857}


METRICS_PER_CLASSES
CLASS:0
ACC:0.9181818181818182
PREC:0.17050691244239632
REC:0.45121951219512196
TNR:0.9325337331334332
FPR:0.8294930875576036
FPDR:0.8294930875576036
F1:0.24749163879598662
BACC:0
CLSFE:0.8294930875576036
MCC:0.24210537883967792
GMEAN:0.6486735821427937
SAMPLES:217
AUC:{}
AVGP:{}
CLASS:1
ACC:0.9181818181818182
PREC:0.9822345045400711
REC:0.9325337331334332
TNR:0.45121951219512196
FPR:0.017765495459928938
FPDR:0.017765495459928938
F1:0.9567390886368006
BACC:0
CLSFE:0.017765495459928938
MCC:0.24210537883967792
GMEAN:0.6486735821427937
SAMPLES:2533
AUC:{}
AVGP:{}
