

GENERAL_METRICS
ACC:0.9050909090909091
PREC:0.5670599486336139
REC:0.7025514981273409
TNR:0.7025514981273409
FPR:0.43294005136638614
FPDR:0.43294005136638614
F1:0.589758450461511
BACC:0.0
CLSFE:0.09490909090909092
MCC:0.23309305489508694
GMEAN:0.6688284239430597
SAMPLES:2750.0
AUC:{'AUC macro OVO': 0.5670599486336139}
AVGP:{'avg_precision': 0.9174090270086374}


METRICS_PER_CLASSES
CLASS:0
ACC:0.9050909090909091
PREC:0.15057915057915058
REC:0.4875
TNR:0.9176029962546817
FPR:0.8494208494208494
FPDR:0.8494208494208494
F1:0.23008849557522124
BACC:0
CLSFE:0.8494208494208494
MCC:0.23309305489508694
GMEAN:0.6688284239430597
SAMPLES:259
AUC:{}
AVGP:{}
CLASS:1
ACC:0.9050909090909091
PREC:0.9835407466880771
REC:0.9176029962546817
TNR:0.4875
FPR:0.01645925331192292
FPDR:0.01645925331192292
F1:0.9494284053478008
BACC:0
CLSFE:0.01645925331192292
MCC:0.23309305489508694
GMEAN:0.6688284239430597
SAMPLES:2491
AUC:{}
AVGP:{}
