

GENERAL_METRICS
ACC:0.9047272727272727
PREC:0.5747693709426369
REC:0.7173601147776184
TNR:0.7173601147776184
FPR:0.4252306290573631
FPDR:0.4252306290573631
F1:0.6002773925104022
BACC:0.0
CLSFE:0.09527272727272727
MCC:0.2549657157340327
GMEAN:0.6889994408961714
SAMPLES:2750.0
AUC:{'AUC macro OVO': 0.5747693709426369}
AVGP:{'avg_precision': 0.9168514769325488}


METRICS_PER_CLASSES
CLASS:0
ACC:0.9047272727272727
PREC:0.1660377358490566
REC:0.5176470588235295
TNR:0.9170731707317074
FPR:0.8339622641509434
FPDR:0.8339622641509434
F1:0.25142857142857145
BACC:0
CLSFE:0.8339622641509434
MCC:0.2549657157340327
GMEAN:0.6889994408961714
SAMPLES:265
AUC:{}
AVGP:{}
CLASS:1
ACC:0.9047272727272727
PREC:0.9835010060362173
REC:0.9170731707317074
TNR:0.5176470588235295
FPR:0.016498993963782696
FPDR:0.016498993963782696
F1:0.949126213592233
BACC:0
CLSFE:0.016498993963782696
MCC:0.2549657157340327
GMEAN:0.6889994408961714
SAMPLES:2485
AUC:{}
AVGP:{}
