

GENERAL_METRICS
ACC:0.8949090909090909
PREC:0.6420765027322404
REC:0.6688305245160896
TNR:0.6688305245160896
FPR:0.3579234972677595
FPDR:0.3579234972677595
F1:0.6537753623977608
BACC:0.0
CLSFE:0.1050909090909091
MCC:0.3097537762655739
GMEAN:0.6136953147166133
SAMPLES:2750.0
AUC:{'AUC macro OVO': 0.6420765027322404}
AVGP:{'avg_precision': 0.9335044662523784}


METRICS_PER_CLASSES
CLASS:0
ACC:0.8949090909090909
PREC:0.3333333333333333
REC:0.4029126213592233
TNR:0.934748427672956
FPR:0.6666666666666666
FPDR:0.6666666666666666
F1:0.3648351648351648
BACC:0
CLSFE:0.6666666666666666
MCC:0.3097537762655739
GMEAN:0.6136953147166133
SAMPLES:249
AUC:{}
AVGP:{}
CLASS:1
ACC:0.8949090909090909
PREC:0.9508196721311475
REC:0.934748427672956
TNR:0.4029126213592233
FPR:0.04918032786885246
FPDR:0.04918032786885246
F1:0.9427155599603568
BACC:0
CLSFE:0.04918032786885246
MCC:0.3097537762655739
GMEAN:0.6136953147166133
SAMPLES:2501
AUC:{}
AVGP:{}
