

GENERAL_METRICS
ACC:0.8909090909090909
PREC:0.6279947012562356
REC:0.648127568146717
TNR:0.648127568146717
FPR:0.37200529874376437
FPDR:0.37200529874376437
F1:0.6369636963696369
BACC:0.0
CLSFE:0.10909090909090909
MCC:0.27538731875488914
GMEAN:0.5817067266572613
SAMPLES:2750.0
AUC:{'AUC macro OVO': 0.6279947012562357}
AVGP:{'avg_precision': 0.932762146916671}


METRICS_PER_CLASSES
CLASS:0
ACC:0.8909090909090909
PREC:0.30864197530864196
REC:0.36231884057971014
TNR:0.9339362957137239
FPR:0.691358024691358
FPDR:0.691358024691358
F1:0.3333333333333333
BACC:0
CLSFE:0.691358024691358
MCC:0.27538731875488914
GMEAN:0.5817067266572613
SAMPLES:243
AUC:{}
AVGP:{}
CLASS:1
ACC:0.8909090909090909
PREC:0.9473474272038293
REC:0.9339362957137239
TNR:0.36231884057971014
FPR:0.05265257279617072
FPDR:0.05265257279617072
F1:0.9405940594059405
BACC:0
CLSFE:0.05265257279617072
MCC:0.27538731875488914
GMEAN:0.5817067266572613
SAMPLES:2507
AUC:{}
AVGP:{}
