

GENERAL_METRICS
ACC:0.8876363636363637
PREC:0.6503150260724235
REC:0.6705872887622908
TNR:0.6705872887622908
FPR:0.34968497392757647
FPDR:0.34968497392757647
F1:0.6594869402872933
BACC:0.0
CLSFE:0.11236363636363636
MCC:0.32026134801394807
GMEAN:0.6176663631679272
SAMPLES:2750.0
AUC:{'AUC macro OVO': 0.6503150260724235}
AVGP:{'avg_precision': 0.9301037263806187}


METRICS_PER_CLASSES
CLASS:0
ACC:0.8876363636363637
PREC:0.35580524344569286
REC:0.40948275862068967
TNR:0.931691818903892
FPR:0.6441947565543071
FPDR:0.6441947565543071
F1:0.3807615230460922
BACC:0
CLSFE:0.6441947565543071
MCC:0.32026134801394807
GMEAN:0.6176663631679272
SAMPLES:267
AUC:{}
AVGP:{}
CLASS:1
ACC:0.8876363636363637
PREC:0.9448248086991542
REC:0.931691818903892
TNR:0.40948275862068967
FPR:0.05517519130084575
FPDR:0.05517519130084575
F1:0.9382123575284943
BACC:0
CLSFE:0.05517519130084575
MCC:0.32026134801394807
GMEAN:0.6176663631679272
SAMPLES:2483
AUC:{}
AVGP:{}
