

GENERAL_METRICS
ACC:0.9007272727272727
PREC:0.6394717122517797
REC:0.6722706697325986
TNR:0.6722706697325986
FPR:0.3605282877482203
FPDR:0.3605282877482203
F1:0.6534207133231864
BACC:0.0
CLSFE:0.09927272727272728
MCC:0.31001216284763006
GMEAN:0.6178958695874036
SAMPLES:2750.0
AUC:{'AUC macro OVO': 0.6394717122517797}
AVGP:{'avg_precision': 0.9360781632283459}


METRICS_PER_CLASSES
CLASS:0
ACC:0.9007272727272727
PREC:0.3235294117647059
REC:0.4074074074074074
TNR:0.9371339320577899
FPR:0.6764705882352942
FPDR:0.6764705882352942
F1:0.36065573770491804
BACC:0
CLSFE:0.6764705882352942
MCC:0.31001216284763006
GMEAN:0.6178958695874036
SAMPLES:238
AUC:{}
AVGP:{}
CLASS:1
ACC:0.9007272727272727
PREC:0.9554140127388535
REC:0.9371339320577899
TNR:0.4074074074074074
FPR:0.044585987261146494
FPDR:0.044585987261146494
F1:0.9461856889414547
BACC:0
CLSFE:0.044585987261146494
MCC:0.31001216284763006
GMEAN:0.6178958695874036
SAMPLES:2512
AUC:{}
AVGP:{}
