

GENERAL_METRICS
ACC:0.83
PREC:0.5378688518917123
REC:0.5941122845643125
TNR:0.5941122845643125
FPR:0.46213114810828765
FPDR:0.46213114810828765
F1:0.5399984847008907
BACC:0.0
CLSFE:0.17
MCC:0.1193972221679656
GMEAN:0.531814880042444
SAMPLES:1500.0
AUC:{'AUC macro OVO': 0.5378688518917124}
AVGP:{'avg_precision': 0.8585117135722915}


METRICS_PER_CLASSES
CLASS:0
ACC:0.83
PREC:0.11894273127753303
REC:0.32926829268292684
TNR:0.8589562764456982
FPR:0.8810572687224669
FPDR:0.8810572687224669
F1:0.17475728155339806
BACC:0
CLSFE:0.8810572687224669
MCC:0.1193972221679656
GMEAN:0.531814880042444
SAMPLES:227
AUC:{}
AVGP:{}
CLASS:1
ACC:0.83
PREC:0.9567949725058916
REC:0.8589562764456982
TNR:0.32926829268292684
FPR:0.04320502749410841
FPDR:0.04320502749410841
F1:0.9052396878483835
BACC:0
CLSFE:0.04320502749410841
MCC:0.1193972221679656
GMEAN:0.531814880042444
SAMPLES:1273
AUC:{}
AVGP:{}
