

GENERAL_METRICS
ACC:0.8073333333333333
PREC:0.5301000081307423
REC:0.5649036438609778
TNR:0.5649036438609778
FPR:0.4698999918692577
FPDR:0.4698999918692577
F1:0.5291068454938186
BACC:0.0
CLSFE:0.19266666666666668
MCC:0.08839909972234421
GMEAN:0.4902911630409919
SAMPLES:1500.0
AUC:{'AUC macro OVO': 0.5301000081307423}
AVGP:{'avg_precision': 0.8449801252785709}


METRICS_PER_CLASSES
CLASS:0
ACC:0.8073333333333333
PREC:0.11836734693877551
REC:0.28431372549019607
TNR:0.8454935622317596
FPR:0.8816326530612245
FPDR:0.8816326530612245
F1:0.16714697406340057
BACC:0
CLSFE:0.8816326530612245
MCC:0.08839909972234421
GMEAN:0.4902911630409919
SAMPLES:245
AUC:{}
AVGP:{}
CLASS:1
ACC:0.8073333333333333
PREC:0.9418326693227091
REC:0.8454935622317596
TNR:0.28431372549019607
FPR:0.05816733067729084
FPDR:0.05816733067729084
F1:0.8910667169242367
BACC:0
CLSFE:0.05816733067729084
MCC:0.08839909972234421
GMEAN:0.4902911630409919
SAMPLES:1255
AUC:{}
AVGP:{}
