

GENERAL_METRICS
ACC:0.8173333333333334
PREC:0.5575208698340719
REC:0.6168083714846304
TNR:0.6168083714846304
FPR:0.4424791301659281
FPDR:0.4424791301659281
F1:0.5654637801902233
BACC:0.0
CLSFE:0.18266666666666667
MCC:0.16393802648192823
GMEAN:0.5702913096778246
SAMPLES:1500.0
AUC:{'AUC macro OVO': 0.5575208698340719}
AVGP:{'avg_precision': 0.850868074869178}


METRICS_PER_CLASSES
CLASS:0
ACC:0.8173333333333334
PREC:0.1693548387096774
REC:0.38181818181818183
TNR:0.8517985611510791
FPR:0.8306451612903226
FPDR:0.8306451612903226
F1:0.2346368715083799
BACC:0
CLSFE:0.8306451612903226
MCC:0.16393802648192823
GMEAN:0.5702913096778246
SAMPLES:248
AUC:{}
AVGP:{}
CLASS:1
ACC:0.8173333333333334
PREC:0.9456869009584664
REC:0.8517985611510791
TNR:0.38181818181818183
FPR:0.054313099041533544
FPDR:0.054313099041533544
F1:0.8962906888720666
BACC:0
CLSFE:0.054313099041533544
MCC:0.16393802648192823
GMEAN:0.5702913096778246
SAMPLES:1252
AUC:{}
AVGP:{}
