

GENERAL_METRICS
ACC:0.8113333333333334
PREC:0.5510515539490148
REC:0.6065631616090332
TNR:0.6065631616090332
FPR:0.44894844605098516
FPDR:0.44894844605098516
F1:0.5565333759562738
BACC:0.0
CLSFE:0.18866666666666668
MCC:0.147515626207682
GMEAN:0.5572388831555942
SAMPLES:1500.0
AUC:{'AUC macro OVO': 0.5510515539490148}
AVGP:{'avg_precision': 0.8452962094085689}


METRICS_PER_CLASSES
CLASS:0
ACC:0.8113333333333334
PREC:0.15748031496062992
REC:0.3669724770642202
TNR:0.8461538461538461
FPR:0.84251968503937
FPDR:0.84251968503937
F1:0.22038567493112948
BACC:0
CLSFE:0.84251968503937
MCC:0.147515626207682
GMEAN:0.5572388831555942
SAMPLES:254
AUC:{}
AVGP:{}
CLASS:1
ACC:0.8113333333333334
PREC:0.9446227929373997
REC:0.8461538461538461
TNR:0.3669724770642202
FPR:0.05537720706260032
FPDR:0.05537720706260032
F1:0.8926810769814183
BACC:0
CLSFE:0.05537720706260032
MCC:0.147515626207682
GMEAN:0.5572388831555942
SAMPLES:1246
AUC:{}
AVGP:{}
