

GENERAL_METRICS
ACC:0.9154285714285715
PREC:0.5208958007546304
REC:0.574892019744961
TNR:0.574892019744961
FPR:0.4791041992453696
FPDR:0.4791041992453696
F1:0.5238366631061661
BACC:0.0
CLSFE:0.08457142857142858
MCC:0.07911836001087348
GMEAN:0.45273575371319075
SAMPLES:3500.0
AUC:{'AUC macro OVO': 0.5208958007546304}
AVGP:{'avg_precision': 0.9291482302398404}


METRICS_PER_CLASSES
CLASS:0
ACC:0.9154285714285715
PREC:0.05813953488372093
REC:0.22058823529411764
TNR:0.9291958041958042
FPR:0.9418604651162791
FPDR:0.9418604651162791
F1:0.09202453987730061
BACC:0
CLSFE:0.9418604651162791
MCC:0.07911836001087348
GMEAN:0.45273575371319075
SAMPLES:258
AUC:{}
AVGP:{}
CLASS:1
ACC:0.9154285714285715
PREC:0.9836520666255398
REC:0.9291958041958042
TNR:0.22058823529411764
FPR:0.01634793337446021
FPDR:0.01634793337446021
F1:0.9556487863350315
BACC:0
CLSFE:0.01634793337446021
MCC:0.07911836001087348
GMEAN:0.45273575371319075
SAMPLES:3242
AUC:{}
AVGP:{}
