

GENERAL_METRICS
ACC:0.9188571428571428
PREC:0.5205763070738815
REC:0.5769243203051757
TNR:0.5769243203051757
FPR:0.47942369292611847
FPDR:0.47942369292611847
F1:0.5236397374555269
BACC:0.0
CLSFE:0.08114285714285714
MCC:0.07956930151883736
GMEAN:0.4550033988610852
SAMPLES:3500.0
AUC:{'AUC macro OVO': 0.5205763070738815}
AVGP:{'avg_precision': 0.9315846790768347}


METRICS_PER_CLASSES
CLASS:0
ACC:0.9188571428571428
PREC:0.05622489959839357
REC:0.2222222222222222
TNR:0.9316264183881292
FPR:0.9437751004016064
FPDR:0.9437751004016064
F1:0.08974358974358974
BACC:0
CLSFE:0.9437751004016064
MCC:0.07956930151883736
GMEAN:0.4550033988610852
SAMPLES:249
AUC:{}
AVGP:{}
CLASS:1
ACC:0.9188571428571428
PREC:0.9849277145493694
REC:0.9316264183881292
TNR:0.2222222222222222
FPR:0.015072285450630576
FPDR:0.015072285450630576
F1:0.9575358851674641
BACC:0
CLSFE:0.015072285450630576
MCC:0.07956930151883736
GMEAN:0.4550033988610852
SAMPLES:3251
AUC:{}
AVGP:{}
