

GENERAL_METRICS
ACC:0.9188571428571428
PREC:0.5203961412977807
REC:0.5694330179624297
TNR:0.5694330179624297
FPR:0.4796038587022194
FPDR:0.4796038587022194
F1:0.5236397374555269
BACC:0.0
CLSFE:0.08114285714285714
MCC:0.07526395272886106
GMEAN:0.43827488623968097
SAMPLES:3500.0
AUC:{'AUC macro OVO': 0.5203961412977807}
AVGP:{'avg_precision': 0.9329389378025742}


METRICS_PER_CLASSES
CLASS:0
ACC:0.9188571428571428
PREC:0.05737704918032787
REC:0.20588235294117646
TNR:0.932983682983683
FPR:0.9426229508196722
FPDR:0.9426229508196722
F1:0.08974358974358974
BACC:0
CLSFE:0.9426229508196722
MCC:0.07526395272886106
GMEAN:0.43827488623968097
SAMPLES:244
AUC:{}
AVGP:{}
CLASS:1
ACC:0.9188571428571428
PREC:0.9834152334152334
REC:0.932983682983683
TNR:0.20588235294117646
FPR:0.016584766584766583
FPDR:0.016584766584766583
F1:0.9575358851674641
BACC:0
CLSFE:0.016584766584766583
MCC:0.07526395272886106
GMEAN:0.43827488623968097
SAMPLES:3256
AUC:{}
AVGP:{}
