

GENERAL_METRICS
ACC:0.9197142857142857
PREC:0.5339345599564942
REC:0.6203208556149733
TNR:0.6203208556149733
FPR:0.4660654400435058
FPDR:0.4660654400435058
F1:0.5439730955718327
BACC:0.0
CLSFE:0.08028571428571428
MCC:0.12779726583746595
GMEAN:0.5364395396306506
SAMPLES:3500.0
AUC:{'AUC macro OVO': 0.5339345599564942}
AVGP:{'avg_precision': 0.9317504652512356}


METRICS_PER_CLASSES
CLASS:0
ACC:0.9197142857142857
PREC:0.08235294117647059
REC:0.3088235294117647
TNR:0.9318181818181818
FPR:0.9176470588235294
FPDR:0.9176470588235294
F1:0.13003095975232198
BACC:0
CLSFE:0.9176470588235294
MCC:0.12779726583746595
GMEAN:0.5364395396306506
SAMPLES:255
AUC:{}
AVGP:{}
CLASS:1
ACC:0.9197142857142857
PREC:0.9855161787365178
REC:0.9318181818181818
TNR:0.3088235294117647
FPR:0.01448382126348228
FPDR:0.01448382126348228
F1:0.9579152313913434
BACC:0
CLSFE:0.01448382126348228
MCC:0.12779726583746595
GMEAN:0.5364395396306506
SAMPLES:3245
AUC:{}
AVGP:{}
