

GENERAL_METRICS
ACC:0.851
PREC:0.8126411143730286
REC:0.7943222990777339
TNR:0.7943222990777339
FPR:0.1873588856269715
FPDR:0.1873588856269715
F1:0.80264247160502
BACC:0.0
CLSFE:0.149
MCC:0.6066869095950381
GMEAN:0.7851934401608773
SAMPLES:1000.0
AUC:{'AUC macro OVO': 0.8126411143730286}
AVGP:{'avg_precision': 0.8967940224551756}


METRICS_PER_CLASSES
CLASS:0
ACC:0.851
PREC:0.7385892116182573
REC:0.6742424242424242
TNR:0.9144021739130435
FPR:0.26141078838174275
FPDR:0.26141078838174275
F1:0.7049504950495049
BACC:0
CLSFE:0.26141078838174275
MCC:0.6066869095950381
GMEAN:0.7851934401608773
SAMPLES:241
AUC:{}
AVGP:{}
CLASS:1
ACC:0.851
PREC:0.8866930171277997
REC:0.9144021739130435
TNR:0.6742424242424242
FPR:0.11330698287220026
FPDR:0.11330698287220026
F1:0.9003344481605351
BACC:0
CLSFE:0.11330698287220026
MCC:0.6066869095950381
GMEAN:0.7851934401608773
SAMPLES:759
AUC:{}
AVGP:{}
