

GENERAL_METRICS
ACC:0.849
PREC:0.8094273727432997
REC:0.7875533365477838
TNR:0.7875533365477838
FPR:0.19057262725670038
FPDR:0.19057262725670038
F1:0.7973086345179369
BACC:0.0
CLSFE:0.151
MCC:0.596579830203974
GMEAN:0.7769911728188024
SAMPLES:1000.0
AUC:{'AUC macro OVO': 0.8094273727432998}
AVGP:{'avg_precision': 0.8986626942767201}


METRICS_PER_CLASSES
CLASS:0
ACC:0.849
PREC:0.7350427350427351
REC:0.6590038314176245
TNR:0.9161028416779432
FPR:0.26495726495726496
FPDR:0.26495726495726496
F1:0.694949494949495
BACC:0
CLSFE:0.26495726495726496
MCC:0.596579830203974
GMEAN:0.7769911728188024
SAMPLES:234
AUC:{}
AVGP:{}
CLASS:1
ACC:0.849
PREC:0.8838120104438643
REC:0.9161028416779432
TNR:0.6590038314176245
FPR:0.11618798955613577
FPDR:0.11618798955613577
F1:0.8996677740863788
BACC:0
CLSFE:0.11618798955613577
MCC:0.596579830203974
GMEAN:0.7769911728188024
SAMPLES:766
AUC:{}
AVGP:{}
