

GENERAL_METRICS
ACC:0.846
PREC:0.8188953967374208
REC:0.8058824374613849
TNR:0.8058824374613849
FPR:0.1811046032625792
FPDR:0.1811046032625792
F1:0.8118564635856738
BACC:0.0
CLSFE:0.154
MCC:0.6246423016391305
GMEAN:0.7998016910121551
SAMPLES:1000.0
AUC:{'AUC macro OVO': 0.8188953967374208}
AVGP:{'avg_precision': 0.8828305542931006}


METRICS_PER_CLASSES
CLASS:0
ACC:0.846
PREC:0.7581227436823105
REC:0.7070707070707071
TNR:0.9046941678520626
FPR:0.24187725631768953
FPDR:0.24187725631768953
F1:0.7317073170731707
BACC:0
CLSFE:0.24187725631768953
MCC:0.6246423016391305
GMEAN:0.7998016910121551
SAMPLES:277
AUC:{}
AVGP:{}
CLASS:1
ACC:0.846
PREC:0.8796680497925311
REC:0.9046941678520626
TNR:0.7070707070707071
FPR:0.12033195020746888
FPDR:0.12033195020746888
F1:0.8920056100981767
BACC:0
CLSFE:0.12033195020746888
MCC:0.6246423016391305
GMEAN:0.7998016910121551
SAMPLES:723
AUC:{}
AVGP:{}
