

GENERAL_METRICS
ACC:0.833
PREC:0.7796515612344882
REC:0.7633333333333333
TNR:0.7633333333333333
FPR:0.22034843876551183
FPDR:0.22034843876551183
F1:0.7707804035088441
BACC:0.0
CLSFE:0.167
MCC:0.5427396347854044
GMEAN:0.750509160503721
SAMPLES:1000.0
AUC:{'AUC macro OVO': 0.7796515612344882}
AVGP:{'avg_precision': 0.8866139213143104}


METRICS_PER_CLASSES
CLASS:0
ACC:0.833
PREC:0.6812227074235808
REC:0.624
TNR:0.9026666666666666
FPR:0.31877729257641924
FPDR:0.31877729257641924
F1:0.651356993736952
BACC:0
CLSFE:0.31877729257641924
MCC:0.5427396347854044
GMEAN:0.750509160503721
SAMPLES:229
AUC:{}
AVGP:{}
CLASS:1
ACC:0.833
PREC:0.8780804150453956
REC:0.9026666666666666
TNR:0.624
FPR:0.1219195849546044
FPDR:0.1219195849546044
F1:0.8902038132807364
BACC:0
CLSFE:0.1219195849546044
MCC:0.5427396347854044
GMEAN:0.750509160503721
SAMPLES:771
AUC:{}
AVGP:{}
