

GENERAL_METRICS
ACC:0.8616
PREC:0.5842540396275663
REC:0.5910725312165572
TNR:0.5910725312165572
FPR:0.4157459603724337
FPDR:0.4157459603724337
F1:0.5874186046067932
BACC:0.0
CLSFE:0.1384
MCC:0.17519393430256172
GMEAN:0.49129385997706426
SAMPLES:2500.0
AUC:{'AUC macro OVO': 0.5842540396275663}
AVGP:{'avg_precision': 0.9185397976520616}


METRICS_PER_CLASSES
CLASS:0
ACC:0.8616
PREC:0.24066390041493776
REC:0.26244343891402716
TNR:0.9197016235190874
FPR:0.7593360995850622
FPDR:0.7593360995850622
F1:0.2510822510822511
BACC:0
CLSFE:0.7593360995850622
MCC:0.17519393430256172
GMEAN:0.49129385997706426
SAMPLES:241
AUC:{}
AVGP:{}
CLASS:1
ACC:0.8616
PREC:0.9278441788401948
REC:0.9197016235190874
TNR:0.26244343891402716
FPR:0.07215582115980522
FPDR:0.07215582115980522
F1:0.9237549581313353
BACC:0
CLSFE:0.07215582115980522
MCC:0.17519393430256172
GMEAN:0.49129385997706426
SAMPLES:2259
AUC:{}
AVGP:{}
