

GENERAL_METRICS
ACC:0.8688
PREC:0.5956515110604148
REC:0.6078193875924212
TNR:0.6078193875924212
FPR:0.40434848893958514
FPDR:0.40434848893958514
F1:0.601108335084565
BACC:0.0
CLSFE:0.1312
MCC:0.20310674380555296
GMEAN:0.5204427325202216
SAMPLES:2500.0
AUC:{'AUC macro OVO': 0.5956515110604148}
AVGP:{'avg_precision': 0.9205994757149258}


METRICS_PER_CLASSES
CLASS:0
ACC:0.8688
PREC:0.2572614107883817
REC:0.2938388625592417
TNR:0.9217999126256007
FPR:0.7427385892116183
FPDR:0.7427385892116183
F1:0.2743362831858407
BACC:0
CLSFE:0.7427385892116183
MCC:0.20310674380555296
GMEAN:0.5204427325202216
SAMPLES:241
AUC:{}
AVGP:{}
CLASS:1
ACC:0.8688
PREC:0.934041611332448
REC:0.9217999126256007
TNR:0.2938388625592417
FPR:0.06595838866755202
FPDR:0.06595838866755202
F1:0.9278803869832893
BACC:0
CLSFE:0.06595838866755202
MCC:0.20310674380555296
GMEAN:0.5204427325202216
SAMPLES:2259
AUC:{}
AVGP:{}
