

GENERAL_METRICS
ACC:0.8628
PREC:0.5700818422940832
REC:0.5776488454826151
TNR:0.5776488454826151
FPR:0.42991815770591674
FPDR:0.42991815770591674
F1:0.5734932124491239
BACC:0.0
CLSFE:0.1372
MCC:0.1475367634649787
GMEAN:0.46547286557765355
SAMPLES:2500.0
AUC:{'AUC macro OVO': 0.5700818422940832}
AVGP:{'avg_precision': 0.9188145472909358}


METRICS_PER_CLASSES
CLASS:0
ACC:0.8628
PREC:0.21030042918454936
REC:0.23557692307692307
TNR:0.9197207678883071
FPR:0.7896995708154506
FPDR:0.7896995708154506
F1:0.2222222222222222
BACC:0
CLSFE:0.7896995708154506
MCC:0.1475367634649787
GMEAN:0.46547286557765355
SAMPLES:233
AUC:{}
AVGP:{}
CLASS:1
ACC:0.8628
PREC:0.9298632554036171
REC:0.9197207678883071
TNR:0.23557692307692307
FPR:0.07013674459638289
FPDR:0.07013674459638289
F1:0.9247642026760254
BACC:0
CLSFE:0.07013674459638289
MCC:0.1475367634649787
GMEAN:0.46547286557765355
SAMPLES:2267
AUC:{}
AVGP:{}
