

GENERAL_METRICS
ACC:0.8628
PREC:0.6006531296232672
REC:0.6112872622686158
TNR:0.6112872622686158
FPR:0.3993468703767328
FPDR:0.3993468703767328
F1:0.605500269363956
BACC:0.0
CLSFE:0.1372
MCC:0.21167343937812824
GMEAN:0.5284174440754381
SAMPLES:2500.0
AUC:{'AUC macro OVO': 0.6006531296232672}
AVGP:{'avg_precision': 0.9171880646201352}


METRICS_PER_CLASSES
CLASS:0
ACC:0.8628
PREC:0.27165354330708663
REC:0.3039647577092511
TNR:0.9186097668279807
FPR:0.7283464566929134
FPDR:0.7283464566929134
F1:0.2869022869022869
BACC:0
CLSFE:0.7283464566929134
MCC:0.21167343937812824
GMEAN:0.5284174440754381
SAMPLES:254
AUC:{}
AVGP:{}
CLASS:1
ACC:0.8628
PREC:0.9296527159394479
REC:0.9186097668279807
TNR:0.3039647577092511
FPR:0.07034728406055209
FPDR:0.07034728406055209
F1:0.9240982518256251
BACC:0
CLSFE:0.07034728406055209
MCC:0.21167343937812824
GMEAN:0.5284174440754381
SAMPLES:2246
AUC:{}
AVGP:{}
