NAME: WINE
DIMENSIONS: 13
SAMPLES_COUNT: 5000
TOTAL_SIZE: 178
SIZES: dict_values([59, 71, 48])
IMBALANCED: True
IMBALANCED_RATIO: {0: 1.0056497175141244, 1: 0.8356807511737089, 2: 1.2361111111111112}
NO_LABELS: 4
MEAN: 0.4223998026521534
ST_DEV: 0.5530606177181736
NOISE: 0
TRANSFORMATION_TYPE: None
