

GENERAL_METRICS
ACC:0.9076363636363637
PREC:0.5957086656318578
REC:0.6813054499366287
TNR:0.6813054499366287
FPR:0.4042913343681422
FPDR:0.4042913343681422
F1:0.6205528357767884
BACC:0.0
CLSFE:0.09236363636363637
MCC:0.2634577968876103
GMEAN:0.6345761936132128
SAMPLES:2750.0
AUC:{'AUC macro OVO': 0.5957086656318578}
AVGP:{'avg_precision': 0.9288492363513071}


METRICS_PER_CLASSES
CLASS:0
ACC:0.9076363636363637
PREC:0.2184873949579832
REC:0.43333333333333335
TNR:0.929277566539924
FPR:0.7815126050420168
FPDR:0.7815126050420168
F1:0.2905027932960894
BACC:0
CLSFE:0.7815126050420168
MCC:0.2634577968876103
GMEAN:0.6345761936132128
SAMPLES:238
AUC:{}
AVGP:{}
CLASS:1
ACC:0.9076363636363637
PREC:0.9729299363057324
REC:0.929277566539924
TNR:0.43333333333333335
FPR:0.027070063694267517
FPDR:0.027070063694267517
F1:0.9506028782574873
BACC:0
CLSFE:0.027070063694267517
MCC:0.2634577968876103
GMEAN:0.6345761936132128
SAMPLES:2512
AUC:{}
AVGP:{}
