

GENERAL_METRICS
ACC:0.9109090909090909
PREC:0.6245170682073471
REC:0.7029556650246305
TNR:0.7029556650246305
FPR:0.37548293179265285
FPDR:0.37548293179265285
F1:0.6511545425503438
BACC:0.0
CLSFE:0.0890909090909091
MCC:0.31793989611207596
GMEAN:0.6637332837225977
SAMPLES:2750.0
AUC:{'AUC macro OVO': 0.6245170682073471}
AVGP:{'avg_precision': 0.9338742513849612}


METRICS_PER_CLASSES
CLASS:0
ACC:0.9109090909090909
PREC:0.27848101265822783
REC:0.4714285714285714
TNR:0.9344827586206896
FPR:0.7215189873417721
FPDR:0.7215189873417721
F1:0.35013262599469497
BACC:0
CLSFE:0.7215189873417721
MCC:0.31793989611207596
GMEAN:0.6637332837225977
SAMPLES:237
AUC:{}
AVGP:{}
CLASS:1
ACC:0.9109090909090909
PREC:0.9705531237564664
REC:0.9344827586206896
TNR:0.4714285714285714
FPR:0.029446876243533624
FPDR:0.029446876243533624
F1:0.9521764591059926
BACC:0
CLSFE:0.029446876243533624
MCC:0.31793989611207596
GMEAN:0.6637332837225977
SAMPLES:2513
AUC:{}
AVGP:{}
