

GENERAL_METRICS
ACC:0.9054545454545454
PREC:0.5781681002269238
REC:0.6557626177840356
TNR:0.6557626177840356
FPR:0.4218318997730762
FPDR:0.4218318997730762
F1:0.599054328979568
BACC:0.0
CLSFE:0.09454545454545454
MCC:0.22068681807983462
GMEAN:0.5967670082410609
SAMPLES:2750.0
AUC:{'AUC macro OVO': 0.5781681002269238}
AVGP:{'avg_precision': 0.927248713999238}


METRICS_PER_CLASSES
CLASS:0
ACC:0.9054545454545454
PREC:0.18376068376068377
REC:0.38392857142857145
TNR:0.9275966641394996
FPR:0.8162393162393162
FPDR:0.8162393162393162
F1:0.24855491329479767
BACC:0
CLSFE:0.8162393162393162
MCC:0.22068681807983462
GMEAN:0.5967670082410609
SAMPLES:234
AUC:{}
AVGP:{}
CLASS:1
ACC:0.9054545454545454
PREC:0.9725755166931638
REC:0.9275966641394996
TNR:0.38392857142857145
FPR:0.027424483306836247
FPDR:0.027424483306836247
F1:0.9495537446643384
BACC:0
CLSFE:0.027424483306836247
MCC:0.22068681807983462
GMEAN:0.5967670082410609
SAMPLES:2516
AUC:{}
AVGP:{}
