

GENERAL_METRICS
ACC:0.9050909090909091
PREC:0.6012016349611236
REC:0.686424365942029
TNR:0.686424365942029
FPR:0.39879836503887645
FPDR:0.39879836503887645
F1:0.6265365853658537
BACC:0.0
CLSFE:0.09490909090909092
MCC:0.2747103975456636
GMEAN:0.6426845869171515
SAMPLES:2750.0
AUC:{'AUC macro OVO': 0.6012016349611236}
AVGP:{'avg_precision': 0.9270439572644579}


METRICS_PER_CLASSES
CLASS:0
ACC:0.9050909090909091
PREC:0.23076923076923078
REC:0.4453125
TNR:0.927536231884058
FPR:0.7692307692307693
FPDR:0.7692307692307693
F1:0.304
BACC:0
CLSFE:0.7692307692307693
MCC:0.2747103975456636
GMEAN:0.6426845869171515
SAMPLES:247
AUC:{}
AVGP:{}
CLASS:1
ACC:0.9050909090909091
PREC:0.9716340391530164
REC:0.927536231884058
TNR:0.4453125
FPR:0.02836596084698362
FPDR:0.02836596084698362
F1:0.9490731707317073
BACC:0
CLSFE:0.02836596084698362
MCC:0.2747103975456636
GMEAN:0.6426845869171515
SAMPLES:2503
AUC:{}
AVGP:{}
