

GENERAL_METRICS
ACC:0.805
PREC:0.7479318995866353
REC:0.7509516125695608
TNR:0.7509516125695608
FPR:0.25206810041336464
FPDR:0.25206810041336464
F1:0.7494085398999433
BACC:0.0
CLSFE:0.195
MCC:0.49887437299865617
GMEAN:0.742317584225338
SAMPLES:1000.0
AUC:{'AUC macro OVO': 0.7479318995866353}
AVGP:{'avg_precision': 0.8474558465229947}


METRICS_PER_CLASSES
CLASS:0
ACC:0.805
PREC:0.6254681647940075
REC:0.6374045801526718
TNR:0.8644986449864499
FPR:0.37453183520599254
FPDR:0.37453183520599254
F1:0.6313799621928167
BACC:0
CLSFE:0.37453183520599254
MCC:0.49887437299865617
GMEAN:0.742317584225338
SAMPLES:267
AUC:{}
AVGP:{}
CLASS:1
ACC:0.805
PREC:0.8703956343792633
REC:0.8644986449864499
TNR:0.6374045801526718
FPR:0.1296043656207367
FPDR:0.1296043656207367
F1:0.86743711760707
BACC:0
CLSFE:0.1296043656207367
MCC:0.49887437299865617
GMEAN:0.742317584225338
SAMPLES:733
AUC:{}
AVGP:{}
