

GENERAL_METRICS
ACC:0.813
PREC:0.7617160287939879
REC:0.7533889255075086
TNR:0.7533889255075086
FPR:0.23828397120601214
FPDR:0.23828397120601214
F1:0.757319037218435
BACC:0.0
CLSFE:0.187
MCC:0.5150376426017841
GMEAN:0.7424494272715397
SAMPLES:1000.0
AUC:{'AUC macro OVO': 0.7617160287939878}
AVGP:{'avg_precision': 0.8631716585774426}


METRICS_PER_CLASSES
CLASS:0
ACC:0.813
PREC:0.65748031496063
REC:0.6254681647940075
TNR:0.8813096862210096
FPR:0.3425196850393701
FPDR:0.3425196850393701
F1:0.6410748560460653
BACC:0
CLSFE:0.3425196850393701
MCC:0.5150376426017841
GMEAN:0.7424494272715397
SAMPLES:254
AUC:{}
AVGP:{}
CLASS:1
ACC:0.813
PREC:0.8659517426273459
REC:0.8813096862210096
TNR:0.6254681647940075
FPR:0.13404825737265416
FPDR:0.13404825737265416
F1:0.8735632183908046
BACC:0
CLSFE:0.13404825737265416
MCC:0.5150376426017841
GMEAN:0.7424494272715397
SAMPLES:746
AUC:{}
AVGP:{}
