

GENERAL_METRICS
ACC:0.8706666666666667
PREC:0.7484897122461018
REC:0.7609137249066515
TNR:0.7609137249066515
FPR:0.2515102877538981
FPDR:0.2515102877538981
F1:0.7544254060841739
BACC:0.0
CLSFE:0.12933333333333333
MCC:0.509251907892793
GMEAN:0.7444583556876364
SAMPLES:1500.0
AUC:{'AUC macro OVO': 0.748489712246102}
AVGP:{'avg_precision': 0.9126580341884075}


METRICS_PER_CLASSES
CLASS:0
ACC:0.8706666666666667
PREC:0.5684647302904564
REC:0.6035242290748899
TNR:0.9183032207384132
FPR:0.4315352697095436
FPDR:0.4315352697095436
F1:0.5854700854700855
BACC:0
CLSFE:0.4315352697095436
MCC:0.509251907892793
GMEAN:0.7444583556876364
SAMPLES:241
AUC:{}
AVGP:{}
CLASS:1
ACC:0.8706666666666667
PREC:0.9285146942017474
REC:0.9183032207384132
TNR:0.6035242290748899
FPR:0.07148530579825259
FPDR:0.07148530579825259
F1:0.9233807266982622
BACC:0
CLSFE:0.07148530579825259
MCC:0.509251907892793
GMEAN:0.7444583556876364
SAMPLES:1259
AUC:{}
AVGP:{}
