

GENERAL_METRICS
ACC:0.858
PREC:0.7351523742026931
REC:0.7485550480096952
TNR:0.7485550480096952
FPR:0.26484762579730686
FPDR:0.26484762579730686
F1:0.741494606177753
BACC:0.0
CLSFE:0.142
MCC:0.48352170441271486
GMEAN:0.7311855006855581
SAMPLES:1500.0
AUC:{'AUC macro OVO': 0.7351523742026932}
AVGP:{'avg_precision': 0.9026661829568671}


METRICS_PER_CLASSES
CLASS:0
ACC:0.858
PREC:0.5490196078431373
REC:0.5882352941176471
TNR:0.9088748019017433
FPR:0.45098039215686275
FPDR:0.45098039215686275
F1:0.5679513184584178
BACC:0
CLSFE:0.45098039215686275
MCC:0.48352170441271486
GMEAN:0.7311855006855581
SAMPLES:255
AUC:{}
AVGP:{}
CLASS:1
ACC:0.858
PREC:0.921285140562249
REC:0.9088748019017433
TNR:0.5882352941176471
FPR:0.078714859437751
FPDR:0.078714859437751
F1:0.9150378938970881
BACC:0
CLSFE:0.078714859437751
MCC:0.48352170441271486
GMEAN:0.7311855006855581
SAMPLES:1245
AUC:{}
AVGP:{}
