

GENERAL_METRICS
ACC:0.8686666666666667
PREC:0.7787999999999999
REC:0.7631070336022033
TNR:0.7631070336022033
FPR:0.2212
FPDR:0.2212
F1:0.7705102128779884
BACC:0.0
CLSFE:0.13133333333333333
MCC:0.5416797613656773
GMEAN:0.7451450546752312
SAMPLES:1500.0
AUC:{'AUC macro OVO': 0.7788}
AVGP:{'avg_precision': 0.9195476848090983}


METRICS_PER_CLASSES
CLASS:0
ACC:0.8686666666666667
PREC:0.644
REC:0.5985130111524164
TNR:0.9277010560519903
FPR:0.356
FPDR:0.356
F1:0.6204238921001927
BACC:0
CLSFE:0.356
MCC:0.5416797613656773
GMEAN:0.7451450546752312
SAMPLES:250
AUC:{}
AVGP:{}
CLASS:1
ACC:0.8686666666666667
PREC:0.9136
REC:0.9277010560519903
TNR:0.5985130111524164
FPR:0.0864
FPDR:0.0864
F1:0.920596533655784
BACC:0
CLSFE:0.0864
MCC:0.5416797613656773
GMEAN:0.7451450546752312
SAMPLES:1250
AUC:{}
AVGP:{}
