

GENERAL_METRICS
ACC:0.8713333333333333
PREC:0.7625588408355399
REC:0.7804836127562195
TNR:0.7804836127562195
FPR:0.23744115916446012
FPDR:0.23744115916446012
F1:0.7709563108063524
BACC:0.0
CLSFE:0.12866666666666668
MCC:0.5427465420935906
GMEAN:0.768825838813109
SAMPLES:1500.0
AUC:{'AUC macro OVO': 0.7625588408355398}
AVGP:{'avg_precision': 0.9085535551075788}


METRICS_PER_CLASSES
CLASS:0
ACC:0.8713333333333333
PREC:0.5946969696969697
REC:0.6460905349794238
TNR:0.9148766905330151
FPR:0.4053030303030303
FPDR:0.4053030303030303
F1:0.6193293885601578
BACC:0
CLSFE:0.4053030303030303
MCC:0.5427465420935906
GMEAN:0.768825838813109
SAMPLES:264
AUC:{}
AVGP:{}
CLASS:1
ACC:0.8713333333333333
PREC:0.93042071197411
REC:0.9148766905330151
TNR:0.6460905349794238
FPR:0.06957928802588997
FPDR:0.06957928802588997
F1:0.9225832330525471
BACC:0
CLSFE:0.06957928802588997
MCC:0.5427465420935906
GMEAN:0.768825838813109
SAMPLES:1236
AUC:{}
AVGP:{}
