

GENERAL_METRICS
ACC:0.8869333333333334
PREC:0.552119418723167
REC:0.5647732146586122
TNR:0.5647732146586122
FPR:0.44788058127683295
FPDR:0.44788058127683295
F1:0.5572022310323816
BACC:0.0
CLSFE:0.11306666666666666
MCC:0.11620571925405034
GMEAN:0.42967503586659633
SAMPLES:3750.0
AUC:{'AUC macro OVO': 0.552119418723167}
AVGP:{'avg_precision': 0.9308964093908471}


METRICS_PER_CLASSES
CLASS:0
ACC:0.8869333333333334
PREC:0.156794425087108
REC:0.19823788546255505
TNR:0.9313085438546693
FPR:0.8432055749128919
FPDR:0.8432055749128919
F1:0.17509727626459143
BACC:0
CLSFE:0.8432055749128919
MCC:0.11620571925405034
GMEAN:0.42967503586659633
SAMPLES:287
AUC:{}
AVGP:{}
CLASS:1
ACC:0.8869333333333334
PREC:0.947444412359226
REC:0.9313085438546693
TNR:0.19823788546255505
FPR:0.05255558764077389
FPDR:0.05255558764077389
F1:0.9393071858001718
BACC:0
CLSFE:0.05255558764077389
MCC:0.11620571925405034
GMEAN:0.42967503586659633
SAMPLES:3463
AUC:{}
AVGP:{}
