

GENERAL_METRICS
ACC:0.8946666666666667
PREC:0.5604385405739657
REC:0.57464786518267
TNR:0.57464786518267
FPR:0.4395614594260343
FPDR:0.4395614594260343
F1:0.5662938672708443
BACC:0.0
CLSFE:0.10533333333333333
MCC:0.13433700947397506
GMEAN:0.44654697453383446
SAMPLES:3750.0
AUC:{'AUC macro OVO': 0.5604385405739657}
AVGP:{'avg_precision': 0.9359125593564622}


METRICS_PER_CLASSES
CLASS:0
ACC:0.8946666666666667
PREC:0.16974169741697417
REC:0.21296296296296297
TNR:0.9363327674023769
FPR:0.8302583025830258
FPDR:0.8302583025830258
F1:0.188911704312115
BACC:0
CLSFE:0.8302583025830258
MCC:0.13433700947397506
GMEAN:0.44654697453383446
SAMPLES:271
AUC:{}
AVGP:{}
CLASS:1
ACC:0.8946666666666667
PREC:0.9511353837309572
REC:0.9363327674023769
TNR:0.21296296296296297
FPR:0.04886461626904283
FPDR:0.04886461626904283
F1:0.9436760302295737
BACC:0
CLSFE:0.04886461626904283
MCC:0.13433700947397506
GMEAN:0.44654697453383446
SAMPLES:3479
AUC:{}
AVGP:{}
