

GENERAL_METRICS
ACC:0.8764
PREC:0.6243149967059951
REC:0.6318789101356275
TNR:0.6318789101356275
FPR:0.3756850032940049
FPDR:0.3756850032940049
F1:0.627917237233708
BACC:0.0
CLSFE:0.1236
MCC:0.25608222335102254
GMEAN:0.5577094321109779
SAMPLES:2500.0
AUC:{'AUC macro OVO': 0.6243149967059951}
AVGP:{'avg_precision': 0.9274022866640721}


METRICS_PER_CLASSES
CLASS:0
ACC:0.8764
PREC:0.3135593220338983
REC:0.334841628959276
TNR:0.9289161913119789
FPR:0.6864406779661016
FPDR:0.6864406779661016
F1:0.3238512035010941
BACC:0
CLSFE:0.6864406779661016
MCC:0.25608222335102254
GMEAN:0.5577094321109779
SAMPLES:236
AUC:{}
AVGP:{}
CLASS:1
ACC:0.8764
PREC:0.9350706713780919
REC:0.9289161913119789
TNR:0.334841628959276
FPR:0.06492932862190813
FPDR:0.06492932862190813
F1:0.9319832709663218
BACC:0
CLSFE:0.06492932862190813
MCC:0.25608222335102254
GMEAN:0.5577094321109779
SAMPLES:2264
AUC:{}
AVGP:{}
