

GENERAL_METRICS
ACC:0.878
PREC:0.6236115983262625
REC:0.6271531100478469
TNR:0.6271531100478469
FPR:0.3763884016737375
FPDR:0.3763884016737375
F1:0.6253422897408647
BACC:0.0
CLSFE:0.122
MCC:0.250739699012099
GMEAN:0.5483118939201976
SAMPLES:2500.0
AUC:{'AUC macro OVO': 0.6236115983262625}
AVGP:{'avg_precision': 0.9301119596174775}


METRICS_PER_CLASSES
CLASS:0
ACC:0.878
PREC:0.31277533039647576
REC:0.32272727272727275
TNR:0.9315789473684211
FPR:0.6872246696035242
FPDR:0.6872246696035242
F1:0.31767337807606266
BACC:0
CLSFE:0.6872246696035242
MCC:0.250739699012099
GMEAN:0.5483118939201976
SAMPLES:227
AUC:{}
AVGP:{}
CLASS:1
ACC:0.878
PREC:0.9344478662560493
REC:0.9315789473684211
TNR:0.32272727272727275
FPR:0.06555213374395072
FPDR:0.06555213374395072
F1:0.9330112014056666
BACC:0
CLSFE:0.06555213374395072
MCC:0.250739699012099
GMEAN:0.5483118939201976
SAMPLES:2273
AUC:{}
AVGP:{}
