

GENERAL_METRICS
ACC:0.8676
PREC:0.6129558536500573
REC:0.6383051177271842
TNR:0.6383051177271842
FPR:0.38704414634994266
FPDR:0.38704414634994266
F1:0.6234924341316507
BACC:0.0
CLSFE:0.1324
MCC:0.24997898021270334
GMEAN:0.5749755699269692
SAMPLES:2500.0
AUC:{'AUC macro OVO': 0.6129558536500573}
AVGP:{'avg_precision': 0.9140195015709965}


METRICS_PER_CLASSES
CLASS:0
ACC:0.8676
PREC:0.2878228782287823
REC:0.3611111111111111
TNR:0.9154991243432574
FPR:0.7121771217712177
FPDR:0.7121771217712177
F1:0.3203285420944558
BACC:0
CLSFE:0.7121771217712177
MCC:0.24997898021270334
GMEAN:0.5749755699269692
SAMPLES:271
AUC:{}
AVGP:{}
CLASS:1
ACC:0.8676
PREC:0.9380888290713324
REC:0.9154991243432574
TNR:0.3611111111111111
FPR:0.06191117092866756
FPDR:0.06191117092866756
F1:0.9266563261688455
BACC:0
CLSFE:0.06191117092866756
MCC:0.24997898021270334
GMEAN:0.5749755699269692
SAMPLES:2229
AUC:{}
AVGP:{}
