

GENERAL_METRICS
ACC:0.862
PREC:0.5862408060524046
REC:0.6009974729590193
TNR:0.6009974729590193
FPR:0.41375919394759536
FPDR:0.41375919394759536
F1:0.592566716314479
BACC:0.0
CLSFE:0.138
MCC:0.18665587027727532
GMEAN:0.5120712251154114
SAMPLES:2500.0
AUC:{'AUC macro OVO': 0.5862408060524047}
AVGP:{'avg_precision': 0.9144452697717284}


METRICS_PER_CLASSES
CLASS:0
ACC:0.862
PREC:0.24015748031496062
REC:0.2863849765258216
TNR:0.9156099693922168
FPR:0.7598425196850394
FPDR:0.7598425196850394
F1:0.26124197002141325
BACC:0
CLSFE:0.7598425196850394
MCC:0.18665587027727532
GMEAN:0.5120712251154114
SAMPLES:254
AUC:{}
AVGP:{}
CLASS:1
ACC:0.862
PREC:0.9323241317898486
REC:0.9156099693922168
TNR:0.2863849765258216
FPR:0.06767586821015138
FPDR:0.06767586821015138
F1:0.9238914626075446
BACC:0
CLSFE:0.06767586821015138
MCC:0.18665587027727532
GMEAN:0.5120712251154114
SAMPLES:2246
AUC:{}
AVGP:{}
