

GENERAL_METRICS
ACC:0.8426666666666667
PREC:0.661231299948975
REC:0.7199482429506643
TNR:0.7199482429506643
FPR:0.33876870005102505
FPDR:0.33876870005102505
F1:0.6821246286964237
BACC:0.0
CLSFE:0.15733333333333333
MCC:0.3766300101289251
GMEAN:0.7018010355458422
SAMPLES:1500.0
AUC:{'AUC macro OVO': 0.6612312999489749}
AVGP:{'avg_precision': 0.8773171653930187}


METRICS_PER_CLASSES
CLASS:0
ACC:0.8426666666666667
PREC:0.3852140077821012
REC:0.559322033898305
TNR:0.8805744520030234
FPR:0.6147859922178989
FPDR:0.6147859922178989
F1:0.45622119815668205
BACC:0
CLSFE:0.6147859922178989
MCC:0.3766300101289251
GMEAN:0.7018010355458422
SAMPLES:257
AUC:{}
AVGP:{}
CLASS:1
ACC:0.8426666666666667
PREC:0.9372485921158488
REC:0.8805744520030234
TNR:0.559322033898305
FPR:0.06275140788415125
FPDR:0.06275140788415125
F1:0.9080280592361653
BACC:0
CLSFE:0.06275140788415125
MCC:0.3766300101289251
GMEAN:0.7018010355458422
SAMPLES:1243
AUC:{}
AVGP:{}
