

GENERAL_METRICS
ACC:0.8286666666666667
PREC:0.644320058948055
REC:0.7011363636363637
TNR:0.7011363636363637
FPR:0.35567994105194495
FPDR:0.35567994105194495
F1:0.6634360602724465
BACC:0.0
CLSFE:0.17133333333333334
MCC:0.34075217890189596
GMEAN:0.680760121800876
SAMPLES:1500.0
AUC:{'AUC macro OVO': 0.6443200589480551}
AVGP:{'avg_precision': 0.8656453979272826}


METRICS_PER_CLASSES
CLASS:0
ACC:0.8286666666666667
PREC:0.35687732342007433
REC:0.5333333333333333
TNR:0.8689393939393939
FPR:0.6431226765799256
FPDR:0.6431226765799256
F1:0.42761692650334077
BACC:0
CLSFE:0.6431226765799256
MCC:0.34075217890189596
GMEAN:0.680760121800876
SAMPLES:269
AUC:{}
AVGP:{}
CLASS:1
ACC:0.8286666666666667
PREC:0.9317627944760357
REC:0.8689393939393939
TNR:0.5333333333333333
FPR:0.06823720552396426
FPDR:0.06823720552396426
F1:0.8992551940415523
BACC:0
CLSFE:0.06823720552396426
MCC:0.34075217890189596
GMEAN:0.680760121800876
SAMPLES:1231
AUC:{}
AVGP:{}
