

GENERAL_METRICS
ACC:0.8313333333333334
PREC:0.6402633010687577
REC:0.699775847576352
TNR:0.699775847576352
FPR:0.3597366989312424
FPDR:0.3597366989312424
F1:0.6598776635074276
BACC:0.0
CLSFE:0.16866666666666666
MCC:0.3347907994845025
GMEAN:0.6786351531245035
SAMPLES:1500.0
AUC:{'AUC macro OVO': 0.6402633010687577}
AVGP:{'avg_precision': 0.8674818984912975}


METRICS_PER_CLASSES
CLASS:0
ACC:0.8313333333333334
PREC:0.34600760456273766
REC:0.5290697674418605
TNR:0.8704819277108434
FPR:0.6539923954372624
FPDR:0.6539923954372624
F1:0.41839080459770117
BACC:0
CLSFE:0.6539923954372624
MCC:0.3347907994845025
GMEAN:0.6786351531245035
SAMPLES:263
AUC:{}
AVGP:{}
CLASS:1
ACC:0.8313333333333334
PREC:0.9345189975747777
REC:0.8704819277108434
TNR:0.5290697674418605
FPR:0.06548100242522231
FPDR:0.06548100242522231
F1:0.901364522417154
BACC:0
CLSFE:0.06548100242522231
MCC:0.3347907994845025
GMEAN:0.6786351531245035
SAMPLES:1237
AUC:{}
AVGP:{}
