

GENERAL_METRICS
ACC:0.8313333333333334
PREC:0.6604613856848216
REC:0.7037075827398408
TNR:0.7037075827398408
FPR:0.33953861431517834
FPDR:0.33953861431517834
F1:0.676919815669772
BACC:0.0
CLSFE:0.16866666666666666
MCC:0.3615920408468102
GMEAN:0.6820082281026669
SAMPLES:1500.0
AUC:{'AUC macro OVO': 0.6604613856848216}
AVGP:{'avg_precision': 0.873062395442701}


METRICS_PER_CLASSES
CLASS:0
ACC:0.8313333333333334
PREC:0.39622641509433965
REC:0.5303030303030303
TNR:0.8771121351766513
FPR:0.6037735849056604
FPDR:0.6037735849056604
F1:0.4535637149028078
BACC:0
CLSFE:0.6037735849056604
MCC:0.3615920408468102
GMEAN:0.6820082281026669
SAMPLES:265
AUC:{}
AVGP:{}
CLASS:1
ACC:0.8313333333333334
PREC:0.9246963562753037
REC:0.8771121351766513
TNR:0.5303030303030303
FPR:0.07530364372469636
FPDR:0.07530364372469636
F1:0.9002759164367363
BACC:0
CLSFE:0.07530364372469636
MCC:0.3615920408468102
GMEAN:0.6820082281026669
SAMPLES:1235
AUC:{}
AVGP:{}
