

GENERAL_METRICS
ACC:0.9126666666666666
PREC:0.5069090909090909
REC:0.5725013737102387
TNR:0.5725013737102387
FPR:0.4930909090909091
FPDR:0.4930909090909091
F1:0.4955122412093329
BACC:0.0
CLSFE:0.08733333333333333
MCC:0.04476242093533427
GMEAN:0.45670012544232363
SAMPLES:3000.0
AUC:{'AUC macro OVO': 0.5069090909090909}
AVGP:{'avg_precision': 0.9177234466898672}


METRICS_PER_CLASSES
CLASS:0
ACC:0.9126666666666666
PREC:0.02
REC:0.22727272727272727
TNR:0.9177300201477502
FPR:0.98
FPDR:0.98
F1:0.03676470588235294
BACC:0
CLSFE:0.98
MCC:0.04476242093533427
GMEAN:0.45670012544232363
SAMPLES:250
AUC:{}
AVGP:{}
CLASS:1
ACC:0.9126666666666666
PREC:0.9938181818181818
REC:0.9177300201477502
TNR:0.22727272727272727
FPR:0.0061818181818181816
FPDR:0.0061818181818181816
F1:0.9542597765363129
BACC:0
CLSFE:0.0061818181818181816
MCC:0.04476242093533427
GMEAN:0.45670012544232363
SAMPLES:2750
AUC:{}
AVGP:{}
