

GENERAL_METRICS
ACC:0.9096666666666666
PREC:0.5014738910724312
REC:0.5234505862646567
TNR:0.5234505862646567
FPR:0.49852610892756877
FPDR:0.49852610892756877
F1:0.48360460500198493
BACC:0.0
CLSFE:0.09033333333333333
MCC:0.01175816477835815
GMEAN:0.34901152592161
SAMPLES:3000.0
AUC:{'AUC macro OVO': 0.5014738910724311}
AVGP:{'avg_precision': 0.9135667265769236}


METRICS_PER_CLASSES
CLASS:0
ACC:0.9096666666666666
PREC:0.007692307692307693
REC:0.13333333333333333
TNR:0.91356783919598
FPR:0.9923076923076923
FPDR:0.9923076923076923
F1:0.014545454545454545
BACC:0
CLSFE:0.9923076923076923
MCC:0.01175816477835815
GMEAN:0.34901152592161
SAMPLES:260
AUC:{}
AVGP:{}
CLASS:1
ACC:0.9096666666666666
PREC:0.9952554744525547
REC:0.91356783919598
TNR:0.13333333333333333
FPR:0.004744525547445255
FPDR:0.004744525547445255
F1:0.9526637554585153
BACC:0
CLSFE:0.004744525547445255
MCC:0.01175816477835815
GMEAN:0.34901152592161
SAMPLES:2740
AUC:{}
AVGP:{}
