

GENERAL_METRICS
ACC:0.91
PREC:0.502288518844129
REC:0.5232288121978648
TNR:0.5232288121978648
FPR:0.49771148115587105
FPDR:0.49771148115587105
F1:0.48728465955701394
BACC:0.0
CLSFE:0.09
MCC:0.014582122539815006
GMEAN:0.34566058530456056
SAMPLES:3000.0
AUC:{'AUC macro OVO': 0.502288518844129}
AVGP:{'avg_precision': 0.9160202485935839}


METRICS_PER_CLASSES
CLASS:0
ACC:0.91
PREC:0.011857707509881422
REC:0.13043478260869565
TNR:0.916022841787034
FPR:0.9881422924901185
FPDR:0.9881422924901185
F1:0.021739130434782608
BACC:0
CLSFE:0.9881422924901185
MCC:0.014582122539815006
GMEAN:0.34566058530456056
SAMPLES:253
AUC:{}
AVGP:{}
CLASS:1
ACC:0.91
PREC:0.9927193301783764
REC:0.916022841787034
TNR:0.13043478260869565
FPR:0.0072806698216235895
FPDR:0.0072806698216235895
F1:0.9528301886792453
BACC:0
CLSFE:0.0072806698216235895
MCC:0.014582122539815006
GMEAN:0.34566058530456056
SAMPLES:2747
AUC:{}
AVGP:{}
