

GENERAL_METRICS
ACC:0.9116666666666666
PREC:0.49891824659598044
REC:0.4861949474625531
TNR:0.4861949474625531
FPR:0.5010817534040195
FPDR:0.5010817534040195
F1:0.4806335095259654
BACC:0.0
CLSFE:0.08833333333333333
MCC:-0.007728819463553838
GMEAN:0.22568837160138788
SAMPLES:3000.0
AUC:{'AUC macro OVO': 0.49891824659598044}
AVGP:{'avg_precision': 0.9168353630811892}


METRICS_PER_CLASSES
CLASS:0
ACC:0.9116666666666666
PREC:0.004016064257028112
REC:0.05555555555555555
TNR:0.9168343393695506
FPR:0.9959839357429718
FPDR:0.9959839357429718
F1:0.00749063670411985
BACC:0
CLSFE:0.9959839357429718
MCC:-0.007728819463553838
GMEAN:0.22568837160138788
SAMPLES:249
AUC:{}
AVGP:{}
CLASS:1
ACC:0.9116666666666666
PREC:0.9938204289349327
REC:0.9168343393695506
TNR:0.05555555555555555
FPR:0.0061795710650672485
FPDR:0.0061795710650672485
F1:0.9537763823478109
BACC:0
CLSFE:0.0061795710650672485
MCC:-0.007728819463553838
GMEAN:0.22568837160138788
SAMPLES:2751
AUC:{}
AVGP:{}
