

GENERAL_METRICS
ACC:0.8806666666666667
PREC:0.7705882352941176
REC:0.765748031496063
TNR:0.765748031496063
FPR:0.22941176470588234
FPDR:0.22941176470588234
F1:0.768129709190613
BACC:0.0
CLSFE:0.11933333333333333
MCC:0.5363144259682198
GMEAN:0.747594567794119
SAMPLES:1500.0
AUC:{'AUC macro OVO': 0.7705882352941176}
AVGP:{'avg_precision': 0.9256155627605372}


METRICS_PER_CLASSES
CLASS:0
ACC:0.8806666666666667
PREC:0.6133333333333333
REC:0.6
TNR:0.931496062992126
FPR:0.38666666666666666
FPDR:0.38666666666666666
F1:0.6065934065934065
BACC:0
CLSFE:0.38666666666666666
MCC:0.5363144259682198
GMEAN:0.747594567794119
SAMPLES:225
AUC:{}
AVGP:{}
CLASS:1
ACC:0.8806666666666667
PREC:0.927843137254902
REC:0.931496062992126
TNR:0.6
FPR:0.07215686274509804
FPDR:0.07215686274509804
F1:0.9296660117878193
BACC:0
CLSFE:0.07215686274509804
MCC:0.5363144259682198
GMEAN:0.747594567794119
SAMPLES:1275
AUC:{}
AVGP:{}
