

GENERAL_METRICS
ACC:0.8826666666666667
PREC:0.7779321550942552
REC:0.8143536336880235
TNR:0.8143536336880235
FPR:0.22206784490574483
FPDR:0.22206784490574483
F1:0.7940306332621803
BACC:0.0
CLSFE:0.11733333333333333
MCC:0.5911648936553064
GMEAN:0.8081820662495429
SAMPLES:1500.0
AUC:{'AUC macro OVO': 0.7779321550942552}
AVGP:{'avg_precision': 0.9088705446805052}


METRICS_PER_CLASSES
CLASS:0
ACC:0.8826666666666667
PREC:0.6115107913669064
REC:0.7142857142857143
TNR:0.9144215530903328
FPR:0.38848920863309355
FPDR:0.38848920863309355
F1:0.6589147286821705
BACC:0
CLSFE:0.38848920863309355
MCC:0.5911648936553064
GMEAN:0.8081820662495429
SAMPLES:278
AUC:{}
AVGP:{}
CLASS:1
ACC:0.8826666666666667
PREC:0.9443535188216039
REC:0.9144215530903328
TNR:0.7142857142857143
FPR:0.05564648117839607
FPDR:0.05564648117839607
F1:0.92914653784219
BACC:0
CLSFE:0.05564648117839607
MCC:0.5911648936553064
GMEAN:0.8081820662495429
SAMPLES:1222
AUC:{}
AVGP:{}
