

GENERAL_METRICS
ACC:0.8706666666666667
PREC:0.7751875278063836
REC:0.7735196163016151
TNR:0.7735196163016151
FPR:0.2248124721936164
FPDR:0.2248124721936164
F1:0.774348635235732
BACC:0.0
CLSFE:0.12933333333333333
MCC:0.5487046091171172
GMEAN:0.7590336164076541
SAMPLES:1500.0
AUC:{'AUC macro OVO': 0.7751875278063837}
AVGP:{'avg_precision': 0.915001549818906}


METRICS_PER_CLASSES
CLASS:0
ACC:0.8706666666666667
PREC:0.6293436293436293
REC:0.6245210727969349
TNR:0.9225181598062954
FPR:0.37065637065637064
FPDR:0.37065637065637064
F1:0.6269230769230769
BACC:0
CLSFE:0.37065637065637064
MCC:0.5487046091171172
GMEAN:0.7590336164076541
SAMPLES:259
AUC:{}
AVGP:{}
CLASS:1
ACC:0.8706666666666667
PREC:0.9210314262691378
REC:0.9225181598062954
TNR:0.6245210727969349
FPR:0.0789685737308622
FPDR:0.0789685737308622
F1:0.9217741935483871
BACC:0
CLSFE:0.0789685737308622
MCC:0.5487046091171172
GMEAN:0.7590336164076541
SAMPLES:1241
AUC:{}
AVGP:{}
