

GENERAL_METRICS
ACC:0.8793333333333333
PREC:0.7645833333333334
REC:0.7768789947780227
TNR:0.7768789947780227
FPR:0.23541666666666666
FPDR:0.23541666666666666
F1:0.7704814647932092
BACC:0.0
CLSFE:0.12066666666666667
MCC:0.5413227036374951
GMEAN:0.7628594828663118
SAMPLES:1500.0
AUC:{'AUC macro OVO': 0.7645833333333334}
AVGP:{'avg_precision': 0.918215239591516}


METRICS_PER_CLASSES
CLASS:0
ACC:0.8793333333333333
PREC:0.5958333333333333
REC:0.6299559471365639
TNR:0.9238020424194815
FPR:0.4041666666666667
FPDR:0.4041666666666667
F1:0.6124197002141327
BACC:0
CLSFE:0.4041666666666667
MCC:0.5413227036374951
GMEAN:0.7628594828663118
SAMPLES:240
AUC:{}
AVGP:{}
CLASS:1
ACC:0.8793333333333333
PREC:0.9333333333333333
REC:0.9238020424194815
TNR:0.6299559471365639
FPR:0.06666666666666667
FPDR:0.06666666666666667
F1:0.9285432293722858
BACC:0
CLSFE:0.06666666666666667
MCC:0.5413227036374951
GMEAN:0.7628594828663118
SAMPLES:1260
AUC:{}
AVGP:{}
