

GENERAL_METRICS
ACC:0.9269333333333334
PREC:0.6070068886229351
REC:0.670404580038117
TNR:0.670404580038117
FPR:0.39299311137706494
FPDR:0.39299311137706494
F1:0.6294493129936168
BACC:0.0
CLSFE:0.07306666666666667
MCC:0.27007009399025883
GMEAN:0.6098138924931504
SAMPLES:3750.0
AUC:{'AUC macro OVO': 0.6070068886229351}
AVGP:{'avg_precision': 0.9485721843369673}


METRICS_PER_CLASSES
CLASS:0
ACC:0.9269333333333334
PREC:0.2396694214876033
REC:0.3918918918918919
TNR:0.9489172681843421
FPR:0.7603305785123967
FPDR:0.7603305785123967
F1:0.29743589743589743
BACC:0
CLSFE:0.7603305785123967
MCC:0.27007009399025883
GMEAN:0.6098138924931504
SAMPLES:242
AUC:{}
AVGP:{}
CLASS:1
ACC:0.9269333333333334
PREC:0.9743443557582668
REC:0.9489172681843421
TNR:0.3918918918918919
FPR:0.02565564424173318
FPDR:0.02565564424173318
F1:0.9614627285513362
BACC:0
CLSFE:0.02565564424173318
MCC:0.27007009399025883
GMEAN:0.6098138924931504
SAMPLES:3508
AUC:{}
AVGP:{}
