

GENERAL_METRICS
ACC:0.9290666666666667
PREC:0.6041617866988594
REC:0.6995056253451132
TNR:0.6995056253451132
FPR:0.39583821330114055
FPDR:0.39583821330114055
F1:0.6331474368498711
BACC:0.0
CLSFE:0.07093333333333333
MCC:0.28831137606705876
GMEAN:0.6546790872969815
SAMPLES:3750.0
AUC:{'AUC macro OVO': 0.6041617866988594}
AVGP:{'avg_precision': 0.9456135473487935}


METRICS_PER_CLASSES
CLASS:0
ACC:0.9290666666666667
PREC:0.2283464566929134
REC:0.453125
TNR:0.9458862506902264
FPR:0.7716535433070866
FPDR:0.7716535433070866
F1:0.3036649214659686
BACC:0
CLSFE:0.7716535433070866
MCC:0.28831137606705876
GMEAN:0.6546790872969815
SAMPLES:254
AUC:{}
AVGP:{}
CLASS:1
ACC:0.9290666666666667
PREC:0.9799771167048055
REC:0.9458862506902264
TNR:0.453125
FPR:0.02002288329519451
FPDR:0.02002288329519451
F1:0.9626299522337736
BACC:0
CLSFE:0.02002288329519451
MCC:0.28831137606705876
GMEAN:0.6546790872969815
SAMPLES:3496
AUC:{}
AVGP:{}
