

GENERAL_METRICS
ACC:0.9322666666666667
PREC:0.5996219595447617
REC:0.7021686941339457
TNR:0.7021686941339457
FPR:0.40037804045523834
FPDR:0.40037804045523834
F1:0.6294351073762838
BACC:0.0
CLSFE:0.06773333333333334
MCC:0.283834046359694
GMEAN:0.6579380298929935
SAMPLES:3750.0
AUC:{'AUC macro OVO': 0.5996219595447616}
AVGP:{'avg_precision': 0.9472160867712901}


METRICS_PER_CLASSES
CLASS:0
ACC:0.9322666666666667
PREC:0.21721311475409835
REC:0.45689655172413796
TNR:0.9474408365437534
FPR:0.7827868852459017
FPDR:0.7827868852459017
F1:0.29444444444444445
BACC:0
CLSFE:0.7827868852459017
MCC:0.283834046359694
GMEAN:0.6579380298929935
SAMPLES:244
AUC:{}
AVGP:{}
CLASS:1
ACC:0.9322666666666667
PREC:0.982030804335425
REC:0.9474408365437534
TNR:0.45689655172413796
FPR:0.017969195664575013
FPDR:0.017969195664575013
F1:0.9644257703081233
BACC:0
CLSFE:0.017969195664575013
MCC:0.283834046359694
GMEAN:0.6579380298929935
SAMPLES:3506
AUC:{}
AVGP:{}
