

GENERAL_METRICS
ACC:0.9242666666666667
PREC:0.5931654432905997
REC:0.6960215646851592
TNR:0.6960215646851592
FPR:0.4068345567094002
FPDR:0.4068345567094002
F1:0.6214254026754027
BACC:0.0
CLSFE:0.07573333333333333
MCC:0.27027716121352036
GMEAN:0.6516981085674752
SAMPLES:3750.0
AUC:{'AUC macro OVO': 0.5931654432905997}
AVGP:{'avg_precision': 0.9401767695474753}


METRICS_PER_CLASSES
CLASS:0
ACC:0.9242666666666667
PREC:0.20588235294117646
REC:0.45161290322580644
TNR:0.9404302261445119
FPR:0.7941176470588235
FPDR:0.7941176470588235
F1:0.2828282828282828
BACC:0
CLSFE:0.7941176470588235
MCC:0.27027716121352036
GMEAN:0.6516981085674752
SAMPLES:272
AUC:{}
AVGP:{}
CLASS:1
ACC:0.9242666666666667
PREC:0.980448533640023
REC:0.9404302261445119
TNR:0.45161290322580644
FPR:0.019551466359977
FPDR:0.019551466359977
F1:0.9600225225225225
BACC:0
CLSFE:0.019551466359977
MCC:0.27027716121352036
GMEAN:0.6516981085674752
SAMPLES:3478
AUC:{}
AVGP:{}
