

GENERAL_METRICS
ACC:0.734
PREC:0.7317141710156564
REC:0.73340450310559
TNR:0.73340450310559
FPR:0.2682858289843436
FPDR:0.2682858289843436
F1:0.7321993081479871
BACC:0.0
CLSFE:0.266
MCC:0.46511560261265367
GMEAN:0.7333821506431606
SAMPLES:500.0
AUC:{'AUC macro OVO': 0.7317141710156565}
AVGP:{'avg_precision': 0.6487302431610942}


METRICS_PER_CLASSES
CLASS:0
ACC:0.734
PREC:0.769811320754717
REC:0.7391304347826086
TNR:0.7276785714285714
FPR:0.23018867924528302
FPDR:0.23018867924528302
F1:0.7541589648798521
BACC:0
CLSFE:0.23018867924528302
MCC:0.46511560261265367
GMEAN:0.7333821506431606
SAMPLES:265
AUC:{}
AVGP:{}
CLASS:1
ACC:0.734
PREC:0.6936170212765957
REC:0.7276785714285714
TNR:0.7391304347826086
FPR:0.30638297872340425
FPDR:0.30638297872340425
F1:0.710239651416122
BACC:0
CLSFE:0.30638297872340425
MCC:0.46511560261265367
GMEAN:0.7333821506431606
SAMPLES:235
AUC:{}
AVGP:{}
