

GENERAL_METRICS
ACC:0.744
PREC:0.7415636672598149
REC:0.7453713504095357
TNR:0.7453713504095357
FPR:0.25843633274018496
FPDR:0.25843633274018496
F1:0.7420020639834881
BACC:0.0
CLSFE:0.256
MCC:0.48692012998199435
GMEAN:0.7452989455990474
SAMPLES:500.0
AUC:{'AUC macro OVO': 0.741563667259815}
AVGP:{'avg_precision': 0.668597073057864}


METRICS_PER_CLASSES
CLASS:0
ACC:0.744
PREC:0.7969348659003831
REC:0.734982332155477
TNR:0.7557603686635944
FPR:0.20306513409961685
FPDR:0.20306513409961685
F1:0.7647058823529411
BACC:0
CLSFE:0.20306513409961685
MCC:0.48692012998199435
GMEAN:0.7452989455990474
SAMPLES:261
AUC:{}
AVGP:{}
CLASS:1
ACC:0.744
PREC:0.6861924686192469
REC:0.7557603686635944
TNR:0.734982332155477
FPR:0.3138075313807531
FPDR:0.3138075313807531
F1:0.7192982456140351
BACC:0
CLSFE:0.3138075313807531
MCC:0.48692012998199435
GMEAN:0.7452989455990474
SAMPLES:239
AUC:{}
AVGP:{}
