

GENERAL_METRICS
ACC:0.706
PREC:0.7067249215799245
REC:0.7081406403583687
TNR:0.7081406403583687
FPR:0.29327507842007555
FPDR:0.29327507842007555
F1:0.7056597426625179
BACC:0.0
CLSFE:0.294
MCC:0.414863146378075
GMEAN:0.7076819495803689
SAMPLES:500.0
AUC:{'AUC macro OVO': 0.7067249215799246}
AVGP:{'avg_precision': 0.6572319224289105}


METRICS_PER_CLASSES
CLASS:0
ACC:0.706
PREC:0.7520325203252033
REC:0.6826568265682657
TNR:0.7336244541484717
FPR:0.24796747967479674
FPDR:0.24796747967479674
F1:0.7156673114119922
BACC:0
CLSFE:0.24796747967479674
MCC:0.414863146378075
GMEAN:0.7076819495803689
SAMPLES:246
AUC:{}
AVGP:{}
CLASS:1
ACC:0.706
PREC:0.6614173228346457
REC:0.7336244541484717
TNR:0.6826568265682657
FPR:0.33858267716535434
FPDR:0.33858267716535434
F1:0.6956521739130435
BACC:0
CLSFE:0.33858267716535434
MCC:0.414863146378075
GMEAN:0.7076819495803689
SAMPLES:254
AUC:{}
AVGP:{}
