

GENERAL_METRICS
ACC:0.704
PREC:0.7047765448111319
REC:0.7050129049840491
TNR:0.7050129049840491
FPR:0.29522345518886806
FPDR:0.29522345518886806
F1:0.7039810547875065
BACC:0.0
CLSFE:0.296
MCC:0.40978938163074197
GMEAN:0.7046369630180672
SAMPLES:500.0
AUC:{'AUC macro OVO': 0.7047765448111319}
AVGP:{'avg_precision': 0.6589098220536281}


METRICS_PER_CLASSES
CLASS:0
ACC:0.704
PREC:0.7325102880658436
REC:0.6819923371647509
TNR:0.7280334728033473
FPR:0.2674897119341564
FPDR:0.2674897119341564
F1:0.7063492063492064
BACC:0
CLSFE:0.2674897119341564
MCC:0.40978938163074197
GMEAN:0.7046369630180672
SAMPLES:243
AUC:{}
AVGP:{}
CLASS:1
ACC:0.704
PREC:0.6770428015564203
REC:0.7280334728033473
TNR:0.6819923371647509
FPR:0.3229571984435798
FPDR:0.3229571984435798
F1:0.7016129032258065
BACC:0
CLSFE:0.3229571984435798
MCC:0.40978938163074197
GMEAN:0.7046369630180672
SAMPLES:257
AUC:{}
AVGP:{}
