

GENERAL_METRICS
ACC:0.806
PREC:0.7613333333333334
REC:0.7430555555555556
TNR:0.7430555555555556
FPR:0.2386666666666667
FPDR:0.2386666666666667
F1:0.7509947375176486
BACC:0.0
CLSFE:0.194
MCC:0.5040576098761669
GMEAN:0.7291547618075785
SAMPLES:1000.0
AUC:{'AUC macro OVO': 0.7613333333333333}
AVGP:{'avg_precision': 0.8657851851851851}


METRICS_PER_CLASSES
CLASS:0
ACC:0.806
PREC:0.672
REC:0.6
TNR:0.8861111111111111
FPR:0.328
FPDR:0.328
F1:0.6339622641509434
BACC:0
CLSFE:0.328
MCC:0.5040576098761669
GMEAN:0.7291547618075785
SAMPLES:250
AUC:{}
AVGP:{}
CLASS:1
ACC:0.806
PREC:0.8506666666666667
REC:0.8861111111111111
TNR:0.6
FPR:0.14933333333333335
FPDR:0.14933333333333335
F1:0.8680272108843538
BACC:0
CLSFE:0.14933333333333335
MCC:0.5040576098761669
GMEAN:0.7291547618075785
SAMPLES:750
AUC:{}
AVGP:{}
