

GENERAL_METRICS
ACC:0.788
PREC:0.739433997393409
REC:0.7276733023841373
TNR:0.7276733023841373
FPR:0.26056600260659096
FPDR:0.26056600260659096
F1:0.7329584674839146
BACC:0.0
CLSFE:0.212
MCC:0.46695922258626543
GMEAN:0.7141482141185374
SAMPLES:1000.0
AUC:{'AUC macro OVO': 0.739433997393409}
AVGP:{'avg_precision': 0.8468167325248671}


METRICS_PER_CLASSES
CLASS:0
ACC:0.788
PREC:0.6374045801526718
REC:0.5880281690140845
TNR:0.86731843575419
FPR:0.36259541984732824
FPDR:0.36259541984732824
F1:0.6117216117216118
BACC:0
CLSFE:0.36259541984732824
MCC:0.46695922258626543
GMEAN:0.7141482141185374
SAMPLES:262
AUC:{}
AVGP:{}
CLASS:1
ACC:0.788
PREC:0.8414634146341463
REC:0.86731843575419
TNR:0.5880281690140845
FPR:0.15853658536585366
FPDR:0.15853658536585366
F1:0.8541953232462174
BACC:0
CLSFE:0.15853658536585366
MCC:0.46695922258626543
GMEAN:0.7141482141185374
SAMPLES:738
AUC:{}
AVGP:{}
