

GENERAL_METRICS
ACC:0.801
PREC:0.7520094562647754
REC:0.7277502965956848
TNR:0.7277502965956848
FPR:0.24799054373522458
FPDR:0.24799054373522458
F1:0.737784928299331
BACC:0.0
CLSFE:0.199
MCC:0.47914602537940293
GMEAN:0.7094773191563047
SAMPLES:1000.0
AUC:{'AUC macro OVO': 0.7520094562647754}
AVGP:{'avg_precision': 0.8703927150290787}


METRICS_PER_CLASSES
CLASS:0
ACC:0.801
PREC:0.6595744680851063
REC:0.5656934306569343
TNR:0.8898071625344353
FPR:0.3404255319148936
FPDR:0.3404255319148936
F1:0.6090373280943026
BACC:0
CLSFE:0.3404255319148936
MCC:0.47914602537940293
GMEAN:0.7094773191563047
SAMPLES:235
AUC:{}
AVGP:{}
CLASS:1
ACC:0.801
PREC:0.8444444444444444
REC:0.8898071625344353
TNR:0.5656934306569343
FPR:0.15555555555555556
FPDR:0.15555555555555556
F1:0.8665325285043595
BACC:0
CLSFE:0.15555555555555556
MCC:0.47914602537940293
GMEAN:0.7094773191563047
SAMPLES:765
AUC:{}
AVGP:{}
