

GENERAL_METRICS
ACC:0.8
PREC:0.7586420902376962
REC:0.7428848955803788
TNR:0.7428848955803788
FPR:0.24135790976230373
FPDR:0.24135790976230373
F1:0.7497798062294819
BACC:0.0
CLSFE:0.2
MCC:0.5012793914777418
GMEAN:0.7303322109949055
SAMPLES:1000.0
AUC:{'AUC macro OVO': 0.7586420902376964}
AVGP:{'avg_precision': 0.8571123325317761}


METRICS_PER_CLASSES
CLASS:0
ACC:0.8
PREC:0.6717557251908397
REC:0.6068965517241379
TNR:0.8788732394366198
FPR:0.3282442748091603
FPDR:0.3282442748091603
F1:0.6376811594202898
BACC:0
CLSFE:0.3282442748091603
MCC:0.5012793914777418
GMEAN:0.7303322109949055
SAMPLES:262
AUC:{}
AVGP:{}
CLASS:1
ACC:0.8
PREC:0.8455284552845529
REC:0.8788732394366198
TNR:0.6068965517241379
FPR:0.15447154471544716
FPDR:0.15447154471544716
F1:0.861878453038674
BACC:0
CLSFE:0.15447154471544716
MCC:0.5012793914777418
GMEAN:0.7303322109949055
SAMPLES:738
AUC:{}
AVGP:{}
