

GENERAL_METRICS
ACC:0.9265714285714286
PREC:0.5120415982484948
REC:0.6490194892574729
TNR:0.6490194892574729
FPR:0.4879584017515052
FPDR:0.4879584017515052
F1:0.5067338100933395
BACC:0.0
CLSFE:0.07342857142857143
MCC:0.084721492452255
GMEAN:0.5852271480366705
SAMPLES:3500.0
AUC:{'AUC macro OVO': 0.5120415982484948}
AVGP:{'avg_precision': 0.9296119483246845}


METRICS_PER_CLASSES
CLASS:0
ACC:0.9265714285714286
PREC:0.027777777777777776
REC:0.3684210526315789
TNR:0.9296179258833669
FPR:0.9722222222222222
FPDR:0.9722222222222222
F1:0.05166051660516605
BACC:0
CLSFE:0.9722222222222222
MCC:0.084721492452255
GMEAN:0.5852271480366705
SAMPLES:252
AUC:{}
AVGP:{}
CLASS:1
ACC:0.9265714285714286
PREC:0.9963054187192119
REC:0.9296179258833669
TNR:0.3684210526315789
FPR:0.003694581280788177
FPDR:0.003694581280788177
F1:0.9618071035815129
BACC:0
CLSFE:0.003694581280788177
MCC:0.084721492452255
GMEAN:0.5852271480366705
SAMPLES:3248
AUC:{}
AVGP:{}
