

GENERAL_METRICS
ACC:0.9274285714285714
PREC:0.5175593765771709
REC:0.6445852534562212
TNR:0.6445852534562212
FPR:0.4824406234228292
FPDR:0.4824406234228292
F1:0.5176143997256534
BACC:0.0
CLSFE:0.07257142857142856
MCC:0.10077354638879145
GMEAN:0.5769462867328742
SAMPLES:3500.0
AUC:{'AUC macro OVO': 0.5175593765771708}
AVGP:{'avg_precision': 0.9320148530415596}


METRICS_PER_CLASSES
CLASS:0
ACC:0.9274285714285714
PREC:0.04065040650406504
REC:0.35714285714285715
TNR:0.9320276497695853
FPR:0.959349593495935
FPDR:0.959349593495935
F1:0.072992700729927
BACC:0
CLSFE:0.959349593495935
MCC:0.10077354638879145
GMEAN:0.5769462867328742
SAMPLES:246
AUC:{}
AVGP:{}
CLASS:1
ACC:0.9274285714285714
PREC:0.9944683466502766
REC:0.9320276497695853
TNR:0.35714285714285715
FPR:0.005531653349723417
FPDR:0.005531653349723417
F1:0.9622360987213797
BACC:0
CLSFE:0.005531653349723417
MCC:0.10077354638879145
GMEAN:0.5769462867328742
SAMPLES:3254
AUC:{}
AVGP:{}
