

GENERAL_METRICS
ACC:0.9305714285714286
PREC:0.511656746031746
REC:0.5747655382786621
TNR:0.5747655382786621
FPR:0.48834325396825395
FPDR:0.48834325396825395
F1:0.509218668040816
BACC:0.0
CLSFE:0.06942857142857142
MCC:0.05904313310254291
GMEAN:0.4459198545686985
SAMPLES:3500.0
AUC:{'AUC macro OVO': 0.511656746031746}
AVGP:{'avg_precision': 0.9373986750358254}


METRICS_PER_CLASSES
CLASS:0
ACC:0.9305714285714286
PREC:0.03125
REC:0.21212121212121213
TNR:0.937409864436112
FPR:0.96875
FPDR:0.96875
F1:0.054474708171206226
BACC:0
CLSFE:0.96875
MCC:0.05904313310254291
GMEAN:0.4459198545686985
SAMPLES:224
AUC:{}
AVGP:{}
CLASS:1
ACC:0.9305714285714286
PREC:0.9920634920634921
REC:0.937409864436112
TNR:0.21212121212121213
FPR:0.007936507936507936
FPDR:0.007936507936507936
F1:0.9639626279104256
BACC:0
CLSFE:0.007936507936507936
MCC:0.05904313310254291
GMEAN:0.4459198545686985
SAMPLES:3276
AUC:{}
AVGP:{}
