

GENERAL_METRICS
ACC:0.9228571428571428
PREC:0.5116040909253748
REC:0.5733116888184748
TNR:0.5733116888184748
FPR:0.4883959090746252
FPDR:0.4883959090746252
F1:0.5078647893661299
BACC:0.0
CLSFE:0.07714285714285714
MCC:0.05833405533450824
GMEAN:0.44851880226235924
SAMPLES:3500.0
AUC:{'AUC macro OVO': 0.5116040909253748}
AVGP:{'avg_precision': 0.9303933347402216}


METRICS_PER_CLASSES
CLASS:0
ACC:0.9228571428571428
PREC:0.0321285140562249
REC:0.21621621621621623
TNR:0.9304071614207334
FPR:0.9678714859437751
FPDR:0.9678714859437751
F1:0.055944055944055944
BACC:0
CLSFE:0.9678714859437751
MCC:0.05833405533450824
GMEAN:0.44851880226235924
SAMPLES:249
AUC:{}
AVGP:{}
CLASS:1
ACC:0.9228571428571428
PREC:0.9910796677945247
REC:0.9304071614207334
TNR:0.21621621621621623
FPR:0.008920332205475239
FPDR:0.008920332205475239
F1:0.9597855227882037
BACC:0
CLSFE:0.008920332205475239
MCC:0.05833405533450824
GMEAN:0.44851880226235924
SAMPLES:3251
AUC:{}
AVGP:{}
