

GENERAL_METRICS
ACC:0.9007272727272727
PREC:0.5009062004012425
REC:0.5034401845370665
TNR:0.5034401845370665
FPR:0.49909379959875755
FPDR:0.49909379959875755
F1:0.4915033821882931
BACC:0.0
CLSFE:0.09927272727272728
MCC:0.0035312867953978867
GMEAN:0.2862308407169594
SAMPLES:2750.0
AUC:{'AUC macro OVO': 0.5009062004012425}
AVGP:{'avg_precision': 0.9175918226140122}


METRICS_PER_CLASSES
CLASS:0
ACC:0.9007272727272727
PREC:0.022026431718061675
REC:0.08928571428571429
TNR:0.9175946547884187
FPR:0.9779735682819384
FPDR:0.9779735682819384
F1:0.0353356890459364
BACC:0
CLSFE:0.9779735682819384
MCC:0.0035312867953978867
GMEAN:0.2862308407169594
SAMPLES:227
AUC:{}
AVGP:{}
CLASS:1
ACC:0.9007272727272727
PREC:0.9797859690844233
REC:0.9175946547884187
TNR:0.08928571428571429
FPR:0.020214030915576695
FPDR:0.020214030915576695
F1:0.9476710753306498
BACC:0
CLSFE:0.020214030915576695
MCC:0.0035312867953978867
GMEAN:0.2862308407169594
SAMPLES:2523
AUC:{}
AVGP:{}
