

GENERAL_METRICS
ACC:0.8967272727272727
PREC:0.5078452804908149
REC:0.52677266867211
TNR:0.52677266867211
FPR:0.49215471950918516
FPDR:0.49215471950918516
F1:0.5024831251958853
BACC:0.0
CLSFE:0.10327272727272727
MCC:0.028985451193338677
GMEAN:0.3559549277851413
SAMPLES:2750.0
AUC:{'AUC macro OVO': 0.5078452804908149}
AVGP:{'avg_precision': 0.9150555957168989}


METRICS_PER_CLASSES
CLASS:0
ACC:0.8967272727272727
PREC:0.0379746835443038
REC:0.13846153846153847
TNR:0.9150837988826815
FPR:0.9620253164556962
FPDR:0.9620253164556962
F1:0.059602649006622516
BACC:0
CLSFE:0.9620253164556962
MCC:0.028985451193338677
GMEAN:0.3559549277851413
SAMPLES:237
AUC:{}
AVGP:{}
CLASS:1
ACC:0.8967272727272727
PREC:0.9777158774373259
REC:0.9150837988826815
TNR:0.13846153846153847
FPR:0.022284122562674095
FPDR:0.022284122562674095
F1:0.9453636013851482
BACC:0
CLSFE:0.022284122562674095
MCC:0.028985451193338677
GMEAN:0.3559549277851413
SAMPLES:2513
AUC:{}
AVGP:{}
