

GENERAL_METRICS
ACC:0.8956363636363637
PREC:0.51002892174834
REC:0.536932363671275
TNR:0.536932363671275
FPR:0.4899710782516599
FPDR:0.4899710782516599
F1:0.5049399373122551
BACC:0.0
CLSFE:0.10436363636363637
MCC:0.038491130679181335
GMEAN:0.3836527337617808
SAMPLES:2750.0
AUC:{'AUC macro OVO': 0.51002892174834}
AVGP:{'avg_precision': 0.9125398353725449}


METRICS_PER_CLASSES
CLASS:0
ACC:0.8956363636363637
PREC:0.04081632653061224
REC:0.16129032258064516
TNR:0.9125744047619048
FPR:0.9591836734693877
FPDR:0.9591836734693877
F1:0.06514657980456026
BACC:0
CLSFE:0.9591836734693877
MCC:0.038491130679181335
GMEAN:0.3836527337617808
SAMPLES:245
AUC:{}
AVGP:{}
CLASS:1
ACC:0.8956363636363637
PREC:0.9792415169660679
REC:0.9125744047619048
TNR:0.16129032258064516
FPR:0.020758483033932136
FPDR:0.020758483033932136
F1:0.9447332948199499
BACC:0
CLSFE:0.020758483033932136
MCC:0.038491130679181335
GMEAN:0.3836527337617808
SAMPLES:2505
AUC:{}
AVGP:{}
