

GENERAL_METRICS
ACC:0.8956363636363637
PREC:0.50981746239128
REC:0.5496847474437386
TNR:0.5496847474437386
FPR:0.49018253760872005
FPDR:0.49018253760872005
F1:0.5018854825730921
BACC:0.0
CLSFE:0.10436363636363637
MCC:0.044171399771759524
GMEAN:0.4169524999393879
SAMPLES:2750.0
AUC:{'AUC macro OVO': 0.50981746239128}
AVGP:{'avg_precision': 0.9078542359260663}


METRICS_PER_CLASSES
CLASS:0
ACC:0.8956363636363637
PREC:0.03488372093023256
REC:0.19148936170212766
TNR:0.9078801331853497
FPR:0.9651162790697675
FPDR:0.9651162790697675
F1:0.05901639344262295
BACC:0
CLSFE:0.9651162790697675
MCC:0.044171399771759524
GMEAN:0.4169524999393879
SAMPLES:258
AUC:{}
AVGP:{}
CLASS:1
ACC:0.8956363636363637
PREC:0.9847512038523274
REC:0.9078801331853497
TNR:0.19148936170212766
FPR:0.015248796147672551
FPDR:0.015248796147672551
F1:0.9447545717035611
BACC:0
CLSFE:0.015248796147672551
MCC:0.044171399771759524
GMEAN:0.4169524999393879
SAMPLES:2492
AUC:{}
AVGP:{}
