

GENERAL_METRICS
ACC:0.752
PREC:0.724
REC:0.7214068825910931
TNR:0.7214068825910931
FPR:0.276
FPDR:0.276
F1:0.7226441653875824
BACC:0.0
CLSFE:0.248
MCC:0.44539933408304444
GMEAN:0.7149360833241433
SAMPLES:750.0
AUC:{'AUC macro OVO': 0.7240000000000001}
AVGP:{'avg_precision': 0.7887935222672064}


METRICS_PER_CLASSES
CLASS:0
ACC:0.752
PREC:0.64
REC:0.625
TNR:0.8178137651821862
FPR:0.36
FPDR:0.36
F1:0.6324110671936759
BACC:0
CLSFE:0.36
MCC:0.44539933408304444
GMEAN:0.7149360833241433
SAMPLES:250
AUC:{}
AVGP:{}
CLASS:1
ACC:0.752
PREC:0.808
REC:0.8178137651821862
TNR:0.625
FPR:0.192
FPDR:0.192
F1:0.8128772635814889
BACC:0
CLSFE:0.192
MCC:0.44539933408304444
GMEAN:0.7149360833241433
SAMPLES:500
AUC:{}
AVGP:{}
