

GENERAL_METRICS
ACC:0.7693333333333333
PREC:0.7553921568627451
REC:0.7385877073140947
TNR:0.7385877073140947
FPR:0.2446078431372549
FPDR:0.2446078431372549
F1:0.7446926571837288
BACC:0.0
CLSFE:0.23066666666666666
MCC:0.49369395042631015
GMEAN:0.7291573873790298
SAMPLES:750.0
AUC:{'AUC macro OVO': 0.7553921568627451}
AVGP:{'avg_precision': 0.8199527421962443}


METRICS_PER_CLASSES
CLASS:0
ACC:0.7693333333333333
PREC:0.7166666666666667
REC:0.6209386281588448
TNR:0.8562367864693446
FPR:0.2833333333333333
FPDR:0.2833333333333333
F1:0.6653771760154739
BACC:0
CLSFE:0.2833333333333333
MCC:0.49369395042631015
GMEAN:0.7291573873790298
SAMPLES:240
AUC:{}
AVGP:{}
CLASS:1
ACC:0.7693333333333333
PREC:0.7941176470588235
REC:0.8562367864693446
TNR:0.6209386281588448
FPR:0.20588235294117646
FPDR:0.20588235294117646
F1:0.8240081383519837
BACC:0
CLSFE:0.20588235294117646
MCC:0.49369395042631015
GMEAN:0.7291573873790298
SAMPLES:510
AUC:{}
AVGP:{}
