

GENERAL_METRICS
ACC:0.752
PREC:0.733639612854251
REC:0.7258530544854156
TNR:0.7258530544854156
FPR:0.266360387145749
FPDR:0.266360387145749
F1:0.7291135897595228
BACC:0.0
CLSFE:0.248
MCC:0.4594266871304824
GMEAN:0.7190642849223665
SAMPLES:750.0
AUC:{'AUC macro OVO': 0.733639612854251}
AVGP:{'avg_precision': 0.790235671945199}


METRICS_PER_CLASSES
CLASS:0
ACC:0.752
PREC:0.67578125
REC:0.6268115942028986
TNR:0.8248945147679325
FPR:0.32421875
FPDR:0.32421875
F1:0.650375939849624
BACC:0
CLSFE:0.32421875
MCC:0.4594266871304824
GMEAN:0.7190642849223665
SAMPLES:256
AUC:{}
AVGP:{}
CLASS:1
ACC:0.752
PREC:0.791497975708502
REC:0.8248945147679325
TNR:0.6268115942028986
FPR:0.20850202429149797
FPDR:0.20850202429149797
F1:0.8078512396694215
BACC:0
CLSFE:0.20850202429149797
MCC:0.4594266871304824
GMEAN:0.7190642849223665
SAMPLES:494
AUC:{}
AVGP:{}
