

GENERAL_METRICS
ACC:0.7386666666666667
PREC:0.712123745819398
REC:0.6984263546489802
TNR:0.6984263546489802
FPR:0.28787625418060203
FPDR:0.28787625418060203
F1:0.7035907859078592
BACC:0.0
CLSFE:0.2613333333333333
MCC:0.41032154034332624
GMEAN:0.6855408171571458
SAMPLES:750.0
AUC:{'AUC macro OVO': 0.7121237458193981}
AVGP:{'avg_precision': 0.8015744010088273}


METRICS_PER_CLASSES
CLASS:0
ACC:0.7386666666666667
PREC:0.6434782608695652
REC:0.5648854961832062
TNR:0.8319672131147541
FPR:0.3565217391304348
FPDR:0.3565217391304348
F1:0.6016260162601627
BACC:0
CLSFE:0.3565217391304348
MCC:0.41032154034332624
GMEAN:0.6855408171571458
SAMPLES:230
AUC:{}
AVGP:{}
CLASS:1
ACC:0.7386666666666667
PREC:0.7807692307692308
REC:0.8319672131147541
TNR:0.5648854961832062
FPR:0.21923076923076923
FPDR:0.21923076923076923
F1:0.8055555555555556
BACC:0
CLSFE:0.21923076923076923
MCC:0.41032154034332624
GMEAN:0.6855408171571458
SAMPLES:520
AUC:{}
AVGP:{}
