

GENERAL_METRICS
ACC:0.8869090909090909
PREC:0.5588434515146251
REC:0.6319253528133428
TNR:0.6319253528133428
FPR:0.4411565484853749
FPDR:0.4411565484853749
F1:0.573877295594382
BACC:0.0
CLSFE:0.11309090909090909
MCC:0.1762151310395534
GMEAN:0.5672567048003417
SAMPLES:2750.0
AUC:{'AUC macro OVO': 0.5588434515146251}
AVGP:{'avg_precision': 0.9100648932959988}


METRICS_PER_CLASSES
CLASS:0
ACC:0.8869090909090909
PREC:0.148014440433213
REC:0.35344827586206895
TNR:0.9104024297646166
FPR:0.851985559566787
FPDR:0.851985559566787
F1:0.20865139949109415
BACC:0
CLSFE:0.851985559566787
MCC:0.1762151310395534
GMEAN:0.5672567048003417
SAMPLES:277
AUC:{}
AVGP:{}
CLASS:1
ACC:0.8869090909090909
PREC:0.9696724625960372
REC:0.9104024297646166
TNR:0.35344827586206895
FPR:0.0303275374039628
FPDR:0.0303275374039628
F1:0.9391031916976699
BACC:0
CLSFE:0.0303275374039628
MCC:0.1762151310395534
GMEAN:0.5672567048003417
SAMPLES:2473
AUC:{}
AVGP:{}
