

GENERAL_METRICS
ACC:0.9054545454545454
PREC:0.5864541832669323
REC:0.6704500824758464
TNR:0.6704500824758464
FPR:0.41354581673306773
FPDR:0.41354581673306773
F1:0.6095592989323222
BACC:0.0
CLSFE:0.09454545454545454
MCC:0.24278486499969923
GMEAN:0.6193791312341016
SAMPLES:2750.0
AUC:{'AUC macro OVO': 0.5864541832669322}
AVGP:{'avg_precision': 0.9267174895365731}


METRICS_PER_CLASSES
CLASS:0
ACC:0.9054545454545454
PREC:0.2
REC:0.41379310344827586
TNR:0.9271070615034168
FPR:0.8
FPDR:0.8
F1:0.2696629213483146
BACC:0
CLSFE:0.8
MCC:0.24278486499969923
GMEAN:0.6193791312341016
SAMPLES:240
AUC:{}
AVGP:{}
CLASS:1
ACC:0.9054545454545454
PREC:0.9729083665338646
REC:0.9271070615034168
TNR:0.41379310344827586
FPR:0.027091633466135457
FPDR:0.027091633466135457
F1:0.9494556765163297
BACC:0
CLSFE:0.027091633466135457
MCC:0.24278486499969923
GMEAN:0.6193791312341016
SAMPLES:2510
AUC:{}
AVGP:{}
