

GENERAL_METRICS
ACC:0.892
PREC:0.5717948717948718
REC:0.6374704607094162
TNR:0.6374704607094162
FPR:0.4282051282051282
FPDR:0.4282051282051282
F1:0.5891969485644903
BACC:0.0
CLSFE:0.108
MCC:0.19869246691522552
GMEAN:0.5722536815496022
SAMPLES:2750.0
AUC:{'AUC macro OVO': 0.5717948717948718}
AVGP:{'avg_precision': 0.9179218665094285}


METRICS_PER_CLASSES
CLASS:0
ACC:0.892
PREC:0.17692307692307693
REC:0.35658914728682173
TNR:0.9183517741320106
FPR:0.823076923076923
FPDR:0.823076923076923
F1:0.2365038560411311
BACC:0
CLSFE:0.823076923076923
MCC:0.19869246691522552
GMEAN:0.5722536815496022
SAMPLES:260
AUC:{}
AVGP:{}
CLASS:1
ACC:0.892
PREC:0.9666666666666667
REC:0.9183517741320106
TNR:0.35658914728682173
FPR:0.03333333333333333
FPDR:0.03333333333333333
F1:0.9418900410878497
BACC:0
CLSFE:0.03333333333333333
MCC:0.19869246691522552
GMEAN:0.5722536815496022
SAMPLES:2490
AUC:{}
AVGP:{}
