

GENERAL_METRICS
ACC:0.9021818181818182
PREC:0.6185756972111554
REC:0.6713652361040139
TNR:0.6713652361040139
FPR:0.3814243027888446
FPDR:0.3814243027888446
F1:0.6382108075565156
BACC:0.0
CLSFE:0.09781818181818182
MCC:0.2850947375788455
GMEAN:0.618374499810772
SAMPLES:2750.0
AUC:{'AUC macro OVO': 0.6185756972111554}
AVGP:{'avg_precision': 0.9320331399567642}


METRICS_PER_CLASSES
CLASS:0
ACC:0.9021818181818182
PREC:0.275
REC:0.40993788819875776
TNR:0.93279258400927
FPR:0.725
FPDR:0.725
F1:0.32917705735660846
BACC:0
CLSFE:0.725
MCC:0.2850947375788455
GMEAN:0.618374499810772
SAMPLES:240
AUC:{}
AVGP:{}
CLASS:1
ACC:0.9021818181818182
PREC:0.9621513944223108
REC:0.93279258400927
TNR:0.40993788819875776
FPR:0.037848605577689244
FPDR:0.037848605577689244
F1:0.9472445577564228
BACC:0
CLSFE:0.037848605577689244
MCC:0.2850947375788455
GMEAN:0.618374499810772
SAMPLES:2510
AUC:{}
AVGP:{}
