

GENERAL_METRICS
ACC:0.881
PREC:0.5564520023455555
REC:0.5814527110424513
TNR:0.5814527110424513
FPR:0.4435479976544445
FPDR:0.4435479976544445
F1:0.5649438143825269
BACC:0.0
CLSFE:0.119
MCC:0.13561959496798862
GMEAN:0.47177225449739413
SAMPLES:3000.0
AUC:{'AUC macro OVO': 0.5564520023455555}
AVGP:{'avg_precision': 0.9208552869397798}


METRICS_PER_CLASSES
CLASS:0
ACC:0.881
PREC:0.16226415094339622
REC:0.24157303370786518
TNR:0.9213323883770376
FPR:0.8377358490566038
FPDR:0.8377358490566038
F1:0.19413092550790068
BACC:0
CLSFE:0.8377358490566038
MCC:0.13561959496798862
GMEAN:0.47177225449739413
SAMPLES:265
AUC:{}
AVGP:{}
CLASS:1
ACC:0.881
PREC:0.9506398537477148
REC:0.9213323883770376
TNR:0.24157303370786518
FPR:0.04936014625228519
FPDR:0.04936014625228519
F1:0.9357567032571531
BACC:0
CLSFE:0.04936014625228519
MCC:0.13561959496798862
GMEAN:0.47177225449739413
SAMPLES:2735
AUC:{}
AVGP:{}
