

GENERAL_METRICS
ACC:0.8876666666666667
PREC:0.5483795696136894
REC:0.5710268055229296
TNR:0.5710268055229296
FPR:0.45162043038631056
FPDR:0.45162043038631056
F1:0.5558681416003068
BACC:0.0
CLSFE:0.11233333333333333
MCC:0.1172390085634393
GMEAN:0.4472836258159995
SAMPLES:3000.0
AUC:{'AUC macro OVO': 0.5483795696136895}
AVGP:{'avg_precision': 0.9256506153844187}


METRICS_PER_CLASSES
CLASS:0
ACC:0.8876666666666667
PREC:0.14285714285714285
REC:0.21604938271604937
TNR:0.9260042283298098
FPR:0.8571428571428571
FPDR:0.8571428571428571
F1:0.171990171990172
BACC:0
CLSFE:0.8571428571428571
MCC:0.1172390085634393
GMEAN:0.4472836258159995
SAMPLES:245
AUC:{}
AVGP:{}
CLASS:1
ACC:0.8876666666666667
PREC:0.953901996370236
REC:0.9260042283298098
TNR:0.21604938271604937
FPR:0.046098003629764066
FPDR:0.046098003629764066
F1:0.9397461112104416
BACC:0
CLSFE:0.046098003629764066
MCC:0.1172390085634393
GMEAN:0.4472836258159995
SAMPLES:2755
AUC:{}
AVGP:{}
