

GENERAL_METRICS
ACC:0.8796666666666667
PREC:0.5453898472844486
REC:0.5600064846837944
TNR:0.5600064846837944
FPR:0.4546101527155514
FPDR:0.4546101527155514
F1:0.5507176694070262
BACC:0.0
CLSFE:0.12033333333333333
MCC:0.10437787458794194
GMEAN:0.4252683848003187
SAMPLES:3000.0
AUC:{'AUC macro OVO': 0.5453898472844486}
AVGP:{'avg_precision': 0.9239647948266746}


METRICS_PER_CLASSES
CLASS:0
ACC:0.8796666666666667
PREC:0.14457831325301204
REC:0.1956521739130435
TNR:0.9243607954545454
FPR:0.8554216867469879
FPDR:0.8554216867469879
F1:0.16628175519630484
BACC:0
CLSFE:0.8554216867469879
MCC:0.10437787458794194
GMEAN:0.4252683848003187
SAMPLES:249
AUC:{}
AVGP:{}
CLASS:1
ACC:0.8796666666666667
PREC:0.9462013813158852
REC:0.9243607954545454
TNR:0.1956521739130435
FPR:0.05379861868411487
FPDR:0.05379861868411487
F1:0.9351535836177475
BACC:0
CLSFE:0.05379861868411487
MCC:0.10437787458794194
GMEAN:0.4252683848003187
SAMPLES:2751
AUC:{}
AVGP:{}
