

GENERAL_METRICS
ACC:0.8913333333333333
PREC:0.5610439945573743
REC:0.5835498360292535
TNR:0.5835498360292535
FPR:0.43895600544262564
FPDR:0.43895600544262564
F1:0.5693838049564013
BACC:0.0
CLSFE:0.10866666666666666
MCC:0.14283158944490212
GMEAN:0.46927194813660034
SAMPLES:3000.0
AUC:{'AUC macro OVO': 0.5610439945573744}
AVGP:{'avg_precision': 0.9299737906403857}


METRICS_PER_CLASSES
CLASS:0
ACC:0.8913333333333333
PREC:0.16877637130801687
REC:0.23668639053254437
TNR:0.9304132815259626
FPR:0.8312236286919831
FPDR:0.8312236286919831
F1:0.19704433497536947
BACC:0
CLSFE:0.8312236286919831
MCC:0.14283158944490212
GMEAN:0.46927194813660034
SAMPLES:237
AUC:{}
AVGP:{}
CLASS:1
ACC:0.8913333333333333
PREC:0.9533116178067318
REC:0.9304132815259626
TNR:0.23668639053254437
FPR:0.04668838219326819
FPDR:0.04668838219326819
F1:0.941723274937433
BACC:0
CLSFE:0.04668838219326819
MCC:0.14283158944490212
GMEAN:0.46927194813660034
SAMPLES:2763
AUC:{}
AVGP:{}
