

GENERAL_METRICS
ACC:0.9284705882352942
PREC:0.5233213640486668
REC:0.5875179340028694
TNR:0.5875179340028694
FPR:0.47667863595133325
FPDR:0.47667863595133325
F1:0.5290007232682392
BACC:0.0
CLSFE:0.07152941176470588
MCC:0.09035568824746143
GMEAN:0.4702294184403484
SAMPLES:4250.0
AUC:{'AUC macro OVO': 0.5233213640486667}
AVGP:{'avg_precision': 0.9397051783239786}


METRICS_PER_CLASSES
CLASS:0
ACC:0.9284705882352942
PREC:0.05970149253731343
REC:0.23529411764705882
TNR:0.93974175035868
FPR:0.9402985074626866
FPDR:0.9402985074626866
F1:0.09523809523809523
BACC:0
CLSFE:0.9402985074626866
MCC:0.09035568824746143
GMEAN:0.4702294184403484
SAMPLES:268
AUC:{}
AVGP:{}
CLASS:1
ACC:0.9284705882352942
PREC:0.9869412355600201
REC:0.93974175035868
TNR:0.23529411764705882
FPR:0.013058764439979909
FPDR:0.013058764439979909
F1:0.9627633512983832
BACC:0
CLSFE:0.013058764439979909
MCC:0.09035568824746143
GMEAN:0.4702294184403484
SAMPLES:3982
AUC:{}
AVGP:{}
