

GENERAL_METRICS
ACC:0.9291764705882353
PREC:0.5163670363983781
REC:0.5601475053610742
TNR:0.5601475053610742
FPR:0.4836329636016219
FPDR:0.4836329636016219
F1:0.5185132909903553
BACC:0.0
CLSFE:0.0708235294117647
MCC:0.06275145925048582
GMEAN:0.41057452279215695
SAMPLES:4250.0
AUC:{'AUC macro OVO': 0.5163670363983781}
AVGP:{'avg_precision': 0.9411644051416524}


METRICS_PER_CLASSES
CLASS:0
ACC:0.9291764705882353
PREC:0.046511627906976744
REC:0.1791044776119403
TNR:0.941190533110208
FPR:0.9534883720930233
FPDR:0.9534883720930233
F1:0.07384615384615385
BACC:0
CLSFE:0.9534883720930233
MCC:0.06275145925048582
GMEAN:0.41057452279215695
SAMPLES:258
AUC:{}
AVGP:{}
CLASS:1
ACC:0.9291764705882353
PREC:0.9862224448897795
REC:0.941190533110208
TNR:0.1791044776119403
FPR:0.01377755511022044
FPDR:0.01377755511022044
F1:0.9631804281345566
BACC:0
CLSFE:0.01377755511022044
MCC:0.06275145925048582
GMEAN:0.41057452279215695
SAMPLES:3992
AUC:{}
AVGP:{}
