

GENERAL_METRICS
ACC:0.9383529411764706
PREC:0.5287099465386318
REC:0.6073190135242641
TNR:0.6073190135242641
FPR:0.4712900534613682
FPDR:0.4712900534613682
F1:0.5384578398749215
BACC:0.0
CLSFE:0.06164705882352941
MCC:0.1110157311530276
GMEAN:0.5027846087227575
SAMPLES:4250.0
AUC:{'AUC macro OVO': 0.5287099465386318}
AVGP:{'avg_precision': 0.947938161155742}


METRICS_PER_CLASSES
CLASS:0
ACC:0.9383529411764706
PREC:0.06837606837606838
REC:0.26666666666666666
TNR:0.9479713603818616
FPR:0.9316239316239316
FPDR:0.9316239316239316
F1:0.10884353741496598
BACC:0
CLSFE:0.9316239316239316
MCC:0.1110157311530276
GMEAN:0.5027846087227575
SAMPLES:234
AUC:{}
AVGP:{}
CLASS:1
ACC:0.9383529411764706
PREC:0.9890438247011952
REC:0.9479713603818616
TNR:0.26666666666666666
FPR:0.010956175298804782
FPDR:0.010956175298804782
F1:0.9680721423348769
BACC:0
CLSFE:0.010956175298804782
MCC:0.1110157311530276
GMEAN:0.5027846087227575
SAMPLES:4016
AUC:{}
AVGP:{}
