

GENERAL_METRICS
ACC:0.9277647058823529
PREC:0.5281351205469593
REC:0.6149710504549214
TNR:0.6149710504549214
FPR:0.4718648794530407
FPDR:0.4718648794530407
F1:0.5362496556749216
BACC:0.0
CLSFE:0.07223529411764706
MCC:0.11374927452884716
GMEAN:0.523524354931824
SAMPLES:4250.0
AUC:{'AUC macro OVO': 0.5281351205469593}
AVGP:{'avg_precision': 0.9375936602316233}


METRICS_PER_CLASSES
CLASS:0
ACC:0.9277647058823529
PREC:0.06785714285714285
REC:0.2923076923076923
TNR:0.9376344086021505
FPR:0.9321428571428572
FPDR:0.9321428571428572
F1:0.11014492753623188
BACC:0
CLSFE:0.9321428571428572
MCC:0.11374927452884716
GMEAN:0.523524354931824
SAMPLES:280
AUC:{}
AVGP:{}
CLASS:1
ACC:0.9277647058823529
PREC:0.9884130982367758
REC:0.9376344086021505
TNR:0.2923076923076923
FPR:0.011586901763224182
FPDR:0.011586901763224182
F1:0.9623543838136113
BACC:0
CLSFE:0.011586901763224182
MCC:0.11374927452884716
GMEAN:0.523524354931824
SAMPLES:3970
AUC:{}
AVGP:{}
