

GENERAL_METRICS
ACC:0.937
PREC:0.4998666311016271
REC:0.46861715428857215
TNR:0.46861715428857215
FPR:0.5001333688983729
FPDR:0.5001333688983729
F1:0.48373773877129583
BACC:0.0
CLSFE:0.063
MCC:-0.004091696743572184
GMEAN:0.0
SAMPLES:4000.0
AUC:{'AUC macro OVO': 0.4998666311016271}
AVGP:{'avg_precision': 0.9372343127626398}


METRICS_PER_CLASSES
CLASS:0
ACC:0.937
PREC:0.0
REC:0.0
TNR:0.9372343085771443
FPR:1.0
FPDR:1.0
F1:0.0
BACC:0
CLSFE:1.0
MCC:-0.004091696743572184
GMEAN:0
SAMPLES:251
AUC:{}
AVGP:{}
CLASS:1
ACC:0.937
PREC:0.9997332622032542
REC:0.9372343085771443
TNR:0.0
FPR:0.00026673779674579886
FPDR:0.00026673779674579886
F1:0.9674754775425917
BACC:0
CLSFE:0.00026673779674579886
MCC:-0.004091696743572184
GMEAN:0
SAMPLES:3749
AUC:{}
AVGP:{}
