

GENERAL_METRICS
ACC:0.93825
PREC:0.4997336884154461
REC:0.46935967983991994
TNR:0.46935967983991994
FPR:0.5002663115845539
FPDR:0.5002663115845539
F1:0.4840706823165226
BACC:0.0
CLSFE:0.06175
MCC:-0.0057130980082860765
GMEAN:0.0
SAMPLES:4000.0
AUC:{'AUC macro OVO': 0.4997336884154461}
AVGP:{'avg_precision': 0.9387193759995842}


METRICS_PER_CLASSES
CLASS:0
ACC:0.93825
PREC:0.0
REC:0.0
TNR:0.9387193596798399
FPR:1.0
FPDR:1.0
F1:0.0
BACC:0
CLSFE:1.0
MCC:-0.0057130980082860765
GMEAN:0
SAMPLES:245
AUC:{}
AVGP:{}
CLASS:1
ACC:0.93825
PREC:0.9994673768308922
REC:0.9387193596798399
TNR:0.0
FPR:0.0005326231691078562
FPDR:0.0005326231691078562
F1:0.9681413646330452
BACC:0
CLSFE:0.0005326231691078562
MCC:-0.0057130980082860765
GMEAN:0
SAMPLES:3755
AUC:{}
AVGP:{}
