

GENERAL_METRICS
ACC:0.941
PREC:0.4996018051499867
REC:0.4708531398548912
TNR:0.4708531398548912
FPR:0.5003981948500132
FPDR:0.5003981948500132
F1:0.48480164863472436
BACC:0.0
CLSFE:0.059
MCC:-0.0068135540223408985
GMEAN:0.0
SAMPLES:4000.0
AUC:{'AUC macro OVO': 0.4996018051499867}
AVGP:{'avg_precision': 0.9417063145281712}


METRICS_PER_CLASSES
CLASS:0
ACC:0.941
PREC:0.0
REC:0.0
TNR:0.9417062797097824
FPR:1.0
FPDR:1.0
F1:0.0
BACC:0
CLSFE:1.0
MCC:-0.0068135540223408985
GMEAN:0
SAMPLES:233
AUC:{}
AVGP:{}
CLASS:1
ACC:0.941
PREC:0.9992036102999734
REC:0.9417062797097824
TNR:0.0
FPR:0.0007963897000265463
FPDR:0.0007963897000265463
F1:0.9696032972694487
BACC:0
CLSFE:0.0007963897000265463
MCC:-0.0068135540223408985
GMEAN:0
SAMPLES:3767
AUC:{}
AVGP:{}
