

GENERAL_METRICS
ACC:0.9335
PREC:0.4998661311914324
REC:0.4668667166791698
TNR:0.4668667166791698
FPR:0.5001338688085676
FPDR:0.5001338688085676
F1:0.48280320662011894
BACC:0.0
CLSFE:0.0665
MCC:-0.004212131603875832
GMEAN:0.0
SAMPLES:4000.0
AUC:{'AUC macro OVO': 0.4998661311914324}
AVGP:{'avg_precision': 0.9337334377938528}


METRICS_PER_CLASSES
CLASS:0
ACC:0.9335
PREC:0.0
REC:0.0
TNR:0.9337334333583396
FPR:1.0
FPDR:1.0
F1:0.0
BACC:0
CLSFE:1.0
MCC:-0.004212131603875832
GMEAN:0
SAMPLES:265
AUC:{}
AVGP:{}
CLASS:1
ACC:0.9335
PREC:0.9997322623828648
REC:0.9337334333583396
TNR:0.0
FPR:0.0002677376171352075
FPDR:0.0002677376171352075
F1:0.9656064132402379
BACC:0
CLSFE:0.0002677376171352075
MCC:-0.004212131603875832
GMEAN:0
SAMPLES:3735
AUC:{}
AVGP:{}
