

GENERAL_METRICS
ACC:0.8626666666666667
PREC:0.7245595133295668
REC:0.7464953271028038
TNR:0.7464953271028038
FPR:0.2754404866704332
FPDR:0.2754404866704332
F1:0.7345898941451733
BACC:0.0
CLSFE:0.13733333333333334
MCC:0.47054381599259376
GMEAN:0.7284459054559187
SAMPLES:1500.0
AUC:{'AUC macro OVO': 0.7245595133295668}
AVGP:{'avg_precision': 0.9045784982343531}


METRICS_PER_CLASSES
CLASS:0
ACC:0.8626666666666667
PREC:0.5206611570247934
REC:0.5833333333333334
TNR:0.9096573208722741
FPR:0.4793388429752066
FPDR:0.4793388429752066
F1:0.5502183406113537
BACC:0
CLSFE:0.4793388429752066
MCC:0.47054381599259376
GMEAN:0.7284459054559187
SAMPLES:242
AUC:{}
AVGP:{}
CLASS:1
ACC:0.8626666666666667
PREC:0.9284578696343402
REC:0.9096573208722741
TNR:0.5833333333333334
FPR:0.07154213036565978
FPDR:0.07154213036565978
F1:0.9189614476789929
BACC:0
CLSFE:0.07154213036565978
MCC:0.47054381599259376
GMEAN:0.7284459054559187
SAMPLES:1258
AUC:{}
AVGP:{}
