

GENERAL_METRICS
ACC:0.858
PREC:0.6980215881415557
REC:0.7319159258795542
TNR:0.7319159258795542
FPR:0.3019784118584443
FPDR:0.3019784118584443
F1:0.7125534520126207
BACC:0.0
CLSFE:0.142
MCC:0.42859939317730567
GMEAN:0.7117340487877696
SAMPLES:1500.0
AUC:{'AUC macro OVO': 0.6980215881415557}
AVGP:{'avg_precision': 0.8984804948778107}


METRICS_PER_CLASSES
CLASS:0
ACC:0.858
PREC:0.4641350210970464
REC:0.5612244897959183
TNR:0.9026073619631901
FPR:0.5358649789029536
FPDR:0.5358649789029536
F1:0.5080831408775982
BACC:0
CLSFE:0.5358649789029536
MCC:0.42859939317730567
GMEAN:0.7117340487877696
SAMPLES:237
AUC:{}
AVGP:{}
CLASS:1
ACC:0.858
PREC:0.931908155186065
REC:0.9026073619631901
TNR:0.5612244897959183
FPR:0.06809184481393507
FPDR:0.06809184481393507
F1:0.9170237631476431
BACC:0
CLSFE:0.06809184481393507
MCC:0.42859939317730567
GMEAN:0.7117340487877696
SAMPLES:1263
AUC:{}
AVGP:{}
