

GENERAL_METRICS
ACC:0.848
PREC:0.694776098633492
REC:0.7353307105148121
TNR:0.7353307105148121
FPR:0.305223901366508
FPDR:0.305223901366508
F1:0.711386559727792
BACC:0.0
CLSFE:0.152
MCC:0.42819060093711914
GMEAN:0.7186748175583411
SAMPLES:1500.0
AUC:{'AUC macro OVO': 0.694776098633492}
AVGP:{'avg_precision': 0.8863905327438301}


METRICS_PER_CLASSES
CLASS:0
ACC:0.848
PREC:0.45977011494252873
REC:0.5797101449275363
TNR:0.8909512761020881
FPR:0.5402298850574713
FPDR:0.5402298850574713
F1:0.5128205128205128
BACC:0
CLSFE:0.5402298850574713
MCC:0.42819060093711914
GMEAN:0.7186748175583411
SAMPLES:261
AUC:{}
AVGP:{}
CLASS:1
ACC:0.848
PREC:0.9297820823244553
REC:0.8909512761020881
TNR:0.5797101449275363
FPR:0.07021791767554479
FPDR:0.07021791767554479
F1:0.909952606635071
BACC:0
CLSFE:0.07021791767554479
MCC:0.42819060093711914
GMEAN:0.7186748175583411
SAMPLES:1239
AUC:{}
AVGP:{}
