

GENERAL_METRICS
ACC:0.862
PREC:0.7046536206306676
REC:0.736384124201828
TNR:0.736384124201828
FPR:0.29534637936933245
FPDR:0.29534637936933245
F1:0.7184845492896834
BACC:0.0
CLSFE:0.138
MCC:0.43989483687587655
GMEAN:0.7164788854104589
SAMPLES:1500.0
AUC:{'AUC macro OVO': 0.7046536206306675}
AVGP:{'avg_precision': 0.9022973773449996}


METRICS_PER_CLASSES
CLASS:0
ACC:0.862
PREC:0.47639484978540775
REC:0.5663265306122449
TNR:0.906441717791411
FPR:0.5236051502145923
FPDR:0.5236051502145923
F1:0.5174825174825175
BACC:0
CLSFE:0.5236051502145923
MCC:0.43989483687587655
GMEAN:0.7164788854104589
SAMPLES:233
AUC:{}
AVGP:{}
CLASS:1
ACC:0.862
PREC:0.9329123914759274
REC:0.906441717791411
TNR:0.5663265306122449
FPR:0.06708760852407261
FPDR:0.06708760852407261
F1:0.9194865810968494
BACC:0
CLSFE:0.06708760852407261
MCC:0.43989483687587655
GMEAN:0.7164788854104589
SAMPLES:1267
AUC:{}
AVGP:{}
