

GENERAL_METRICS
ACC:0.823
PREC:0.7923834961925776
REC:0.7578417602996255
TNR:0.7578417602996255
FPR:0.2076165038074224
FPDR:0.2076165038074224
F1:0.7714285714285714
BACC:0.0
CLSFE:0.177
MCC:0.5491399651850265
GMEAN:0.74209709556832
SAMPLES:1000.0
AUC:{'AUC macro OVO': 0.7923834961925775}
AVGP:{'avg_precision': 0.8893269176962612}


METRICS_PER_CLASSES
CLASS:0
ACC:0.823
PREC:0.7341772151898734
REC:0.6041666666666666
TNR:0.9115168539325843
FPR:0.26582278481012656
FPDR:0.26582278481012656
F1:0.6628571428571428
BACC:0
CLSFE:0.26582278481012656
MCC:0.5491399651850265
GMEAN:0.74209709556832
SAMPLES:237
AUC:{}
AVGP:{}
CLASS:1
ACC:0.823
PREC:0.8505897771952818
REC:0.9115168539325843
TNR:0.6041666666666666
FPR:0.14941022280471822
FPDR:0.14941022280471822
F1:0.88
BACC:0
CLSFE:0.14941022280471822
MCC:0.5491399651850265
GMEAN:0.74209709556832
SAMPLES:763
AUC:{}
AVGP:{}
