

GENERAL_METRICS
ACC:0.812
PREC:0.7789640421219368
REC:0.7564214932635985
TNR:0.7564214932635985
FPR:0.22103595787806313
FPDR:0.22103595787806313
F1:0.7658382988899739
BACC:0.0
CLSFE:0.188
MCC:0.5349107448827568
GMEAN:0.7439313251851352
SAMPLES:1000.0
AUC:{'AUC macro OVO': 0.7789640421219368}
AVGP:{'avg_precision': 0.8700869399124247}


METRICS_PER_CLASSES
CLASS:0
ACC:0.812
PREC:0.7104247104247104
REC:0.6195286195286195
TNR:0.8933143669985776
FPR:0.28957528957528955
FPDR:0.28957528957528955
F1:0.6618705035971223
BACC:0
CLSFE:0.28957528957528955
MCC:0.5349107448827568
GMEAN:0.7439313251851352
SAMPLES:259
AUC:{}
AVGP:{}
CLASS:1
ACC:0.812
PREC:0.8475033738191633
REC:0.8933143669985776
TNR:0.6195286195286195
FPR:0.1524966261808367
FPDR:0.1524966261808367
F1:0.8698060941828255
BACC:0
CLSFE:0.1524966261808367
MCC:0.5349107448827568
GMEAN:0.7439313251851352
SAMPLES:741
AUC:{}
AVGP:{}
