

GENERAL_METRICS
ACC:0.791
PREC:0.7575477478515431
REC:0.7315787986664406
TNR:0.7315787986664406
FPR:0.24245225214845695
FPDR:0.24245225214845695
F1:0.7416662649515284
BACC:0.0
CLSFE:0.209
MCC:0.48843668186043404
GMEAN:0.7153694182251864
SAMPLES:1000.0
AUC:{'AUC macro OVO': 0.7575477478515431}
AVGP:{'avg_precision': 0.8601196527823567}


METRICS_PER_CLASSES
CLASS:0
ACC:0.791
PREC:0.688715953307393
REC:0.5784313725490197
TNR:0.8847262247838616
FPR:0.311284046692607
FPDR:0.311284046692607
F1:0.6287744227353463
BACC:0
CLSFE:0.311284046692607
MCC:0.48843668186043404
GMEAN:0.7153694182251864
SAMPLES:257
AUC:{}
AVGP:{}
CLASS:1
ACC:0.791
PREC:0.8263795423956931
REC:0.8847262247838616
TNR:0.5784313725490197
FPR:0.17362045760430686
FPDR:0.17362045760430686
F1:0.8545581071677105
BACC:0
CLSFE:0.17362045760430686
MCC:0.48843668186043404
GMEAN:0.7153694182251864
SAMPLES:743
AUC:{}
AVGP:{}
