

GENERAL_METRICS
ACC:0.808
PREC:0.7835073423308717
REC:0.7498363721365124
TNR:0.7498363721365124
FPR:0.21649265766912826
FPDR:0.21649265766912826
F1:0.7624221066229787
BACC:0.0
CLSFE:0.192
MCC:0.5322797981588604
GMEAN:0.7340480600510454
SAMPLES:1000.0
AUC:{'AUC macro OVO': 0.7835073423308718}
AVGP:{'avg_precision': 0.8770130977292102}


METRICS_PER_CLASSES
CLASS:0
ACC:0.808
PREC:0.7341269841269841
REC:0.5967741935483871
TNR:0.9028985507246376
FPR:0.26587301587301587
FPDR:0.26587301587301587
F1:0.6583629893238434
BACC:0
CLSFE:0.26587301587301587
MCC:0.5322797981588604
GMEAN:0.7340480600510454
SAMPLES:252
AUC:{}
AVGP:{}
CLASS:1
ACC:0.808
PREC:0.8328877005347594
REC:0.9028985507246376
TNR:0.5967741935483871
FPR:0.16711229946524064
FPDR:0.16711229946524064
F1:0.866481223922114
BACC:0
CLSFE:0.16711229946524064
MCC:0.5322797981588604
GMEAN:0.7340480600510454
SAMPLES:748
AUC:{}
AVGP:{}
