

GENERAL_METRICS
ACC:0.853
PREC:0.6005620723362659
REC:0.651384162604617
TNR:0.651384162604617
FPR:0.3994379276637341
FPDR:0.3994379276637341
F1:0.6169630642954856
BACC:0.0
CLSFE:0.147
MCC:0.24676713809103937
GMEAN:0.6048639418227498
SAMPLES:2000.0
AUC:{'AUC macro OVO': 0.6005620723362659}
AVGP:{'avg_precision': 0.8917111548879586}


METRICS_PER_CLASSES
CLASS:0
ACC:0.853
PREC:0.25757575757575757
REC:0.40963855421686746
TNR:0.8931297709923665
FPR:0.7424242424242424
FPDR:0.7424242424242424
F1:0.31627906976744186
BACC:0
CLSFE:0.7424242424242424
MCC:0.24676713809103937
GMEAN:0.6048639418227498
SAMPLES:264
AUC:{}
AVGP:{}
CLASS:1
ACC:0.853
PREC:0.9435483870967742
REC:0.8931297709923665
TNR:0.40963855421686746
FPR:0.056451612903225805
FPDR:0.056451612903225805
F1:0.9176470588235294
BACC:0
CLSFE:0.056451612903225805
MCC:0.24676713809103937
GMEAN:0.6048639418227498
SAMPLES:1736
AUC:{}
AVGP:{}
