

GENERAL_METRICS
ACC:0.8545
PREC:0.5972893113208187
REC:0.6412443667800976
TNR:0.6412443667800976
FPR:0.40271068867918125
FPDR:0.40271068867918125
F1:0.6121135214427245
BACC:0.0
CLSFE:0.1455
MCC:0.23444886156243808
GMEAN:0.5880567351976131
SAMPLES:2000.0
AUC:{'AUC macro OVO': 0.5972893113208187}
AVGP:{'avg_precision': 0.8955776183380888}


METRICS_PER_CLASSES
CLASS:0
ACC:0.8545
PREC:0.25296442687747034
REC:0.3855421686746988
TNR:0.8969465648854962
FPR:0.7470355731225297
FPDR:0.7470355731225297
F1:0.3054892601431981
BACC:0
CLSFE:0.7470355731225297
MCC:0.23444886156243808
GMEAN:0.5880567351976131
SAMPLES:253
AUC:{}
AVGP:{}
CLASS:1
ACC:0.8545
PREC:0.9416141957641672
REC:0.8969465648854962
TNR:0.3855421686746988
FPR:0.05838580423583286
FPDR:0.05838580423583286
F1:0.9187377827422508
BACC:0
CLSFE:0.05838580423583286
MCC:0.23444886156243808
GMEAN:0.5880567351976131
SAMPLES:1747
AUC:{}
AVGP:{}
