

GENERAL_METRICS
ACC:0.8505
PREC:0.5993226777522935
REC:0.6374279064434052
TNR:0.6374279064434052
FPR:0.4006773222477064
FPDR:0.4006773222477064
F1:0.612822440241604
BACC:0.0
CLSFE:0.1495
MCC:0.23366392674823117
GMEAN:0.5824832751048789
SAMPLES:2000.0
AUC:{'AUC macro OVO': 0.5993226777522935}
AVGP:{'avg_precision': 0.894790495553755}


METRICS_PER_CLASSES
CLASS:0
ACC:0.8505
PREC:0.26171875
REC:0.3785310734463277
TNR:0.8963247394404827
FPR:0.73828125
FPDR:0.73828125
F1:0.3094688221709007
BACC:0
CLSFE:0.73828125
MCC:0.23366392674823117
GMEAN:0.5824832751048789
SAMPLES:256
AUC:{}
AVGP:{}
CLASS:1
ACC:0.8505
PREC:0.9369266055045872
REC:0.8963247394404827
TNR:0.3785310734463277
FPR:0.06307339449541284
FPDR:0.06307339449541284
F1:0.9161760583123073
BACC:0
CLSFE:0.06307339449541284
MCC:0.23366392674823117
GMEAN:0.5824832751048789
SAMPLES:1744
AUC:{}
AVGP:{}
