

GENERAL_METRICS
ACC:0.851
PREC:0.5873418088394519
REC:0.660955520202656
TNR:0.660955520202656
FPR:0.41265819116054814
FPDR:0.41265819116054814
F1:0.6052760550918064
BACC:0.0
CLSFE:0.149
MCC:0.23713410785625016
GMEAN:0.622828557843433
SAMPLES:2000.0
AUC:{'AUC macro OVO': 0.5873418088394519}
AVGP:{'avg_precision': 0.8811517478136487}


METRICS_PER_CLASSES
CLASS:0
ACC:0.851
PREC:0.2206405693950178
REC:0.4397163120567376
TNR:0.8821947283485745
FPR:0.7793594306049823
FPDR:0.7793594306049823
F1:0.2938388625592417
BACC:0
CLSFE:0.7793594306049823
MCC:0.23713410785625016
GMEAN:0.622828557843433
SAMPLES:281
AUC:{}
AVGP:{}
CLASS:1
ACC:0.851
PREC:0.954043048283886
REC:0.8821947283485745
TNR:0.4397163120567376
FPR:0.04595695171611402
FPDR:0.04595695171611402
F1:0.9167132476243711
BACC:0
CLSFE:0.04595695171611402
MCC:0.23713410785625016
GMEAN:0.622828557843433
SAMPLES:1719
AUC:{}
AVGP:{}
