

GENERAL_METRICS
ACC:0.8578181818181818
PREC:0.5896800035745738
REC:0.5988393889714947
TNR:0.5988393889714947
FPR:0.4103199964254262
FPDR:0.4103199964254262
F1:0.5938484806476969
BACC:0.0
CLSFE:0.1421818181818182
MCC:0.1882967525611882
GMEAN:0.5079964730066913
SAMPLES:2750.0
AUC:{'AUC macro OVO': 0.5896800035745737}
AVGP:{'avg_precision': 0.9146047850173065}


METRICS_PER_CLASSES
CLASS:0
ACC:0.8578181818181818
PREC:0.2526690391459075
REC:0.28174603174603174
TNR:0.9159327461969575
FPR:0.7473309608540926
FPDR:0.7473309608540926
F1:0.26641651031894936
BACC:0
CLSFE:0.7473309608540926
MCC:0.1882967525611882
GMEAN:0.5079964730066913
SAMPLES:281
AUC:{}
AVGP:{}
CLASS:1
ACC:0.8578181818181818
PREC:0.9266909680032401
REC:0.9159327461969575
TNR:0.28174603174603174
FPR:0.07330903199675982
FPDR:0.07330903199675982
F1:0.9212804509764445
BACC:0
CLSFE:0.07330903199675982
MCC:0.1882967525611882
GMEAN:0.5079964730066913
SAMPLES:2469
AUC:{}
AVGP:{}
