

GENERAL_METRICS
ACC:0.8818181818181818
PREC:0.6157111443902317
REC:0.6090031417283551
TNR:0.6090031417283551
FPR:0.3842888556097683
FPDR:0.3842888556097683
F1:0.6121972480865867
BACC:0.0
CLSFE:0.11818181818181818
MCC:0.22461414266709553
GMEAN:0.5122680855576767
SAMPLES:2750.0
AUC:{'AUC macro OVO': 0.6157111443902317}
AVGP:{'avg_precision': 0.9370876494699527}


METRICS_PER_CLASSES
CLASS:0
ACC:0.8818181818181818
PREC:0.2986425339366516
REC:0.2796610169491525
TNR:0.9383452665075577
FPR:0.7013574660633484
FPDR:0.7013574660633484
F1:0.2888402625820569
BACC:0
CLSFE:0.7013574660633484
MCC:0.22461414266709553
GMEAN:0.5122680855576767
SAMPLES:221
AUC:{}
AVGP:{}
CLASS:1
ACC:0.8818181818181818
PREC:0.9327797548438118
REC:0.9383452665075577
TNR:0.2796610169491525
FPR:0.06722024515618821
FPDR:0.06722024515618821
F1:0.9355542335911164
BACC:0
CLSFE:0.06722024515618821
MCC:0.22461414266709553
GMEAN:0.5122680855576767
SAMPLES:2529
AUC:{}
AVGP:{}
