

GENERAL_METRICS
ACC:0.8727272727272727
PREC:0.5715597479026671
REC:0.5745467194225836
TNR:0.5745467194225836
FPR:0.42844025209733294
FPDR:0.42844025209733294
F1:0.5729972796044868
BACC:0.0
CLSFE:0.12727272727272726
MCC:0.14607593160888532
GMEAN:0.452250629371147
SAMPLES:2750.0
AUC:{'AUC macro OVO': 0.5715597479026671}
AVGP:{'avg_precision': 0.9281132684679858}


METRICS_PER_CLASSES
CLASS:0
ACC:0.8727272727272727
PREC:0.21052631578947367
REC:0.22018348623853212
TNR:0.9289099526066351
FPR:0.7894736842105263
FPDR:0.7894736842105263
F1:0.21524663677130046
BACC:0
CLSFE:0.7894736842105263
MCC:0.14607593160888532
GMEAN:0.452250629371147
SAMPLES:228
AUC:{}
AVGP:{}
CLASS:1
ACC:0.8727272727272727
PREC:0.9325931800158604
REC:0.9289099526066351
TNR:0.22018348623853212
FPR:0.06740681998413957
FPDR:0.06740681998413957
F1:0.9307479224376731
BACC:0
CLSFE:0.06740681998413957
MCC:0.14607593160888532
GMEAN:0.452250629371147
SAMPLES:2522
AUC:{}
AVGP:{}
