

GENERAL_METRICS
ACC:0.8745454545454545
PREC:0.6110607005803512
REC:0.6033999999999999
TNR:0.6033999999999999
FPR:0.3889392994196488
FPDR:0.3889392994196488
F1:0.6070027450780588
BACC:0.0
CLSFE:0.12545454545454546
MCC:0.21432383385903042
GMEAN:0.5042475582489221
SAMPLES:2750.0
AUC:{'AUC macro OVO': 0.6110607005803512}
AVGP:{'avg_precision': 0.933441683207622}


METRICS_PER_CLASSES
CLASS:0
ACC:0.8745454545454545
PREC:0.2943722943722944
REC:0.272
TNR:0.9348
FPR:0.7056277056277056
FPDR:0.7056277056277056
F1:0.28274428274428276
BACC:0
CLSFE:0.7056277056277056
MCC:0.21432383385903042
GMEAN:0.5042475582489221
SAMPLES:231
AUC:{}
AVGP:{}
CLASS:1
ACC:0.8745454545454545
PREC:0.927749106788408
REC:0.9348
TNR:0.272
FPR:0.07225089321159191
FPDR:0.07225089321159191
F1:0.931261207411835
BACC:0
CLSFE:0.07225089321159191
MCC:0.21432383385903042
GMEAN:0.5042475582489221
SAMPLES:2519
AUC:{}
AVGP:{}
