

GENERAL_METRICS
ACC:0.866
PREC:0.6089289683130089
REC:0.6118409637827114
TNR:0.6118409637827114
FPR:0.3910710316869911
FPDR:0.3910710316869911
F1:0.6103518464669963
BACC:0.0
CLSFE:0.134
MCC:0.22075072638596993
GMEAN:0.5258999774477312
SAMPLES:2500.0
AUC:{'AUC macro OVO': 0.6089289683130089}
AVGP:{'avg_precision': 0.9230166607083483}


METRICS_PER_CLASSES
CLASS:0
ACC:0.866
PREC:0.29045643153526973
REC:0.29914529914529914
TNR:0.9245366284201235
FPR:0.7095435684647303
FPDR:0.7095435684647303
F1:0.29473684210526313
BACC:0
CLSFE:0.7095435684647303
MCC:0.22075072638596993
GMEAN:0.5258999774477312
SAMPLES:241
AUC:{}
AVGP:{}
CLASS:1
ACC:0.866
PREC:0.9274015050907481
REC:0.9245366284201235
TNR:0.29914529914529914
FPR:0.07259849490925188
FPDR:0.07259849490925188
F1:0.9259668508287293
BACC:0
CLSFE:0.07259849490925188
MCC:0.22075072638596993
GMEAN:0.5258999774477312
SAMPLES:2259
AUC:{}
AVGP:{}
