

GENERAL_METRICS
ACC:0.8572
PREC:0.6167412232420191
REC:0.6131998823791369
TNR:0.6131998823791369
FPR:0.3832587767579809
FPDR:0.3832587767579809
F1:0.6149217913708828
BACC:0.0
CLSFE:0.1428
MCC:0.22991383377076832
GMEAN:0.529643615096216
SAMPLES:2500.0
AUC:{'AUC macro OVO': 0.6167412232420191}
AVGP:{'avg_precision': 0.9202766685601302}


METRICS_PER_CLASSES
CLASS:0
ACC:0.8572
PREC:0.31496062992125984
REC:0.3041825095057034
TNR:0.9222172552525704
FPR:0.6850393700787402
FPDR:0.6850393700787402
F1:0.30947775628626695
BACC:0
CLSFE:0.6850393700787402
MCC:0.22991383377076832
GMEAN:0.529643615096216
SAMPLES:254
AUC:{}
AVGP:{}
CLASS:1
ACC:0.8572
PREC:0.9185218165627783
REC:0.9222172552525704
TNR:0.3041825095057034
FPR:0.08147818343722173
FPDR:0.08147818343722173
F1:0.9203658264554986
BACC:0
CLSFE:0.08147818343722173
MCC:0.22991383377076832
GMEAN:0.529643615096216
SAMPLES:2246
AUC:{}
AVGP:{}
