

GENERAL_METRICS
ACC:0.8544
PREC:0.5827784729965866
REC:0.5785718008018099
TNR:0.5785718008018099
FPR:0.4172215270034134
FPDR:0.4172215270034134
F1:0.5805678466076696
BACC:0.0
CLSFE:0.1456
MCC:0.16129542697752844
GMEAN:0.4653799792422007
SAMPLES:2500.0
AUC:{'AUC macro OVO': 0.5827784729965866}
AVGP:{'avg_precision': 0.92103140146814}


METRICS_PER_CLASSES
CLASS:0
ACC:0.8544
PREC:0.24892703862660945
REC:0.23481781376518218
TNR:0.9223257878384377
FPR:0.7510729613733905
FPDR:0.7510729613733905
F1:0.24166666666666667
BACC:0
CLSFE:0.7510729613733905
MCC:0.16129542697752844
GMEAN:0.4653799792422007
SAMPLES:233
AUC:{}
AVGP:{}
CLASS:1
ACC:0.8544
PREC:0.9166299073665637
REC:0.9223257878384377
TNR:0.23481781376518218
FPR:0.08337009263343625
FPDR:0.08337009263343625
F1:0.9194690265486726
BACC:0
CLSFE:0.08337009263343625
MCC:0.16129542697752844
GMEAN:0.4653799792422007
SAMPLES:2267
AUC:{}
AVGP:{}
