

GENERAL_METRICS
ACC:0.8548
PREC:0.5916114242890127
REC:0.5886666666666667
TNR:0.5886666666666667
FPR:0.40838857571098736
FPDR:0.40838857571098736
F1:0.5900934045012487
BACC:0.0
CLSFE:0.1452
MCC:0.1802540387374714
GMEAN:0.485655570680841
SAMPLES:2500.0
AUC:{'AUC macro OVO': 0.5916114242890127}
AVGP:{'avg_precision': 0.9198732182381585}


METRICS_PER_CLASSES
CLASS:0
ACC:0.8548
PREC:0.26556016597510373
REC:0.256
TNR:0.9213333333333333
FPR:0.7344398340248963
FPDR:0.7344398340248963
F1:0.2606924643584521
BACC:0
CLSFE:0.7344398340248963
MCC:0.1802540387374714
GMEAN:0.485655570680841
SAMPLES:241
AUC:{}
AVGP:{}
CLASS:1
ACC:0.8548
PREC:0.9176626826029216
REC:0.9213333333333333
TNR:0.256
FPR:0.08233731739707835
FPDR:0.08233731739707835
F1:0.9194943446440452
BACC:0
CLSFE:0.08233731739707835
MCC:0.1802540387374714
GMEAN:0.485655570680841
SAMPLES:2259
AUC:{}
AVGP:{}
