

GENERAL_METRICS
ACC:0.8665454545454545
PREC:0.5551706251302936
REC:0.5630108736407949
TNR:0.5630108736407949
FPR:0.4448293748697064
FPDR:0.4448293748697064
F1:0.5585645046934096
BACC:0.0
CLSFE:0.13345454545454546
MCC:0.1179211480400118
GMEAN:0.4343258225514379
SAMPLES:2750.0
AUC:{'AUC macro OVO': 0.5551706251302936}
AVGP:{'avg_precision': 0.9206187890799106}


METRICS_PER_CLASSES
CLASS:0
ACC:0.8665454545454545
PREC:0.17695473251028807
REC:0.20476190476190476
TNR:0.9212598425196851
FPR:0.823045267489712
FPDR:0.823045267489712
F1:0.18984547461368653
BACC:0
CLSFE:0.823045267489712
MCC:0.1179211480400118
GMEAN:0.4343258225514379
SAMPLES:243
AUC:{}
AVGP:{}
CLASS:1
ACC:0.8665454545454545
PREC:0.9333865177502991
REC:0.9212598425196851
TNR:0.20476190476190476
FPR:0.06661348224970083
FPDR:0.06661348224970083
F1:0.9272835347731325
BACC:0
CLSFE:0.06661348224970083
MCC:0.1179211480400118
GMEAN:0.4343258225514379
SAMPLES:2507
AUC:{}
AVGP:{}
