

GENERAL_METRICS
ACC:0.8643636363636363
PREC:0.5528
REC:0.5621388181196794
TNR:0.5621388181196794
FPR:0.4472
FPDR:0.4472
F1:0.5566852895580856
BACC:0.0
CLSFE:0.13563636363636364
MCC:0.11455879881910547
GMEAN:0.43471955655611033
SAMPLES:2750.0
AUC:{'AUC macro OVO': 0.5528}
AVGP:{'avg_precision': 0.9179088547815821}


METRICS_PER_CLASSES
CLASS:0
ACC:0.8643636363636363
PREC:0.172
REC:0.20574162679425836
TNR:0.9185360094451004
FPR:0.828
FPDR:0.828
F1:0.18736383442265794
BACC:0
CLSFE:0.828
MCC:0.11455879881910547
GMEAN:0.43471955655611033
SAMPLES:250
AUC:{}
AVGP:{}
CLASS:1
ACC:0.8643636363636363
PREC:0.9336
REC:0.9185360094451004
TNR:0.20574162679425836
FPR:0.0664
FPDR:0.0664
F1:0.9260067446935132
BACC:0
CLSFE:0.0664
MCC:0.11455879881910547
GMEAN:0.43471955655611033
SAMPLES:2500
AUC:{}
AVGP:{}
