

GENERAL_METRICS
ACC:0.868
PREC:0.5457724876286019
REC:0.5530048853418276
TNR:0.5530048853418276
FPR:0.45422751237139813
FPDR:0.45422751237139813
F1:0.5488198809417811
BACC:0.0
CLSFE:0.132
MCC:0.098512242052737
GMEAN:0.4119569619702261
SAMPLES:2750.0
AUC:{'AUC macro OVO': 0.5457724876286019}
AVGP:{'avg_precision': 0.9214247074828126}


METRICS_PER_CLASSES
CLASS:0
ACC:0.868
PREC:0.15677966101694915
REC:0.18407960199004975
TNR:0.9219301686936053
FPR:0.8432203389830508
FPDR:0.8432203389830508
F1:0.16933638443935928
BACC:0
CLSFE:0.8432203389830508
MCC:0.098512242052737
GMEAN:0.4119569619702261
SAMPLES:236
AUC:{}
AVGP:{}
CLASS:1
ACC:0.868
PREC:0.9347653142402546
REC:0.9219301686936053
TNR:0.18407960199004975
FPR:0.06523468575974542
FPDR:0.06523468575974542
F1:0.928303377444203
BACC:0
CLSFE:0.06523468575974542
MCC:0.098512242052737
GMEAN:0.4119569619702261
SAMPLES:2514
AUC:{}
AVGP:{}
