

GENERAL_METRICS
ACC:0.8741818181818182
PREC:0.5487320226151378
REC:0.5628950362266634
TNR:0.5628950362266634
FPR:0.45126797738486224
FPDR:0.45126797738486224
F1:0.5540401199850019
BACC:0.0
CLSFE:0.12581818181818183
MCC:0.1107249263314755
GMEAN:0.4339889295706682
SAMPLES:2750.0
AUC:{'AUC macro OVO': 0.5487320226151378}
AVGP:{'avg_precision': 0.9208953858833441}


METRICS_PER_CLASSES
CLASS:0
ACC:0.8741818181818182
PREC:0.15481171548117154
REC:0.20441988950276244
TNR:0.9213701829505644
FPR:0.8451882845188284
FPDR:0.8451882845188284
F1:0.1761904761904762
BACC:0
CLSFE:0.8451882845188284
MCC:0.1107249263314755
GMEAN:0.4339889295706682
SAMPLES:239
AUC:{}
AVGP:{}
CLASS:1
ACC:0.8741818181818182
PREC:0.942652329749104
REC:0.9213701829505644
TNR:0.20441988950276244
FPR:0.05734767025089606
FPDR:0.05734767025089606
F1:0.9318897637795276
BACC:0
CLSFE:0.05734767025089606
MCC:0.1107249263314755
GMEAN:0.4339889295706682
SAMPLES:2511
AUC:{}
AVGP:{}
