

GENERAL_METRICS
ACC:0.864
PREC:0.7620699262171663
REC:0.7604653116337242
TNR:0.7604653116337242
FPR:0.23793007378283368
FPDR:0.23793007378283368
F1:0.7612627794629816
BACC:0.0
CLSFE:0.136
MCC:0.5225327740993145
GMEAN:0.7438390121118318
SAMPLES:1500.0
AUC:{'AUC macro OVO': 0.7620699262171664}
AVGP:{'avg_precision': 0.9111606199120122}


METRICS_PER_CLASSES
CLASS:0
ACC:0.864
PREC:0.6070038910505836
REC:0.6023166023166023
TNR:0.9186140209508461
FPR:0.39299610894941633
FPDR:0.39299610894941633
F1:0.6046511627906976
BACC:0
CLSFE:0.39299610894941633
MCC:0.5225327740993145
GMEAN:0.7438390121118318
SAMPLES:257
AUC:{}
AVGP:{}
CLASS:1
ACC:0.864
PREC:0.917135961383749
REC:0.9186140209508461
TNR:0.6023166023166023
FPR:0.08286403861625101
FPDR:0.08286403861625101
F1:0.9178743961352657
BACC:0
CLSFE:0.08286403861625101
MCC:0.5225327740993145
GMEAN:0.7438390121118318
SAMPLES:1243
AUC:{}
AVGP:{}
