

GENERAL_METRICS
ACC:0.8493333333333334
PREC:0.724968982630273
REC:0.7366672757648534
TNR:0.7366672757648534
FPR:0.27503101736972707
FPDR:0.27503101736972707
F1:0.7305212148962149
BACC:0.0
CLSFE:0.15066666666666667
MCC:0.46148801176497445
GMEAN:0.7174895796156578
SAMPLES:1500.0
AUC:{'AUC macro OVO': 0.7249689826302729}
AVGP:{'avg_precision': 0.8971426186562564}


METRICS_PER_CLASSES
CLASS:0
ACC:0.8493333333333334
PREC:0.5346153846153846
REC:0.569672131147541
TNR:0.9036624203821656
FPR:0.4653846153846154
FPDR:0.4653846153846154
F1:0.5515873015873016
BACC:0
CLSFE:0.4653846153846154
MCC:0.46148801176497445
GMEAN:0.7174895796156578
SAMPLES:260
AUC:{}
AVGP:{}
CLASS:1
ACC:0.8493333333333334
PREC:0.9153225806451613
REC:0.9036624203821656
TNR:0.569672131147541
FPR:0.0846774193548387
FPDR:0.0846774193548387
F1:0.9094551282051282
BACC:0
CLSFE:0.0846774193548387
MCC:0.46148801176497445
GMEAN:0.7174895796156578
SAMPLES:1240
AUC:{}
AVGP:{}
