

GENERAL_METRICS
ACC:0.8646666666666667
PREC:0.7423611111111111
REC:0.7482631067270529
TNR:0.7482631067270529
FPR:0.25763888888888886
FPDR:0.25763888888888886
F1:0.7452460571702986
BACC:0.0
CLSFE:0.13533333333333333
MCC:0.49058871733567166
GMEAN:0.728959970218411
SAMPLES:1500.0
AUC:{'AUC macro OVO': 0.7423611111111111}
AVGP:{'avg_precision': 0.9111282995702885}


METRICS_PER_CLASSES
CLASS:0
ACC:0.8646666666666667
PREC:0.5625
REC:0.5793991416309013
TNR:0.9171270718232044
FPR:0.4375
FPDR:0.4375
F1:0.5708245243128964
BACC:0
CLSFE:0.4375
MCC:0.49058871733567166
GMEAN:0.728959970218411
SAMPLES:240
AUC:{}
AVGP:{}
CLASS:1
ACC:0.8646666666666667
PREC:0.9222222222222223
REC:0.9171270718232044
TNR:0.5793991416309013
FPR:0.07777777777777778
FPDR:0.07777777777777778
F1:0.9196675900277008
BACC:0
CLSFE:0.07777777777777778
MCC:0.49058871733567166
GMEAN:0.728959970218411
SAMPLES:1260
AUC:{}
AVGP:{}
