

GENERAL_METRICS
ACC:0.86
PREC:0.7496348724862375
REC:0.7543498168498168
TNR:0.7543498168498168
FPR:0.2503651275137625
FPDR:0.2503651275137625
F1:0.7519489723600283
BACC:0.0
CLSFE:0.14
MCC:0.5039626339172455
GMEAN:0.7373785365923707
SAMPLES:1500.0
AUC:{'AUC macro OVO': 0.7496348724862375}
AVGP:{'avg_precision': 0.9064429580081754}


METRICS_PER_CLASSES
CLASS:0
ACC:0.86
PREC:0.5813953488372093
REC:0.5952380952380952
TNR:0.9134615384615384
FPR:0.4186046511627907
FPDR:0.4186046511627907
F1:0.5882352941176471
BACC:0
CLSFE:0.4186046511627907
MCC:0.5039626339172455
GMEAN:0.7373785365923707
SAMPLES:258
AUC:{}
AVGP:{}
CLASS:1
ACC:0.86
PREC:0.9178743961352657
REC:0.9134615384615384
TNR:0.5952380952380952
FPR:0.0821256038647343
FPDR:0.0821256038647343
F1:0.9156626506024096
BACC:0
CLSFE:0.0821256038647343
MCC:0.5039626339172455
GMEAN:0.7373785365923707
SAMPLES:1242
AUC:{}
AVGP:{}
