

GENERAL_METRICS
ACC:0.93725
PREC:0.5082002138218826
REC:0.5842245989304813
TNR:0.5842245989304813
FPR:0.4917997861781174
FPDR:0.4917997861781174
F1:0.5029405226748731
BACC:0.0
CLSFE:0.06275
MCC:0.05256081126817774
GMEAN:0.46249729006288026
SAMPLES:4000.0
AUC:{'AUC macro OVO': 0.5082002138218826}
AVGP:{'avg_precision': 0.9411722828722022}


METRICS_PER_CLASSES
CLASS:0
ACC:0.93725
PREC:0.02092050209205021
REC:0.22727272727272727
TNR:0.9411764705882353
FPR:0.9790794979079498
FPDR:0.9790794979079498
F1:0.038314176245210725
BACC:0
CLSFE:0.9790794979079498
MCC:0.05256081126817774
GMEAN:0.46249729006288026
SAMPLES:239
AUC:{}
AVGP:{}
CLASS:1
ACC:0.93725
PREC:0.9954799255517149
REC:0.9411764705882353
TNR:0.22727272727272727
FPR:0.00452007444828503
FPDR:0.00452007444828503
F1:0.9675668691045355
BACC:0
CLSFE:0.00452007444828503
MCC:0.05256081126817774
GMEAN:0.46249729006288026
SAMPLES:3761
AUC:{}
AVGP:{}
