

GENERAL_METRICS
ACC:0.93775
PREC:0.5105053191489362
REC:0.6134527698991132
TNR:0.6134527698991132
FPR:0.48949468085106385
FPDR:0.48949468085106385
F1:0.5069011559603323
BACC:0.0
CLSFE:0.06225
MCC:0.06904658010708431
GMEAN:0.5185670514804482
SAMPLES:4000.0
AUC:{'AUC macro OVO': 0.5105053191489362}
AVGP:{'avg_precision': 0.9411865017405207}


METRICS_PER_CLASSES
CLASS:0
ACC:0.93775
PREC:0.025
REC:0.2857142857142857
TNR:0.9411912540839407
FPR:0.975
FPDR:0.975
F1:0.04597701149425287
BACC:0
CLSFE:0.975
MCC:0.06904658010708431
GMEAN:0.5185670514804482
SAMPLES:240
AUC:{}
AVGP:{}
CLASS:1
ACC:0.93775
PREC:0.9960106382978723
REC:0.9411912540839407
TNR:0.2857142857142857
FPR:0.003989361702127659
FPDR:0.003989361702127659
F1:0.9678253004264117
BACC:0
CLSFE:0.003989361702127659
MCC:0.06904658010708431
GMEAN:0.5185670514804482
SAMPLES:3760
AUC:{}
AVGP:{}
