

GENERAL_METRICS
ACC:0.93075
PREC:0.5067703065646458
REC:0.5639444853083504
TNR:0.5639444853083504
FPR:0.49322969343535417
FPDR:0.49322969343535417
F1:0.49946490630100504
BACC:0.0
CLSFE:0.06925
MCC:0.04161364048751434
GMEAN:0.42416916035691027
SAMPLES:4000.0
AUC:{'AUC macro OVO': 0.5067703065646458}
AVGP:{'avg_precision': 0.9355766094551734}


METRICS_PER_CLASSES
CLASS:0
ACC:0.93075
PREC:0.019157088122605363
REC:0.19230769230769232
TNR:0.9355812783090085
FPR:0.9808429118773946
FPDR:0.9808429118773946
F1:0.03484320557491289
BACC:0
CLSFE:0.9808429118773946
MCC:0.04161364048751434
GMEAN:0.42416916035691027
SAMPLES:261
AUC:{}
AVGP:{}
CLASS:1
ACC:0.93075
PREC:0.9943835250066863
REC:0.9355812783090085
TNR:0.19230769230769232
FPR:0.00561647499331372
FPDR:0.00561647499331372
F1:0.9640866070270971
BACC:0
CLSFE:0.00561647499331372
MCC:0.04161364048751434
GMEAN:0.42416916035691027
SAMPLES:3739
AUC:{}
AVGP:{}
