

GENERAL_METRICS
ACC:0.9265
PREC:0.5076472236491851
REC:0.5659949622166247
TNR:0.5659949622166247
FPR:0.4923527763508149
FPDR:0.4923527763508149
F1:0.5005020464125344
BACC:0.0
CLSFE:0.0735
MCC:0.04493008950759158
GMEAN:0.43173832918406707
SAMPLES:4000.0
AUC:{'AUC macro OVO': 0.507647223649185}
AVGP:{'avg_precision': 0.9319835446839481}


METRICS_PER_CLASSES
CLASS:0
ACC:0.9265
PREC:0.021739130434782608
REC:0.2
TNR:0.9319899244332494
FPR:0.9782608695652174
FPDR:0.9782608695652174
F1:0.0392156862745098
BACC:0
CLSFE:0.9782608695652174
MCC:0.04493008950759158
GMEAN:0.43173832918406707
SAMPLES:276
AUC:{}
AVGP:{}
CLASS:1
ACC:0.9265
PREC:0.9935553168635876
REC:0.9319899244332494
TNR:0.2
FPR:0.00644468313641246
FPDR:0.00644468313641246
F1:0.9617884065505589
BACC:0
CLSFE:0.00644468313641246
MCC:0.04493008950759158
GMEAN:0.43173832918406707
SAMPLES:3724
AUC:{}
AVGP:{}
