

GENERAL_METRICS
ACC:0.8874285714285715
PREC:0.7900020996733546
REC:0.7697985282772536
TNR:0.7697985282772536
FPR:0.2099979003266454
FPDR:0.2099979003266454
F1:0.7792717086834734
BACC:0.0
CLSFE:0.11257142857142857
MCC:0.5594359290899521
GMEAN:0.7505067225765559
SAMPLES:1750.0
AUC:{'AUC macro OVO': 0.7900020996733547}
AVGP:{'avg_precision': 0.9348571753991627}


METRICS_PER_CLASSES
CLASS:0
ACC:0.8874285714285715
PREC:0.6533864541832669
REC:0.5985401459854015
TNR:0.9410569105691057
FPR:0.3466135458167331
FPDR:0.3466135458167331
F1:0.6247619047619047
BACC:0
CLSFE:0.3466135458167331
MCC:0.5594359290899521
GMEAN:0.7505067225765559
SAMPLES:251
AUC:{}
AVGP:{}
CLASS:1
ACC:0.8874285714285715
PREC:0.9266177451634423
REC:0.9410569105691057
TNR:0.5985401459854015
FPR:0.0733822548365577
FPDR:0.0733822548365577
F1:0.933781512605042
BACC:0
CLSFE:0.0733822548365577
MCC:0.5594359290899521
GMEAN:0.7505067225765559
SAMPLES:1499
AUC:{}
AVGP:{}
