

GENERAL_METRICS
ACC:0.8857142857142857
PREC:0.7624658138626282
REC:0.7678215472235406
TNR:0.7678215472235406
FPR:0.23753418613737182
FPDR:0.23753418613737182
F1:0.7650981487049526
BACC:0.0
CLSFE:0.11428571428571428
MCC:0.5302603147963267
GMEAN:0.750159428893088
SAMPLES:1750.0
AUC:{'AUC macro OVO': 0.7624658138626281}
AVGP:{'avg_precision': 0.9267088712519309}


METRICS_PER_CLASSES
CLASS:0
ACC:0.8857142857142857
PREC:0.5896414342629482
REC:0.6040816326530613
TNR:0.9315614617940199
FPR:0.4103585657370518
FPDR:0.4103585657370518
F1:0.5967741935483871
BACC:0
CLSFE:0.4103585657370518
MCC:0.5302603147963267
GMEAN:0.750159428893088
SAMPLES:251
AUC:{}
AVGP:{}
CLASS:1
ACC:0.8857142857142857
PREC:0.9352901934623082
REC:0.9315614617940199
TNR:0.6040816326530613
FPR:0.06470980653769179
FPDR:0.06470980653769179
F1:0.933422103861518
BACC:0
CLSFE:0.06470980653769179
MCC:0.5302603147963267
GMEAN:0.750159428893088
SAMPLES:1499
AUC:{}
AVGP:{}
