

GENERAL_METRICS
ACC:0.8697142857142857
PREC:0.7536889249121932
REC:0.7414644036951319
TNR:0.7414644036951319
FPR:0.2463110750878068
FPDR:0.2463110750878068
F1:0.7473045822102427
BACC:0.0
CLSFE:0.13028571428571428
MCC:0.49500240394560435
GMEAN:0.7175689158899586
SAMPLES:1750.0
AUC:{'AUC macro OVO': 0.7536889249121932}
AVGP:{'avg_precision': 0.922001461401056}


METRICS_PER_CLASSES
CLASS:0
ACC:0.8697142857142857
PREC:0.5891472868217055
REC:0.5547445255474452
TNR:0.9281842818428184
FPR:0.4108527131782946
FPDR:0.4108527131782946
F1:0.5714285714285714
BACC:0
CLSFE:0.4108527131782946
MCC:0.49500240394560435
GMEAN:0.7175689158899586
SAMPLES:258
AUC:{}
AVGP:{}
CLASS:1
ACC:0.8697142857142857
PREC:0.9182305630026809
REC:0.9281842818428184
TNR:0.5547445255474452
FPR:0.08176943699731903
FPDR:0.08176943699731903
F1:0.9231805929919138
BACC:0
CLSFE:0.08176943699731903
MCC:0.49500240394560435
GMEAN:0.7175689158899586
SAMPLES:1492
AUC:{}
AVGP:{}
