

GENERAL_METRICS
ACC:0.8782857142857143
PREC:0.752187089783009
REC:0.729
TNR:0.729
FPR:0.247812910216991
FPDR:0.247812910216991
F1:0.7396580877807973
BACC:0.0
CLSFE:0.12171428571428572
MCC:0.4806281038820308
GMEAN:0.6983981672369995
SAMPLES:1750.0
AUC:{'AUC macro OVO': 0.752187089783009}
AVGP:{'avg_precision': 0.9328582655065956}


METRICS_PER_CLASSES
CLASS:0
ACC:0.8782857142857143
PREC:0.5829596412556054
REC:0.52
TNR:0.938
FPR:0.4170403587443946
FPDR:0.4170403587443946
F1:0.5496828752642706
BACC:0
CLSFE:0.4170403587443946
MCC:0.4806281038820308
GMEAN:0.6983981672369995
SAMPLES:223
AUC:{}
AVGP:{}
CLASS:1
ACC:0.8782857142857143
PREC:0.9214145383104125
REC:0.938
TNR:0.52
FPR:0.07858546168958742
FPDR:0.07858546168958742
F1:0.929633300297324
BACC:0
CLSFE:0.07858546168958742
MCC:0.4806281038820308
GMEAN:0.6983981672369995
SAMPLES:1527
AUC:{}
AVGP:{}
