

GENERAL_METRICS
ACC:0.8973333333333333
PREC:0.7268860181137634
REC:0.7294279029841954
TNR:0.7294279029841954
FPR:0.2731139818862366
FPDR:0.2731139818862366
F1:0.7281464530892447
BACC:0.0
CLSFE:0.10266666666666667
MCC:0.4563068412911422
GMEAN:0.697794988705567
SAMPLES:2250.0
AUC:{'AUC macro OVO': 0.7268860181137634}
AVGP:{'avg_precision': 0.9391783133842976}


METRICS_PER_CLASSES
CLASS:0
ACC:0.8973333333333333
PREC:0.5104602510460251
REC:0.5169491525423728
TNR:0.9419066534260179
FPR:0.4895397489539749
FPDR:0.4895397489539749
F1:0.5136842105263157
BACC:0
CLSFE:0.4895397489539749
MCC:0.4563068412911422
GMEAN:0.697794988705567
SAMPLES:239
AUC:{}
AVGP:{}
CLASS:1
ACC:0.8973333333333333
PREC:0.9433117851815017
REC:0.9419066534260179
TNR:0.5169491525423728
FPR:0.05668821481849826
FPDR:0.05668821481849826
F1:0.9426086956521739
BACC:0
CLSFE:0.05668821481849826
MCC:0.4563068412911422
GMEAN:0.697794988705567
SAMPLES:2011
AUC:{}
AVGP:{}
