

GENERAL_METRICS
ACC:0.8897777777777778
PREC:0.7103936311366652
REC:0.7243486955045371
TNR:0.7243486955045371
FPR:0.2896063688633348
FPDR:0.2896063688633348
F1:0.7170293559223018
BACC:0.0
CLSFE:0.11022222222222222
MCC:0.43451829277015974
GMEAN:0.6933663796674446
SAMPLES:2250.0
AUC:{'AUC macro OVO': 0.7103936311366652}
AVGP:{'avg_precision': 0.9312050369341138}


METRICS_PER_CLASSES
CLASS:0
ACC:0.8897777777777778
PREC:0.47843137254901963
REC:0.5147679324894515
TNR:0.9339294585196225
FPR:0.5215686274509804
FPDR:0.5215686274509804
F1:0.4959349593495935
BACC:0
CLSFE:0.5215686274509804
MCC:0.43451829277015974
GMEAN:0.6933663796674446
SAMPLES:255
AUC:{}
AVGP:{}
CLASS:1
ACC:0.8897777777777778
PREC:0.9423558897243107
REC:0.9339294585196225
TNR:0.5147679324894515
FPR:0.05764411027568922
FPDR:0.05764411027568922
F1:0.93812375249501
BACC:0
CLSFE:0.05764411027568922
MCC:0.43451829277015974
GMEAN:0.6933663796674446
SAMPLES:1995
AUC:{}
AVGP:{}
