

GENERAL_METRICS
ACC:0.8928888888888888
PREC:0.7315717227179135
REC:0.7162888769665314
TNR:0.7162888769665314
FPR:0.2684282772820865
FPDR:0.2684282772820865
F1:0.7235363486608146
BACC:0.0
CLSFE:0.10711111111111112
MCC:0.4475997669519614
GMEAN:0.6789994039890281
SAMPLES:2250.0
AUC:{'AUC macro OVO': 0.7315717227179135}
AVGP:{'avg_precision': 0.941238247103526}


METRICS_PER_CLASSES
CLASS:0
ACC:0.8928888888888888
PREC:0.5276595744680851
REC:0.4881889763779528
TNR:0.9443887775551102
FPR:0.4723404255319149
FPDR:0.4723404255319149
F1:0.5071574642126789
BACC:0
CLSFE:0.4723404255319149
MCC:0.4475997669519614
GMEAN:0.6789994039890281
SAMPLES:235
AUC:{}
AVGP:{}
CLASS:1
ACC:0.8928888888888888
PREC:0.9354838709677419
REC:0.9443887775551102
TNR:0.4881889763779528
FPR:0.06451612903225806
FPDR:0.06451612903225806
F1:0.9399152331089504
BACC:0
CLSFE:0.06451612903225806
MCC:0.4475997669519614
GMEAN:0.6789994039890281
SAMPLES:2015
AUC:{}
AVGP:{}
