

GENERAL_METRICS
ACC:0.8968888888888888
PREC:0.7328820249742731
REC:0.7496172335451582
TNR:0.7496172335451582
FPR:0.2671179750257269
FPDR:0.2671179750257269
F1:0.7408122408122408
BACC:0.0
CLSFE:0.10311111111111111
MCC:0.48220894565104244
GMEAN:0.7257544819075911
SAMPLES:2250.0
AUC:{'AUC macro OVO': 0.7328820249742731}
AVGP:{'avg_precision': 0.9343879594521534}


METRICS_PER_CLASSES
CLASS:0
ACC:0.8968888888888888
PREC:0.5190839694656488
REC:0.5619834710743802
TNR:0.9372509960159362
FPR:0.48091603053435117
FPDR:0.48091603053435117
F1:0.5396825396825397
BACC:0
CLSFE:0.48091603053435117
MCC:0.48220894565104244
GMEAN:0.7257544819075911
SAMPLES:262
AUC:{}
AVGP:{}
CLASS:1
ACC:0.8968888888888888
PREC:0.9466800804828974
REC:0.9372509960159362
TNR:0.5619834710743802
FPR:0.05331991951710262
FPDR:0.05331991951710262
F1:0.9419419419419419
BACC:0
CLSFE:0.05331991951710262
MCC:0.48220894565104244
GMEAN:0.7257544819075911
SAMPLES:1988
AUC:{}
AVGP:{}
