

GENERAL_METRICS
ACC:0.8128
PREC:0.7255542831695136
REC:0.712120078975709
TNR:0.712120078975709
FPR:0.27444571683048635
FPDR:0.27444571683048635
F1:0.7182960232066291
BACC:0.0
CLSFE:0.1872
MCC:0.43746813533891427
GMEAN:0.6891850752642383
SAMPLES:1250.0
AUC:{'AUC macro OVO': 0.7255542831695135}
AVGP:{'avg_precision': 0.8794664279378429}


METRICS_PER_CLASSES
CLASS:0
ACC:0.8128
PREC:0.5793650793650794
REC:0.5328467153284672
TNR:0.8913934426229508
FPR:0.42063492063492064
FPDR:0.42063492063492064
F1:0.5551330798479087
BACC:0
CLSFE:0.42063492063492064
MCC:0.43746813533891427
GMEAN:0.6891850752642383
SAMPLES:252
AUC:{}
AVGP:{}
CLASS:1
ACC:0.8128
PREC:0.8717434869739479
REC:0.8913934426229508
TNR:0.5328467153284672
FPR:0.1282565130260521
FPDR:0.1282565130260521
F1:0.8814589665653495
BACC:0
CLSFE:0.1282565130260521
MCC:0.43746813533891427
GMEAN:0.6891850752642383
SAMPLES:998
AUC:{}
AVGP:{}
