

GENERAL_METRICS
ACC:0.9245
PREC:0.5717085337609121
REC:0.6376068376068376
TNR:0.6376068376068376
FPR:0.42829146623908787
FPDR:0.42829146623908787
F1:0.5909876429511731
BACC:0.0
CLSFE:0.0755
MCC:0.19867143287611608
GMEAN:0.5589214277455843
SAMPLES:4000.0
AUC:{'AUC macro OVO': 0.5717085337609121}
AVGP:{'avg_precision': 0.9442364896965378}


METRICS_PER_CLASSES
CLASS:0
ACC:0.9245
PREC:0.16666666666666666
REC:0.33076923076923076
TNR:0.9444444444444444
FPR:0.8333333333333334
FPDR:0.8333333333333334
F1:0.22164948453608246
BACC:0
CLSFE:0.8333333333333334
MCC:0.19867143287611608
GMEAN:0.5589214277455843
SAMPLES:258
AUC:{}
AVGP:{}
CLASS:1
ACC:0.9245
PREC:0.9767504008551576
REC:0.9444444444444444
TNR:0.33076923076923076
FPR:0.023249599144842332
FPDR:0.023249599144842332
F1:0.9603258013662638
BACC:0
CLSFE:0.023249599144842332
MCC:0.19867143287611608
GMEAN:0.5589214277455843
SAMPLES:3742
AUC:{}
AVGP:{}
