

GENERAL_METRICS
ACC:0.9165
PREC:0.5746502098533719
REC:0.6106896022116419
TNR:0.6106896022116419
FPR:0.42534979014662805
FPDR:0.42534979014662805
F1:0.5877581448622816
BACC:0.0
CLSFE:0.0835
MCC:0.18180211256952242
GMEAN:0.511115878197979
SAMPLES:4000.0
AUC:{'AUC macro OVO': 0.5746502098533719}
AVGP:{'avg_precision': 0.9445993538172993}


METRICS_PER_CLASSES
CLASS:0
ACC:0.9165
PREC:0.1821705426356589
REC:0.27647058823529413
TNR:0.9449086161879896
FPR:0.8178294573643411
FPDR:0.8178294573643411
F1:0.21962616822429906
BACC:0
CLSFE:0.8178294573643411
MCC:0.18180211256952242
GMEAN:0.511115878197979
SAMPLES:258
AUC:{}
AVGP:{}
CLASS:1
ACC:0.9165
PREC:0.967129877071085
REC:0.9449086161879896
TNR:0.27647058823529413
FPR:0.032870122928915016
FPDR:0.032870122928915016
F1:0.9558901215002641
BACC:0
CLSFE:0.032870122928915016
MCC:0.18180211256952242
GMEAN:0.511115878197979
SAMPLES:3742
AUC:{}
AVGP:{}
