

GENERAL_METRICS
ACC:0.9205
PREC:0.5794665065614547
REC:0.6313998014466033
TNR:0.6313998014466033
FPR:0.4205334934385453
FPDR:0.4205334934385453
F1:0.5968232716650438
BACC:0.0
CLSFE:0.0795
MCC:0.20437106628708812
GMEAN:0.5482337131428082
SAMPLES:4000.0
AUC:{'AUC macro OVO': 0.5794665065614547}
AVGP:{'avg_precision': 0.9443335772756754}


METRICS_PER_CLASSES
CLASS:0
ACC:0.9205
PREC:0.18702290076335878
REC:0.3181818181818182
TNR:0.9446177847113885
FPR:0.8129770992366412
FPDR:0.8129770992366412
F1:0.23557692307692307
BACC:0
CLSFE:0.8129770992366412
MCC:0.20437106628708812
GMEAN:0.5482337131428082
SAMPLES:262
AUC:{}
AVGP:{}
CLASS:1
ACC:0.9205
PREC:0.9719101123595506
REC:0.9446177847113885
TNR:0.3181818181818182
FPR:0.028089887640449437
FPDR:0.028089887640449437
F1:0.9580696202531646
BACC:0
CLSFE:0.028089887640449437
MCC:0.20437106628708812
GMEAN:0.5482337131428082
SAMPLES:3738
AUC:{}
AVGP:{}
