

GENERAL_METRICS
ACC:0.798
PREC:0.7960797193162339
REC:0.800621380701412
TNR:0.800621380701412
FPR:0.20392028068376616
FPDR:0.20392028068376616
F1:0.7966325573153887
BACC:0.0
CLSFE:0.202
MCC:0.5966838158305711
GMEAN:0.8003594091478957
SAMPLES:500.0
AUC:{'AUC macro OVO': 0.7960797193162339}
AVGP:{'avg_precision': 0.7338633370132095}


METRICS_PER_CLASSES
CLASS:0
ACC:0.798
PREC:0.8494208494208494
REC:0.7801418439716312
TNR:0.8211009174311926
FPR:0.15057915057915058
FPDR:0.15057915057915058
F1:0.8133086876155268
BACC:0
CLSFE:0.15057915057915058
MCC:0.5966838158305711
GMEAN:0.8003594091478957
SAMPLES:259
AUC:{}
AVGP:{}
CLASS:1
ACC:0.798
PREC:0.7427385892116183
REC:0.8211009174311926
TNR:0.7801418439716312
FPR:0.2572614107883817
FPDR:0.2572614107883817
F1:0.7799564270152506
BACC:0
CLSFE:0.2572614107883817
MCC:0.5966838158305711
GMEAN:0.8003594091478957
SAMPLES:241
AUC:{}
AVGP:{}
