

GENERAL_METRICS
ACC:0.814
PREC:0.8117228987181337
REC:0.815422077922078
TNR:0.815422077922078
FPR:0.18827710128186614
FPDR:0.18827710128186614
F1:0.812614093838026
BACC:0.0
CLSFE:0.186
MCC:0.627134066845574
GMEAN:0.8153359597569135
SAMPLES:500.0
AUC:{'AUC macro OVO': 0.8117228987181339}
AVGP:{'avg_precision': 0.745289604909858}


METRICS_PER_CLASSES
CLASS:0
ACC:0.814
PREC:0.8555133079847909
REC:0.8035714285714286
TNR:0.8272727272727273
FPR:0.1444866920152091
FPDR:0.1444866920152091
F1:0.8287292817679558
BACC:0
CLSFE:0.1444866920152091
MCC:0.627134066845574
GMEAN:0.8153359597569135
SAMPLES:263
AUC:{}
AVGP:{}
CLASS:1
ACC:0.814
PREC:0.7679324894514767
REC:0.8272727272727273
TNR:0.8035714285714286
FPR:0.2320675105485232
FPDR:0.2320675105485232
F1:0.7964989059080962
BACC:0
CLSFE:0.2320675105485232
MCC:0.627134066845574
GMEAN:0.8153359597569135
SAMPLES:237
AUC:{}
AVGP:{}
