

GENERAL_METRICS
ACC:0.818
PREC:0.8173452403815377
REC:0.8199722450823772
TNR:0.8199722450823772
FPR:0.18265475961846234
FPDR:0.18265475961846234
F1:0.8174677359179368
BACC:0.0
CLSFE:0.182
MCC:0.6373120712212732
GMEAN:0.8196919656742732
SAMPLES:500.0
AUC:{'AUC macro OVO': 0.8173452403815377}
AVGP:{'avg_precision': 0.7632896386232584}


METRICS_PER_CLASSES
CLASS:0
ACC:0.818
PREC:0.8582677165354331
REC:0.7985347985347986
TNR:0.8414096916299559
FPR:0.14173228346456693
FPDR:0.14173228346456693
F1:0.8273244781783681
BACC:0
CLSFE:0.14173228346456693
MCC:0.6373120712212732
GMEAN:0.8196919656742732
SAMPLES:254
AUC:{}
AVGP:{}
CLASS:1
ACC:0.818
PREC:0.7764227642276422
REC:0.8414096916299559
TNR:0.7985347985347986
FPR:0.22357723577235772
FPDR:0.22357723577235772
F1:0.8076109936575053
BACC:0
CLSFE:0.22357723577235772
MCC:0.6373120712212732
GMEAN:0.8196919656742732
SAMPLES:246
AUC:{}
AVGP:{}
