

GENERAL_METRICS
ACC:0.752
PREC:0.7512456143161537
REC:0.7518265756724207
TNR:0.7518265756724207
FPR:0.24875438568384625
FPDR:0.24875438568384625
F1:0.751427288472641
BACC:0.0
CLSFE:0.248
MCC:0.5030718545335277
GMEAN:0.7518210195542533
SAMPLES:500.0
AUC:{'AUC macro OVO': 0.7512456143161538}
AVGP:{'avg_precision': 0.6769409375827667}


METRICS_PER_CLASSES
CLASS:0
ACC:0.752
PREC:0.7722007722007722
REC:0.7547169811320755
TNR:0.7489361702127659
FPR:0.2277992277992278
FPDR:0.2277992277992278
F1:0.7633587786259542
BACC:0
CLSFE:0.2277992277992278
MCC:0.5030718545335277
GMEAN:0.7518210195542533
SAMPLES:259
AUC:{}
AVGP:{}
CLASS:1
ACC:0.752
PREC:0.7302904564315352
REC:0.7489361702127659
TNR:0.7547169811320755
FPR:0.2697095435684647
FPDR:0.2697095435684647
F1:0.7394957983193278
BACC:0
CLSFE:0.2697095435684647
MCC:0.5030718545335277
GMEAN:0.7518210195542533
SAMPLES:241
AUC:{}
AVGP:{}
