

GENERAL_METRICS
ACC:0.9234285714285714
PREC:0.518683532735128
REC:0.5746225319396051
TNR:0.5746225319396051
FPR:0.48131646726487204
FPDR:0.48131646726487204
F1:0.5211197425278342
BACC:0.0
CLSFE:0.07657142857142857
MCC:0.07467831059341776
GMEAN:0.44760298486018735
SAMPLES:3500.0
AUC:{'AUC macro OVO': 0.518683532735128}
AVGP:{'avg_precision': 0.9349271594816788}


METRICS_PER_CLASSES
CLASS:0
ACC:0.9234285714285714
PREC:0.05084745762711865
REC:0.21428571428571427
TNR:0.9349593495934959
FPR:0.9491525423728814
FPDR:0.9491525423728814
F1:0.0821917808219178
BACC:0
CLSFE:0.9491525423728814
MCC:0.07467831059341776
GMEAN:0.44760298486018735
SAMPLES:236
AUC:{}
AVGP:{}
CLASS:1
ACC:0.9234285714285714
PREC:0.9865196078431373
REC:0.9349593495934959
TNR:0.21428571428571427
FPR:0.013480392156862746
FPDR:0.013480392156862746
F1:0.9600477042337507
BACC:0
CLSFE:0.013480392156862746
MCC:0.07467831059341776
GMEAN:0.44760298486018735
SAMPLES:3264
AUC:{}
AVGP:{}
