

GENERAL_METRICS
ACC:0.9185714285714286
PREC:0.5142311393660144
REC:0.5881502890173411
TNR:0.5881502890173411
FPR:0.4857688606339856
FPDR:0.4857688606339856
F1:0.5115023445438852
BACC:0.0
CLSFE:0.08142857142857143
MCC:0.0708372514475323
GMEAN:0.48122255195353275
SAMPLES:3500.0
AUC:{'AUC macro OVO': 0.5142311393660144}
AVGP:{'avg_precision': 0.9262818930540117}


METRICS_PER_CLASSES
CLASS:0
ACC:0.9185714285714286
PREC:0.03773584905660377
REC:0.25
TNR:0.9263005780346821
FPR:0.9622641509433962
FPDR:0.9622641509433962
F1:0.06557377049180328
BACC:0
CLSFE:0.9622641509433962
MCC:0.0708372514475323
GMEAN:0.48122255195353275
SAMPLES:265
AUC:{}
AVGP:{}
CLASS:1
ACC:0.9185714285714286
PREC:0.990726429675425
REC:0.9263005780346821
TNR:0.25
FPR:0.00927357032457496
FPDR:0.00927357032457496
F1:0.9574309185959672
BACC:0
CLSFE:0.00927357032457496
MCC:0.0708372514475323
GMEAN:0.48122255195353275
SAMPLES:3235
AUC:{}
AVGP:{}
