

GENERAL_METRICS
ACC:0.924
PREC:0.5194732187026849
REC:0.6025094696969697
TNR:0.6025094696969697
FPR:0.4805267812973151
FPDR:0.4805267812973151
F1:0.5215581479007143
BACC:0.0
CLSFE:0.076
MCC:0.08935746913393057
GMEAN:0.5042433575530406
SAMPLES:3500.0
AUC:{'AUC macro OVO': 0.5194732187026849}
AVGP:{'avg_precision': 0.9322663205724823}


METRICS_PER_CLASSES
CLASS:0
ACC:0.924
PREC:0.04878048780487805
REC:0.2727272727272727
TNR:0.9322916666666666
FPR:0.9512195121951219
FPDR:0.9512195121951219
F1:0.08275862068965517
BACC:0
CLSFE:0.9512195121951219
MCC:0.08935746913393057
GMEAN:0.5042433575530406
SAMPLES:246
AUC:{}
AVGP:{}
CLASS:1
ACC:0.924
PREC:0.9901659496004918
REC:0.9322916666666666
TNR:0.2727272727272727
FPR:0.009834050399508297
FPDR:0.009834050399508297
F1:0.9603576751117735
BACC:0
CLSFE:0.009834050399508297
MCC:0.08935746913393057
GMEAN:0.5042433575530406
SAMPLES:3254
AUC:{}
AVGP:{}
