

GENERAL_METRICS
ACC:0.92
PREC:0.5253209386243424
REC:0.6274785776379517
TNR:0.6274785776379517
FPR:0.4746790613756577
FPDR:0.4746790613756577
F1:0.5303490369279843
BACC:0.0
CLSFE:0.08
MCC:0.11362882099694667
GMEAN:0.5505993893207005
SAMPLES:3500.0
AUC:{'AUC macro OVO': 0.5253209386243423}
AVGP:{'avg_precision': 0.9283901543359985}


METRICS_PER_CLASSES
CLASS:0
ACC:0.92
PREC:0.060836501901140684
REC:0.32653061224489793
TNR:0.9284265430310055
FPR:0.9391634980988594
FPDR:0.9391634980988594
F1:0.10256410256410256
BACC:0
CLSFE:0.9391634980988594
MCC:0.11362882099694667
GMEAN:0.5505993893207005
SAMPLES:263
AUC:{}
AVGP:{}
CLASS:1
ACC:0.92
PREC:0.989805375347544
REC:0.9284265430310055
TNR:0.32653061224489793
FPR:0.010194624652455977
FPDR:0.010194624652455977
F1:0.9581339712918661
BACC:0
CLSFE:0.010194624652455977
MCC:0.11362882099694667
GMEAN:0.5505993893207005
SAMPLES:3237
AUC:{}
AVGP:{}
