

GENERAL_METRICS
ACC:0.9328571428571428
PREC:0.6696127445145419
REC:0.7457587076072877
TNR:0.7457587076072877
FPR:0.33038725548545805
FPDR:0.33038725548545805
F1:0.6990238859767086
BACC:0.0
CLSFE:0.06714285714285714
MCC:0.408332261207066
GMEAN:0.7165017032516318
SAMPLES:3500.0
AUC:{'AUC macro OVO': 0.6696127445145419}
AVGP:{'avg_precision': 0.9520399597155287}


METRICS_PER_CLASSES
CLASS:0
ACC:0.9328571428571428
PREC:0.3629032258064516
REC:0.5389221556886228
TNR:0.9525952595259526
FPR:0.6370967741935484
FPDR:0.6370967741935484
F1:0.43373493975903615
BACC:0
CLSFE:0.6370967741935484
MCC:0.408332261207066
GMEAN:0.7165017032516318
SAMPLES:248
AUC:{}
AVGP:{}
CLASS:1
ACC:0.9328571428571428
PREC:0.9763222632226323
REC:0.9525952595259526
TNR:0.5389221556886228
FPR:0.023677736777367772
FPDR:0.023677736777367772
F1:0.9643128321943811
BACC:0
CLSFE:0.023677736777367772
MCC:0.408332261207066
GMEAN:0.7165017032516318
SAMPLES:3252
AUC:{}
AVGP:{}
