

GENERAL_METRICS
ACC:0.9365714285714286
PREC:0.6669458848557372
REC:0.740691326217642
TNR:0.740691326217642
FPR:0.3330541151442627
FPDR:0.3330541151442627
F1:0.6956526507596541
BACC:0.0
CLSFE:0.06342857142857143
MCC:0.40091109454593626
GMEAN:0.7087855874352669
SAMPLES:3500.0
AUC:{'AUC macro OVO': 0.6669458848557372}
AVGP:{'avg_precision': 0.9552560801503341}


METRICS_PER_CLASSES
CLASS:0
ACC:0.9365714285714286
PREC:0.3565217391304348
REC:0.5256410256410257
TNR:0.9557416267942583
FPR:0.6434782608695652
FPDR:0.6434782608695652
F1:0.42487046632124353
BACC:0
CLSFE:0.6434782608695652
MCC:0.40091109454593626
GMEAN:0.7087855874352669
SAMPLES:230
AUC:{}
AVGP:{}
CLASS:1
ACC:0.9365714285714286
PREC:0.9773700305810398
REC:0.9557416267942583
TNR:0.5256410256410257
FPR:0.022629969418960245
FPDR:0.022629969418960245
F1:0.9664348351980647
BACC:0
CLSFE:0.022629969418960245
MCC:0.40091109454593626
GMEAN:0.7087855874352669
SAMPLES:3270
AUC:{}
AVGP:{}
