

GENERAL_METRICS
ACC:0.9262857142857143
PREC:0.6640890534949018
REC:0.7378346720214191
TNR:0.7378346720214191
FPR:0.3359109465050983
FPDR:0.3359109465050983
F1:0.6923649267399268
BACC:0.0
CLSFE:0.07371428571428572
MCC:0.3951003225524628
GMEAN:0.707301989547372
SAMPLES:3500.0
AUC:{'AUC macro OVO': 0.6640890534949018}
AVGP:{'avg_precision': 0.947248201611254}


METRICS_PER_CLASSES
CLASS:0
ACC:0.9262857142857143
PREC:0.35447761194029853
REC:0.5277777777777778
TNR:0.9478915662650602
FPR:0.6455223880597015
FPDR:0.6455223880597015
F1:0.42410714285714285
BACC:0
CLSFE:0.6455223880597015
MCC:0.3951003225524628
GMEAN:0.707301989547372
SAMPLES:268
AUC:{}
AVGP:{}
CLASS:1
ACC:0.9262857142857143
PREC:0.973700495049505
REC:0.9478915662650602
TNR:0.5277777777777778
FPR:0.02629950495049505
FPDR:0.02629950495049505
F1:0.9606227106227107
BACC:0
CLSFE:0.02629950495049505
MCC:0.3951003225524628
GMEAN:0.707301989547372
SAMPLES:3232
AUC:{}
AVGP:{}
