

GENERAL_METRICS
ACC:0.9262857142857143
PREC:0.6496500915390454
REC:0.7143830839740786
TNR:0.7143830839740786
FPR:0.35034990846095454
FPDR:0.35034990846095454
F1:0.6747019722498808
BACC:0.0
CLSFE:0.07371428571428572
MCC:0.35823147902518965
GMEAN:0.6746763934915653
SAMPLES:3500.0
AUC:{'AUC macro OVO': 0.6496500915390455}
AVGP:{'avg_precision': 0.9486601667776868}


METRICS_PER_CLASSES
CLASS:0
ACC:0.9262857142857143
PREC:0.32669322709163345
REC:0.47953216374269003
TNR:0.9492340042054671
FPR:0.6733067729083665
FPDR:0.6733067729083665
F1:0.3886255924170616
BACC:0
CLSFE:0.6733067729083665
MCC:0.35823147902518965
GMEAN:0.6746763934915653
SAMPLES:251
AUC:{}
AVGP:{}
CLASS:1
ACC:0.9262857142857143
PREC:0.9726069559864574
REC:0.9492340042054671
TNR:0.47953216374269003
FPR:0.027393044013542627
FPDR:0.027393044013542627
F1:0.9607783520826999
BACC:0
CLSFE:0.027393044013542627
MCC:0.35823147902518965
GMEAN:0.6746763934915653
SAMPLES:3249
AUC:{}
AVGP:{}
