

GENERAL_METRICS
ACC:0.8655
PREC:0.6954567184999226
REC:0.69083213825076
TNR:0.69083213825076
FPR:0.30454328150007737
FPDR:0.30454328150007737
F1:0.6930973719893736
BACC:0.0
CLSFE:0.1345
MCC:0.38626117344002925
GMEAN:0.6499445104159011
SAMPLES:2000.0
AUC:{'AUC macro OVO': 0.6954567184999226}
AVGP:{'avg_precision': 0.9211555912332254}


METRICS_PER_CLASSES
CLASS:0
ACC:0.8655
PREC:0.46963562753036436
REC:0.4566929133858268
TNR:0.9249713631156931
FPR:0.5303643724696356
FPDR:0.5303643724696356
F1:0.4630738522954092
BACC:0
CLSFE:0.5303643724696356
MCC:0.38626117344002925
GMEAN:0.6499445104159011
SAMPLES:247
AUC:{}
AVGP:{}
CLASS:1
ACC:0.8655
PREC:0.9212778094694809
REC:0.9249713631156931
TNR:0.4566929133858268
FPR:0.07872219053051911
FPDR:0.07872219053051911
F1:0.9231208916833381
BACC:0
CLSFE:0.07872219053051911
MCC:0.38626117344002925
GMEAN:0.6499445104159011
SAMPLES:1753
AUC:{}
AVGP:{}
