

GENERAL_METRICS
ACC:0.866
PREC:0.7047671295653688
REC:0.7047671295653688
TNR:0.7047671295653688
FPR:0.29523287043463126
FPDR:0.29523287043463126
F1:0.7047671295653688
BACC:0.0
CLSFE:0.134
MCC:0.4095342591307375
GMEAN:0.6701458526089511
SAMPLES:2000.0
AUC:{'AUC macro OVO': 0.7047671295653687}
AVGP:{'avg_precision': 0.9188260347386894}


METRICS_PER_CLASSES
CLASS:0
ACC:0.866
PREC:0.48659003831417624
REC:0.48659003831417624
TNR:0.9229442208165612
FPR:0.5134099616858238
FPDR:0.5134099616858238
F1:0.48659003831417624
BACC:0
CLSFE:0.5134099616858238
MCC:0.4095342591307375
GMEAN:0.6701458526089511
SAMPLES:261
AUC:{}
AVGP:{}
CLASS:1
ACC:0.866
PREC:0.9229442208165612
REC:0.9229442208165612
TNR:0.48659003831417624
FPR:0.07705577918343876
FPDR:0.07705577918343876
F1:0.9229442208165612
BACC:0
CLSFE:0.07705577918343876
MCC:0.4095342591307375
GMEAN:0.6701458526089511
SAMPLES:1739
AUC:{}
AVGP:{}
