

GENERAL_METRICS
ACC:0.91975
PREC:0.5783966052890809
REC:0.6310097858459793
TNR:0.6310097858459793
FPR:0.4216033947109192
FPDR:0.4216033947109192
F1:0.595773757972371
BACC:0.0
CLSFE:0.08025
MCC:0.20268914593509194
GMEAN:0.5480073106086261
SAMPLES:4000.0
AUC:{'AUC macro OVO': 0.5783966052890808}
AVGP:{'avg_precision': 0.943554162046}


METRICS_PER_CLASSES
CLASS:0
ACC:0.91975
PREC:0.18490566037735848
REC:0.3181818181818182
TNR:0.9438377535101404
FPR:0.8150943396226416
FPDR:0.8150943396226416
F1:0.23389021479713604
BACC:0
CLSFE:0.8150943396226416
MCC:0.20268914593509194
GMEAN:0.5480073106086261
SAMPLES:265
AUC:{}
AVGP:{}
CLASS:1
ACC:0.91975
PREC:0.9718875502008032
REC:0.9438377535101404
TNR:0.3181818181818182
FPR:0.028112449799196786
FPDR:0.028112449799196786
F1:0.9576573011476058
BACC:0
CLSFE:0.028112449799196786
MCC:0.20268914593509194
GMEAN:0.5480073106086261
SAMPLES:3735
AUC:{}
AVGP:{}
