

GENERAL_METRICS
ACC:0.92475
PREC:0.5654623218804367
REC:0.6048799275695647
TNR:0.6048799275695647
FPR:0.4345376781195633
FPDR:0.4345376781195633
F1:0.5789289617486338
BACC:0.0
CLSFE:0.07525
MCC:0.165718841141926
GMEAN:0.4973186524154494
SAMPLES:4000.0
AUC:{'AUC macro OVO': 0.5654623218804367}
AVGP:{'avg_precision': 0.9489889145017101}


METRICS_PER_CLASSES
CLASS:0
ACC:0.92475
PREC:0.15879828326180256
REC:0.2605633802816901
TNR:0.9491964748574391
FPR:0.8412017167381974
FPDR:0.8412017167381974
F1:0.19733333333333333
BACC:0
CLSFE:0.8412017167381974
MCC:0.165718841141926
GMEAN:0.4973186524154494
SAMPLES:233
AUC:{}
AVGP:{}
CLASS:1
ACC:0.92475
PREC:0.9721263604990709
REC:0.9491964748574391
TNR:0.2605633802816901
FPR:0.02787363950092912
FPDR:0.02787363950092912
F1:0.9605245901639344
BACC:0
CLSFE:0.02787363950092912
MCC:0.165718841141926
GMEAN:0.4973186524154494
SAMPLES:3767
AUC:{}
AVGP:{}
