

GENERAL_METRICS
ACC:0.854
PREC:0.5801023097755384
REC:0.6299767613467405
TNR:0.6299767613467405
FPR:0.4198976902244616
FPDR:0.4198976902244616
F1:0.5944444444444444
BACC:0.0
CLSFE:0.146
MCC:0.20407291639037098
GMEAN:0.5726222979706014
SAMPLES:2000.0
AUC:{'AUC macro OVO': 0.5801023097755383}
AVGP:{'avg_precision': 0.8915894618204486}


METRICS_PER_CLASSES
CLASS:0
ACC:0.854
PREC:0.2134387351778656
REC:0.3673469387755102
TNR:0.8926065839179709
FPR:0.7865612648221344
FPDR:0.7865612648221344
F1:0.27
BACC:0
CLSFE:0.7865612648221344
MCC:0.20407291639037098
GMEAN:0.5726222979706014
SAMPLES:253
AUC:{}
AVGP:{}
CLASS:1
ACC:0.854
PREC:0.9467658843732112
REC:0.8926065839179709
TNR:0.3673469387755102
FPR:0.05323411562678878
FPDR:0.05323411562678878
F1:0.9188888888888889
BACC:0
CLSFE:0.05323411562678878
MCC:0.20407291639037098
GMEAN:0.5726222979706014
SAMPLES:1747
AUC:{}
AVGP:{}
