

GENERAL_METRICS
ACC:0.861
PREC:0.5901303088803088
REC:0.6204207471889736
TNR:0.6204207471889736
FPR:0.4098696911196911
FPDR:0.4098696911196911
F1:0.6014348345954563
BACC:0.0
CLSFE:0.139
MCC:0.20836083259326615
GMEAN:0.5500024730382624
SAMPLES:2000.0
AUC:{'AUC macro OVO': 0.5901303088803089}
AVGP:{'avg_precision': 0.906321853954063}


METRICS_PER_CLASSES
CLASS:0
ACC:0.861
PREC:0.24107142857142858
REC:0.3333333333333333
TNR:0.9075081610446137
FPR:0.7589285714285714
FPDR:0.7589285714285714
F1:0.27979274611398963
BACC:0
CLSFE:0.7589285714285714
MCC:0.20836083259326615
GMEAN:0.5500024730382624
SAMPLES:224
AUC:{}
AVGP:{}
CLASS:1
ACC:0.861
PREC:0.9391891891891891
REC:0.9075081610446137
TNR:0.3333333333333333
FPR:0.060810810810810814
FPDR:0.060810810810810814
F1:0.9230769230769231
BACC:0
CLSFE:0.060810810810810814
MCC:0.20836083259326615
GMEAN:0.5500024730382624
SAMPLES:1776
AUC:{}
AVGP:{}
