

GENERAL_METRICS
ACC:0.8555
PREC:0.5946977952126693
REC:0.6408880737911166
TNR:0.6408880737911166
FPR:0.40530220478733064
FPDR:0.40530220478733064
F1:0.6098367051857292
BACC:0.0
CLSFE:0.1445
MCC:0.23101333260033804
GMEAN:0.587627849192393
SAMPLES:2000.0
AUC:{'AUC macro OVO': 0.5946977952126693}
AVGP:{'avg_precision': 0.8953983031022481}


METRICS_PER_CLASSES
CLASS:0
ACC:0.8555
PREC:0.24603174603174602
REC:0.38509316770186336
TNR:0.8966829798803697
FPR:0.753968253968254
FPDR:0.753968253968254
F1:0.30024213075060535
BACC:0
CLSFE:0.753968253968254
MCC:0.23101333260033804
GMEAN:0.587627849192393
SAMPLES:252
AUC:{}
AVGP:{}
CLASS:1
ACC:0.8555
PREC:0.9433638443935927
REC:0.8966829798803697
TNR:0.38509316770186336
FPR:0.05663615560640732
FPDR:0.05663615560640732
F1:0.919431279620853
BACC:0
CLSFE:0.05663615560640732
MCC:0.23101333260033804
GMEAN:0.587627849192393
SAMPLES:1748
AUC:{}
AVGP:{}
