

GENERAL_METRICS
ACC:0.84
PREC:0.5769786019056174
REC:0.6400677135018388
TNR:0.6400677135018388
FPR:0.42302139809438255
FPDR:0.42302139809438255
F1:0.5914198161389173
BACC:0.0
CLSFE:0.16
MCC:0.20767490707823244
GMEAN:0.5955000243713904
SAMPLES:2000.0
AUC:{'AUC macro OVO': 0.5769786019056174}
AVGP:{'avg_precision': 0.8736619642793916}


METRICS_PER_CLASSES
CLASS:0
ACC:0.84
PREC:0.2054794520547945
REC:0.40540540540540543
TNR:0.8747300215982722
FPR:0.7945205479452054
FPDR:0.7945205479452054
F1:0.2727272727272727
BACC:0
CLSFE:0.7945205479452054
MCC:0.20767490707823244
GMEAN:0.5955000243713904
SAMPLES:292
AUC:{}
AVGP:{}
CLASS:1
ACC:0.84
PREC:0.9484777517564403
REC:0.8747300215982722
TNR:0.40540540540540543
FPR:0.05152224824355972
FPDR:0.05152224824355972
F1:0.9101123595505618
BACC:0
CLSFE:0.05152224824355972
MCC:0.20767490707823244
GMEAN:0.5955000243713904
SAMPLES:1708
AUC:{}
AVGP:{}
