

GENERAL_METRICS
ACC:0.8365714285714285
PREC:0.5210313519648178
REC:0.5875147579693034
TNR:0.5875147579693034
FPR:0.47896864803518224
FPDR:0.47896864803518224
F1:0.510903767751115
BACC:0.0
CLSFE:0.16342857142857142
MCC:0.08580334904811712
GMEAN:0.5238050516785229
SAMPLES:1750.0
AUC:{'AUC macro OVO': 0.5210313519648178}
AVGP:{'avg_precision': 0.8534575240980534}


METRICS_PER_CLASSES
CLASS:0
ACC:0.8365714285714285
PREC:0.06766917293233082
REC:0.32142857142857145
TNR:0.8536009445100354
FPR:0.9323308270676691
FPDR:0.9323308270676691
F1:0.11180124223602485
BACC:0
CLSFE:0.9323308270676691
MCC:0.08580334904811712
GMEAN:0.5238050516785229
SAMPLES:266
AUC:{}
AVGP:{}
CLASS:1
ACC:0.8365714285714285
PREC:0.9743935309973046
REC:0.8536009445100354
TNR:0.32142857142857145
FPR:0.025606469002695417
FPDR:0.025606469002695417
F1:0.9100062932662052
BACC:0
CLSFE:0.025606469002695417
MCC:0.08580334904811712
GMEAN:0.5238050516785229
SAMPLES:1484
AUC:{}
AVGP:{}
