

GENERAL_METRICS
ACC:0.8462857142857143
PREC:0.529306497115668
REC:0.6153977678987782
TNR:0.6153977678987782
FPR:0.470693502884332
FPDR:0.470693502884332
F1:0.5253478849622749
BACC:0.0
CLSFE:0.15371428571428572
MCC:0.11630828606905139
GMEAN:0.5636638314196001
SAMPLES:1750.0
AUC:{'AUC macro OVO': 0.529306497115668}
AVGP:{'avg_precision': 0.8621935846023959}


METRICS_PER_CLASSES
CLASS:0
ACC:0.8462857142857143
PREC:0.08267716535433071
REC:0.3684210526315789
TNR:0.8623744831659775
FPR:0.9173228346456693
FPDR:0.9173228346456693
F1:0.13504823151125403
BACC:0
CLSFE:0.9173228346456693
MCC:0.11630828606905139
GMEAN:0.5636638314196001
SAMPLES:254
AUC:{}
AVGP:{}
CLASS:1
ACC:0.8462857142857143
PREC:0.9759358288770054
REC:0.8623744831659775
TNR:0.3684210526315789
FPR:0.02406417112299465
FPDR:0.02406417112299465
F1:0.9156475384132957
BACC:0
CLSFE:0.02406417112299465
MCC:0.11630828606905139
GMEAN:0.5636638314196001
SAMPLES:1496
AUC:{}
AVGP:{}
