

GENERAL_METRICS
ACC:0.8502857142857143
PREC:0.5371826889811452
REC:0.6237763621967898
TNR:0.6237763621967898
FPR:0.4628173110188548
FPDR:0.4628173110188548
F1:0.5390366116526719
BACC:0.0
CLSFE:0.14971428571428572
MCC:0.13568106690000345
GMEAN:0.5736528506269819
SAMPLES:1750.0
AUC:{'AUC macro OVO': 0.5371826889811452}
AVGP:{'avg_precision': 0.8685103328123082}


METRICS_PER_CLASSES
CLASS:0
ACC:0.8502857142857143
PREC:0.1016260162601626
REC:0.3787878787878788
TNR:0.8687648456057007
FPR:0.8983739837398373
FPDR:0.8983739837398373
F1:0.16025641025641027
BACC:0
CLSFE:0.8983739837398373
MCC:0.13568106690000345
GMEAN:0.5736528506269819
SAMPLES:246
AUC:{}
AVGP:{}
CLASS:1
ACC:0.8502857142857143
PREC:0.9727393617021277
REC:0.8687648456057007
TNR:0.3787878787878788
FPR:0.02726063829787234
FPDR:0.02726063829787234
F1:0.9178168130489335
BACC:0
CLSFE:0.02726063829787234
MCC:0.13568106690000345
GMEAN:0.5736528506269819
SAMPLES:1504
AUC:{}
AVGP:{}
