

GENERAL_METRICS
ACC:0.8417142857142857
PREC:0.528538850064224
REC:0.5794415532274315
TNR:0.5794415532274315
FPR:0.471461149935776
FPDR:0.471461149935776
F1:0.5276128442530533
BACC:0.0
CLSFE:0.15828571428571428
MCC:0.09522962934773473
GMEAN:0.5026273869242324
SAMPLES:1750.0
AUC:{'AUC macro OVO': 0.5285388500642241}
AVGP:{'avg_precision': 0.8674771617698367}


METRICS_PER_CLASSES
CLASS:0
ACC:0.8417142857142857
PREC:0.0942622950819672
REC:0.2911392405063291
TNR:0.8677438659485338
FPR:0.9057377049180327
FPDR:0.9057377049180327
F1:0.14241486068111456
BACC:0
CLSFE:0.9057377049180327
MCC:0.09522962934773473
GMEAN:0.5026273869242324
SAMPLES:244
AUC:{}
AVGP:{}
CLASS:1
ACC:0.8417142857142857
PREC:0.9628154050464808
REC:0.8677438659485338
TNR:0.2911392405063291
FPR:0.03718459495351926
FPDR:0.03718459495351926
F1:0.9128108278249921
BACC:0
CLSFE:0.03718459495351926
MCC:0.09522962934773473
GMEAN:0.5026273869242324
SAMPLES:1506
AUC:{}
AVGP:{}
