

GENERAL_METRICS
ACC:0.9305882352941176
PREC:0.557943166751684
REC:0.6102943512517474
TNR:0.6102943512517474
FPR:0.4420568332483161
FPDR:0.4420568332483161
F1:0.573290122895848
BACC:0.0
CLSFE:0.06941176470588235
MCC:0.15988500850734938
GMEAN:0.5069451879254879
SAMPLES:4250.0
AUC:{'AUC macro OVO': 0.557943166751684}
AVGP:{'avg_precision': 0.9499563943114484}


METRICS_PER_CLASSES
CLASS:0
ACC:0.9305882352941176
PREC:0.13807531380753138
REC:0.27049180327868855
TNR:0.9500968992248062
FPR:0.8619246861924686
FPDR:0.8619246861924686
F1:0.18282548476454294
BACC:0
CLSFE:0.8619246861924686
MCC:0.15988500850734938
GMEAN:0.5069451879254879
SAMPLES:239
AUC:{}
AVGP:{}
CLASS:1
ACC:0.9305882352941176
PREC:0.9778110196958365
REC:0.9500968992248062
TNR:0.27049180327868855
FPR:0.02218898030416355
FPDR:0.02218898030416355
F1:0.9637547610271532
BACC:0
CLSFE:0.02218898030416355
MCC:0.15988500850734938
GMEAN:0.5069451879254879
SAMPLES:4011
AUC:{}
AVGP:{}
