

GENERAL_METRICS
ACC:0.9207058823529412
PREC:0.5752014300843791
REC:0.6441006331852751
TNR:0.6441006331852751
FPR:0.42479856991562087
FPDR:0.42479856991562087
F1:0.595270006971331
BACC:0.0
CLSFE:0.07929411764705882
MCC:0.20819772997414962
GMEAN:0.5714546841288232
SAMPLES:4250.0
AUC:{'AUC macro OVO': 0.5752014300843791}
AVGP:{'avg_precision': 0.9410207112169717}


METRICS_PER_CLASSES
CLASS:0
ACC:0.9207058823529412
PREC:0.17465753424657535
REC:0.3469387755102041
TNR:0.9412624908603461
FPR:0.8253424657534246
FPDR:0.8253424657534246
F1:0.23234624145785876
BACC:0
CLSFE:0.8253424657534246
MCC:0.20819772997414962
GMEAN:0.5714546841288232
SAMPLES:292
AUC:{}
AVGP:{}
CLASS:1
ACC:0.9207058823529412
PREC:0.9757453259221829
REC:0.9412624908603461
TNR:0.3469387755102041
FPR:0.02425467407781708
FPDR:0.02425467407781708
F1:0.9581937724848034
BACC:0
CLSFE:0.02425467407781708
MCC:0.20819772997414962
GMEAN:0.5714546841288232
SAMPLES:3958
AUC:{}
AVGP:{}
