

GENERAL_METRICS
ACC:0.9261176470588235
PREC:0.576423173898602
REC:0.638837651027881
TNR:0.638837651027881
FPR:0.4235768261013981
FPDR:0.4235768261013981
F1:0.5957942000329544
BACC:0.0
CLSFE:0.07388235294117647
MCC:0.2060137271948368
GMEAN:0.5597685711961295
SAMPLES:4250.0
AUC:{'AUC macro OVO': 0.5764231738986019}
AVGP:{'avg_precision': 0.9464681581299711}


METRICS_PER_CLASSES
CLASS:0
ACC:0.9261176470588235
PREC:0.17669172932330826
REC:0.33098591549295775
TNR:0.9466893865628043
FPR:0.8233082706766918
FPDR:0.8233082706766918
F1:0.23039215686274508
BACC:0
CLSFE:0.8233082706766918
MCC:0.2060137271948368
GMEAN:0.5597685711961295
SAMPLES:266
AUC:{}
AVGP:{}
CLASS:1
ACC:0.9261176470588235
PREC:0.9761546184738956
REC:0.9466893865628043
TNR:0.33098591549295775
FPR:0.02384538152610442
FPDR:0.02384538152610442
F1:0.9611962432031637
BACC:0
CLSFE:0.02384538152610442
MCC:0.2060137271948368
GMEAN:0.5597685711961295
SAMPLES:3984
AUC:{}
AVGP:{}
