

GENERAL_METRICS
ACC:0.928235294117647
PREC:0.5833848831263093
REC:0.6258603705876586
TNR:0.6258603705876586
FPR:0.4166151168736906
FPDR:0.4166151168736906
F1:0.5989696497755932
BACC:0.0
CLSFE:0.07176470588235294
MCC:0.20488877267128033
GMEAN:0.533948225864908
SAMPLES:4250.0
AUC:{'AUC macro OVO': 0.5833848831263093}
AVGP:{'avg_precision': 0.9521024756081319}


METRICS_PER_CLASSES
CLASS:0
ACC:0.928235294117647
PREC:0.19421487603305784
REC:0.29936305732484075
TNR:0.9523576838504765
FPR:0.8057851239669421
FPDR:0.8057851239669421
F1:0.23558897243107768
BACC:0
CLSFE:0.8057851239669421
MCC:0.20488877267128033
GMEAN:0.533948225864908
SAMPLES:242
AUC:{}
AVGP:{}
CLASS:1
ACC:0.928235294117647
PREC:0.9725548902195609
REC:0.9523576838504765
TNR:0.29936305732484075
FPR:0.027445109780439122
FPDR:0.027445109780439122
F1:0.9623503271201086
BACC:0
CLSFE:0.027445109780439122
MCC:0.20488877267128033
GMEAN:0.533948225864908
SAMPLES:4008
AUC:{}
AVGP:{}
