

GENERAL_METRICS
ACC:0.772
PREC:0.7738782051282052
REC:0.7748648996397324
TNR:0.7748648996397324
FPR:0.22612179487179485
FPDR:0.22612179487179485
F1:0.7719416170539658
BACC:0.0
CLSFE:0.228
MCC:0.548742217679938
GMEAN:0.7738425853403639
SAMPLES:500.0
AUC:{'AUC macro OVO': 0.7738782051282052}
AVGP:{'avg_precision': 0.7341916445623342}


METRICS_PER_CLASSES
CLASS:0
ACC:0.772
PREC:0.8208333333333333
REC:0.7350746268656716
TNR:0.8146551724137931
FPR:0.17916666666666667
FPDR:0.17916666666666667
F1:0.7755905511811023
BACC:0
CLSFE:0.17916666666666667
MCC:0.548742217679938
GMEAN:0.7738425853403639
SAMPLES:240
AUC:{}
AVGP:{}
CLASS:1
ACC:0.772
PREC:0.7269230769230769
REC:0.8146551724137931
TNR:0.7350746268656716
FPR:0.27307692307692305
FPDR:0.27307692307692305
F1:0.7682926829268293
BACC:0
CLSFE:0.27307692307692305
MCC:0.548742217679938
GMEAN:0.7738425853403639
SAMPLES:260
AUC:{}
AVGP:{}
