

GENERAL_METRICS
ACC:0.748
PREC:0.7489395758303321
REC:0.7506082921091219
TNR:0.7506082921091219
FPR:0.2510604241696679
FPDR:0.2510604241696679
F1:0.7477416874879876
BACC:0.0
CLSFE:0.252
MCC:0.49954508079735427
GMEAN:0.7499657576095142
SAMPLES:500.0
AUC:{'AUC macro OVO': 0.7489395758303321}
AVGP:{'avg_precision': 0.7006942375203357}


METRICS_PER_CLASSES
CLASS:0
ACC:0.748
PREC:0.7959183673469388
REC:0.7195571955719557
TNR:0.7816593886462883
FPR:0.20408163265306123
FPDR:0.20408163265306123
F1:0.7558139534883721
BACC:0
CLSFE:0.20408163265306123
MCC:0.49954508079735427
GMEAN:0.7499657576095142
SAMPLES:245
AUC:{}
AVGP:{}
CLASS:1
ACC:0.748
PREC:0.7019607843137254
REC:0.7816593886462883
TNR:0.7195571955719557
FPR:0.2980392156862745
FPDR:0.2980392156862745
F1:0.7396694214876033
BACC:0
CLSFE:0.2980392156862745
MCC:0.49954508079735427
GMEAN:0.7499657576095142
SAMPLES:255
AUC:{}
AVGP:{}
