

GENERAL_METRICS
ACC:0.728
PREC:0.7253562897770083
REC:0.7294165646674826
TNR:0.7294165646674826
FPR:0.2746437102229917
FPDR:0.2746437102229917
F1:0.725678139775056
BACC:0.0
CLSFE:0.272
MCC:0.45475472873561623
GMEAN:0.7293463816533572
SAMPLES:500.0
AUC:{'AUC macro OVO': 0.7253562897770082}
AVGP:{'avg_precision': 0.651991826408485}


METRICS_PER_CLASSES
CLASS:0
ACC:0.728
PREC:0.7854406130268199
REC:0.7192982456140351
TNR:0.7395348837209302
FPR:0.21455938697318008
FPDR:0.21455938697318008
F1:0.7509157509157509
BACC:0
CLSFE:0.21455938697318008
MCC:0.45475472873561623
GMEAN:0.7293463816533572
SAMPLES:261
AUC:{}
AVGP:{}
CLASS:1
ACC:0.728
PREC:0.6652719665271967
REC:0.7395348837209302
TNR:0.7192982456140351
FPR:0.33472803347280333
FPDR:0.33472803347280333
F1:0.7004405286343612
BACC:0
CLSFE:0.33472803347280333
MCC:0.45475472873561623
GMEAN:0.7293463816533572
SAMPLES:239
AUC:{}
AVGP:{}
