

GENERAL_METRICS
ACC:0.74
PREC:0.7417582417582418
REC:0.740906762295082
TNR:0.740906762295082
FPR:0.2582417582417582
FPDR:0.2582417582417582
F1:0.7398959583833533
BACC:0.0
CLSFE:0.26
MCC:0.482664252996344
GMEAN:0.7399428145826263
SAMPLES:500.0
AUC:{'AUC macro OVO': 0.7417582417582418}
AVGP:{'avg_precision': 0.7082060889929742}


METRICS_PER_CLASSES
CLASS:0
ACC:0.74
PREC:0.7692307692307693
REC:0.703125
TNR:0.7786885245901639
FPR:0.23076923076923078
FPDR:0.23076923076923078
F1:0.7346938775510204
BACC:0
CLSFE:0.23076923076923078
MCC:0.482664252996344
GMEAN:0.7399428145826263
SAMPLES:234
AUC:{}
AVGP:{}
CLASS:1
ACC:0.74
PREC:0.7142857142857143
REC:0.7786885245901639
TNR:0.703125
FPR:0.2857142857142857
FPDR:0.2857142857142857
F1:0.7450980392156863
BACC:0
CLSFE:0.2857142857142857
MCC:0.482664252996344
GMEAN:0.7399428145826263
SAMPLES:266
AUC:{}
AVGP:{}
