

GENERAL_METRICS
ACC:0.9033846153846153
PREC:0.5751443001443002
REC:0.6496608740635718
TNR:0.6496608740635718
FPR:0.4248556998556998
FPDR:0.4248556998556998
F1:0.5949760359167552
BACC:0.0
CLSFE:0.09661538461538462
MCC:0.21209584286818392
GMEAN:0.5878710069473608
SAMPLES:3250.0
AUC:{'AUC macro OVO': 0.5751443001443002}
AVGP:{'avg_precision': 0.9258383738640478}


METRICS_PER_CLASSES
CLASS:0
ACC:0.9033846153846153
PREC:0.17857142857142858
REC:0.373134328358209
TNR:0.9261874197689345
FPR:0.8214285714285714
FPDR:0.8214285714285714
F1:0.24154589371980675
BACC:0
CLSFE:0.8214285714285714
MCC:0.21209584286818392
GMEAN:0.5878710069473608
SAMPLES:280
AUC:{}
AVGP:{}
CLASS:1
ACC:0.9033846153846153
PREC:0.9717171717171718
REC:0.9261874197689345
TNR:0.373134328358209
FPR:0.028282828282828285
FPDR:0.028282828282828285
F1:0.9484061781137035
BACC:0
CLSFE:0.028282828282828285
MCC:0.21209584286818392
GMEAN:0.5878710069473608
SAMPLES:2970
AUC:{}
AVGP:{}
