

GENERAL_METRICS
ACC:0.9126153846153846
PREC:0.5626180518828303
REC:0.6034499215593175
TNR:0.6034499215593175
FPR:0.4373819481171697
FPDR:0.4373819481171697
F1:0.5757655983129903
BACC:0.0
CLSFE:0.08738461538461538
MCC:0.1609699668320283
GMEAN:0.501070224626762
SAMPLES:3250.0
AUC:{'AUC macro OVO': 0.5626180518828303}
AVGP:{'avg_precision': 0.9394597820298008}


METRICS_PER_CLASSES
CLASS:0
ACC:0.9126153846153846
PREC:0.15695067264573992
REC:0.26717557251908397
TNR:0.9397242705995511
FPR:0.8430493273542601
FPDR:0.8430493273542601
F1:0.1977401129943503
BACC:0
CLSFE:0.8430493273542601
MCC:0.1609699668320283
GMEAN:0.501070224626762
SAMPLES:223
AUC:{}
AVGP:{}
CLASS:1
ACC:0.9126153846153846
PREC:0.9682854311199207
REC:0.9397242705995511
TNR:0.26717557251908397
FPR:0.031714568880079286
FPDR:0.031714568880079286
F1:0.9537910836316303
BACC:0
CLSFE:0.031714568880079286
MCC:0.1609699668320283
GMEAN:0.501070224626762
SAMPLES:3027
AUC:{}
AVGP:{}
