

GENERAL_METRICS
ACC:0.9067692307692308
PREC:0.5624146260022637
REC:0.5940522243713733
TNR:0.5940522243713733
FPR:0.43758537399773634
FPDR:0.43758537399773634
F1:0.573400462923854
BACC:0.0
CLSFE:0.09323076923076923
MCC:0.15323490997576564
GMEAN:0.48427896112229224
SAMPLES:3250.0
AUC:{'AUC macro OVO': 0.5624146260022637}
AVGP:{'avg_precision': 0.9377897103846944}


METRICS_PER_CLASSES
CLASS:0
ACC:0.9067692307692308
PREC:0.1615720524017467
REC:0.25
TNR:0.9381044487427466
FPR:0.8384279475982532
FPDR:0.8384279475982532
F1:0.1962864721485411
BACC:0
CLSFE:0.8384279475982532
MCC:0.15323490997576564
GMEAN:0.48427896112229224
SAMPLES:229
AUC:{}
AVGP:{}
CLASS:1
ACC:0.9067692307692308
PREC:0.9632571996027806
REC:0.9381044487427466
TNR:0.25
FPR:0.036742800397219465
FPDR:0.036742800397219465
F1:0.9505144536991671
BACC:0
CLSFE:0.036742800397219465
MCC:0.15323490997576564
GMEAN:0.48427896112229224
SAMPLES:3021
AUC:{}
AVGP:{}
