

GENERAL_METRICS
ACC:0.9052307692307693
PREC:0.5708104560749998
REC:0.6183908045977011
TNR:0.6183908045977011
FPR:0.42918954392500025
FPDR:0.42918954392500025
F1:0.5858817533129459
BACC:0.0
CLSFE:0.09476923076923077
MCC:0.18312080022378013
GMEAN:0.5321826667645215
SAMPLES:3250.0
AUC:{'AUC macro OVO': 0.5708104560749998}
AVGP:{'avg_precision': 0.932977556621438}


METRICS_PER_CLASSES
CLASS:0
ACC:0.9052307692307693
PREC:0.1752988047808765
REC:0.30344827586206896
TNR:0.9333333333333333
FPR:0.8247011952191236
FPDR:0.8247011952191236
F1:0.2222222222222222
BACC:0
CLSFE:0.8247011952191236
MCC:0.18312080022378013
GMEAN:0.5321826667645215
SAMPLES:251
AUC:{}
AVGP:{}
CLASS:1
ACC:0.9052307692307693
PREC:0.966322107369123
REC:0.9333333333333333
TNR:0.30344827586206896
FPR:0.033677892630876956
FPDR:0.033677892630876956
F1:0.9495412844036697
BACC:0
CLSFE:0.033677892630876956
MCC:0.18312080022378013
GMEAN:0.5321826667645215
SAMPLES:2999
AUC:{}
AVGP:{}
