

GENERAL_METRICS
ACC:0.9134545454545454
PREC:0.5263374233962469
REC:0.6782790654893304
TNR:0.6782790654893304
FPR:0.47366257660375305
FPDR:0.47366257660375305
F1:0.5298956217444644
BACC:0.0
CLSFE:0.08654545454545455
MCC:0.1370461415798304
GMEAN:0.6341040390213297
SAMPLES:2750.0
AUC:{'AUC macro OVO': 0.5263374233962469}
AVGP:{'avg_precision': 0.9190284478621058}


METRICS_PER_CLASSES
CLASS:0
ACC:0.9134545454545454
PREC:0.05982905982905983
REC:0.4375
TNR:0.9190581309786607
FPR:0.9401709401709402
FPDR:0.9401709401709402
F1:0.10526315789473684
BACC:0
CLSFE:0.9401709401709402
MCC:0.1370461415798304
GMEAN:0.6341040390213297
SAMPLES:234
AUC:{}
AVGP:{}
CLASS:1
ACC:0.9134545454545454
PREC:0.9928457869634341
REC:0.9190581309786607
TNR:0.4375
FPR:0.007154213036565978
FPDR:0.007154213036565978
F1:0.9545280855941918
BACC:0
CLSFE:0.007154213036565978
MCC:0.1370461415798304
GMEAN:0.6341040390213297
SAMPLES:2516
AUC:{}
AVGP:{}
