

GENERAL_METRICS
ACC:0.9065454545454545
PREC:0.5235458340679444
REC:0.6412532991771464
TNR:0.6412532991771464
FPR:0.47645416593205564
FPDR:0.47645416593205564
F1:0.5244823468066139
BACC:0.0
CLSFE:0.09345454545454546
MCC:0.11534169660577727
GMEAN:0.5803174639371742
SAMPLES:2750.0
AUC:{'AUC macro OVO': 0.5235458340679444}
AVGP:{'avg_precision': 0.914048114855362}


METRICS_PER_CLASSES
CLASS:0
ACC:0.9065454545454545
PREC:0.05668016194331984
REC:0.3684210526315789
TNR:0.9140855457227138
FPR:0.9433198380566802
FPDR:0.9433198380566802
F1:0.09824561403508772
BACC:0
CLSFE:0.9433198380566802
MCC:0.11534169660577727
GMEAN:0.5803174639371742
SAMPLES:247
AUC:{}
AVGP:{}
CLASS:1
ACC:0.9065454545454545
PREC:0.9904115061925689
REC:0.9140855457227138
TNR:0.3684210526315789
FPR:0.009588493807431082
FPDR:0.009588493807431082
F1:0.95071907957814
BACC:0
CLSFE:0.009588493807431082
MCC:0.11534169660577727
GMEAN:0.5803174639371742
SAMPLES:2503
AUC:{}
AVGP:{}
