

GENERAL_METRICS
ACC:0.9116363636363637
PREC:0.5255565573784254
REC:0.6648293337953738
TNR:0.6648293337953738
FPR:0.4744434426215746
FPDR:0.4744434426215746
F1:0.528424716260932
BACC:0.0
CLSFE:0.08836363636363637
MCC:0.1298070926689156
GMEAN:0.6147815361362481
SAMPLES:2750.0
AUC:{'AUC macro OVO': 0.5255565573784254}
AVGP:{'avg_precision': 0.9178615241446046}


METRICS_PER_CLASSES
CLASS:0
ACC:0.9116363636363637
PREC:0.05907172995780591
REC:0.4117647058823529
TNR:0.9178939617083947
FPR:0.9409282700421941
FPDR:0.9409282700421941
F1:0.1033210332103321
BACC:0
CLSFE:0.9409282700421941
MCC:0.1298070926689156
GMEAN:0.6147815361362481
SAMPLES:237
AUC:{}
AVGP:{}
CLASS:1
ACC:0.9116363636363637
PREC:0.9920413847990449
REC:0.9178939617083947
TNR:0.4117647058823529
FPR:0.007958615200955034
FPDR:0.007958615200955034
F1:0.9535283993115319
BACC:0
CLSFE:0.007958615200955034
MCC:0.1298070926689156
GMEAN:0.6147815361362481
SAMPLES:2513
AUC:{}
AVGP:{}
