

GENERAL_METRICS
ACC:0.9101818181818182
PREC:0.5172265562275866
REC:0.6305174314716953
TNR:0.6305174314716953
FPR:0.48277344377241344
FPDR:0.48277344377241344
F1:0.5138529542066302
BACC:0.0
CLSFE:0.08981818181818182
MCC:0.0948338731029654
GMEAN:0.5620796595699219
SAMPLES:2750.0
AUC:{'AUC macro OVO': 0.5172265562275866}
AVGP:{'avg_precision': 0.9161864559186766}


METRICS_PER_CLASSES
CLASS:0
ACC:0.9101818181818182
PREC:0.04201680672268908
REC:0.3448275862068966
TNR:0.9162072767364939
FPR:0.957983193277311
FPDR:0.957983193277311
F1:0.0749063670411985
BACC:0
CLSFE:0.957983193277311
MCC:0.0948338731029654
GMEAN:0.5620796595699219
SAMPLES:238
AUC:{}
AVGP:{}
CLASS:1
ACC:0.9101818181818182
PREC:0.9924363057324841
REC:0.9162072767364939
TNR:0.3448275862068966
FPR:0.007563694267515924
FPDR:0.007563694267515924
F1:0.9527995413720619
BACC:0
CLSFE:0.007563694267515924
MCC:0.0948338731029654
GMEAN:0.5620796595699219
SAMPLES:2512
AUC:{}
AVGP:{}
