

GENERAL_METRICS
ACC:0.872
PREC:0.6179350598654602
REC:0.6465885723527645
TNR:0.6465885723527645
FPR:0.38206494013453984
FPDR:0.38206494013453984
F1:0.6297354436889321
BACC:0.0
CLSFE:0.128
MCC:0.26296716187399233
GMEAN:0.5870904836480759
SAMPLES:2250.0
AUC:{'AUC macro OVO': 0.6179350598654602}
AVGP:{'avg_precision': 0.9160692922605191}


METRICS_PER_CLASSES
CLASS:0
ACC:0.872
PREC:0.2946058091286307
REC:0.37566137566137564
TNR:0.9175157690441533
FPR:0.7053941908713693
FPDR:0.7053941908713693
F1:0.3302325581395349
BACC:0
CLSFE:0.7053941908713693
MCC:0.26296716187399233
GMEAN:0.5870904836480759
SAMPLES:241
AUC:{}
AVGP:{}
CLASS:1
ACC:0.872
PREC:0.9412643106022897
REC:0.9175157690441533
TNR:0.37566137566137564
FPR:0.0587356893977103
FPDR:0.0587356893977103
F1:0.9292383292383293
BACC:0
CLSFE:0.0587356893977103
MCC:0.26296716187399233
GMEAN:0.5870904836480759
SAMPLES:2009
AUC:{}
AVGP:{}
