

GENERAL_METRICS
ACC:0.8795555555555555
PREC:0.6473113094273537
REC:0.6909545068027211
TNR:0.6909545068027211
FPR:0.3526886905726463
FPDR:0.3526886905726463
F1:0.6647697315793785
BACC:0.0
CLSFE:0.12044444444444445
MCC:0.3354385692681351
GMEAN:0.6524580680873254
SAMPLES:2250.0
AUC:{'AUC macro OVO': 0.6473113094273537}
AVGP:{'avg_precision': 0.9166830892249859}


METRICS_PER_CLASSES
CLASS:0
ACC:0.8795555555555555
PREC:0.3463035019455253
REC:0.4635416666666667
TNR:0.9183673469387755
FPR:0.6536964980544747
FPDR:0.6536964980544747
F1:0.39643652561247217
BACC:0
CLSFE:0.6536964980544747
MCC:0.3354385692681351
GMEAN:0.6524580680873254
SAMPLES:257
AUC:{}
AVGP:{}
CLASS:1
ACC:0.8795555555555555
PREC:0.9483191169091821
REC:0.9183673469387755
TNR:0.4635416666666667
FPR:0.051680883090817864
FPDR:0.051680883090817864
F1:0.9331029375462848
BACC:0
CLSFE:0.051680883090817864
MCC:0.3354385692681351
GMEAN:0.6524580680873254
SAMPLES:1993
AUC:{}
AVGP:{}
