

GENERAL_METRICS
ACC:0.868
PREC:0.6362034239677744
REC:0.6674101962402331
TNR:0.6674101962402331
FPR:0.36379657603222554
FPDR:0.36379657603222554
F1:0.6491704252112196
BACC:0.0
CLSFE:0.132
MCC:0.30200557567724995
GMEAN:0.6202776155719203
SAMPLES:2250.0
AUC:{'AUC macro OVO': 0.6362034239677745}
AVGP:{'avg_precision': 0.911872880537764}


METRICS_PER_CLASSES
CLASS:0
ACC:0.868
PREC:0.3333333333333333
REC:0.42105263157894735
TNR:0.9137677609015189
FPR:0.6666666666666666
FPDR:0.6666666666666666
F1:0.37209302325581395
BACC:0
CLSFE:0.6666666666666666
MCC:0.30200557567724995
GMEAN:0.6202776155719203
SAMPLES:264
AUC:{}
AVGP:{}
CLASS:1
ACC:0.868
PREC:0.9390735146022156
REC:0.9137677609015189
TNR:0.42105263157894735
FPR:0.06092648539778449
FPDR:0.06092648539778449
F1:0.9262478271666252
BACC:0
CLSFE:0.06092648539778449
MCC:0.30200557567724995
GMEAN:0.6202776155719203
SAMPLES:1986
AUC:{}
AVGP:{}
