

GENERAL_METRICS
ACC:0.8764444444444445
PREC:0.6512087129115985
REC:0.6726464278326194
TNR:0.6726464278326194
FPR:0.34879128708840146
FPDR:0.34879128708840146
F1:0.6608035295955021
BACC:0.0
CLSFE:0.12355555555555556
MCC:0.3231448228974468
GMEAN:0.624123194615415
SAMPLES:2250.0
AUC:{'AUC macro OVO': 0.6512087129115985}
AVGP:{'avg_precision': 0.9215216049571456}


METRICS_PER_CLASSES
CLASS:0
ACC:0.8764444444444445
PREC:0.363265306122449
REC:0.4218009478672986
TNR:0.9234919077979402
FPR:0.636734693877551
FPDR:0.636734693877551
F1:0.39035087719298245
BACC:0
CLSFE:0.636734693877551
MCC:0.3231448228974468
GMEAN:0.624123194615415
SAMPLES:245
AUC:{}
AVGP:{}
CLASS:1
ACC:0.8764444444444445
PREC:0.9391521197007481
REC:0.9234919077979402
TNR:0.4218009478672986
FPR:0.06084788029925187
FPDR:0.06084788029925187
F1:0.9312561819980217
BACC:0
CLSFE:0.06084788029925187
MCC:0.3231448228974468
GMEAN:0.624123194615415
SAMPLES:2005
AUC:{}
AVGP:{}
