

GENERAL_METRICS
ACC:0.8537142857142858
PREC:0.6605216886907028
REC:0.7026158638430285
TNR:0.7026158638430285
FPR:0.33947831130929723
FPDR:0.33947831130929723
F1:0.6772483113170574
BACC:0.0
CLSFE:0.1462857142857143
MCC:0.36068956524750445
GMEAN:0.6750136356915967
SAMPLES:1750.0
AUC:{'AUC macro OVO': 0.6605216886907028}
AVGP:{'avg_precision': 0.8946497754502979}


METRICS_PER_CLASSES
CLASS:0
ACC:0.8537142857142858
PREC:0.3861003861003861
REC:0.5076142131979695
TNR:0.8976175144880876
FPR:0.6138996138996139
FPDR:0.6138996138996139
F1:0.43859649122807015
BACC:0
CLSFE:0.6138996138996139
MCC:0.36068956524750445
GMEAN:0.6750136356915967
SAMPLES:259
AUC:{}
AVGP:{}
CLASS:1
ACC:0.8537142857142858
PREC:0.9349429912810194
REC:0.8976175144880876
TNR:0.5076142131979695
FPR:0.06505700871898056
FPDR:0.06505700871898056
F1:0.9159001314060446
BACC:0
CLSFE:0.06505700871898056
MCC:0.36068956524750445
GMEAN:0.6750136356915967
SAMPLES:1491
AUC:{}
AVGP:{}
