

GENERAL_METRICS
ACC:0.8617142857142858
PREC:0.6612544663683442
REC:0.7200267416761199
TNR:0.7200267416761199
FPR:0.3387455336316559
FPDR:0.3387455336316559
F1:0.6829862026013845
BACC:0.0
CLSFE:0.1382857142857143
MCC:0.3767242748523021
GMEAN:0.6976454497837525
SAMPLES:1750.0
AUC:{'AUC macro OVO': 0.6612544663683442}
AVGP:{'avg_precision': 0.8956818938806973}


METRICS_PER_CLASSES
CLASS:0
ACC:0.8617142857142858
PREC:0.377431906614786
REC:0.5418994413407822
TNR:0.8981540420114577
FPR:0.622568093385214
FPDR:0.622568093385214
F1:0.44495412844036697
BACC:0
CLSFE:0.622568093385214
MCC:0.3767242748523021
GMEAN:0.6976454497837525
SAMPLES:257
AUC:{}
AVGP:{}
CLASS:1
ACC:0.8617142857142858
PREC:0.9450770261219023
REC:0.8981540420114577
TNR:0.5418994413407822
FPR:0.05492297387809779
FPDR:0.05492297387809779
F1:0.9210182767624021
BACC:0
CLSFE:0.05492297387809779
MCC:0.3767242748523021
GMEAN:0.6976454497837525
SAMPLES:1493
AUC:{}
AVGP:{}
