

GENERAL_METRICS
ACC:0.8582857142857143
PREC:0.6402458793507363
REC:0.7085043691886681
TNR:0.7085043691886681
FPR:0.3597541206492637
FPDR:0.3597541206492637
F1:0.6631156677606351
BACC:0.0
CLSFE:0.1417142857142857
MCC:0.3420051380043015
GMEAN:0.684244998583303
SAMPLES:1750.0
AUC:{'AUC macro OVO': 0.6402458793507363}
AVGP:{'avg_precision': 0.890327796492435}


METRICS_PER_CLASSES
CLASS:0
ACC:0.8582857142857143
PREC:0.33203125
REC:0.5246913580246914
TNR:0.8923173803526449
FPR:0.66796875
FPDR:0.66796875
F1:0.40669856459330145
BACC:0
CLSFE:0.66796875
MCC:0.3420051380043015
GMEAN:0.684244998583303
SAMPLES:256
AUC:{}
AVGP:{}
CLASS:1
ACC:0.8582857142857143
PREC:0.9484605087014726
REC:0.8923173803526449
TNR:0.5246913580246914
FPR:0.051539491298527446
FPDR:0.051539491298527446
F1:0.9195327709279688
BACC:0
CLSFE:0.051539491298527446
MCC:0.3420051380043015
GMEAN:0.684244998583303
SAMPLES:1494
AUC:{}
AVGP:{}
