

GENERAL_METRICS
ACC:0.8651428571428571
PREC:0.6616464545877945
REC:0.7351163408673261
TNR:0.7351163408673261
FPR:0.33835354541220547
FPDR:0.33835354541220547
F1:0.6871449132641467
BACC:0.0
CLSFE:0.13485714285714287
MCC:0.3899011306311314
GMEAN:0.7172350506226517
SAMPLES:1750.0
AUC:{'AUC macro OVO': 0.6616464545877945}
AVGP:{'avg_precision': 0.8940723519113661}


METRICS_PER_CLASSES
CLASS:0
ACC:0.8651428571428571
PREC:0.3716475095785441
REC:0.5739644970414202
TNR:0.8962681846932321
FPR:0.6283524904214559
FPDR:0.6283524904214559
F1:0.4511627906976744
BACC:0
CLSFE:0.6283524904214559
MCC:0.3899011306311314
GMEAN:0.7172350506226517
SAMPLES:261
AUC:{}
AVGP:{}
CLASS:1
ACC:0.8651428571428571
PREC:0.951645399597045
REC:0.8962681846932321
TNR:0.5739644970414202
FPR:0.048354600402955
FPDR:0.048354600402955
F1:0.923127035830619
BACC:0
CLSFE:0.048354600402955
MCC:0.3899011306311314
GMEAN:0.7172350506226517
SAMPLES:1489
AUC:{}
AVGP:{}
