

GENERAL_METRICS
ACC:0.773
PREC:0.6826981341022587
REC:0.7005734767025089
TNR:0.7005734767025089
FPR:0.3173018658977413
FPDR:0.3173018658977413
F1:0.6901916308066891
BACC:0.0
CLSFE:0.227
MCC:0.38285454127619406
GMEAN:0.6880860161283602
SAMPLES:1000.0
AUC:{'AUC macro OVO': 0.6826981341022587}
AVGP:{'avg_precision': 0.8204588296669855}


METRICS_PER_CLASSES
CLASS:0
ACC:0.773
PREC:0.49612403100775193
REC:0.5688888888888889
TNR:0.832258064516129
FPR:0.5038759689922481
FPDR:0.5038759689922481
F1:0.5300207039337475
BACC:0
CLSFE:0.5038759689922481
MCC:0.38285454127619406
GMEAN:0.6880860161283602
SAMPLES:258
AUC:{}
AVGP:{}
CLASS:1
ACC:0.773
PREC:0.8692722371967655
REC:0.832258064516129
TNR:0.5688888888888889
FPR:0.1307277628032345
FPDR:0.1307277628032345
F1:0.8503625576796309
BACC:0
CLSFE:0.1307277628032345
MCC:0.38285454127619406
GMEAN:0.6880860161283602
SAMPLES:742
AUC:{}
AVGP:{}
