

GENERAL_METRICS
ACC:0.736
PREC:0.7378202149986381
REC:0.7391997937446624
TNR:0.7391997937446624
FPR:0.26217978500136174
FPDR:0.26217978500136174
F1:0.7358478483606558
BACC:0.0
CLSFE:0.264
MCC:0.47701801381493136
GMEAN:0.7382176338860111
SAMPLES:500.0
AUC:{'AUC macro OVO': 0.7378202149986383}
AVGP:{'avg_precision': 0.6962010756857918}


METRICS_PER_CLASSES
CLASS:0
ACC:0.736
PREC:0.7883817427385892
REC:0.7011070110701108
TNR:0.777292576419214
FPR:0.21161825726141079
FPDR:0.21161825726141079
F1:0.7421875
BACC:0
CLSFE:0.21161825726141079
MCC:0.47701801381493136
GMEAN:0.7382176338860111
SAMPLES:241
AUC:{}
AVGP:{}
CLASS:1
ACC:0.736
PREC:0.6872586872586872
REC:0.777292576419214
TNR:0.7011070110701108
FPR:0.3127413127413127
FPDR:0.3127413127413127
F1:0.7295081967213115
BACC:0
CLSFE:0.3127413127413127
MCC:0.47701801381493136
GMEAN:0.7382176338860111
SAMPLES:259
AUC:{}
AVGP:{}
