

GENERAL_METRICS
ACC:0.778
PREC:0.7795631775311844
REC:0.7819423809831406
TNR:0.7819423809831406
FPR:0.22043682246881557
FPDR:0.22043682246881557
F1:0.7777430709900646
BACC:0.0
CLSFE:0.222
MCC:0.5615005179280055
GMEAN:0.7808632609723756
SAMPLES:500.0
AUC:{'AUC macro OVO': 0.7795631775311844}
AVGP:{'avg_precision': 0.737640645983265}


METRICS_PER_CLASSES
CLASS:0
ACC:0.778
PREC:0.8353909465020576
REC:0.7408759124087592
TNR:0.8230088495575221
FPR:0.1646090534979424
FPDR:0.1646090534979424
F1:0.7852998065764023
BACC:0
CLSFE:0.1646090534979424
MCC:0.5615005179280055
GMEAN:0.7808632609723756
SAMPLES:243
AUC:{}
AVGP:{}
CLASS:1
ACC:0.778
PREC:0.7237354085603113
REC:0.8230088495575221
TNR:0.7408759124087592
FPR:0.27626459143968873
FPDR:0.27626459143968873
F1:0.7701863354037267
BACC:0
CLSFE:0.27626459143968873
MCC:0.5615005179280055
GMEAN:0.7808632609723756
SAMPLES:257
AUC:{}
AVGP:{}
