

GENERAL_METRICS
ACC:0.748
PREC:0.748155970495528
REC:0.7495936529393779
TNR:0.7495936529393779
FPR:0.2518440295044721
FPDR:0.2518440295044721
F1:0.747672984187507
BACC:0.0
CLSFE:0.252
MCC:0.497747547154962
GMEAN:0.7493003007026601
SAMPLES:500.0
AUC:{'AUC macro OVO': 0.748155970495528}
AVGP:{'avg_precision': 0.6924548731481003}


METRICS_PER_CLASSES
CLASS:0
ACC:0.748
PREC:0.7871485943775101
REC:0.7286245353159851
TNR:0.7705627705627706
FPR:0.21285140562248997
FPDR:0.21285140562248997
F1:0.7567567567567568
BACC:0
CLSFE:0.21285140562248997
MCC:0.497747547154962
GMEAN:0.7493003007026601
SAMPLES:249
AUC:{}
AVGP:{}
CLASS:1
ACC:0.748
PREC:0.7091633466135459
REC:0.7705627705627706
TNR:0.7286245353159851
FPR:0.2908366533864542
FPDR:0.2908366533864542
F1:0.7385892116182573
BACC:0
CLSFE:0.2908366533864542
MCC:0.497747547154962
GMEAN:0.7493003007026601
SAMPLES:251
AUC:{}
AVGP:{}
