

GENERAL_METRICS
ACC:0.73
PREC:0.7293906810035842
REC:0.7350973285885305
TNR:0.7350973285885305
FPR:0.27060931899641577
FPDR:0.27060931899641577
F1:0.7281722300750244
BACC:0.0
CLSFE:0.27
MCC:0.46445295265310316
GMEAN:0.7343707611941884
SAMPLES:500.0
AUC:{'AUC macro OVO': 0.7293906810035843}
AVGP:{'avg_precision': 0.6735288182235133}


METRICS_PER_CLASSES
CLASS:0
ACC:0.73
PREC:0.8055555555555556
REC:0.7024221453287197
TNR:0.7677725118483413
FPR:0.19444444444444445
FPDR:0.19444444444444445
F1:0.7504621072088724
BACC:0
CLSFE:0.19444444444444445
MCC:0.46445295265310316
GMEAN:0.7343707611941884
SAMPLES:252
AUC:{}
AVGP:{}
CLASS:1
ACC:0.73
PREC:0.6532258064516129
REC:0.7677725118483413
TNR:0.7024221453287197
FPR:0.3467741935483871
FPDR:0.3467741935483871
F1:0.7058823529411765
BACC:0
CLSFE:0.3467741935483871
MCC:0.46445295265310316
GMEAN:0.7343707611941884
SAMPLES:248
AUC:{}
AVGP:{}
