

GENERAL_METRICS
ACC:0.9107692307692308
PREC:0.5808218897131115
REC:0.658971663124242
TNR:0.658971663124242
FPR:0.41917811028688845
FPDR:0.41917811028688845
F1:0.6025648378042856
BACC:0.0
CLSFE:0.08923076923076922
MCC:0.2267014796999562
GMEAN:0.5996961906367171
SAMPLES:3250.0
AUC:{'AUC macro OVO': 0.5808218897131115}
AVGP:{'avg_precision': 0.9317923353716536}


METRICS_PER_CLASSES
CLASS:0
ACC:0.9107692307692308
PREC:0.18773946360153257
REC:0.3858267716535433
TNR:0.9321165545949408
FPR:0.8122605363984674
FPDR:0.8122605363984674
F1:0.25257731958762886
BACC:0
CLSFE:0.8122605363984674
MCC:0.2267014796999562
GMEAN:0.5996961906367171
SAMPLES:261
AUC:{}
AVGP:{}
CLASS:1
ACC:0.9107692307692308
PREC:0.9739043158246905
REC:0.9321165545949408
TNR:0.3858267716535433
FPR:0.02609568417530947
FPDR:0.02609568417530947
F1:0.9525523560209425
BACC:0
CLSFE:0.02609568417530947
MCC:0.2267014796999562
GMEAN:0.5996961906367171
SAMPLES:2989
AUC:{}
AVGP:{}
