

GENERAL_METRICS
ACC:0.9203076923076923
PREC:0.626788376226783
REC:0.6928399442934327
TNR:0.6928399442934327
FPR:0.373211623773217
FPDR:0.373211623773217
F1:0.650939777522056
BACC:0.0
CLSFE:0.07969230769230769
MCC:0.3127290418789251
GMEAN:0.6456661635797338
SAMPLES:3250.0
AUC:{'AUC macro OVO': 0.626788376226783}
AVGP:{'avg_precision': 0.9435991222648229}


METRICS_PER_CLASSES
CLASS:0
ACC:0.9203076923076923
PREC:0.2821576763485477
REC:0.44155844155844154
TNR:0.9441214470284238
FPR:0.7178423236514523
FPDR:0.7178423236514523
F1:0.34430379746835443
BACC:0
CLSFE:0.7178423236514523
MCC:0.3127290418789251
GMEAN:0.6456661635797338
SAMPLES:241
AUC:{}
AVGP:{}
CLASS:1
ACC:0.9203076923076923
PREC:0.9714190761050183
REC:0.9441214470284238
TNR:0.44155844155844154
FPR:0.028580923894981722
FPDR:0.028580923894981722
F1:0.9575757575757575
BACC:0
CLSFE:0.028580923894981722
MCC:0.3127290418789251
GMEAN:0.6456661635797338
SAMPLES:3009
AUC:{}
AVGP:{}
