

GENERAL_METRICS
ACC:0.9243076923076923
PREC:0.6166460575661523
REC:0.6897762476859723
TNR:0.6897762476859723
FPR:0.3833539424338477
FPDR:0.3833539424338477
F1:0.6420422797541442
BACC:0.0
CLSFE:0.0756923076923077
MCC:0.29756781487429923
GMEAN:0.6405306221249566
SAMPLES:3250.0
AUC:{'AUC macro OVO': 0.6166460575661523}
AVGP:{'avg_precision': 0.9453242748507226}


METRICS_PER_CLASSES
CLASS:0
ACC:0.9243076923076923
PREC:0.25877192982456143
REC:0.4338235294117647
TNR:0.9457289659601799
FPR:0.7412280701754386
FPDR:0.7412280701754386
F1:0.3241758241758242
BACC:0
CLSFE:0.7412280701754386
MCC:0.29756781487429923
GMEAN:0.6405306221249566
SAMPLES:228
AUC:{}
AVGP:{}
CLASS:1
ACC:0.9243076923076923
PREC:0.9745201853077432
REC:0.9457289659601799
TNR:0.4338235294117647
FPR:0.025479814692256783
FPDR:0.025479814692256783
F1:0.9599087353324641
BACC:0
CLSFE:0.025479814692256783
MCC:0.29756781487429923
GMEAN:0.6405306221249566
SAMPLES:3022
AUC:{}
AVGP:{}
