

GENERAL_METRICS
ACC:0.9175384615384615
PREC:0.5926184679439681
REC:0.6582939543275899
TNR:0.6582939543275899
FPR:0.4073815320560319
FPDR:0.4073815320560319
F1:0.6140169885702941
BACC:0.0
CLSFE:0.08246153846153846
MCC:0.2421647665092
GMEAN:0.5946655277223687
SAMPLES:3250.0
AUC:{'AUC macro OVO': 0.5926184679439681}
AVGP:{'avg_precision': 0.9402913998732022}


METRICS_PER_CLASSES
CLASS:0
ACC:0.9175384615384615
PREC:0.2127659574468085
REC:0.37593984962406013
TNR:0.9406480590311197
FPR:0.7872340425531915
FPDR:0.7872340425531915
F1:0.2717391304347826
BACC:0
CLSFE:0.7872340425531915
MCC:0.2421647665092
GMEAN:0.5946655277223687
SAMPLES:235
AUC:{}
AVGP:{}
CLASS:1
ACC:0.9175384615384615
PREC:0.9724709784411277
REC:0.9406480590311197
TNR:0.37593984962406013
FPR:0.027529021558872307
FPDR:0.027529021558872307
F1:0.9562948467058056
BACC:0
CLSFE:0.027529021558872307
MCC:0.2421647665092
GMEAN:0.5946655277223687
SAMPLES:3015
AUC:{}
AVGP:{}
