

GENERAL_METRICS
ACC:0.9217142857142857
PREC:0.49614437936191425
REC:0.47854046242774567
TNR:0.47854046242774567
FPR:0.5038556206380858
FPDR:0.5038556206380858
F1:0.48324841148729625
BACC:0.0
CLSFE:0.07828571428571429
MCC:-0.01819228803063103
GMEAN:0.15265000203533338
SAMPLES:3500.0
AUC:{'AUC macro OVO': 0.49614437936191425}
AVGP:{'avg_precision': 0.9320867856535677}


METRICS_PER_CLASSES
CLASS:0
ACC:0.9217142857142857
PREC:0.00423728813559322
REC:0.025
TNR:0.9320809248554913
FPR:0.9957627118644068
FPDR:0.9957627118644068
F1:0.007246376811594203
BACC:0
CLSFE:0.9957627118644068
MCC:-0.01819228803063103
GMEAN:0.15265000203533338
SAMPLES:236
AUC:{}
AVGP:{}
CLASS:1
ACC:0.9217142857142857
PREC:0.9880514705882353
REC:0.9320809248554913
TNR:0.025
FPR:0.011948529411764705
FPDR:0.011948529411764705
F1:0.9592504461629983
BACC:0
CLSFE:0.011948529411764705
MCC:-0.01819228803063103
GMEAN:0.15265000203533338
SAMPLES:3264
AUC:{}
AVGP:{}
