

GENERAL_METRICS
ACC:0.9148571428571428
PREC:0.4966317692689044
REC:0.4761904761904762
TNR:0.4761904761904762
FPR:0.5033682307310956
FPDR:0.5033682307310956
F1:0.4810945273631841
BACC:0.0
CLSFE:0.08514285714285715
MCC:-0.01791044050692121
GMEAN:0.16246402008792363
SAMPLES:3500.0
AUC:{'AUC macro OVO': 0.4966317692689044}
AVGP:{'avg_precision': 0.9238145285935085}


METRICS_PER_CLASSES
CLASS:0
ACC:0.9148571428571428
PREC:0.0037735849056603774
REC:0.02857142857142857
TNR:0.9238095238095239
FPR:0.9962264150943396
FPDR:0.9962264150943396
F1:0.006666666666666667
BACC:0
CLSFE:0.9962264150943396
MCC:-0.01791044050692121
GMEAN:0.16246402008792363
SAMPLES:265
AUC:{}
AVGP:{}
CLASS:1
ACC:0.9148571428571428
PREC:0.9894899536321484
REC:0.9238095238095239
TNR:0.02857142857142857
FPR:0.010510046367851623
FPDR:0.010510046367851623
F1:0.9555223880597015
BACC:0
CLSFE:0.010510046367851623
MCC:-0.01791044050692121
GMEAN:0.16246402008792363
SAMPLES:3235
AUC:{}
AVGP:{}
