

GENERAL_METRICS
ACC:0.9162857142857143
PREC:0.4953660797034291
REC:0.4621037463976945
TNR:0.4621037463976945
FPR:0.504633920296571
FPDR:0.504633920296571
F1:0.4781571492470553
BACC:0.0
CLSFE:0.08371428571428571
MCC:-0.026503450245711133
GMEAN:0.0
SAMPLES:3500.0
AUC:{'AUC macro OVO': 0.4953660797034291}
AVGP:{'avg_precision': 0.9242135136486027}


METRICS_PER_CLASSES
CLASS:0
ACC:0.9162857142857143
PREC:0.0
REC:0.0
TNR:0.924207492795389
FPR:1.0
FPDR:1.0
F1:0.0
BACC:0
CLSFE:1.0
MCC:-0.026503450245711133
GMEAN:0
SAMPLES:263
AUC:{}
AVGP:{}
CLASS:1
ACC:0.9162857142857143
PREC:0.9907321594068582
REC:0.924207492795389
TNR:0.0
FPR:0.009267840593141797
FPDR:0.009267840593141797
F1:0.9563142984941106
BACC:0
CLSFE:0.009267840593141797
MCC:-0.026503450245711133
GMEAN:0
SAMPLES:3237
AUC:{}
AVGP:{}
