

GENERAL_METRICS
ACC:0.9197142857142857
PREC:0.4946220036877689
REC:0.4645021645021645
TNR:0.4645021645021645
FPR:0.5053779963122311
FPDR:0.5053779963122311
F1:0.47908915017115644
BACC:0.0
CLSFE:0.08028571428571428
MCC:-0.027633836389437172
GMEAN:0.0
SAMPLES:3500.0
AUC:{'AUC macro OVO': 0.4946220036877689}
AVGP:{'avg_precision': 0.929011965293465}


METRICS_PER_CLASSES
CLASS:0
ACC:0.9197142857142857
PREC:0.0
REC:0.0
TNR:0.929004329004329
FPR:1.0
FPDR:1.0
F1:0.0
BACC:0
CLSFE:1.0
MCC:-0.027633836389437172
GMEAN:0
SAMPLES:246
AUC:{}
AVGP:{}
CLASS:1
ACC:0.9197142857142857
PREC:0.9892440073755377
REC:0.929004329004329
TNR:0.0
FPR:0.0107559926244622
FPDR:0.0107559926244622
F1:0.9581783003423129
BACC:0
CLSFE:0.0107559926244622
MCC:-0.027633836389437172
GMEAN:0
SAMPLES:3254
AUC:{}
AVGP:{}
