

GENERAL_METRICS
ACC:0.8632
PREC:0.8070241556297333
REC:0.7849054090061285
TNR:0.7849054090061285
FPR:0.19297584437026669
FPDR:0.19297584437026669
F1:0.7949952956815219
BACC:0.0
CLSFE:0.1368
MCC:0.5915161625330296
GMEAN:0.7721332235403103
SAMPLES:1250.0
AUC:{'AUC macro OVO': 0.8070241556297333}
AVGP:{'avg_precision': 0.9133675008341675}


METRICS_PER_CLASSES
CLASS:0
ACC:0.8632
PREC:0.7131474103585658
REC:0.6438848920863309
TNR:0.9259259259259259
FPR:0.2868525896414343
FPDR:0.2868525896414343
F1:0.6767485822306238
BACC:0
CLSFE:0.2868525896414343
MCC:0.5915161625330296
GMEAN:0.7721332235403103
SAMPLES:251
AUC:{}
AVGP:{}
CLASS:1
ACC:0.8632
PREC:0.9009009009009009
REC:0.9259259259259259
TNR:0.6438848920863309
FPR:0.0990990990990991
FPDR:0.0990990990990991
F1:0.91324200913242
BACC:0
CLSFE:0.0990990990990991
MCC:0.5915161625330296
GMEAN:0.7721332235403103
SAMPLES:999
AUC:{}
AVGP:{}
