

GENERAL_METRICS
ACC:0.8536
PREC:0.773509370026607
REC:0.7644535101949932
TNR:0.7644535101949932
FPR:0.226490629973393
FPDR:0.226490629973393
F1:0.7688111892352425
BACC:0.0
CLSFE:0.1464
MCC:0.5378866533936586
GMEAN:0.7497176361940686
SAMPLES:1250.0
AUC:{'AUC macro OVO': 0.7735093700266069}
AVGP:{'avg_precision': 0.9035770283877964}


METRICS_PER_CLASSES
CLASS:0
ACC:0.8536
PREC:0.6431535269709544
REC:0.6150793650793651
TNR:0.9138276553106213
FPR:0.35684647302904565
FPDR:0.35684647302904565
F1:0.6288032454361054
BACC:0
CLSFE:0.35684647302904565
MCC:0.5378866533936586
GMEAN:0.7497176361940686
SAMPLES:241
AUC:{}
AVGP:{}
CLASS:1
ACC:0.8536
PREC:0.9038652130822596
REC:0.9138276553106213
TNR:0.6150793650793651
FPR:0.09613478691774034
FPDR:0.09613478691774034
F1:0.9088191330343797
BACC:0
CLSFE:0.09613478691774034
MCC:0.5378866533936586
GMEAN:0.7497176361940686
SAMPLES:1009
AUC:{}
AVGP:{}
