

GENERAL_METRICS
ACC:0.8664
PREC:0.7956061931137239
REC:0.7877524879298453
TNR:0.7877524879298453
FPR:0.20439380688627606
FPDR:0.20439380688627606
F1:0.791562447890612
BACC:0.0
CLSFE:0.1336
MCC:0.5833058117863883
GMEAN:0.7764693939086172
SAMPLES:1250.0
AUC:{'AUC macro OVO': 0.7956061931137239}
AVGP:{'avg_precision': 0.9103127109651845}


METRICS_PER_CLASSES
CLASS:0
ACC:0.8664
PREC:0.6788617886178862
REC:0.6549019607843137
TNR:0.9206030150753769
FPR:0.32113821138211385
FPDR:0.32113821138211385
F1:0.6666666666666666
BACC:0
CLSFE:0.32113821138211385
MCC:0.5833058117863883
GMEAN:0.7764693939086172
SAMPLES:246
AUC:{}
AVGP:{}
CLASS:1
ACC:0.8664
PREC:0.9123505976095617
REC:0.9206030150753769
TNR:0.6549019607843137
FPR:0.08764940239043825
FPDR:0.08764940239043825
F1:0.9164582291145573
BACC:0
CLSFE:0.08764940239043825
MCC:0.5833058117863883
GMEAN:0.7764693939086172
SAMPLES:1004
AUC:{}
AVGP:{}
