

GENERAL_METRICS
ACC:0.868
PREC:0.8060044175773076
REC:0.7839306420731872
TNR:0.7839306420731872
FPR:0.1939955824226924
FPDR:0.1939955824226924
F1:0.7940587059997064
BACC:0.0
CLSFE:0.132
MCC:0.5895219444938641
GMEAN:0.7703762015732895
SAMPLES:1250.0
AUC:{'AUC macro OVO': 0.8060044175773075}
AVGP:{'avg_precision': 0.9178621926947552}


METRICS_PER_CLASSES
CLASS:0
ACC:0.868
PREC:0.7058823529411765
REC:0.6387832699619772
TNR:0.9290780141843972
FPR:0.29411764705882354
FPDR:0.29411764705882354
F1:0.6706586826347305
BACC:0
CLSFE:0.29411764705882354
MCC:0.5895219444938641
GMEAN:0.7703762015732895
SAMPLES:238
AUC:{}
AVGP:{}
CLASS:1
ACC:0.868
PREC:0.9061264822134387
REC:0.9290780141843972
TNR:0.6387832699619772
FPR:0.09387351778656126
FPDR:0.09387351778656126
F1:0.9174587293646823
BACC:0
CLSFE:0.09387351778656126
MCC:0.5895219444938641
GMEAN:0.7703762015732895
SAMPLES:1012
AUC:{}
AVGP:{}
