

GENERAL_METRICS
ACC:0.92
PREC:0.6787884487074427
REC:0.7277042607755057
TNR:0.7277042607755057
FPR:0.32121155129255724
FPDR:0.32121155129255724
F1:0.6993862469207967
BACC:0.0
CLSFE:0.08
MCC:0.4035388038249985
GMEAN:0.693752785654318
SAMPLES:3000.0
AUC:{'AUC macro OVO': 0.6787884487074427}
AVGP:{'avg_precision': 0.9464398638323727}


METRICS_PER_CLASSES
CLASS:0
ACC:0.92
PREC:0.39094650205761317
REC:0.5080213903743316
TNR:0.9473871311766797
FPR:0.6090534979423868
FPDR:0.6090534979423868
F1:0.4418604651162791
BACC:0
CLSFE:0.6090534979423868
MCC:0.4035388038249985
GMEAN:0.693752785654318
SAMPLES:243
AUC:{}
AVGP:{}
CLASS:1
ACC:0.92
PREC:0.9666303953572724
REC:0.9473871311766797
TNR:0.5080213903743316
FPR:0.033369604642727604
FPDR:0.033369604642727604
F1:0.9569120287253142
BACC:0
CLSFE:0.033369604642727604
MCC:0.4035388038249985
GMEAN:0.693752785654318
SAMPLES:2757
AUC:{}
AVGP:{}
