

GENERAL_METRICS
ACC:0.9283333333333333
PREC:0.6774025645515926
REC:0.7365909724910311
TNR:0.7365909724910311
FPR:0.32259743544840735
FPDR:0.32259743544840735
F1:0.701634073851349
BACC:0.0
CLSFE:0.07166666666666667
MCC:0.4097406265903552
GMEAN:0.7044787132038227
SAMPLES:3000.0
AUC:{'AUC macro OVO': 0.6774025645515926}
AVGP:{'avg_precision': 0.9509876858635236}


METRICS_PER_CLASSES
CLASS:0
ACC:0.9283333333333333
PREC:0.38288288288288286
REC:0.5214723926380368
TNR:0.9517095523440254
FPR:0.6171171171171171
FPDR:0.6171171171171171
F1:0.44155844155844154
BACC:0
CLSFE:0.6171171171171171
MCC:0.4097406265903552
GMEAN:0.7044787132038227
SAMPLES:222
AUC:{}
AVGP:{}
CLASS:1
ACC:0.9283333333333333
PREC:0.9719222462203023
REC:0.9517095523440254
TNR:0.5214723926380368
FPR:0.028077753779697623
FPDR:0.028077753779697623
F1:0.9617097061442564
BACC:0
CLSFE:0.028077753779697623
MCC:0.4097406265903552
GMEAN:0.7044787132038227
SAMPLES:2778
AUC:{}
AVGP:{}
