

GENERAL_METRICS
ACC:0.927
PREC:0.6709262658286519
REC:0.7478565075467514
TNR:0.7478565075467514
FPR:0.32907373417134805
FPDR:0.32907373417134805
F1:0.7004266526349003
BACC:0.0
CLSFE:0.073
MCC:0.4116561054875649
GMEAN:0.7205935232523776
SAMPLES:3000.0
AUC:{'AUC macro OVO': 0.6709262658286519}
AVGP:{'avg_precision': 0.9472764054448406}


METRICS_PER_CLASSES
CLASS:0
ACC:0.927
PREC:0.36752136752136755
REC:0.5477707006369427
TNR:0.94794231445656
FPR:0.6324786324786325
FPDR:0.6324786324786325
F1:0.4398976982097187
BACC:0
CLSFE:0.6324786324786325
MCC:0.4116561054875649
GMEAN:0.7205935232523776
SAMPLES:234
AUC:{}
AVGP:{}
CLASS:1
ACC:0.927
PREC:0.9743311641359363
REC:0.94794231445656
TNR:0.5477707006369427
FPR:0.02566883586406363
FPDR:0.02566883586406363
F1:0.960955607060082
BACC:0
CLSFE:0.02566883586406363
MCC:0.4116561054875649
GMEAN:0.7205935232523776
SAMPLES:2766
AUC:{}
AVGP:{}
