

GENERAL_METRICS
ACC:0.929
PREC:0.6722995574310415
REC:0.7429616191394071
TNR:0.7429616191394071
FPR:0.3277004425689584
FPDR:0.3277004425689584
F1:0.700050554859533
BACC:0.0
CLSFE:0.071
MCC:0.40920498262093097
GMEAN:0.7134037787451538
SAMPLES:3000.0
AUC:{'AUC macro OVO': 0.6722995574310415}
AVGP:{'avg_precision': 0.9497882021646754}


METRICS_PER_CLASSES
CLASS:0
ACC:0.929
PREC:0.3705357142857143
REC:0.535483870967742
TNR:0.950439367311072
FPR:0.6294642857142857
FPDR:0.6294642857142857
F1:0.43799472295514513
BACC:0
CLSFE:0.6294642857142857
MCC:0.40920498262093097
GMEAN:0.7134037787451538
SAMPLES:224
AUC:{}
AVGP:{}
CLASS:1
ACC:0.929
PREC:0.9740634005763689
REC:0.950439367311072
TNR:0.535483870967742
FPR:0.025936599423631124
FPDR:0.025936599423631124
F1:0.962106386763921
BACC:0
CLSFE:0.025936599423631124
MCC:0.40920498262093097
GMEAN:0.7134037787451538
SAMPLES:2776
AUC:{}
AVGP:{}
