

GENERAL_METRICS
ACC:0.754
PREC:0.7628140137433818
REC:0.7712970961525683
TNR:0.7712970961525683
FPR:0.23718598625661824
FPDR:0.23718598625661824
F1:0.7531696627454758
BACC:0.0
CLSFE:0.246
MCC:0.5340437388708181
GMEAN:0.7660177380203356
SAMPLES:500.0
AUC:{'AUC macro OVO': 0.7628140137433819}
AVGP:{'avg_precision': 0.7471791379881483}


METRICS_PER_CLASSES
CLASS:0
ACC:0.754
PREC:0.8787878787878788
REC:0.6812080536912751
TNR:0.8613861386138614
FPR:0.12121212121212122
FPDR:0.12121212121212122
F1:0.7674858223062382
BACC:0
CLSFE:0.12121212121212122
MCC:0.5340437388708181
GMEAN:0.7660177380203356
SAMPLES:231
AUC:{}
AVGP:{}
CLASS:1
ACC:0.754
PREC:0.6468401486988847
REC:0.8613861386138614
TNR:0.6812080536912751
FPR:0.35315985130111527
FPDR:0.35315985130111527
F1:0.7388535031847133
BACC:0
CLSFE:0.35315985130111527
MCC:0.5340437388708181
GMEAN:0.7660177380203356
SAMPLES:269
AUC:{}
AVGP:{}
