

GENERAL_METRICS
ACC:0.806
PREC:0.7955959556678982
REC:0.8116809895610873
TNR:0.8116809895610873
FPR:0.2044040443321019
FPDR:0.2044040443321019
F1:0.799353795109197
BACC:0.0
CLSFE:0.194
MCC:0.6070638845222989
GMEAN:0.8113678663167935
SAMPLES:500.0
AUC:{'AUC macro OVO': 0.7955959556678981}
AVGP:{'avg_precision': 0.7182118803295274}


METRICS_PER_CLASSES
CLASS:0
ACC:0.806
PREC:0.8884892086330936
REC:0.7891373801916933
TNR:0.8342245989304813
FPR:0.11151079136690648
FPDR:0.11151079136690648
F1:0.8358714043993232
BACC:0
CLSFE:0.11151079136690648
MCC:0.6070638845222989
GMEAN:0.8113678663167935
SAMPLES:278
AUC:{}
AVGP:{}
CLASS:1
ACC:0.806
PREC:0.7027027027027027
REC:0.8342245989304813
TNR:0.7891373801916933
FPR:0.2972972972972973
FPDR:0.2972972972972973
F1:0.7628361858190709
BACC:0
CLSFE:0.2972972972972973
MCC:0.6070638845222989
GMEAN:0.8113678663167935
SAMPLES:222
AUC:{}
AVGP:{}
