

GENERAL_METRICS
ACC:0.786
PREC:0.786
REC:0.7917176662586699
TNR:0.7917176662586699
FPR:0.21399999999999997
FPDR:0.21399999999999997
F1:0.7849462365591398
BACC:0.0
CLSFE:0.214
MCC:0.5776893717214454
GMEAN:0.7906635939567785
SAMPLES:500.0
AUC:{'AUC macro OVO': 0.786}
AVGP:{'avg_precision': 0.7381116279069767}


METRICS_PER_CLASSES
CLASS:0
ACC:0.786
PREC:0.856
REC:0.7508771929824561
TNR:0.8325581395348837
FPR:0.144
FPDR:0.144
F1:0.8
BACC:0
CLSFE:0.144
MCC:0.5776893717214454
GMEAN:0.7906635939567785
SAMPLES:250
AUC:{}
AVGP:{}
CLASS:1
ACC:0.786
PREC:0.716
REC:0.8325581395348837
TNR:0.7508771929824561
FPR:0.284
FPDR:0.284
F1:0.7698924731182796
BACC:0
CLSFE:0.284
MCC:0.5776893717214454
GMEAN:0.7906635939567785
SAMPLES:250
AUC:{}
AVGP:{}
