

GENERAL_METRICS
ACC:0.762
PREC:0.7662330380172704
REC:0.7789003759398496
TNR:0.7789003759398496
FPR:0.23376696198272962
FPDR:0.23376696198272962
F1:0.7600564573041637
BACC:0.0
CLSFE:0.238
MCC:0.5449862177729818
GMEAN:0.7749605859490121
SAMPLES:500.0
AUC:{'AUC macro OVO': 0.7662330380172704}
AVGP:{'avg_precision': 0.7379845559845559}


METRICS_PER_CLASSES
CLASS:0
ACC:0.762
PREC:0.8838174273858921
REC:0.7006578947368421
TNR:0.8571428571428571
FPR:0.11618257261410789
FPDR:0.11618257261410789
F1:0.781651376146789
BACC:0
CLSFE:0.11618257261410789
MCC:0.5449862177729818
GMEAN:0.7749605859490121
SAMPLES:241
AUC:{}
AVGP:{}
CLASS:1
ACC:0.762
PREC:0.6486486486486487
REC:0.8571428571428571
TNR:0.7006578947368421
FPR:0.35135135135135137
FPDR:0.35135135135135137
F1:0.7384615384615385
BACC:0
CLSFE:0.35135135135135137
MCC:0.5449862177729818
GMEAN:0.7749605859490121
SAMPLES:259
AUC:{}
AVGP:{}
