NAME: KRNN
DIMENSIONS: 2
SAMPLES_COUNT: (50,)
TOTAL_SIZE: 300
SIZES: dict_values([50, 250])
IMBALANCED: True
IMBALANCED_RATIO: {0: 3, 1: 1}
NO_LABELS: (2,)
MEAN: ([0, 2.0],)
ST_DEV: 0.7226998506729945
NOISE: 0.8556609652722439
