

GENERAL_METRICS
ACC:0.9395
PREC:0.4992029755579171
REC:0.47045568352528794
TNR:0.47045568352528794
FPR:0.5007970244420828
FPDR:0.5007970244420828
F1:0.48440319670018045
BACC:0.0
CLSFE:0.0605
MCC:-0.009705161998643349
GMEAN:0.0
SAMPLES:4000.0
AUC:{'AUC macro OVO': 0.4992029755579171}
AVGP:{'avg_precision': 0.94091150833583}


METRICS_PER_CLASSES
CLASS:0
ACC:0.9395
PREC:0.0
REC:0.0
TNR:0.9409113670505759
FPR:1.0
FPDR:1.0
F1:0.0
BACC:0
CLSFE:1.0
MCC:-0.009705161998643349
GMEAN:0
SAMPLES:236
AUC:{}
AVGP:{}
CLASS:1
ACC:0.9395
PREC:0.9984059511158342
REC:0.9409113670505759
TNR:0.0
FPR:0.001594048884165781
FPDR:0.001594048884165781
F1:0.9688063934003609
BACC:0
CLSFE:0.001594048884165781
MCC:-0.009705161998643349
GMEAN:0
SAMPLES:3764
AUC:{}
AVGP:{}
