

GENERAL_METRICS
ACC:0.93175
PREC:0.4994639506834629
REC:0.46634134134134136
TNR:0.46634134134134136
FPR:0.5005360493165372
FPDR:0.5005360493165372
F1:0.48233467063543417
BACC:0.0
CLSFE:0.06825
MCC:-0.008495340127276891
GMEAN:0.0
SAMPLES:4000.0
AUC:{'AUC macro OVO': 0.4994639506834629}
AVGP:{'avg_precision': 0.9326827548534866}


METRICS_PER_CLASSES
CLASS:0
ACC:0.93175
PREC:0.0
REC:0.0
TNR:0.9326826826826827
FPR:1.0
FPDR:1.0
F1:0.0
BACC:0
CLSFE:1.0
MCC:-0.008495340127276891
GMEAN:0
SAMPLES:269
AUC:{}
AVGP:{}
CLASS:1
ACC:0.93175
PREC:0.9989279013669258
REC:0.9326826826826827
TNR:0.0
FPR:0.0010720986330742428
FPDR:0.0010720986330742428
F1:0.9646693412708683
BACC:0
CLSFE:0.0010720986330742428
MCC:-0.008495340127276891
GMEAN:0
SAMPLES:3731
AUC:{}
AVGP:{}
