

GENERAL_METRICS
ACC:0.9325
PREC:0.49866310160427807
REC:0.4674185463659148
TNR:0.4674185463659148
FPR:0.5013368983957219
FPDR:0.5013368983957219
F1:0.48253557567917205
BACC:0.0
CLSFE:0.0675
MCC:-0.013199711071640441
GMEAN:0.0
SAMPLES:4000.0
AUC:{'AUC macro OVO': 0.49866310160427807}
AVGP:{'avg_precision': 0.9348375283127606}


METRICS_PER_CLASSES
CLASS:0
ACC:0.9325
PREC:0.0
REC:0.0
TNR:0.9348370927318296
FPR:1.0
FPDR:1.0
F1:0.0
BACC:0
CLSFE:1.0
MCC:-0.013199711071640441
GMEAN:0
SAMPLES:260
AUC:{}
AVGP:{}
CLASS:1
ACC:0.9325
PREC:0.9973262032085561
REC:0.9348370927318296
TNR:0.0
FPR:0.00267379679144385
FPDR:0.00267379679144385
F1:0.9650711513583441
BACC:0
CLSFE:0.00267379679144385
MCC:-0.013199711071640441
GMEAN:0
SAMPLES:3740
AUC:{}
AVGP:{}
