

GENERAL_METRICS
ACC:0.9315
PREC:0.5025398535784193
REC:0.5576927459604822
TNR:0.5576927459604822
FPR:0.4974601464215806
FPDR:0.4974601464215806
F1:0.48945272686279884
BACC:0.0
CLSFE:0.0685
MCC:0.02421000844911653
GMEAN:0.4119945520607993
SAMPLES:4000.0
AUC:{'AUC macro OVO': 0.5025398535784193}
AVGP:{'avg_precision': 0.9335665450904802}


METRICS_PER_CLASSES
CLASS:0
ACC:0.9315
PREC:0.00749063670411985
REC:0.18181818181818182
TNR:0.9335673101027826
FPR:0.9925093632958801
FPDR:0.9925093632958801
F1:0.014388489208633094
BACC:0
CLSFE:0.9925093632958801
MCC:0.02421000844911653
GMEAN:0.4119945520607993
SAMPLES:267
AUC:{}
AVGP:{}
CLASS:1
ACC:0.9315
PREC:0.9975890704527189
REC:0.9335673101027826
TNR:0.18181818181818182
FPR:0.0024109295472810074
FPDR:0.0024109295472810074
F1:0.9645169645169646
BACC:0
CLSFE:0.0024109295472810074
MCC:0.02421000844911653
GMEAN:0.4119945520607993
SAMPLES:3733
AUC:{}
AVGP:{}
