

GENERAL_METRICS
ACC:0.8714285714285714
PREC:0.6578962151534302
REC:0.7185177410828125
TNR:0.7185177410828125
FPR:0.3421037848465698
FPDR:0.3421037848465698
F1:0.6803694482709914
BACC:0.0
CLSFE:0.12857142857142856
MCC:0.3715003324943509
GMEAN:0.6935804869250177
SAMPLES:1750.0
AUC:{'AUC macro OVO': 0.6578962151534302}
AVGP:{'avg_precision': 0.9041417586163079}


METRICS_PER_CLASSES
CLASS:0
ACC:0.8714285714285714
PREC:0.3659574468085106
REC:0.5308641975308642
TNR:0.9061712846347607
FPR:0.6340425531914894
FPDR:0.6340425531914894
F1:0.4332493702770781
BACC:0
CLSFE:0.6340425531914894
MCC:0.3715003324943509
GMEAN:0.6935804869250177
SAMPLES:235
AUC:{}
AVGP:{}
CLASS:1
ACC:0.8714285714285714
PREC:0.9498349834983498
REC:0.9061712846347607
TNR:0.5308641975308642
FPR:0.050165016501650166
FPDR:0.050165016501650166
F1:0.9274895262649049
BACC:0
CLSFE:0.050165016501650166
MCC:0.3715003324943509
GMEAN:0.6935804869250177
SAMPLES:1515
AUC:{}
AVGP:{}
