

GENERAL_METRICS
ACC:0.8611428571428571
PREC:0.6752722378563563
REC:0.726762305218897
TNR:0.726762305218897
FPR:0.32472776214364374
FPDR:0.32472776214364374
F1:0.6953401551347274
BACC:0.0
CLSFE:0.13885714285714285
MCC:0.39872364714013214
GMEAN:0.7058919555296856
SAMPLES:1750.0
AUC:{'AUC macro OVO': 0.6752722378563563}
AVGP:{'avg_precision': 0.8967197774852845}


METRICS_PER_CLASSES
CLASS:0
ACC:0.8611428571428571
PREC:0.4090909090909091
REC:0.5538461538461539
TNR:0.8996784565916399
FPR:0.5909090909090909
FPDR:0.5909090909090909
F1:0.47058823529411764
BACC:0
CLSFE:0.5909090909090909
MCC:0.39872364714013214
GMEAN:0.7058919555296856
SAMPLES:264
AUC:{}
AVGP:{}
CLASS:1
ACC:0.8611428571428571
PREC:0.9414535666218035
REC:0.8996784565916399
TNR:0.5538461538461539
FPR:0.058546433378196504
FPDR:0.058546433378196504
F1:0.9200920749753371
BACC:0
CLSFE:0.058546433378196504
MCC:0.39872364714013214
GMEAN:0.7058919555296856
SAMPLES:1486
AUC:{}
AVGP:{}
