

GENERAL_METRICS
ACC:0.876
PREC:0.698111351564037
REC:0.7548076923076923
TNR:0.7548076923076923
FPR:0.301888648435963
FPDR:0.301888648435963
F1:0.7206642269993931
BACC:0.0
CLSFE:0.124
MCC:0.4493564122697714
GMEAN:0.7387619581226627
SAMPLES:1750.0
AUC:{'AUC macro OVO': 0.6981113515640369}
AVGP:{'avg_precision': 0.9068026388327391}


METRICS_PER_CLASSES
CLASS:0
ACC:0.876
PREC:0.4470588235294118
REC:0.6
TNR:0.9096153846153846
FPR:0.5529411764705883
FPDR:0.5529411764705883
F1:0.5123595505617977
BACC:0
CLSFE:0.5529411764705883
MCC:0.4493564122697714
GMEAN:0.7387619581226627
SAMPLES:255
AUC:{}
AVGP:{}
CLASS:1
ACC:0.876
PREC:0.9491638795986622
REC:0.9096153846153846
TNR:0.6
FPR:0.050836120401337795
FPDR:0.050836120401337795
F1:0.9289689034369886
BACC:0
CLSFE:0.050836120401337795
MCC:0.4493564122697714
GMEAN:0.7387619581226627
SAMPLES:1495
AUC:{}
AVGP:{}
