

GENERAL_METRICS
ACC:0.8902857142857142
PREC:0.7131102046569815
REC:0.7555327847205349
TNR:0.7555327847205349
FPR:0.28688979534301845
FPDR:0.28688979534301845
F1:0.7313684856857778
BACC:0.0
CLSFE:0.10971428571428571
MCC:0.4667189477549057
GMEAN:0.73618248658911
SAMPLES:1750.0
AUC:{'AUC macro OVO': 0.7131102046569815}
AVGP:{'avg_precision': 0.922834002969762}


METRICS_PER_CLASSES
CLASS:0
ACC:0.8902857142857142
PREC:0.47533632286995514
REC:0.585635359116022
TNR:0.9254302103250478
FPR:0.5246636771300448
FPDR:0.5246636771300448
F1:0.5247524752475248
BACC:0
CLSFE:0.5246636771300448
MCC:0.4667189477549057
GMEAN:0.73618248658911
SAMPLES:223
AUC:{}
AVGP:{}
CLASS:1
ACC:0.8902857142857142
PREC:0.9508840864440079
REC:0.9254302103250478
TNR:0.585635359116022
FPR:0.04911591355599214
FPDR:0.04911591355599214
F1:0.937984496124031
BACC:0
CLSFE:0.04911591355599214
MCC:0.4667189477549057
GMEAN:0.73618248658911
SAMPLES:1527
AUC:{}
AVGP:{}
