

GENERAL_METRICS
ACC:0.808
PREC:0.7200934104985277
REC:0.7010696754612813
TNR:0.7010696754612813
FPR:0.27990658950147224
FPDR:0.27990658950147224
F1:0.7094476017805051
BACC:0.0
CLSFE:0.192
MCC:0.4207332200818259
GMEAN:0.6742533918888327
SAMPLES:1250.0
AUC:{'AUC macro OVO': 0.7200934104985278}
AVGP:{'avg_precision': 0.8810548613561177}


METRICS_PER_CLASSES
CLASS:0
ACC:0.808
PREC:0.5755102040816327
REC:0.5090252707581228
TNR:0.8931140801644398
FPR:0.42448979591836733
FPDR:0.42448979591836733
F1:0.5402298850574713
BACC:0
CLSFE:0.42448979591836733
MCC:0.4207332200818259
GMEAN:0.6742533918888327
SAMPLES:245
AUC:{}
AVGP:{}
CLASS:1
ACC:0.808
PREC:0.8646766169154229
REC:0.8931140801644398
TNR:0.5090252707581228
FPR:0.13532338308457711
FPDR:0.13532338308457711
F1:0.8786653185035389
BACC:0
CLSFE:0.13532338308457711
MCC:0.4207332200818259
GMEAN:0.6742533918888327
SAMPLES:1005
AUC:{}
AVGP:{}
