

GENERAL_METRICS
ACC:0.8096
PREC:0.7209150245125604
REC:0.6978088578088578
TNR:0.6978088578088578
FPR:0.27908497548743966
FPDR:0.27908497548743966
F1:0.7077189700704225
BACC:0.0
CLSFE:0.1904
MCC:0.4180858699915384
GMEAN:0.6686450830494808
SAMPLES:1250.0
AUC:{'AUC macro OVO': 0.7209150245125604}
AVGP:{'avg_precision': 0.8855790821879668}


METRICS_PER_CLASSES
CLASS:0
ACC:0.8096
PREC:0.5780590717299579
REC:0.49818181818181817
TNR:0.8974358974358975
FPR:0.4219409282700422
FPDR:0.4219409282700422
F1:0.53515625
BACC:0
CLSFE:0.4219409282700422
MCC:0.4180858699915384
GMEAN:0.6686450830494808
SAMPLES:237
AUC:{}
AVGP:{}
CLASS:1
ACC:0.8096
PREC:0.8637709772951628
REC:0.8974358974358975
TNR:0.49818181818181817
FPR:0.1362290227048371
FPDR:0.1362290227048371
F1:0.8802816901408451
BACC:0
CLSFE:0.1362290227048371
MCC:0.4180858699915384
GMEAN:0.6686450830494808
SAMPLES:1013
AUC:{}
AVGP:{}
