

GENERAL_METRICS
ACC:0.8128
PREC:0.733822823028889
REC:0.710626306699391
TNR:0.710626306699391
FPR:0.266177176971111
FPDR:0.266177176971111
F1:0.7206239684577297
BACC:0.0
CLSFE:0.1872
MCC:0.4438433851556209
GMEAN:0.6853565950615254
SAMPLES:1250.0
AUC:{'AUC macro OVO': 0.7338228230288891}
AVGP:{'avg_precision': 0.8854224642135768}


METRICS_PER_CLASSES
CLASS:0
ACC:0.8128
PREC:0.6032388663967612
REC:0.5228070175438596
TNR:0.8984455958549222
FPR:0.3967611336032389
FPDR:0.3967611336032389
F1:0.5601503759398496
BACC:0
CLSFE:0.3967611336032389
MCC:0.4438433851556209
GMEAN:0.6853565950615254
SAMPLES:247
AUC:{}
AVGP:{}
CLASS:1
ACC:0.8128
PREC:0.864406779661017
REC:0.8984455958549222
TNR:0.5228070175438596
FPR:0.13559322033898305
FPDR:0.13559322033898305
F1:0.8810975609756098
BACC:0
CLSFE:0.13559322033898305
MCC:0.4438433851556209
GMEAN:0.6853565950615254
SAMPLES:1003
AUC:{}
AVGP:{}
