

GENERAL_METRICS
ACC:0.8112
PREC:0.7193491294627735
REC:0.6957860922146637
TNR:0.6957860922146637
FPR:0.2806508705372265
FPDR:0.2806508705372265
F1:0.7058811799847656
BACC:0.0
CLSFE:0.1888
MCC:0.41446596428756255
GMEAN:0.66545524855597
SAMPLES:1250.0
AUC:{'AUC macro OVO': 0.7193491294627735}
AVGP:{'avg_precision': 0.8875970730924984}


METRICS_PER_CLASSES
CLASS:0
ACC:0.8112
PREC:0.5732758620689655
REC:0.4925925925925926
TNR:0.8989795918367347
FPR:0.4267241379310345
FPDR:0.4267241379310345
F1:0.5298804780876494
BACC:0
CLSFE:0.4267241379310345
MCC:0.41446596428756255
GMEAN:0.66545524855597
SAMPLES:232
AUC:{}
AVGP:{}
CLASS:1
ACC:0.8112
PREC:0.8654223968565815
REC:0.8989795918367347
TNR:0.4925925925925926
FPR:0.13457760314341846
FPDR:0.13457760314341846
F1:0.8818818818818819
BACC:0
CLSFE:0.13457760314341846
MCC:0.41446596428756255
GMEAN:0.66545524855597
SAMPLES:1018
AUC:{}
AVGP:{}
