

GENERAL_METRICS
ACC:0.766
PREC:0.6239771499150841
REC:0.6639922978177151
TNR:0.6639922978177151
FPR:0.37602285008491587
FPDR:0.37602285008491587
F1:0.6357387032297834
BACC:0.0
CLSFE:0.234
MCC:0.28517571910291367
GMEAN:0.646408066905268
SAMPLES:1000.0
AUC:{'AUC macro OVO': 0.6239771499150841}
AVGP:{'avg_precision': 0.8101422848459732}


METRICS_PER_CLASSES
CLASS:0
ACC:0.766
PREC:0.35294117647058826
REC:0.5121951219512195
TNR:0.8157894736842105
FPR:0.6470588235294118
FPDR:0.6470588235294118
F1:0.417910447761194
BACC:0
CLSFE:0.6470588235294118
MCC:0.28517571910291367
GMEAN:0.646408066905268
SAMPLES:238
AUC:{}
AVGP:{}
CLASS:1
ACC:0.766
PREC:0.89501312335958
REC:0.8157894736842105
TNR:0.5121951219512195
FPR:0.10498687664041995
FPDR:0.10498687664041995
F1:0.853566958698373
BACC:0
CLSFE:0.10498687664041995
MCC:0.28517571910291367
GMEAN:0.646408066905268
SAMPLES:762
AUC:{}
AVGP:{}
