

GENERAL_METRICS
ACC:0.774
PREC:0.6282234671256219
REC:0.6649148653898307
TNR:0.6649148653898307
FPR:0.37177653287437806
FPDR:0.37177653287437806
F1:0.6400700748526835
BACC:0.0
CLSFE:0.226
MCC:0.2908329817667819
GMEAN:0.6449164314607777
SAMPLES:1000.0
AUC:{'AUC macro OVO': 0.6282234671256219}
AVGP:{'avg_precision': 0.8211286860453075}


METRICS_PER_CLASSES
CLASS:0
ACC:0.774
PREC:0.36123348017621143
REC:0.5030674846625767
TNR:0.8267622461170848
FPR:0.6387665198237885
FPDR:0.6387665198237885
F1:0.4205128205128205
BACC:0
CLSFE:0.6387665198237885
MCC:0.2908329817667819
GMEAN:0.6449164314607777
SAMPLES:227
AUC:{}
AVGP:{}
CLASS:1
ACC:0.774
PREC:0.8952134540750324
REC:0.8267622461170848
TNR:0.5030674846625767
FPR:0.10478654592496765
FPDR:0.10478654592496765
F1:0.8596273291925466
BACC:0
CLSFE:0.10478654592496765
MCC:0.2908329817667819
GMEAN:0.6449164314607777
SAMPLES:773
AUC:{}
AVGP:{}
