

GENERAL_METRICS
ACC:0.795
PREC:0.6459057977411704
REC:0.6902843019864296
TNR:0.6902843019864296
FPR:0.3540942022588296
FPDR:0.3540942022588296
F1:0.6607976384897056
BACC:0.0
CLSFE:0.205
MCC:0.3332481530568582
GMEAN:0.6734936433525122
SAMPLES:1000.0
AUC:{'AUC macro OVO': 0.6459057977411704}
AVGP:{'avg_precision': 0.8362932136505953}


METRICS_PER_CLASSES
CLASS:0
ACC:0.795
PREC:0.3824884792626728
REC:0.538961038961039
TNR:0.8416075650118203
FPR:0.6175115207373272
FPDR:0.6175115207373272
F1:0.4474393530997305
BACC:0
CLSFE:0.6175115207373272
MCC:0.3332481530568582
GMEAN:0.6734936433525122
SAMPLES:217
AUC:{}
AVGP:{}
CLASS:1
ACC:0.795
PREC:0.909323116219668
REC:0.8416075650118203
TNR:0.538961038961039
FPR:0.09067688378033206
FPDR:0.09067688378033206
F1:0.8741559238796808
BACC:0
CLSFE:0.09067688378033206
MCC:0.3332481530568582
GMEAN:0.6734936433525122
SAMPLES:783
AUC:{}
AVGP:{}
