

GENERAL_METRICS
ACC:0.768
PREC:0.6361477868865608
REC:0.6812851131096063
TNR:0.6812851131096063
FPR:0.3638522131134391
FPDR:0.3638522131134391
F1:0.6491631330941997
BACC:0.0
CLSFE:0.232
MCC:0.3142073643016839
GMEAN:0.6685740201260435
SAMPLES:1000.0
AUC:{'AUC macro OVO': 0.6361477868865609}
AVGP:{'avg_precision': 0.8060735000745096}


METRICS_PER_CLASSES
CLASS:0
ACC:0.768
PREC:0.37349397590361444
REC:0.5502958579881657
TNR:0.8122743682310469
FPR:0.6265060240963856
FPDR:0.6265060240963856
F1:0.4449760765550239
BACC:0
CLSFE:0.6265060240963856
MCC:0.3142073643016839
GMEAN:0.6685740201260435
SAMPLES:249
AUC:{}
AVGP:{}
CLASS:1
ACC:0.768
PREC:0.8988015978695073
REC:0.8122743682310469
TNR:0.5502958579881657
FPR:0.10119840213049268
FPDR:0.10119840213049268
F1:0.8533501896333755
BACC:0
CLSFE:0.10119840213049268
MCC:0.3142073643016839
GMEAN:0.6685740201260435
SAMPLES:751
AUC:{}
AVGP:{}
