

GENERAL_METRICS
ACC:0.9189333333333334
PREC:0.6377628657402248
REC:0.6793745186243539
TNR:0.6793745186243539
FPR:0.3622371342597752
FPDR:0.3622371342597752
F1:0.6549741230592294
BACC:0.0
CLSFE:0.08106666666666666
MCC:0.31439559619348567
GMEAN:0.6240724193807148
SAMPLES:3750.0
AUC:{'AUC macro OVO': 0.6377628657402248}
AVGP:{'avg_precision': 0.9471975147216555}


METRICS_PER_CLASSES
CLASS:0
ACC:0.9189333333333334
PREC:0.30970149253731344
REC:0.41089108910891087
TNR:0.9478579481397971
FPR:0.6902985074626866
FPDR:0.6902985074626866
F1:0.35319148936170214
BACC:0
CLSFE:0.6902985074626866
MCC:0.31439559619348567
GMEAN:0.6240724193807148
SAMPLES:268
AUC:{}
AVGP:{}
CLASS:1
ACC:0.9189333333333334
PREC:0.9658242389431362
REC:0.9478579481397971
TNR:0.41089108910891087
FPR:0.034175761056863874
FPDR:0.034175761056863874
F1:0.9567567567567568
BACC:0
CLSFE:0.034175761056863874
MCC:0.31439559619348567
GMEAN:0.6240724193807148
SAMPLES:3482
AUC:{}
AVGP:{}
