

GENERAL_METRICS
ACC:0.9126153846153846
PREC:0.4940039973351099
REC:0.4614187927815806
TNR:0.4614187927815806
FPR:0.5059960026648901
FPDR:0.5059960026648901
F1:0.4771557271557272
BACC:0.0
CLSFE:0.08738461538461538
MCC:-0.0304192716083945
GMEAN:0.0
SAMPLES:3250.0
AUC:{'AUC macro OVO': 0.4940039973351099}
AVGP:{'avg_precision': 0.9228478353954894}


METRICS_PER_CLASSES
CLASS:0
ACC:0.9126153846153846
PREC:0.0
REC:0.0
TNR:0.9228375855631612
FPR:1.0
FPDR:1.0
F1:0.0
BACC:0
CLSFE:1.0
MCC:-0.0304192716083945
GMEAN:0
SAMPLES:248
AUC:{}
AVGP:{}
CLASS:1
ACC:0.9126153846153846
PREC:0.9880079946702198
REC:0.9228375855631612
TNR:0.0
FPR:0.011992005329780146
FPDR:0.011992005329780146
F1:0.9543114543114544
BACC:0
CLSFE:0.011992005329780146
MCC:-0.0304192716083945
GMEAN:0
SAMPLES:3002
AUC:{}
AVGP:{}
