

GENERAL_METRICS
ACC:0.9067692307692308
PREC:0.4959882228088925
REC:0.4721962939915647
TNR:0.4721962939915647
FPR:0.5040117771911075
FPDR:0.5040117771911075
F1:0.47882348271345215
BACC:0.0
CLSFE:0.09323076923076923
MCC:-0.021122715127833286
GMEAN:0.1595666710366053
SAMPLES:3250.0
AUC:{'AUC macro OVO': 0.4959882228088925}
AVGP:{'avg_precision': 0.9166220421965927}


METRICS_PER_CLASSES
CLASS:0
ACC:0.9067692307692308
PREC:0.0037174721189591076
REC:0.027777777777777776
TNR:0.9166148102053516
FPR:0.9962825278810409
FPDR:0.9962825278810409
F1:0.006557377049180328
BACC:0
CLSFE:0.9962825278810409
MCC:-0.021122715127833286
GMEAN:0.1595666710366053
SAMPLES:269
AUC:{}
AVGP:{}
CLASS:1
ACC:0.9067692307692308
PREC:0.9882589734988259
REC:0.9166148102053516
TNR:0.027777777777777776
FPR:0.011741026501174102
FPDR:0.011741026501174102
F1:0.951089588377724
BACC:0
CLSFE:0.011741026501174102
MCC:-0.021122715127833286
GMEAN:0.1595666710366053
SAMPLES:2981
AUC:{}
AVGP:{}
