

GENERAL_METRICS
ACC:0.9126153846153846
PREC:0.4985803309297557
REC:0.4934363623612519
TNR:0.4934363623612519
FPR:0.5014196690702444
FPDR:0.5014196690702444
F1:0.4874784829807319
BACC:0.0
CLSFE:0.08738461538461538
MCC:-0.006105143190465593
GMEAN:0.23805953228945187
SAMPLES:3250.0
AUC:{'AUC macro OVO': 0.4985803309297557}
AVGP:{'avg_precision': 0.9256512606063129}


METRICS_PER_CLASSES
CLASS:0
ACC:0.9126153846153846
PREC:0.012448132780082987
REC:0.061224489795918366
TNR:0.9256482349265854
FPR:0.9875518672199171
FPDR:0.9875518672199171
F1:0.020689655172413793
BACC:0
CLSFE:0.9875518672199171
MCC:-0.006105143190465593
GMEAN:0.23805953228945187
SAMPLES:241
AUC:{}
AVGP:{}
CLASS:1
ACC:0.9126153846153846
PREC:0.9847125290794284
REC:0.9256482349265854
TNR:0.061224489795918366
FPR:0.015287470920571618
FPDR:0.015287470920571618
F1:0.9542673107890499
BACC:0
CLSFE:0.015287470920571618
MCC:-0.006105143190465593
GMEAN:0.23805953228945187
SAMPLES:3009
AUC:{}
AVGP:{}
