

GENERAL_METRICS
ACC:0.9107692307692308
PREC:0.4961081016199065
REC:0.4742186959828528
TNR:0.4742186959828528
FPR:0.5038918983800935
FPDR:0.5038918983800935
F1:0.48006769877136
BACC:0.0
CLSFE:0.08923076923076922
MCC:-0.020033792984957565
GMEAN:0.15991834845284916
SAMPLES:3250.0
AUC:{'AUC macro OVO': 0.4961081016199065}
AVGP:{'avg_precision': 0.920666291017086}


METRICS_PER_CLASSES
CLASS:0
ACC:0.9107692307692308
PREC:0.00390625
REC:0.027777777777777776
TNR:0.9206596141879279
FPR:0.99609375
FPDR:0.99609375
F1:0.00684931506849315
BACC:0
CLSFE:0.99609375
MCC:-0.020033792984957565
GMEAN:0.15991834845284916
SAMPLES:256
AUC:{}
AVGP:{}
CLASS:1
ACC:0.9107692307692308
PREC:0.988309953239813
REC:0.9206596141879279
TNR:0.027777777777777776
FPR:0.01169004676018704
FPDR:0.01169004676018704
F1:0.9532860824742269
BACC:0
CLSFE:0.01169004676018704
MCC:-0.020033792984957565
GMEAN:0.15991834845284916
SAMPLES:2994
AUC:{}
AVGP:{}
