

GENERAL_METRICS
ACC:0.8608
PREC:0.6122151048168689
REC:0.6204130035356382
TNR:0.6204130035356382
FPR:0.38778489518313103
FPDR:0.38778489518313103
F1:0.6160608371462464
BACC:0.0
CLSFE:0.1392
MCC:0.23248361501891399
GMEAN:0.5441041339768579
SAMPLES:2500.0
AUC:{'AUC macro OVO': 0.6122151048168689}
AVGP:{'avg_precision': 0.916803663906547}


METRICS_PER_CLASSES
CLASS:0
ACC:0.8608
PREC:0.29770992366412213
REC:0.32231404958677684
TNR:0.9185119574844995
FPR:0.7022900763358778
FPDR:0.7022900763358778
F1:0.30952380952380953
BACC:0
CLSFE:0.7022900763358778
MCC:0.23248361501891399
GMEAN:0.5441041339768579
SAMPLES:262
AUC:{}
AVGP:{}
CLASS:1
ACC:0.8608
PREC:0.9267202859696158
REC:0.9185119574844995
TNR:0.32231404958677684
FPR:0.07327971403038427
FPDR:0.07327971403038427
F1:0.9225978647686833
BACC:0
CLSFE:0.07327971403038427
MCC:0.23248361501891399
GMEAN:0.5441041339768579
SAMPLES:2238
AUC:{}
AVGP:{}
