

GENERAL_METRICS
ACC:0.8568
PREC:0.609805681698173
REC:0.6200106765930127
TNR:0.6200106765930127
FPR:0.39019431830182705
FPDR:0.39019431830182705
F1:0.6145026265508193
BACC:0.0
CLSFE:0.1432
MCC:0.22958967010172493
GMEAN:0.5454372755077663
SAMPLES:2500.0
AUC:{'AUC macro OVO': 0.609805681698173}
AVGP:{'avg_precision': 0.9130584042093928}


METRICS_PER_CLASSES
CLASS:0
ACC:0.8568
PREC:0.29411764705882354
REC:0.3252032520325203
TNR:0.9148181011535049
FPR:0.7058823529411765
FPDR:0.7058823529411765
F1:0.3088803088803089
BACC:0
CLSFE:0.7058823529411765
MCC:0.22958967010172493
GMEAN:0.5454372755077663
SAMPLES:272
AUC:{}
AVGP:{}
CLASS:1
ACC:0.8568
PREC:0.9254937163375224
REC:0.9148181011535049
TNR:0.3252032520325203
FPR:0.07450628366247755
FPDR:0.07450628366247755
F1:0.9201249442213297
BACC:0
CLSFE:0.07450628366247755
MCC:0.22958967010172493
GMEAN:0.5454372755077663
SAMPLES:2228
AUC:{}
AVGP:{}
