

GENERAL_METRICS
ACC:0.852
PREC:0.6173647559972062
REC:0.609901637645779
TNR:0.609901637645779
FPR:0.38263524400279375
FPDR:0.38263524400279375
F1:0.6134080939389076
BACC:0.0
CLSFE:0.148
MCC:0.22714382127621457
GMEAN:0.5244493388569095
SAMPLES:2500.0
AUC:{'AUC macro OVO': 0.6173647559972062}
AVGP:{'avg_precision': 0.9191162481100921}


METRICS_PER_CLASSES
CLASS:0
ACC:0.852
PREC:0.32170542635658916
REC:0.29856115107913667
TNR:0.9212421242124212
FPR:0.6782945736434108
FPDR:0.6782945736434108
F1:0.30970149253731344
BACC:0
CLSFE:0.6782945736434108
MCC:0.22714382127621457
GMEAN:0.5244493388569095
SAMPLES:258
AUC:{}
AVGP:{}
CLASS:1
ACC:0.852
PREC:0.9130240856378233
REC:0.9212421242124212
TNR:0.29856115107913667
FPR:0.08697591436217662
FPDR:0.08697591436217662
F1:0.9171146953405018
BACC:0
CLSFE:0.08697591436217662
MCC:0.22714382127621457
GMEAN:0.5244493388569095
SAMPLES:2242
AUC:{}
AVGP:{}
