

GENERAL_METRICS
ACC:0.854
PREC:0.5963735262564893
REC:0.5940096479480581
TNR:0.5940096479480581
FPR:0.4036264737435107
FPDR:0.4036264737435107
F1:0.5951639730097484
BACC:0.0
CLSFE:0.146
MCC:0.19036849818061283
GMEAN:0.4963670683885645
SAMPLES:2500.0
AUC:{'AUC macro OVO': 0.5963735262564893}
AVGP:{'avg_precision': 0.9187257016764824}


METRICS_PER_CLASSES
CLASS:0
ACC:0.854
PREC:0.27530364372469635
REC:0.2677165354330709
TNR:0.9203027604630454
FPR:0.7246963562753036
FPDR:0.7246963562753036
F1:0.2714570858283433
BACC:0
CLSFE:0.7246963562753036
MCC:0.19036849818061283
GMEAN:0.4963670683885645
SAMPLES:247
AUC:{}
AVGP:{}
CLASS:1
ACC:0.854
PREC:0.9174434087882823
REC:0.9203027604630454
TNR:0.2677165354330709
FPR:0.08255659121171771
FPDR:0.08255659121171771
F1:0.9188708601911536
BACC:0
CLSFE:0.08255659121171771
MCC:0.19036849818061283
GMEAN:0.4963670683885645
SAMPLES:2253
AUC:{}
AVGP:{}
