

GENERAL_METRICS
ACC:0.92075
PREC:0.5951546473759632
REC:0.6074942595334664
TNR:0.6074942595334664
FPR:0.4048453526240367
FPDR:0.4048453526240367
F1:0.6008108451004411
BACC:0.0
CLSFE:0.07925
MCC:0.20227286877727596
GMEAN:0.4984363627382497
SAMPLES:4000.0
AUC:{'AUC macro OVO': 0.5951546473759632}
AVGP:{'avg_precision': 0.9543800176757489}


METRICS_PER_CLASSES
CLASS:0
ACC:0.92075
PREC:0.22869955156950672
REC:0.2602040816326531
TNR:0.9547844374342797
FPR:0.7713004484304933
FPDR:0.7713004484304933
F1:0.24343675417661098
BACC:0
CLSFE:0.7713004484304933
MCC:0.20227286877727596
GMEAN:0.4984363627382497
SAMPLES:223
AUC:{}
AVGP:{}
CLASS:1
ACC:0.92075
PREC:0.9616097431824199
REC:0.9547844374342797
TNR:0.2602040816326531
FPR:0.03839025681758009
FPDR:0.03839025681758009
F1:0.9581849360242712
BACC:0
CLSFE:0.03839025681758009
MCC:0.20227286877727596
GMEAN:0.4984363627382497
SAMPLES:3777
AUC:{}
AVGP:{}
