

GENERAL_METRICS
ACC:0.9005
PREC:0.7294834212754869
REC:0.7403762173020656
TNR:0.7403762173020656
FPR:0.27051657872451307
FPDR:0.27051657872451307
F1:0.734744298168736
BACC:0.0
CLSFE:0.0995
MCC:0.46973335729853344
GMEAN:0.712524654944113
SAMPLES:2000.0
AUC:{'AUC macro OVO': 0.7294834212754869}
AVGP:{'avg_precision': 0.938954420966605}


METRICS_PER_CLASSES
CLASS:0
ACC:0.9005
PREC:0.5116279069767442
REC:0.5392156862745098
TNR:0.9415367483296214
FPR:0.4883720930232558
FPDR:0.4883720930232558
F1:0.5250596658711217
BACC:0
CLSFE:0.4883720930232558
MCC:0.46973335729853344
GMEAN:0.712524654944113
SAMPLES:215
AUC:{}
AVGP:{}
CLASS:1
ACC:0.9005
PREC:0.9473389355742297
REC:0.9415367483296214
TNR:0.5392156862745098
FPR:0.05266106442577031
FPDR:0.05266106442577031
F1:0.9444289304663502
BACC:0
CLSFE:0.05266106442577031
MCC:0.46973335729853344
GMEAN:0.712524654944113
SAMPLES:1785
AUC:{}
AVGP:{}
