

GENERAL_METRICS
ACC:0.882
PREC:0.7020607948382791
REC:0.7244308528712198
TNR:0.7244308528712198
FPR:0.29793920516172095
FPDR:0.29793920516172095
F1:0.7123186144484319
BACC:0.0
CLSFE:0.118
MCC:0.42590457390073444
GMEAN:0.6958446637909941
SAMPLES:2000.0
AUC:{'AUC macro OVO': 0.7020607948382791}
AVGP:{'avg_precision': 0.9230249588242747}


METRICS_PER_CLASSES
CLASS:0
ACC:0.882
PREC:0.4634146341463415
REC:0.5229357798165137
TNR:0.9259259259259259
FPR:0.5365853658536586
FPDR:0.5365853658536586
F1:0.49137931034482757
BACC:0
CLSFE:0.5365853658536586
MCC:0.42590457390073444
GMEAN:0.6958446637909941
SAMPLES:246
AUC:{}
AVGP:{}
CLASS:1
ACC:0.882
PREC:0.9407069555302167
REC:0.9259259259259259
TNR:0.5229357798165137
FPR:0.059293044469783354
FPDR:0.059293044469783354
F1:0.9332579185520362
BACC:0
CLSFE:0.059293044469783354
MCC:0.42590457390073444
GMEAN:0.6958446637909941
SAMPLES:1754
AUC:{}
AVGP:{}
