

GENERAL_METRICS
ACC:0.9045
PREC:0.7502644498087825
REC:0.7655571370263001
TNR:0.7655571370263001
FPR:0.24973555019121754
FPDR:0.24973555019121754
F1:0.7575759114225534
BACC:0.0
CLSFE:0.0955
MCC:0.5155948440032443
GMEAN:0.7448686851679418
SAMPLES:2000.0
AUC:{'AUC macro OVO': 0.7502644498087825}
AVGP:{'avg_precision': 0.9395054147858082}


METRICS_PER_CLASSES
CLASS:0
ACC:0.9045
PREC:0.5502183406113537
REC:0.5887850467289719
TNR:0.9423292273236282
FPR:0.4497816593886463
FPDR:0.4497816593886463
F1:0.5688487584650113
BACC:0
CLSFE:0.4497816593886463
MCC:0.5155948440032443
GMEAN:0.7448686851679418
SAMPLES:229
AUC:{}
AVGP:{}
CLASS:1
ACC:0.9045
PREC:0.9503105590062112
REC:0.9423292273236282
TNR:0.5887850467289719
FPR:0.049689440993788817
FPDR:0.049689440993788817
F1:0.9463030643800956
BACC:0
CLSFE:0.049689440993788817
MCC:0.5155948440032443
GMEAN:0.7448686851679418
SAMPLES:1771
AUC:{}
AVGP:{}
