

GENERAL_METRICS
ACC:0.897
PREC:0.6949789411791425
REC:0.7394528792485224
TNR:0.7394528792485224
FPR:0.30502105882085745
FPDR:0.30502105882085745
F1:0.7138888888888889
BACC:0.0
CLSFE:0.103
MCC:0.4321493670395642
GMEAN:0.7142443618140446
SAMPLES:2000.0
AUC:{'AUC macro OVO': 0.6949789411791425}
AVGP:{'avg_precision': 0.928975082660101}


METRICS_PER_CLASSES
CLASS:0
ACC:0.897
PREC:0.4349775784753363
REC:0.5480225988700564
TNR:0.9308831596269885
FPR:0.5650224215246636
FPDR:0.5650224215246636
F1:0.485
BACC:0
CLSFE:0.5650224215246636
MCC:0.4321493670395642
GMEAN:0.7142443618140446
SAMPLES:223
AUC:{}
AVGP:{}
CLASS:1
ACC:0.897
PREC:0.9549803038829487
REC:0.9308831596269885
TNR:0.5480225988700564
FPR:0.04501969611705121
FPDR:0.04501969611705121
F1:0.9427777777777778
BACC:0
CLSFE:0.04501969611705121
MCC:0.4321493670395642
GMEAN:0.7142443618140446
SAMPLES:1777
AUC:{}
AVGP:{}
