

GENERAL_METRICS
ACC:0.535
PREC:0.535
REC:0.535031528375538
TNR:0.535031528375538
FPR:0.46499999999999997
FPDR:0.46499999999999997
F1:0.5348953514540772
BACC:0.0
CLSFE:0.465
MCC:0.07003152127845945
GMEAN:0.5350304962043583
SAMPLES:1000.0
AUC:0.535
AVGP:0.5186893203883496


METRICS_PER_CLASSES

======>> CLASS:0
ACC:0.535
PREC:0.52
REC:0.5360824742268041
TNR:0.5339805825242718
FPR:0.48
FPDR:0.48
F1:0.5279187817258884
BACC:0
CLSFE:0.48
MCC:0.07003152127845945
GMEAN:0.5350304962043583
SAMPLES:500
AUC:0.535
AVGP:0.5186893203883496

======>> CLASS:1
ACC:0.535
PREC:0.55
REC:0.5339805825242718
TNR:0.5360824742268041
FPR:0.45
FPDR:0.45
F1:0.541871921182266
BACC:0
CLSFE:0.45
MCC:0.07003152127845945
GMEAN:0.5350304962043583
SAMPLES:500
AUC:{}
AVGP:{}
