

GENERAL_METRICS
ACC:0.9165714285714286
PREC:0.6276686743715025
REC:0.6598741493531048
TNR:0.6598741493531048
FPR:0.3723313256284975
FPDR:0.3723313256284975
F1:0.641358710070451
BACC:0.0
CLSFE:0.08342857142857144
MCC:0.2857335872044622
GMEAN:0.5936375533690695
SAMPLES:3500.0
AUC:{'AUC macro OVO': 0.6276686743715025}
AVGP:{'avg_precision': 0.947377659449178}


METRICS_PER_CLASSES
CLASS:0
ACC:0.9165714285714286
PREC:0.29218106995884774
REC:0.3717277486910995
TNR:0.9480205500151103
FPR:0.7078189300411523
FPDR:0.7078189300411523
F1:0.3271889400921659
BACC:0
CLSFE:0.7078189300411523
MCC:0.2857335872044622
GMEAN:0.5936375533690695
SAMPLES:243
AUC:{}
AVGP:{}
CLASS:1
ACC:0.9165714285714286
PREC:0.9631562787841572
REC:0.9480205500151103
TNR:0.3717277486910995
FPR:0.0368437212158428
FPDR:0.0368437212158428
F1:0.9555284800487359
BACC:0
CLSFE:0.0368437212158428
MCC:0.2857335872044622
GMEAN:0.5936375533690695
SAMPLES:3257
AUC:{}
AVGP:{}
