

GENERAL_METRICS
ACC:0.9148571428571428
PREC:0.6008564911122908
REC:0.6578592814371258
TNR:0.6578592814371258
FPR:0.3991435088877093
FPDR:0.3991435088877093
F1:0.6209031736546969
BACC:0.0
CLSFE:0.08514285714285715
MCC:0.25235794590427363
GMEAN:0.5939439881654197
SAMPLES:3500.0
AUC:{'AUC macro OVO': 0.6008564911122907}
AVGP:{'avg_precision': 0.9402733793891024}


METRICS_PER_CLASSES
CLASS:0
ACC:0.9148571428571428
PREC:0.23255813953488372
REC:0.375
TNR:0.9407185628742515
FPR:0.7674418604651163
FPDR:0.7674418604651163
F1:0.28708133971291866
BACC:0
CLSFE:0.7674418604651163
MCC:0.25235794590427363
GMEAN:0.5939439881654197
SAMPLES:258
AUC:{}
AVGP:{}
CLASS:1
ACC:0.9148571428571428
PREC:0.9691548426896978
REC:0.9407185628742515
TNR:0.375
FPR:0.030845157310302282
FPDR:0.030845157310302282
F1:0.9547250075964753
BACC:0
CLSFE:0.030845157310302282
MCC:0.25235794590427363
GMEAN:0.5939439881654197
SAMPLES:3242
AUC:{}
AVGP:{}
