

GENERAL_METRICS
ACC:0.9277142857142857
PREC:0.6193396182689545
REC:0.6864777843994173
TNR:0.6864777843994173
FPR:0.3806603817310455
FPDR:0.3806603817310455
F1:0.6435723270440251
BACC:0.0
CLSFE:0.07228571428571429
MCC:0.2983567502562451
GMEAN:0.6341552337939598
SAMPLES:3500.0
AUC:{'AUC macro OVO': 0.6193396182689546}
AVGP:{'avg_precision': 0.9489548614845784}


METRICS_PER_CLASSES
CLASS:0
ACC:0.9277142857142857
PREC:0.26406926406926406
REC:0.4236111111111111
TNR:0.9493444576877235
FPR:0.7359307359307359
FPDR:0.7359307359307359
F1:0.3253333333333333
BACC:0
CLSFE:0.7359307359307359
MCC:0.2983567502562451
GMEAN:0.6341552337939598
SAMPLES:231
AUC:{}
AVGP:{}
CLASS:1
ACC:0.9277142857142857
PREC:0.9746099724686449
REC:0.9493444576877235
TNR:0.4236111111111111
FPR:0.025390027531355153
FPDR:0.025390027531355153
F1:0.961811320754717
BACC:0
CLSFE:0.025390027531355153
MCC:0.2983567502562451
GMEAN:0.6341552337939598
SAMPLES:3269
AUC:{}
AVGP:{}
