

GENERAL_METRICS
ACC:0.9251428571428572
PREC:0.6583662475647017
REC:0.7228580132137251
TNR:0.7228580132137251
FPR:0.34163375243529825
FPDR:0.34163375243529825
F1:0.6836443071844827
BACC:0.0
CLSFE:0.07485714285714286
MCC:0.3757296224275236
GMEAN:0.6867453111944186
SAMPLES:3500.0
AUC:{'AUC macro OVO': 0.6583662475647017}
AVGP:{'avg_precision': 0.9478308687219198}


METRICS_PER_CLASSES
CLASS:0
ACC:0.9251428571428572
PREC:0.3448275862068966
REC:0.4972375690607735
TNR:0.9484784573666767
FPR:0.6551724137931034
FPDR:0.6551724137931034
F1:0.4072398190045249
BACC:0
CLSFE:0.6551724137931034
MCC:0.3757296224275236
GMEAN:0.6867453111944186
SAMPLES:261
AUC:{}
AVGP:{}
CLASS:1
ACC:0.9251428571428572
PREC:0.9719049089225069
REC:0.9484784573666767
TNR:0.4972375690607735
FPR:0.028095091077493053
FPDR:0.028095091077493053
F1:0.9600487953644404
BACC:0
CLSFE:0.028095091077493053
MCC:0.3757296224275236
GMEAN:0.6867453111944186
SAMPLES:3239
AUC:{}
AVGP:{}
