

GENERAL_METRICS
ACC:0.854
PREC:0.8527612274969569
REC:0.8559595959595959
TNR:0.8559595959595959
FPR:0.14723877250304312
FPDR:0.14723877250304312
F1:0.8533612415682714
BACC:0.0
CLSFE:0.146
MCC:0.7087136065013225
GMEAN:0.8557352559540995
SAMPLES:500.0
AUC:{'AUC macro OVO': 0.8527612274969568}
AVGP:{'avg_precision': 0.8027456382001836}


METRICS_PER_CLASSES
CLASS:0
ACC:0.854
PREC:0.8914728682170543
REC:0.8363636363636363
TNR:0.8755555555555555
FPR:0.10852713178294573
FPDR:0.10852713178294573
F1:0.8630393996247655
BACC:0
CLSFE:0.10852713178294573
MCC:0.7087136065013225
GMEAN:0.8557352559540995
SAMPLES:258
AUC:{}
AVGP:{}
CLASS:1
ACC:0.854
PREC:0.8140495867768595
REC:0.8755555555555555
TNR:0.8363636363636363
FPR:0.1859504132231405
FPDR:0.1859504132231405
F1:0.8436830835117773
BACC:0
CLSFE:0.1859504132231405
MCC:0.7087136065013225
GMEAN:0.8557352559540995
SAMPLES:242
AUC:{}
AVGP:{}
