

GENERAL_METRICS
ACC:0.832
PREC:0.8324078667328095
REC:0.8335608189482135
TNR:0.8335608189482135
FPR:0.16759213326719047
FPDR:0.16759213326719047
F1:0.8319031762295082
BACC:0.0
CLSFE:0.168
MCC:0.6659676876612696
GMEAN:0.8331548049097474
SAMPLES:500.0
AUC:{'AUC macro OVO': 0.8324078667328095}
AVGP:{'avg_precision': 0.7883005634513498}


METRICS_PER_CLASSES
CLASS:0
ACC:0.832
PREC:0.8663967611336032
REC:0.8075471698113208
TNR:0.8595744680851064
FPR:0.13360323886639677
FPDR:0.13360323886639677
F1:0.8359375
BACC:0
CLSFE:0.13360323886639677
MCC:0.6659676876612696
GMEAN:0.8331548049097474
SAMPLES:247
AUC:{}
AVGP:{}
CLASS:1
ACC:0.832
PREC:0.7984189723320159
REC:0.8595744680851064
TNR:0.8075471698113208
FPR:0.2015810276679842
FPDR:0.2015810276679842
F1:0.8278688524590164
BACC:0
CLSFE:0.2015810276679842
MCC:0.6659676876612696
GMEAN:0.8331548049097474
SAMPLES:253
AUC:{}
AVGP:{}
