

GENERAL_METRICS
ACC:0.864
PREC:0.862451149977577
REC:0.86737012987013
TNR:0.86737012987013
FPR:0.13754885002242295
FPDR:0.13754885002242295
F1:0.8632099003846216
BACC:0.0
CLSFE:0.136
MCC:0.7298047027495517
GMEAN:0.8669153406141846
SAMPLES:500.0
AUC:{'AUC macro OVO': 0.8624511499775769}
AVGP:{'avg_precision': 0.8189444027047332}


METRICS_PER_CLASSES
CLASS:0
ACC:0.864
PREC:0.9108527131782945
REC:0.8392857142857143
TNR:0.8954545454545455
FPR:0.08914728682170543
FPDR:0.08914728682170543
F1:0.8736059479553904
BACC:0
CLSFE:0.08914728682170543
MCC:0.7298047027495517
GMEAN:0.8669153406141846
SAMPLES:258
AUC:{}
AVGP:{}
CLASS:1
ACC:0.864
PREC:0.8140495867768595
REC:0.8954545454545455
TNR:0.8392857142857143
FPR:0.1859504132231405
FPDR:0.1859504132231405
F1:0.8528138528138528
BACC:0
CLSFE:0.1859504132231405
MCC:0.7298047027495517
GMEAN:0.8669153406141846
SAMPLES:242
AUC:{}
AVGP:{}
