

GENERAL_METRICS
ACC:0.876
PREC:0.8756940999503928
REC:0.8769971898835809
TNR:0.8769971898835809
FPR:0.12430590004960715
FPDR:0.12430590004960715
F1:0.8758390874573447
BACC:0.0
CLSFE:0.124
MCC:0.7526901618518453
GMEAN:0.876839695878423
SAMPLES:500.0
AUC:{'AUC macro OVO': 0.8756940999503929}
AVGP:{'avg_precision': 0.833755362218968}


METRICS_PER_CLASSES
CLASS:0
ACC:0.876
PREC:0.9011857707509882
REC:0.8603773584905661
TNR:0.8936170212765957
FPR:0.09881422924901186
FPDR:0.09881422924901186
F1:0.8803088803088803
BACC:0
CLSFE:0.09881422924901186
MCC:0.7526901618518453
GMEAN:0.876839695878423
SAMPLES:253
AUC:{}
AVGP:{}
CLASS:1
ACC:0.876
PREC:0.8502024291497976
REC:0.8936170212765957
TNR:0.8603773584905661
FPR:0.14979757085020243
FPDR:0.14979757085020243
F1:0.8713692946058091
BACC:0
CLSFE:0.14979757085020243
MCC:0.7526901618518453
GMEAN:0.876839695878423
SAMPLES:247
AUC:{}
AVGP:{}
