

GENERAL_METRICS
ACC:0.892
PREC:0.5291030990984092
REC:0.5311908184159947
TNR:0.5311908184159947
FPR:0.4708969009015907
FPDR:0.4708969009015907
F1:0.530063410110529
BACC:0.0
CLSFE:0.108
MCC:0.060257762299016145
GMEAN:0.3389207095069607
SAMPLES:3750.0
AUC:{'AUC macro OVO': 0.5291030990984094}
AVGP:{'avg_precision': 0.94000661214069}


METRICS_PER_CLASSES
CLASS:0
ACC:0.892
PREC:0.1134453781512605
REC:0.12217194570135746
TNR:0.9402096911306319
FPR:0.8865546218487395
FPDR:0.8865546218487395
F1:0.11764705882352941
BACC:0
CLSFE:0.8865546218487395
MCC:0.060257762299016145
GMEAN:0.3389207095069607
SAMPLES:238
AUC:{}
AVGP:{}
CLASS:1
ACC:0.892
PREC:0.9447608200455581
REC:0.9402096911306319
TNR:0.12217194570135746
FPR:0.055239179954441914
FPDR:0.055239179954441914
F1:0.9424797613975288
BACC:0
CLSFE:0.055239179954441914
MCC:0.060257762299016145
GMEAN:0.3389207095069607
SAMPLES:3512
AUC:{}
AVGP:{}
