

GENERAL_METRICS
ACC:0.8962666666666667
PREC:0.5196809679778904
REC:0.5237525077406562
TNR:0.5237525077406562
FPR:0.48031903202210957
FPDR:0.48031903202210957
F1:0.5212093979825643
BACC:0.0
CLSFE:0.10373333333333333
MCC:0.04324221753048509
GMEAN:0.3188608060795583
SAMPLES:3750.0
AUC:{'AUC macro OVO': 0.5196809679778904}
AVGP:{'avg_precision': 0.9391365670239128}


METRICS_PER_CLASSES
CLASS:0
ACC:0.8962666666666667
PREC:0.08860759493670886
REC:0.10824742268041238
TNR:0.9392575928008999
FPR:0.9113924050632911
FPDR:0.9113924050632911
F1:0.09744779582366589
BACC:0
CLSFE:0.9113924050632911
MCC:0.04324221753048509
GMEAN:0.3188608060795583
SAMPLES:237
AUC:{}
AVGP:{}
CLASS:1
ACC:0.8962666666666667
PREC:0.950754341019072
REC:0.9392575928008999
TNR:0.10824742268041238
FPR:0.04924565898092798
FPDR:0.04924565898092798
F1:0.9449710001414627
BACC:0
CLSFE:0.04924565898092798
MCC:0.04324221753048509
GMEAN:0.3188608060795583
SAMPLES:3513
AUC:{}
AVGP:{}
