

GENERAL_METRICS
ACC:0.8797333333333334
PREC:0.5117643958187144
REC:0.5130210612292523
TNR:0.5130210612292523
FPR:0.48823560418128564
FPDR:0.48823560418128564
F1:0.5122531525101118
BACC:0.0
CLSFE:0.12026666666666666
MCC:0.024753578996229174
GMEAN:0.2960173723369303
SAMPLES:3750.0
AUC:{'AUC macro OVO': 0.5117643958187144}
AVGP:{'avg_precision': 0.9319262878195766}


METRICS_PER_CLASSES
CLASS:0
ACC:0.8797333333333334
PREC:0.0842911877394636
REC:0.09401709401709402
TNR:0.9320250284414107
FPR:0.9157088122605364
FPDR:0.9157088122605364
F1:0.08888888888888889
BACC:0
CLSFE:0.9157088122605364
MCC:0.024753578996229174
GMEAN:0.2960173723369303
SAMPLES:261
AUC:{}
AVGP:{}
CLASS:1
ACC:0.8797333333333334
PREC:0.9392376038979651
REC:0.9320250284414107
TNR:0.09401709401709402
FPR:0.06076239610203497
FPDR:0.06076239610203497
F1:0.9356174161313348
BACC:0
CLSFE:0.06076239610203497
MCC:0.024753578996229174
GMEAN:0.2960173723369303
SAMPLES:3489
AUC:{}
AVGP:{}
