

GENERAL_METRICS
ACC:0.8909333333333334
PREC:0.5251041270979981
REC:0.531153578182542
TNR:0.531153578182542
FPR:0.4748958729020019
FPDR:0.4748958729020019
F1:0.527346710101976
BACC:0.0
CLSFE:0.10906666666666667
MCC:0.05593150762323349
GMEAN:0.3451787017667983
SAMPLES:3750.0
AUC:{'AUC macro OVO': 0.5251041270979981}
AVGP:{'avg_precision': 0.9346834497615003}


METRICS_PER_CLASSES
CLASS:0
ACC:0.8909333333333334
PREC:0.10116731517509728
REC:0.12745098039215685
TNR:0.9348561759729273
FPR:0.8988326848249028
FPDR:0.8988326848249028
F1:0.11279826464208242
BACC:0
CLSFE:0.8988326848249028
MCC:0.05593150762323349
GMEAN:0.3451787017667983
SAMPLES:257
AUC:{}
AVGP:{}
CLASS:1
ACC:0.8909333333333334
PREC:0.9490409390208989
REC:0.9348561759729273
TNR:0.12745098039215685
FPR:0.05095906097910106
FPDR:0.05095906097910106
F1:0.9418951555618695
BACC:0
CLSFE:0.05095906097910106
MCC:0.05593150762323349
GMEAN:0.3451787017667983
SAMPLES:3493
AUC:{}
AVGP:{}
