

GENERAL_METRICS
ACC:0.8333333333333334
PREC:0.8024774648899393
REC:0.8167642140468228
TNR:0.8167642140468228
FPR:0.19752253511006077
FPDR:0.19752253511006077
F1:0.8087277282566783
BACC:0.0
CLSFE:0.16666666666666666
MCC:0.6190768496163849
GMEAN:0.8156393556765319
SAMPLES:750.0
AUC:{'AUC macro OVO': 0.8024774648899393}
AVGP:{'avg_precision': 0.8393695596320848}


METRICS_PER_CLASSES
CLASS:0
ACC:0.8333333333333334
PREC:0.7091633466135459
REC:0.7739130434782608
TNR:0.8596153846153847
FPR:0.2908366533864542
FPDR:0.2908366533864542
F1:0.7401247401247402
BACC:0
CLSFE:0.2908366533864542
MCC:0.6190768496163849
GMEAN:0.8156393556765319
SAMPLES:251
AUC:{}
AVGP:{}
CLASS:1
ACC:0.8333333333333334
PREC:0.8957915831663327
REC:0.8596153846153847
TNR:0.7739130434782608
FPR:0.10420841683366733
FPDR:0.10420841683366733
F1:0.8773307163886163
BACC:0
CLSFE:0.10420841683366733
MCC:0.6190768496163849
GMEAN:0.8156393556765319
SAMPLES:499
AUC:{}
AVGP:{}
