

GENERAL_METRICS
ACC:0.8146666666666667
PREC:0.7903669297209968
REC:0.799665728783397
TNR:0.799665728783397
FPR:0.2096330702790033
FPDR:0.2096330702790033
F1:0.7944901680548027
BACC:0.0
CLSFE:0.18533333333333332
MCC:0.5899593803286457
GMEAN:0.7984184641302323
SAMPLES:750.0
AUC:{'AUC macro OVO': 0.7903669297209968}
AVGP:{'avg_precision': 0.8192335659259993}


METRICS_PER_CLASSES
CLASS:0
ACC:0.8146666666666667
PREC:0.706766917293233
REC:0.7550200803212851
TNR:0.844311377245509
FPR:0.2932330827067669
FPDR:0.2932330827067669
F1:0.7300970873786408
BACC:0
CLSFE:0.2932330827067669
MCC:0.5899593803286457
GMEAN:0.7984184641302323
SAMPLES:266
AUC:{}
AVGP:{}
CLASS:1
ACC:0.8146666666666667
PREC:0.8739669421487604
REC:0.844311377245509
TNR:0.7550200803212851
FPR:0.12603305785123967
FPDR:0.12603305785123967
F1:0.8588832487309644
BACC:0
CLSFE:0.12603305785123967
MCC:0.5899593803286457
GMEAN:0.7984184641302323
SAMPLES:484
AUC:{}
AVGP:{}
