

GENERAL_METRICS
ACC:0.8386666666666667
PREC:0.8090942680889346
REC:0.8209718990065811
TNR:0.8209718990065811
FPR:0.1909057319110654
FPDR:0.1909057319110654
F1:0.8144395665962594
BACC:0.0
CLSFE:0.16133333333333333
MCC:0.6299542021466469
GMEAN:0.8196776690382849
SAMPLES:750.0
AUC:{'AUC macro OVO': 0.8090942680889346}
AVGP:{'avg_precision': 0.8465712026652542}


METRICS_PER_CLASSES
CLASS:0
ACC:0.8386666666666667
PREC:0.7217741935483871
REC:0.7748917748917749
TNR:0.8670520231213873
FPR:0.2782258064516129
FPDR:0.2782258064516129
F1:0.7473903966597077
BACC:0
CLSFE:0.2782258064516129
MCC:0.6299542021466469
GMEAN:0.8196776690382849
SAMPLES:248
AUC:{}
AVGP:{}
CLASS:1
ACC:0.8386666666666667
PREC:0.896414342629482
REC:0.8670520231213873
TNR:0.7748917748917749
FPR:0.10358565737051793
FPDR:0.10358565737051793
F1:0.881488736532811
BACC:0
CLSFE:0.10358565737051793
MCC:0.6299542021466469
GMEAN:0.8196776690382849
SAMPLES:502
AUC:{}
AVGP:{}
