

GENERAL_METRICS
ACC:0.8093333333333333
PREC:0.7829999999999999
REC:0.7859163467367145
TNR:0.7859163467367145
FPR:0.217
FPDR:0.217
F1:0.7844112769485905
BACC:0.0
CLSFE:0.19066666666666668
MCC:0.5689088718819217
GMEAN:0.7830080693672842
SAMPLES:750.0
AUC:{'AUC macro OVO': 0.783}
AVGP:{'avg_precision': 0.8276871287128712}


METRICS_PER_CLASSES
CLASS:0
ACC:0.8093333333333333
PREC:0.704
REC:0.7183673469387755
TNR:0.8534653465346534
FPR:0.296
FPDR:0.296
F1:0.7111111111111111
BACC:0
CLSFE:0.296
MCC:0.5689088718819217
GMEAN:0.7830080693672842
SAMPLES:250
AUC:{}
AVGP:{}
CLASS:1
ACC:0.8093333333333333
PREC:0.862
REC:0.8534653465346534
TNR:0.7183673469387755
FPR:0.138
FPDR:0.138
F1:0.8577114427860697
BACC:0
CLSFE:0.138
MCC:0.5689088718819217
GMEAN:0.7830080693672842
SAMPLES:500
AUC:{}
AVGP:{}
