

GENERAL_METRICS
ACC:0.844
PREC:0.8115185468126644
REC:0.7912698412698412
TNR:0.7912698412698412
FPR:0.18848145318733553
FPDR:0.18848145318733553
F1:0.8002499436602405
BACC:0.0
CLSFE:0.156
MCC:0.6024481975497525
GMEAN:0.7821419511482757
SAMPLES:1000.0
AUC:{'AUC macro OVO': 0.8115185468126644}
AVGP:{'avg_precision': 0.8910493166963755}


METRICS_PER_CLASSES
CLASS:0
ACC:0.844
PREC:0.746031746031746
REC:0.6714285714285714
TNR:0.9111111111111111
FPR:0.25396825396825395
FPDR:0.25396825396825395
F1:0.706766917293233
BACC:0
CLSFE:0.25396825396825395
MCC:0.6024481975497525
GMEAN:0.7821419511482757
SAMPLES:252
AUC:{}
AVGP:{}
CLASS:1
ACC:0.844
PREC:0.8770053475935828
REC:0.9111111111111111
TNR:0.6714285714285714
FPR:0.12299465240641712
FPDR:0.12299465240641712
F1:0.8937329700272479
BACC:0
CLSFE:0.12299465240641712
MCC:0.6024481975497525
GMEAN:0.7821419511482757
SAMPLES:748
AUC:{}
AVGP:{}
