

GENERAL_METRICS
ACC:0.84
PREC:0.7840443103600998
REC:0.7930975154711787
TNR:0.7930975154711787
FPR:0.21595568963990017
FPDR:0.21595568963990017
F1:0.7883497097745396
BACC:0.0
CLSFE:0.16
MCC:0.5770708159325669
GMEAN:0.7876621993932601
SAMPLES:1000.0
AUC:{'AUC macro OVO': 0.7840443103600998}
AVGP:{'avg_precision': 0.8713306952128508}


METRICS_PER_CLASSES
CLASS:0
ACC:0.84
PREC:0.667953667953668
REC:0.7004048582995951
TNR:0.8857901726427623
FPR:0.33204633204633205
FPDR:0.33204633204633205
F1:0.6837944664031621
BACC:0
CLSFE:0.33204633204633205
MCC:0.5770708159325669
GMEAN:0.7876621993932601
SAMPLES:259
AUC:{}
AVGP:{}
CLASS:1
ACC:0.84
PREC:0.9001349527665317
REC:0.8857901726427623
TNR:0.7004048582995951
FPR:0.09986504723346828
FPDR:0.09986504723346828
F1:0.892904953145917
BACC:0
CLSFE:0.09986504723346828
MCC:0.5770708159325669
GMEAN:0.7876621993932601
SAMPLES:741
AUC:{}
AVGP:{}
