

GENERAL_METRICS
ACC:0.835
PREC:0.7935203272043614
REC:0.7830478345184227
TNR:0.7830478345184227
FPR:0.20647967279563867
FPDR:0.20647967279563867
F1:0.787961072223029
BACC:0.0
CLSFE:0.165
MCC:0.5764730453449958
GMEAN:0.774715317732528
SAMPLES:1000.0
AUC:{'AUC macro OVO': 0.7935203272043612}
AVGP:{'avg_precision': 0.8783265792081405}


METRICS_PER_CLASSES
CLASS:0
ACC:0.835
PREC:0.708171206225681
REC:0.6691176470588235
TNR:0.896978021978022
FPR:0.2918287937743191
FPDR:0.2918287937743191
F1:0.6880907372400756
BACC:0
CLSFE:0.2918287937743191
MCC:0.5764730453449958
GMEAN:0.774715317732528
SAMPLES:257
AUC:{}
AVGP:{}
CLASS:1
ACC:0.835
PREC:0.8788694481830417
REC:0.896978021978022
TNR:0.6691176470588235
FPR:0.12113055181695828
FPDR:0.12113055181695828
F1:0.8878314072059823
BACC:0
CLSFE:0.12113055181695828
MCC:0.5764730453449958
GMEAN:0.774715317732528
SAMPLES:743
AUC:{}
AVGP:{}
