

GENERAL_METRICS
ACC:0.835
PREC:0.7900664156035193
REC:0.7712768158215934
TNR:0.7712768158215934
FPR:0.2099335843964807
FPDR:0.2099335843964807
F1:0.7797059809158624
BACC:0.0
CLSFE:0.165
MCC:0.5610286752090509
GMEAN:0.7595697144705683
SAMPLES:1000.0
AUC:{'AUC macro OVO': 0.7900664156035193}
AVGP:{'avg_precision': 0.8874502836116174}


METRICS_PER_CLASSES
CLASS:0
ACC:0.835
PREC:0.7046413502109705
REC:0.6374045801526718
TNR:0.9051490514905149
FPR:0.29535864978902954
FPDR:0.29535864978902954
F1:0.6693386773547094
BACC:0
CLSFE:0.29535864978902954
MCC:0.5610286752090509
GMEAN:0.7595697144705683
SAMPLES:237
AUC:{}
AVGP:{}
CLASS:1
ACC:0.835
PREC:0.8754914809960681
REC:0.9051490514905149
TNR:0.6374045801526718
FPR:0.12450851900393185
FPDR:0.12450851900393185
F1:0.8900732844770153
BACC:0
CLSFE:0.12450851900393185
MCC:0.5610286752090509
GMEAN:0.7595697144705683
SAMPLES:763
AUC:{}
AVGP:{}
