

GENERAL_METRICS
ACC:0.9268235294117647
PREC:0.6336645732127361
REC:0.6319806763285024
TNR:0.6319806763285024
FPR:0.36633542678726394
FPDR:0.36633542678726394
F1:0.6328157055702837
BACC:0.0
CLSFE:0.07317647058823529
MCC:0.2656399124663124
GMEAN:0.5391279413998755
SAMPLES:4250.0
AUC:{'AUC macro OVO': 0.6336645732127361}
AVGP:{'avg_precision': 0.96119444705476}


METRICS_PER_CLASSES
CLASS:0
ACC:0.9268235294117647
PREC:0.3063063063063063
REC:0.3022222222222222
TNR:0.9617391304347827
FPR:0.6936936936936937
FPDR:0.6936936936936937
F1:0.3042505592841163
BACC:0
CLSFE:0.6936936936936937
MCC:0.2656399124663124
GMEAN:0.5391279413998755
SAMPLES:222
AUC:{}
AVGP:{}
CLASS:1
ACC:0.9268235294117647
PREC:0.9610228401191658
REC:0.9617391304347827
TNR:0.3022222222222222
FPR:0.03897715988083416
FPDR:0.03897715988083416
F1:0.9613808518564511
BACC:0
CLSFE:0.03897715988083416
MCC:0.2656399124663124
GMEAN:0.5391279413998755
SAMPLES:4028
AUC:{}
AVGP:{}
