

GENERAL_METRICS
ACC:0.9207058823529412
PREC:0.6004899724794356
REC:0.6324405936067913
TNR:0.6324405936067913
FPR:0.3995100275205644
FPDR:0.3995100275205644
F1:0.6135299201641455
BACC:0.0
CLSFE:0.07929411764705882
MCC:0.2307288591113523
GMEAN:0.5468411514631688
SAMPLES:4250.0
AUC:{'AUC macro OVO': 0.6004899724794356}
AVGP:{'avg_precision': 0.9497445363499321}


METRICS_PER_CLASSES
CLASS:0
ACC:0.9207058823529412
PREC:0.23484848484848486
REC:0.3147208121827411
TNR:0.9501603750308414
FPR:0.7651515151515151
FPDR:0.7651515151515151
F1:0.26898047722342733
BACC:0
CLSFE:0.7651515151515151
MCC:0.2307288591113523
GMEAN:0.5468411514631688
SAMPLES:264
AUC:{}
AVGP:{}
CLASS:1
ACC:0.9207058823529412
PREC:0.9661314601103863
REC:0.9501603750308414
TNR:0.3147208121827411
FPR:0.03386853988961365
FPDR:0.03386853988961365
F1:0.9580793631048637
BACC:0
CLSFE:0.03386853988961365
MCC:0.2307288591113523
GMEAN:0.5468411514631688
SAMPLES:3986
AUC:{}
AVGP:{}
