

GENERAL_METRICS
ACC:0.9251764705882353
PREC:0.5892620609921367
REC:0.6391813808005922
TNR:0.6391813808005922
FPR:0.41073793900786326
FPDR:0.41073793900786326
F1:0.6070677221615549
BACC:0.0
CLSFE:0.0748235294117647
MCC:0.22292255966583788
GMEAN:0.5590230007571458
SAMPLES:4250.0
AUC:{'AUC macro OVO': 0.5892620609921367}
AVGP:{'avg_precision': 0.9487981880627919}


METRICS_PER_CLASSES
CLASS:0
ACC:0.9251764705882353
PREC:0.20610687022900764
REC:0.32926829268292684
TNR:0.9490944689182574
FPR:0.7938931297709924
FPDR:0.7938931297709924
F1:0.2535211267605634
BACC:0
CLSFE:0.7938931297709924
MCC:0.22292255966583788
GMEAN:0.5590230007571458
SAMPLES:262
AUC:{}
AVGP:{}
CLASS:1
ACC:0.9251764705882353
PREC:0.9724172517552658
REC:0.9490944689182574
TNR:0.32926829268292684
FPR:0.027582748244734202
FPDR:0.027582748244734202
F1:0.9606143175625464
BACC:0
CLSFE:0.027582748244734202
MCC:0.22292255966583788
GMEAN:0.5590230007571458
SAMPLES:3988
AUC:{}
AVGP:{}
