

GENERAL_METRICS
ACC:0.9178823529411765
PREC:0.5942356274878745
REC:0.6235683769347877
TNR:0.6235683769347877
FPR:0.4057643725121255
FPDR:0.4057643725121255
F1:0.6062034668962674
BACC:0.0
CLSFE:0.08211764705882353
MCC:0.21581977238527444
GMEAN:0.5321399465753313
SAMPLES:4250.0
AUC:{'AUC macro OVO': 0.5942356274878745}
AVGP:{'avg_precision': 0.9482154227313631}


METRICS_PER_CLASSES
CLASS:0
ACC:0.9178823529411765
PREC:0.22388059701492538
REC:0.29850746268656714
TNR:0.9486292911830082
FPR:0.7761194029850746
FPDR:0.7761194029850746
F1:0.255863539445629
BACC:0
CLSFE:0.7761194029850746
MCC:0.21581977238527444
GMEAN:0.5321399465753313
SAMPLES:268
AUC:{}
AVGP:{}
CLASS:1
ACC:0.9178823529411765
PREC:0.9645906579608237
REC:0.9486292911830082
TNR:0.29850746268656714
FPR:0.03540934203917629
FPDR:0.03540934203917629
F1:0.9565433943469057
BACC:0
CLSFE:0.03540934203917629
MCC:0.21581977238527444
GMEAN:0.5321399465753313
SAMPLES:3982
AUC:{}
AVGP:{}
