

GENERAL_METRICS
ACC:0.8795
PREC:0.6575584014870766
REC:0.7080592105263157
TNR:0.7080592105263157
FPR:0.34244159851292344
FPDR:0.34244159851292344
F1:0.6774001396147944
BACC:0.0
CLSFE:0.1205
MCC:0.3621131128539227
GMEAN:0.6768007169960119
SAMPLES:2000.0
AUC:{'AUC macro OVO': 0.6575584014870766}
AVGP:{'avg_precision': 0.914286459112534}


METRICS_PER_CLASSES
CLASS:0
ACC:0.8795
PREC:0.3651452282157676
REC:0.5
TNR:0.9161184210526315
FPR:0.6348547717842323
FPDR:0.6348547717842323
F1:0.42206235011990406
BACC:0
CLSFE:0.6348547717842323
MCC:0.3621131128539227
GMEAN:0.6768007169960119
SAMPLES:241
AUC:{}
AVGP:{}
CLASS:1
ACC:0.8795
PREC:0.9499715747583855
REC:0.9161184210526315
TNR:0.5
FPR:0.050028425241614556
FPDR:0.050028425241614556
F1:0.9327379291096847
BACC:0
CLSFE:0.050028425241614556
MCC:0.3621131128539227
GMEAN:0.6768007169960119
SAMPLES:1759
AUC:{}
AVGP:{}
