

GENERAL_METRICS
ACC:0.8675
PREC:0.6217619745845553
REC:0.6974726725196485
TNR:0.6974726725196485
FPR:0.37823802541544477
FPDR:0.37823802541544477
F1:0.6452740124395042
BACC:0.0
CLSFE:0.1325
MCC:0.3101268291037178
GMEAN:0.6679605690490299
SAMPLES:2000.0
AUC:{'AUC macro OVO': 0.6217619745845552}
AVGP:{'avg_precision': 0.896873212009012}


METRICS_PER_CLASSES
CLASS:0
ACC:0.8675
PREC:0.2878787878787879
REC:0.49673202614379086
TNR:0.8982133188955063
FPR:0.7121212121212122
FPDR:0.7121212121212122
F1:0.3645083932853717
BACC:0
CLSFE:0.7121212121212122
MCC:0.3101268291037178
GMEAN:0.6679605690490299
SAMPLES:264
AUC:{}
AVGP:{}
CLASS:1
ACC:0.8675
PREC:0.9556451612903226
REC:0.8982133188955063
TNR:0.49673202614379086
FPR:0.04435483870967742
FPDR:0.04435483870967742
F1:0.9260396315936367
BACC:0
CLSFE:0.04435483870967742
MCC:0.3101268291037178
GMEAN:0.6679605690490299
SAMPLES:1736
AUC:{}
AVGP:{}
