

GENERAL_METRICS
ACC:0.874
PREC:0.6362940919331518
REC:0.739585642298769
TNR:0.739585642298769
FPR:0.3637059080668482
FPDR:0.3637059080668482
F1:0.6662065969232726
BACC:0.0
CLSFE:0.126
MCC:0.3614089515069135
GMEAN:0.7226438228227573
SAMPLES:2000.0
AUC:{'AUC macro OVO': 0.6362940919331518}
AVGP:{'avg_precision': 0.8957418299181302}


METRICS_PER_CLASSES
CLASS:0
ACC:0.874
PREC:0.3079710144927536
REC:0.5821917808219178
TNR:0.8969795037756203
FPR:0.6920289855072463
FPDR:0.6920289855072463
F1:0.4028436018957346
BACC:0
CLSFE:0.6920289855072463
MCC:0.3614089515069135
GMEAN:0.7226438228227573
SAMPLES:276
AUC:{}
AVGP:{}
CLASS:1
ACC:0.874
PREC:0.9646171693735499
REC:0.8969795037756203
TNR:0.5821917808219178
FPR:0.03538283062645012
FPDR:0.03538283062645012
F1:0.9295695919508105
BACC:0
CLSFE:0.03538283062645012
MCC:0.3614089515069135
GMEAN:0.7226438228227573
SAMPLES:1724
AUC:{}
AVGP:{}
