

GENERAL_METRICS
ACC:0.8715
PREC:0.6061992873193618
REC:0.674660486548966
TNR:0.674660486548966
FPR:0.3938007126806382
FPDR:0.3938007126806382
F1:0.6272226126473069
BACC:0.0
CLSFE:0.1285
MCC:0.2723880995517475
GMEAN:0.6347447460295194
SAMPLES:2000.0
AUC:{'AUC macro OVO': 0.6061992873193618}
AVGP:{'avg_precision': 0.9022144451800597}


METRICS_PER_CLASSES
CLASS:0
ACC:0.8715
PREC:0.256198347107438
REC:0.4460431654676259
TNR:0.9032778076303063
FPR:0.743801652892562
FPDR:0.743801652892562
F1:0.32545931758530183
BACC:0
CLSFE:0.743801652892562
MCC:0.2723880995517475
GMEAN:0.6347447460295194
SAMPLES:242
AUC:{}
AVGP:{}
CLASS:1
ACC:0.8715
PREC:0.9562002275312855
REC:0.9032778076303063
TNR:0.4460431654676259
FPR:0.04379977246871445
FPDR:0.04379977246871445
F1:0.928985907709312
BACC:0
CLSFE:0.04379977246871445
MCC:0.2723880995517475
GMEAN:0.6347447460295194
SAMPLES:1758
AUC:{}
AVGP:{}
