

GENERAL_METRICS
ACC:0.9171428571428571
PREC:0.595799859055673
REC:0.6897284792021634
TNR:0.6897284792021634
FPR:0.404200140944327
FPDR:0.404200140944327
F1:0.6226114839139539
BACC:0.0
CLSFE:0.08285714285714285
MCC:0.26963650766477776
GMEAN:0.6443218047551386
SAMPLES:3500.0
AUC:{'AUC macro OVO': 0.595799859055673}
AVGP:{'avg_precision': 0.9355170729124217}


METRICS_PER_CLASSES
CLASS:0
ACC:0.9171428571428571
PREC:0.21454545454545454
REC:0.44360902255639095
TNR:0.9358479358479358
FPR:0.7854545454545454
FPDR:0.7854545454545454
F1:0.28921568627450983
BACC:0
CLSFE:0.7854545454545454
MCC:0.26963650766477776
GMEAN:0.6443218047551386
SAMPLES:275
AUC:{}
AVGP:{}
CLASS:1
ACC:0.9171428571428571
PREC:0.9770542635658914
REC:0.9358479358479358
TNR:0.44360902255639095
FPR:0.022945736434108528
FPDR:0.022945736434108528
F1:0.9560072815533981
BACC:0
CLSFE:0.022945736434108528
MCC:0.26963650766477776
GMEAN:0.6443218047551386
SAMPLES:3225
AUC:{}
AVGP:{}
