

GENERAL_METRICS
ACC:0.922
PREC:0.5938357320727641
REC:0.6502135682901236
TNR:0.6502135682901236
FPR:0.40616426792723587
FPDR:0.40616426792723587
F1:0.6134507019176971
BACC:0.0
CLSFE:0.078
MCC:0.23744810083692716
GMEAN:0.5791339852513684
SAMPLES:3500.0
AUC:{'AUC macro OVO': 0.5938357320727641}
AVGP:{'avg_precision': 0.9454801922382479}


METRICS_PER_CLASSES
CLASS:0
ACC:0.922
PREC:0.21551724137931033
REC:0.3546099290780142
TNR:0.9458172075022329
FPR:0.7844827586206896
FPDR:0.7844827586206896
F1:0.2680965147453083
BACC:0
CLSFE:0.7844827586206896
MCC:0.23744810083692716
GMEAN:0.5791339852513684
SAMPLES:232
AUC:{}
AVGP:{}
CLASS:1
ACC:0.922
PREC:0.9721542227662179
REC:0.9458172075022329
TNR:0.3546099290780142
FPR:0.02784577723378213
FPDR:0.02784577723378213
F1:0.958804889090086
BACC:0
CLSFE:0.02784577723378213
MCC:0.23744810083692716
GMEAN:0.5791339852513684
SAMPLES:3268
AUC:{}
AVGP:{}
