

GENERAL_METRICS
ACC:0.9254285714285714
PREC:0.5974445812807881
REC:0.7015052638759408
TNR:0.7015052638759408
FPR:0.4025554187192118
FPDR:0.4025554187192118
F1:0.6266611738655465
BACC:0.0
CLSFE:0.07457142857142857
MCC:0.28025414226566414
GMEAN:0.6591855345967313
SAMPLES:3500.0
AUC:{'AUC macro OVO': 0.5974445812807883}
AVGP:{'avg_precision': 0.9412107545842805}


METRICS_PER_CLASSES
CLASS:0
ACC:0.9254285714285714
PREC:0.21428571428571427
REC:0.46153846153846156
TNR:0.9414720662134201
FPR:0.7857142857142857
FPDR:0.7857142857142857
F1:0.2926829268292683
BACC:0
CLSFE:0.7857142857142857
MCC:0.28025414226566414
GMEAN:0.6591855345967313
SAMPLES:252
AUC:{}
AVGP:{}
CLASS:1
ACC:0.9254285714285714
PREC:0.9806034482758621
REC:0.9414720662134201
TNR:0.46153846153846156
FPR:0.01939655172413793
FPDR:0.01939655172413793
F1:0.9606394209018247
BACC:0
CLSFE:0.01939655172413793
MCC:0.28025414226566414
GMEAN:0.6591855345967313
SAMPLES:3248
AUC:{}
AVGP:{}
