

GENERAL_METRICS
ACC:0.9202857142857143
PREC:0.5931974261892294
REC:0.658487432012141
TNR:0.658487432012141
FPR:0.4068025738107705
FPDR:0.4068025738107705
F1:0.6146881736298346
BACC:0.0
CLSFE:0.07971428571428571
MCC:0.2430688852722374
GMEAN:0.5939106800029075
SAMPLES:3500.0
AUC:{'AUC macro OVO': 0.5931974261892294}
AVGP:{'avg_precision': 0.9425377829790207}


METRICS_PER_CLASSES
CLASS:0
ACC:0.9202857142857143
PREC:0.21311475409836064
REC:0.37410071942446044
TNR:0.9428741445998214
FPR:0.7868852459016393
FPDR:0.7868852459016393
F1:0.27154046997389036
BACC:0
CLSFE:0.7868852459016393
MCC:0.2430688852722374
GMEAN:0.5939106800029075
SAMPLES:244
AUC:{}
AVGP:{}
CLASS:1
ACC:0.9202857142857143
PREC:0.9732800982800983
REC:0.9428741445998214
TNR:0.37410071942446044
FPR:0.02671990171990172
FPDR:0.02671990171990172
F1:0.957835877285779
BACC:0
CLSFE:0.02671990171990172
MCC:0.2430688852722374
GMEAN:0.5939106800029075
SAMPLES:3256
AUC:{}
AVGP:{}
