

GENERAL_METRICS
ACC:0.8777142857142857
PREC:0.7248933206693453
REC:0.7403472532545745
TNR:0.7403472532545745
FPR:0.2751066793306547
FPDR:0.2751066793306547
F1:0.7321939359267735
BACC:0.0
CLSFE:0.12228571428571429
MCC:0.4649838358402466
GMEAN:0.7171727128924296
SAMPLES:1750.0
AUC:{'AUC macro OVO': 0.7248933206693453}
AVGP:{'avg_precision': 0.9201962430296422}


METRICS_PER_CLASSES
CLASS:0
ACC:0.8777142857142857
PREC:0.5146443514644351
REC:0.5565610859728507
TNR:0.9241334205362982
FPR:0.48535564853556484
FPDR:0.48535564853556484
F1:0.5347826086956522
BACC:0
CLSFE:0.48535564853556484
MCC:0.4649838358402466
GMEAN:0.7171727128924296
SAMPLES:239
AUC:{}
AVGP:{}
CLASS:1
ACC:0.8777142857142857
PREC:0.9351422898742554
REC:0.9241334205362982
TNR:0.5565610859728507
FPR:0.06485771012574454
FPDR:0.06485771012574454
F1:0.9296052631578947
BACC:0
CLSFE:0.06485771012574454
MCC:0.4649838358402466
GMEAN:0.7171727128924296
SAMPLES:1511
AUC:{}
AVGP:{}
