

GENERAL_METRICS
ACC:0.8748571428571429
PREC:0.7054133674169213
REC:0.7539625950300145
TNR:0.7539625950300145
FPR:0.2945866325830787
FPDR:0.2945866325830787
F1:0.7254300163559888
BACC:0.0
CLSFE:0.12514285714285714
MCC:0.45680329177034246
GMEAN:0.7374462852938297
SAMPLES:1750.0
AUC:{'AUC macro OVO': 0.7054133674169212}
AVGP:{'avg_precision': 0.9077430758629318}


METRICS_PER_CLASSES
CLASS:0
ACC:0.8748571428571429
PREC:0.46511627906976744
REC:0.5970149253731343
TNR:0.9109102646868947
FPR:0.5348837209302325
FPDR:0.5348837209302325
F1:0.5228758169934641
BACC:0
CLSFE:0.5348837209302325
MCC:0.45680329177034246
GMEAN:0.7374462852938297
SAMPLES:258
AUC:{}
AVGP:{}
CLASS:1
ACC:0.8748571428571429
PREC:0.9457104557640751
REC:0.9109102646868947
TNR:0.5970149253731343
FPR:0.054289544235924934
FPDR:0.054289544235924934
F1:0.9279842157185136
BACC:0
CLSFE:0.054289544235924934
MCC:0.45680329177034246
GMEAN:0.7374462852938297
SAMPLES:1492
AUC:{}
AVGP:{}
