

GENERAL_METRICS
ACC:0.8628571428571429
PREC:0.6784240417594082
REC:0.7189428768601227
TNR:0.7189428768601227
FPR:0.3215759582405918
FPDR:0.3215759582405918
F1:0.6951431955961257
BACC:0.0
CLSFE:0.13714285714285715
MCC:0.39529570199442077
GMEAN:0.6943909458013112
SAMPLES:1750.0
AUC:{'AUC macro OVO': 0.6784240417594082}
AVGP:{'avg_precision': 0.9021290306504139}


METRICS_PER_CLASSES
CLASS:0
ACC:0.8628571428571429
PREC:0.4189723320158103
REC:0.5326633165829145
TNR:0.9052224371373307
FPR:0.5810276679841897
FPDR:0.5810276679841897
F1:0.4690265486725664
BACC:0
CLSFE:0.5810276679841897
MCC:0.39529570199442077
GMEAN:0.6943909458013112
SAMPLES:253
AUC:{}
AVGP:{}
CLASS:1
ACC:0.8628571428571429
PREC:0.9378757515030061
REC:0.9052224371373307
TNR:0.5326633165829145
FPR:0.06212424849699399
FPDR:0.06212424849699399
F1:0.9212598425196851
BACC:0
CLSFE:0.06212424849699399
MCC:0.39529570199442077
GMEAN:0.6943909458013112
SAMPLES:1497
AUC:{}
AVGP:{}
