

GENERAL_METRICS
ACC:0.8634285714285714
PREC:0.6998429138223209
REC:0.735086155674391
TNR:0.735086155674391
FPR:0.3001570861776791
FPDR:0.3001570861776791
F1:0.71495865622685
BACC:0.0
CLSFE:0.13657142857142857
MCC:0.4334987997642347
GMEAN:0.7148123005896527
SAMPLES:1750.0
AUC:{'AUC macro OVO': 0.6998429138223209}
AVGP:{'avg_precision': 0.9027097116212185}


METRICS_PER_CLASSES
CLASS:0
ACC:0.8634285714285714
PREC:0.46441947565543074
REC:0.5636363636363636
TNR:0.9065359477124183
FPR:0.5355805243445693
FPDR:0.5355805243445693
F1:0.5092402464065708
BACC:0
CLSFE:0.5355805243445693
MCC:0.4334987997642347
GMEAN:0.7148123005896527
SAMPLES:267
AUC:{}
AVGP:{}
CLASS:1
ACC:0.8634285714285714
PREC:0.935266351989211
REC:0.9065359477124183
TNR:0.5636363636363636
FPR:0.06473364801078894
FPDR:0.06473364801078894
F1:0.9206770660471291
BACC:0
CLSFE:0.06473364801078894
MCC:0.4334987997642347
GMEAN:0.7148123005896527
SAMPLES:1483
AUC:{}
AVGP:{}
