

GENERAL_METRICS
ACC:0.799
PREC:0.7395343964357397
REC:0.7252241042311501
TNR:0.7252241042311501
FPR:0.26046560356426035
FPDR:0.26046560356426035
F1:0.731641831297505
BACC:0.0
CLSFE:0.201
MCC:0.4645381356564331
GMEAN:0.7086101024637994
SAMPLES:1000.0
AUC:{'AUC macro OVO': 0.7395343964357397}
AVGP:{'avg_precision': 0.8622867960178862}


METRICS_PER_CLASSES
CLASS:0
ACC:0.799
PREC:0.6260504201680672
REC:0.5708812260536399
TNR:0.8795669824086604
FPR:0.3739495798319328
FPDR:0.3739495798319328
F1:0.5971943887775552
BACC:0
CLSFE:0.3739495798319328
MCC:0.4645381356564331
GMEAN:0.7086101024637994
SAMPLES:238
AUC:{}
AVGP:{}
CLASS:1
ACC:0.799
PREC:0.8530183727034121
REC:0.8795669824086604
TNR:0.5708812260536399
FPR:0.14698162729658792
FPDR:0.14698162729658792
F1:0.866089273817455
BACC:0
CLSFE:0.14698162729658792
MCC:0.4645381356564331
GMEAN:0.7086101024637994
SAMPLES:762
AUC:{}
AVGP:{}
