

GENERAL_METRICS
ACC:0.786
PREC:0.7446284174046978
REC:0.7282066755750967
TNR:0.7282066755750967
FPR:0.25537158259530224
FPDR:0.25537158259530224
F1:0.7351996396735283
BACC:0.0
CLSFE:0.214
MCC:0.4725498402798299
GMEAN:0.7141582343614014
SAMPLES:1000.0
AUC:{'AUC macro OVO': 0.7446284174046978}
AVGP:{'avg_precision': 0.847870090283624}


METRICS_PER_CLASSES
CLASS:0
ACC:0.786
PREC:0.6566037735849056
REC:0.5858585858585859
TNR:0.8705547652916074
FPR:0.3433962264150943
FPDR:0.3433962264150943
F1:0.6192170818505338
BACC:0
CLSFE:0.3433962264150943
MCC:0.4725498402798299
GMEAN:0.7141582343614014
SAMPLES:265
AUC:{}
AVGP:{}
CLASS:1
ACC:0.786
PREC:0.8326530612244898
REC:0.8705547652916074
TNR:0.5858585858585859
FPR:0.1673469387755102
FPDR:0.1673469387755102
F1:0.8511821974965229
BACC:0
CLSFE:0.1673469387755102
MCC:0.4725498402798299
GMEAN:0.7141582343614014
SAMPLES:735
AUC:{}
AVGP:{}
