

GENERAL_METRICS
ACC:0.791
PREC:0.7538378508035499
REC:0.7230124861703809
TNR:0.7230124861703809
FPR:0.24616214919645
FPDR:0.24616214919645
F1:0.7345960971657657
BACC:0.0
CLSFE:0.209
MCC:0.47585296128886667
GMEAN:0.7033528499603431
SAMPLES:1000.0
AUC:{'AUC macro OVO': 0.75383785080355}
AVGP:{'avg_precision': 0.867400863994115}


METRICS_PER_CLASSES
CLASS:0
ACC:0.791
PREC:0.6818181818181818
REC:0.5555555555555556
TNR:0.8904694167852063
FPR:0.3181818181818182
FPDR:0.3181818181818182
F1:0.6122448979591837
BACC:0
CLSFE:0.3181818181818182
MCC:0.47585296128886667
GMEAN:0.7033528499603431
SAMPLES:242
AUC:{}
AVGP:{}
CLASS:1
ACC:0.791
PREC:0.8258575197889182
REC:0.8904694167852063
TNR:0.5555555555555556
FPR:0.1741424802110818
FPDR:0.1741424802110818
F1:0.8569472963723477
BACC:0
CLSFE:0.1741424802110818
MCC:0.47585296128886667
GMEAN:0.7033528499603431
SAMPLES:758
AUC:{}
AVGP:{}
