

GENERAL_METRICS
ACC:0.798
PREC:0.736732086865637
REC:0.7230550388445125
TNR:0.7230550388445125
FPR:0.26326791313436304
FPDR:0.26326791313436304
F1:0.7292167124227866
BACC:0.0
CLSFE:0.202
MCC:0.4595836586805809
GMEAN:0.7061389632886297
SAMPLES:1000.0
AUC:{'AUC macro OVO': 0.736732086865637}
AVGP:{'avg_precision': 0.8615821416632619}


METRICS_PER_CLASSES
CLASS:0
ACC:0.798
PREC:0.620253164556962
REC:0.5675675675675675
TNR:0.8785425101214575
FPR:0.379746835443038
FPDR:0.379746835443038
F1:0.592741935483871
BACC:0
CLSFE:0.379746835443038
MCC:0.4595836586805809
GMEAN:0.7061389632886297
SAMPLES:237
AUC:{}
AVGP:{}
CLASS:1
ACC:0.798
PREC:0.8532110091743119
REC:0.8785425101214575
TNR:0.5675675675675675
FPR:0.14678899082568808
FPDR:0.14678899082568808
F1:0.8656914893617021
BACC:0
CLSFE:0.14678899082568808
MCC:0.4595836586805809
GMEAN:0.7061389632886297
SAMPLES:763
AUC:{}
AVGP:{}
