

GENERAL_METRICS
ACC:0.8906666666666667
PREC:0.5385454545454545
REC:0.5680352448241867
TNR:0.5680352448241867
FPR:0.46145454545454545
FPDR:0.46145454545454545
F1:0.5459168510994904
BACC:0.0
CLSFE:0.10933333333333334
MCC:0.10241971366606252
GMEAN:0.4436000837929483
SAMPLES:3000.0
AUC:{'AUC macro OVO': 0.5385454545454545}
AVGP:{'avg_precision': 0.9225951836803792}


METRICS_PER_CLASSES
CLASS:0
ACC:0.8906666666666667
PREC:0.116
REC:0.21323529411764705
TNR:0.9228351955307262
FPR:0.884
FPDR:0.884
F1:0.15025906735751296
BACC:0
CLSFE:0.884
MCC:0.10241971366606252
GMEAN:0.4436000837929483
SAMPLES:250
AUC:{}
AVGP:{}
CLASS:1
ACC:0.8906666666666667
PREC:0.9610909090909091
REC:0.9228351955307262
TNR:0.21323529411764705
FPR:0.03890909090909091
FPDR:0.03890909090909091
F1:0.9415746348414678
BACC:0
CLSFE:0.03890909090909091
MCC:0.10241971366606252
GMEAN:0.4436000837929483
SAMPLES:2750
AUC:{}
AVGP:{}
