

GENERAL_METRICS
ACC:0.8843333333333333
PREC:0.5241927360477898
REC:0.5402952847805789
TNR:0.5402952847805789
FPR:0.4758072639522101
FPDR:0.4758072639522101
F1:0.5275807095002566
BACC:0.0
CLSFE:0.11566666666666667
MCC:0.06244527808143923
GMEAN:0.38351419636185563
SAMPLES:3000.0
AUC:{'AUC macro OVO': 0.5241927360477899}
AVGP:{'avg_precision': 0.9206982019270812}


METRICS_PER_CLASSES
CLASS:0
ACC:0.8843333333333333
PREC:0.09236947791164658
REC:0.1597222222222222
TNR:0.9208683473389355
FPR:0.9076305220883534
FPDR:0.9076305220883534
F1:0.11704834605597965
BACC:0
CLSFE:0.9076305220883534
MCC:0.06244527808143923
GMEAN:0.38351419636185563
SAMPLES:249
AUC:{}
AVGP:{}
CLASS:1
ACC:0.8843333333333333
PREC:0.9560159941839331
REC:0.9208683473389355
TNR:0.1597222222222222
FPR:0.04398400581606689
FPDR:0.04398400581606689
F1:0.9381130729445336
BACC:0
CLSFE:0.04398400581606689
MCC:0.06244527808143923
GMEAN:0.38351419636185563
SAMPLES:2751
AUC:{}
AVGP:{}
