

GENERAL_METRICS
ACC:0.888
PREC:0.5171894312300447
REC:0.534845802257036
TNR:0.534845802257036
FPR:0.48281056876995526
FPDR:0.48281056876995526
F1:0.5185363505055368
BACC:0.0
CLSFE:0.112
MCC:0.0489481162682716
GMEAN:0.3727228880921544
SAMPLES:3000.0
AUC:{'AUC macro OVO': 0.5171894312300448}
AVGP:{'avg_precision': 0.918329459322869}


METRICS_PER_CLASSES
CLASS:0
ACC:0.888
PREC:0.07114624505928854
REC:0.15126050420168066
TNR:0.9184311003123915
FPR:0.9288537549407114
FPDR:0.9288537549407114
F1:0.0967741935483871
BACC:0
CLSFE:0.9288537549407114
MCC:0.0489481162682716
GMEAN:0.3727228880921544
SAMPLES:253
AUC:{}
AVGP:{}
CLASS:1
ACC:0.888
PREC:0.9632326174008009
REC:0.9184311003123915
TNR:0.15126050420168066
FPR:0.03676738259919913
FPDR:0.03676738259919913
F1:0.9402985074626866
BACC:0
CLSFE:0.03676738259919913
MCC:0.0489481162682716
GMEAN:0.3727228880921544
SAMPLES:2747
AUC:{}
AVGP:{}
