

GENERAL_METRICS
ACC:0.8876666666666667
PREC:0.5190202133632791
REC:0.5408409313540803
TNR:0.5408409313540803
FPR:0.480979786636721
FPDR:0.480979786636721
F1:0.5207111111111111
BACC:0.0
CLSFE:0.11233333333333333
MCC:0.0557423798670147
GMEAN:0.38912192072466956
SAMPLES:3000.0
AUC:{'AUC macro OVO': 0.519020213363279}
AVGP:{'avg_precision': 0.916354767296234}


METRICS_PER_CLASSES
CLASS:0
ACC:0.8876666666666667
PREC:0.07307692307692308
REC:0.16521739130434782
TNR:0.9164644714038128
FPR:0.926923076923077
FPDR:0.926923076923077
F1:0.10133333333333333
BACC:0
CLSFE:0.926923076923077
MCC:0.0557423798670147
GMEAN:0.38912192072466956
SAMPLES:260
AUC:{}
AVGP:{}
CLASS:1
ACC:0.8876666666666667
PREC:0.964963503649635
REC:0.9164644714038128
TNR:0.16521739130434782
FPR:0.035036496350364967
FPDR:0.035036496350364967
F1:0.9400888888888889
BACC:0
CLSFE:0.035036496350364967
MCC:0.0557423798670147
GMEAN:0.38912192072466956
SAMPLES:2740
AUC:{}
AVGP:{}
