

GENERAL_METRICS
ACC:0.875
PREC:0.523850857028396
REC:0.6216255654457902
TNR:0.6216255654457902
FPR:0.4761491429716041
FPDR:0.4761491429716041
F1:0.5199692780337941
BACC:0.0
CLSFE:0.125
MCC:0.1077195241810017
GMEAN:0.5625542112761613
SAMPLES:2000.0
AUC:{'AUC macro OVO': 0.5238508570283958}
AVGP:{'avg_precision': 0.8860299971362285}


METRICS_PER_CLASSES
CLASS:0
ACC:0.875
PREC:0.06302521008403361
REC:0.35714285714285715
TNR:0.8861082737487231
FPR:0.9369747899159664
FPDR:0.9369747899159664
F1:0.10714285714285714
BACC:0
CLSFE:0.9369747899159664
MCC:0.1077195241810017
GMEAN:0.5625542112761613
SAMPLES:238
AUC:{}
AVGP:{}
CLASS:1
ACC:0.875
PREC:0.9846765039727582
REC:0.8861082737487231
TNR:0.35714285714285715
FPR:0.01532349602724177
FPDR:0.01532349602724177
F1:0.9327956989247311
BACC:0
CLSFE:0.01532349602724177
MCC:0.1077195241810017
GMEAN:0.5625542112761613
SAMPLES:1762
AUC:{}
AVGP:{}
