

GENERAL_METRICS
ACC:0.865
PREC:0.5144903520400648
REC:0.5700458368563927
TNR:0.5700458368563927
FPR:0.48550964795993523
FPDR:0.48550964795993523
F1:0.504388911527914
BACC:0.0
CLSFE:0.135
MCC:0.06371777883730967
GMEAN:0.4789178313371841
SAMPLES:2000.0
AUC:{'AUC macro OVO': 0.5144903520400648}
AVGP:{'avg_precision': 0.8791595789926295}


METRICS_PER_CLASSES
CLASS:0
ACC:0.865
PREC:0.04838709677419355
REC:0.2608695652173913
TNR:0.8792221084953941
FPR:0.9516129032258065
FPDR:0.9516129032258065
F1:0.08163265306122448
BACC:0
CLSFE:0.9516129032258065
MCC:0.06371777883730967
GMEAN:0.4789178313371841
SAMPLES:248
AUC:{}
AVGP:{}
CLASS:1
ACC:0.865
PREC:0.980593607305936
REC:0.8792221084953941
TNR:0.2608695652173913
FPR:0.019406392694063926
FPDR:0.019406392694063926
F1:0.9271451699946034
BACC:0
CLSFE:0.019406392694063926
MCC:0.06371777883730967
GMEAN:0.4789178313371841
SAMPLES:1752
AUC:{}
AVGP:{}
