

GENERAL_METRICS
ACC:0.877
PREC:0.49926308032424466
REC:0.49242424242424243
TNR:0.49242424242424243
FPR:0.5007369196757554
FPDR:0.5007369196757554
F1:0.4752
BACC:0.0
CLSFE:0.123
MCC:-0.004725558090354347
GMEAN:0.2974640288923158
SAMPLES:2000.0
AUC:{'AUC macro OVO': 0.49926308032424466}
AVGP:{'avg_precision': 0.8848500256805343}


METRICS_PER_CLASSES
CLASS:0
ACC:0.877
PREC:0.008695652173913044
REC:0.1
TNR:0.8848484848484849
FPR:0.991304347826087
FPDR:0.991304347826087
F1:0.016
BACC:0
CLSFE:0.991304347826087
MCC:-0.004725558090354347
GMEAN:0.2974640288923158
SAMPLES:230
AUC:{}
AVGP:{}
CLASS:1
ACC:0.877
PREC:0.9898305084745763
REC:0.8848484848484849
TNR:0.1
FPR:0.010169491525423728
FPDR:0.010169491525423728
F1:0.9344
BACC:0
CLSFE:0.010169491525423728
MCC:-0.004725558090354347
GMEAN:0.2974640288923158
SAMPLES:1770
AUC:{}
AVGP:{}
