

GENERAL_METRICS
ACC:0.867
PREC:0.5214667102538956
REC:0.6098717233686559
TNR:0.6098717233686559
FPR:0.4785332897461044
FPDR:0.4785332897461044
F1:0.51476854824587
BACC:0.0
CLSFE:0.133
MCC:0.09713051941899842
GMEAN:0.547359681840995
SAMPLES:2000.0
AUC:{'AUC macro OVO': 0.5214667102538957}
AVGP:{'avg_precision': 0.8787541519843889}


METRICS_PER_CLASSES
CLASS:0
ACC:0.867
PREC:0.05952380952380952
REC:0.3409090909090909
TNR:0.8788343558282209
FPR:0.9404761904761905
FPDR:0.9404761904761905
F1:0.10135135135135136
BACC:0
CLSFE:0.9404761904761905
MCC:0.09713051941899842
GMEAN:0.547359681840995
SAMPLES:252
AUC:{}
AVGP:{}
CLASS:1
ACC:0.867
PREC:0.9834096109839817
REC:0.8788343558282209
TNR:0.3409090909090909
FPR:0.016590389016018305
FPDR:0.016590389016018305
F1:0.9281857451403888
BACC:0
CLSFE:0.016590389016018305
MCC:0.09713051941899842
GMEAN:0.547359681840995
SAMPLES:1748
AUC:{}
AVGP:{}
