

GENERAL_METRICS
ACC:0.9147692307692308
PREC:0.545224253840408
REC:0.6242263730136604
TNR:0.6242263730136604
FPR:0.4547757461595921
FPDR:0.4547757461595921
F1:0.559120032478933
BACC:0.0
CLSFE:0.08523076923076923
MCC:0.14990723834215583
GMEAN:0.5437533345888542
SAMPLES:3250.0
AUC:{'AUC macro OVO': 0.5452242538404078}
AVGP:{'avg_precision': 0.9306802265832942}


METRICS_PER_CLASSES
CLASS:0
ACC:0.9147692307692308
PREC:0.10975609756097561
REC:0.3176470588235294
TNR:0.9308056872037914
FPR:0.8902439024390244
FPDR:0.8902439024390244
F1:0.16314199395770393
BACC:0
CLSFE:0.8902439024390244
MCC:0.14990723834215583
GMEAN:0.5437533345888542
SAMPLES:246
AUC:{}
AVGP:{}
CLASS:1
ACC:0.9147692307692308
PREC:0.9806924101198402
REC:0.9308056872037914
TNR:0.3176470588235294
FPR:0.019307589880159785
FPDR:0.019307589880159785
F1:0.9550980710001621
BACC:0
CLSFE:0.019307589880159785
MCC:0.14990723834215583
GMEAN:0.5437533345888542
SAMPLES:3004
AUC:{}
AVGP:{}
