

GENERAL_METRICS
ACC:0.92
PREC:0.5502049630736768
REC:0.655499012866771
TNR:0.655499012866771
FPR:0.4497950369263232
FPDR:0.4497950369263232
F1:0.5675856026986752
BACC:0.0
CLSFE:0.08
MCC:0.17671244663542446
GMEAN:0.5940396533987121
SAMPLES:3250.0
AUC:{'AUC macro OVO': 0.5502049630736768}
AVGP:{'avg_precision': 0.9325113579444031}


METRICS_PER_CLASSES
CLASS:0
ACC:0.92
PREC:0.11570247933884298
REC:0.3783783783783784
TNR:0.9326196473551638
FPR:0.8842975206611571
FPDR:0.8842975206611571
F1:0.17721518987341772
BACC:0
CLSFE:0.8842975206611571
MCC:0.17671244663542446
GMEAN:0.5940396533987121
SAMPLES:242
AUC:{}
AVGP:{}
CLASS:1
ACC:0.92
PREC:0.9847074468085106
REC:0.9326196473551638
TNR:0.3783783783783784
FPR:0.015292553191489361
FPDR:0.015292553191489361
F1:0.9579560155239327
BACC:0
CLSFE:0.015292553191489361
MCC:0.17671244663542446
GMEAN:0.5940396533987121
SAMPLES:3008
AUC:{}
AVGP:{}
