

GENERAL_METRICS
ACC:0.9178461538461539
PREC:0.5541722185209861
REC:0.6571200947450027
TNR:0.6571200947450027
FPR:0.445827781479014
FPDR:0.445827781479014
F1:0.5725914772450215
BACC:0.0
CLSFE:0.08215384615384616
MCC:0.1845160600767783
GMEAN:0.5970839461972608
SAMPLES:3250.0
AUC:{'AUC macro OVO': 0.5541722185209861}
AVGP:{'avg_precision': 0.9313936965294248}


METRICS_PER_CLASSES
CLASS:0
ACC:0.9178461538461539
PREC:0.125
REC:0.38271604938271603
TNR:0.9315241401072893
FPR:0.875
FPDR:0.875
F1:0.1884498480243161
BACC:0
CLSFE:0.875
MCC:0.1845160600767783
GMEAN:0.5970839461972608
SAMPLES:248
AUC:{}
AVGP:{}
CLASS:1
ACC:0.9178461538461539
PREC:0.983344437041972
REC:0.9315241401072893
TNR:0.38271604938271603
FPR:0.016655562958027982
FPDR:0.016655562958027982
F1:0.9567331064657267
BACC:0
CLSFE:0.016655562958027982
MCC:0.1845160600767783
GMEAN:0.5970839461972608
SAMPLES:3002
AUC:{}
AVGP:{}
