

GENERAL_METRICS
ACC:0.9215384615384615
PREC:0.5544842648825956
REC:0.6834397167967415
TNR:0.6834397167967415
FPR:0.44551573511740444
FPDR:0.44551573511740444
F1:0.5746237055857104
BACC:0.0
CLSFE:0.07846153846153846
MCC:0.19994577384823095
GMEAN:0.6365999443025528
SAMPLES:3250.0
AUC:{'AUC macro OVO': 0.5544842648825955}
AVGP:{'avg_precision': 0.9319957010060148}


METRICS_PER_CLASSES
CLASS:0
ACC:0.9215384615384615
PREC:0.12195121951219512
REC:0.43478260869565216
TNR:0.9320968248978309
FPR:0.8780487804878049
FPDR:0.8780487804878049
F1:0.19047619047619047
BACC:0
CLSFE:0.8780487804878049
MCC:0.19994577384823095
GMEAN:0.6365999443025528
SAMPLES:246
AUC:{}
AVGP:{}
CLASS:1
ACC:0.9215384615384615
PREC:0.987017310252996
REC:0.9320968248978309
TNR:0.43478260869565216
FPR:0.012982689747003996
FPDR:0.012982689747003996
F1:0.9587712206952304
BACC:0
CLSFE:0.012982689747003996
MCC:0.19994577384823095
GMEAN:0.6365999443025528
SAMPLES:3004
AUC:{}
AVGP:{}
