

GENERAL_METRICS
ACC:0.784
PREC:0.784
REC:0.7866416898133195
TNR:0.7866416898133195
FPR:0.21600000000000003
FPDR:0.21600000000000003
F1:0.7835011867342356
BACC:0.0
CLSFE:0.216
MCC:0.5706355751510162
GMEAN:0.7861602443015688
SAMPLES:500.0
AUC:{'AUC macro OVO': 0.7839999999999999}
AVGP:{'avg_precision': 0.7155912408759124}


METRICS_PER_CLASSES
CLASS:0
ACC:0.784
PREC:0.736
REC:0.8141592920353983
TNR:0.7591240875912408
FPR:0.264
FPDR:0.264
F1:0.773109243697479
BACC:0
CLSFE:0.264
MCC:0.5706355751510162
GMEAN:0.7861602443015688
SAMPLES:250
AUC:{}
AVGP:{}
CLASS:1
ACC:0.784
PREC:0.832
REC:0.7591240875912408
TNR:0.8141592920353983
FPR:0.168
FPDR:0.168
F1:0.7938931297709924
BACC:0
CLSFE:0.168
MCC:0.5706355751510162
GMEAN:0.7861602443015688
SAMPLES:250
AUC:{}
AVGP:{}
