

GENERAL_METRICS
ACC:0.81
PREC:0.8150722665111154
REC:0.8112444977991197
TNR:0.8112444977991197
FPR:0.18492773348888458
FPDR:0.18492773348888458
F1:0.8095971074794264
BACC:0.0
CLSFE:0.19
MCC:0.6263050673934628
GMEAN:0.8088545594105975
SAMPLES:500.0
AUC:{'AUC macro OVO': 0.8150722665111154}
AVGP:{'avg_precision': 0.7064267797208974}


METRICS_PER_CLASSES
CLASS:0
ACC:0.81
PREC:0.7697841726618705
REC:0.8734693877551021
TNR:0.7490196078431373
FPR:0.2302158273381295
FPDR:0.2302158273381295
F1:0.8183556405353728
BACC:0
CLSFE:0.2302158273381295
MCC:0.6263050673934628
GMEAN:0.8088545594105975
SAMPLES:278
AUC:{}
AVGP:{}
CLASS:1
ACC:0.81
PREC:0.8603603603603603
REC:0.7490196078431373
TNR:0.8734693877551021
FPR:0.13963963963963963
FPDR:0.13963963963963963
F1:0.80083857442348
BACC:0
CLSFE:0.13963963963963963
MCC:0.6263050673934628
GMEAN:0.8088545594105975
SAMPLES:222
AUC:{}
AVGP:{}
