

GENERAL_METRICS
ACC:0.796
PREC:0.7948148505769324
REC:0.7948148505769324
TNR:0.7948148505769324
FPR:0.20518514942306765
FPDR:0.20518514942306765
F1:0.7948148505769324
BACC:0.0
CLSFE:0.204
MCC:0.5896297011538647
GMEAN:0.794661859935514
SAMPLES:500.0
AUC:{'AUC macro OVO': 0.7948148505769324}
AVGP:{'avg_precision': 0.7587626207487459}


METRICS_PER_CLASSES
CLASS:0
ACC:0.796
PREC:0.7792207792207793
REC:0.7792207792207793
TNR:0.8104089219330854
FPR:0.22077922077922077
FPDR:0.22077922077922077
F1:0.7792207792207793
BACC:0
CLSFE:0.22077922077922077
MCC:0.5896297011538647
GMEAN:0.794661859935514
SAMPLES:231
AUC:{}
AVGP:{}
CLASS:1
ACC:0.796
PREC:0.8104089219330854
REC:0.8104089219330854
TNR:0.7792207792207793
FPR:0.1895910780669145
FPDR:0.1895910780669145
F1:0.8104089219330854
BACC:0
CLSFE:0.1895910780669145
MCC:0.5896297011538647
GMEAN:0.794661859935514
SAMPLES:269
AUC:{}
AVGP:{}
