

GENERAL_METRICS
ACC:0.784
PREC:0.7817010846056489
REC:0.7876363874302726
TNR:0.7876363874302726
FPR:0.2182989153943511
FPDR:0.2182989153943511
F1:0.7821561698213682
BACC:0.0
CLSFE:0.216
MCC:0.5693065336395093
GMEAN:0.7872530627419523
SAMPLES:500.0
AUC:{'AUC macro OVO': 0.7817010846056489}
AVGP:{'avg_precision': 0.7252181399916591}


METRICS_PER_CLASSES
CLASS:0
ACC:0.784
PREC:0.7178423236514523
REC:0.812206572769953
TNR:0.7630662020905923
FPR:0.2821576763485477
FPDR:0.2821576763485477
F1:0.762114537444934
BACC:0
CLSFE:0.2821576763485477
MCC:0.5693065336395093
GMEAN:0.7872530627419523
SAMPLES:241
AUC:{}
AVGP:{}
CLASS:1
ACC:0.784
PREC:0.8455598455598455
REC:0.7630662020905923
TNR:0.812206572769953
FPR:0.15444015444015444
FPDR:0.15444015444015444
F1:0.8021978021978022
BACC:0
CLSFE:0.15444015444015444
MCC:0.5693065336395093
GMEAN:0.7872530627419523
SAMPLES:259
AUC:{}
AVGP:{}
