

GENERAL_METRICS
ACC:0.8571428571428571
PREC:0.5597640615125342
REC:0.6470649221390508
TNR:0.6470649221390508
FPR:0.4402359384874658
FPDR:0.4402359384874658
F1:0.5724683284537718
BACC:0.0
CLSFE:0.14285714285714285
MCC:0.18750143522708604
GMEAN:0.603553868405724
SAMPLES:1750.0
AUC:{'AUC macro OVO': 0.5597640615125342}
AVGP:{'avg_precision': 0.8798444997665301}


METRICS_PER_CLASSES
CLASS:0
ACC:0.8571428571428571
PREC:0.15319148936170213
REC:0.41379310344827586
TNR:0.8803367408298256
FPR:0.8468085106382979
FPDR:0.8468085106382979
F1:0.2236024844720497
BACC:0
CLSFE:0.8468085106382979
MCC:0.18750143522708604
GMEAN:0.603553868405724
SAMPLES:235
AUC:{}
AVGP:{}
CLASS:1
ACC:0.8571428571428571
PREC:0.9663366336633663
REC:0.8803367408298256
TNR:0.41379310344827586
FPR:0.033663366336633666
FPDR:0.033663366336633666
F1:0.921334172435494
BACC:0
CLSFE:0.033663366336633666
MCC:0.18750143522708604
GMEAN:0.603553868405724
SAMPLES:1515
AUC:{}
AVGP:{}
