

GENERAL_METRICS
ACC:0.8457142857142858
PREC:0.5696245768587626
REC:0.6687132480110688
TNR:0.6687132480110688
FPR:0.43037542314123745
FPDR:0.43037542314123745
F1:0.5840507906996397
BACC:0.0
CLSFE:0.15428571428571428
MCC:0.21676335947976205
GMEAN:0.6383155614130728
SAMPLES:1750.0
AUC:{'AUC macro OVO': 0.5696245768587626}
AVGP:{'avg_precision': 0.8673775121472728}


METRICS_PER_CLASSES
CLASS:0
ACC:0.8457142857142858
PREC:0.17424242424242425
REC:0.46938775510204084
TNR:0.8680387409200968
FPR:0.8257575757575758
FPDR:0.8257575757575758
F1:0.2541436464088398
BACC:0
CLSFE:0.8257575757575758
MCC:0.21676335947976205
GMEAN:0.6383155614130728
SAMPLES:264
AUC:{}
AVGP:{}
CLASS:1
ACC:0.8457142857142858
PREC:0.9650067294751009
REC:0.8680387409200968
TNR:0.46938775510204084
FPR:0.034993270524899055
FPDR:0.034993270524899055
F1:0.9139579349904398
BACC:0
CLSFE:0.034993270524899055
MCC:0.21676335947976205
GMEAN:0.6383155614130728
SAMPLES:1486
AUC:{}
AVGP:{}
