

GENERAL_METRICS
ACC:0.8457142857142858
PREC:0.5584103875663978
REC:0.6444993867658224
TNR:0.6444993867658224
FPR:0.4415896124336022
FPDR:0.4415896124336022
F1:0.5692390162786627
BACC:0.0
CLSFE:0.15428571428571428
MCC:0.1837418317542143
GMEAN:0.6038951829764131
SAMPLES:1750.0
AUC:{'AUC macro OVO': 0.5584103875663978}
AVGP:{'avg_precision': 0.8690891897323636}


METRICS_PER_CLASSES
CLASS:0
ACC:0.8457142857142858
PREC:0.15294117647058825
REC:0.41935483870967744
TNR:0.8696439348219674
FPR:0.8470588235294118
FPDR:0.8470588235294118
F1:0.22413793103448276
BACC:0
CLSFE:0.8470588235294118
MCC:0.1837418317542143
GMEAN:0.6038951829764131
SAMPLES:255
AUC:{}
AVGP:{}
CLASS:1
ACC:0.8457142857142858
PREC:0.9638795986622074
REC:0.8696439348219674
TNR:0.41935483870967744
FPR:0.036120401337792644
FPDR:0.036120401337792644
F1:0.9143401015228426
BACC:0
CLSFE:0.036120401337792644
MCC:0.1837418317542143
GMEAN:0.6038951829764131
SAMPLES:1495
AUC:{}
AVGP:{}
