

GENERAL_METRICS
ACC:0.868
PREC:0.5720542932741299
REC:0.67145572450805
TNR:0.67145572450805
FPR:0.42794570672587007
FPDR:0.42794570672587007
F1:0.5900180422486787
BACC:0.0
CLSFE:0.132
MCC:0.22229818764201806
GMEAN:0.6350929248982498
SAMPLES:1750.0
AUC:{'AUC macro OVO': 0.5720542932741299}
AVGP:{'avg_precision': 0.8889043948847485}


METRICS_PER_CLASSES
CLASS:0
ACC:0.868
PREC:0.17488789237668162
REC:0.45348837209302323
TNR:0.8894230769230769
FPR:0.8251121076233184
FPDR:0.8251121076233184
F1:0.2524271844660194
BACC:0
CLSFE:0.8251121076233184
MCC:0.22229818764201806
GMEAN:0.6350929248982498
SAMPLES:223
AUC:{}
AVGP:{}
CLASS:1
ACC:0.868
PREC:0.9692206941715783
REC:0.8894230769230769
TNR:0.45348837209302323
FPR:0.03077930582842174
FPDR:0.03077930582842174
F1:0.9276089000313381
BACC:0
CLSFE:0.03077930582842174
MCC:0.22229818764201806
GMEAN:0.6350929248982498
SAMPLES:1527
AUC:{}
AVGP:{}
