

GENERAL_METRICS
ACC:0.8213333333333334
PREC:0.651792828685259
REC:0.666367243057115
TNR:0.666367243057115
FPR:0.34820717131474105
FPDR:0.34820717131474105
F1:0.6583677798324812
BACC:0.0
CLSFE:0.17866666666666667
MCC:0.3178260808946145
GMEAN:0.6293944990518936
SAMPLES:1500.0
AUC:{'AUC macro OVO': 0.651792828685259}
AVGP:{'avg_precision': 0.8805621666340103}


METRICS_PER_CLASSES
CLASS:0
ACC:0.8213333333333334
PREC:0.4
REC:0.4474885844748858
TNR:0.8852459016393442
FPR:0.6
FPDR:0.6
F1:0.4224137931034483
BACC:0
CLSFE:0.6
MCC:0.3178260808946145
GMEAN:0.6293944990518936
SAMPLES:245
AUC:{}
AVGP:{}
CLASS:1
ACC:0.8213333333333334
PREC:0.9035856573705179
REC:0.8852459016393442
TNR:0.4474885844748858
FPR:0.09641434262948208
FPDR:0.09641434262948208
F1:0.8943217665615142
BACC:0
CLSFE:0.09641434262948208
MCC:0.3178260808946145
GMEAN:0.6293944990518936
SAMPLES:1255
AUC:{}
AVGP:{}
