

GENERAL_METRICS
ACC:0.8373333333333334
PREC:0.6688802682622131
REC:0.6794311325506748
TNR:0.6794311325506748
FPR:0.33111973173778686
FPDR:0.33111973173778686
F1:0.6738421395955643
BACC:0.0
CLSFE:0.16266666666666665
MCC:0.3481515635452508
GMEAN:0.6429243860120741
SAMPLES:1500.0
AUC:{'AUC macro OVO': 0.6688802682622131}
AVGP:{'avg_precision': 0.8946260319812883}


METRICS_PER_CLASSES
CLASS:0
ACC:0.8373333333333334
PREC:0.42731277533039647
REC:0.4597156398104265
TNR:0.8991466252909232
FPR:0.5726872246696035
FPDR:0.5726872246696035
F1:0.4429223744292237
BACC:0
CLSFE:0.5726872246696035
MCC:0.3481515635452508
GMEAN:0.6429243860120741
SAMPLES:227
AUC:{}
AVGP:{}
CLASS:1
ACC:0.8373333333333334
PREC:0.9104477611940298
REC:0.8991466252909232
TNR:0.4597156398104265
FPR:0.08955223880597014
FPDR:0.08955223880597014
F1:0.9047619047619048
BACC:0
CLSFE:0.08955223880597014
MCC:0.3481515635452508
GMEAN:0.6429243860120741
SAMPLES:1273
AUC:{}
AVGP:{}
