

GENERAL_METRICS
ACC:0.8253333333333334
PREC:0.662915028879817
REC:0.6830965909090909
TNR:0.6830965909090909
FPR:0.337084971120183
FPDR:0.337084971120183
F1:0.6717680427352997
BACC:0.0
CLSFE:0.17466666666666666
MCC:0.34542256090620704
GMEAN:0.6527694497641986
SAMPLES:1500.0
AUC:{'AUC macro OVO': 0.6629150288798171}
AVGP:{'avg_precision': 0.8794610754414125}


METRICS_PER_CLASSES
CLASS:0
ACC:0.8253333333333334
PREC:0.41732283464566927
REC:0.4818181818181818
TNR:0.884375
FPR:0.5826771653543307
FPDR:0.5826771653543307
F1:0.4472573839662447
BACC:0
CLSFE:0.5826771653543307
MCC:0.34542256090620704
GMEAN:0.6527694497641986
SAMPLES:254
AUC:{}
AVGP:{}
CLASS:1
ACC:0.8253333333333334
PREC:0.9085072231139647
REC:0.884375
TNR:0.4818181818181818
FPR:0.09149277688603531
FPDR:0.09149277688603531
F1:0.8962787015043547
BACC:0
CLSFE:0.09149277688603531
MCC:0.34542256090620704
GMEAN:0.6527694497641986
SAMPLES:1246
AUC:{}
AVGP:{}
