

GENERAL_METRICS
ACC:0.8326666666666667
PREC:0.6960476141399567
REC:0.6966842331440979
TNR:0.6966842331440979
FPR:0.3039523858600433
FPDR:0.3039523858600433
F1:0.6963648460654449
BACC:0.0
CLSFE:0.16733333333333333
MCC:0.39273133130346194
GMEAN:0.6665271757504281
SAMPLES:1500.0
AUC:{'AUC macro OVO': 0.6960476141399567}
AVGP:{'avg_precision': 0.8929742207626085}


METRICS_PER_CLASSES
CLASS:0
ACC:0.8326666666666667
PREC:0.49193548387096775
REC:0.4939271255060729
TNR:0.8994413407821229
FPR:0.5080645161290323
FPDR:0.5080645161290323
F1:0.49292929292929294
BACC:0
CLSFE:0.5080645161290323
MCC:0.39273133130346194
GMEAN:0.6665271757504281
SAMPLES:248
AUC:{}
AVGP:{}
CLASS:1
ACC:0.8326666666666667
PREC:0.9001597444089456
REC:0.8994413407821229
TNR:0.4939271255060729
FPR:0.09984025559105432
FPDR:0.09984025559105432
F1:0.8998003992015968
BACC:0
CLSFE:0.09984025559105432
MCC:0.39273133130346194
GMEAN:0.6665271757504281
SAMPLES:1252
AUC:{}
AVGP:{}
