

GENERAL_METRICS
ACC:0.8513333333333334
PREC:0.7217806348551994
REC:0.7300530182306544
TNR:0.7300530182306544
FPR:0.2782193651448006
FPDR:0.2782193651448006
F1:0.7257690967596483
BACC:0.0
CLSFE:0.14866666666666667
MCC:0.4517579193928947
GMEAN:0.7081937804728746
SAMPLES:1500.0
AUC:{'AUC macro OVO': 0.7217806348551994}
AVGP:{'avg_precision': 0.9012085834477979}


METRICS_PER_CLASSES
CLASS:0
ACC:0.8513333333333334
PREC:0.5282258064516129
REC:0.5527426160337553
TNR:0.9073634204275535
FPR:0.4717741935483871
FPDR:0.4717741935483871
F1:0.5402061855670103
BACC:0
CLSFE:0.4717741935483871
MCC:0.4517579193928947
GMEAN:0.7081937804728746
SAMPLES:248
AUC:{}
AVGP:{}
CLASS:1
ACC:0.8513333333333334
PREC:0.9153354632587859
REC:0.9073634204275535
TNR:0.5527426160337553
FPR:0.08466453674121406
FPDR:0.08466453674121406
F1:0.9113320079522863
BACC:0
CLSFE:0.08466453674121406
MCC:0.4517579193928947
GMEAN:0.7081937804728746
SAMPLES:1252
AUC:{}
AVGP:{}
