

GENERAL_METRICS
ACC:0.8546666666666667
PREC:0.7303999999999999
REC:0.7380952380952381
TNR:0.7380952380952381
FPR:0.2696
FPDR:0.2696
F1:0.7341247255874461
BACC:0.0
CLSFE:0.14533333333333334
MCC:0.4684320350152959
GMEAN:0.7179114328361301
SAMPLES:1500.0
AUC:{'AUC macro OVO': 0.7303999999999999}
AVGP:{'avg_precision': 0.9031847619047618}


METRICS_PER_CLASSES
CLASS:0
ACC:0.8546666666666667
PREC:0.544
REC:0.5666666666666667
TNR:0.9095238095238095
FPR:0.456
FPDR:0.456
F1:0.5551020408163265
BACC:0
CLSFE:0.456
MCC:0.4684320350152959
GMEAN:0.7179114328361301
SAMPLES:250
AUC:{}
AVGP:{}
CLASS:1
ACC:0.8546666666666667
PREC:0.9168
REC:0.9095238095238095
TNR:0.5666666666666667
FPR:0.0832
FPDR:0.0832
F1:0.9131474103585657
BACC:0
CLSFE:0.0832
MCC:0.4684320350152959
GMEAN:0.7179114328361301
SAMPLES:1250
AUC:{}
AVGP:{}
