

GENERAL_METRICS
ACC:0.8513333333333334
PREC:0.7081419024746789
REC:0.7256712151390898
TNR:0.7256712151390898
FPR:0.29185809752532105
FPDR:0.29185809752532105
F1:0.7162308328561431
BACC:0.0
CLSFE:0.14866666666666667
MCC:0.4334588148962839
GMEAN:0.7034612721908038
SAMPLES:1500.0
AUC:{'AUC macro OVO': 0.7081419024746789}
AVGP:{'avg_precision': 0.898536708448911}


METRICS_PER_CLASSES
CLASS:0
ACC:0.8513333333333334
PREC:0.4959016393442623
REC:0.5475113122171946
TNR:0.9038311180609852
FPR:0.5040983606557377
FPDR:0.5040983606557377
F1:0.5204301075268817
BACC:0
CLSFE:0.5040983606557377
MCC:0.4334588148962839
GMEAN:0.7034612721908038
SAMPLES:244
AUC:{}
AVGP:{}
CLASS:1
ACC:0.8513333333333334
PREC:0.9203821656050956
REC:0.9038311180609852
TNR:0.5475113122171946
FPR:0.07961783439490445
FPDR:0.07961783439490445
F1:0.9120315581854044
BACC:0
CLSFE:0.07961783439490445
MCC:0.4334588148962839
GMEAN:0.7034612721908038
SAMPLES:1256
AUC:{}
AVGP:{}
