

GENERAL_METRICS
ACC:0.8633333333333333
PREC:0.7360355705428043
REC:0.738563315341563
TNR:0.738563315341563
FPR:0.26396442945719567
FPDR:0.26396442945719567
F1:0.7372870423134461
BACC:0.0
CLSFE:0.13666666666666666
MCC:0.47459215436932284
GMEAN:0.7163906292103012
SAMPLES:1500.0
AUC:{'AUC macro OVO': 0.7360355705428043}
AVGP:{'avg_precision': 0.9123726352069668}


METRICS_PER_CLASSES
CLASS:0
ACC:0.8633333333333333
PREC:0.5517241379310345
REC:0.5589519650655022
TNR:0.918174665617624
FPR:0.4482758620689655
FPDR:0.4482758620689655
F1:0.5553145336225597
BACC:0
CLSFE:0.4482758620689655
MCC:0.47459215436932284
GMEAN:0.7163906292103012
SAMPLES:232
AUC:{}
AVGP:{}
CLASS:1
ACC:0.8633333333333333
PREC:0.9203470031545742
REC:0.918174665617624
TNR:0.5589519650655022
FPR:0.07965299684542587
FPDR:0.07965299684542587
F1:0.9192595510043324
BACC:0
CLSFE:0.07965299684542587
MCC:0.47459215436932284
GMEAN:0.7163906292103012
SAMPLES:1268
AUC:{}
AVGP:{}
