

GENERAL_METRICS
ACC:0.8053333333333333
PREC:0.7842310781686164
REC:0.7820774895225768
TNR:0.7820774895225768
FPR:0.21576892183138355
FPDR:0.21576892183138355
F1:0.7831253713606655
BACC:0.0
CLSFE:0.19466666666666665
MCC:0.5663044727850862
GMEAN:0.7785775882384331
SAMPLES:750.0
AUC:{'AUC macro OVO': 0.7842310781686165}
AVGP:{'avg_precision': 0.826811171287359}


METRICS_PER_CLASSES
CLASS:0
ACC:0.8053333333333333
PREC:0.7193675889328063
REC:0.708171206225681
TNR:0.8559837728194726
FPR:0.28063241106719367
FPDR:0.28063241106719367
F1:0.7137254901960784
BACC:0
CLSFE:0.28063241106719367
MCC:0.5663044727850862
GMEAN:0.7785775882384331
SAMPLES:253
AUC:{}
AVGP:{}
CLASS:1
ACC:0.8053333333333333
PREC:0.8490945674044266
REC:0.8559837728194726
TNR:0.708171206225681
FPR:0.15090543259557343
FPDR:0.15090543259557343
F1:0.8525252525252526
BACC:0
CLSFE:0.15090543259557343
MCC:0.5663044727850862
GMEAN:0.7785775882384331
SAMPLES:497
AUC:{}
AVGP:{}
