

GENERAL_METRICS
ACC:0.8053333333333333
PREC:0.7884791781324527
REC:0.7912037037037036
TNR:0.7912037037037036
FPR:0.21152082186754723
FPDR:0.21152082186754723
F1:0.7897804501578086
BACC:0.0
CLSFE:0.19466666666666665
MCC:0.5796764791280417
GMEAN:0.7895928001973275
SAMPLES:750.0
AUC:{'AUC macro OVO': 0.7884791781324528}
AVGP:{'avg_precision': 0.8107032348804502}


METRICS_PER_CLASSES
CLASS:0
ACC:0.8053333333333333
PREC:0.7246376811594203
REC:0.7407407407407407
TNR:0.8416666666666667
FPR:0.2753623188405797
FPDR:0.2753623188405797
F1:0.7326007326007326
BACC:0
CLSFE:0.2753623188405797
MCC:0.5796764791280417
GMEAN:0.7895928001973275
SAMPLES:276
AUC:{}
AVGP:{}
CLASS:1
ACC:0.8053333333333333
PREC:0.8523206751054853
REC:0.8416666666666667
TNR:0.7407407407407407
FPR:0.14767932489451477
FPDR:0.14767932489451477
F1:0.8469601677148847
BACC:0
CLSFE:0.14767932489451477
MCC:0.5796764791280417
GMEAN:0.7895928001973275
SAMPLES:474
AUC:{}
AVGP:{}
