

GENERAL_METRICS
ACC:0.7866666666666666
PREC:0.7585035907142459
REC:0.761624584476944
TNR:0.761624584476944
FPR:0.24149640928575405
FPDR:0.24149640928575405
F1:0.76
BACC:0.0
CLSFE:0.21333333333333335
MCC:0.5201188114514321
GMEAN:0.7580827888387003
SAMPLES:750.0
AUC:{'AUC macro OVO': 0.7585035907142459}
AVGP:{'avg_precision': 0.8082920691811571}


METRICS_PER_CLASSES
CLASS:0
ACC:0.7866666666666666
PREC:0.6719367588932806
REC:0.6882591093117408
TNR:0.8349900596421471
FPR:0.32806324110671936
FPDR:0.32806324110671936
F1:0.68
BACC:0
CLSFE:0.32806324110671936
MCC:0.5201188114514321
GMEAN:0.7580827888387003
SAMPLES:253
AUC:{}
AVGP:{}
CLASS:1
ACC:0.7866666666666666
PREC:0.8450704225352113
REC:0.8349900596421471
TNR:0.6882591093117408
FPR:0.15492957746478872
FPDR:0.15492957746478872
F1:0.84
BACC:0
CLSFE:0.15492957746478872
MCC:0.5201188114514321
GMEAN:0.7580827888387003
SAMPLES:497
AUC:{}
AVGP:{}
