

GENERAL_METRICS
ACC:0.7786666666666666
PREC:0.7526368963426955
REC:0.7485863799397173
TNR:0.7485863799397173
FPR:0.2473631036573045
FPDR:0.2473631036573045
F1:0.7504990019960079
BACC:0.0
CLSFE:0.22133333333333333
MCC:0.5012069093739083
GMEAN:0.7428544511165676
SAMPLES:750.0
AUC:{'AUC macro OVO': 0.7526368963426954}
AVGP:{'avg_precision': 0.8121531565631411}


METRICS_PER_CLASSES
CLASS:0
ACC:0.7786666666666666
PREC:0.6775510204081633
REC:0.6561264822134387
TNR:0.8410462776659959
FPR:0.3224489795918367
FPDR:0.3224489795918367
F1:0.6666666666666666
BACC:0
CLSFE:0.3224489795918367
MCC:0.5012069093739083
GMEAN:0.7428544511165676
SAMPLES:245
AUC:{}
AVGP:{}
CLASS:1
ACC:0.7786666666666666
PREC:0.8277227722772277
REC:0.8410462776659959
TNR:0.6561264822134387
FPR:0.17227722772277226
FPDR:0.17227722772277226
F1:0.8343313373253493
BACC:0
CLSFE:0.17227722772277226
MCC:0.5012069093739083
GMEAN:0.7428544511165676
SAMPLES:505
AUC:{}
AVGP:{}
