

GENERAL_METRICS
ACC:0.8825454545454545
PREC:0.5518081792807734
REC:0.574612410157075
TNR:0.574612410157075
FPR:0.44819182071922653
FPDR:0.44819182071922653
F1:0.559503589184096
BACC:0.0
CLSFE:0.11745454545454545
MCC:0.12434682339309418
GMEAN:0.4570974197739951
SAMPLES:2750.0
AUC:{'AUC macro OVO': 0.5518081792807734}
AVGP:{'avg_precision': 0.9223875968343113}


METRICS_PER_CLASSES
CLASS:0
ACC:0.8825454545454545
PREC:0.15254237288135594
REC:0.22641509433962265
TNR:0.9228097259745273
FPR:0.847457627118644
FPDR:0.847457627118644
F1:0.18227848101265823
BACC:0
CLSFE:0.847457627118644
MCC:0.12434682339309418
GMEAN:0.4570974197739951
SAMPLES:236
AUC:{}
AVGP:{}
CLASS:1
ACC:0.8825454545454545
PREC:0.951073985680191
REC:0.9228097259745273
TNR:0.22641509433962265
FPR:0.04892601431980907
FPDR:0.04892601431980907
F1:0.9367286973555338
BACC:0
CLSFE:0.04892601431980907
MCC:0.12434682339309418
GMEAN:0.4570974197739951
SAMPLES:2514
AUC:{}
AVGP:{}
