

GENERAL_METRICS
ACC:0.8872727272727273
PREC:0.5636
REC:0.6059254284983372
TNR:0.6059254284983372
FPR:0.4364
FPDR:0.4364
F1:0.576242541371652
BACC:0.0
CLSFE:0.11272727272727273
MCC:0.1641567208797038
GMEAN:0.5180608608193819
SAMPLES:2750.0
AUC:{'AUC macro OVO': 0.5636000000000001}
AVGP:{'avg_precision': 0.9197315844554524}


METRICS_PER_CLASSES
CLASS:0
ACC:0.8872727272727273
PREC:0.168
REC:0.2916666666666667
TNR:0.9201841903300076
FPR:0.832
FPDR:0.832
F1:0.2131979695431472
BACC:0
CLSFE:0.832
MCC:0.1641567208797038
GMEAN:0.5180608608193819
SAMPLES:250
AUC:{}
AVGP:{}
CLASS:1
ACC:0.8872727272727273
PREC:0.9592
REC:0.9201841903300076
TNR:0.2916666666666667
FPR:0.0408
FPDR:0.0408
F1:0.9392871132001567
BACC:0
CLSFE:0.0408
MCC:0.1641567208797038
GMEAN:0.5180608608193819
SAMPLES:2500
AUC:{}
AVGP:{}
