

GENERAL_METRICS
ACC:0.8861818181818182
PREC:0.5752313275913861
REC:0.6068461151105972
TNR:0.6068461151105972
FPR:0.42476867240861393
FPDR:0.42476867240861393
F1:0.5866188907122641
BACC:0.0
CLSFE:0.11381818181818182
MCC:0.17931174069482772
GMEAN:0.5170450621125677
SAMPLES:2750.0
AUC:{'AUC macro OVO': 0.5752313275913861}
AVGP:{'avg_precision': 0.9239284595870094}


METRICS_PER_CLASSES
CLASS:0
ACC:0.8861818181818182
PREC:0.19753086419753085
REC:0.2891566265060241
TNR:0.9245356037151703
FPR:0.8024691358024691
FPDR:0.8024691358024691
F1:0.23471882640586797
BACC:0
CLSFE:0.8024691358024691
MCC:0.17931174069482772
GMEAN:0.5170450621125677
SAMPLES:243
AUC:{}
AVGP:{}
CLASS:1
ACC:0.8861818181818182
PREC:0.9529317909852413
REC:0.9245356037151703
TNR:0.2891566265060241
FPR:0.04706820901475867
FPDR:0.04706820901475867
F1:0.9385189550186603
BACC:0
CLSFE:0.04706820901475867
MCC:0.17931174069482772
GMEAN:0.5170450621125677
SAMPLES:2507
AUC:{}
AVGP:{}
