

GENERAL_METRICS
ACC:0.8974545454545455
PREC:0.580405212879231
REC:0.6347934666923664
TNR:0.6347934666923664
FPR:0.41959478712076903
FPDR:0.41959478712076903
F1:0.5974824355971897
BACC:0.0
CLSFE:0.10254545454545455
MCC:0.2082123664351303
GMEAN:0.5637886586861047
SAMPLES:2750.0
AUC:{'AUC macro OVO': 0.580405212879231}
AVGP:{'avg_precision': 0.9260398660880125}


METRICS_PER_CLASSES
CLASS:0
ACC:0.8974545454545455
PREC:0.19665271966527198
REC:0.34306569343065696
TNR:0.9265212399540758
FPR:0.803347280334728
FPDR:0.803347280334728
F1:0.25
BACC:0
CLSFE:0.803347280334728
MCC:0.2082123664351303
GMEAN:0.5637886586861047
SAMPLES:239
AUC:{}
AVGP:{}
CLASS:1
ACC:0.8974545454545455
PREC:0.96415770609319
REC:0.9265212399540758
TNR:0.34306569343065696
FPR:0.035842293906810034
FPDR:0.035842293906810034
F1:0.9449648711943794
BACC:0
CLSFE:0.035842293906810034
MCC:0.2082123664351303
GMEAN:0.5637886586861047
SAMPLES:2511
AUC:{}
AVGP:{}
