

GENERAL_METRICS
ACC:0.874
PREC:0.7543671666991363
REC:0.7856899737430711
TNR:0.7856899737430711
FPR:0.2456328333008637
FPDR:0.2456328333008637
F1:0.7683503686374997
BACC:0.0
CLSFE:0.126
MCC:0.5391480285612686
GMEAN:0.7754561857529808
SAMPLES:1500.0
AUC:{'AUC macro OVO': 0.7543671666991363}
AVGP:{'avg_precision': 0.90673781585646}


METRICS_PER_CLASSES
CLASS:0
ACC:0.874
PREC:0.5708812260536399
REC:0.6592920353982301
TNR:0.9120879120879121
FPR:0.42911877394636017
FPDR:0.42911877394636017
F1:0.6119096509240246
BACC:0
CLSFE:0.42911877394636017
MCC:0.5391480285612686
GMEAN:0.7754561857529808
SAMPLES:261
AUC:{}
AVGP:{}
CLASS:1
ACC:0.874
PREC:0.9378531073446328
REC:0.9120879120879121
TNR:0.6592920353982301
FPR:0.062146892655367235
FPDR:0.062146892655367235
F1:0.924791086350975
BACC:0
CLSFE:0.062146892655367235
MCC:0.5391480285612686
GMEAN:0.7754561857529808
SAMPLES:1239
AUC:{}
AVGP:{}
