

GENERAL_METRICS
ACC:0.8813333333333333
PREC:0.7461539232488449
REC:0.7821975572484001
TNR:0.7821975572484001
FPR:0.25384607675115506
FPDR:0.25384607675115506
F1:0.7620651674098788
BACC:0.0
CLSFE:0.11866666666666667
MCC:0.5271206156011513
GMEAN:0.7703839027940875
SAMPLES:1500.0
AUC:{'AUC macro OVO': 0.7461539232488448}
AVGP:{'avg_precision': 0.9133774369345565}


METRICS_PER_CLASSES
CLASS:0
ACC:0.8813333333333333
PREC:0.5485232067510548
REC:0.6467661691542289
TNR:0.9176289453425712
FPR:0.45147679324894513
FPDR:0.45147679324894513
F1:0.593607305936073
BACC:0
CLSFE:0.45147679324894513
MCC:0.5271206156011513
GMEAN:0.7703839027940875
SAMPLES:237
AUC:{}
AVGP:{}
CLASS:1
ACC:0.8813333333333333
PREC:0.943784639746635
REC:0.9176289453425712
TNR:0.6467661691542289
FPR:0.056215360253365
FPDR:0.056215360253365
F1:0.9305230288836847
BACC:0
CLSFE:0.056215360253365
MCC:0.5271206156011513
GMEAN:0.7703839027940875
SAMPLES:1263
AUC:{}
AVGP:{}
