

GENERAL_METRICS
ACC:0.8886666666666667
PREC:0.7595327356361529
REC:0.8251499619542756
TNR:0.8251499619542756
FPR:0.24046726436384713
FPDR:0.24046726436384713
F1:0.7859850539821731
BACC:0.0
CLSFE:0.11133333333333334
MCC:0.5809890157928433
GMEAN:0.8206081490282562
SAMPLES:1500.0
AUC:{'AUC macro OVO': 0.759532735636153}
AVGP:{'avg_precision': 0.907982706645855}


METRICS_PER_CLASSES
CLASS:0
ACC:0.8886666666666667
PREC:0.5610687022900763
REC:0.7386934673366834
TNR:0.9116064565718678
FPR:0.4389312977099237
FPDR:0.4389312977099237
F1:0.6377440347071583
BACC:0
CLSFE:0.4389312977099237
MCC:0.5809890157928433
GMEAN:0.8206081490282562
SAMPLES:262
AUC:{}
AVGP:{}
CLASS:1
ACC:0.8886666666666667
PREC:0.9579967689822294
REC:0.9116064565718678
TNR:0.7386934673366834
FPR:0.0420032310177706
FPDR:0.0420032310177706
F1:0.9342260732571879
BACC:0
CLSFE:0.0420032310177706
MCC:0.5809890157928433
GMEAN:0.8206081490282562
SAMPLES:1238
AUC:{}
AVGP:{}
