

GENERAL_METRICS
ACC:0.8786666666666667
PREC:0.7524537176943594
REC:0.7792691966686531
TNR:0.7792691966686531
FPR:0.2475462823056406
FPDR:0.2475462823056406
F1:0.7646681562396558
BACC:0.0
CLSFE:0.12133333333333333
MCC:0.5310463141253075
GMEAN:0.766757197585662
SAMPLES:1500.0
AUC:{'AUC macro OVO': 0.7524537176943594}
AVGP:{'avg_precision': 0.9134741082679972}


METRICS_PER_CLASSES
CLASS:0
ACC:0.8786666666666667
PREC:0.5661157024793388
REC:0.6401869158878505
TNR:0.9183514774494557
FPR:0.43388429752066116
FPDR:0.43388429752066116
F1:0.6008771929824561
BACC:0
CLSFE:0.43388429752066116
MCC:0.5310463141253075
GMEAN:0.766757197585662
SAMPLES:242
AUC:{}
AVGP:{}
CLASS:1
ACC:0.8786666666666667
PREC:0.93879173290938
REC:0.9183514774494557
TNR:0.6401869158878505
FPR:0.06120826709062003
FPDR:0.06120826709062003
F1:0.9284591194968553
BACC:0
CLSFE:0.06120826709062003
MCC:0.5310463141253075
GMEAN:0.766757197585662
SAMPLES:1258
AUC:{}
AVGP:{}
