

GENERAL_METRICS
ACC:0.91825
PREC:0.5076925346442075
REC:0.5154337922414401
TNR:0.5154337922414401
FPR:0.4923074653557925
FPDR:0.4923074653557925
F1:0.5074542728906672
BACC:0.0
CLSFE:0.08175
MCC:0.021792198742557337
GMEAN:0.28878322844653503
SAMPLES:4000.0
AUC:{'AUC macro OVO': 0.5076925346442075}
AVGP:{'avg_precision': 0.9423481598314902}


METRICS_PER_CLASSES
CLASS:0
ACC:0.91825
PREC:0.042735042735042736
REC:0.08849557522123894
TNR:0.9423720092616413
FPR:0.9572649572649573
FPDR:0.9572649572649573
F1:0.05763688760806916
BACC:0
CLSFE:0.9572649572649573
MCC:0.021792198742557337
GMEAN:0.28878322844653503
SAMPLES:234
AUC:{}
AVGP:{}
CLASS:1
ACC:0.91825
PREC:0.9726500265533723
REC:0.9423720092616413
TNR:0.08849557522123894
FPR:0.02734997344662772
FPDR:0.02734997344662772
F1:0.9572716581732654
BACC:0
CLSFE:0.02734997344662772
MCC:0.021792198742557337
GMEAN:0.28878322844653503
SAMPLES:3766
AUC:{}
AVGP:{}
