

GENERAL_METRICS
ACC:0.8226666666666667
PREC:0.8128335228763888
REC:0.8006787745367823
TNR:0.8006787745367823
FPR:0.18716647712361123
FPDR:0.18716647712361123
F1:0.8058050185044943
BACC:0.0
CLSFE:0.17733333333333334
MCC:0.6133918822172234
GMEAN:0.7963351664363738
SAMPLES:750.0
AUC:{'AUC macro OVO': 0.8128335228763888}
AVGP:{'avg_precision': 0.8492351238231074}


METRICS_PER_CLASSES
CLASS:0
ACC:0.8226666666666667
PREC:0.782608695652174
REC:0.717391304347826
TNR:0.8839662447257384
FPR:0.21739130434782608
FPDR:0.21739130434782608
F1:0.7485822306238186
BACC:0
CLSFE:0.21739130434782608
MCC:0.6133918822172234
GMEAN:0.7963351664363738
SAMPLES:253
AUC:{}
AVGP:{}
CLASS:1
ACC:0.8226666666666667
PREC:0.8430583501006036
REC:0.8839662447257384
TNR:0.717391304347826
FPR:0.15694164989939638
FPDR:0.15694164989939638
F1:0.86302780638517
BACC:0
CLSFE:0.15694164989939638
MCC:0.6133918822172234
GMEAN:0.7963351664363738
SAMPLES:497
AUC:{}
AVGP:{}
