

GENERAL_METRICS
ACC:0.8146666666666667
PREC:0.811143845866068
REC:0.7967199589716145
TNR:0.7967199589716145
FPR:0.18885615413393192
FPDR:0.18885615413393192
F1:0.8020991725182667
BACC:0.0
CLSFE:0.18533333333333332
MCC:0.607692649880349
GMEAN:0.7920341322264242
SAMPLES:750.0
AUC:{'AUC macro OVO': 0.8111438458660682}
AVGP:{'avg_precision': 0.8414174547370525}


METRICS_PER_CLASSES
CLASS:0
ACC:0.8146666666666667
PREC:0.7992424242424242
REC:0.7104377104377104
TNR:0.8830022075055187
FPR:0.20075757575757575
FPDR:0.20075757575757575
F1:0.7522281639928698
BACC:0
CLSFE:0.20075757575757575
MCC:0.607692649880349
GMEAN:0.7920341322264242
SAMPLES:264
AUC:{}
AVGP:{}
CLASS:1
ACC:0.8146666666666667
PREC:0.823045267489712
REC:0.8830022075055187
TNR:0.7104377104377104
FPR:0.17695473251028807
FPDR:0.17695473251028807
F1:0.8519701810436635
BACC:0
CLSFE:0.17695473251028807
MCC:0.607692649880349
GMEAN:0.7920341322264242
SAMPLES:486
AUC:{}
AVGP:{}
