

GENERAL_METRICS
ACC:0.816
PREC:0.8092629118270144
REC:0.7899458941168414
TNR:0.7899458941168414
FPR:0.1907370881729856
FPDR:0.1907370881729856
F1:0.7972639447147591
BACC:0.0
CLSFE:0.184
MCC:0.5988973584408652
GMEAN:0.7833623675305648
SAMPLES:750.0
AUC:{'AUC macro OVO': 0.8092629118270143}
AVGP:{'avg_precision': 0.8547027475219539}


METRICS_PER_CLASSES
CLASS:0
ACC:0.816
PREC:0.7901234567901234
REC:0.6881720430107527
TNR:0.89171974522293
FPR:0.20987654320987653
FPDR:0.20987654320987653
F1:0.735632183908046
BACC:0
CLSFE:0.20987654320987653
MCC:0.5988973584408652
GMEAN:0.7833623675305648
SAMPLES:243
AUC:{}
AVGP:{}
CLASS:1
ACC:0.816
PREC:0.8284023668639053
REC:0.89171974522293
TNR:0.6881720430107527
FPR:0.17159763313609466
FPDR:0.17159763313609466
F1:0.8588957055214724
BACC:0
CLSFE:0.17159763313609466
MCC:0.5988973584408652
GMEAN:0.7833623675305648
SAMPLES:507
AUC:{}
AVGP:{}
