

GENERAL_METRICS
ACC:0.8266666666666667
PREC:0.8225191592805108
REC:0.8067162554699052
TNR:0.8067162554699052
FPR:0.1774808407194892
FPDR:0.1774808407194892
F1:0.8128182090446241
BACC:0.0
CLSFE:0.17333333333333334
MCC:0.6290369428000877
GMEAN:0.8020120461998438
SAMPLES:750.0
AUC:{'AUC macro OVO': 0.8225191592805109}
AVGP:{'avg_precision': 0.8548727037527555}


METRICS_PER_CLASSES
CLASS:0
ACC:0.8266666666666667
PREC:0.8093385214007782
REC:0.7197231833910035
TNR:0.8937093275488069
FPR:0.19066147859922178
FPDR:0.19066147859922178
F1:0.7619047619047619
BACC:0
CLSFE:0.19066147859922178
MCC:0.6290369428000877
GMEAN:0.8020120461998438
SAMPLES:257
AUC:{}
AVGP:{}
CLASS:1
ACC:0.8266666666666667
PREC:0.8356997971602435
REC:0.8937093275488069
TNR:0.7197231833910035
FPR:0.1643002028397566
FPDR:0.1643002028397566
F1:0.8637316561844863
BACC:0
CLSFE:0.1643002028397566
MCC:0.6290369428000877
GMEAN:0.8020120461998438
SAMPLES:493
AUC:{}
AVGP:{}
