

GENERAL_METRICS
ACC:0.8326666666666667
PREC:0.5946234186525449
REC:0.7071505726227936
TNR:0.7071505726227936
FPR:0.40537658134745513
FPDR:0.40537658134745513
F1:0.6139882853390393
BACC:0.0
CLSFE:0.16733333333333333
MCC:0.28000925239999475
GMEAN:0.6918295458970934
SAMPLES:1500.0
AUC:{'AUC macro OVO': 0.5946234186525449}
AVGP:{'avg_precision': 0.8524296842511215}


METRICS_PER_CLASSES
CLASS:0
ACC:0.8326666666666667
PREC:0.22727272727272727
REC:0.5607476635514018
TNR:0.8535534816941852
FPR:0.7727272727272727
FPDR:0.7727272727272727
F1:0.32345013477088946
BACC:0
CLSFE:0.7727272727272727
MCC:0.28000925239999475
GMEAN:0.6918295458970934
SAMPLES:264
AUC:{}
AVGP:{}
CLASS:1
ACC:0.8326666666666667
PREC:0.9619741100323624
REC:0.8535534816941852
TNR:0.5607476635514018
FPR:0.03802588996763754
FPDR:0.03802588996763754
F1:0.9045264359071891
BACC:0
CLSFE:0.03802588996763754
MCC:0.28000925239999475
GMEAN:0.6918295458970934
SAMPLES:1236
AUC:{}
AVGP:{}
