

GENERAL_METRICS
ACC:0.8453333333333334
PREC:0.6121426884006614
REC:0.7348155574169464
TNR:0.7348155574169464
FPR:0.38785731159933856
FPDR:0.38785731159933856
F1:0.6373126115159499
BACC:0.0
CLSFE:0.15466666666666667
MCC:0.3245479803482761
GMEAN:0.7233481709330167
SAMPLES:1500.0
AUC:{'AUC macro OVO': 0.6121426884006614}
AVGP:{'avg_precision': 0.8629478604569247}


METRICS_PER_CLASSES
CLASS:0
ACC:0.8453333333333334
PREC:0.25882352941176473
REC:0.6055045871559633
TNR:0.8641265276779295
FPR:0.7411764705882353
FPDR:0.7411764705882353
F1:0.3626373626373626
BACC:0
CLSFE:0.7411764705882353
MCC:0.3245479803482761
GMEAN:0.7233481709330167
SAMPLES:255
AUC:{}
AVGP:{}
CLASS:1
ACC:0.8453333333333334
PREC:0.9654618473895582
REC:0.8641265276779295
TNR:0.6055045871559633
FPR:0.03453815261044177
FPDR:0.03453815261044177
F1:0.9119878603945372
BACC:0
CLSFE:0.03453815261044177
MCC:0.3245479803482761
GMEAN:0.7233481709330167
SAMPLES:1245
AUC:{}
AVGP:{}
