

GENERAL_METRICS
ACC:0.8353333333333334
PREC:0.6196
REC:0.690227764346609
TNR:0.690227764346609
FPR:0.38039999999999996
FPDR:0.38039999999999996
F1:0.6399329429772347
BACC:0.0
CLSFE:0.16466666666666666
MCC:0.30167028767085724
GMEAN:0.666375641614676
SAMPLES:1500.0
AUC:{'AUC macro OVO': 0.6196}
AVGP:{'avg_precision': 0.8680217466174662}


METRICS_PER_CLASSES
CLASS:0
ACC:0.8353333333333334
PREC:0.296
REC:0.5103448275862069
TNR:0.870110701107011
FPR:0.704
FPDR:0.704
F1:0.37468354430379747
BACC:0
CLSFE:0.704
MCC:0.30167028767085724
GMEAN:0.666375641614676
SAMPLES:250
AUC:{}
AVGP:{}
CLASS:1
ACC:0.8353333333333334
PREC:0.9432
REC:0.870110701107011
TNR:0.5103448275862069
FPR:0.0568
FPDR:0.0568
F1:0.9051823416506718
BACC:0
CLSFE:0.0568
MCC:0.30167028767085724
GMEAN:0.666375641614676
SAMPLES:1250
AUC:{}
AVGP:{}
