

GENERAL_METRICS
ACC:0.8526666666666667
PREC:0.6186609935435816
REC:0.7316025113215314
TNR:0.7316025113215314
FPR:0.38133900645641833
FPDR:0.38133900645641833
F1:0.6452234664075317
BACC:0.0
CLSFE:0.14733333333333334
MCC:0.33155502771396206
GMEAN:0.717626758038911
SAMPLES:1500.0
AUC:{'AUC macro OVO': 0.6186609935435816}
AVGP:{'avg_precision': 0.8726556428679882}


METRICS_PER_CLASSES
CLASS:0
ACC:0.8526666666666667
PREC:0.27385892116182575
REC:0.5892857142857143
TNR:0.8739193083573487
FPR:0.7261410788381742
FPDR:0.7261410788381742
F1:0.37393767705382436
BACC:0
CLSFE:0.7261410788381742
MCC:0.33155502771396206
GMEAN:0.717626758038911
SAMPLES:241
AUC:{}
AVGP:{}
CLASS:1
ACC:0.8526666666666667
PREC:0.9634630659253376
REC:0.8739193083573487
TNR:0.5892857142857143
FPR:0.03653693407466243
FPDR:0.03653693407466243
F1:0.9165092557612391
BACC:0
CLSFE:0.03653693407466243
MCC:0.33155502771396206
GMEAN:0.717626758038911
SAMPLES:1259
AUC:{}
AVGP:{}
