

GENERAL_METRICS
ACC:0.9418823529411765
PREC:0.5577507661703076
REC:0.7020576221102034
TNR:0.7020576221102034
FPR:0.44224923382969233
FPDR:0.44224923382969233
F1:0.5826460261818801
BACC:0.0
CLSFE:0.05811764705882353
MCC:0.2160461292170239
GMEAN:0.656979932471634
SAMPLES:4250.0
AUC:{'AUC macro OVO': 0.5577507661703077}
AVGP:{'avg_precision': 0.9495134354237663}


METRICS_PER_CLASSES
CLASS:0
ACC:0.9418823529411765
PREC:0.12448132780082988
REC:0.45454545454545453
TNR:0.9495697896749522
FPR:0.8755186721991701
FPDR:0.8755186721991701
F1:0.19543973941368079
BACC:0
CLSFE:0.8755186721991701
MCC:0.2160461292170239
GMEAN:0.656979932471634
SAMPLES:241
AUC:{}
AVGP:{}
CLASS:1
ACC:0.9418823529411765
PREC:0.9910202045397855
REC:0.9495697896749522
TNR:0.45454545454545453
FPR:0.008979795460214518
FPDR:0.008979795460214518
F1:0.9698523129500793
BACC:0
CLSFE:0.008979795460214518
MCC:0.2160461292170239
GMEAN:0.656979932471634
SAMPLES:4009
AUC:{}
AVGP:{}
