

GENERAL_METRICS
ACC:0.9456470588235294
PREC:0.5699617018677973
REC:0.7162253251502314
TNR:0.7162253251502314
FPR:0.4300382981322027
FPDR:0.4300382981322027
F1:0.599628726246371
BACC:0.0
CLSFE:0.05435294117647059
MCC:0.24598773737264237
GMEAN:0.6757534341710392
SAMPLES:4250.0
AUC:{'AUC macro OVO': 0.5699617018677973}
AVGP:{'avg_precision': 0.9535109500536907}


METRICS_PER_CLASSES
CLASS:0
ACC:0.9456470588235294
PREC:0.14912280701754385
REC:0.4788732394366197
TNR:0.9535774108638431
FPR:0.8508771929824561
FPDR:0.8508771929824561
F1:0.22742474916387959
BACC:0
CLSFE:0.8508771929824561
MCC:0.24598773737264237
GMEAN:0.6757534341710392
SAMPLES:228
AUC:{}
AVGP:{}
CLASS:1
ACC:0.9456470588235294
PREC:0.9908005967180508
REC:0.9535774108638431
TNR:0.4788732394366197
FPR:0.009199403281949278
FPDR:0.009199403281949278
F1:0.9718327033288623
BACC:0
CLSFE:0.009199403281949278
MCC:0.24598773737264237
GMEAN:0.6757534341710392
SAMPLES:4022
AUC:{}
AVGP:{}
