

GENERAL_METRICS
ACC:0.9456470588235294
PREC:0.5605983341832399
REC:0.6933483431515622
TNR:0.6933483431515622
FPR:0.43940166581676016
FPDR:0.43940166581676016
F1:0.5862795245975628
BACC:0.0
CLSFE:0.05435294117647059
MCC:0.21648637381668256
GMEAN:0.6425458354847636
SAMPLES:4250.0
AUC:{'AUC macro OVO': 0.5605983341832398}
AVGP:{'avg_precision': 0.9538033544686847}


METRICS_PER_CLASSES
CLASS:0
ACC:0.9456470588235294
PREC:0.13063063063063063
REC:0.43283582089552236
TNR:0.9538608654076022
FPR:0.8693693693693694
FPDR:0.8693693693693694
F1:0.20069204152249134
BACC:0
CLSFE:0.8693693693693694
MCC:0.21648637381668256
GMEAN:0.6425458354847636
SAMPLES:222
AUC:{}
AVGP:{}
CLASS:1
ACC:0.9456470588235294
PREC:0.9905660377358491
REC:0.9538608654076022
TNR:0.43283582089552236
FPR:0.009433962264150943
FPDR:0.009433962264150943
F1:0.9718670076726342
BACC:0
CLSFE:0.009433962264150943
MCC:0.21648637381668256
GMEAN:0.6425458354847636
SAMPLES:4028
AUC:{}
AVGP:{}
