

GENERAL_METRICS
ACC:0.9392941176470588
PREC:0.5439327959479909
REC:0.6911257991114964
TNR:0.6911257991114964
FPR:0.456067204052009
FPDR:0.456067204052009
F1:0.5626881457977382
BACC:0.0
CLSFE:0.06070588235294118
MCC:0.1832669171756003
GMEAN:0.6424570885510855
SAMPLES:4250.0
AUC:{'AUC macro OVO': 0.5439327959479909}
AVGP:{'avg_precision': 0.9458496146858}


METRICS_PER_CLASSES
CLASS:0
ACC:0.9392941176470588
PREC:0.09561752988047809
REC:0.43636363636363634
TNR:0.9458879618593564
FPR:0.9043824701195219
FPDR:0.9043824701195219
F1:0.1568627450980392
BACC:0
CLSFE:0.9043824701195219
MCC:0.1832669171756003
GMEAN:0.6424570885510855
SAMPLES:251
AUC:{}
AVGP:{}
CLASS:1
ACC:0.9392941176470588
PREC:0.9922480620155039
REC:0.9458879618593564
TNR:0.43636363636363634
FPR:0.007751937984496124
FPDR:0.007751937984496124
F1:0.9685135464974371
BACC:0
CLSFE:0.007751937984496124
MCC:0.1832669171756003
GMEAN:0.6424570885510855
SAMPLES:3999
AUC:{}
AVGP:{}
