

GENERAL_METRICS
ACC:0.9044
PREC:0.6991057557232165
REC:0.7337180286961946
TNR:0.7337180286961946
FPR:0.30089424427678346
FPDR:0.30089424427678346
F1:0.7144535261763678
BACC:0.0
CLSFE:0.0956
MCC:0.43143761880344295
GMEAN:0.7044551214173116
SAMPLES:2500.0
AUC:{'AUC macro OVO': 0.6991057557232165}
AVGP:{'avg_precision': 0.9371362169697934}


METRICS_PER_CLASSES
CLASS:0
ACC:0.9044
PREC:0.44223107569721115
REC:0.5285714285714286
TNR:0.9388646288209607
FPR:0.5577689243027888
FPDR:0.5577689243027888
F1:0.48156182212581344
BACC:0
CLSFE:0.5577689243027888
MCC:0.43143761880344295
GMEAN:0.7044551214173116
SAMPLES:251
AUC:{}
AVGP:{}
CLASS:1
ACC:0.9044
PREC:0.9559804357492219
REC:0.9388646288209607
TNR:0.5285714285714286
FPR:0.044019564250778125
FPDR:0.044019564250778125
F1:0.9473452302269222
BACC:0
CLSFE:0.044019564250778125
MCC:0.43143761880344295
GMEAN:0.7044551214173116
SAMPLES:2249
AUC:{}
AVGP:{}
