

GENERAL_METRICS
ACC:0.9132
PREC:0.728985155437817
REC:0.7638645650904845
TNR:0.7638645650904845
FPR:0.27101484456218305
FPDR:0.27101484456218305
F1:0.7447105676648758
BACC:0.0
CLSFE:0.0868
MCC:0.49161394793791835
GMEAN:0.7422247288800885
SAMPLES:2500.0
AUC:{'AUC macro OVO': 0.728985155437817}
AVGP:{'avg_precision': 0.9425695299512017}


METRICS_PER_CLASSES
CLASS:0
ACC:0.9132
PREC:0.4980237154150198
REC:0.5833333333333334
TNR:0.9443957968476357
FPR:0.5019762845849802
FPDR:0.5019762845849802
F1:0.5373134328358209
BACC:0
CLSFE:0.5019762845849802
MCC:0.49161394793791835
GMEAN:0.7422247288800885
SAMPLES:253
AUC:{}
AVGP:{}
CLASS:1
ACC:0.9132
PREC:0.9599465954606141
REC:0.9443957968476357
TNR:0.5833333333333334
FPR:0.04005340453938585
FPDR:0.04005340453938585
F1:0.9521077024939307
BACC:0
CLSFE:0.04005340453938585
MCC:0.49161394793791835
GMEAN:0.7422247288800885
SAMPLES:2247
AUC:{}
AVGP:{}
