

GENERAL_METRICS
ACC:0.9084
PREC:0.703045752549644
REC:0.7269555023234948
TNR:0.7269555023234948
FPR:0.29695424745035603
FPDR:0.29695424745035603
F1:0.7140758106138055
BACC:0.0
CLSFE:0.0916
MCC:0.4293360025181046
GMEAN:0.6937349246580564
SAMPLES:2500.0
AUC:{'AUC macro OVO': 0.703045752549644}
AVGP:{'avg_precision': 0.9425359108300781}


METRICS_PER_CLASSES
CLASS:0
ACC:0.9084
PREC:0.45064377682403434
REC:0.5097087378640777
TNR:0.944202266782912
FPR:0.5493562231759657
FPDR:0.5493562231759657
F1:0.4783599088838269
BACC:0
CLSFE:0.5493562231759657
MCC:0.4293360025181046
GMEAN:0.6937349246580564
SAMPLES:233
AUC:{}
AVGP:{}
CLASS:1
ACC:0.9084
PREC:0.9554477282752536
REC:0.944202266782912
TNR:0.5097087378640777
FPR:0.04455227172474636
FPDR:0.04455227172474636
F1:0.9497917123437842
BACC:0
CLSFE:0.04455227172474636
MCC:0.4293360025181046
GMEAN:0.6937349246580564
SAMPLES:2267
AUC:{}
AVGP:{}
