

GENERAL_METRICS
ACC:0.8992
PREC:0.6949428367549142
REC:0.72805126326473
TNR:0.72805126326473
FPR:0.3050571632450858
FPDR:0.3050571632450858
F1:0.7096238938053097
BACC:0.0
CLSFE:0.1008
MCC:0.42169638455347586
GMEAN:0.6978545800779492
SAMPLES:2500.0
AUC:{'AUC macro OVO': 0.6949428367549142}
AVGP:{'avg_precision': 0.9336808738478674}


METRICS_PER_CLASSES
CLASS:0
ACC:0.8992
PREC:0.4367816091954023
REC:0.5205479452054794
TNR:0.9355545813239807
FPR:0.5632183908045977
FPDR:0.5632183908045977
F1:0.475
BACC:0
CLSFE:0.5632183908045977
MCC:0.42169638455347586
GMEAN:0.6978545800779492
SAMPLES:261
AUC:{}
AVGP:{}
CLASS:1
ACC:0.8992
PREC:0.9531040643144261
REC:0.9355545813239807
TNR:0.5205479452054794
FPR:0.04689593568557392
FPDR:0.04689593568557392
F1:0.9442477876106194
BACC:0
CLSFE:0.04689593568557392
MCC:0.42169638455347586
GMEAN:0.6978545800779492
SAMPLES:2239
AUC:{}
AVGP:{}
