

GENERAL_METRICS
ACC:0.9151428571428571
PREC:0.5918301825429255
REC:0.6553812165387345
TNR:0.6553812165387345
FPR:0.4081698174570745
FPDR:0.4081698174570745
F1:0.6126112461619818
BACC:0.0
CLSFE:0.08485714285714285
MCC:0.23890320616093724
GMEAN:0.5907664777932712
SAMPLES:3500.0
AUC:{'AUC macro OVO': 0.5918301825429255}
AVGP:{'avg_precision': 0.9387637378781263}


METRICS_PER_CLASSES
CLASS:0
ACC:0.9151428571428571
PREC:0.21235521235521235
REC:0.3716216216216216
TNR:0.9391408114558473
FPR:0.7876447876447876
FPDR:0.7876447876447876
F1:0.2702702702702703
BACC:0
CLSFE:0.7876447876447876
MCC:0.23890320616093724
GMEAN:0.5907664777932712
SAMPLES:259
AUC:{}
AVGP:{}
CLASS:1
ACC:0.9151428571428571
PREC:0.9713051527306387
REC:0.9391408114558473
TNR:0.3716216216216216
FPR:0.028694847269361307
FPDR:0.028694847269361307
F1:0.9549522220536933
BACC:0
CLSFE:0.028694847269361307
MCC:0.23890320616093724
GMEAN:0.5907664777932712
SAMPLES:3241
AUC:{}
AVGP:{}
