

GENERAL_METRICS
ACC:0.9131428571428571
PREC:0.6044605109701873
REC:0.6696106931776994
TNR:0.6696106931776994
FPR:0.3955394890298127
FPDR:0.3955394890298127
F1:0.6266200269226612
BACC:0.0
CLSFE:0.08685714285714285
MCC:0.2662150985601691
GMEAN:0.6134759455753015
SAMPLES:3500.0
AUC:{'AUC macro OVO': 0.6044605109701873}
AVGP:{'avg_precision': 0.937515007083551}


METRICS_PER_CLASSES
CLASS:0
ACC:0.9131428571428571
PREC:0.23897058823529413
REC:0.4012345679012346
TNR:0.9379868184541642
FPR:0.7610294117647058
FPDR:0.7610294117647058
F1:0.2995391705069124
BACC:0
CLSFE:0.7610294117647058
MCC:0.2662150985601691
GMEAN:0.6134759455753015
SAMPLES:272
AUC:{}
AVGP:{}
CLASS:1
ACC:0.9131428571428571
PREC:0.9699504337050805
REC:0.9379868184541642
TNR:0.4012345679012346
FPR:0.030049566294919453
FPDR:0.030049566294919453
F1:0.95370088333841
BACC:0
CLSFE:0.030049566294919453
MCC:0.2662150985601691
GMEAN:0.6134759455753015
SAMPLES:3228
AUC:{}
AVGP:{}
