

GENERAL_METRICS
ACC:0.9165714285714286
PREC:0.6064933523266857
REC:0.6698937193676189
TNR:0.6698937193676189
FPR:0.39350664767331434
FPDR:0.39350664767331434
F1:0.6285359956616494
BACC:0.0
CLSFE:0.08342857142857144
MCC:0.2690171125761846
GMEAN:0.6125602810727017
SAMPLES:3500.0
AUC:{'AUC macro OVO': 0.6064933523266857}
AVGP:{'avg_precision': 0.9406035075998171}


METRICS_PER_CLASSES
CLASS:0
ACC:0.9165714285714286
PREC:0.2423076923076923
REC:0.3987341772151899
TNR:0.9410532615200479
FPR:0.7576923076923077
FPDR:0.7576923076923077
F1:0.3014354066985646
BACC:0
CLSFE:0.7576923076923077
MCC:0.2690171125761846
GMEAN:0.6125602810727017
SAMPLES:260
AUC:{}
AVGP:{}
CLASS:1
ACC:0.9165714285714286
PREC:0.970679012345679
REC:0.9410532615200479
TNR:0.3987341772151899
FPR:0.029320987654320986
FPDR:0.029320987654320986
F1:0.9556365846247341
BACC:0
CLSFE:0.029320987654320986
MCC:0.2690171125761846
GMEAN:0.6125602810727017
SAMPLES:3240
AUC:{}
AVGP:{}
