

GENERAL_METRICS
ACC:0.9245714285714286
PREC:0.6386219003730524
REC:0.6963756286205077
TNR:0.6963756286205077
FPR:0.36137809962694756
FPDR:0.36137809962694756
F1:0.6611169058653181
BACC:0.0
CLSFE:0.07542857142857143
MCC:0.3299815923734387
GMEAN:0.6489514557041802
SAMPLES:3500.0
AUC:{'AUC macro OVO': 0.6386219003730524}
AVGP:{'avg_precision': 0.9484166123659834}


METRICS_PER_CLASSES
CLASS:0
ACC:0.9245714285714286
PREC:0.30612244897959184
REC:0.4437869822485207
TNR:0.9489642749924947
FPR:0.6938775510204082
FPDR:0.6938775510204082
F1:0.36231884057971014
BACC:0
CLSFE:0.6938775510204082
MCC:0.3299815923734387
GMEAN:0.6489514557041802
SAMPLES:245
AUC:{}
AVGP:{}
CLASS:1
ACC:0.9245714285714286
PREC:0.971121351766513
REC:0.9489642749924947
TNR:0.4437869822485207
FPR:0.028878648233486945
FPDR:0.028878648233486945
F1:0.9599149711509262
BACC:0
CLSFE:0.028878648233486945
MCC:0.3299815923734387
GMEAN:0.6489514557041802
SAMPLES:3255
AUC:{}
AVGP:{}
