

GENERAL_METRICS
ACC:0.76
PREC:0.6724314033764887
REC:0.6772854480176381
TNR:0.6772854480176381
FPR:0.32756859662351134
FPDR:0.32756859662351134
F1:0.6747332812906583
BACC:0.0
CLSFE:0.24
MCC:0.34968316287697276
GMEAN:0.6584883890186607
SAMPLES:1000.0
AUC:{'AUC macro OVO': 0.6724314033764887}
AVGP:{'avg_precision': 0.8227659047682372}


METRICS_PER_CLASSES
CLASS:0
ACC:0.76
PREC:0.4979919678714859
REC:0.5188284518828452
TNR:0.835742444152431
FPR:0.5020080321285141
FPDR:0.5020080321285141
F1:0.5081967213114754
BACC:0
CLSFE:0.5020080321285141
MCC:0.34968316287697276
GMEAN:0.6584883890186607
SAMPLES:249
AUC:{}
AVGP:{}
CLASS:1
ACC:0.76
PREC:0.8468708388814914
REC:0.835742444152431
TNR:0.5188284518828452
FPR:0.15312916111850866
FPDR:0.15312916111850866
F1:0.8412698412698413
BACC:0
CLSFE:0.15312916111850866
MCC:0.34968316287697276
GMEAN:0.6584883890186607
SAMPLES:751
AUC:{}
AVGP:{}
