

GENERAL_METRICS
ACC:0.739
PREC:0.6380434063389135
REC:0.6392574050896954
TNR:0.6392574050896954
FPR:0.3619565936610865
FPDR:0.3619565936610865
F1:0.6386397903280071
BACC:0.0
CLSFE:0.261
MCC:0.2772981540255868
GMEAN:0.6109281530400181
SAMPLES:1000.0
AUC:{'AUC macro OVO': 0.6380434063389134}
AVGP:{'avg_precision': 0.81637069631002}


METRICS_PER_CLASSES
CLASS:0
ACC:0.739
PREC:0.44537815126050423
REC:0.451063829787234
TNR:0.8274509803921568
FPR:0.5546218487394958
FPDR:0.5546218487394958
F1:0.44820295983086683
BACC:0
CLSFE:0.5546218487394958
MCC:0.2772981540255868
GMEAN:0.6109281530400181
SAMPLES:238
AUC:{}
AVGP:{}
CLASS:1
ACC:0.739
PREC:0.8307086614173228
REC:0.8274509803921568
TNR:0.451063829787234
FPR:0.16929133858267717
FPDR:0.16929133858267717
F1:0.8290766208251473
BACC:0
CLSFE:0.16929133858267717
MCC:0.2772981540255868
GMEAN:0.6109281530400181
SAMPLES:762
AUC:{}
AVGP:{}
