

GENERAL_METRICS
ACC:0.732
PREC:0.6228379618284503
REC:0.6206109304967238
TNR:0.6206109304967238
FPR:0.37716203817154975
FPDR:0.37716203817154975
F1:0.6216826651609261
BACC:0.0
CLSFE:0.268
MCC:0.24343870584975122
GMEAN:0.5845054054853873
SAMPLES:1000.0
AUC:{'AUC macro OVO': 0.6228379618284502}
AVGP:{'avg_precision': 0.8192434477838254}


METRICS_PER_CLASSES
CLASS:0
ACC:0.732
PREC:0.42290748898678415
REC:0.41201716738197425
TNR:0.8292046936114733
FPR:0.5770925110132159
FPDR:0.5770925110132159
F1:0.41739130434782606
BACC:0
CLSFE:0.5770925110132159
MCC:0.24343870584975122
GMEAN:0.5845054054853873
SAMPLES:227
AUC:{}
AVGP:{}
CLASS:1
ACC:0.732
PREC:0.8227684346701164
REC:0.8292046936114733
TNR:0.41201716738197425
FPR:0.17723156532988357
FPDR:0.17723156532988357
F1:0.825974025974026
BACC:0
CLSFE:0.17723156532988357
MCC:0.24343870584975122
GMEAN:0.5845054054853873
SAMPLES:773
AUC:{}
AVGP:{}
