

GENERAL_METRICS
ACC:0.773
PREC:0.6868213358758408
REC:0.6730467301947273
TNR:0.6730467301947273
FPR:0.3131786641241591
FPDR:0.3131786641241591
F1:0.6790698397752641
BACC:0.0
CLSFE:0.227
MCC:0.35960434537933583
GMEAN:0.6445689687339622
SAMPLES:1000.0
AUC:{'AUC macro OVO': 0.6868213358758408}
AVGP:{'avg_precision': 0.8532768628878172}


METRICS_PER_CLASSES
CLASS:0
ACC:0.773
PREC:0.5345622119815668
REC:0.4793388429752066
TNR:0.866754617414248
FPR:0.46543778801843316
FPDR:0.46543778801843316
F1:0.5054466230936819
BACC:0
CLSFE:0.46543778801843316
MCC:0.35960434537933583
GMEAN:0.6445689687339622
SAMPLES:217
AUC:{}
AVGP:{}
CLASS:1
ACC:0.773
PREC:0.8390804597701149
REC:0.866754617414248
TNR:0.4793388429752066
FPR:0.16091954022988506
FPDR:0.16091954022988506
F1:0.8526930564568462
BACC:0
CLSFE:0.16091954022988506
MCC:0.35960434537933583
GMEAN:0.6445689687339622
SAMPLES:783
AUC:{}
AVGP:{}
