

GENERAL_METRICS
ACC:0.8513333333333334
PREC:0.722124154162989
REC:0.7438146497350937
TNR:0.7438146497350937
FPR:0.2778758458370109
FPDR:0.2778758458370109
F1:0.7319709390792781
BACC:0.0
CLSFE:0.14866666666666667
MCC:0.4654336594830811
GMEAN:0.7271469910651401
SAMPLES:1500.0
AUC:{'AUC macro OVO': 0.7221241541629891}
AVGP:{'avg_precision': 0.8943998362689793}


METRICS_PER_CLASSES
CLASS:0
ACC:0.8513333333333334
PREC:0.5227272727272727
REC:0.5872340425531914
TNR:0.9003952569169961
FPR:0.4772727272727273
FPDR:0.4772727272727273
F1:0.5531062124248497
BACC:0
CLSFE:0.4772727272727273
MCC:0.4654336594830811
GMEAN:0.7271469910651401
SAMPLES:264
AUC:{}
AVGP:{}
CLASS:1
ACC:0.8513333333333334
PREC:0.9215210355987055
REC:0.9003952569169961
TNR:0.5872340425531914
FPR:0.0784789644012945
FPDR:0.0784789644012945
F1:0.9108356657337066
BACC:0
CLSFE:0.0784789644012945
MCC:0.4654336594830811
GMEAN:0.7271469910651401
SAMPLES:1236
AUC:{}
AVGP:{}
