

GENERAL_METRICS
ACC:0.8473333333333334
PREC:0.7013044520502337
REC:0.7123214793641206
TNR:0.7123214793641206
FPR:0.29869554794976627
FPDR:0.29869554794976627
F1:0.7065304033647763
BACC:0.0
CLSFE:0.15266666666666667
MCC:0.41347918478148
GMEAN:0.6859178526740553
SAMPLES:1500.0
AUC:{'AUC macro OVO': 0.7013044520502337}
AVGP:{'avg_precision': 0.8991110214816901}


METRICS_PER_CLASSES
CLASS:0
ACC:0.8473333333333334
PREC:0.48739495798319327
REC:0.5201793721973094
TNR:0.9044635865309318
FPR:0.5126050420168067
FPDR:0.5126050420168067
F1:0.5032537960954447
BACC:0
CLSFE:0.5126050420168067
MCC:0.41347918478148
GMEAN:0.6859178526740553
SAMPLES:238
AUC:{}
AVGP:{}
CLASS:1
ACC:0.8473333333333334
PREC:0.9152139461172741
REC:0.9044635865309318
TNR:0.5201793721973094
FPR:0.08478605388272584
FPDR:0.08478605388272584
F1:0.909807010634108
BACC:0
CLSFE:0.08478605388272584
MCC:0.41347918478148
GMEAN:0.6859178526740553
SAMPLES:1262
AUC:{}
AVGP:{}
