

GENERAL_METRICS
ACC:0.856
PREC:0.7260814492832863
REC:0.7557161949982649
TNR:0.7557161949982649
FPR:0.2739185507167136
FPDR:0.2739185507167136
F1:0.7391270741007936
BACC:0.0
CLSFE:0.144
MCC:0.4808853833104733
GMEAN:0.7417994613267878
SAMPLES:1500.0
AUC:{'AUC macro OVO': 0.7260814492832863}
AVGP:{'avg_precision': 0.8944428287654668}


METRICS_PER_CLASSES
CLASS:0
ACC:0.856
PREC:0.5243445692883895
REC:0.611353711790393
TNR:0.9000786782061369
FPR:0.4756554307116105
FPDR:0.4756554307116105
F1:0.5645161290322581
BACC:0
CLSFE:0.4756554307116105
MCC:0.4808853833104733
GMEAN:0.7417994613267878
SAMPLES:267
AUC:{}
AVGP:{}
CLASS:1
ACC:0.856
PREC:0.9278183292781833
REC:0.9000786782061369
TNR:0.611353711790393
FPR:0.07218167072181671
FPDR:0.07218167072181671
F1:0.9137380191693291
BACC:0
CLSFE:0.07218167072181671
MCC:0.4808853833104733
GMEAN:0.7417994613267878
SAMPLES:1233
AUC:{}
AVGP:{}
