

GENERAL_METRICS
ACC:0.8553333333333333
PREC:0.72068891741549
REC:0.7355911146793277
TNR:0.7355911146793277
FPR:0.27931108258451004
FPDR:0.27931108258451004
F1:0.7276768197337675
BACC:0.0
CLSFE:0.14466666666666667
MCC:0.45603661279019847
GMEAN:0.7152680835154565
SAMPLES:1500.0
AUC:{'AUC macro OVO': 0.7206889174154899}
AVGP:{'avg_precision': 0.9016761896886758}


METRICS_PER_CLASSES
CLASS:0
ACC:0.8553333333333333
PREC:0.5203252032520326
REC:0.5638766519823789
TNR:0.9073055773762765
FPR:0.4796747967479675
FPDR:0.4796747967479675
F1:0.5412262156448203
BACC:0
CLSFE:0.4796747967479675
MCC:0.45603661279019847
GMEAN:0.7152680835154565
SAMPLES:246
AUC:{}
AVGP:{}
CLASS:1
ACC:0.8553333333333333
PREC:0.9210526315789473
REC:0.9073055773762765
TNR:0.5638766519823789
FPR:0.07894736842105263
FPDR:0.07894736842105263
F1:0.9141274238227147
BACC:0
CLSFE:0.07894736842105263
MCC:0.45603661279019847
GMEAN:0.7152680835154565
SAMPLES:1254
AUC:{}
AVGP:{}
