

GENERAL_METRICS
ACC:0.816
PREC:0.7533406514534209
REC:0.757399622512011
TNR:0.757399622512011
FPR:0.24665934854657912
FPDR:0.24665934854657912
F1:0.7553178474353587
BACC:0.0
CLSFE:0.184
MCC:0.5107241449199655
GMEAN:0.7484218984124767
SAMPLES:1000.0
AUC:{'AUC macro OVO': 0.7533406514534209}
AVGP:{'avg_precision': 0.8584387798756489}


METRICS_PER_CLASSES
CLASS:0
ACC:0.816
PREC:0.6259842519685039
REC:0.6411290322580645
TNR:0.8736702127659575
FPR:0.37401574803149606
FPDR:0.37401574803149606
F1:0.6334661354581673
BACC:0
CLSFE:0.37401574803149606
MCC:0.5107241449199655
GMEAN:0.7484218984124767
SAMPLES:254
AUC:{}
AVGP:{}
CLASS:1
ACC:0.816
PREC:0.8806970509383378
REC:0.8736702127659575
TNR:0.6411290322580645
FPR:0.1193029490616622
FPDR:0.1193029490616622
F1:0.87716955941255
BACC:0
CLSFE:0.1193029490616622
MCC:0.5107241449199655
GMEAN:0.7484218984124767
SAMPLES:746
AUC:{}
AVGP:{}
