

GENERAL_METRICS
ACC:0.816
PREC:0.7565483354957039
REC:0.7605229878671471
TNR:0.7605229878671471
FPR:0.24345166450429606
FPDR:0.24345166450429606
F1:0.7584845430107527
BACC:0.0
CLSFE:0.184
MCC:0.5170560468486335
GMEAN:0.7521858519213858
SAMPLES:1000.0
AUC:{'AUC macro OVO': 0.7565483354957039}
AVGP:{'avg_precision': 0.8569914439584699}


METRICS_PER_CLASSES
CLASS:0
ACC:0.816
PREC:0.6332046332046332
REC:0.6482213438735178
TNR:0.8728246318607764
FPR:0.3667953667953668
FPDR:0.3667953667953668
F1:0.640625
BACC:0
CLSFE:0.3667953667953668
MCC:0.5170560468486335
GMEAN:0.7521858519213858
SAMPLES:259
AUC:{}
AVGP:{}
CLASS:1
ACC:0.816
PREC:0.8798920377867746
REC:0.8728246318607764
TNR:0.6482213438735178
FPR:0.12010796221322537
FPDR:0.12010796221322537
F1:0.8763440860215054
BACC:0
CLSFE:0.12010796221322537
MCC:0.5170560468486335
GMEAN:0.7521858519213858
SAMPLES:741
AUC:{}
AVGP:{}
