

GENERAL_METRICS
ACC:0.799
PREC:0.7305480682839174
REC:0.7420963533242759
TNR:0.7420963533242759
FPR:0.26945193171608267
FPDR:0.26945193171608267
F1:0.7358318471136672
BACC:0.0
CLSFE:0.201
MCC:0.47250331891952907
GMEAN:0.7335936379413923
SAMPLES:1000.0
AUC:{'AUC macro OVO': 0.7305480682839174}
AVGP:{'avg_precision': 0.8393642793987621}


METRICS_PER_CLASSES
CLASS:0
ACC:0.799
PREC:0.5849056603773585
REC:0.6300813008130082
TNR:0.8541114058355438
FPR:0.41509433962264153
FPDR:0.41509433962264153
F1:0.6066536203522505
BACC:0
CLSFE:0.41509433962264153
MCC:0.47250331891952907
GMEAN:0.7335936379413923
SAMPLES:265
AUC:{}
AVGP:{}
CLASS:1
ACC:0.799
PREC:0.8761904761904762
REC:0.8541114058355438
TNR:0.6300813008130082
FPR:0.12380952380952381
FPDR:0.12380952380952381
F1:0.865010073875084
BACC:0
CLSFE:0.12380952380952381
MCC:0.47250331891952907
GMEAN:0.7335936379413923
SAMPLES:735
AUC:{}
AVGP:{}
