

GENERAL_METRICS
ACC:0.822
PREC:0.7587765572312212
REC:0.771250758955677
TNR:0.771250758955677
FPR:0.24122344276877883
FPDR:0.24122344276877883
F1:0.7645390521241753
BACC:0.0
CLSFE:0.178
MCC:0.5298805055817998
GMEAN:0.7648549116157312
SAMPLES:1000.0
AUC:{'AUC macro OVO': 0.7587765572312211}
AVGP:{'avg_precision': 0.8560212787313058}


METRICS_PER_CLASSES
CLASS:0
ACC:0.822
PREC:0.6259541984732825
REC:0.6721311475409836
TNR:0.8703703703703703
FPR:0.37404580152671757
FPDR:0.37404580152671757
F1:0.6482213438735178
BACC:0
CLSFE:0.37404580152671757
MCC:0.5298805055817998
GMEAN:0.7648549116157312
SAMPLES:262
AUC:{}
AVGP:{}
CLASS:1
ACC:0.822
PREC:0.8915989159891599
REC:0.8703703703703703
TNR:0.6721311475409836
FPR:0.10840108401084012
FPDR:0.10840108401084012
F1:0.8808567603748326
BACC:0
CLSFE:0.10840108401084012
MCC:0.5298805055817998
GMEAN:0.7648549116157312
SAMPLES:738
AUC:{}
AVGP:{}
