

GENERAL_METRICS
ACC:0.864
PREC:0.7673992461133774
REC:0.8013850258273258
TNR:0.8013850258273258
FPR:0.23260075388662257
FPDR:0.23260075388662257
F1:0.7822174668765578
BACC:0.0
CLSFE:0.136
MCC:0.5677680114134213
GMEAN:0.795450251332116
SAMPLES:1250.0
AUC:{'AUC macro OVO': 0.7673992461133774}
AVGP:{'avg_precision': 0.8915579833868759}


METRICS_PER_CLASSES
CLASS:0
ACC:0.864
PREC:0.6015325670498084
REC:0.7040358744394619
TNR:0.8987341772151899
FPR:0.39846743295019155
FPDR:0.39846743295019155
F1:0.6487603305785123
BACC:0
CLSFE:0.39846743295019155
MCC:0.5677680114134213
GMEAN:0.795450251332116
SAMPLES:261
AUC:{}
AVGP:{}
CLASS:1
ACC:0.864
PREC:0.9332659251769464
REC:0.8987341772151899
TNR:0.7040358744394619
FPR:0.06673407482305359
FPDR:0.06673407482305359
F1:0.9156746031746031
BACC:0
CLSFE:0.06673407482305359
MCC:0.5677680114134213
GMEAN:0.795450251332116
SAMPLES:989
AUC:{}
AVGP:{}
