

GENERAL_METRICS
ACC:0.8512
PREC:0.77010823059323
REC:0.7898709232436694
TNR:0.7898709232436694
FPR:0.22989176940677003
FPDR:0.22989176940677003
F1:0.7791401951545733
BACC:0.0
CLSFE:0.1488
MCC:0.5596303143246388
GMEAN:0.7830478009088765
SAMPLES:1250.0
AUC:{'AUC macro OVO': 0.7701082305932301}
AVGP:{'avg_precision': 0.8837032634794199}


METRICS_PER_CLASSES
CLASS:0
ACC:0.8512
PREC:0.6227758007117438
REC:0.6862745098039216
TNR:0.893467336683417
FPR:0.37722419928825623
FPDR:0.37722419928825623
F1:0.6529850746268657
BACC:0
CLSFE:0.37722419928825623
MCC:0.5596303143246388
GMEAN:0.7830478009088765
SAMPLES:281
AUC:{}
AVGP:{}
CLASS:1
ACC:0.8512
PREC:0.9174406604747162
REC:0.893467336683417
TNR:0.6862745098039216
FPR:0.0825593395252838
FPDR:0.0825593395252838
F1:0.905295315682281
BACC:0
CLSFE:0.0825593395252838
MCC:0.5596303143246388
GMEAN:0.7830478009088765
SAMPLES:969
AUC:{}
AVGP:{}
