

GENERAL_METRICS
ACC:0.8448
PREC:0.760859683332696
REC:0.7434318766576409
TNR:0.7434318766576409
FPR:0.2391403166673039
FPDR:0.2391403166673039
F1:0.7514716974944248
BACC:0.0
CLSFE:0.1552
MCC:0.5039903263277824
GMEAN:0.7236613030628214
SAMPLES:1250.0
AUC:{'AUC macro OVO': 0.760859683332696}
AVGP:{'avg_precision': 0.9032972078157928}


METRICS_PER_CLASSES
CLASS:0
ACC:0.8448
PREC:0.6277056277056277
REC:0.5731225296442688
TNR:0.9137412236710131
FPR:0.3722943722943723
FPDR:0.3722943722943723
F1:0.5991735537190083
BACC:0
CLSFE:0.3722943722943723
MCC:0.5039903263277824
GMEAN:0.7236613030628214
SAMPLES:231
AUC:{}
AVGP:{}
CLASS:1
ACC:0.8448
PREC:0.8940137389597644
REC:0.9137412236710131
TNR:0.5731225296442688
FPR:0.10598626104023552
FPDR:0.10598626104023552
F1:0.9037698412698413
BACC:0
CLSFE:0.10598626104023552
MCC:0.5039903263277824
GMEAN:0.7236613030628214
SAMPLES:1019
AUC:{}
AVGP:{}
