

GENERAL_METRICS
ACC:0.848
PREC:0.7557788944723618
REC:0.7668822917394897
TNR:0.7668822917394897
FPR:0.2442211055276382
FPDR:0.2442211055276382
F1:0.7610625523147254
BACC:0.0
CLSFE:0.152
MCC:0.522543232796587
GMEAN:0.7554317860390017
SAMPLES:1250.0
AUC:{'AUC macro OVO': 0.7557788944723617}
AVGP:{'avg_precision': 0.8898082404091817}


METRICS_PER_CLASSES
CLASS:0
ACC:0.848
PREC:0.6
REC:0.6348547717842323
TNR:0.8989098116947473
FPR:0.4
FPDR:0.4
F1:0.6169354838709677
BACC:0
CLSFE:0.4
MCC:0.522543232796587
GMEAN:0.7554317860390017
SAMPLES:255
AUC:{}
AVGP:{}
CLASS:1
ACC:0.848
PREC:0.9115577889447236
REC:0.8989098116947473
TNR:0.6348547717842323
FPR:0.08844221105527639
FPDR:0.08844221105527639
F1:0.9051896207584831
BACC:0
CLSFE:0.08844221105527639
MCC:0.522543232796587
GMEAN:0.7554317860390017
SAMPLES:995
AUC:{}
AVGP:{}
