

GENERAL_METRICS
ACC:0.92
PREC:0.502262443438914
REC:0.9599854492542743
TNR:0.9599854492542743
FPR:0.497737556561086
FPDR:0.497737556561086
F1:0.48366327676672505
BACC:0.0
CLSFE:0.08
MCC:0.06451948734022162
GMEAN:0.9591511343414804
SAMPLES:2750.0
AUC:{'AUC macro OVO': 0.502262443438914}
AVGP:{'avg_precision': 0.9199708985085485}


METRICS_PER_CLASSES
CLASS:0
ACC:0.92
PREC:0.004524886877828055
REC:1.0
TNR:0.9199708985085485
FPR:0.995475113122172
FPDR:0.995475113122172
F1:0.009009009009009009
BACC:0
CLSFE:0.995475113122172
MCC:0.06451948734022162
GMEAN:0.9591511343414804
SAMPLES:221
AUC:{}
AVGP:{}
CLASS:1
ACC:0.92
PREC:1.0
REC:0.9199708985085485
TNR:1.0
FPR:0.0
FPDR:0.0
F1:0.9583175445244411
BACC:0
CLSFE:0.0
MCC:0.06451948734022162
GMEAN:0.9591511343414804
SAMPLES:2529
AUC:{}
AVGP:{}
