

GENERAL_METRICS
ACC:0.916
PREC:0.4994052339413164
REC:0.45850018201674553
TNR:0.45850018201674553
FPR:0.5005947660586836
FPDR:0.5005947660586836
F1:0.4780793319415449
BACC:0.0
CLSFE:0.084
MCC:-0.009936333967412005
GMEAN:0.0
SAMPLES:2750.0
AUC:{'AUC macro OVO': 0.4994052339413164}
AVGP:{'avg_precision': 0.917000471739745}


METRICS_PER_CLASSES
CLASS:0
ACC:0.916
PREC:0.0
REC:0.0
TNR:0.9170003640334911
FPR:1.0
FPDR:1.0
F1:0.0
BACC:0
CLSFE:1.0
MCC:-0.009936333967412005
GMEAN:0
SAMPLES:228
AUC:{}
AVGP:{}
CLASS:1
ACC:0.916
PREC:0.9988104678826328
REC:0.9170003640334911
TNR:0.0
FPR:0.0011895321173671688
FPDR:0.0011895321173671688
F1:0.9561586638830898
BACC:0
CLSFE:0.0011895321173671688
MCC:-0.009936333967412005
GMEAN:0
SAMPLES:2522
AUC:{}
AVGP:{}
