

GENERAL_METRICS
ACC:0.9156363636363636
PREC:0.5037335299344032
REC:0.658287795992714
TNR:0.658287795992714
FPR:0.4962664700655967
FPDR:0.4962664700655967
F1:0.4864381021070527
BACC:0.0
CLSFE:0.08436363636363636
MCC:0.048619840583429316
GMEAN:0.6054999890951042
SAMPLES:2750.0
AUC:{'AUC macro OVO': 0.5037335299344032}
AVGP:{'avg_precision': 0.91657490648485}


METRICS_PER_CLASSES
CLASS:0
ACC:0.9156363636363636
PREC:0.008658008658008658
REC:0.4
TNR:0.916575591985428
FPR:0.9913419913419913
FPDR:0.9913419913419913
F1:0.01694915254237288
BACC:0
CLSFE:0.9913419913419913
MCC:0.048619840583429316
GMEAN:0.6054999890951042
SAMPLES:231
AUC:{}
AVGP:{}
CLASS:1
ACC:0.9156363636363636
PREC:0.9988090512107979
REC:0.916575591985428
TNR:0.4
FPR:0.0011909487892020642
FPDR:0.0011909487892020642
F1:0.9559270516717325
BACC:0
CLSFE:0.0011909487892020642
MCC:0.048619840583429316
GMEAN:0.6054999890951042
SAMPLES:2519
AUC:{}
AVGP:{}
