

GENERAL_METRICS
ACC:0.896
PREC:0.49898744430943703
REC:0.448816029143898
TNR:0.448816029143898
FPR:0.501012555690563
FPDR:0.501012555690563
F1:0.47257383966244726
BACC:0.0
CLSFE:0.104
MCC:-0.014398141679530154
GMEAN:0.0
SAMPLES:2750.0
AUC:{'AUC macro OVO': 0.49898744430943703}
AVGP:{'avg_precision': 0.8976324352086757}


METRICS_PER_CLASSES
CLASS:0
ACC:0.896
PREC:0.0
REC:0.0
TNR:0.897632058287796
FPR:1.0
FPDR:1.0
F1:0.0
BACC:0
CLSFE:1.0
MCC:-0.014398141679530154
GMEAN:0
SAMPLES:281
AUC:{}
AVGP:{}
CLASS:1
ACC:0.896
PREC:0.9979748886188741
REC:0.897632058287796
TNR:0.0
FPR:0.002025111381125962
FPDR:0.002025111381125962
F1:0.9451476793248945
BACC:0
CLSFE:0.002025111381125962
MCC:-0.014398141679530154
GMEAN:0
SAMPLES:2469
AUC:{}
AVGP:{}
