

GENERAL_METRICS
ACC:0.859
PREC:0.5086008538635403
REC:0.5397650603039781
TNR:0.5397650603039781
FPR:0.4913991461364598
FPDR:0.4913991461364598
F1:0.4949838645553888
BACC:0.0
CLSFE:0.141
MCC:0.03698721252267487
GMEAN:0.4226854110629899
SAMPLES:2000.0
AUC:{'AUC macro OVO': 0.5086008538635403}
AVGP:{'avg_precision': 0.8754049899410191}


METRICS_PER_CLASSES
CLASS:0
ACC:0.859
PREC:0.039525691699604744
REC:0.20408163265306123
TNR:0.8754484879548949
FPR:0.9604743083003953
FPDR:0.9604743083003953
F1:0.06622516556291391
BACC:0
CLSFE:0.9604743083003953
MCC:0.03698721252267487
GMEAN:0.4226854110629899
SAMPLES:253
AUC:{}
AVGP:{}
CLASS:1
ACC:0.859
PREC:0.9776760160274757
REC:0.8754484879548949
TNR:0.20408163265306123
FPR:0.022323983972524327
FPDR:0.022323983972524327
F1:0.9237425635478637
BACC:0
CLSFE:0.022323983972524327
MCC:0.03698721252267487
GMEAN:0.4226854110629899
SAMPLES:1747
AUC:{}
AVGP:{}
