

GENERAL_METRICS
ACC:0.8695
PREC:0.5012870012870013
REC:0.505355704557579
TNR:0.505355704557579
FPR:0.4987129987129987
FPDR:0.4987129987129987
F1:0.48696326480066754
BACC:0.0
CLSFE:0.1305
MCC:0.005250827995051029
GMEAN:0.32979816267665363
SAMPLES:2000.0
AUC:{'AUC macro OVO': 0.5012870012870013}
AVGP:{'avg_precision': 0.888256075655358}


METRICS_PER_CLASSES
CLASS:0
ACC:0.8695
PREC:0.026785714285714284
REC:0.12244897959183673
TNR:0.8882624295233214
FPR:0.9732142857142857
FPDR:0.9732142857142857
F1:0.04395604395604396
BACC:0
CLSFE:0.9732142857142857
MCC:0.005250827995051029
GMEAN:0.32979816267665363
SAMPLES:224
AUC:{}
AVGP:{}
CLASS:1
ACC:0.8695
PREC:0.9757882882882883
REC:0.8882624295233214
TNR:0.12244897959183673
FPR:0.02421171171171171
FPDR:0.02421171171171171
F1:0.9299704856452912
BACC:0
CLSFE:0.02421171171171171
MCC:0.005250827995051029
GMEAN:0.32979816267665363
SAMPLES:1776
AUC:{}
AVGP:{}
