

GENERAL_METRICS
ACC:0.842
PREC:0.5142680696801515
REC:0.5677172547676145
TNR:0.5677172547676145
FPR:0.48573193031984857
FPDR:0.48573193031984857
F1:0.5001123165364744
BACC:0.0
CLSFE:0.158
MCC:0.06216733899960298
GMEAN:0.4880962825547194
SAMPLES:2000.0
AUC:{'AUC macro OVO': 0.5142680696801515}
AVGP:{'avg_precision': 0.8575732349550269}


METRICS_PER_CLASSES
CLASS:0
ACC:0.842
PREC:0.05136986301369863
REC:0.2777777777777778
TNR:0.8576567317574512
FPR:0.9486301369863014
FPDR:0.9486301369863014
F1:0.08670520231213873
BACC:0
CLSFE:0.9486301369863014
MCC:0.06216733899960298
GMEAN:0.4880962825547194
SAMPLES:292
AUC:{}
AVGP:{}
CLASS:1
ACC:0.842
PREC:0.9771662763466042
REC:0.8576567317574512
TNR:0.2777777777777778
FPR:0.022833723653395786
FPDR:0.022833723653395786
F1:0.9135194307608101
BACC:0
CLSFE:0.022833723653395786
MCC:0.06216733899960298
GMEAN:0.4880962825547194
SAMPLES:1708
AUC:{}
AVGP:{}
