

GENERAL_METRICS
ACC:0.8485
PREC:0.49899658566706623
REC:0.4965871624804071
TNR:0.4965871624804071
FPR:0.5010034143329338
FPDR:0.5010034143329338
F1:0.4839210756924272
BACC:0.0
CLSFE:0.1515
MCC:-0.003701075564283296
GMEAN:0.323002950845758
SAMPLES:2000.0
AUC:{'AUC macro OVO': 0.49899658566706623}
AVGP:{'avg_precision': 0.8737790578190906}


METRICS_PER_CLASSES
CLASS:0
ACC:0.8485
PREC:0.031746031746031744
REC:0.11940298507462686
TNR:0.8737713398861873
FPR:0.9682539682539683
FPDR:0.9682539682539683
F1:0.050156739811912224
BACC:0
CLSFE:0.9682539682539683
MCC:-0.003701075564283296
GMEAN:0.323002950845758
SAMPLES:252
AUC:{}
AVGP:{}
CLASS:1
ACC:0.8485
PREC:0.9662471395881007
REC:0.8737713398861873
TNR:0.11940298507462686
FPR:0.033752860411899316
FPDR:0.033752860411899316
F1:0.9176854115729421
BACC:0
CLSFE:0.033752860411899316
MCC:-0.003701075564283296
GMEAN:0.323002950845758
SAMPLES:1748
AUC:{}
AVGP:{}
