

GENERAL_METRICS
ACC:0.9308571428571428
PREC:0.6631423636766661
REC:0.7644273952095808
TNR:0.7644273952095808
FPR:0.3368576363233339
FPDR:0.3368576363233339
F1:0.6988782771429058
BACC:0.0
CLSFE:0.06914285714285714
MCC:0.41540009761845254
GMEAN:0.7421558356781531
SAMPLES:3500.0
AUC:{'AUC macro OVO': 0.6631423636766661}
AVGP:{'avg_precision': 0.9471036126121166}


METRICS_PER_CLASSES
CLASS:0
ACC:0.9308571428571428
PREC:0.34701492537313433
REC:0.58125
TNR:0.9476047904191617
FPR:0.6529850746268657
FPDR:0.6529850746268657
F1:0.43457943925233644
BACC:0
CLSFE:0.6529850746268657
MCC:0.41540009761845254
GMEAN:0.7421558356781531
SAMPLES:268
AUC:{}
AVGP:{}
CLASS:1
ACC:0.9308571428571428
PREC:0.979269801980198
REC:0.9476047904191617
TNR:0.58125
FPR:0.02073019801980198
FPDR:0.02073019801980198
F1:0.9631771150334754
BACC:0
CLSFE:0.02073019801980198
MCC:0.41540009761845254
GMEAN:0.7421558356781531
SAMPLES:3232
AUC:{}
AVGP:{}
