

GENERAL_METRICS
ACC:0.9411428571428572
PREC:0.6815210490814585
REC:0.7989601457266319
TNR:0.7989601457266319
FPR:0.31847895091854145
FPDR:0.31847895091854145
F1:0.7229867940389525
BACC:0.0
CLSFE:0.05885714285714286
MCC:0.46590797068023615
GMEAN:0.7837561450302075
SAMPLES:3500.0
AUC:{'AUC macro OVO': 0.6815210490814585}
AVGP:{'avg_precision': 0.9536858513588969}


METRICS_PER_CLASSES
CLASS:0
ACC:0.9411428571428572
PREC:0.3790322580645161
REC:0.6438356164383562
TNR:0.9540846750149076
FPR:0.6209677419354839
FPDR:0.6209677419354839
F1:0.47715736040609136
BACC:0
CLSFE:0.6209677419354839
MCC:0.46590797068023615
GMEAN:0.7837561450302075
SAMPLES:248
AUC:{}
AVGP:{}
CLASS:1
ACC:0.9411428571428572
PREC:0.984009840098401
REC:0.9540846750149076
TNR:0.6438356164383562
FPR:0.015990159901599015
FPDR:0.015990159901599015
F1:0.9688162276718135
BACC:0
CLSFE:0.015990159901599015
MCC:0.46590797068023615
GMEAN:0.7837561450302075
SAMPLES:3252
AUC:{}
AVGP:{}
