

GENERAL_METRICS
ACC:0.9434285714285714
PREC:0.6706156096263794
REC:0.788634564169006
TNR:0.788634564169006
FPR:0.3293843903736205
FPDR:0.3293843903736205
F1:0.7116052062542968
BACC:0.0
CLSFE:0.05657142857142857
MCC:0.443826822645677
GMEAN:0.770658290941184
SAMPLES:3500.0
AUC:{'AUC macro OVO': 0.6706156096263796}
AVGP:{'avg_precision': 0.9557241127399553}


METRICS_PER_CLASSES
CLASS:0
ACC:0.9434285714285714
PREC:0.3565217391304348
REC:0.6212121212121212
TNR:0.9560570071258907
FPR:0.6434782608695652
FPDR:0.6434782608695652
F1:0.4530386740331492
BACC:0
CLSFE:0.6434782608695652
MCC:0.443826822645677
GMEAN:0.770658290941184
SAMPLES:230
AUC:{}
AVGP:{}
CLASS:1
ACC:0.9434285714285714
PREC:0.9847094801223242
REC:0.9560570071258907
TNR:0.6212121212121212
FPR:0.01529051987767584
FPDR:0.01529051987767584
F1:0.9701717384754444
BACC:0
CLSFE:0.01529051987767584
MCC:0.443826822645677
GMEAN:0.770658290941184
SAMPLES:3270
AUC:{}
AVGP:{}
