

GENERAL_METRICS
ACC:0.9351428571428572
PREC:0.6728021738837202
REC:0.7636976047904191
TNR:0.7636976047904191
FPR:0.32719782611627973
FPDR:0.32719782611627973
F1:0.7066186030762027
BACC:0.0
CLSFE:0.06485714285714286
MCC:0.426930998432836
GMEAN:0.7400184088987125
SAMPLES:3500.0
AUC:{'AUC macro OVO': 0.6728021738837202}
AVGP:{'avg_precision': 0.9518906094946369}


METRICS_PER_CLASSES
CLASS:0
ACC:0.9351428571428572
PREC:0.3665338645418327
REC:0.575
TNR:0.9523952095808383
FPR:0.6334661354581673
FPDR:0.6334661354581673
F1:0.44768856447688565
BACC:0
CLSFE:0.6334661354581673
MCC:0.426930998432836
GMEAN:0.7400184088987125
SAMPLES:251
AUC:{}
AVGP:{}
CLASS:1
ACC:0.9351428571428572
PREC:0.9790704832256079
REC:0.9523952095808383
TNR:0.575
FPR:0.020929516774392122
FPDR:0.020929516774392122
F1:0.9655486416755198
BACC:0
CLSFE:0.020929516774392122
MCC:0.426930998432836
GMEAN:0.7400184088987125
SAMPLES:3249
AUC:{}
AVGP:{}
