

GENERAL_METRICS
ACC:0.8453333333333334
PREC:0.7165846296094855
REC:0.7065390749601276
TNR:0.7065390749601276
FPR:0.2834153703905145
FPDR:0.2834153703905145
F1:0.711326933860687
BACC:0.0
CLSFE:0.15466666666666667
MCC:0.4230044399300083
GMEAN:0.6756767533074729
SAMPLES:1500.0
AUC:{'AUC macro OVO': 0.7165846296094855}
AVGP:{'avg_precision': 0.9065066890052778}


METRICS_PER_CLASSES
CLASS:0
ACC:0.8453333333333334
PREC:0.5301724137931034
REC:0.5
TNR:0.9130781499202552
FPR:0.4698275862068966
FPDR:0.4698275862068966
F1:0.5146443514644351
BACC:0
CLSFE:0.4698275862068966
MCC:0.4230044399300083
GMEAN:0.6756767533074729
SAMPLES:232
AUC:{}
AVGP:{}
CLASS:1
ACC:0.8453333333333334
PREC:0.9029968454258676
REC:0.9130781499202552
TNR:0.5
FPR:0.09700315457413249
FPDR:0.09700315457413249
F1:0.9080095162569389
BACC:0
CLSFE:0.09700315457413249
MCC:0.4230044399300083
GMEAN:0.6756767533074729
SAMPLES:1268
AUC:{}
AVGP:{}
