

GENERAL_METRICS
ACC:0.836
PREC:0.6996611872616716
REC:0.7022880338310535
TNR:0.7022880338310535
FPR:0.30033881273832835
FPDR:0.30033881273832835
F1:0.700956937799043
BACC:0.0
CLSFE:0.164
MCC:0.40194063742566444
GMEAN:0.6737427817119441
SAMPLES:1500.0
AUC:{'AUC macro OVO': 0.6996611872616716}
AVGP:{'avg_precision': 0.8941173748329636}


METRICS_PER_CLASSES
CLASS:0
ACC:0.836
PREC:0.4959677419354839
REC:0.5040983606557377
TNR:0.9004777070063694
FPR:0.5040322580645161
FPDR:0.5040322580645161
F1:0.5
BACC:0
CLSFE:0.5040322580645161
MCC:0.40194063742566444
GMEAN:0.6737427817119441
SAMPLES:248
AUC:{}
AVGP:{}
CLASS:1
ACC:0.836
PREC:0.9033546325878594
REC:0.9004777070063694
TNR:0.5040983606557377
FPR:0.09664536741214058
FPDR:0.09664536741214058
F1:0.9019138755980861
BACC:0
CLSFE:0.09664536741214058
MCC:0.40194063742566444
GMEAN:0.6737427817119441
SAMPLES:1252
AUC:{}
AVGP:{}
