

GENERAL_METRICS
ACC:0.8426666666666667
PREC:0.728
REC:0.7183546631362165
TNR:0.7183546631362165
FPR:0.272
FPDR:0.272
F1:0.7229622070364469
BACC:0.0
CLSFE:0.15733333333333333
MCC:0.44625043728855823
GMEAN:0.6922651398348312
SAMPLES:1500.0
AUC:{'AUC macro OVO': 0.728}
AVGP:{'avg_precision': 0.9025080906148868}


METRICS_PER_CLASSES
CLASS:0
ACC:0.8426666666666667
PREC:0.556
REC:0.5265151515151515
TNR:0.9101941747572816
FPR:0.444
FPDR:0.444
F1:0.5408560311284046
BACC:0
CLSFE:0.444
MCC:0.44625043728855823
GMEAN:0.6922651398348312
SAMPLES:250
AUC:{}
AVGP:{}
CLASS:1
ACC:0.8426666666666667
PREC:0.9
REC:0.9101941747572816
TNR:0.5265151515151515
FPR:0.1
FPDR:0.1
F1:0.9050683829444891
BACC:0
CLSFE:0.1
MCC:0.44625043728855823
GMEAN:0.6922651398348312
SAMPLES:1250
AUC:{}
AVGP:{}
