

GENERAL_METRICS
ACC:0.8386666666666667
PREC:0.710484755142529
REC:0.705109126984127
TNR:0.705109126984127
FPR:0.28951524485747104
FPDR:0.28951524485747104
F1:0.7077257033907038
BACC:0.0
CLSFE:0.16133333333333333
MCC:0.41555911430626497
GMEAN:0.6758115344966599
SAMPLES:1500.0
AUC:{'AUC macro OVO': 0.7104847551425288}
AVGP:{'avg_precision': 0.8993912553078557}


METRICS_PER_CLASSES
CLASS:0
ACC:0.8386666666666667
PREC:0.5204918032786885
REC:0.503968253968254
TNR:0.90625
FPR:0.47950819672131145
FPDR:0.47950819672131145
F1:0.5120967741935484
BACC:0
CLSFE:0.47950819672131145
MCC:0.41555911430626497
GMEAN:0.6758115344966599
SAMPLES:244
AUC:{}
AVGP:{}
CLASS:1
ACC:0.8386666666666667
PREC:0.9004777070063694
REC:0.90625
TNR:0.503968253968254
FPR:0.09952229299363058
FPDR:0.09952229299363058
F1:0.9033546325878594
BACC:0
CLSFE:0.09952229299363058
MCC:0.41555911430626497
GMEAN:0.6758115344966599
SAMPLES:1256
AUC:{}
AVGP:{}
