

GENERAL_METRICS
ACC:0.82
PREC:0.6978048675357855
REC:0.7227714033539276
TNR:0.7227714033539276
FPR:0.3021951324642145
FPDR:0.3021951324642145
F1:0.7085404639103143
BACC:0.0
CLSFE:0.18
MCC:0.41983457661886164
GMEAN:0.7070256433614677
SAMPLES:1250.0
AUC:{'AUC macro OVO': 0.6978048675357855}
AVGP:{'avg_precision': 0.8653925126370028}


METRICS_PER_CLASSES
CLASS:0
ACC:0.82
PREC:0.490272373540856
REC:0.5727272727272728
TNR:0.8728155339805825
FPR:0.5097276264591439
FPDR:0.5097276264591439
F1:0.5283018867924528
BACC:0
CLSFE:0.5097276264591439
MCC:0.41983457661886164
GMEAN:0.7070256433614677
SAMPLES:257
AUC:{}
AVGP:{}
CLASS:1
ACC:0.82
PREC:0.905337361530715
REC:0.8728155339805825
TNR:0.5727272727272728
FPR:0.094662638469285
FPDR:0.094662638469285
F1:0.888779041028176
BACC:0
CLSFE:0.094662638469285
MCC:0.41983457661886164
GMEAN:0.7070256433614677
SAMPLES:993
AUC:{}
AVGP:{}
