

GENERAL_METRICS
ACC:0.8072
PREC:0.6748400852878464
REC:0.6899823477493381
TNR:0.6899823477493381
FPR:0.3251599147121535
FPDR:0.3251599147121535
F1:0.6816464558400043
BACC:0.0
CLSFE:0.1928
MCC:0.36450805139903053
GMEAN:0.6658482767310976
SAMPLES:1250.0
AUC:{'AUC macro OVO': 0.6748400852878464}
AVGP:{'avg_precision': 0.8636873496594697}


METRICS_PER_CLASSES
CLASS:0
ACC:0.8072
PREC:0.45714285714285713
REC:0.509090909090909
TNR:0.870873786407767
FPR:0.5428571428571428
FPDR:0.5428571428571428
F1:0.4817204301075269
BACC:0
CLSFE:0.5428571428571428
MCC:0.36450805139903053
GMEAN:0.6658482767310976
SAMPLES:245
AUC:{}
AVGP:{}
CLASS:1
ACC:0.8072
PREC:0.8925373134328358
REC:0.870873786407767
TNR:0.509090909090909
FPR:0.10746268656716418
FPDR:0.10746268656716418
F1:0.8815724815724816
BACC:0
CLSFE:0.10746268656716418
MCC:0.36450805139903053
GMEAN:0.6658482767310976
SAMPLES:1005
AUC:{}
AVGP:{}
