

GENERAL_METRICS
ACC:0.824
PREC:0.7094145938767453
REC:0.7245871630262308
TNR:0.7245871630262308
FPR:0.29058540612325473
FPDR:0.29058540612325473
F1:0.7163778877887789
BACC:0.0
CLSFE:0.176
MCC:0.4337364616218863
GMEAN:0.707395542149907
SAMPLES:1250.0
AUC:{'AUC macro OVO': 0.7094145938767453}
AVGP:{'avg_precision': 0.8733339968764062}


METRICS_PER_CLASSES
CLASS:0
ACC:0.824
PREC:0.5179282868525896
REC:0.5676855895196506
TNR:0.881488736532811
FPR:0.4820717131474104
FPDR:0.4820717131474104
F1:0.5416666666666666
BACC:0
CLSFE:0.4820717131474104
MCC:0.4337364616218863
GMEAN:0.707395542149907
SAMPLES:251
AUC:{}
AVGP:{}
CLASS:1
ACC:0.824
PREC:0.9009009009009009
REC:0.881488736532811
TNR:0.5676855895196506
FPR:0.0990990990990991
FPDR:0.0990990990990991
F1:0.8910891089108911
BACC:0
CLSFE:0.0990990990990991
MCC:0.4337364616218863
GMEAN:0.707395542149907
SAMPLES:999
AUC:{}
AVGP:{}
