

GENERAL_METRICS
ACC:0.808
PREC:0.7150881923379395
REC:0.710393385097522
TNR:0.710393385097522
FPR:0.2849118076620604
FPDR:0.2849118076620604
F1:0.712671200076621
BACC:0.0
CLSFE:0.192
MCC:0.425455675155408
GMEAN:0.6894160838841009
SAMPLES:1250.0
AUC:{'AUC macro OVO': 0.7150881923379395}
AVGP:{'avg_precision': 0.8703998136483995}


METRICS_PER_CLASSES
CLASS:0
ACC:0.808
PREC:0.5555555555555556
REC:0.5390334572490706
TNR:0.8817533129459735
FPR:0.4444444444444444
FPDR:0.4444444444444444
F1:0.5471698113207547
BACC:0
CLSFE:0.4444444444444444
MCC:0.425455675155408
GMEAN:0.6894160838841009
SAMPLES:261
AUC:{}
AVGP:{}
CLASS:1
ACC:0.808
PREC:0.8746208291203236
REC:0.8817533129459735
TNR:0.5390334572490706
FPR:0.12537917087967643
FPDR:0.12537917087967643
F1:0.8781725888324873
BACC:0
CLSFE:0.12537917087967643
MCC:0.425455675155408
GMEAN:0.6894160838841009
SAMPLES:989
AUC:{}
AVGP:{}
