

GENERAL_METRICS
ACC:0.8735
PREC:0.5152429214929215
REC:0.5587648147609772
TNR:0.5587648147609772
FPR:0.4847570785070785
FPDR:0.4847570785070785
F1:0.5093433248874447
BACC:0.0
CLSFE:0.1265
MCC:0.05985808075598983
GMEAN:0.44917900835938074
SAMPLES:2000.0
AUC:{'AUC macro OVO': 0.5152429214929215}
AVGP:{'avg_precision': 0.8910426343138207}


METRICS_PER_CLASSES
CLASS:0
ACC:0.8735
PREC:0.05357142857142857
REC:0.22641509433962265
TNR:0.8911145351823317
FPR:0.9464285714285714
FPDR:0.9464285714285714
F1:0.08664259927797834
BACC:0
CLSFE:0.9464285714285714
MCC:0.05985808075598983
GMEAN:0.44917900835938074
SAMPLES:224
AUC:{}
AVGP:{}
CLASS:1
ACC:0.8735
PREC:0.9769144144144144
REC:0.8911145351823317
TNR:0.22641509433962265
FPR:0.023085585585585586
FPDR:0.023085585585585586
F1:0.9320440504969111
BACC:0
CLSFE:0.023085585585585586
MCC:0.05985808075598983
GMEAN:0.44917900835938074
SAMPLES:1776
AUC:{}
AVGP:{}
