

GENERAL_METRICS
ACC:0.8445
PREC:0.5072142375926342
REC:0.5495380760281423
TNR:0.5495380760281423
FPR:0.4927857624073658
FPDR:0.4927857624073658
F1:0.48499659286331126
BACC:0.0
CLSFE:0.1555
MCC:0.037808964563922874
GMEAN:0.4562626134300103
SAMPLES:2000.0
AUC:{'AUC macro OVO': 0.5072142375926342}
AVGP:{'avg_precision': 0.8558028611275816}


METRICS_PER_CLASSES
CLASS:0
ACC:0.8445
PREC:0.030821917808219176
REC:0.24324324324324326
TNR:0.8558329088130413
FPR:0.9691780821917808
FPDR:0.9691780821917808
F1:0.0547112462006079
BACC:0
CLSFE:0.9691780821917808
MCC:0.037808964563922874
GMEAN:0.4562626134300103
SAMPLES:292
AUC:{}
AVGP:{}
CLASS:1
ACC:0.8445
PREC:0.9836065573770492
REC:0.8558329088130413
TNR:0.24324324324324326
FPR:0.01639344262295082
FPDR:0.01639344262295082
F1:0.9152819395260147
BACC:0
CLSFE:0.01639344262295082
MCC:0.037808964563922874
GMEAN:0.4562626134300103
SAMPLES:1708
AUC:{}
AVGP:{}
