

GENERAL_METRICS
ACC:0.865
PREC:0.5086551536117251
REC:0.5589345411409468
TNR:0.5589345411409468
FPR:0.49134484638827486
FPDR:0.49134484638827486
F1:0.4916230780528034
BACC:0.0
CLSFE:0.135
MCC:0.04517023385422878
GMEAN:0.4606832448512789
SAMPLES:2000.0
AUC:{'AUC macro OVO': 0.5086551536117252}
AVGP:{'avg_precision': 0.8754170087205926}


METRICS_PER_CLASSES
CLASS:0
ACC:0.865
PREC:0.03162055335968379
REC:0.24242424242424243
TNR:0.8754448398576512
FPR:0.9683794466403162
FPDR:0.9683794466403162
F1:0.055944055944055944
BACC:0
CLSFE:0.9683794466403162
MCC:0.04517023385422878
GMEAN:0.4606832448512789
SAMPLES:253
AUC:{}
AVGP:{}
CLASS:1
ACC:0.865
PREC:0.9856897538637664
REC:0.8754448398576512
TNR:0.24242424242424243
FPR:0.014310246136233544
FPDR:0.014310246136233544
F1:0.9273021001615509
BACC:0
CLSFE:0.014310246136233544
MCC:0.04517023385422878
GMEAN:0.4606832448512789
SAMPLES:1747
AUC:{}
AVGP:{}
