

GENERAL_METRICS
ACC:0.8645
PREC:0.5098479895390651
REC:0.5597265630378213
TNR:0.5597265630378213
FPR:0.49015201046093493
FPDR:0.49015201046093493
F1:0.49462879925854025
BACC:0.0
CLSFE:0.1355
MCC:0.04850511593639474
GMEAN:0.46166235893988045
SAMPLES:2000.0
AUC:{'AUC macro OVO': 0.5098479895390651}
AVGP:{'avg_precision': 0.87617448425156}


METRICS_PER_CLASSES
CLASS:0
ACC:0.8645
PREC:0.03571428571428571
REC:0.24324324324324326
TNR:0.8762098828323994
FPR:0.9642857142857143
FPDR:0.9642857142857143
F1:0.06228373702422145
BACC:0
CLSFE:0.9642857142857143
MCC:0.04850511593639474
GMEAN:0.46166235893988045
SAMPLES:252
AUC:{}
AVGP:{}
CLASS:1
ACC:0.8645
PREC:0.9839816933638444
REC:0.8762098828323994
TNR:0.24324324324324326
FPR:0.016018306636155607
FPDR:0.016018306636155607
F1:0.9269738614928591
BACC:0
CLSFE:0.016018306636155607
MCC:0.04850511593639474
GMEAN:0.46166235893988045
SAMPLES:1748
AUC:{}
AVGP:{}
