

GENERAL_METRICS
ACC:0.718
PREC:0.7181710461001425
REC:0.718
TNR:0.718
FPR:0.2818289538998575
FPDR:0.2818289538998575
F1:0.7179447171645643
BACC:0.0
CLSFE:0.282
MCC:0.4361710125619586
GMEAN:0.7178634967735857
SAMPLES:500.0
AUC:{'AUC macro OVO': 0.7181710461001426}
AVGP:{'avg_precision': 0.6438930041152263}


METRICS_PER_CLASSES
CLASS:0
ACC:0.718
PREC:0.7120622568093385
REC:0.732
TNR:0.704
FPR:0.28793774319066145
FPDR:0.28793774319066145
F1:0.7218934911242604
BACC:0
CLSFE:0.28793774319066145
MCC:0.4361710125619586
GMEAN:0.7178634967735857
SAMPLES:257
AUC:{}
AVGP:{}
CLASS:1
ACC:0.718
PREC:0.7242798353909465
REC:0.704
TNR:0.732
FPR:0.2757201646090535
FPDR:0.2757201646090535
F1:0.7139959432048681
BACC:0
CLSFE:0.2757201646090535
MCC:0.4361710125619586
GMEAN:0.7178634967735857
SAMPLES:243
AUC:{}
AVGP:{}
