

GENERAL_METRICS
ACC:0.708
PREC:0.7067911633055783
REC:0.7071900467762935
TNR:0.7071900467762935
FPR:0.2932088366944217
FPDR:0.2932088366944217
F1:0.706945002007226
BACC:0.0
CLSFE:0.292
MCC:0.41398101791365716
GMEAN:0.7070897315818291
SAMPLES:500.0
AUC:{'AUC macro OVO': 0.7067911633055782}
AVGP:{'avg_precision': 0.6669711624727646}


METRICS_PER_CLASSES
CLASS:0
ACC:0.708
PREC:0.6835443037974683
REC:0.6952789699570815
TNR:0.7191011235955056
FPR:0.31645569620253167
FPDR:0.31645569620253167
F1:0.6893617021276596
BACC:0
CLSFE:0.31645569620253167
MCC:0.41398101791365716
GMEAN:0.7070897315818291
SAMPLES:237
AUC:{}
AVGP:{}
CLASS:1
ACC:0.708
PREC:0.7300380228136882
REC:0.7191011235955056
TNR:0.6952789699570815
FPR:0.26996197718631176
FPDR:0.26996197718631176
F1:0.7245283018867924
BACC:0
CLSFE:0.26996197718631176
MCC:0.41398101791365716
GMEAN:0.7070897315818291
SAMPLES:263
AUC:{}
AVGP:{}
