

GENERAL_METRICS
ACC:0.684
PREC:0.6832218219248585
REC:0.6826929244980435
TNR:0.6826929244980435
FPR:0.3167781780751415
FPDR:0.3167781780751415
F1:0.6828582898434363
BACC:0.0
CLSFE:0.316
MCC:0.3659143641854588
GMEAN:0.6821496287320078
SAMPLES:500.0
AUC:{'AUC macro OVO': 0.6832218219248585}
AVGP:{'avg_precision': 0.5927418139669661}


METRICS_PER_CLASSES
CLASS:0
ACC:0.684
PREC:0.6940298507462687
REC:0.7099236641221374
TNR:0.6554621848739496
FPR:0.30597014925373134
FPDR:0.30597014925373134
F1:0.7018867924528301
BACC:0
CLSFE:0.30597014925373134
MCC:0.3659143641854588
GMEAN:0.6821496287320078
SAMPLES:268
AUC:{}
AVGP:{}
CLASS:1
ACC:0.684
PREC:0.6724137931034483
REC:0.6554621848739496
TNR:0.7099236641221374
FPR:0.3275862068965517
FPDR:0.3275862068965517
F1:0.6638297872340425
BACC:0
CLSFE:0.3275862068965517
MCC:0.3659143641854588
GMEAN:0.6821496287320078
SAMPLES:232
AUC:{}
AVGP:{}
