

GENERAL_METRICS
ACC:0.686
PREC:0.6858347602054695
REC:0.6859984624255238
TNR:0.6859984624255238
FPR:0.31416523979453037
FPDR:0.31416523979453037
F1:0.6858479504079975
BACC:0.0
CLSFE:0.314
MCC:0.37183318659545844
GMEAN:0.6859984607427752
SAMPLES:500.0
AUC:{'AUC macro OVO': 0.6858347602054695}
AVGP:{'avg_precision': 0.6319613935104329}


METRICS_PER_CLASSES
CLASS:0
ACC:0.686
PREC:0.6720647773279352
REC:0.6859504132231405
TNR:0.686046511627907
FPR:0.32793522267206476
FPDR:0.32793522267206476
F1:0.6789366053169734
BACC:0
CLSFE:0.32793522267206476
MCC:0.37183318659545844
GMEAN:0.6859984607427752
SAMPLES:247
AUC:{}
AVGP:{}
CLASS:1
ACC:0.686
PREC:0.6996047430830039
REC:0.686046511627907
TNR:0.6859504132231405
FPR:0.30039525691699603
FPDR:0.30039525691699603
F1:0.6927592954990215
BACC:0
CLSFE:0.30039525691699603
MCC:0.37183318659545844
GMEAN:0.6859984607427752
SAMPLES:253
AUC:{}
AVGP:{}
