

GENERAL_METRICS
ACC:0.83
PREC:0.5563623216080087
REC:0.6798701298701298
TNR:0.6798701298701298
FPR:0.4436376783919913
FPDR:0.4436376783919913
F1:0.5623925287533851
BACC:0.0
CLSFE:0.17
MCC:0.20137425960052152
GMEAN:0.65939759993891
SAMPLES:1500.0
AUC:{'AUC macro OVO': 0.5563623216080087}
AVGP:{'avg_precision': 0.8449953436212487}


METRICS_PER_CLASSES
CLASS:0
ACC:0.83
PREC:0.14007782101167315
REC:0.5142857142857142
TNR:0.8454545454545455
FPR:0.8599221789883269
FPDR:0.8599221789883269
F1:0.22018348623853212
BACC:0
CLSFE:0.8599221789883269
MCC:0.20137425960052152
GMEAN:0.65939759993891
SAMPLES:257
AUC:{}
AVGP:{}
CLASS:1
ACC:0.83
PREC:0.9726468222043443
REC:0.8454545454545455
TNR:0.5142857142857142
FPR:0.027353177795655673
FPDR:0.027353177795655673
F1:0.9046015712682379
BACC:0
CLSFE:0.027353177795655673
MCC:0.20137425960052152
GMEAN:0.65939759993891
SAMPLES:1243
AUC:{}
AVGP:{}
