

GENERAL_METRICS
ACC:0.816
PREC:0.5407336496154183
REC:0.6404891106227412
TNR:0.6404891106227412
FPR:0.4592663503845817
FPDR:0.4592663503845817
F1:0.5374839124839125
BACC:0.0
CLSFE:0.184
MCC:0.15129618907148293
GMEAN:0.6108045931327578
SAMPLES:1500.0
AUC:{'AUC macro OVO': 0.5407336496154184}
AVGP:{'avg_precision': 0.8328398027312192}


METRICS_PER_CLASSES
CLASS:0
ACC:0.816
PREC:0.11152416356877323
REC:0.44776119402985076
TNR:0.8332170272156315
FPR:0.8884758364312267
FPDR:0.8884758364312267
F1:0.17857142857142858
BACC:0
CLSFE:0.8884758364312267
MCC:0.15129618907148293
GMEAN:0.6108045931327578
SAMPLES:269
AUC:{}
AVGP:{}
CLASS:1
ACC:0.816
PREC:0.9699431356620634
REC:0.8332170272156315
TNR:0.44776119402985076
FPR:0.030056864337936636
FPDR:0.030056864337936636
F1:0.8963963963963963
BACC:0
CLSFE:0.030056864337936636
MCC:0.15129618907148293
GMEAN:0.6108045931327578
SAMPLES:1231
AUC:{}
AVGP:{}
