

GENERAL_METRICS
ACC:0.8146666666666667
PREC:0.5258574593231992
REC:0.6064800251651463
TNR:0.6064800251651463
FPR:0.47414254067680084
FPDR:0.47414254067680084
F1:0.5137593283582089
BACC:0.0
CLSFE:0.18533333333333332
MCC:0.10494385011883242
GMEAN:0.563333894833482
SAMPLES:1500.0
AUC:{'AUC macro OVO': 0.5258574593231992}
AVGP:{'avg_precision': 0.8309268966934237}


METRICS_PER_CLASSES
CLASS:0
ACC:0.8146666666666667
PREC:0.07924528301886792
REC:0.38181818181818183
TNR:0.8311418685121107
FPR:0.9207547169811321
FPDR:0.9207547169811321
F1:0.13125
BACC:0
CLSFE:0.9207547169811321
MCC:0.10494385011883242
GMEAN:0.563333894833482
SAMPLES:265
AUC:{}
AVGP:{}
CLASS:1
ACC:0.8146666666666667
PREC:0.9724696356275304
REC:0.8311418685121107
TNR:0.38181818181818183
FPR:0.027530364372469637
FPDR:0.027530364372469637
F1:0.8962686567164179
BACC:0
CLSFE:0.027530364372469637
MCC:0.10494385011883242
GMEAN:0.563333894833482
SAMPLES:1235
AUC:{}
AVGP:{}
