

GENERAL_METRICS
ACC:0.8193333333333334
PREC:0.5431714161884358
REC:0.6403096903096903
TNR:0.6403096903096903
FPR:0.4568285838115642
FPDR:0.4568285838115642
F1:0.542286943861747
BACC:0.0
CLSFE:0.18066666666666667
MCC:0.1556581900913688
GMEAN:0.609105073865742
SAMPLES:1500.0
AUC:{'AUC macro OVO': 0.5431714161884358}
AVGP:{'avg_precision': 0.8373493620365084}


METRICS_PER_CLASSES
CLASS:0
ACC:0.8193333333333334
PREC:0.11787072243346007
REC:0.44285714285714284
TNR:0.8377622377622378
FPR:0.8821292775665399
FPDR:0.8821292775665399
F1:0.18618618618618618
BACC:0
CLSFE:0.8821292775665399
MCC:0.1556581900913688
GMEAN:0.609105073865742
SAMPLES:263
AUC:{}
AVGP:{}
CLASS:1
ACC:0.8193333333333334
PREC:0.9684721099434115
REC:0.8377622377622378
TNR:0.44285714285714284
FPR:0.03152789005658852
FPDR:0.03152789005658852
F1:0.8983877015373078
BACC:0
CLSFE:0.03152789005658852
MCC:0.1556581900913688
GMEAN:0.609105073865742
SAMPLES:1237
AUC:{}
AVGP:{}
