

GENERAL_METRICS
ACC:0.7902857142857143
PREC:0.680890533052704
REC:0.6291840893883882
TNR:0.6291840893883882
FPR:0.3191094669472961
FPDR:0.3191094669472961
F1:0.6443520784291575
BACC:0.0
CLSFE:0.20971428571428571
MCC:0.30573307829800617
GMEAN:0.560755575455533
SAMPLES:1750.0
AUC:{'AUC macro OVO': 0.6808905330527039}
AVGP:{'avg_precision': 0.9051735673177355}


METRICS_PER_CLASSES
CLASS:0
ACC:0.7902857142857143
PREC:0.5282258064516129
REC:0.3438320209973753
TNR:0.914536157779401
FPR:0.4717741935483871
FPDR:0.4717741935483871
F1:0.4165341812400636
BACC:0
CLSFE:0.4717741935483871
MCC:0.30573307829800617
GMEAN:0.560755575455533
SAMPLES:248
AUC:{}
AVGP:{}
CLASS:1
ACC:0.7902857142857143
PREC:0.833555259653795
REC:0.914536157779401
TNR:0.3438320209973753
FPR:0.16644474034620507
FPDR:0.16644474034620507
F1:0.8721699756182515
BACC:0
CLSFE:0.16644474034620507
MCC:0.30573307829800617
GMEAN:0.560755575455533
SAMPLES:1502
AUC:{}
AVGP:{}
