

GENERAL_METRICS
ACC:0.856
PREC:0.8452772298926146
REC:0.8332980748889358
TNR:0.8332980748889358
FPR:0.1547227701073855
FPDR:0.1547227701073855
F1:0.8386402753872633
BACC:0.0
CLSFE:0.144
MCC:0.6784695601902652
GMEAN:0.8299451606872918
SAMPLES:750.0
AUC:{'AUC macro OVO': 0.8452772298926146}
AVGP:{'avg_precision': 0.8791501070897012}


METRICS_PER_CLASSES
CLASS:0
ACC:0.856
PREC:0.8148148148148148
REC:0.7586206896551724
TNR:0.9079754601226994
FPR:0.18518518518518517
FPDR:0.18518518518518517
F1:0.7857142857142857
BACC:0
CLSFE:0.18518518518518517
MCC:0.6784695601902652
GMEAN:0.8299451606872918
SAMPLES:243
AUC:{}
AVGP:{}
CLASS:1
ACC:0.856
PREC:0.8757396449704142
REC:0.9079754601226994
TNR:0.7586206896551724
FPR:0.1242603550295858
FPDR:0.1242603550295858
F1:0.891566265060241
BACC:0
CLSFE:0.1242603550295858
MCC:0.6784695601902652
GMEAN:0.8299451606872918
SAMPLES:507
AUC:{}
AVGP:{}
