

GENERAL_METRICS
ACC:0.8546666666666667
PREC:0.8385620915032679
REC:0.8379222545546559
TNR:0.8379222545546559
FPR:0.161437908496732
FPDR:0.161437908496732
F1:0.83824021180144
BACC:0.0
CLSFE:0.14533333333333334
MCC:0.6764840434704251
GMEAN:0.8362592023058972
SAMPLES:750.0
AUC:{'AUC macro OVO': 0.8385620915032679}
AVGP:{'avg_precision': 0.8650562303193882}


METRICS_PER_CLASSES
CLASS:0
ACC:0.8546666666666667
PREC:0.788235294117647
REC:0.78515625
TNR:0.8906882591093117
FPR:0.21176470588235294
FPDR:0.21176470588235294
F1:0.786692759295499
BACC:0
CLSFE:0.21176470588235294
MCC:0.6764840434704251
GMEAN:0.8362592023058972
SAMPLES:255
AUC:{}
AVGP:{}
CLASS:1
ACC:0.8546666666666667
PREC:0.8888888888888888
REC:0.8906882591093117
TNR:0.78515625
FPR:0.1111111111111111
FPDR:0.1111111111111111
F1:0.8897876643073812
BACC:0
CLSFE:0.1111111111111111
MCC:0.6764840434704251
GMEAN:0.8362592023058972
SAMPLES:495
AUC:{}
AVGP:{}
