

GENERAL_METRICS
ACC:0.868
PREC:0.8590556701367094
REC:0.8457221350078493
TNR:0.8457221350078493
FPR:0.14094432986329064
FPDR:0.14094432986329064
F1:0.8516480552408696
BACC:0.0
CLSFE:0.132
MCC:0.70465166675837
GMEAN:0.8425963463163995
SAMPLES:750.0
AUC:{'AUC macro OVO': 0.8590556701367094}
AVGP:{'avg_precision': 0.8905827887147}


METRICS_PER_CLASSES
CLASS:0
ACC:0.868
PREC:0.8340248962655602
REC:0.7730769230769231
TNR:0.9183673469387755
FPR:0.16597510373443983
FPDR:0.16597510373443983
F1:0.8023952095808383
BACC:0
CLSFE:0.16597510373443983
MCC:0.70465166675837
GMEAN:0.8425963463163995
SAMPLES:241
AUC:{}
AVGP:{}
CLASS:1
ACC:0.868
PREC:0.8840864440078585
REC:0.9183673469387755
TNR:0.7730769230769231
FPR:0.11591355599214145
FPDR:0.11591355599214145
F1:0.9009009009009009
BACC:0
CLSFE:0.11591355599214145
MCC:0.70465166675837
GMEAN:0.8425963463163995
SAMPLES:509
AUC:{}
AVGP:{}
