

GENERAL_METRICS
ACC:0.8453333333333334
PREC:0.842479674796748
REC:0.8267270923520924
TNR:0.8267270923520924
FPR:0.15752032520325204
FPDR:0.15752032520325204
F1:0.8329762480705877
BACC:0.0
CLSFE:0.15466666666666667
MCC:0.6690213399766307
GMEAN:0.8228279013078951
SAMPLES:750.0
AUC:{'AUC macro OVO': 0.842479674796748}
AVGP:{'avg_precision': 0.8696954563052124}


METRICS_PER_CLASSES
CLASS:0
ACC:0.8453333333333334
PREC:0.8333333333333334
REC:0.7465277777777778
TNR:0.9069264069264069
FPR:0.16666666666666666
FPDR:0.16666666666666666
F1:0.7875457875457875
BACC:0
CLSFE:0.16666666666666666
MCC:0.6690213399766307
GMEAN:0.8228279013078951
SAMPLES:258
AUC:{}
AVGP:{}
CLASS:1
ACC:0.8453333333333334
PREC:0.8516260162601627
REC:0.9069264069264069
TNR:0.7465277777777778
FPR:0.1483739837398374
FPDR:0.1483739837398374
F1:0.8784067085953878
BACC:0
CLSFE:0.1483739837398374
MCC:0.6690213399766307
GMEAN:0.8228279013078951
SAMPLES:492
AUC:{}
AVGP:{}
