

GENERAL_METRICS
ACC:0.9083333333333333
PREC:0.49859998147034296
REC:0.48997641509433965
TNR:0.48997641509433965
FPR:0.501400018529657
FPDR:0.501400018529657
F1:0.4831341990365622
BACC:0.0
CLSFE:0.09166666666666666
MCC:-0.0074921838208935705
GMEAN:0.2394593950689604
SAMPLES:3000.0
AUC:{'AUC macro OVO': 0.49859998147034296}
AVGP:{'avg_precision': 0.9174551604081996}


METRICS_PER_CLASSES
CLASS:0
ACC:0.9083333333333333
PREC:0.008097165991902834
REC:0.0625
TNR:0.9174528301886793
FPR:0.9919028340080972
FPDR:0.9919028340080972
F1:0.014336917562724014
BACC:0
CLSFE:0.9919028340080972
MCC:-0.0074921838208935705
GMEAN:0.2394593950689604
SAMPLES:247
AUC:{}
AVGP:{}
CLASS:1
ACC:0.9083333333333333
PREC:0.9891027969487831
REC:0.9174528301886793
TNR:0.0625
FPR:0.010897203051216855
FPDR:0.010897203051216855
F1:0.9519314805104003
BACC:0
CLSFE:0.010897203051216855
MCC:-0.0074921838208935705
GMEAN:0.2394593950689604
SAMPLES:2753
AUC:{}
AVGP:{}
