

GENERAL_METRICS
ACC:0.9046666666666666
PREC:0.49840550947364853
REC:0.4881233153638814
TNR:0.4881233153638814
FPR:0.5015944905263515
FPDR:0.5015944905263515
F1:0.4818527688870101
BACC:0.0
CLSFE:0.09533333333333334
MCC:-0.00870339270325211
GMEAN:0.23897523809065485
SAMPLES:3000.0
AUC:{'AUC macro OVO': 0.49840550947364853}
AVGP:{'avg_precision': 0.9137494028204569}


METRICS_PER_CLASSES
CLASS:0
ACC:0.9046666666666666
PREC:0.007751937984496124
REC:0.0625
TNR:0.9137466307277629
FPR:0.9922480620155039
FPDR:0.9922480620155039
F1:0.013793103448275862
BACC:0
CLSFE:0.9922480620155039
MCC:-0.00870339270325211
GMEAN:0.23897523809065485
SAMPLES:258
AUC:{}
AVGP:{}
CLASS:1
ACC:0.9046666666666666
PREC:0.9890590809628009
REC:0.9137466307277629
TNR:0.0625
FPR:0.010940919037199124
FPDR:0.010940919037199124
F1:0.9499124343257443
BACC:0
CLSFE:0.010940919037199124
MCC:-0.00870339270325211
GMEAN:0.23897523809065485
SAMPLES:2742
AUC:{}
AVGP:{}
