

GENERAL_METRICS
ACC:0.9013333333333333
PREC:0.49944465523783244
REC:0.4963285931898824
TNR:0.4963285931898824
FPR:0.5005553447621676
FPDR:0.5005553447621676
F1:0.4839597488604111
BACC:0.0
CLSFE:0.09866666666666667
MCC:-0.002855798691634366
GMEAN:0.27186683524346744
SAMPLES:3000.0
AUC:{'AUC macro OVO': 0.49944465523783244}
AVGP:{'avg_precision': 0.9115772311072802}


METRICS_PER_CLASSES
CLASS:0
ACC:0.9013333333333333
PREC:0.011320754716981131
REC:0.08108108108108109
TNR:0.9115761052986837
FPR:0.9886792452830189
FPDR:0.9886792452830189
F1:0.019867549668874173
BACC:0
CLSFE:0.9886792452830189
MCC:-0.002855798691634366
GMEAN:0.27186683524346744
SAMPLES:265
AUC:{}
AVGP:{}
CLASS:1
ACC:0.9013333333333333
PREC:0.9875685557586837
REC:0.9115761052986837
TNR:0.08108108108108109
FPR:0.01243144424131627
FPDR:0.01243144424131627
F1:0.948051948051948
BACC:0
CLSFE:0.01243144424131627
MCC:-0.002855798691634366
GMEAN:0.27186683524346744
SAMPLES:2735
AUC:{}
AVGP:{}
