

GENERAL_METRICS
ACC:0.901
PREC:0.4929318267066767
REC:0.4679253186523847
TNR:0.4679253186523847
FPR:0.5070681732933233
FPDR:0.5070681732933233
F1:0.4772964198617974
BACC:0.0
CLSFE:0.099
MCC:-0.03011374477497415
GMEAN:0.1340356108788883
SAMPLES:3000.0
AUC:{'AUC macro OVO': 0.4929318267066767}
AVGP:{'avg_precision': 0.9162626077424747}


METRICS_PER_CLASSES
CLASS:0
ACC:0.901
PREC:0.004032258064516129
REC:0.0196078431372549
TNR:0.9162427941675144
FPR:0.9959677419354839
FPDR:0.9959677419354839
F1:0.006688963210702341
BACC:0
CLSFE:0.9959677419354839
MCC:-0.03011374477497415
GMEAN:0.1340356108788883
SAMPLES:248
AUC:{}
AVGP:{}
CLASS:1
ACC:0.901
PREC:0.9818313953488372
REC:0.9162427941675144
TNR:0.0196078431372549
FPR:0.018168604651162792
FPDR:0.018168604651162792
F1:0.9479038765128924
BACC:0
CLSFE:0.018168604651162792
MCC:-0.03011374477497415
GMEAN:0.1340356108788883
SAMPLES:2752
AUC:{}
AVGP:{}
