

GENERAL_METRICS
ACC:0.907
PREC:0.4946685391384194
REC:0.47964382763975155
TNR:0.47964382763975155
FPR:0.5053314608615807
FPDR:0.5053314608615807
F1:0.48266622824123206
BACC:0.0
CLSFE:0.093
MCC:-0.020835367645448768
GMEAN:0.1816170784886646
SAMPLES:3000.0
AUC:{'AUC macro OVO': 0.4946685391384194}
AVGP:{'avg_precision': 0.9235881687154078}


METRICS_PER_CLASSES
CLASS:0
ACC:0.907
PREC:0.00881057268722467
REC:0.03571428571428571
TNR:0.9235733695652174
FPR:0.9911894273127754
FPDR:0.9911894273127754
F1:0.014134275618374558
BACC:0
CLSFE:0.9911894273127754
MCC:-0.020835367645448768
GMEAN:0.1816170784886646
SAMPLES:227
AUC:{}
AVGP:{}
CLASS:1
ACC:0.907
PREC:0.9805265055896142
REC:0.9235733695652174
TNR:0.03571428571428571
FPR:0.019473494410385865
FPDR:0.019473494410385865
F1:0.9511981808640896
BACC:0
CLSFE:0.019473494410385865
MCC:-0.020835367645448768
GMEAN:0.1816170784886646
SAMPLES:2773
AUC:{}
AVGP:{}
