

GENERAL_METRICS
ACC:0.8996666666666666
PREC:0.4955674229944914
REC:0.483249571896318
TNR:0.483249571896318
FPR:0.5044325770055086
FPDR:0.5044325770055086
F1:0.48333601296752227
BACC:0.0
CLSFE:0.10033333333333333
MCC:-0.017233405054696067
GMEAN:0.21240065943259026
SAMPLES:3000.0
AUC:{'AUC macro OVO': 0.4955674229944914}
AVGP:{'avg_precision': 0.9173331618484099}


METRICS_PER_CLASSES
CLASS:0
ACC:0.8996666666666666
PREC:0.012195121951219513
REC:0.04918032786885246
TNR:0.9173188159237836
FPR:0.9878048780487805
FPDR:0.9878048780487805
F1:0.019543973941368076
BACC:0
CLSFE:0.9878048780487805
MCC:-0.017233405054696067
GMEAN:0.21240065943259026
SAMPLES:246
AUC:{}
AVGP:{}
CLASS:1
ACC:0.8996666666666666
PREC:0.9789397240377633
REC:0.9173188159237836
TNR:0.04918032786885246
FPR:0.021060275962236745
FPDR:0.021060275962236745
F1:0.9471280519936764
BACC:0
CLSFE:0.021060275962236745
MCC:-0.017233405054696067
GMEAN:0.21240065943259026
SAMPLES:2754
AUC:{}
AVGP:{}
