

GENERAL_METRICS
ACC:0.8986666666666666
PREC:0.4920508153767585
REC:0.4740628662127483
TNR:0.4740628662127483
FPR:0.5079491846232416
FPDR:0.5079491846232416
F1:0.47978936032344327
BACC:0.0
CLSFE:0.10133333333333333
MCC:-0.02871787353357346
GMEAN:0.1632229936539757
SAMPLES:3000.0
AUC:{'AUC macro OVO': 0.4920508153767585}
AVGP:{'avg_precision': 0.9191691778217609}


METRICS_PER_CLASSES
CLASS:0
ACC:0.8986666666666666
PREC:0.008368200836820083
REC:0.028985507246376812
TNR:0.9191402251791198
FPR:0.9916317991631799
FPDR:0.9916317991631799
F1:0.012987012987012988
BACC:0
CLSFE:0.9916317991631799
MCC:-0.02871787353357346
GMEAN:0.1632229936539757
SAMPLES:239
AUC:{}
AVGP:{}
CLASS:1
ACC:0.8986666666666666
PREC:0.9757334299166969
REC:0.9191402251791198
TNR:0.028985507246376812
FPR:0.02426657008330315
FPDR:0.02426657008330315
F1:0.9465917076598735
BACC:0
CLSFE:0.02426657008330315
MCC:-0.02871787353357346
GMEAN:0.1632229936539757
SAMPLES:2761
AUC:{}
AVGP:{}
