

GENERAL_METRICS
ACC:0.9016666666666666
PREC:0.4926152180637179
REC:0.4682055944324577
TNR:0.4682055944324577
FPR:0.5073847819362821
FPDR:0.5073847819362821
F1:0.4775034227953744
BACC:0.0
CLSFE:0.09833333333333333
MCC:-0.030646027599675177
GMEAN:0.13157559448072037
SAMPLES:3000.0
AUC:{'AUC macro OVO': 0.4926152180637179}
AVGP:{'avg_precision': 0.9175644606069918}


METRICS_PER_CLASSES
CLASS:0
ACC:0.9016666666666666
PREC:0.004098360655737705
REC:0.018867924528301886
TNR:0.9175432643366135
FPR:0.9959016393442623
FPDR:0.9959016393442623
F1:0.006734006734006734
BACC:0
CLSFE:0.9959016393442623
MCC:-0.030646027599675177
GMEAN:0.13157559448072037
SAMPLES:244
AUC:{}
AVGP:{}
CLASS:1
ACC:0.9016666666666666
PREC:0.9811320754716981
REC:0.9175432643366135
TNR:0.018867924528301886
FPR:0.018867924528301886
FPDR:0.018867924528301886
F1:0.9482728388567421
BACC:0
CLSFE:0.018867924528301886
MCC:-0.030646027599675177
GMEAN:0.13157559448072037
SAMPLES:2756
AUC:{}
AVGP:{}
