

GENERAL_METRICS
ACC:0.8336
PREC:0.7188818215033048
REC:0.7293885756056808
TNR:0.7293885756056808
FPR:0.2811181784966951
FPDR:0.2811181784966951
F1:0.7238613529094393
BACC:0.0
CLSFE:0.1664
MCC:0.4481472492858569
GMEAN:0.711073866962751
SAMPLES:1250.0
AUC:{'AUC macro OVO': 0.7188818215033048}
AVGP:{'avg_precision': 0.8839327785867832}


METRICS_PER_CLASSES
CLASS:0
ACC:0.8336
PREC:0.5336134453781513
REC:0.5669642857142857
TNR:0.8918128654970761
FPR:0.46638655462184875
FPDR:0.46638655462184875
F1:0.5497835497835498
BACC:0
CLSFE:0.46638655462184875
MCC:0.4481472492858569
GMEAN:0.711073866962751
SAMPLES:238
AUC:{}
AVGP:{}
CLASS:1
ACC:0.8336
PREC:0.9041501976284585
REC:0.8918128654970761
TNR:0.5669642857142857
FPR:0.0958498023715415
FPDR:0.0958498023715415
F1:0.8979391560353287
BACC:0
CLSFE:0.0958498023715415
MCC:0.4481472492858569
GMEAN:0.711073866962751
SAMPLES:1012
AUC:{}
AVGP:{}
