

GENERAL_METRICS
ACC:0.8288
PREC:0.7113110111610861
REC:0.741577313332359
TNR:0.741577313332359
FPR:0.28868898883891386
FPDR:0.28868898883891386
F1:0.7241130363036303
BACC:0.0
CLSFE:0.1712
MCC:0.45187585177275985
GMEAN:0.7293203061057127
SAMPLES:1250.0
AUC:{'AUC macro OVO': 0.7113110111610862}
AVGP:{'avg_precision': 0.8684879348880361}


METRICS_PER_CLASSES
CLASS:0
ACC:0.8288
PREC:0.5095785440613027
REC:0.6073059360730594
TNR:0.8758486905916586
FPR:0.4904214559386973
FPDR:0.4904214559386973
F1:0.5541666666666667
BACC:0
CLSFE:0.4904214559386973
MCC:0.45187585177275985
GMEAN:0.7293203061057127
SAMPLES:261
AUC:{}
AVGP:{}
CLASS:1
ACC:0.8288
PREC:0.9130434782608695
REC:0.8758486905916586
TNR:0.6073059360730594
FPR:0.08695652173913043
FPDR:0.08695652173913043
F1:0.8940594059405941
BACC:0
CLSFE:0.08695652173913043
MCC:0.45187585177275985
GMEAN:0.7293203061057127
SAMPLES:989
AUC:{}
AVGP:{}
