

GENERAL_METRICS
ACC:0.8408
PREC:0.7318428544462037
REC:0.7637063133172082
TNR:0.7637063133172082
FPR:0.26815714555379633
FPDR:0.26815714555379633
F1:0.7454657082192833
BACC:0.0
CLSFE:0.1592
MCC:0.4945237078844512
GMEAN:0.7542892155554084
SAMPLES:1250.0
AUC:{'AUC macro OVO': 0.7318428544462037}
AVGP:{'avg_precision': 0.8757712078026011}


METRICS_PER_CLASSES
CLASS:0
ACC:0.8408
PREC:0.5437262357414449
REC:0.6441441441441441
TNR:0.8832684824902723
FPR:0.45627376425855515
FPDR:0.45627376425855515
F1:0.5896907216494846
BACC:0
CLSFE:0.45627376425855515
MCC:0.4945237078844512
GMEAN:0.7542892155554084
SAMPLES:263
AUC:{}
AVGP:{}
CLASS:1
ACC:0.8408
PREC:0.9199594731509625
REC:0.8832684824902723
TNR:0.6441441441441441
FPR:0.0800405268490375
FPDR:0.0800405268490375
F1:0.9012406947890819
BACC:0
CLSFE:0.0800405268490375
MCC:0.4945237078844512
GMEAN:0.7542892155554084
SAMPLES:987
AUC:{}
AVGP:{}
