

GENERAL_METRICS
ACC:0.8424
PREC:0.7302513889517167
REC:0.7470873786407767
TNR:0.7470873786407767
FPR:0.2697486110482833
FPDR:0.2697486110482833
F1:0.7380260622843702
BACC:0.0
CLSFE:0.1576
MCC:0.4770417680852593
GMEAN:0.7324649168178173
SAMPLES:1250.0
AUC:{'AUC macro OVO': 0.7302513889517168}
AVGP:{'avg_precision': 0.8865892482223099}


METRICS_PER_CLASSES
CLASS:0
ACC:0.8424
PREC:0.5477178423236515
REC:0.6
TNR:0.8941747572815534
FPR:0.45228215767634855
FPDR:0.45228215767634855
F1:0.5726681127982647
BACC:0
CLSFE:0.45228215767634855
MCC:0.4770417680852593
GMEAN:0.7324649168178173
SAMPLES:241
AUC:{}
AVGP:{}
CLASS:1
ACC:0.8424
PREC:0.9127849355797819
REC:0.8941747572815534
TNR:0.6
FPR:0.08721506442021804
FPDR:0.08721506442021804
F1:0.9033840117704757
BACC:0
CLSFE:0.08721506442021804
MCC:0.4770417680852593
GMEAN:0.7324649168178173
SAMPLES:1009
AUC:{}
AVGP:{}
