

GENERAL_METRICS
ACC:0.9025454545454545
PREC:0.7311695600906443
REC:0.7073058228134532
TNR:0.7073058228134532
FPR:0.26883043990935573
FPDR:0.26883043990935573
F1:0.7183070598289814
BACC:0.0
CLSFE:0.09745454545454546
MCC:0.4378255171367472
GMEAN:0.6635403605055887
SAMPLES:2750.0
AUC:{'AUC macro OVO': 0.7311695600906442}
AVGP:{'avg_precision': 0.9497252250612241}


METRICS_PER_CLASSES
CLASS:0
ACC:0.9025454545454545
PREC:0.5222672064777328
REC:0.46236559139784944
TNR:0.9522460542290571
FPR:0.4777327935222672
FPDR:0.4777327935222672
F1:0.49049429657794674
BACC:0
CLSFE:0.4777327935222672
MCC:0.4378255171367472
GMEAN:0.6635403605055887
SAMPLES:247
AUC:{}
AVGP:{}
CLASS:1
ACC:0.9025454545454545
PREC:0.9400719137035557
REC:0.9522460542290571
TNR:0.46236559139784944
FPR:0.05992808629644426
FPDR:0.05992808629644426
F1:0.9461198230800161
BACC:0
CLSFE:0.05992808629644426
MCC:0.4378255171367472
GMEAN:0.6635403605055887
SAMPLES:2503
AUC:{}
AVGP:{}
