

GENERAL_METRICS
ACC:0.8963636363636364
PREC:0.7108
REC:0.6923298701791624
TNR:0.6923298701791624
FPR:0.2892
FPDR:0.2892
F1:0.7009467824544762
BACC:0.0
CLSFE:0.10363636363636364
MCC:0.4027065265613034
GMEAN:0.6434570241540355
SAMPLES:2750.0
AUC:{'AUC macro OVO': 0.7108}
AVGP:{'avg_precision': 0.9454189023269491}


METRICS_PER_CLASSES
CLASS:0
ACC:0.8963636363636364
PREC:0.484
REC:0.4368231046931408
TNR:0.947836635665184
FPR:0.516
FPDR:0.516
F1:0.45920303605313095
BACC:0
CLSFE:0.516
MCC:0.4027065265613034
GMEAN:0.6434570241540355
SAMPLES:250
AUC:{}
AVGP:{}
CLASS:1
ACC:0.8963636363636364
PREC:0.9376
REC:0.947836635665184
TNR:0.4368231046931408
FPR:0.0624
FPDR:0.0624
F1:0.9426905288558214
BACC:0
CLSFE:0.0624
MCC:0.4027065265613034
GMEAN:0.6434570241540355
SAMPLES:2500
AUC:{}
AVGP:{}
