

GENERAL_METRICS
ACC:0.8963636363636364
PREC:0.708541859746679
REC:0.6996536635212453
TNR:0.6996536635212453
FPR:0.291458140253321
FPDR:0.291458140253321
F1:0.7039560536690375
BACC:0.0
CLSFE:0.10363636363636364
MCC:0.4080987444036464
GMEAN:0.6551899431857438
SAMPLES:2750.0
AUC:{'AUC macro OVO': 0.708541859746679}
AVGP:{'avg_precision': 0.9427228211115832}


METRICS_PER_CLASSES
CLASS:0
ACC:0.8963636363636364
PREC:0.47692307692307695
REC:0.4542124542124542
TNR:0.9450948728300363
FPR:0.5230769230769231
FPDR:0.5230769230769231
F1:0.4652908067542214
BACC:0
CLSFE:0.5230769230769231
MCC:0.4080987444036464
GMEAN:0.6551899431857438
SAMPLES:260
AUC:{}
AVGP:{}
CLASS:1
ACC:0.8963636363636364
PREC:0.9401606425702811
REC:0.9450948728300363
TNR:0.4542124542124542
FPR:0.059839357429718874
FPDR:0.059839357429718874
F1:0.9426213005838534
BACC:0
CLSFE:0.059839357429718874
MCC:0.4080987444036464
GMEAN:0.6551899431857438
SAMPLES:2490
AUC:{}
AVGP:{}
