

GENERAL_METRICS
ACC:0.8952727272727272
PREC:0.7435307001697313
REC:0.6966370657922545
TNR:0.6966370657922545
FPR:0.25646929983026867
FPDR:0.25646929983026867
F1:0.7163977936321279
BACC:0.0
CLSFE:0.10472727272727272
MCC:0.4376627117391166
GMEAN:0.6470402828925716
SAMPLES:2750.0
AUC:{'AUC macro OVO': 0.7435307001697314}
AVGP:{'avg_precision': 0.951561852499967}


METRICS_PER_CLASSES
CLASS:0
ACC:0.8952727272727272
PREC:0.5582329317269076
REC:0.4384858044164038
TNR:0.9547883271681052
FPR:0.44176706827309237
FPDR:0.44176706827309237
F1:0.4911660777385159
BACC:0
CLSFE:0.44176706827309237
MCC:0.4376627117391166
GMEAN:0.6470402828925716
SAMPLES:249
AUC:{}
AVGP:{}
CLASS:1
ACC:0.8952727272727272
PREC:0.928828468612555
REC:0.9547883271681052
TNR:0.4384858044164038
FPR:0.07117153138744502
FPDR:0.07117153138744502
F1:0.9416295095257398
BACC:0
CLSFE:0.07117153138744502
MCC:0.4376627117391166
GMEAN:0.6470402828925716
SAMPLES:2501
AUC:{}
AVGP:{}
