

GENERAL_METRICS
ACC:0.9312
PREC:0.5368147141315533
REC:0.6127124256821166
TNR:0.6127124256821166
FPR:0.4631852858684466
FPDR:0.4631852858684466
F1:0.5492024027628418
BACC:0.0
CLSFE:0.0688
MCC:0.1288328487701965
GMEAN:0.5155974820793103
SAMPLES:3750.0
AUC:{'AUC macro OVO': 0.5368147141315535}
AVGP:{'avg_precision': 0.9436729250418772}


METRICS_PER_CLASSES
CLASS:0
ACC:0.9312
PREC:0.0881057268722467
REC:0.28169014084507044
TNR:0.9437347105191628
FPR:0.9118942731277533
FPDR:0.9118942731277533
F1:0.1342281879194631
BACC:0
CLSFE:0.9118942731277533
MCC:0.1288328487701965
GMEAN:0.5155974820793103
SAMPLES:227
AUC:{}
AVGP:{}
CLASS:1
ACC:0.9312
PREC:0.9855237013908601
REC:0.9437347105191628
TNR:0.28169014084507044
FPR:0.014476298609139937
FPDR:0.014476298609139937
F1:0.9641766176062205
BACC:0
CLSFE:0.014476298609139937
MCC:0.1288328487701965
GMEAN:0.5155974820793103
SAMPLES:3523
AUC:{}
AVGP:{}
