

GENERAL_METRICS
ACC:0.9226666666666666
PREC:0.5503004964724327
REC:0.6501564882433192
TNR:0.6501564882433192
FPR:0.4496995035275673
FPDR:0.4496995035275673
F1:0.5677827873022333
BACC:0.0
CLSFE:0.07733333333333334
MCC:0.17381537224533347
GMEAN:0.5841416016700928
SAMPLES:3750.0
AUC:{'AUC macro OVO': 0.5503004964724326}
AVGP:{'avg_precision': 0.9355015577905391}


METRICS_PER_CLASSES
CLASS:0
ACC:0.9226666666666666
PREC:0.11610486891385768
REC:0.36470588235294116
TNR:0.9356070941336971
FPR:0.8838951310861424
FPDR:0.8838951310861424
F1:0.17613636363636365
BACC:0
CLSFE:0.8838951310861424
MCC:0.17381537224533347
GMEAN:0.5841416016700928
SAMPLES:267
AUC:{}
AVGP:{}
CLASS:1
ACC:0.9226666666666666
PREC:0.9844961240310077
REC:0.9356070941336971
TNR:0.36470588235294116
FPR:0.015503875968992248
FPDR:0.015503875968992248
F1:0.959429210968103
BACC:0
CLSFE:0.015503875968992248
MCC:0.17381537224533347
GMEAN:0.5841416016700928
SAMPLES:3483
AUC:{}
AVGP:{}
