

GENERAL_METRICS
ACC:0.928
PREC:0.563494700645288
REC:0.6485562278495721
TNR:0.6485562278495721
FPR:0.43650529935471205
FPDR:0.43650529935471205
F1:0.5840864278672363
BACC:0.0
CLSFE:0.072
MCC:0.19424245896612582
GMEAN:0.577570657496847
SAMPLES:3750.0
AUC:{'AUC macro OVO': 0.563494700645288}
AVGP:{'avg_precision': 0.9434340411192911}


METRICS_PER_CLASSES
CLASS:0
ACC:0.928
PREC:0.14522821576763487
REC:0.35353535353535354
TNR:0.9435771021637908
FPR:0.8547717842323651
FPDR:0.8547717842323651
F1:0.20588235294117646
BACC:0
CLSFE:0.8547717842323651
MCC:0.19424245896612582
GMEAN:0.577570657496847
SAMPLES:241
AUC:{}
AVGP:{}
CLASS:1
ACC:0.928
PREC:0.981761185522941
REC:0.9435771021637908
TNR:0.35353535353535354
FPR:0.018238814477058992
FPDR:0.018238814477058992
F1:0.9622905027932961
BACC:0
CLSFE:0.018238814477058992
MCC:0.19424245896612582
GMEAN:0.577570657496847
SAMPLES:3509
AUC:{}
AVGP:{}
