

GENERAL_METRICS
ACC:0.9248
PREC:0.5442307624609687
REC:0.6132042322258229
TNR:0.6132042322258229
FPR:0.4557692375390313
FPDR:0.4557692375390313
F1:0.5581680624238545
BACC:0.0
CLSFE:0.0752
MCC:0.14152186410808343
GMEAN:0.5184300968824355
SAMPLES:3750.0
AUC:{'AUC macro OVO': 0.5442307624609687}
AVGP:{'avg_precision': 0.940592347651552}


METRICS_PER_CLASSES
CLASS:0
ACC:0.9248
PREC:0.10699588477366255
REC:0.2857142857142857
TNR:0.9406941787373599
FPR:0.8930041152263375
FPDR:0.8930041152263375
F1:0.15568862275449102
BACC:0
CLSFE:0.8930041152263375
MCC:0.14152186410808343
GMEAN:0.5184300968824355
SAMPLES:243
AUC:{}
AVGP:{}
CLASS:1
ACC:0.9248
PREC:0.9814656401482749
REC:0.9406941787373599
TNR:0.2857142857142857
FPR:0.01853435985172512
FPDR:0.01853435985172512
F1:0.9606475020932179
BACC:0
CLSFE:0.01853435985172512
MCC:0.14152186410808343
GMEAN:0.5184300968824355
SAMPLES:3507
AUC:{}
AVGP:{}
