

GENERAL_METRICS
ACC:0.803
PREC:0.7323641366184654
REC:0.7456223793045009
TNR:0.7456223793045009
FPR:0.2676358633815346
FPDR:0.2676358633815346
F1:0.738376687105158
BACC:0.0
CLSFE:0.197
MCC:0.47780260401661095
GMEAN:0.7373488113802997
SAMPLES:1000.0
AUC:{'AUC macro OVO': 0.7323641366184654}
AVGP:{'avg_precision': 0.8422730236261519}


METRICS_PER_CLASSES
CLASS:0
ACC:0.803
PREC:0.583969465648855
REC:0.6348547717842323
TNR:0.8563899868247694
FPR:0.41603053435114506
FPDR:0.41603053435114506
F1:0.6083499005964215
BACC:0
CLSFE:0.41603053435114506
MCC:0.47780260401661095
GMEAN:0.7373488113802997
SAMPLES:262
AUC:{}
AVGP:{}
CLASS:1
ACC:0.803
PREC:0.8807588075880759
REC:0.8563899868247694
TNR:0.6348547717842323
FPR:0.11924119241192412
FPDR:0.11924119241192412
F1:0.8684034736138945
BACC:0
CLSFE:0.11924119241192412
MCC:0.47780260401661095
GMEAN:0.7373488113802997
SAMPLES:738
AUC:{}
AVGP:{}
