

GENERAL_METRICS
ACC:0.783
PREC:0.7124245924785009
REC:0.7206666666666667
TNR:0.7206666666666667
FPR:0.2875754075214992
FPDR:0.2875754075214992
F1:0.7162564152855415
BACC:0.0
CLSFE:0.217
MCC:0.43301282540015307
GMEAN:0.7098018502840541
SAMPLES:1000.0
AUC:{'AUC macro OVO': 0.7124245924785009}
AVGP:{'avg_precision': 0.8301718820861678}


METRICS_PER_CLASSES
CLASS:0
ACC:0.783
PREC:0.5622641509433962
REC:0.596
TNR:0.8453333333333334
FPR:0.4377358490566038
FPDR:0.4377358490566038
F1:0.5786407766990291
BACC:0
CLSFE:0.4377358490566038
MCC:0.43301282540015307
GMEAN:0.7098018502840541
SAMPLES:265
AUC:{}
AVGP:{}
CLASS:1
ACC:0.783
PREC:0.8625850340136054
REC:0.8453333333333334
TNR:0.596
FPR:0.13741496598639455
FPDR:0.13741496598639455
F1:0.8538720538720539
BACC:0
CLSFE:0.13741496598639455
MCC:0.43301282540015307
GMEAN:0.7098018502840541
SAMPLES:735
AUC:{}
AVGP:{}
