

GENERAL_METRICS
ACC:0.801
PREC:0.7426596637122953
REC:0.7408562444403071
TNR:0.7408562444403071
FPR:0.2573403362877047
FPDR:0.2573403362877047
F1:0.7417459273073184
BACC:0.0
CLSFE:0.199
MCC:0.4835125449412509
GMEAN:0.7300020814724117
SAMPLES:1000.0
AUC:{'AUC macro OVO': 0.7426596637122953}
AVGP:{'avg_precision': 0.8500061405337401}


METRICS_PER_CLASSES
CLASS:0
ACC:0.801
PREC:0.6216216216216216
REC:0.6145038167938931
TNR:0.8672086720867209
FPR:0.3783783783783784
FPDR:0.3783783783783784
F1:0.6180422264875239
BACC:0
CLSFE:0.3783783783783784
MCC:0.4835125449412509
GMEAN:0.7300020814724117
SAMPLES:259
AUC:{}
AVGP:{}
CLASS:1
ACC:0.801
PREC:0.863697705802969
REC:0.8672086720867209
TNR:0.6145038167938931
FPR:0.13630229419703105
FPDR:0.13630229419703105
F1:0.8654496281271129
BACC:0
CLSFE:0.13630229419703105
MCC:0.4835125449412509
GMEAN:0.7300020814724117
SAMPLES:741
AUC:{}
AVGP:{}
