

GENERAL_METRICS
ACC:0.81
PREC:0.753213991682675
REC:0.7493762993762993
TNR:0.7493762993762993
FPR:0.24678600831732495
FPDR:0.24678600831732495
F1:0.7512450838173144
BACC:0.0
CLSFE:0.19
MCC:0.5025756388689231
GMEAN:0.7386564191918362
SAMPLES:1000.0
AUC:{'AUC macro OVO': 0.7532139916826751}
AVGP:{'avg_precision': 0.8586405332946888}


METRICS_PER_CLASSES
CLASS:0
ACC:0.81
PREC:0.6377952755905512
REC:0.6230769230769231
TNR:0.8756756756756757
FPR:0.36220472440944884
FPDR:0.36220472440944884
F1:0.6303501945525292
BACC:0
CLSFE:0.36220472440944884
MCC:0.5025756388689231
GMEAN:0.7386564191918362
SAMPLES:254
AUC:{}
AVGP:{}
CLASS:1
ACC:0.81
PREC:0.868632707774799
REC:0.8756756756756757
TNR:0.6230769230769231
FPR:0.13136729222520108
FPDR:0.13136729222520108
F1:0.8721399730820996
BACC:0
CLSFE:0.13136729222520108
MCC:0.5025756388689231
GMEAN:0.7386564191918362
SAMPLES:746
AUC:{}
AVGP:{}
