

GENERAL_METRICS
ACC:0.8733333333333333
PREC:0.8634548420873207
REC:0.8527604462091132
TNR:0.8527604462091132
FPR:0.1365451579126793
FPDR:0.1365451579126793
F1:0.8576420732109356
BACC:0.0
CLSFE:0.12666666666666668
MCC:0.7161354404624479
GMEAN:0.8502073047691077
SAMPLES:750.0
AUC:{'AUC macro OVO': 0.8634548420873207}
AVGP:{'avg_precision': 0.8923708728211542}


METRICS_PER_CLASSES
CLASS:0
ACC:0.8733333333333333
PREC:0.8353909465020576
REC:0.7868217054263565
TNR:0.9186991869918699
FPR:0.1646090534979424
FPDR:0.1646090534979424
F1:0.810379241516966
BACC:0
CLSFE:0.1646090534979424
MCC:0.7161354404624479
GMEAN:0.8502073047691077
SAMPLES:243
AUC:{}
AVGP:{}
CLASS:1
ACC:0.8733333333333333
PREC:0.8915187376725838
REC:0.9186991869918699
TNR:0.7868217054263565
FPR:0.10848126232741617
FPDR:0.10848126232741617
F1:0.9049049049049049
BACC:0
CLSFE:0.10848126232741617
MCC:0.7161354404624479
GMEAN:0.8502073047691077
SAMPLES:507
AUC:{}
AVGP:{}
