

GENERAL_METRICS
ACC:0.8733333333333333
PREC:0.8646463762814038
REC:0.8561408687006773
TNR:0.8561408687006773
FPR:0.13535362371859616
FPDR:0.13535362371859616
F1:0.8600578623912134
BACC:0.0
CLSFE:0.12666666666666668
MCC:0.7207370594534825
GMEAN:0.8540952261404907
SAMPLES:750.0
AUC:{'AUC macro OVO': 0.864646376281404}
AVGP:{'avg_precision': 0.8878413289655287}


METRICS_PER_CLASSES
CLASS:0
ACC:0.8733333333333333
PREC:0.8379446640316206
REC:0.7969924812030075
TNR:0.9152892561983471
FPR:0.16205533596837945
FPDR:0.16205533596837945
F1:0.8169556840077071
BACC:0
CLSFE:0.16205533596837945
MCC:0.7207370594534825
GMEAN:0.8540952261404907
SAMPLES:253
AUC:{}
AVGP:{}
CLASS:1
ACC:0.8733333333333333
PREC:0.8913480885311871
REC:0.9152892561983471
TNR:0.7969924812030075
FPR:0.10865191146881288
FPDR:0.10865191146881288
F1:0.9031600407747197
BACC:0
CLSFE:0.10865191146881288
MCC:0.7207370594534825
GMEAN:0.8540952261404907
SAMPLES:497
AUC:{}
AVGP:{}
