

GENERAL_METRICS
ACC:0.8773333333333333
PREC:0.8713033046305869
REC:0.8612666159835971
TNR:0.8612666159835971
FPR:0.12869669536941303
FPDR:0.12869669536941303
F1:0.8657848667574402
BACC:0.0
CLSFE:0.12266666666666666
MCC:0.7325011627770125
GMEAN:0.8592386508099924
SAMPLES:750.0
AUC:{'AUC macro OVO': 0.8713033046305869}
AVGP:{'avg_precision': 0.8915278979082416}


METRICS_PER_CLASSES
CLASS:0
ACC:0.8773333333333333
PREC:0.8521400778210116
REC:0.8021978021978022
TNR:0.9203354297693921
FPR:0.14785992217898833
FPDR:0.14785992217898833
F1:0.8264150943396227
BACC:0
CLSFE:0.14785992217898833
MCC:0.7325011627770125
GMEAN:0.8592386508099924
SAMPLES:257
AUC:{}
AVGP:{}
CLASS:1
ACC:0.8773333333333333
PREC:0.8904665314401623
REC:0.9203354297693921
TNR:0.8021978021978022
FPR:0.10953346855983773
FPDR:0.10953346855983773
F1:0.9051546391752577
BACC:0
CLSFE:0.10953346855983773
MCC:0.7325011627770125
GMEAN:0.8592386508099924
SAMPLES:493
AUC:{}
AVGP:{}
