

GENERAL_METRICS
ACC:0.868
PREC:0.8626777029554807
REC:0.8530871317029494
TNR:0.8530871317029494
FPR:0.13732229704451926
FPDR:0.13732229704451926
F1:0.8573418511936213
BACC:0.0
CLSFE:0.132
MCC:0.7157005794860445
GMEAN:0.8510101397591994
SAMPLES:750.0
AUC:{'AUC macro OVO': 0.8626777029554807}
AVGP:{'avg_precision': 0.8810045714987672}


METRICS_PER_CLASSES
CLASS:0
ACC:0.868
PREC:0.8446969696969697
REC:0.7935943060498221
TNR:0.9125799573560768
FPR:0.1553030303030303
FPDR:0.1553030303030303
F1:0.818348623853211
BACC:0
CLSFE:0.1553030303030303
MCC:0.7157005794860445
GMEAN:0.8510101397591994
SAMPLES:264
AUC:{}
AVGP:{}
CLASS:1
ACC:0.868
PREC:0.8806584362139918
REC:0.9125799573560768
TNR:0.7935943060498221
FPR:0.11934156378600823
FPDR:0.11934156378600823
F1:0.8963350785340314
BACC:0
CLSFE:0.11934156378600823
MCC:0.7157005794860445
GMEAN:0.8510101397591994
SAMPLES:486
AUC:{}
AVGP:{}
