

GENERAL_METRICS
ACC:0.9036666666666666
PREC:0.5458711940060577
REC:0.6061376575739671
TNR:0.6061376575739671
FPR:0.4541288059939423
FPDR:0.4541288059939423
F1:0.5580118383495846
BACC:0.0
CLSFE:0.09633333333333334
MCC:0.13955158303543483
GMEAN:0.5153990232130231
SAMPLES:3000.0
AUC:{'AUC macro OVO': 0.5458711940060577}
AVGP:{'avg_precision': 0.9249597630014407}


METRICS_PER_CLASSES
CLASS:0
ACC:0.9036666666666666
PREC:0.11788617886178862
REC:0.2871287128712871
TNR:0.9251466022766471
FPR:0.8821138211382114
FPDR:0.8821138211382114
F1:0.16714697406340057
BACC:0
CLSFE:0.8821138211382114
MCC:0.13955158303543483
GMEAN:0.5153990232130231
SAMPLES:246
AUC:{}
AVGP:{}
CLASS:1
ACC:0.9036666666666666
PREC:0.9738562091503268
REC:0.9251466022766471
TNR:0.2871287128712871
FPR:0.026143790849673203
FPDR:0.026143790849673203
F1:0.9488767026357686
BACC:0
CLSFE:0.026143790849673203
MCC:0.13955158303543483
GMEAN:0.5153990232130231
SAMPLES:2754
AUC:{}
AVGP:{}
