

GENERAL_METRICS
ACC:0.892
PREC:0.5461266473802636
REC:0.58347876672484
TNR:0.58347876672484
FPR:0.45387335261973644
FPDR:0.45387335261973644
F1:0.555738379267791
BACC:0.0
CLSFE:0.108
MCC:0.12410633563933755
GMEAN:0.47487177167590533
SAMPLES:3000.0
AUC:{'AUC macro OVO': 0.5461266473802635}
AVGP:{'avg_precision': 0.9222339141132379}


METRICS_PER_CLASSES
CLASS:0
ACC:0.892
PREC:0.12941176470588237
REC:0.24444444444444444
TNR:0.9225130890052357
FPR:0.8705882352941177
FPDR:0.8705882352941177
F1:0.16923076923076924
BACC:0
CLSFE:0.8705882352941177
MCC:0.12410633563933755
GMEAN:0.47487177167590533
SAMPLES:255
AUC:{}
AVGP:{}
CLASS:1
ACC:0.892
PREC:0.9628415300546448
REC:0.9225130890052357
TNR:0.24444444444444444
FPR:0.03715846994535519
FPDR:0.03715846994535519
F1:0.9422459893048128
BACC:0
CLSFE:0.03715846994535519
MCC:0.12410633563933755
GMEAN:0.47487177167590533
SAMPLES:2745
AUC:{}
AVGP:{}
