

GENERAL_METRICS
ACC:0.896
PREC:0.5650778692866583
REC:0.619854995070654
TNR:0.619854995070654
FPR:0.4349221307133418
FPDR:0.4349221307133418
F1:0.5801930035755356
BACC:0.0
CLSFE:0.104
MCC:0.17663417226076142
GMEAN:0.5403698443494247
SAMPLES:3000.0
AUC:{'AUC macro OVO': 0.5650778692866583}
AVGP:{'avg_precision': 0.9231644116938923}


METRICS_PER_CLASSES
CLASS:0
ACC:0.896
PREC:0.16412213740458015
REC:0.3161764705882353
TNR:0.9235335195530726
FPR:0.8358778625954199
FPDR:0.8358778625954199
F1:0.21608040201005024
BACC:0
CLSFE:0.8358778625954199
MCC:0.17663417226076142
GMEAN:0.5403698443494247
SAMPLES:262
AUC:{}
AVGP:{}
CLASS:1
ACC:0.896
PREC:0.9660336011687363
REC:0.9235335195530726
TNR:0.3161764705882353
FPR:0.0339663988312637
FPDR:0.0339663988312637
F1:0.944305605141021
BACC:0
CLSFE:0.0339663988312637
MCC:0.17663417226076142
GMEAN:0.5403698443494247
SAMPLES:2738
AUC:{}
AVGP:{}
