

GENERAL_METRICS
ACC:0.896
PREC:0.53755534069513
REC:0.5850622406639003
TNR:0.5850622406639003
FPR:0.46244465930487
FPDR:0.46244465930487
F1:0.5460814609193596
BACC:0.0
CLSFE:0.104
MCC:0.11304054897998192
GMEAN:0.47961559642275
SAMPLES:3000.0
AUC:{'AUC macro OVO': 0.53755534069513}
AVGP:{'avg_precision': 0.9199435612010496}


METRICS_PER_CLASSES
CLASS:0
ACC:0.896
PREC:0.10465116279069768
REC:0.25
TNR:0.9201244813278008
FPR:0.8953488372093024
FPDR:0.8953488372093024
F1:0.14754098360655737
BACC:0
CLSFE:0.8953488372093024
MCC:0.11304054897998192
GMEAN:0.47961559642275
SAMPLES:258
AUC:{}
AVGP:{}
CLASS:1
ACC:0.896
PREC:0.9704595185995624
REC:0.9201244813278008
TNR:0.25
FPR:0.02954048140043764
FPDR:0.02954048140043764
F1:0.9446219382321619
BACC:0
CLSFE:0.02954048140043764
MCC:0.11304054897998192
GMEAN:0.47961559642275
SAMPLES:2742
AUC:{}
AVGP:{}
