

GENERAL_METRICS
ACC:0.9224615384615384
PREC:0.4986693280106454
REC:0.4623689080814312
TNR:0.4623689080814312
FPR:0.5013306719893547
FPDR:0.5013306719893547
F1:0.4798335467349552
BACC:0.0
CLSFE:0.07753846153846154
MCC:-0.01415268736952366
GMEAN:0.0
SAMPLES:3250.0
AUC:{'AUC macro OVO': 0.4986693280106454}
AVGP:{'avg_precision': 0.9247383092054711}


METRICS_PER_CLASSES
CLASS:0
ACC:0.9224615384615384
PREC:0.0
REC:0.0
TNR:0.9247378161628624
FPR:1.0
FPDR:1.0
F1:0.0
BACC:0
CLSFE:1.0
MCC:-0.01415268736952366
GMEAN:0
SAMPLES:244
AUC:{}
AVGP:{}
CLASS:1
ACC:0.9224615384615384
PREC:0.9973386560212908
REC:0.9247378161628624
TNR:0.0
FPR:0.0026613439787092482
FPDR:0.0026613439787092482
F1:0.9596670934699104
BACC:0
CLSFE:0.0026613439787092482
MCC:-0.01415268736952366
GMEAN:0
SAMPLES:3006
AUC:{}
AVGP:{}
