

GENERAL_METRICS
ACC:0.9215384615384615
PREC:0.5016347255658463
REC:0.6277076275536393
TNR:0.6277076275536393
FPR:0.4983652744341537
FPDR:0.4983652744341537
F1:0.4834681769652049
BACC:0.0
CLSFE:0.07846153846153846
MCC:0.02889753786851155
GMEAN:0.5544011549332443
SAMPLES:3250.0
AUC:{'AUC macro OVO': 0.5016347255658463}
AVGP:{'avg_precision': 0.9220817643854753}


METRICS_PER_CLASSES
CLASS:0
ACC:0.9215384615384615
PREC:0.003937007874015748
REC:0.3333333333333333
TNR:0.9220819217739452
FPR:0.9960629921259843
FPDR:0.9960629921259843
F1:0.007782101167315175
BACC:0
CLSFE:0.9960629921259843
MCC:0.02889753786851155
GMEAN:0.5544011549332443
SAMPLES:254
AUC:{}
AVGP:{}
CLASS:1
ACC:0.9215384615384615
PREC:0.9993324432576769
REC:0.9220819217739452
TNR:0.3333333333333333
FPR:0.0006675567423230974
FPDR:0.0006675567423230974
F1:0.9591542527630946
BACC:0
CLSFE:0.0006675567423230974
MCC:0.02889753786851155
GMEAN:0.5544011549332443
SAMPLES:2996
AUC:{}
AVGP:{}
