

GENERAL_METRICS
ACC:0.9221538461538461
PREC:0.499000999000999
REC:0.4619297163995068
TNR:0.4619297163995068
FPR:0.500999000999001
FPDR:0.500999000999001
F1:0.4797502801344645
BACC:0.0
CLSFE:0.07784615384615384
MCC:-0.012334058756004703
GMEAN:0.0
SAMPLES:3250.0
AUC:{'AUC macro OVO': 0.499000999000999}
AVGP:{'avg_precision': 0.9238597136525621}


METRICS_PER_CLASSES
CLASS:0
ACC:0.9221538461538461
PREC:0.0
REC:0.0
TNR:0.9238594327990136
FPR:1.0
FPDR:1.0
F1:0.0
BACC:0
CLSFE:1.0
MCC:-0.012334058756004703
GMEAN:0
SAMPLES:247
AUC:{}
AVGP:{}
CLASS:1
ACC:0.9221538461538461
PREC:0.998001998001998
REC:0.9238594327990136
TNR:0.0
FPR:0.001998001998001998
FPDR:0.001998001998001998
F1:0.959500560268929
BACC:0
CLSFE:0.001998001998001998
MCC:-0.012334058756004703
GMEAN:0
SAMPLES:3003
AUC:{}
AVGP:{}
