

GENERAL_METRICS
ACC:0.9128
PREC:0.6020494407830006
REC:0.6417175385571099
TNR:0.6417175385571099
FPR:0.3979505592169994
FPDR:0.3979505592169994
F1:0.6174513917594115
BACC:0.0
CLSFE:0.0872
MCC:0.2405177378813994
GMEAN:0.5665902629107762
SAMPLES:3750.0
AUC:{'AUC macro OVO': 0.6020494407830006}
AVGP:{'avg_precision': 0.9425036641758647}


METRICS_PER_CLASSES
CLASS:0
ACC:0.9128
PREC:0.2397003745318352
REC:0.3404255319148936
TNR:0.9430095451993262
FPR:0.7602996254681648
FPDR:0.7602996254681648
F1:0.2813186813186813
BACC:0
CLSFE:0.7602996254681648
MCC:0.2405177378813994
GMEAN:0.5665902629107762
SAMPLES:267
AUC:{}
AVGP:{}
CLASS:1
ACC:0.9128
PREC:0.964398507034166
REC:0.9430095451993262
TNR:0.3404255319148936
FPR:0.03560149296583405
FPDR:0.03560149296583405
F1:0.9535841022001419
BACC:0
CLSFE:0.03560149296583405
MCC:0.2405177378813994
GMEAN:0.5665902629107762
SAMPLES:3483
AUC:{}
AVGP:{}
