

GENERAL_METRICS
ACC:0.9192
PREC:0.5819788829908629
REC:0.6236515988185437
TNR:0.6236515988185437
FPR:0.41802111700913713
FPDR:0.41802111700913713
F1:0.5970588934111283
BACC:0.0
CLSFE:0.0808
MCC:0.20136355133120307
GMEAN:0.5338718868137214
SAMPLES:3750.0
AUC:{'AUC macro OVO': 0.5819788829908629}
AVGP:{'avg_precision': 0.945701576215576}


METRICS_PER_CLASSES
CLASS:0
ACC:0.9192
PREC:0.1950207468879668
REC:0.30128205128205127
TNR:0.9460211463550362
FPR:0.8049792531120332
FPDR:0.8049792531120332
F1:0.2367758186397985
BACC:0
CLSFE:0.8049792531120332
MCC:0.20136355133120307
GMEAN:0.5338718868137214
SAMPLES:241
AUC:{}
AVGP:{}
CLASS:1
ACC:0.9192
PREC:0.968937019093759
REC:0.9460211463550362
TNR:0.30128205128205127
FPR:0.031062980906241093
FPDR:0.031062980906241093
F1:0.9573419681824581
BACC:0
CLSFE:0.031062980906241093
MCC:0.20136355133120307
GMEAN:0.5338718868137214
SAMPLES:3509
AUC:{}
AVGP:{}
