

GENERAL_METRICS
ACC:0.924
PREC:0.5927435943285221
REC:0.6322877873378708
TNR:0.6322877873378708
FPR:0.4072564056714779
FPDR:0.4072564056714779
F1:0.6079148554320164
BACC:0.0
CLSFE:0.076
MCC:0.22152963579152374
GMEAN:0.5463936399074559
SAMPLES:3750.0
AUC:{'AUC macro OVO': 0.5927435943285221}
AVGP:{'avg_precision': 0.9501387276330706}


METRICS_PER_CLASSES
CLASS:0
ACC:0.924
PREC:0.21585903083700442
REC:0.3141025641025641
TNR:0.9504730105731776
FPR:0.7841409691629956
FPDR:0.7841409691629956
F1:0.2558746736292428
BACC:0
CLSFE:0.7841409691629956
MCC:0.22152963579152374
GMEAN:0.5463936399074559
SAMPLES:227
AUC:{}
AVGP:{}
CLASS:1
ACC:0.924
PREC:0.9696281578200397
REC:0.9504730105731776
TNR:0.3141025641025641
FPR:0.03037184217996026
FPDR:0.03037184217996026
F1:0.9599550372347899
BACC:0
CLSFE:0.03037184217996026
MCC:0.22152963579152374
GMEAN:0.5463936399074559
SAMPLES:3523
AUC:{}
AVGP:{}
