

GENERAL_METRICS
ACC:0.8724444444444445
PREC:0.6102068685526583
REC:0.6457312047199687
TNR:0.6457312047199687
FPR:0.38979313144734173
FPDR:0.38979313144734173
F1:0.6239647018882999
BACC:0.0
CLSFE:0.12755555555555556
MCC:0.25346068509805725
GMEAN:0.5868832182365092
SAMPLES:2250.0
AUC:{'AUC macro OVO': 0.6102068685526583}
AVGP:{'avg_precision': 0.9137826641503771}


METRICS_PER_CLASSES
CLASS:0
ACC:0.8724444444444445
PREC:0.2757201646090535
REC:0.37640449438202245
TNR:0.915057915057915
FPR:0.7242798353909465
FPDR:0.7242798353909465
F1:0.3182897862232779
BACC:0
CLSFE:0.7242798353909465
MCC:0.25346068509805725
GMEAN:0.5868832182365092
SAMPLES:243
AUC:{}
AVGP:{}
CLASS:1
ACC:0.8724444444444445
PREC:0.9446935724962631
REC:0.915057915057915
TNR:0.37640449438202245
FPR:0.05530642750373692
FPDR:0.05530642750373692
F1:0.9296396175533219
BACC:0
CLSFE:0.05530642750373692
MCC:0.25346068509805725
GMEAN:0.5868832182365092
SAMPLES:2007
AUC:{}
AVGP:{}
