

GENERAL_METRICS
ACC:0.8773333333333333
PREC:0.6387934981684982
REC:0.6596951219512195
TNR:0.6596951219512195
FPR:0.3612065018315018
FPDR:0.3612065018315018
F1:0.6480876596072636
BACC:0.0
CLSFE:0.12266666666666666
MCC:0.2977559041634921
GMEAN:0.6042633087830697
SAMPLES:2250.0
AUC:{'AUC macro OVO': 0.6387934981684982}
AVGP:{'avg_precision': 0.9226862659698026}


METRICS_PER_CLASSES
CLASS:0
ACC:0.8773333333333333
PREC:0.33760683760683763
REC:0.395
TNR:0.9243902439024391
FPR:0.6623931623931624
FPDR:0.6623931623931624
F1:0.3640552995391705
BACC:0
CLSFE:0.6623931623931624
MCC:0.2977559041634921
GMEAN:0.6042633087830697
SAMPLES:234
AUC:{}
AVGP:{}
CLASS:1
ACC:0.8773333333333333
PREC:0.9399801587301587
REC:0.9243902439024391
TNR:0.395
FPR:0.06001984126984127
FPDR:0.06001984126984127
F1:0.9321200196753566
BACC:0
CLSFE:0.06001984126984127
MCC:0.2977559041634921
GMEAN:0.6042633087830697
SAMPLES:2016
AUC:{}
AVGP:{}
