

GENERAL_METRICS
ACC:0.88
PREC:0.6455
REC:0.684113824101069
TNR:0.684113824101069
FPR:0.35450000000000004
FPDR:0.35450000000000004
F1:0.6613025162296029
BACC:0.0
CLSFE:0.12
MCC:0.32734423108834854
GMEAN:0.6420456581475312
SAMPLES:2250.0
AUC:{'AUC macro OVO': 0.6455}
AVGP:{'avg_precision': 0.9186456106252023}


METRICS_PER_CLASSES
CLASS:0
ACC:0.88
PREC:0.344
REC:0.4479166666666667
TNR:0.9203109815354713
FPR:0.656
FPDR:0.656
F1:0.3891402714932127
BACC:0
CLSFE:0.656
MCC:0.32734423108834854
GMEAN:0.6420456581475312
SAMPLES:250
AUC:{}
AVGP:{}
CLASS:1
ACC:0.88
PREC:0.947
REC:0.9203109815354713
TNR:0.4479166666666667
FPR:0.053
FPDR:0.053
F1:0.9334647609659931
BACC:0
CLSFE:0.053
MCC:0.32734423108834854
GMEAN:0.6420456581475312
SAMPLES:2000
AUC:{}
AVGP:{}
