

GENERAL_METRICS
ACC:0.8591111111111112
PREC:0.5955216028998418
REC:0.6289669527529869
TNR:0.6289669527529869
FPR:0.4044783971001582
FPDR:0.4044783971001582
F1:0.6078671767921143
BACC:0.0
CLSFE:0.1408888888888889
MCC:0.221983152947006
GMEAN:0.5651629839993745
SAMPLES:2250.0
AUC:{'AUC macro OVO': 0.5955216028998418}
AVGP:{'avg_precision': 0.9036879513738867}


METRICS_PER_CLASSES
CLASS:0
ACC:0.8591111111111112
PREC:0.25190839694656486
REC:0.35294117647058826
TNR:0.9049927290353854
FPR:0.7480916030534351
FPDR:0.7480916030534351
F1:0.29398663697104677
BACC:0
CLSFE:0.7480916030534351
MCC:0.221983152947006
GMEAN:0.5651629839993745
SAMPLES:262
AUC:{}
AVGP:{}
CLASS:1
ACC:0.8591111111111112
PREC:0.9391348088531187
REC:0.9049927290353854
TNR:0.35294117647058826
FPR:0.06086519114688129
FPDR:0.06086519114688129
F1:0.9217477166131819
BACC:0
CLSFE:0.06086519114688129
MCC:0.221983152947006
GMEAN:0.5651629839993745
SAMPLES:1988
AUC:{}
AVGP:{}
