

GENERAL_METRICS
ACC:0.7666666666666667
PREC:0.7636444415459489
REC:0.7401036407911148
TNR:0.7401036407911148
FPR:0.23635555845405115
FPDR:0.23635555845405115
F1:0.7466113491087476
BACC:0.0
CLSFE:0.23333333333333334
MCC:0.503197735644836
GMEAN:0.7287098160997022
SAMPLES:750.0
AUC:{'AUC macro OVO': 0.7636444415459489}
AVGP:{'avg_precision': 0.8259855810745808}


METRICS_PER_CLASSES
CLASS:0
ACC:0.7666666666666667
PREC:0.7551867219917012
REC:0.610738255033557
TNR:0.8694690265486725
FPR:0.24481327800829875
FPDR:0.24481327800829875
F1:0.6753246753246753
BACC:0
CLSFE:0.24481327800829875
MCC:0.503197735644836
GMEAN:0.7287098160997022
SAMPLES:241
AUC:{}
AVGP:{}
CLASS:1
ACC:0.7666666666666667
PREC:0.7721021611001965
REC:0.8694690265486725
TNR:0.610738255033557
FPR:0.22789783889980353
FPDR:0.22789783889980353
F1:0.81789802289282
BACC:0
CLSFE:0.22789783889980353
MCC:0.503197735644836
GMEAN:0.7287098160997022
SAMPLES:509
AUC:{}
AVGP:{}
