

GENERAL_METRICS
ACC:0.856
PREC:0.7219498910675382
REC:0.6998748748748749
TNR:0.6998748748748749
FPR:0.2780501089324619
FPDR:0.2780501089324619
F1:0.7098562044717672
BACC:0.0
CLSFE:0.144
MCC:0.42124675289248836
GMEAN:0.6624491216982923
SAMPLES:1750.0
AUC:{'AUC macro OVO': 0.721949891067538}
AVGP:{'avg_precision': 0.9198833833833834}


METRICS_PER_CLASSES
CLASS:0
ACC:0.856
PREC:0.5378151260504201
REC:0.4740740740740741
TNR:0.9256756756756757
FPR:0.46218487394957986
FPDR:0.46218487394957986
F1:0.5039370078740157
BACC:0
CLSFE:0.46218487394957986
MCC:0.42124675289248836
GMEAN:0.6624491216982923
SAMPLES:238
AUC:{}
AVGP:{}
CLASS:1
ACC:0.856
PREC:0.906084656084656
REC:0.9256756756756757
TNR:0.4740740740740741
FPR:0.09391534391534391
FPDR:0.09391534391534391
F1:0.9157754010695187
BACC:0
CLSFE:0.09391534391534391
MCC:0.42124675289248836
GMEAN:0.6624491216982923
SAMPLES:1512
AUC:{}
AVGP:{}
