

GENERAL_METRICS
ACC:0.8497142857142858
PREC:0.7000572997751254
REC:0.691672557869741
TNR:0.691672557869741
FPR:0.2999427002248746
FPDR:0.2999427002248746
F1:0.6956974495446205
BACC:0.0
CLSFE:0.15028571428571427
MCC:0.39164011218674644
GMEAN:0.6542283068712783
SAMPLES:1750.0
AUC:{'AUC macro OVO': 0.7000572997751253}
AVGP:{'avg_precision': 0.9109579034490631}


METRICS_PER_CLASSES
CLASS:0
ACC:0.8497142857142858
PREC:0.491869918699187
REC:0.4671814671814672
TNR:0.9161636485580148
FPR:0.508130081300813
FPDR:0.508130081300813
F1:0.4792079207920792
BACC:0
CLSFE:0.508130081300813
MCC:0.39164011218674644
GMEAN:0.6542283068712783
SAMPLES:246
AUC:{}
AVGP:{}
CLASS:1
ACC:0.8497142857142858
PREC:0.9082446808510638
REC:0.9161636485580148
TNR:0.4671814671814672
FPR:0.09175531914893617
FPDR:0.09175531914893617
F1:0.9121869782971619
BACC:0
CLSFE:0.09175531914893617
MCC:0.39164011218674644
GMEAN:0.6542283068712783
SAMPLES:1504
AUC:{}
AVGP:{}
