

GENERAL_METRICS
ACC:0.8405714285714285
PREC:0.7013095160342238
REC:0.6781814765837831
TNR:0.6781814765837831
FPR:0.29869048396577624
FPDR:0.29869048396577624
F1:0.6883718169407016
BACC:0.0
CLSFE:0.15942857142857142
MCC:0.3787855689824772
GMEAN:0.6342878110638116
SAMPLES:1750.0
AUC:{'AUC macro OVO': 0.7013095160342238}
AVGP:{'avg_precision': 0.9121160744110907}


METRICS_PER_CLASSES
CLASS:0
ACC:0.8405714285714285
PREC:0.5081967213114754
REC:0.4381625441696113
TNR:0.918200408997955
FPR:0.4918032786885246
FPDR:0.4918032786885246
F1:0.47058823529411764
BACC:0
CLSFE:0.4918032786885246
MCC:0.3787855689824772
GMEAN:0.6342878110638116
SAMPLES:244
AUC:{}
AVGP:{}
CLASS:1
ACC:0.8405714285714285
PREC:0.8944223107569721
REC:0.918200408997955
TNR:0.4381625441696113
FPR:0.10557768924302789
FPDR:0.10557768924302789
F1:0.9061553985872856
BACC:0
CLSFE:0.10557768924302789
MCC:0.3787855689824772
GMEAN:0.6342878110638116
SAMPLES:1506
AUC:{}
AVGP:{}
