

GENERAL_METRICS
ACC:0.8262857142857143
PREC:0.6586658829164217
REC:0.6467963824601688
TNR:0.6467963824601688
FPR:0.34133411708357825
FPDR:0.34133411708357825
F1:0.6522548527443106
BACC:0.0
CLSFE:0.1737142857142857
MCC:0.30523156869484785
GMEAN:0.5927907643388306
SAMPLES:1750.0
AUC:{'AUC macro OVO': 0.6586658829164218}
AVGP:{'avg_precision': 0.9006368428989524}


METRICS_PER_CLASSES
CLASS:0
ACC:0.8262857142857143
PREC:0.4262295081967213
REC:0.3880597014925373
TNR:0.9055330634278003
FPR:0.5737704918032787
FPDR:0.5737704918032787
F1:0.40625
BACC:0
CLSFE:0.5737704918032787
MCC:0.30523156869484785
GMEAN:0.5927907643388306
SAMPLES:244
AUC:{}
AVGP:{}
CLASS:1
ACC:0.8262857142857143
PREC:0.8911022576361222
REC:0.9055330634278003
TNR:0.3880597014925373
FPR:0.10889774236387782
FPDR:0.10889774236387782
F1:0.8982597054886211
BACC:0
CLSFE:0.10889774236387782
MCC:0.30523156869484785
GMEAN:0.5927907643388306
SAMPLES:1506
AUC:{}
AVGP:{}
