

GENERAL_METRICS
ACC:0.8996363636363637
PREC:0.4928286852589641
REC:0.4557848194546794
TNR:0.4557848194546794
FPR:0.5071713147410358
FPDR:0.5071713147410358
F1:0.473583460949464
BACC:0.0
CLSFE:0.10036363636363636
MCC:-0.035613535405641446
GMEAN:0.0
SAMPLES:2750.0
AUC:{'AUC macro OVO': 0.4928286852589641}
AVGP:{'avg_precision': 0.9115862424222851}


METRICS_PER_CLASSES
CLASS:0
ACC:0.8996363636363637
PREC:0.0
REC:0.0
TNR:0.9115696389093588
FPR:1.0
FPDR:1.0
F1:0.0
BACC:0
CLSFE:1.0
MCC:-0.035613535405641446
GMEAN:0
SAMPLES:240
AUC:{}
AVGP:{}
CLASS:1
ACC:0.8996363636363637
PREC:0.9856573705179282
REC:0.9115696389093588
TNR:0.0
FPR:0.014342629482071713
FPDR:0.014342629482071713
F1:0.947166921898928
BACC:0
CLSFE:0.014342629482071713
MCC:-0.035613535405641446
GMEAN:0
SAMPLES:2510
AUC:{}
AVGP:{}
