

GENERAL_METRICS
ACC:0.896
PREC:0.4927207835325365
REC:0.4661901677769554
TNR:0.4661901677769554
FPR:0.5072792164674634
FPDR:0.5072792164674634
F1:0.47603553764816237
BACC:0.0
CLSFE:0.104
MCC:-0.03137572867553288
GMEAN:0.13780625002612193
SAMPLES:2750.0
AUC:{'AUC macro OVO': 0.4927207835325365}
AVGP:{'avg_precision': 0.911569102903372}


METRICS_PER_CLASSES
CLASS:0
ACC:0.896
PREC:0.004166666666666667
REC:0.020833333333333332
TNR:0.9115470022205774
FPR:0.9958333333333333
FPDR:0.9958333333333333
F1:0.006944444444444444
BACC:0
CLSFE:0.9958333333333333
MCC:-0.03137572867553288
GMEAN:0.13780625002612193
SAMPLES:240
AUC:{}
AVGP:{}
CLASS:1
ACC:0.896
PREC:0.9812749003984064
REC:0.9115470022205774
TNR:0.020833333333333332
FPR:0.018725099601593624
FPDR:0.018725099601593624
F1:0.9451266308518803
BACC:0
CLSFE:0.018725099601593624
MCC:-0.03137572867553288
GMEAN:0.13780625002612193
SAMPLES:2510
AUC:{}
AVGP:{}
