

GENERAL_METRICS
ACC:0.8905454545454545
PREC:0.49176706827309236
REC:0.45201181247692873
TNR:0.45201181247692873
FPR:0.5082329317269076
FPDR:0.5082329317269076
F1:0.4710521254087324
BACC:0.0
CLSFE:0.10945454545454546
MCC:-0.039753413517608076
GMEAN:0.0
SAMPLES:2750.0
AUC:{'AUC macro OVO': 0.49176706827309236}
AVGP:{'avg_precision': 0.9040471862954351}


METRICS_PER_CLASSES
CLASS:0
ACC:0.8905454545454545
PREC:0.0
REC:0.0
TNR:0.9040236249538575
FPR:1.0
FPDR:1.0
F1:0.0
BACC:0
CLSFE:1.0
MCC:-0.039753413517608076
GMEAN:0
SAMPLES:260
AUC:{}
AVGP:{}
CLASS:1
ACC:0.8905454545454545
PREC:0.9835341365461847
REC:0.9040236249538575
TNR:0.0
FPR:0.01646586345381526
FPDR:0.01646586345381526
F1:0.9421042508174648
BACC:0
CLSFE:0.01646586345381526
MCC:-0.039753413517608076
GMEAN:0
SAMPLES:2490
AUC:{}
AVGP:{}
