

GENERAL_METRICS
ACC:0.8825454545454545
PREC:0.49230242576504957
REC:0.45934338761411303
TNR:0.45934338761411303
FPR:0.5076975742349504
FPDR:0.5076975742349504
F1:0.4718691936083241
BACC:0.0
CLSFE:0.11745454545454545
MCC:-0.03538119794365203
GMEAN:0.13676724768553664
SAMPLES:2750.0
AUC:{'AUC macro OVO': 0.49230242576504957}
AVGP:{'avg_precision': 0.8978804157779328}


METRICS_PER_CLASSES
CLASS:0
ACC:0.8825454545454545
PREC:0.0036101083032490976
REC:0.020833333333333332
TNR:0.8978534418948927
FPR:0.9963898916967509
FPDR:0.9963898916967509
F1:0.006153846153846154
BACC:0
CLSFE:0.9963898916967509
MCC:-0.03538119794365203
GMEAN:0.13676724768553664
SAMPLES:277
AUC:{}
AVGP:{}
CLASS:1
ACC:0.8825454545454545
PREC:0.98099474322685
REC:0.8978534418948927
TNR:0.020833333333333332
FPR:0.01900525677315002
FPDR:0.01900525677315002
F1:0.937584541062802
BACC:0
CLSFE:0.01900525677315002
MCC:-0.03538119794365203
GMEAN:0.13676724768553664
SAMPLES:2473
AUC:{}
AVGP:{}
