

GENERAL_METRICS
ACC:0.9188571428571428
PREC:0.49984457569163815
REC:0.45955987424978567
TNR:0.45955987424978567
FPR:0.5001554243083618
FPDR:0.5001554243083618
F1:0.478856462179869
BACC:0.0
CLSFE:0.08114285714285714
MCC:-0.005014131460100506
GMEAN:0.0
SAMPLES:3500.0
AUC:{'AUC macro OVO': 0.49984457569163815}
AVGP:{'avg_precision': 0.9191197556828612}


METRICS_PER_CLASSES
CLASS:0
ACC:0.9188571428571428
PREC:0.0
REC:0.0
TNR:0.9191197484995713
FPR:1.0
FPDR:1.0
F1:0.0
BACC:0
CLSFE:1.0
MCC:-0.005014131460100506
GMEAN:0
SAMPLES:283
AUC:{}
AVGP:{}
CLASS:1
ACC:0.9188571428571428
PREC:0.9996891513832763
REC:0.9191197484995713
TNR:0.0
FPR:0.00031084861672365556
FPDR:0.00031084861672365556
F1:0.957712924359738
BACC:0
CLSFE:0.00031084861672365556
MCC:-0.005014131460100506
GMEAN:0
SAMPLES:3217
AUC:{}
AVGP:{}
