

GENERAL_METRICS
ACC:0.9277142857142857
PREC:0.501676245210728
REC:0.630778762749023
TNR:0.630778762749023
FPR:0.49832375478927204
FPDR:0.49832375478927204
F1:0.4851669355659239
BACC:0.0
CLSFE:0.07228571428571429
MCC:0.029611975599272613
GMEAN:0.5562446081131072
SAMPLES:3500.0
AUC:{'AUC macro OVO': 0.501676245210728}
AVGP:{'avg_precision': 0.9282240541153501}


METRICS_PER_CLASSES
CLASS:0
ACC:0.9277142857142857
PREC:0.003968253968253968
REC:0.3333333333333333
TNR:0.9282241921647126
FPR:0.996031746031746
FPDR:0.996031746031746
F1:0.00784313725490196
BACC:0
CLSFE:0.996031746031746
MCC:0.029611975599272613
GMEAN:0.5562446081131072
SAMPLES:252
AUC:{}
AVGP:{}
CLASS:1
ACC:0.9277142857142857
PREC:0.999384236453202
REC:0.9282241921647126
TNR:0.3333333333333333
FPR:0.0006157635467980296
FPDR:0.0006157635467980296
F1:0.9624907338769458
BACC:0
CLSFE:0.0006157635467980296
MCC:0.029611975599272613
GMEAN:0.5562446081131072
SAMPLES:3248
AUC:{}
AVGP:{}
