

GENERAL_METRICS
ACC:0.9242857142857143
PREC:0.49907435976550446
REC:0.46293646250715514
TNR:0.46293646250715514
FPR:0.5009256402344955
FPDR:0.5009256402344955
F1:0.4803266518188567
BACC:0.0
CLSFE:0.07571428571428572
MCC:-0.011714521165819908
GMEAN:0.0
SAMPLES:3500.0
AUC:{'AUC macro OVO': 0.49907435976550446}
AVGP:{'avg_precision': 0.9258731602657494}


METRICS_PER_CLASSES
CLASS:0
ACC:0.9242857142857143
PREC:0.0
REC:0.0
TNR:0.9258729250143103
FPR:1.0
FPDR:1.0
F1:0.0
BACC:0
CLSFE:1.0
MCC:-0.011714521165819908
GMEAN:0
SAMPLES:259
AUC:{}
AVGP:{}
CLASS:1
ACC:0.9242857142857143
PREC:0.9981487195310089
REC:0.9258729250143103
TNR:0.0
FPR:0.0018512804689910522
FPDR:0.0018512804689910522
F1:0.9606533036377134
BACC:0
CLSFE:0.0018512804689910522
MCC:-0.011714521165819908
GMEAN:0
SAMPLES:3241
AUC:{}
AVGP:{}
