

GENERAL_METRICS
ACC:0.9291428571428572
PREC:0.4998462957270212
REC:0.46470420120034295
TNR:0.46470420120034295
FPR:0.5001537042729788
FPDR:0.5001537042729788
F1:0.4816350710900474
BACC:0.0
CLSFE:0.07085714285714285
MCC:-0.004658375293471703
GMEAN:0.0
SAMPLES:3500.0
AUC:{'AUC macro OVO': 0.4998462957270212}
AVGP:{'avg_precision': 0.9294084086008174}


METRICS_PER_CLASSES
CLASS:0
ACC:0.9291428571428572
PREC:0.0
REC:0.0
TNR:0.9294084024006859
FPR:1.0
FPDR:1.0
F1:0.0
BACC:0
CLSFE:1.0
MCC:-0.004658375293471703
GMEAN:0
SAMPLES:247
AUC:{}
AVGP:{}
CLASS:1
ACC:0.9291428571428572
PREC:0.9996925914540424
REC:0.9294084024006859
TNR:0.0
FPR:0.0003074085459575776
FPDR:0.0003074085459575776
F1:0.9632701421800948
BACC:0
CLSFE:0.0003074085459575776
MCC:-0.004658375293471703
GMEAN:0
SAMPLES:3253
AUC:{}
AVGP:{}
