

GENERAL_METRICS
ACC:0.8592
PREC:0.8049347326142584
REC:0.775899712795264
TNR:0.775899712795264
FPR:0.1950652673857416
FPDR:0.1950652673857416
F1:0.788708586883029
BACC:0.0
CLSFE:0.1408
MCC:0.5801082835111891
GMEAN:0.7609082089092992
SAMPLES:1250.0
AUC:{'AUC macro OVO': 0.8049347326142584}
AVGP:{'avg_precision': 0.9145430114253729}


METRICS_PER_CLASSES
CLASS:0
ACC:0.8592
PREC:0.7154471544715447
REC:0.624113475177305
TNR:0.9276859504132231
FPR:0.2845528455284553
FPDR:0.2845528455284553
F1:0.6666666666666666
BACC:0
CLSFE:0.2845528455284553
MCC:0.5801082835111891
GMEAN:0.7609082089092992
SAMPLES:246
AUC:{}
AVGP:{}
CLASS:1
ACC:0.8592
PREC:0.8944223107569721
REC:0.9276859504132231
TNR:0.624113475177305
FPR:0.10557768924302789
FPDR:0.10557768924302789
F1:0.9107505070993914
BACC:0
CLSFE:0.10557768924302789
MCC:0.5801082835111891
GMEAN:0.7609082089092992
SAMPLES:1004
AUC:{}
AVGP:{}
