

GENERAL_METRICS
ACC:0.8608
PREC:0.8158687990656703
REC:0.7752347985623627
TNR:0.7752347985623627
FPR:0.1841312009343296
FPDR:0.1841312009343296
F1:0.7922588483403632
BACC:0.0
CLSFE:0.1392
MCC:0.5897053002406378
GMEAN:0.7585198298125855
SAMPLES:1250.0
AUC:{'AUC macro OVO': 0.8158687990656703}
AVGP:{'avg_precision': 0.9211246204389897}


METRICS_PER_CLASSES
CLASS:0
ACC:0.8608
PREC:0.7427385892116183
REC:0.6151202749140894
TNR:0.935349322210636
FPR:0.2572614107883817
FPDR:0.2572614107883817
F1:0.6729323308270677
BACC:0
CLSFE:0.2572614107883817
MCC:0.5897053002406378
GMEAN:0.7585198298125855
SAMPLES:241
AUC:{}
AVGP:{}
CLASS:1
ACC:0.8608
PREC:0.8889990089197225
REC:0.935349322210636
TNR:0.6151202749140894
FPR:0.1110009910802775
FPDR:0.1110009910802775
F1:0.9115853658536586
BACC:0
CLSFE:0.1110009910802775
MCC:0.5897053002406378
GMEAN:0.7585198298125855
SAMPLES:1009
AUC:{}
AVGP:{}
