

GENERAL_METRICS
ACC:0.86
PREC:0.813971341859788
REC:0.7801070218882532
TNR:0.7801070218882532
FPR:0.1860286581402119
FPDR:0.1860286581402119
F1:0.7946925080363219
BACC:0.0
CLSFE:0.14
MCC:0.5931123924741546
GMEAN:0.765382020733827
SAMPLES:1250.0
AUC:{'AUC macro OVO': 0.8139713418597881}
AVGP:{'avg_precision': 0.9165858712268753}


METRICS_PER_CLASSES
CLASS:0
ACC:0.86
PREC:0.7370517928286853
REC:0.6292517006802721
TNR:0.9309623430962343
FPR:0.26294820717131473
FPDR:0.26294820717131473
F1:0.6788990825688074
BACC:0
CLSFE:0.26294820717131473
MCC:0.5931123924741546
GMEAN:0.765382020733827
SAMPLES:251
AUC:{}
AVGP:{}
CLASS:1
ACC:0.86
PREC:0.8908908908908909
REC:0.9309623430962343
TNR:0.6292517006802721
FPR:0.1091091091091091
FPDR:0.1091091091091091
F1:0.9104859335038363
BACC:0
CLSFE:0.1091091091091091
MCC:0.5931123924741546
GMEAN:0.765382020733827
SAMPLES:999
AUC:{}
AVGP:{}
