

GENERAL_METRICS
ACC:0.8552
PREC:0.8125602019463912
REC:0.7659756007080246
TNR:0.7659756007080246
FPR:0.18743979805360877
FPDR:0.18743979805360877
F1:0.7847851418515612
BACC:0.0
CLSFE:0.1448
MCC:0.5766572204355475
GMEAN:0.7468689168852868
SAMPLES:1250.0
AUC:{'AUC macro OVO': 0.8125602019463912}
AVGP:{'avg_precision': 0.9210044585643837}


METRICS_PER_CLASSES
CLASS:0
ACC:0.8552
PREC:0.7436974789915967
REC:0.5959595959595959
TNR:0.9359916054564533
FPR:0.25630252100840334
FPDR:0.25630252100840334
F1:0.6616822429906543
BACC:0
CLSFE:0.25630252100840334
MCC:0.5766572204355475
GMEAN:0.7468689168852868
SAMPLES:238
AUC:{}
AVGP:{}
CLASS:1
ACC:0.8552
PREC:0.8814229249011858
REC:0.9359916054564533
TNR:0.5959595959595959
FPR:0.11857707509881422
FPDR:0.11857707509881422
F1:0.9078880407124682
BACC:0
CLSFE:0.11857707509881422
MCC:0.5766572204355475
GMEAN:0.7468689168852868
SAMPLES:1012
AUC:{}
AVGP:{}
