

GENERAL_METRICS
ACC:0.773
PREC:0.7157316038809243
REC:0.7082827768373854
TNR:0.7082827768373854
FPR:0.28426839611907573
FPDR:0.28426839611907573
F1:0.7117383447685589
BACC:0.0
CLSFE:0.227
MCC:0.42394894743542777
GMEAN:0.6932595294041953
SAMPLES:1000.0
AUC:{'AUC macro OVO': 0.7157316038809244}
AVGP:{'avg_precision': 0.8344699216978338}


METRICS_PER_CLASSES
CLASS:0
ACC:0.773
PREC:0.5954198473282443
REC:0.5631768953068592
TNR:0.8533886583679114
FPR:0.40458015267175573
FPDR:0.40458015267175573
F1:0.5788497217068646
BACC:0
CLSFE:0.40458015267175573
MCC:0.42394894743542777
GMEAN:0.6932595294041953
SAMPLES:262
AUC:{}
AVGP:{}
CLASS:1
ACC:0.773
PREC:0.8360433604336044
REC:0.8533886583679114
TNR:0.5631768953068592
FPR:0.16395663956639567
FPDR:0.16395663956639567
F1:0.8446269678302533
BACC:0
CLSFE:0.16395663956639567
MCC:0.42394894743542777
GMEAN:0.6932595294041953
SAMPLES:738
AUC:{}
AVGP:{}
