

GENERAL_METRICS
ACC:0.773
PREC:0.7086666666666667
REC:0.6999121153128849
TNR:0.6999121153128849
FPR:0.29133333333333333
FPDR:0.29133333333333333
F1:0.7039301640383404
BACC:0.0
CLSFE:0.227
MCC:0.40848498003535927
GMEAN:0.6821128090186062
SAMPLES:1000.0
AUC:{'AUC macro OVO': 0.7086666666666668}
AVGP:{'avg_precision': 0.8393879035925421}


METRICS_PER_CLASSES
CLASS:0
ACC:0.773
PREC:0.58
REC:0.5430711610486891
TNR:0.8567530695770805
FPR:0.42
FPDR:0.42
F1:0.5609284332688588
BACC:0
CLSFE:0.42
MCC:0.40848498003535927
GMEAN:0.6821128090186062
SAMPLES:250
AUC:{}
AVGP:{}
CLASS:1
ACC:0.773
PREC:0.8373333333333334
REC:0.8567530695770805
TNR:0.5430711610486891
FPR:0.16266666666666665
FPDR:0.16266666666666665
F1:0.8469318948078219
BACC:0
CLSFE:0.16266666666666665
MCC:0.40848498003535927
GMEAN:0.6821128090186062
SAMPLES:750
AUC:{}
AVGP:{}
