

GENERAL_METRICS
ACC:0.767
PREC:0.7092047828875235
REC:0.7010896852738381
TNR:0.7010896852738381
FPR:0.29079521711247647
FPDR:0.29079521711247647
F1:0.704808828876538
BACC:0.0
CLSFE:0.233
MCC:0.41021420720708224
GMEAN:0.6850477806503861
SAMPLES:1000.0
AUC:{'AUC macro OVO': 0.7092047828875234}
AVGP:{'avg_precision': 0.8312026168111889}


METRICS_PER_CLASSES
CLASS:0
ACC:0.767
PREC:0.5877862595419847
REC:0.5519713261648745
TNR:0.8502080443828016
FPR:0.4122137404580153
FPDR:0.4122137404580153
F1:0.5693160813308688
BACC:0
CLSFE:0.4122137404580153
MCC:0.41021420720708224
GMEAN:0.6850477806503861
SAMPLES:262
AUC:{}
AVGP:{}
CLASS:1
ACC:0.767
PREC:0.8306233062330624
REC:0.8502080443828016
TNR:0.5519713261648745
FPR:0.16937669376693767
FPDR:0.16937669376693767
F1:0.840301576422207
BACC:0
CLSFE:0.16937669376693767
MCC:0.41021420720708224
GMEAN:0.6850477806503861
SAMPLES:738
AUC:{}
AVGP:{}
