

GENERAL_METRICS
ACC:0.778
PREC:0.7163398692810458
REC:0.6977862987505021
TNR:0.6977862987505021
FPR:0.28366013071895424
FPDR:0.28366013071895424
F1:0.7055640437993379
BACC:0.0
CLSFE:0.222
MCC:0.41371034319806654
GMEAN:0.6758408587523884
SAMPLES:1000.0
AUC:{'AUC macro OVO': 0.7163398692810458}
AVGP:{'avg_precision': 0.8536046422216857}


METRICS_PER_CLASSES
CLASS:0
ACC:0.778
PREC:0.6
REC:0.5241635687732342
TNR:0.8714090287277702
FPR:0.4
FPDR:0.4
F1:0.5595238095238095
BACC:0
CLSFE:0.4
MCC:0.41371034319806654
GMEAN:0.6758408587523884
SAMPLES:235
AUC:{}
AVGP:{}
CLASS:1
ACC:0.778
PREC:0.8326797385620915
REC:0.8714090287277702
TNR:0.5241635687732342
FPR:0.16732026143790849
FPDR:0.16732026143790849
F1:0.8516042780748663
BACC:0
CLSFE:0.16732026143790849
MCC:0.41371034319806654
GMEAN:0.6758408587523884
SAMPLES:765
AUC:{}
AVGP:{}
