

GENERAL_METRICS
ACC:0.916
PREC:0.5028388060715134
REC:0.5180633340247528
TNR:0.5180633340247528
FPR:0.49716119392848657
FPDR:0.49716119392848657
F1:0.4922860090676088
BACC:0.0
CLSFE:0.084
MCC:0.01432177395454125
GMEAN:0.3205924302389067
SAMPLES:3250.0
AUC:{'AUC macro OVO': 0.5028388060715134}
AVGP:{'avg_precision': 0.9250112955359532}


METRICS_PER_CLASSES
CLASS:0
ACC:0.916
PREC:0.0163265306122449
REC:0.1111111111111111
TNR:0.9250155569383945
FPR:0.9836734693877551
FPDR:0.9836734693877551
F1:0.028469750889679714
BACC:0
CLSFE:0.9836734693877551
MCC:0.01432177395454125
GMEAN:0.3205924302389067
SAMPLES:245
AUC:{}
AVGP:{}
CLASS:1
ACC:0.916
PREC:0.989351081530782
REC:0.9250155569383945
TNR:0.1111111111111111
FPR:0.01064891846921797
FPDR:0.01064891846921797
F1:0.9561022672455378
BACC:0
CLSFE:0.01064891846921797
MCC:0.01432177395454125
GMEAN:0.3205924302389067
SAMPLES:3005
AUC:{}
AVGP:{}
