

GENERAL_METRICS
ACC:0.9178461538461539
PREC:0.5030543516172917
REC:0.5189967503284243
TNR:0.5189967503284243
FPR:0.49694564838270827
FPDR:0.49694564838270827
F1:0.49309967141292443
BACC:0.0
CLSFE:0.08215384615384616
MCC:0.015234533808280321
GMEAN:0.32091577114836317
SAMPLES:3250.0
AUC:{'AUC macro OVO': 0.5030543516172917}
AVGP:{'avg_precision': 0.9268779168673268}


METRICS_PER_CLASSES
CLASS:0
ACC:0.9178461538461539
PREC:0.016736401673640166
REC:0.1111111111111111
TNR:0.9268823895457374
FPR:0.9832635983263598
FPDR:0.9832635983263598
F1:0.02909090909090909
BACC:0
CLSFE:0.9832635983263598
MCC:0.015234533808280321
GMEAN:0.32091577114836317
SAMPLES:239
AUC:{}
AVGP:{}
CLASS:1
ACC:0.9178461538461539
PREC:0.9893723015609432
REC:0.9268823895457374
TNR:0.1111111111111111
FPR:0.010627698439056792
FPDR:0.010627698439056792
F1:0.9571084337349398
BACC:0
CLSFE:0.010627698439056792
MCC:0.015234533808280321
GMEAN:0.32091577114836317
SAMPLES:3011
AUC:{}
AVGP:{}
