

GENERAL_METRICS
ACC:0.9113846153846153
PREC:0.5018004759519038
REC:0.5107476635514019
TNR:0.5107476635514019
FPR:0.4981995240480962
FPDR:0.4981995240480962
F1:0.4903026817920435
BACC:0.0
CLSFE:0.08861538461538461
MCC:0.008797933794579757
GMEAN:0.3035614150551423
SAMPLES:3250.0
AUC:{'AUC macro OVO': 0.5018004759519038}
AVGP:{'avg_precision': 0.9214921460462261}


METRICS_PER_CLASSES
CLASS:0
ACC:0.9113846153846153
PREC:0.015625
REC:0.1
TNR:0.9214953271028037
FPR:0.984375
FPDR:0.984375
F1:0.02702702702702703
BACC:0
CLSFE:0.984375
MCC:0.008797933794579757
GMEAN:0.3035614150551423
SAMPLES:256
AUC:{}
AVGP:{}
CLASS:1
ACC:0.9113846153846153
PREC:0.9879759519038076
REC:0.9214953271028037
TNR:0.1
FPR:0.012024048096192385
FPDR:0.012024048096192385
F1:0.9535783365570599
BACC:0
CLSFE:0.012024048096192385
MCC:0.008797933794579757
GMEAN:0.3035614150551423
SAMPLES:2994
AUC:{}
AVGP:{}
