

GENERAL_METRICS
ACC:0.9138461538461539
PREC:0.49660623305928264
REC:0.4842936706225276
TNR:0.4842936706225276
FPR:0.5033937669407174
FPDR:0.5033937669407174
F1:0.48451973099860424
BACC:0.0
CLSFE:0.08615384615384615
MCC:-0.01460186582615842
GMEAN:0.19652403103462823
SAMPLES:3250.0
AUC:{'AUC macro OVO': 0.49660623305928264}
AVGP:{'avg_precision': 0.9269277552940774}


METRICS_PER_CLASSES
CLASS:0
ACC:0.9138461538461539
PREC:0.00847457627118644
REC:0.041666666666666664
TNR:0.9269206745783886
FPR:0.9915254237288136
FPDR:0.9915254237288136
F1:0.014084507042253521
BACC:0
CLSFE:0.9915254237288136
MCC:-0.01460186582615842
GMEAN:0.19652403103462823
SAMPLES:236
AUC:{}
AVGP:{}
CLASS:1
ACC:0.9138461538461539
PREC:0.9847378898473789
REC:0.9269206745783886
TNR:0.041666666666666664
FPR:0.015262110152621102
FPDR:0.015262110152621102
F1:0.954954954954955
BACC:0
CLSFE:0.015262110152621102
MCC:-0.01460186582615842
GMEAN:0.19652403103462823
SAMPLES:3014
AUC:{}
AVGP:{}
