

GENERAL_METRICS
ACC:0.9232
PREC:0.5383879449602199
REC:0.6511011376683018
TNR:0.6511011376683018
FPR:0.46161205503978003
FPDR:0.46161205503978003
F1:0.5513280689160086
BACC:0.0
CLSFE:0.0768
MCC:0.1523215304050926
GMEAN:0.5869257081350642
SAMPLES:3750.0
AUC:{'AUC macro OVO': 0.53838794496022}
AVGP:{'avg_precision': 0.9329097742622954}


METRICS_PER_CLASSES
CLASS:0
ACC:0.9232
PREC:0.08856088560885608
REC:0.36923076923076925
TNR:0.9329715061058345
FPR:0.9114391143911439
FPDR:0.9114391143911439
F1:0.14285714285714285
BACC:0
CLSFE:0.9114391143911439
MCC:0.1523215304050926
GMEAN:0.5869257081350642
SAMPLES:271
AUC:{}
AVGP:{}
CLASS:1
ACC:0.9232
PREC:0.9882150043115838
REC:0.9329715061058345
TNR:0.36923076923076925
FPR:0.01178499568841621
FPDR:0.01178499568841621
F1:0.9597989949748744
BACC:0
CLSFE:0.01178499568841621
MCC:0.1523215304050926
GMEAN:0.5869257081350642
SAMPLES:3479
AUC:{}
AVGP:{}
