

GENERAL_METRICS
ACC:0.9256
PREC:0.5468627757784384
REC:0.6651091654575455
TNR:0.6651091654575455
FPR:0.45313722422156155
FPDR:0.45313722422156155
F1:0.564112445448959
BACC:0.0
CLSFE:0.0744
MCC:0.1759258230027877
GMEAN:0.6075100386870775
SAMPLES:3750.0
AUC:{'AUC macro OVO': 0.5468627757784384}
AVGP:{'avg_precision': 0.9357750133216436}


METRICS_PER_CLASSES
CLASS:0
ACC:0.9256
PREC:0.10606060606060606
REC:0.39436619718309857
TNR:0.9358521337319924
FPR:0.8939393939393939
FPDR:0.8939393939393939
F1:0.16716417910447762
BACC:0
CLSFE:0.8939393939393939
MCC:0.1759258230027877
GMEAN:0.6075100386870775
SAMPLES:264
AUC:{}
AVGP:{}
CLASS:1
ACC:0.9256
PREC:0.9876649454962708
REC:0.9358521337319924
TNR:0.39436619718309857
FPR:0.012335054503729202
FPDR:0.012335054503729202
F1:0.9610607117934403
BACC:0
CLSFE:0.012335054503729202
MCC:0.1759258230027877
GMEAN:0.6075100386870775
SAMPLES:3486
AUC:{}
AVGP:{}
