

GENERAL_METRICS
ACC:0.9205333333333333
PREC:0.5431495319862237
REC:0.6737936707988701
TNR:0.6737936707988701
FPR:0.4568504680137763
FPDR:0.4568504680137763
F1:0.5582452195610202
BACC:0.0
CLSFE:0.07946666666666667
MCC:0.1731948677893093
GMEAN:0.6233150784125691
SAMPLES:3750.0
AUC:{'AUC macro OVO': 0.5431495319862236}
AVGP:{'avg_precision': 0.9296069548069116}


METRICS_PER_CLASSES
CLASS:0
ACC:0.9205333333333333
PREC:0.0975609756097561
REC:0.417910447761194
TNR:0.9296768938365463
FPR:0.9024390243902439
FPDR:0.9024390243902439
F1:0.15819209039548024
BACC:0
CLSFE:0.9024390243902439
MCC:0.1731948677893093
GMEAN:0.6233150784125691
SAMPLES:287
AUC:{}
AVGP:{}
CLASS:1
ACC:0.9205333333333333
PREC:0.9887380883626913
REC:0.9296768938365463
TNR:0.417910447761194
FPR:0.011261911637308691
FPDR:0.011261911637308691
F1:0.9582983487265603
BACC:0
CLSFE:0.011261911637308691
MCC:0.1731948677893093
GMEAN:0.6233150784125691
SAMPLES:3463
AUC:{}
AVGP:{}
