

GENERAL_METRICS
ACC:0.9322666666666667
PREC:0.5329745793533814
REC:0.6433311145317635
TNR:0.6433311145317635
FPR:0.46702542064661856
FPDR:0.46702542064661856
F1:0.5444545411067004
BACC:0.0
CLSFE:0.06773333333333334
MCC:0.13749593753905953
GMEAN:0.5705791742467651
SAMPLES:3750.0
AUC:{'AUC macro OVO': 0.5329745793533814}
AVGP:{'avg_precision': 0.9404699000834862}


METRICS_PER_CLASSES
CLASS:0
ACC:0.9322666666666667
PREC:0.07563025210084033
REC:0.34615384615384615
TNR:0.9405083829096809
FPR:0.9243697478991597
FPDR:0.9243697478991597
F1:0.12413793103448276
BACC:0
CLSFE:0.9243697478991597
MCC:0.13749593753905953
GMEAN:0.5705791742467651
SAMPLES:238
AUC:{}
AVGP:{}
CLASS:1
ACC:0.9322666666666667
PREC:0.9903189066059226
REC:0.9405083829096809
TNR:0.34615384615384615
FPR:0.00968109339407745
FPDR:0.00968109339407745
F1:0.9647711511789182
BACC:0
CLSFE:0.00968109339407745
MCC:0.13749593753905953
GMEAN:0.5705791742467651
SAMPLES:3512
AUC:{}
AVGP:{}
