

GENERAL_METRICS
ACC:0.73
PREC:0.7281587750900669
REC:0.7285889234438196
TNR:0.7285889234438196
FPR:0.2718412249099331
FPDR:0.2718412249099331
F1:0.7283472647587925
BACC:0.0
CLSFE:0.27
MCC:0.45674749598481196
GMEAN:0.7283952421181732
SAMPLES:500.0
AUC:{'AUC macro OVO': 0.7281587750900669}
AVGP:{'avg_precision': 0.63809411233248}


METRICS_PER_CLASSES
CLASS:0
ACC:0.73
PREC:0.753731343283582
REC:0.7453874538745388
TNR:0.7117903930131004
FPR:0.2462686567164179
FPDR:0.2462686567164179
F1:0.7495361781076066
BACC:0
CLSFE:0.2462686567164179
MCC:0.45674749598481196
GMEAN:0.7283952421181732
SAMPLES:268
AUC:{}
AVGP:{}
CLASS:1
ACC:0.73
PREC:0.7025862068965517
REC:0.7117903930131004
TNR:0.7453874538745388
FPR:0.2974137931034483
FPDR:0.2974137931034483
F1:0.7071583514099783
BACC:0
CLSFE:0.2974137931034483
MCC:0.45674749598481196
GMEAN:0.7283952421181732
SAMPLES:232
AUC:{}
AVGP:{}
