

GENERAL_METRICS
ACC:0.718
PREC:0.7182234241730809
REC:0.7184156576334166
TNR:0.7184156576334166
FPR:0.28177657582691906
FPDR:0.28177657582691906
F1:0.7179717971797179
BACC:0.0
CLSFE:0.282
MCC:0.43663903949042165
GMEAN:0.7182982216261125
SAMPLES:500.0
AUC:{'AUC macro OVO': 0.7182234241730809}
AVGP:{'avg_precision': 0.6636943782053376}


METRICS_PER_CLASSES
CLASS:0
ACC:0.718
PREC:0.7368421052631579
REC:0.7054263565891473
TNR:0.731404958677686
FPR:0.2631578947368421
FPDR:0.2631578947368421
F1:0.7207920792079208
BACC:0
CLSFE:0.2631578947368421
MCC:0.43663903949042165
GMEAN:0.7182982216261125
SAMPLES:247
AUC:{}
AVGP:{}
CLASS:1
ACC:0.718
PREC:0.6996047430830039
REC:0.731404958677686
TNR:0.7054263565891473
FPR:0.30039525691699603
FPDR:0.30039525691699603
F1:0.7151515151515152
BACC:0
CLSFE:0.30039525691699603
MCC:0.43663903949042165
GMEAN:0.7182982216261125
SAMPLES:253
AUC:{}
AVGP:{}
