

GENERAL_METRICS
ACC:0.75
PREC:0.7488510992618213
REC:0.7509689296557069
TNR:0.7509689296557069
FPR:0.25114890073817875
FPDR:0.25114890073817875
F1:0.7490352916611455
BACC:0.0
CLSFE:0.25
MCC:0.4998155420768161
GMEAN:0.7509011015513901
SAMPLES:500.0
AUC:{'AUC macro OVO': 0.7488510992618211}
AVGP:{'avg_precision': 0.6806940529516734}


METRICS_PER_CLASSES
CLASS:0
ACC:0.75
PREC:0.7898832684824902
REC:0.7408759124087592
TNR:0.7610619469026548
FPR:0.21011673151750973
FPDR:0.21011673151750973
F1:0.7645951035781544
BACC:0
CLSFE:0.21011673151750973
MCC:0.4998155420768161
GMEAN:0.7509011015513901
SAMPLES:257
AUC:{}
AVGP:{}
CLASS:1
ACC:0.75
PREC:0.7078189300411523
REC:0.7610619469026548
TNR:0.7408759124087592
FPR:0.29218106995884774
FPDR:0.29218106995884774
F1:0.7334754797441365
BACC:0
CLSFE:0.29218106995884774
MCC:0.4998155420768161
GMEAN:0.7509011015513901
SAMPLES:243
AUC:{}
AVGP:{}
