

GENERAL_METRICS
ACC:0.74
PREC:0.7405464375671817
REC:0.7398998383974144
TNR:0.7398998383974144
FPR:0.25945356243281836
FPDR:0.25945356243281836
F1:0.7397960000640502
BACC:0.0
CLSFE:0.26
MCC:0.48044584085801223
GMEAN:0.7394759963622802
SAMPLES:500.0
AUC:{'AUC macro OVO': 0.7405464375671816}
AVGP:{'avg_precision': 0.7004354596821838}


METRICS_PER_CLASSES
CLASS:0
ACC:0.74
PREC:0.7510548523206751
REC:0.714859437751004
TNR:0.7649402390438247
FPR:0.2489451476793249
FPDR:0.2489451476793249
F1:0.7325102880658436
BACC:0
CLSFE:0.2489451476793249
MCC:0.48044584085801223
GMEAN:0.7394759963622802
SAMPLES:237
AUC:{}
AVGP:{}
CLASS:1
ACC:0.74
PREC:0.7300380228136882
REC:0.7649402390438247
TNR:0.714859437751004
FPR:0.26996197718631176
FPDR:0.26996197718631176
F1:0.7470817120622568
BACC:0
CLSFE:0.26996197718631176
MCC:0.48044584085801223
GMEAN:0.7394759963622802
SAMPLES:263
AUC:{}
AVGP:{}
