

GENERAL_METRICS
ACC:0.826
PREC:0.8226553892021518
REC:0.824257869111397
TNR:0.824257869111397
FPR:0.1773446107978482
FPDR:0.1773446107978482
F1:0.8233710547793356
BACC:0.0
CLSFE:0.174
MCC:0.6469112735452929
GMEAN:0.8241521999061725
SAMPLES:500.0
AUC:{'AUC macro OVO': 0.8226553892021518}
AVGP:{'avg_precision': 0.7350024494540623}


METRICS_PER_CLASSES
CLASS:0
ACC:0.826
PREC:0.8525179856115108
REC:0.8374558303886925
TNR:0.8110599078341014
FPR:0.1474820143884892
FPDR:0.1474820143884892
F1:0.8449197860962567
BACC:0
CLSFE:0.1474820143884892
MCC:0.6469112735452929
GMEAN:0.8241521999061725
SAMPLES:278
AUC:{}
AVGP:{}
CLASS:1
ACC:0.826
PREC:0.7927927927927928
REC:0.8110599078341014
TNR:0.8374558303886925
FPR:0.2072072072072072
FPDR:0.2072072072072072
F1:0.8018223234624146
BACC:0
CLSFE:0.2072072072072072
MCC:0.6469112735452929
GMEAN:0.8241521999061725
SAMPLES:222
AUC:{}
AVGP:{}
