

GENERAL_METRICS
ACC:0.796
PREC:0.7968887678431247
REC:0.7967366415269572
TNR:0.7967366415269572
FPR:0.20311123215687532
FPDR:0.20311123215687532
F1:0.7959967359477751
BACC:0.0
CLSFE:0.204
MCC:0.5936253898776409
GMEAN:0.796302161338023
SAMPLES:500.0
AUC:{'AUC macro OVO': 0.7968887678431247}
AVGP:{'avg_precision': 0.7535561911117467}


METRICS_PER_CLASSES
CLASS:0
ACC:0.796
PREC:0.8215767634854771
REC:0.7704280155642024
TNR:0.823045267489712
FPR:0.17842323651452283
FPDR:0.17842323651452283
F1:0.7951807228915663
BACC:0
CLSFE:0.17842323651452283
MCC:0.5936253898776409
GMEAN:0.796302161338023
SAMPLES:241
AUC:{}
AVGP:{}
CLASS:1
ACC:0.796
PREC:0.7722007722007722
REC:0.823045267489712
TNR:0.7704280155642024
FPR:0.2277992277992278
FPDR:0.2277992277992278
F1:0.796812749003984
BACC:0
CLSFE:0.2277992277992278
MCC:0.5936253898776409
GMEAN:0.796302161338023
SAMPLES:259
AUC:{}
AVGP:{}
