

GENERAL_METRICS
ACC:0.804
PREC:0.8077535847052575
REC:0.8068056023487511
TNR:0.8068056023487511
FPR:0.19224641529474243
FPDR:0.19224641529474243
F1:0.8039717719351587
BACC:0.0
CLSFE:0.196
MCC:0.6145584559030456
GMEAN:0.8049995388772159
SAMPLES:500.0
AUC:{'AUC macro OVO': 0.8077535847052577}
AVGP:{'avg_precision': 0.7827692814455791}


METRICS_PER_CLASSES
CLASS:0
ACC:0.804
PREC:0.8571428571428571
REC:0.752851711026616
TNR:0.8607594936708861
FPR:0.14285714285714285
FPDR:0.14285714285714285
F1:0.8016194331983806
BACC:0
CLSFE:0.14285714285714285
MCC:0.6145584559030456
GMEAN:0.8049995388772159
SAMPLES:231
AUC:{}
AVGP:{}
CLASS:1
ACC:0.804
PREC:0.758364312267658
REC:0.8607594936708861
TNR:0.752851711026616
FPR:0.241635687732342
FPDR:0.241635687732342
F1:0.8063241106719368
BACC:0
CLSFE:0.241635687732342
MCC:0.6145584559030456
GMEAN:0.8049995388772159
SAMPLES:269
AUC:{}
AVGP:{}
