

GENERAL_METRICS
ACC:0.824
PREC:0.824
REC:0.824020737327189
TNR:0.824020737327189
FPR:0.176
FPDR:0.176
F1:0.8239971839549434
BACC:0.0
CLSFE:0.176
MCC:0.6480207369953811
GMEAN:0.8240166601599741
SAMPLES:500.0
AUC:{'AUC macro OVO': 0.8240000000000001}
AVGP:{'avg_precision': 0.766142857142857}


METRICS_PER_CLASSES
CLASS:0
ACC:0.824
PREC:0.82
REC:0.8266129032258065
TNR:0.8214285714285714
FPR:0.18
FPDR:0.18
F1:0.8232931726907631
BACC:0
CLSFE:0.18
MCC:0.6480207369953811
GMEAN:0.8240166601599741
SAMPLES:250
AUC:{}
AVGP:{}
CLASS:1
ACC:0.824
PREC:0.828
REC:0.8214285714285714
TNR:0.8266129032258065
FPR:0.172
FPDR:0.172
F1:0.8247011952191236
BACC:0
CLSFE:0.172
MCC:0.6480207369953811
GMEAN:0.8240166601599741
SAMPLES:250
AUC:{}
AVGP:{}
