

GENERAL_METRICS
ACC:0.8633333333333333
PREC:0.7337512653216673
REC:0.7430120448451675
TNR:0.7430120448451675
FPR:0.26624873467833265
FPDR:0.26624873467833265
F1:0.7382156609181947
BACC:0.0
CLSFE:0.13666666666666666
MCC:0.476673359737939
GMEAN:0.7227784523506462
SAMPLES:1500.0
AUC:{'AUC macro OVO': 0.7337512653216673}
AVGP:{'avg_precision': 0.9096036548001258}


METRICS_PER_CLASSES
CLASS:0
ACC:0.8633333333333333
PREC:0.5443037974683544
REC:0.5707964601769911
TNR:0.9152276295133438
FPR:0.45569620253164556
FPDR:0.45569620253164556
F1:0.5572354211663066
BACC:0
CLSFE:0.45569620253164556
MCC:0.476673359737939
GMEAN:0.7227784523506462
SAMPLES:237
AUC:{}
AVGP:{}
CLASS:1
ACC:0.8633333333333333
PREC:0.9231987331749802
REC:0.9152276295133438
TNR:0.5707964601769911
FPR:0.0768012668250198
FPDR:0.0768012668250198
F1:0.9191959006700827
BACC:0
CLSFE:0.0768012668250198
MCC:0.476673359737939
GMEAN:0.7227784523506462
SAMPLES:1263
AUC:{}
AVGP:{}
