

GENERAL_METRICS
ACC:0.8766666666666667
PREC:0.7567765048280284
REC:0.7924700900021421
TNR:0.7924700900021421
FPR:0.24322349517197153
FPDR:0.24322349517197153
F1:0.772499026459798
BACC:0.0
CLSFE:0.12333333333333334
MCC:0.5480855680548027
GMEAN:0.7833587739172098
SAMPLES:1500.0
AUC:{'AUC macro OVO': 0.7567765048280284}
AVGP:{'avg_precision': 0.9071666850103461}


METRICS_PER_CLASSES
CLASS:0
ACC:0.8766666666666667
PREC:0.5725190839694656
REC:0.672645739910314
TNR:0.9122944400939702
FPR:0.42748091603053434
FPDR:0.42748091603053434
F1:0.6185567010309279
BACC:0
CLSFE:0.42748091603053434
MCC:0.5480855680548027
GMEAN:0.7833587739172098
SAMPLES:262
AUC:{}
AVGP:{}
CLASS:1
ACC:0.8766666666666667
PREC:0.9410339256865913
REC:0.9122944400939702
TNR:0.672645739910314
FPR:0.05896607431340872
FPDR:0.05896607431340872
F1:0.9264413518886679
BACC:0
CLSFE:0.05896607431340872
MCC:0.5480855680548027
GMEAN:0.7833587739172098
SAMPLES:1238
AUC:{}
AVGP:{}
