

GENERAL_METRICS
ACC:0.8566666666666667
PREC:0.7293257039246344
REC:0.7348498864687578
TNR:0.7348498864687578
FPR:0.2706742960753656
FPDR:0.2706742960753656
F1:0.7320251173480707
BACC:0.0
CLSFE:0.14333333333333334
MCC:0.4641427174094984
GMEAN:0.7131146496701156
SAMPLES:1500.0
AUC:{'AUC macro OVO': 0.7293257039246345}
AVGP:{'avg_precision': 0.9061695185071144}


METRICS_PER_CLASSES
CLASS:0
ACC:0.8566666666666667
PREC:0.5413223140495868
REC:0.5574468085106383
TNR:0.9122529644268774
FPR:0.45867768595041325
FPDR:0.45867768595041325
F1:0.549266247379455
BACC:0
CLSFE:0.45867768595041325
MCC:0.4641427174094984
GMEAN:0.7131146496701156
SAMPLES:242
AUC:{}
AVGP:{}
CLASS:1
ACC:0.8566666666666667
PREC:0.9173290937996821
REC:0.9122529644268774
TNR:0.5574468085106383
FPR:0.08267090620031796
FPDR:0.08267090620031796
F1:0.9147839873166865
BACC:0
CLSFE:0.08267090620031796
MCC:0.4641427174094984
GMEAN:0.7131146496701156
SAMPLES:1258
AUC:{}
AVGP:{}
