

GENERAL_METRICS
ACC:0.8506666666666667
PREC:0.7190726670563024
REC:0.7399758139093733
TNR:0.7399758139093733
FPR:0.28092733294369765
FPDR:0.28092733294369765
F1:0.7285866147965531
BACC:0.0
CLSFE:0.14933333333333335
MCC:0.45857231308544266
GMEAN:0.7223429500526822
SAMPLES:1500.0
AUC:{'AUC macro OVO': 0.7190726670563024}
AVGP:{'avg_precision': 0.8946556793707277}


METRICS_PER_CLASSES
CLASS:0
ACC:0.8506666666666667
PREC:0.5172413793103449
REC:0.5793991416309013
TNR:0.9005524861878453
FPR:0.4827586206896552
FPDR:0.4827586206896552
F1:0.5465587044534413
BACC:0
CLSFE:0.4827586206896552
MCC:0.45857231308544266
GMEAN:0.7223429500526822
SAMPLES:261
AUC:{}
AVGP:{}
CLASS:1
ACC:0.8506666666666667
PREC:0.9209039548022598
REC:0.9005524861878453
TNR:0.5793991416309013
FPR:0.07909604519774012
FPDR:0.07909604519774012
F1:0.9106145251396648
BACC:0
CLSFE:0.07909604519774012
MCC:0.45857231308544266
GMEAN:0.7223429500526822
SAMPLES:1239
AUC:{}
AVGP:{}
