

GENERAL_METRICS
ACC:0.738
PREC:0.7433576336922061
REC:0.7445975672877847
TNR:0.7445975672877847
FPR:0.2566423663077938
FPDR:0.2566423663077938
F1:0.7379486379330349
BACC:0.0
CLSFE:0.262
MCC:0.4879536255917173
GMEAN:0.7418902470826504
SAMPLES:500.0
AUC:{'AUC macro OVO': 0.7433576336922061}
AVGP:{'avg_precision': 0.7196968932554435}


METRICS_PER_CLASSES
CLASS:0
ACC:0.738
PREC:0.8138528138528138
REC:0.6811594202898551
TNR:0.8080357142857143
FPR:0.18614718614718614
FPDR:0.18614718614718614
F1:0.7416173570019724
BACC:0
CLSFE:0.18614718614718614
MCC:0.4879536255917173
GMEAN:0.7418902470826504
SAMPLES:231
AUC:{}
AVGP:{}
CLASS:1
ACC:0.738
PREC:0.6728624535315985
REC:0.8080357142857143
TNR:0.6811594202898551
FPR:0.3271375464684015
FPDR:0.3271375464684015
F1:0.7342799188640974
BACC:0
CLSFE:0.3271375464684015
MCC:0.4879536255917173
GMEAN:0.7418902470826504
SAMPLES:269
AUC:{}
AVGP:{}
