

GENERAL_METRICS
ACC:0.722
PREC:0.7231532065556961
REC:0.7233786644428764
TNR:0.7233786644428764
FPR:0.2768467934443038
FPDR:0.2768467934443038
F1:0.721989991639699
BACC:0.0
CLSFE:0.278
MCC:0.44653181408072923
GMEAN:0.7228082240699232
SAMPLES:500.0
AUC:{'AUC macro OVO': 0.7231532065556961}
AVGP:{'avg_precision': 0.6797917004639693}


METRICS_PER_CLASSES
CLASS:0
ACC:0.722
PREC:0.7551867219917012
REC:0.6946564885496184
TNR:0.7521008403361344
FPR:0.24481327800829875
FPDR:0.24481327800829875
F1:0.7236580516898609
BACC:0
CLSFE:0.24481327800829875
MCC:0.44653181408072923
GMEAN:0.7228082240699232
SAMPLES:241
AUC:{}
AVGP:{}
CLASS:1
ACC:0.722
PREC:0.6911196911196911
REC:0.7521008403361344
TNR:0.6946564885496184
FPR:0.3088803088803089
FPDR:0.3088803088803089
F1:0.7203219315895373
BACC:0
CLSFE:0.3088803088803089
MCC:0.44653181408072923
GMEAN:0.7228082240699232
SAMPLES:259
AUC:{}
AVGP:{}
