

GENERAL_METRICS
ACC:0.762
PREC:0.762
REC:0.7625082159059939
TNR:0.7625082159059939
FPR:0.238
FPDR:0.238
F1:0.7618847522200745
BACC:0.0
CLSFE:0.238
MCC:0.5245079696911018
GMEAN:0.7624207293046041
SAMPLES:500.0
AUC:{'AUC macro OVO': 0.762}
AVGP:{'avg_precision': 0.7028033472803347}


METRICS_PER_CLASSES
CLASS:0
ACC:0.762
PREC:0.784
REC:0.7509578544061303
TNR:0.7740585774058577
FPR:0.216
FPDR:0.216
F1:0.7671232876712328
BACC:0
CLSFE:0.216
MCC:0.5245079696911018
GMEAN:0.7624207293046041
SAMPLES:250
AUC:{}
AVGP:{}
CLASS:1
ACC:0.762
PREC:0.74
REC:0.7740585774058577
TNR:0.7509578544061303
FPR:0.26
FPDR:0.26
F1:0.7566462167689162
BACC:0
CLSFE:0.26
MCC:0.5245079696911018
GMEAN:0.7624207293046041
SAMPLES:250
AUC:{}
AVGP:{}
