

GENERAL_METRICS
ACC:0.766
PREC:0.7628005703545272
REC:0.7630435135178968
TNR:0.7630435135178968
FPR:0.2371994296454728
FPDR:0.2371994296454728
F1:0.7629188939457185
BACC:0.0
CLSFE:0.234
MCC:0.5258440277518118
GMEAN:0.7626177409275696
SAMPLES:500.0
AUC:{'AUC macro OVO': 0.7628005703545271}
AVGP:{'avg_precision': 0.6595392768333945}


METRICS_PER_CLASSES
CLASS:0
ACC:0.766
PREC:0.7913669064748201
REC:0.7885304659498208
TNR:0.7375565610859729
FPR:0.20863309352517986
FPDR:0.20863309352517986
F1:0.7899461400359067
BACC:0
CLSFE:0.20863309352517986
MCC:0.5258440277518118
GMEAN:0.7626177409275696
SAMPLES:278
AUC:{}
AVGP:{}
CLASS:1
ACC:0.766
PREC:0.7342342342342343
REC:0.7375565610859729
TNR:0.7885304659498208
FPR:0.26576576576576577
FPDR:0.26576576576576577
F1:0.7358916478555305
BACC:0
CLSFE:0.26576576576576577
MCC:0.5258440277518118
GMEAN:0.7626177409275696
SAMPLES:222
AUC:{}
AVGP:{}
