

GENERAL_METRICS
ACC:0.889
PREC:0.5815891856841802
REC:0.5618989542872175
TNR:0.5618989542872175
FPR:0.4184108143158198
FPDR:0.4184108143158198
F1:0.5694633127470858
BACC:0.0
CLSFE:0.111
MCC:0.14213071835456775
GMEAN:0.40552902925677525
SAMPLES:4000.0
AUC:{'AUC macro OVO': 0.5815891856841802}
AVGP:{'avg_precision': 0.9501542534523295}


METRICS_PER_CLASSES
CLASS:0
ACC:0.889
PREC:0.2330508474576271
REC:0.17295597484276728
TNR:0.9508419337316676
FPR:0.7669491525423728
FPDR:0.7669491525423728
F1:0.19855595667870035
BACC:0
CLSFE:0.7669491525423728
MCC:0.14213071835456775
GMEAN:0.40552902925677525
SAMPLES:236
AUC:{}
AVGP:{}
CLASS:1
ACC:0.889
PREC:0.9301275239107333
REC:0.9508419337316676
TNR:0.17295597484276728
FPR:0.06987247608926674
FPDR:0.06987247608926674
F1:0.9403706688154714
BACC:0
CLSFE:0.06987247608926674
MCC:0.14213071835456775
GMEAN:0.40552902925677525
SAMPLES:3764
AUC:{}
AVGP:{}
