

GENERAL_METRICS
ACC:0.8805
PREC:0.5864939786959309
REC:0.568728370288699
TNR:0.568728370288699
FPR:0.41350602130406905
FPDR:0.41350602130406905
F1:0.5758557199582954
BACC:0.0
CLSFE:0.1195
MCC:0.15420233714904313
GMEAN:0.42643151615329533
SAMPLES:4000.0
AUC:{'AUC macro OVO': 0.586493978695931}
AVGP:{'avg_precision': 0.9441622903786748}


METRICS_PER_CLASSES
CLASS:0
ACC:0.8805
PREC:0.24719101123595505
REC:0.1924198250728863
TNR:0.9450369155045119
FPR:0.7528089887640449
FPDR:0.7528089887640449
F1:0.21639344262295082
BACC:0
CLSFE:0.7528089887640449
MCC:0.15420233714904313
GMEAN:0.42643151615329533
SAMPLES:267
AUC:{}
AVGP:{}
CLASS:1
ACC:0.8805
PREC:0.9257969461559068
REC:0.9450369155045119
TNR:0.1924198250728863
FPR:0.07420305384409322
FPDR:0.07420305384409322
F1:0.9353179972936401
BACC:0
CLSFE:0.07420305384409322
MCC:0.15420233714904313
GMEAN:0.42643151615329533
SAMPLES:3733
AUC:{}
AVGP:{}
