

GENERAL_METRICS
ACC:0.846
PREC:0.8469139556096078
REC:0.8542088752369126
TNR:0.8542088752369126
FPR:0.15308604439039222
FPDR:0.15308604439039222
F1:0.8453262411062589
BACC:0.0
CLSFE:0.154
MCC:0.7010848793704437
GMEAN:0.8523045873399249
SAMPLES:500.0
AUC:{'AUC macro OVO': 0.8469139556096079}
AVGP:{'avg_precision': 0.8183198256436778}


METRICS_PER_CLASSES
CLASS:0
ACC:0.846
PREC:0.9230769230769231
REC:0.7972027972027972
TNR:0.9112149532710281
FPR:0.07692307692307693
FPDR:0.07692307692307693
F1:0.8555347091932458
BACC:0
CLSFE:0.07692307692307693
MCC:0.7010848793704437
GMEAN:0.8523045873399249
SAMPLES:247
AUC:{}
AVGP:{}
CLASS:1
ACC:0.846
PREC:0.7707509881422925
REC:0.9112149532710281
TNR:0.7972027972027972
FPR:0.22924901185770752
FPDR:0.22924901185770752
F1:0.8351177730192719
BACC:0
CLSFE:0.22924901185770752
MCC:0.7010848793704437
GMEAN:0.8523045873399249
SAMPLES:253
AUC:{}
AVGP:{}
