

GENERAL_METRICS
ACC:0.858
PREC:0.8648735810113519
REC:0.8651385325394136
TNR:0.8651385325394136
FPR:0.13512641898864808
FPDR:0.13512641898864808
F1:0.857999431997728
BACC:0.0
CLSFE:0.142
MCC:0.7300120654698411
GMEAN:0.8616519288023465
SAMPLES:500.0
AUC:{'AUC macro OVO': 0.8648735810113518}
AVGP:{'avg_precision': 0.8577076962943767}


METRICS_PER_CLASSES
CLASS:0
ACC:0.858
PREC:0.9429824561403509
REC:0.7875457875457875
TNR:0.9427312775330396
FPR:0.05701754385964912
FPDR:0.05701754385964912
F1:0.8582834331337326
BACC:0
CLSFE:0.05701754385964912
MCC:0.7300120654698411
GMEAN:0.8616519288023465
SAMPLES:228
AUC:{}
AVGP:{}
CLASS:1
ACC:0.858
PREC:0.7867647058823529
REC:0.9427312775330396
TNR:0.7875457875457875
FPR:0.21323529411764705
FPDR:0.21323529411764705
F1:0.8577154308617234
BACC:0
CLSFE:0.21323529411764705
MCC:0.7300120654698411
GMEAN:0.8616519288023465
SAMPLES:272
AUC:{}
AVGP:{}
