

GENERAL_METRICS
ACC:0.84
PREC:0.8368681767902659
REC:0.8464658455755059
TNR:0.8464658455755059
FPR:0.16313182320973404
FPDR:0.16313182320973404
F1:0.8381117352803096
BACC:0.0
CLSFE:0.16
MCC:0.683266617709715
GMEAN:0.8456306876118177
SAMPLES:500.0
AUC:{'AUC macro OVO': 0.8368681767902659}
AVGP:{'avg_precision': 0.7889146807349464}


METRICS_PER_CLASSES
CLASS:0
ACC:0.84
PREC:0.9080459770114943
REC:0.8088737201365188
TNR:0.8840579710144928
FPR:0.09195402298850575
FPDR:0.09195402298850575
F1:0.855595667870036
BACC:0
CLSFE:0.09195402298850575
MCC:0.683266617709715
GMEAN:0.8456306876118177
SAMPLES:261
AUC:{}
AVGP:{}
CLASS:1
ACC:0.84
PREC:0.7656903765690377
REC:0.8840579710144928
TNR:0.8088737201365188
FPR:0.23430962343096234
FPDR:0.23430962343096234
F1:0.820627802690583
BACC:0
CLSFE:0.23430962343096234
MCC:0.683266617709715
GMEAN:0.8456306876118177
SAMPLES:239
AUC:{}
AVGP:{}
