

GENERAL_METRICS
ACC:0.85
PREC:0.8496543778801844
REC:0.8526165464491455
TNR:0.8526165464491455
FPR:0.15034562211981567
FPDR:0.15034562211981567
F1:0.849624060150376
BACC:0.0
CLSFE:0.15
MCC:0.7022646771095215
GMEAN:0.8521420659698943
SAMPLES:500.0
AUC:{'AUC macro OVO': 0.8496543778801844}
AVGP:{'avg_precision': 0.8065300554213444}


METRICS_PER_CLASSES
CLASS:0
ACC:0.85
PREC:0.8928571428571429
REC:0.8241758241758241
TNR:0.8810572687224669
FPR:0.10714285714285714
FPDR:0.10714285714285714
F1:0.8571428571428571
BACC:0
CLSFE:0.10714285714285714
MCC:0.7022646771095215
GMEAN:0.8521420659698943
SAMPLES:252
AUC:{}
AVGP:{}
CLASS:1
ACC:0.85
PREC:0.8064516129032258
REC:0.8810572687224669
TNR:0.8241758241758241
FPR:0.1935483870967742
FPDR:0.1935483870967742
F1:0.8421052631578947
BACC:0
CLSFE:0.1935483870967742
MCC:0.7022646771095215
GMEAN:0.8521420659698943
SAMPLES:248
AUC:{}
AVGP:{}
