

GENERAL_METRICS
ACC:0.7653333333333333
PREC:0.718922114948487
REC:0.7330568393460716
TNR:0.7330568393460716
FPR:0.281077885051513
FPDR:0.281077885051513
F1:0.7247453894852739
BACC:0.0
CLSFE:0.23466666666666666
MCC:0.4517578828215475
GMEAN:0.7289917121116782
SAMPLES:750.0
AUC:{'AUC macro OVO': 0.718922114948487}
AVGP:{'avg_precision': 0.7900687984784094}


METRICS_PER_CLASSES
CLASS:0
ACC:0.7653333333333333
PREC:0.5860655737704918
REC:0.6559633027522935
TNR:0.8101503759398496
FPR:0.4139344262295082
FPDR:0.4139344262295082
F1:0.6190476190476191
BACC:0
CLSFE:0.4139344262295082
MCC:0.4517578828215475
GMEAN:0.7289917121116782
SAMPLES:244
AUC:{}
AVGP:{}
CLASS:1
ACC:0.7653333333333333
PREC:0.8517786561264822
REC:0.8101503759398496
TNR:0.6559633027522935
FPR:0.1482213438735178
FPDR:0.1482213438735178
F1:0.8304431599229287
BACC:0
CLSFE:0.1482213438735178
MCC:0.4517578828215475
GMEAN:0.7289917121116782
SAMPLES:506
AUC:{}
AVGP:{}
