

GENERAL_METRICS
ACC:0.7573333333333333
PREC:0.7180734576398449
REC:0.7342710223835451
TNR:0.7342710223835451
FPR:0.2819265423601552
FPDR:0.2819265423601552
F1:0.7241867043847241
BACC:0.0
CLSFE:0.24266666666666667
MCC:0.4520543855599729
GMEAN:0.7319102950333474
SAMPLES:750.0
AUC:{'AUC macro OVO': 0.7180734576398449}
AVGP:{'avg_precision': 0.771504428113812}


METRICS_PER_CLASSES
CLASS:0
ACC:0.7573333333333333
PREC:0.5877862595419847
REC:0.6754385964912281
TNR:0.7931034482758621
FPR:0.4122137404580153
FPDR:0.4122137404580153
F1:0.6285714285714286
BACC:0
CLSFE:0.4122137404580153
MCC:0.4520543855599729
GMEAN:0.7319102950333474
SAMPLES:262
AUC:{}
AVGP:{}
CLASS:1
ACC:0.7573333333333333
PREC:0.8483606557377049
REC:0.7931034482758621
TNR:0.6754385964912281
FPR:0.15163934426229508
FPDR:0.15163934426229508
F1:0.8198019801980198
BACC:0
CLSFE:0.15163934426229508
MCC:0.4520543855599729
GMEAN:0.7319102950333474
SAMPLES:488
AUC:{}
AVGP:{}
