

GENERAL_METRICS
ACC:0.7746666666666666
PREC:0.7266210318597548
REC:0.7412906263077137
TNR:0.7412906263077137
FPR:0.27337896814024515
FPDR:0.27337896814024515
F1:0.732759002384612
BACC:0.0
CLSFE:0.22533333333333333
MCC:0.4676816469007122
GMEAN:0.7372030965991492
SAMPLES:750.0
AUC:{'AUC macro OVO': 0.7266210318597549}
AVGP:{'avg_precision': 0.7996283844963051}


METRICS_PER_CLASSES
CLASS:0
ACC:0.7746666666666666
PREC:0.5941422594142259
REC:0.6635514018691588
TNR:0.8190298507462687
FPR:0.40585774058577406
FPDR:0.40585774058577406
F1:0.6269315673289183
BACC:0
CLSFE:0.40585774058577406
MCC:0.4676816469007122
GMEAN:0.7372030965991492
SAMPLES:239
AUC:{}
AVGP:{}
CLASS:1
ACC:0.7746666666666666
PREC:0.8590998043052838
REC:0.8190298507462687
TNR:0.6635514018691588
FPR:0.14090019569471623
FPDR:0.14090019569471623
F1:0.8385864374403056
BACC:0
CLSFE:0.14090019569471623
MCC:0.4676816469007122
GMEAN:0.7372030965991492
SAMPLES:511
AUC:{}
AVGP:{}
