

GENERAL_METRICS
ACC:0.7853333333333333
PREC:0.7425476488821473
REC:0.7516658255566295
TNR:0.7516658255566295
FPR:0.2574523511178527
FPDR:0.2574523511178527
F1:0.7466699954474028
BACC:0.0
CLSFE:0.21466666666666667
MCC:0.494129352670918
GMEAN:0.7471816190948473
SAMPLES:750.0
AUC:{'AUC macro OVO': 0.7425476488821474}
AVGP:{'avg_precision': 0.8125841920859905}


METRICS_PER_CLASSES
CLASS:0
ACC:0.7853333333333333
PREC:0.6271186440677966
REC:0.669683257918552
TNR:0.833648393194707
FPR:0.3728813559322034
FPDR:0.3728813559322034
F1:0.6477024070021882
BACC:0
CLSFE:0.3728813559322034
MCC:0.494129352670918
GMEAN:0.7471816190948473
SAMPLES:236
AUC:{}
AVGP:{}
CLASS:1
ACC:0.7853333333333333
PREC:0.857976653696498
REC:0.833648393194707
TNR:0.669683257918552
FPR:0.14202334630350194
FPDR:0.14202334630350194
F1:0.8456375838926175
BACC:0
CLSFE:0.14202334630350194
MCC:0.494129352670918
GMEAN:0.7471816190948473
SAMPLES:514
AUC:{}
AVGP:{}
