

GENERAL_METRICS
ACC:0.8928571428571429
PREC:0.5290286876439754
REC:0.5386806916148278
TNR:0.5386806916148278
FPR:0.4709713123560246
FPDR:0.4709713123560246
F1:0.532364142430659
BACC:0.0
CLSFE:0.10714285714285714
MCC:0.06701789954153362
GMEAN:0.36623053252156895
SAMPLES:3500.0
AUC:{'AUC macro OVO': 0.5290286876439754}
AVGP:{'avg_precision': 0.9335244068592322}


METRICS_PER_CLASSES
CLASS:0
ACC:0.8928571428571429
PREC:0.10569105691056911
REC:0.143646408839779
TNR:0.9337149743898765
FPR:0.8943089430894309
FPDR:0.8943089430894309
F1:0.12177985948477751
BACC:0
CLSFE:0.8943089430894309
MCC:0.06701789954153362
GMEAN:0.36623053252156895
SAMPLES:246
AUC:{}
AVGP:{}
CLASS:1
ACC:0.8928571428571429
PREC:0.9523663183773817
REC:0.9337149743898765
TNR:0.143646408839779
FPR:0.047633681622618315
FPDR:0.047633681622618315
F1:0.9429484253765404
BACC:0
CLSFE:0.047633681622618315
MCC:0.06701789954153362
GMEAN:0.36623053252156895
SAMPLES:3254
AUC:{}
AVGP:{}
