

GENERAL_METRICS
ACC:0.896
PREC:0.5230227148330596
REC:0.5361228683597105
TNR:0.5361228683597105
FPR:0.4769772851669403
FPDR:0.4769772851669403
F1:0.5263123453264801
BACC:0.0
CLSFE:0.104
MCC:0.057676563600747494
GMEAN:0.362389170548975
SAMPLES:3500.0
AUC:{'AUC macro OVO': 0.5230227148330597}
AVGP:{'avg_precision': 0.9310872469182361}


METRICS_PER_CLASSES
CLASS:0
ACC:0.896
PREC:0.0873015873015873
REC:0.14102564102564102
TNR:0.93122009569378
FPR:0.9126984126984127
FPDR:0.9126984126984127
F1:0.10784313725490197
BACC:0
CLSFE:0.9126984126984127
MCC:0.057676563600747494
GMEAN:0.362389170548975
SAMPLES:252
AUC:{}
AVGP:{}
CLASS:1
ACC:0.896
PREC:0.958743842364532
REC:0.93122009569378
TNR:0.14102564102564102
FPR:0.04125615763546798
FPDR:0.04125615763546798
F1:0.9447815533980582
BACC:0
CLSFE:0.04125615763546798
MCC:0.057676563600747494
GMEAN:0.362389170548975
SAMPLES:3248
AUC:{}
AVGP:{}
