

GENERAL_METRICS
ACC:0.8942857142857142
PREC:0.524037707273264
REC:0.534958885110068
TNR:0.534958885110068
FPR:0.4759622927267359
FPDR:0.4759622927267359
F1:0.5271900411253388
BACC:0.0
CLSFE:0.10571428571428572
MCC:0.05797694186055288
GMEAN:0.35830977168012557
SAMPLES:3500.0
AUC:{'AUC macro OVO': 0.524037707273264}
AVGP:{'avg_precision': 0.93204545093961}


METRICS_PER_CLASSES
CLASS:0
ACC:0.8942857142857142
PREC:0.09236947791164658
REC:0.1377245508982036
TNR:0.9321932193219322
FPR:0.9076305220883534
FPDR:0.9076305220883534
F1:0.11057692307692307
BACC:0
CLSFE:0.9076305220883534
MCC:0.05797694186055288
GMEAN:0.35830977168012557
SAMPLES:249
AUC:{}
AVGP:{}
CLASS:1
ACC:0.8942857142857142
PREC:0.9557059366348816
REC:0.9321932193219322
TNR:0.1377245508982036
FPR:0.04429406336511842
FPDR:0.04429406336511842
F1:0.9438031591737546
BACC:0
CLSFE:0.04429406336511842
MCC:0.05797694186055288
GMEAN:0.35830977168012557
SAMPLES:3251
AUC:{}
AVGP:{}
