

GENERAL_METRICS
ACC:0.908
PREC:0.5245535714285714
REC:0.5393832622228439
TNR:0.5393832622228439
FPR:0.47544642857142855
FPDR:0.47544642857142855
F1:0.5285307898259706
BACC:0.0
CLSFE:0.092
MCC:0.0621932389276763
GMEAN:0.362204770242589
SAMPLES:3500.0
AUC:{'AUC macro OVO': 0.5245535714285714}
AVGP:{'avg_precision': 0.9389513334465773}


METRICS_PER_CLASSES
CLASS:0
ACC:0.908
PREC:0.08482142857142858
REC:0.13970588235294118
TNR:0.9390606420927468
FPR:0.9151785714285714
FPDR:0.9151785714285714
F1:0.10555555555555556
BACC:0
CLSFE:0.9151785714285714
MCC:0.0621932389276763
GMEAN:0.362204770242589
SAMPLES:224
AUC:{}
AVGP:{}
CLASS:1
ACC:0.908
PREC:0.9642857142857143
REC:0.9390606420927468
TNR:0.13970588235294118
FPR:0.03571428571428571
FPDR:0.03571428571428571
F1:0.9515060240963855
BACC:0
CLSFE:0.03571428571428571
MCC:0.0621932389276763
GMEAN:0.362204770242589
SAMPLES:3276
AUC:{}
AVGP:{}
