

GENERAL_METRICS
ACC:0.8485714285714285
PREC:0.5649845016042199
REC:0.6679718875502008
TNR:0.6679718875502008
FPR:0.4350154983957801
FPDR:0.4350154983957801
F1:0.5782936967297415
BACC:0.0
CLSFE:0.15142857142857144
MCC:0.20895520473029497
GMEAN:0.6369165177654051
SAMPLES:1750.0
AUC:{'AUC macro OVO': 0.5649845016042199}
AVGP:{'avg_precision': 0.8687209037356671}


METRICS_PER_CLASSES
CLASS:0
ACC:0.8485714285714285
PREC:0.16216216216216217
REC:0.4666666666666667
TNR:0.869277108433735
FPR:0.8378378378378378
FPDR:0.8378378378378378
F1:0.24068767908309455
BACC:0
CLSFE:0.8378378378378378
MCC:0.20895520473029497
GMEAN:0.6369165177654051
SAMPLES:259
AUC:{}
AVGP:{}
CLASS:1
ACC:0.8485714285714285
PREC:0.9678068410462777
REC:0.869277108433735
TNR:0.4666666666666667
FPR:0.03219315895372234
FPDR:0.03219315895372234
F1:0.9158997143763884
BACC:0
CLSFE:0.03219315895372234
MCC:0.20895520473029497
GMEAN:0.6369165177654051
SAMPLES:1491
AUC:{}
AVGP:{}
