

GENERAL_METRICS
ACC:0.8485714285714285
PREC:0.5762416569151501
REC:0.6678717348390948
TNR:0.6678717348390948
FPR:0.42375834308484994
FPDR:0.42375834308484994
F1:0.5927484190735125
BACC:0.0
CLSFE:0.15142857142857144
MCC:0.22626373296092597
GMEAN:0.6354354220859547
SAMPLES:1750.0
AUC:{'AUC macro OVO': 0.5762416569151501}
AVGP:{'avg_precision': 0.8727029099533195}


METRICS_PER_CLASSES
CLASS:0
ACC:0.8485714285714285
PREC:0.19066147859922178
REC:0.46226415094339623
TNR:0.8734793187347932
FPR:0.8093385214007782
FPDR:0.8093385214007782
F1:0.2699724517906336
BACC:0
CLSFE:0.8093385214007782
MCC:0.22626373296092597
GMEAN:0.6354354220859547
SAMPLES:257
AUC:{}
AVGP:{}
CLASS:1
ACC:0.8485714285714285
PREC:0.9618218352310783
REC:0.8734793187347932
TNR:0.46226415094339623
FPR:0.038178164768921635
FPDR:0.038178164768921635
F1:0.9155243863563914
BACC:0
CLSFE:0.038178164768921635
MCC:0.22626373296092597
GMEAN:0.6354354220859547
SAMPLES:1493
AUC:{}
AVGP:{}
