

GENERAL_METRICS
ACC:0.8377142857142857
PREC:0.5472750376506024
REC:0.611682808716707
TNR:0.611682808716707
FPR:0.4527249623493976
FPDR:0.4527249623493976
F1:0.5537333749968573
BACC:0.0
CLSFE:0.16228571428571428
MCC:0.1453245882431098
GMEAN:0.5562061412213477
SAMPLES:1750.0
AUC:{'AUC macro OVO': 0.5472750376506024}
AVGP:{'avg_precision': 0.8656952944951719}


METRICS_PER_CLASSES
CLASS:0
ACC:0.8377142857142857
PREC:0.13671875
REC:0.35714285714285715
TNR:0.8662227602905569
FPR:0.86328125
FPDR:0.86328125
F1:0.1977401129943503
BACC:0
CLSFE:0.86328125
MCC:0.1453245882431098
GMEAN:0.5562061412213477
SAMPLES:256
AUC:{}
AVGP:{}
CLASS:1
ACC:0.8377142857142857
PREC:0.9578313253012049
REC:0.8662227602905569
TNR:0.35714285714285715
FPR:0.04216867469879518
FPDR:0.04216867469879518
F1:0.9097266369993643
BACC:0
CLSFE:0.04216867469879518
MCC:0.1453245882431098
GMEAN:0.5562061412213477
SAMPLES:1494
AUC:{}
AVGP:{}
