

GENERAL_METRICS
ACC:0.852
PREC:0.5891467183354819
REC:0.6920454545454545
TNR:0.6920454545454545
FPR:0.41085328166451807
FPDR:0.41085328166451807
F1:0.609556371617914
BACC:0.0
CLSFE:0.148
MCC:0.2616885327558182
GMEAN:0.6674238124719146
SAMPLES:1750.0
AUC:{'AUC macro OVO': 0.5891467183354819}
AVGP:{'avg_precision': 0.8741244363427035}


METRICS_PER_CLASSES
CLASS:0
ACC:0.852
PREC:0.21455938697318008
REC:0.509090909090909
TNR:0.875
FPR:0.7854406130268199
FPDR:0.7854406130268199
F1:0.3018867924528302
BACC:0
CLSFE:0.7854406130268199
MCC:0.2616885327558182
GMEAN:0.6674238124719146
SAMPLES:261
AUC:{}
AVGP:{}
CLASS:1
ACC:0.852
PREC:0.9637340496977838
REC:0.875
TNR:0.509090909090909
FPR:0.03626595030221625
FPDR:0.03626595030221625
F1:0.9172259507829977
BACC:0
CLSFE:0.03626595030221625
MCC:0.2616885327558182
GMEAN:0.6674238124719146
SAMPLES:1489
AUC:{}
AVGP:{}
