

GENERAL_METRICS
ACC:0.9215
PREC:0.5998315364917167
REC:0.647149625946462
TNR:0.647149625946462
FPR:0.4001684635082833
FPDR:0.4001684635082833
F1:0.6174981209899734
BACC:0.0
CLSFE:0.0785
MCC:0.24240604986193456
GMEAN:0.5732409966353423
SAMPLES:4000.0
AUC:{'AUC macro OVO': 0.5998315364917167}
AVGP:{'avg_precision': 0.9470937638482166}


METRICS_PER_CLASSES
CLASS:0
ACC:0.9215
PREC:0.22988505747126436
REC:0.3468208092485549
TNR:0.947478442644369
FPR:0.7701149425287356
FPDR:0.7701149425287356
F1:0.2764976958525346
BACC:0
CLSFE:0.7701149425287356
MCC:0.24240604986193456
GMEAN:0.5732409966353423
SAMPLES:261
AUC:{}
AVGP:{}
CLASS:1
ACC:0.9215
PREC:0.969778015512169
REC:0.947478442644369
TNR:0.3468208092485549
FPR:0.03022198448783097
FPDR:0.03022198448783097
F1:0.9584985461274121
BACC:0
CLSFE:0.03022198448783097
MCC:0.24240604986193456
GMEAN:0.5732409966353423
SAMPLES:3739
AUC:{}
AVGP:{}
