

GENERAL_METRICS
ACC:0.90875
PREC:0.6054635813135323
REC:0.6255247180563227
TNR:0.6255247180563227
FPR:0.3945364186864677
FPDR:0.3945364186864677
F1:0.6142642950085535
BACC:0.0
CLSFE:0.09125
MCC:0.23011550412426543
GMEAN:0.5375672218154668
SAMPLES:4000.0
AUC:{'AUC macro OVO': 0.6054635813135323}
AVGP:{'avg_precision': 0.9447589281619779}


METRICS_PER_CLASSES
CLASS:0
ACC:0.90875
PREC:0.2536231884057971
REC:0.3056768558951965
TNR:0.945372580217449
FPR:0.7463768115942029
FPDR:0.7463768115942029
F1:0.27722772277227725
BACC:0
CLSFE:0.7463768115942029
MCC:0.23011550412426543
GMEAN:0.5375672218154668
SAMPLES:276
AUC:{}
AVGP:{}
CLASS:1
ACC:0.90875
PREC:0.9573039742212675
REC:0.945372580217449
TNR:0.3056768558951965
FPR:0.04269602577873254
FPDR:0.04269602577873254
F1:0.9513008672448299
BACC:0
CLSFE:0.04269602577873254
MCC:0.23011550412426543
GMEAN:0.5375672218154668
SAMPLES:3724
AUC:{}
AVGP:{}
