

GENERAL_METRICS
ACC:0.9225
PREC:0.6038120567375886
REC:0.6320545133661496
TNR:0.6320545133661496
FPR:0.39618794326241136
FPDR:0.39618794326241136
F1:0.6156854869202895
BACC:0.0
CLSFE:0.0775
MCC:0.23416960207525983
GMEAN:0.5449292251820513
SAMPLES:4000.0
AUC:{'AUC macro OVO': 0.6038120567375886}
AVGP:{'avg_precision': 0.9518629907730757}


METRICS_PER_CLASSES
CLASS:0
ACC:0.9225
PREC:0.24166666666666667
REC:0.3118279569892473
TNR:0.9522810697430519
FPR:0.7583333333333333
FPDR:0.7583333333333333
F1:0.27230046948356806
BACC:0
CLSFE:0.7583333333333333
MCC:0.23416960207525983
GMEAN:0.5449292251820513
SAMPLES:240
AUC:{}
AVGP:{}
CLASS:1
ACC:0.9225
PREC:0.9659574468085106
REC:0.9522810697430519
TNR:0.3118279569892473
FPR:0.03404255319148936
FPDR:0.03404255319148936
F1:0.9590705043570108
BACC:0
CLSFE:0.03404255319148936
MCC:0.23416960207525983
GMEAN:0.5449292251820513
SAMPLES:3760
AUC:{}
AVGP:{}
