

GENERAL_METRICS
ACC:0.92025
PREC:0.612788261823894
REC:0.629718103699761
TNR:0.629718103699761
FPR:0.38721173817610605
FPDR:0.38721173817610605
F1:0.6204611872485667
BACC:0.0
CLSFE:0.07975
MCC:0.24191469110732133
GMEAN:0.5400354661802889
SAMPLES:4000.0
AUC:{'AUC macro OVO': 0.612788261823894}
AVGP:{'avg_precision': 0.953102956717929}


METRICS_PER_CLASSES
CLASS:0
ACC:0.92025
PREC:0.26359832635983266
REC:0.3058252427184466
TNR:0.9536109646810754
FPR:0.7364016736401674
FPDR:0.7364016736401674
F1:0.28314606741573034
BACC:0
CLSFE:0.7364016736401674
MCC:0.24191469110732133
GMEAN:0.5400354661802889
SAMPLES:239
AUC:{}
AVGP:{}
CLASS:1
ACC:0.92025
PREC:0.9619781972879553
REC:0.9536109646810754
TNR:0.3058252427184466
FPR:0.03802180271204467
FPDR:0.03802180271204467
F1:0.957776307081403
BACC:0
CLSFE:0.03802180271204467
MCC:0.24191469110732133
GMEAN:0.5400354661802889
SAMPLES:3761
AUC:{}
AVGP:{}
