

GENERAL_METRICS
ACC:0.7426666666666667
PREC:0.7369053643724697
REC:0.7207404678578007
TNR:0.7207404678578007
FPR:0.2630946356275304
FPDR:0.2630946356275304
F1:0.7252168366620537
BACC:0.0
CLSFE:0.25733333333333336
MCC:0.45736025612027853
GMEAN:0.7111044595583392
SAMPLES:750.0
AUC:{'AUC macro OVO': 0.7369053643724697}
AVGP:{'avg_precision': 0.7942269329330239}


METRICS_PER_CLASSES
CLASS:0
ACC:0.7426666666666667
PREC:0.71875
REC:0.6032786885245902
TNR:0.8382022471910112
FPR:0.28125
FPDR:0.28125
F1:0.6559714795008913
BACC:0
CLSFE:0.28125
MCC:0.45736025612027853
GMEAN:0.7111044595583392
SAMPLES:256
AUC:{}
AVGP:{}
CLASS:1
ACC:0.7426666666666667
PREC:0.7550607287449392
REC:0.8382022471910112
TNR:0.6032786885245902
FPR:0.24493927125506074
FPDR:0.24493927125506074
F1:0.7944621938232161
BACC:0
CLSFE:0.24493927125506074
MCC:0.45736025612027853
GMEAN:0.7111044595583392
SAMPLES:494
AUC:{}
AVGP:{}
