

GENERAL_METRICS
ACC:0.7266666666666667
PREC:0.712
REC:0.6989056436661687
TNR:0.6989056436661687
FPR:0.28800000000000003
FPDR:0.28800000000000003
F1:0.7031732946702473
BACC:0.0
CLSFE:0.2733333333333333
MCC:0.41069695132653605
GMEAN:0.6883427640593396
SAMPLES:750.0
AUC:{'AUC macro OVO': 0.712}
AVGP:{'avg_precision': 0.7825538684020246}


METRICS_PER_CLASSES
CLASS:0
ACC:0.7266666666666667
PREC:0.668
REC:0.5778546712802768
TNR:0.8199566160520607
FPR:0.332
FPDR:0.332
F1:0.6196660482374768
BACC:0
CLSFE:0.332
MCC:0.41069695132653605
GMEAN:0.6883427640593396
SAMPLES:250
AUC:{}
AVGP:{}
CLASS:1
ACC:0.7266666666666667
PREC:0.756
REC:0.8199566160520607
TNR:0.5778546712802768
FPR:0.244
FPDR:0.244
F1:0.7866805411030177
BACC:0
CLSFE:0.244
MCC:0.41069695132653605
GMEAN:0.6883427640593396
SAMPLES:500
AUC:{}
AVGP:{}
