

GENERAL_METRICS
ACC:0.7426666666666667
PREC:0.7335784313725491
REC:0.7135159558181043
TNR:0.7135159558181043
FPR:0.266421568627451
FPDR:0.266421568627451
F1:0.7191561685722656
BACC:0.0
CLSFE:0.25733333333333336
MCC:0.4466440284298148
GMEAN:0.7009516025501559
SAMPLES:750.0
AUC:{'AUC macro OVO': 0.733578431372549}
AVGP:{'avg_precision': 0.8065923542283434}


METRICS_PER_CLASSES
CLASS:0
ACC:0.7426666666666667
PREC:0.7083333333333334
REC:0.5802047781569966
TNR:0.8468271334792122
FPR:0.2916666666666667
FPDR:0.2916666666666667
F1:0.6378986866791745
BACC:0
CLSFE:0.2916666666666667
MCC:0.4466440284298148
GMEAN:0.7009516025501559
SAMPLES:240
AUC:{}
AVGP:{}
CLASS:1
ACC:0.7426666666666667
PREC:0.7588235294117647
REC:0.8468271334792122
TNR:0.5802047781569966
FPR:0.2411764705882353
FPDR:0.2411764705882353
F1:0.8004136504653567
BACC:0
CLSFE:0.2411764705882353
MCC:0.4466440284298148
GMEAN:0.7009516025501559
SAMPLES:510
AUC:{}
AVGP:{}
