

GENERAL_METRICS
ACC:0.732
PREC:0.7048913043478261
REC:0.6913242401292932
TNR:0.6913242401292932
FPR:0.2951086956521739
FPDR:0.2951086956521739
F1:0.6963446543566234
BACC:0.0
CLSFE:0.268
MCC:0.39598319718618147
GMEAN:0.6777766393521946
SAMPLES:750.0
AUC:{'AUC macro OVO': 0.704891304347826}
AVGP:{'avg_precision': 0.7973244353182752}


METRICS_PER_CLASSES
CLASS:0
ACC:0.732
PREC:0.6347826086956522
REC:0.5551330798479087
TNR:0.8275154004106776
FPR:0.3652173913043478
FPDR:0.3652173913043478
F1:0.592292089249493
BACC:0
CLSFE:0.3652173913043478
MCC:0.39598319718618147
GMEAN:0.6777766393521946
SAMPLES:230
AUC:{}
AVGP:{}
CLASS:1
ACC:0.732
PREC:0.775
REC:0.8275154004106776
TNR:0.5551330798479087
FPR:0.225
FPDR:0.225
F1:0.8003972194637538
BACC:0
CLSFE:0.225
MCC:0.39598319718618147
GMEAN:0.6777766393521946
SAMPLES:520
AUC:{}
AVGP:{}
