

GENERAL_METRICS
ACC:0.8695
PREC:0.532420669132575
REC:0.6263103719153778
TNR:0.6263103719153778
FPR:0.467579330867425
FPDR:0.467579330867425
F1:0.5340080397003726
BACC:0.0
CLSFE:0.1305
MCC:0.12798541754248344
GMEAN:0.5707519434641617
SAMPLES:2000.0
AUC:{'AUC macro OVO': 0.532420669132575}
AVGP:{'avg_precision': 0.8840519210263315}


METRICS_PER_CLASSES
CLASS:0
ACC:0.8695
PREC:0.08536585365853659
REC:0.3684210526315789
TNR:0.8841996911991765
FPR:0.9146341463414634
FPDR:0.9146341463414634
F1:0.13861386138613863
BACC:0
CLSFE:0.9146341463414634
MCC:0.12798541754248344
GMEAN:0.5707519434641617
SAMPLES:246
AUC:{}
AVGP:{}
CLASS:1
ACC:0.8695
PREC:0.9794754846066135
REC:0.8841996911991765
TNR:0.3684210526315789
FPR:0.020524515393386546
FPDR:0.020524515393386546
F1:0.9294022180146064
BACC:0
CLSFE:0.020524515393386546
MCC:0.12798541754248344
GMEAN:0.5707519434641617
SAMPLES:1754
AUC:{}
AVGP:{}
