

GENERAL_METRICS
ACC:0.865
PREC:0.5167483297228468
REC:0.5835748792270532
TNR:0.5835748792270532
FPR:0.48325167027715327
FPDR:0.48325167027715327
F1:0.5074718346856576
BACC:0.0
CLSFE:0.135
MCC:0.07482618883363715
GMEAN:0.5037060717951344
SAMPLES:2000.0
AUC:{'AUC macro OVO': 0.5167483297228468}
AVGP:{'avg_precision': 0.8781920600591643}


METRICS_PER_CLASSES
CLASS:0
ACC:0.865
PREC:0.05179282868525897
REC:0.28888888888888886
TNR:0.8782608695652174
FPR:0.9482071713147411
FPDR:0.9482071713147411
F1:0.08783783783783784
BACC:0
CLSFE:0.9482071713147411
MCC:0.07482618883363715
GMEAN:0.5037060717951344
SAMPLES:251
AUC:{}
AVGP:{}
CLASS:1
ACC:0.865
PREC:0.9817038307604345
REC:0.8782608695652174
TNR:0.28888888888888886
FPR:0.018296169239565466
FPDR:0.018296169239565466
F1:0.9271058315334774
BACC:0
CLSFE:0.018296169239565466
MCC:0.07482618883363715
GMEAN:0.5037060717951344
SAMPLES:1749
AUC:{}
AVGP:{}
