

GENERAL_METRICS
ACC:0.857
PREC:0.5246168774894049
REC:0.602847829816435
TNR:0.602847829816435
FPR:0.47538312251059517
FPDR:0.47538312251059517
F1:0.5197409959832884
BACC:0.0
CLSFE:0.143
MCC:0.10063383976858559
GMEAN:0.5392471067143945
SAMPLES:2000.0
AUC:{'AUC macro OVO': 0.5246168774894049}
AVGP:{'avg_precision': 0.8722337813489411}


METRICS_PER_CLASSES
CLASS:0
ACC:0.857
PREC:0.07116104868913857
REC:0.3333333333333333
TNR:0.8723623262995368
FPR:0.9288389513108615
FPDR:0.9288389513108615
F1:0.11728395061728394
BACC:0
CLSFE:0.9288389513108615
MCC:0.10063383976858559
GMEAN:0.5392471067143945
SAMPLES:267
AUC:{}
AVGP:{}
CLASS:1
ACC:0.857
PREC:0.9780727062896711
REC:0.8723623262995368
TNR:0.3333333333333333
FPR:0.02192729371032891
FPDR:0.02192729371032891
F1:0.9221980413492927
BACC:0
CLSFE:0.02192729371032891
MCC:0.10063383976858559
GMEAN:0.5392471067143945
SAMPLES:1733
AUC:{}
AVGP:{}
