

GENERAL_METRICS
ACC:0.8585
PREC:0.516128477358893
REC:0.5567536157024793
TNR:0.5567536157024793
FPR:0.483871522641107
FPDR:0.483871522641107
F1:0.509545237519616
BACC:0.0
CLSFE:0.1415
MCC:0.0605094837490043
GMEAN:0.4539235802814579
SAMPLES:2000.0
AUC:{'AUC macro OVO': 0.516128477358893}
AVGP:{'avg_precision': 0.8790305870081322}


METRICS_PER_CLASSES
CLASS:0
ACC:0.8585
PREC:0.060240963855421686
REC:0.234375
TNR:0.8791322314049587
FPR:0.9397590361445783
FPDR:0.9397590361445783
F1:0.09584664536741214
BACC:0
CLSFE:0.9397590361445783
MCC:0.0605094837490043
GMEAN:0.4539235802814579
SAMPLES:249
AUC:{}
AVGP:{}
CLASS:1
ACC:0.8585
PREC:0.9720159908623643
REC:0.8791322314049587
TNR:0.234375
FPR:0.027984009137635636
FPDR:0.027984009137635636
F1:0.92324382967182
BACC:0
CLSFE:0.027984009137635636
MCC:0.0605094837490043
GMEAN:0.4539235802814579
SAMPLES:1751
AUC:{}
AVGP:{}
