

GENERAL_METRICS
ACC:0.96
PREC:0.9632285778161029
REC:0.9203394354916458
TNR:0.9789980873194647
FPR:0.03677142218389703
FPDR:0.03677142218389703
F1:0.9402837906906084
BACC:0.0
CLSFE:0.04
MCC:0.9115198501927338
GMEAN:0.9488251312416226
SAMPLES:900.0
AUC:0.9966552273325822
AVGP:0.993537393735094


METRICS_PER_CLASSES

======>> CLASS:0
ACC:0.96
PREC:0.9833333333333333
REC:0.9049079754601227
TNR:0.9912891986062717
FPR:0.016666666666666666
FPDR:0.016666666666666666
F1:0.9424920127795527
BACC:0
CLSFE:0.016666666666666666
MCC:0.913759833784854
GMEAN:0.9471143023977037
SAMPLES:300
AUC:0.996
AVGP:0.9917957355271366

======>> CLASS:1
ACC:0.96
PREC:0.9267605633802817
REC:0.9705014749262537
TNR:0.9536541889483066
FPR:0.07323943661971831
FPDR:0.07323943661971831
F1:0.9481268011527377
BACC:0
CLSFE:0.07323943661971831
MCC:0.916249987200664
GMEAN:0.9620409538808271
SAMPLES:355
AUC:0.9940147305853468
AVGP:0.9914795336569788

======>> CLASS:2
ACC:0.96
PREC:0.9795918367346939
REC:0.8856088560885609
TNR:0.9920508744038156
FPR:0.02040816326530612
FPDR:0.02040816326530612
F1:0.9302325581395349
BACC:0
CLSFE:0.02040816326530612
MCC:0.9045497295926836
GMEAN:0.9373201374463368
SAMPLES:245
AUC:0.9995326374824739
AVGP:0.9988134432275675
