

GENERAL_METRICS
ACC:0.9034666666666666
PREC:0.5366395062396795
REC:0.5607250213109606
TNR:0.5607250213109606
FPR:0.4633604937603205
FPDR:0.4633604937603205
F1:0.5434826472962067
BACC:0.0
CLSFE:0.09653333333333333
MCC:0.09433842901442889
GMEAN:0.41810821862305836
SAMPLES:3750.0
AUC:{'AUC macro OVO': 0.5366395062396795}
AVGP:{'avg_precision': 0.9341717729270886}


METRICS_PER_CLASSES
CLASS:0
ACC:0.9034666666666666
PREC:0.10943396226415095
REC:0.1870967741935484
TNR:0.9343532684283727
FPR:0.8905660377358491
FPDR:0.8905660377358491
F1:0.1380952380952381
BACC:0
CLSFE:0.8905660377358491
MCC:0.09433842901442889
GMEAN:0.41810821862305836
SAMPLES:265
AUC:{}
AVGP:{}
CLASS:1
ACC:0.9034666666666666
PREC:0.963845050215208
REC:0.9343532684283727
TNR:0.1870967741935484
FPR:0.036154949784791966
FPDR:0.036154949784791966
F1:0.9488700564971752
BACC:0
CLSFE:0.036154949784791966
MCC:0.09433842901442889
GMEAN:0.41810821862305836
SAMPLES:3485
AUC:{}
AVGP:{}
