

GENERAL_METRICS
ACC:0.8
PREC:0.7997311612872253
REC:0.8005005534966549
TNR:0.8005005534966549
FPR:0.20026883871277462
FPDR:0.20026883871277462
F1:0.7997949900698316
BACC:0.0
CLSFE:0.2
MCC:0.6002312216704705
GMEAN:0.8004426748483257
SAMPLES:500.0
AUC:{'AUC macro OVO': 0.7997311612872253}
AVGP:{'avg_precision': 0.7397340234715318}


METRICS_PER_CLASSES
CLASS:0
ACC:0.8
PREC:0.8221343873517787
REC:0.7908745247148289
TNR:0.810126582278481
FPR:0.17786561264822134
FPDR:0.17786561264822134
F1:0.8062015503875969
BACC:0
CLSFE:0.17786561264822134
MCC:0.6002312216704705
GMEAN:0.8004426748483257
SAMPLES:253
AUC:{}
AVGP:{}
CLASS:1
ACC:0.8
PREC:0.7773279352226721
REC:0.810126582278481
TNR:0.7908745247148289
FPR:0.22267206477732793
FPDR:0.22267206477732793
F1:0.7933884297520661
BACC:0
CLSFE:0.22267206477732793
MCC:0.6002312216704705
GMEAN:0.8004426748483257
SAMPLES:247
AUC:{}
AVGP:{}
