

GENERAL_METRICS
ACC:0.778
PREC:0.7792258767362501
REC:0.7795079864006671
TNR:0.7795079864006671
FPR:0.22077412326374982
FPDR:0.22077412326374982
F1:0.7779920077122776
BACC:0.0
CLSFE:0.222
MCC:0.5587337919170816
GMEAN:0.7788746444196283
SAMPLES:500.0
AUC:{'AUC macro OVO': 0.7792258767362502}
AVGP:{'avg_precision': 0.7362795496577009}


METRICS_PER_CLASSES
CLASS:0
ACC:0.778
PREC:0.8132780082987552
REC:0.7480916030534351
TNR:0.8109243697478992
FPR:0.18672199170124482
FPDR:0.18672199170124482
F1:0.7793240556660039
BACC:0
CLSFE:0.18672199170124482
MCC:0.5587337919170816
GMEAN:0.7788746444196283
SAMPLES:241
AUC:{}
AVGP:{}
CLASS:1
ACC:0.778
PREC:0.7451737451737451
REC:0.8109243697478992
TNR:0.7480916030534351
FPR:0.2548262548262548
FPDR:0.2548262548262548
F1:0.7766599597585513
BACC:0
CLSFE:0.2548262548262548
MCC:0.5587337919170816
GMEAN:0.7788746444196283
SAMPLES:259
AUC:{}
AVGP:{}
