

GENERAL_METRICS
ACC:0.768
PREC:0.7678571428571428
REC:0.7682692307692307
TNR:0.7682692307692307
FPR:0.23214285714285715
FPDR:0.23214285714285715
F1:0.7678662909836065
BACC:0.0
CLSFE:0.232
MCC:0.5361262152528252
GMEAN:0.7682397462331064
SAMPLES:500.0
AUC:{'AUC macro OVO': 0.7678571428571428}
AVGP:{'avg_precision': 0.70525}


METRICS_PER_CLASSES
CLASS:0
ACC:0.768
PREC:0.7857142857142857
REC:0.7615384615384615
TNR:0.775
FPR:0.21428571428571427
FPDR:0.21428571428571427
F1:0.7734375
BACC:0
CLSFE:0.21428571428571427
MCC:0.5361262152528252
GMEAN:0.7682397462331064
SAMPLES:252
AUC:{}
AVGP:{}
CLASS:1
ACC:0.768
PREC:0.75
REC:0.775
TNR:0.7615384615384615
FPR:0.25
FPDR:0.25
F1:0.7622950819672131
BACC:0
CLSFE:0.25
MCC:0.5361262152528252
GMEAN:0.7682397462331064
SAMPLES:248
AUC:{}
AVGP:{}
