

GENERAL_METRICS
ACC:0.782
PREC:0.7804915170060398
REC:0.7831909937888198
TNR:0.7831909937888198
FPR:0.2195084829939602
FPDR:0.2195084829939602
F1:0.7809265400462265
BACC:0.0
CLSFE:0.218
MCC:0.5636760468576755
GMEAN:0.7831072644137836
SAMPLES:500.0
AUC:{'AUC macro OVO': 0.7804915170060398}
AVGP:{'avg_precision': 0.7129146413752223}


METRICS_PER_CLASSES
CLASS:0
ACC:0.782
PREC:0.8223938223938224
REC:0.7717391304347826
TNR:0.7946428571428571
FPR:0.1776061776061776
FPDR:0.1776061776061776
F1:0.7962616822429907
BACC:0
CLSFE:0.1776061776061776
MCC:0.5636760468576755
GMEAN:0.7831072644137836
SAMPLES:259
AUC:{}
AVGP:{}
CLASS:1
ACC:0.782
PREC:0.7385892116182573
REC:0.7946428571428571
TNR:0.7717391304347826
FPR:0.26141078838174275
FPDR:0.26141078838174275
F1:0.7655913978494624
BACC:0
CLSFE:0.26141078838174275
MCC:0.5636760468576755
GMEAN:0.7831072644137836
SAMPLES:241
AUC:{}
AVGP:{}
