

GENERAL_METRICS
ACC:0.8746666666666667
PREC:0.6294085458846637
REC:0.6552124274752013
TNR:0.6552124274752013
FPR:0.37059145411533634
FPDR:0.37059145411533634
F1:0.6404373913378563
BACC:0.0
CLSFE:0.12533333333333332
MCC:0.2834488634148643
GMEAN:0.5990238904345745
SAMPLES:2250.0
AUC:{'AUC macro OVO': 0.6294085458846637}
AVGP:{'avg_precision': 0.919089263713001}


METRICS_PER_CLASSES
CLASS:0
ACC:0.8746666666666667
PREC:0.3179916317991632
REC:0.38974358974358975
TNR:0.9206812652068127
FPR:0.6820083682008368
FPDR:0.6820083682008368
F1:0.35023041474654376
BACC:0
CLSFE:0.6820083682008368
MCC:0.2834488634148643
GMEAN:0.5990238904345745
SAMPLES:239
AUC:{}
AVGP:{}
CLASS:1
ACC:0.8746666666666667
PREC:0.9408254599701641
REC:0.9206812652068127
TNR:0.38974358974358975
FPR:0.0591745400298359
FPDR:0.0591745400298359
F1:0.9306443679291687
BACC:0
CLSFE:0.0591745400298359
MCC:0.2834488634148643
GMEAN:0.5990238904345745
SAMPLES:2011
AUC:{}
AVGP:{}
