

GENERAL_METRICS
ACC:0.8724444444444445
PREC:0.6407994834070422
REC:0.666329202139682
TNR:0.666329202139682
FPR:0.3592005165929578
FPDR:0.3592005165929578
F1:0.6518528222969465
BACC:0.0
CLSFE:0.12755555555555556
MCC:0.3060657820585158
GMEAN:0.6164840227370556
SAMPLES:2250.0
AUC:{'AUC macro OVO': 0.6407994834070422}
AVGP:{'avg_precision': 0.9173200296959885}


METRICS_PER_CLASSES
CLASS:0
ACC:0.8724444444444445
PREC:0.3426294820717131
REC:0.41346153846153844
TNR:0.9191968658178257
FPR:0.6573705179282868
FPDR:0.6573705179282868
F1:0.3747276688453159
BACC:0
CLSFE:0.6573705179282868
MCC:0.3060657820585158
GMEAN:0.6164840227370556
SAMPLES:251
AUC:{}
AVGP:{}
CLASS:1
ACC:0.8724444444444445
PREC:0.9389694847423712
REC:0.9191968658178257
TNR:0.41346153846153844
FPR:0.061030515257628815
FPDR:0.061030515257628815
F1:0.9289779757485771
BACC:0
CLSFE:0.061030515257628815
MCC:0.3060657820585158
GMEAN:0.6164840227370556
SAMPLES:1999
AUC:{}
AVGP:{}
