

GENERAL_METRICS
ACC:0.8697777777777778
PREC:0.6267661795045162
REC:0.6649885675317903
TNR:0.6649885675317903
FPR:0.3732338204954838
FPDR:0.3732338204954838
F1:0.6418044254879854
BACC:0.0
CLSFE:0.1302222222222222
MCC:0.2892401795596727
GMEAN:0.6172292607835791
SAMPLES:2250.0
AUC:{'AUC macro OVO': 0.6267661795045162}
AVGP:{'avg_precision': 0.9108349697656175}


METRICS_PER_CLASSES
CLASS:0
ACC:0.8697777777777778
PREC:0.3103448275862069
REC:0.4175257731958763
TNR:0.9124513618677043
FPR:0.6896551724137931
FPDR:0.6896551724137931
F1:0.35604395604395606
BACC:0
CLSFE:0.6896551724137931
MCC:0.2892401795596727
GMEAN:0.6172292607835791
SAMPLES:261
AUC:{}
AVGP:{}
CLASS:1
ACC:0.8697777777777778
PREC:0.9431875314228255
REC:0.9124513618677043
TNR:0.4175257731958763
FPR:0.05681246857717446
FPDR:0.05681246857717446
F1:0.9275648949320149
BACC:0
CLSFE:0.05681246857717446
MCC:0.2892401795596727
GMEAN:0.6172292607835791
SAMPLES:1989
AUC:{}
AVGP:{}
