

GENERAL_METRICS
ACC:0.8724444444444445
PREC:0.6441839893852277
REC:0.6712184873949579
TNR:0.6712184873949579
FPR:0.35581601061477225
FPDR:0.35581601061477225
F1:0.6558340328576568
BACC:0.0
CLSFE:0.12755555555555556
MCC:0.31424171950337454
GMEAN:0.6239575807363483
SAMPLES:2250.0
AUC:{'AUC macro OVO': 0.6441839893852277}
AVGP:{'avg_precision': 0.9166889773453241}


METRICS_PER_CLASSES
CLASS:0
ACC:0.8724444444444445
PREC:0.34901960784313724
REC:0.4238095238095238
TNR:0.9186274509803921
FPR:0.6509803921568628
FPDR:0.6509803921568628
F1:0.3827956989247312
BACC:0
CLSFE:0.6509803921568628
MCC:0.31424171950337454
GMEAN:0.6239575807363483
SAMPLES:255
AUC:{}
AVGP:{}
CLASS:1
ACC:0.8724444444444445
PREC:0.9393483709273183
REC:0.9186274509803921
TNR:0.4238095238095238
FPR:0.060651629072681706
FPDR:0.060651629072681706
F1:0.9288723667905824
BACC:0
CLSFE:0.060651629072681706
MCC:0.31424171950337454
GMEAN:0.6239575807363483
SAMPLES:1995
AUC:{}
AVGP:{}
