

GENERAL_METRICS
ACC:0.9666666666666667
PREC:0.9666666666666667
REC:0.936483684382844
TNR:0.9833650031669833
FPR:0.03333333333333333
FPDR:0.03333333333333333
F1:0.9507903171269508
BACC:0.0
CLSFE:0.03333333333333333
MCC:0.9265082672237455
GMEAN:0.9594933402438417
SAMPLES:750.0
AUC:0.9983000000000001
AVGP:0.9968492968907708


METRICS_PER_CLASSES

======>> CLASS:0
ACC:0.9666666666666667
PREC:1.0
REC:0.9090909090909091
TNR:1.0
FPR:0.0
FPDR:0.0
F1:0.9523809523809523
BACC:0
CLSFE:0.0
MCC:0.929320377284585
GMEAN:0.9534625892455924
SAMPLES:250
AUC:1.0
AVGP:1.0

======>> CLASS:1
ACC:0.9666666666666667
PREC:0.94
REC:0.9591836734693877
TNR:0.9702970297029703
FPR:0.06
FPDR:0.06
F1:0.9494949494949495
BACC:0
CLSFE:0.06
MCC:0.9247282016455264
GMEAN:0.9647243488722209
SAMPLES:250
AUC:0.9964000000000001
AVGP:0.9931888677276368

======>> CLASS:2
ACC:0.9666666666666667
PREC:0.96
REC:0.9411764705882353
TNR:0.9797979797979798
FPR:0.04
FPDR:0.04
F1:0.9504950495049505
BACC:0
CLSFE:0.04
MCC:0.9254762227411248
GMEAN:0.960293082613712
SAMPLES:250
AUC:0.9964000000000001
AVGP:0.9930382825228771
