

GENERAL_METRICS
ACC:0.93425
PREC:0.549705243976108
REC:0.646049896049896
TNR:0.646049896049896
FPR:0.45029475602389196
FPDR:0.45029475602389196
F1:0.568057791568176
BACC:0.0
CLSFE:0.06575
MCC:0.17040476185653144
GMEAN:0.572226203037599
SAMPLES:4000.0
AUC:{'AUC macro OVO': 0.549705243976108}
AVGP:{'avg_precision': 0.9458687076467587}


METRICS_PER_CLASSES
CLASS:0
ACC:0.93425
PREC:0.11297071129707113
REC:0.34615384615384615
TNR:0.9459459459459459
FPR:0.8870292887029289
FPDR:0.8870292887029289
F1:0.17034700315457413
BACC:0
CLSFE:0.8870292887029289
MCC:0.17040476185653144
GMEAN:0.572226203037599
SAMPLES:239
AUC:{}
AVGP:{}
CLASS:1
ACC:0.93425
PREC:0.9864397766551449
REC:0.9459459459459459
TNR:0.34615384615384615
FPR:0.013560223344855092
FPDR:0.013560223344855092
F1:0.9657685799817779
BACC:0
CLSFE:0.013560223344855092
MCC:0.17040476185653144
GMEAN:0.572226203037599
SAMPLES:3761
AUC:{}
AVGP:{}
