

GENERAL_METRICS
ACC:0.924
PREC:0.5448831706595682
REC:0.6370512531045383
TNR:0.6370512531045383
FPR:0.4551168293404318
FPDR:0.4551168293404318
F1:0.5602099997251312
BACC:0.0
CLSFE:0.076
MCC:0.15686038100423783
GMEAN:0.5620757098782442
SAMPLES:4000.0
AUC:{'AUC macro OVO': 0.5448831706595683}
AVGP:{'avg_precision': 0.9368030017832376}


METRICS_PER_CLASSES
CLASS:0
ACC:0.924
PREC:0.10507246376811594
REC:0.3372093023255814
TNR:0.9368932038834952
FPR:0.894927536231884
FPDR:0.894927536231884
F1:0.16022099447513813
BACC:0
CLSFE:0.894927536231884
MCC:0.15686038100423783
GMEAN:0.5620757098782442
SAMPLES:276
AUC:{}
AVGP:{}
CLASS:1
ACC:0.924
PREC:0.9846938775510204
REC:0.9368932038834952
TNR:0.3372093023255814
FPR:0.015306122448979591
FPDR:0.015306122448979591
F1:0.9601990049751243
BACC:0
CLSFE:0.015306122448979591
MCC:0.15686038100423783
GMEAN:0.5620757098782442
SAMPLES:3724
AUC:{}
AVGP:{}
