

GENERAL_METRICS
ACC:0.9295
PREC:0.5435233261500657
REC:0.6481611324479979
TNR:0.6481611324479979
FPR:0.4564766738499343
FPDR:0.4564766738499343
F1:0.5594514076464863
BACC:0.0
CLSFE:0.0705
MCC:0.16060467353470506
GMEAN:0.5786629003626123
SAMPLES:4000.0
AUC:{'AUC macro OVO': 0.5435233261500657}
AVGP:{'avg_precision': 0.9400899031522941}


METRICS_PER_CLASSES
CLASS:0
ACC:0.9295
PREC:0.09961685823754789
REC:0.3561643835616438
TNR:0.940157881334352
FPR:0.9003831417624522
FPDR:0.9003831417624522
F1:0.15568862275449102
BACC:0
CLSFE:0.9003831417624522
MCC:0.16060467353470506
GMEAN:0.5786629003626123
SAMPLES:261
AUC:{}
AVGP:{}
CLASS:1
ACC:0.9295
PREC:0.9874297940625836
REC:0.940157881334352
TNR:0.3561643835616438
FPR:0.012570205937416421
FPDR:0.012570205937416421
F1:0.9632141925384816
BACC:0
CLSFE:0.012570205937416421
MCC:0.16060467353470506
GMEAN:0.5786629003626123
SAMPLES:3739
AUC:{}
AVGP:{}
