

GENERAL_METRICS
ACC:0.936
PREC:0.5524822695035461
REC:0.6674587010635891
TNR:0.6674587010635891
FPR:0.4475177304964539
FPDR:0.4475177304964539
F1:0.5730942661223618
BACC:0.0
CLSFE:0.064
MCC:0.18749520185789334
GMEAN:0.6065475887104372
SAMPLES:4000.0
AUC:{'AUC macro OVO': 0.5524822695035462}
AVGP:{'avg_precision': 0.9459579668067774}


METRICS_PER_CLASSES
CLASS:0
ACC:0.936
PREC:0.11666666666666667
REC:0.3888888888888889
TNR:0.9460285132382892
FPR:0.8833333333333333
FPDR:0.8833333333333333
F1:0.1794871794871795
BACC:0
CLSFE:0.8833333333333333
MCC:0.18749520185789334
GMEAN:0.6065475887104372
SAMPLES:240
AUC:{}
AVGP:{}
CLASS:1
ACC:0.936
PREC:0.9882978723404255
REC:0.9460285132382892
TNR:0.3888888888888889
FPR:0.011702127659574468
FPDR:0.011702127659574468
F1:0.9667013527575442
BACC:0
CLSFE:0.011702127659574468
MCC:0.18749520185789334
GMEAN:0.6065475887104372
SAMPLES:3760
AUC:{}
AVGP:{}
