

GENERAL_METRICS
ACC:0.9378823529411765
PREC:0.4997492477432297
REC:0.4691619585687382
TNR:0.4691619585687382
FPR:0.5002507522567703
FPDR:0.5002507522567703
F1:0.48397280233122875
BACC:0.0
CLSFE:0.06211764705882353
MCC:-0.005561549598184031
GMEAN:0.0
SAMPLES:4250.0
AUC:{'AUC macro OVO': 0.4997492477432297}
AVGP:{'avg_precision': 0.938323931693163}


METRICS_PER_CLASSES
CLASS:0
ACC:0.9378823529411765
PREC:0.0
REC:0.0
TNR:0.9383239171374764
FPR:1.0
FPDR:1.0
F1:0.0
BACC:0
CLSFE:1.0
MCC:-0.005561549598184031
GMEAN:0
SAMPLES:262
AUC:{}
AVGP:{}
CLASS:1
ACC:0.9378823529411765
PREC:0.9994984954864594
REC:0.9383239171374764
TNR:0.0
FPR:0.0005015045135406219
FPDR:0.0005015045135406219
F1:0.9679456046624575
BACC:0
CLSFE:0.0005015045135406219
MCC:-0.005561549598184031
GMEAN:0
SAMPLES:3988
AUC:{}
AVGP:{}
