

GENERAL_METRICS
ACC:0.9465882352941176
PREC:0.4993793445878848
REC:0.4738515901060071
TNR:0.4738515901060071
FPR:0.5006206554121152
FPDR:0.5006206554121152
F1:0.4862806720657561
BACC:0.0
CLSFE:0.05341176470588235
MCC:-0.008057084365677994
GMEAN:0.0
SAMPLES:4250.0
AUC:{'AUC macro OVO': 0.4993793445878848}
AVGP:{'avg_precision': 0.9477032565844947}


METRICS_PER_CLASSES
CLASS:0
ACC:0.9465882352941176
PREC:0.0
REC:0.0
TNR:0.9477031802120142
FPR:1.0
FPDR:1.0
F1:0.0
BACC:0
CLSFE:1.0
MCC:-0.008057084365677994
GMEAN:0
SAMPLES:222
AUC:{}
AVGP:{}
CLASS:1
ACC:0.9465882352941176
PREC:0.9987586891757696
REC:0.9477031802120142
TNR:0.0
FPR:0.0012413108242303873
FPDR:0.0012413108242303873
F1:0.9725613441315122
BACC:0
CLSFE:0.0012413108242303873
MCC:-0.008057084365677994
GMEAN:0
SAMPLES:4028
AUC:{}
AVGP:{}
