

GENERAL_METRICS
ACC:0.9352941176470588
PREC:0.4991210447011552
REC:0.4684185717652604
TNR:0.4684185717652604
FPR:0.5008789552988449
FPDR:0.5008789552988449
F1:0.48328267477203646
BACC:0.0
CLSFE:0.06470588235294118
MCC:-0.01053729826701535
GMEAN:0.0
SAMPLES:4250.0
AUC:{'AUC macro OVO': 0.4991210447011552}
AVGP:{'avg_precision': 0.9368373264111287}


METRICS_PER_CLASSES
CLASS:0
ACC:0.9352941176470588
PREC:0.0
REC:0.0
TNR:0.9368371435305208
FPR:1.0
FPDR:1.0
F1:0.0
BACC:0
CLSFE:1.0
MCC:-0.01053729826701535
GMEAN:0
SAMPLES:268
AUC:{}
AVGP:{}
CLASS:1
ACC:0.9352941176470588
PREC:0.9982420894023104
REC:0.9368371435305208
TNR:0.0
FPR:0.0017579105976896032
FPDR:0.0017579105976896032
F1:0.9665653495440729
BACC:0
CLSFE:0.0017579105976896032
MCC:-0.01053729826701535
GMEAN:0
SAMPLES:3982
AUC:{}
AVGP:{}
