

GENERAL_METRICS
ACC:0.9369411764705883
PREC:0.4994982438534872
REC:0.4689119170984456
TNR:0.4689119170984456
FPR:0.5005017561465128
FPDR:0.5005017561465128
F1:0.4837220602526725
BACC:0.0
CLSFE:0.06305882352941176
MCC:-0.0078990218835383
GMEAN:0.0
SAMPLES:4250.0
AUC:{'AUC macro OVO': 0.4994982438534872}
AVGP:{'avg_precision': 0.9378238929211705}


METRICS_PER_CLASSES
CLASS:0
ACC:0.9369411764705883
PREC:0.0
REC:0.0
TNR:0.9378238341968912
FPR:1.0
FPDR:1.0
F1:0.0
BACC:0
CLSFE:1.0
MCC:-0.0078990218835383
GMEAN:0
SAMPLES:264
AUC:{}
AVGP:{}
CLASS:1
ACC:0.9369411764705883
PREC:0.9989964877069744
REC:0.9378238341968912
TNR:0.0
FPR:0.0010035122930255895
FPDR:0.0010035122930255895
F1:0.967444120505345
BACC:0
CLSFE:0.0010035122930255895
MCC:-0.0078990218835383
GMEAN:0
SAMPLES:3986
AUC:{}
AVGP:{}
