

GENERAL_METRICS
ACC:0.876
PREC:0.787576341162159
REC:0.7824306775647392
TNR:0.7824306775647392
FPR:0.21242365883784098
FPDR:0.21242365883784098
F1:0.784958502386267
BACC:0.0
CLSFE:0.124
MCC:0.5699837923520884
GMEAN:0.7689350894564625
SAMPLES:1500.0
AUC:{'AUC macro OVO': 0.7875763411621592}
AVGP:{'avg_precision': 0.919405885941532}


METRICS_PER_CLASSES
CLASS:0
ACC:0.876
PREC:0.6525096525096525
REC:0.6377358490566037
TNR:0.9271255060728745
FPR:0.3474903474903475
FPDR:0.3474903474903475
F1:0.6450381679389313
BACC:0
CLSFE:0.3474903474903475
MCC:0.5699837923520884
GMEAN:0.7689350894564625
SAMPLES:259
AUC:{}
AVGP:{}
CLASS:1
ACC:0.876
PREC:0.9226430298146656
REC:0.9271255060728745
TNR:0.6377358490566037
FPR:0.07735697018533441
FPDR:0.07735697018533441
F1:0.9248788368336026
BACC:0
CLSFE:0.07735697018533441
MCC:0.5699837923520884
GMEAN:0.7689350894564625
SAMPLES:1241
AUC:{}
AVGP:{}
