

GENERAL_METRICS
ACC:0.8873333333333333
PREC:0.7760912698412699
REC:0.7931829434879254
TNR:0.7931829434879254
FPR:0.22390873015873017
FPDR:0.22390873015873017
F1:0.7841875448545117
BACC:0.0
CLSFE:0.11266666666666666
MCC:0.5690175785101286
GMEAN:0.7817837488831575
SAMPLES:1500.0
AUC:{'AUC macro OVO': 0.7760912698412699}
AVGP:{'avg_precision': 0.9219150041640253}


METRICS_PER_CLASSES
CLASS:0
ACC:0.8873333333333333
PREC:0.6125
REC:0.6591928251121076
TNR:0.9271730618637432
FPR:0.3875
FPDR:0.3875
F1:0.6349892008639308
BACC:0
CLSFE:0.3875
MCC:0.5690175785101286
GMEAN:0.7817837488831575
SAMPLES:240
AUC:{}
AVGP:{}
CLASS:1
ACC:0.8873333333333333
PREC:0.9396825396825397
REC:0.9271730618637432
TNR:0.6591928251121076
FPR:0.06031746031746032
FPDR:0.06031746031746032
F1:0.9333858888450927
BACC:0
CLSFE:0.06031746031746032
MCC:0.5690175785101286
GMEAN:0.7817837488831575
SAMPLES:1260
AUC:{}
AVGP:{}
