

GENERAL_METRICS
ACC:0.888
PREC:0.7932026143790849
REC:0.7790921066165857
TNR:0.7790921066165857
FPR:0.20679738562091501
FPDR:0.20679738562091501
F1:0.7858424888502121
BACC:0.0
CLSFE:0.112
MCC:0.5721207400979247
GMEAN:0.7625182019739962
SAMPLES:1500.0
AUC:{'AUC macro OVO': 0.793202614379085}
AVGP:{'avg_precision': 0.9325896658425463}


METRICS_PER_CLASSES
CLASS:0
ACC:0.888
PREC:0.6577777777777778
REC:0.6192468619246861
TNR:0.9389373513084853
FPR:0.3422222222222222
FPDR:0.3422222222222222
F1:0.6379310344827587
BACC:0
CLSFE:0.3422222222222222
MCC:0.5721207400979247
GMEAN:0.7625182019739962
SAMPLES:225
AUC:{}
AVGP:{}
CLASS:1
ACC:0.888
PREC:0.9286274509803921
REC:0.9389373513084853
TNR:0.6192468619246861
FPR:0.07137254901960784
FPDR:0.07137254901960784
F1:0.9337539432176656
BACC:0
CLSFE:0.07137254901960784
MCC:0.5721207400979247
GMEAN:0.7625182019739962
SAMPLES:1275
AUC:{}
AVGP:{}
