

GENERAL_METRICS
ACC:0.8853333333333333
PREC:0.8031885457264303
REC:0.8119487788331072
TNR:0.8119487788331072
FPR:0.1968114542735697
FPDR:0.1968114542735697
F1:0.8074460177149664
BACC:0.0
CLSFE:0.11466666666666667
MCC:0.6150749437118882
GMEAN:0.8038793534637976
SAMPLES:1500.0
AUC:{'AUC macro OVO': 0.8031885457264305}
AVGP:{'avg_precision': 0.9187476194018747}


METRICS_PER_CLASSES
CLASS:0
ACC:0.8853333333333333
PREC:0.6726618705035972
REC:0.6977611940298507
TNR:0.9261363636363636
FPR:0.3273381294964029
FPDR:0.3273381294964029
F1:0.684981684981685
BACC:0
CLSFE:0.3273381294964029
MCC:0.6150749437118882
GMEAN:0.8038793534637976
SAMPLES:278
AUC:{}
AVGP:{}
CLASS:1
ACC:0.8853333333333333
PREC:0.9337152209492635
REC:0.9261363636363636
TNR:0.6977611940298507
FPR:0.0662847790507365
FPDR:0.0662847790507365
F1:0.9299103504482478
BACC:0
CLSFE:0.0662847790507365
MCC:0.6150749437118882
GMEAN:0.8038793534637976
SAMPLES:1222
AUC:{}
AVGP:{}
