

GENERAL_METRICS
ACC:0.908
PREC:0.49329952915610287
REC:0.4596692541343233
TNR:0.4596692541343233
FPR:0.5067004708438971
FPDR:0.5067004708438971
F1:0.4758909853249476
BACC:0.0
CLSFE:0.092
MCC:-0.03287765118043512
GMEAN:0.0
SAMPLES:3000.0
AUC:{'AUC macro OVO': 0.49329952915610287}
AVGP:{'avg_precision': 0.919351839861328}


METRICS_PER_CLASSES
CLASS:0
ACC:0.908
PREC:0.0
REC:0.0
TNR:0.9193385082686466
FPR:1.0
FPDR:1.0
F1:0.0
BACC:0
CLSFE:1.0
MCC:-0.03287765118043512
GMEAN:0
SAMPLES:239
AUC:{}
AVGP:{}
CLASS:1
ACC:0.908
PREC:0.9865990583122057
REC:0.9193385082686466
TNR:0.0
FPR:0.013400941687794278
FPDR:0.013400941687794278
F1:0.9517819706498952
BACC:0
CLSFE:0.013400941687794278
MCC:-0.03287765118043512
GMEAN:0
SAMPLES:2761
AUC:{}
AVGP:{}
