

GENERAL_METRICS
ACC:0.8976666666666666
PREC:0.4934041773543423
REC:0.4542847503373819
TNR:0.4542847503373819
FPR:0.5065958226456577
FPDR:0.5065958226456577
F1:0.4730370630598981
BACC:0.0
CLSFE:0.10233333333333333
MCC:-0.03472921991502799
GMEAN:0.0
SAMPLES:3000.0
AUC:{'AUC macro OVO': 0.4934041773543423}
AVGP:{'avg_precision': 0.9085839740993547}


METRICS_PER_CLASSES
CLASS:0
ACC:0.8976666666666666
PREC:0.0
REC:0.0
TNR:0.9085695006747638
FPR:1.0
FPDR:1.0
F1:0.0
BACC:0
CLSFE:1.0
MCC:-0.03472921991502799
GMEAN:0
SAMPLES:271
AUC:{}
AVGP:{}
CLASS:1
ACC:0.8976666666666666
PREC:0.9868083547086846
REC:0.9085695006747638
TNR:0.0
FPR:0.0131916452913155
FPDR:0.0131916452913155
F1:0.9460741261197962
BACC:0
CLSFE:0.0131916452913155
MCC:-0.03472921991502799
GMEAN:0
SAMPLES:2729
AUC:{}
AVGP:{}
