

GENERAL_METRICS
ACC:0.9046666666666666
PREC:0.4943533697632058
REC:0.4570562478949141
TNR:0.4570562478949141
FPR:0.5056466302367941
FPDR:0.5056466302367941
F1:0.47497374868743436
BACC:0.0
CLSFE:0.09533333333333334
MCC:-0.03114401959400689
GMEAN:0.0
SAMPLES:3000.0
AUC:{'AUC macro OVO': 0.4943533697632058}
AVGP:{'avg_precision': 0.9141225186060451}


METRICS_PER_CLASSES
CLASS:0
ACC:0.9046666666666666
PREC:0.0
REC:0.0
TNR:0.9141124957898282
FPR:1.0
FPDR:1.0
F1:0.0
BACC:0
CLSFE:1.0
MCC:-0.03114401959400689
GMEAN:0
SAMPLES:255
AUC:{}
AVGP:{}
CLASS:1
ACC:0.9046666666666666
PREC:0.9887067395264116
REC:0.9141124957898282
TNR:0.0
FPR:0.011293260473588343
FPDR:0.011293260473588343
F1:0.9499474973748687
BACC:0
CLSFE:0.011293260473588343
MCC:-0.03114401959400689
GMEAN:0
SAMPLES:2745
AUC:{}
AVGP:{}
