

GENERAL_METRICS
ACC:0.906
PREC:0.49526239067055394
REC:0.45696032279757903
TNR:0.45696032279757903
FPR:0.5047376093294461
FPDR:0.5047376093294461
F1:0.4753410283315845
BACC:0.0
CLSFE:0.094
MCC:-0.028559073952111033
GMEAN:0.0
SAMPLES:3000.0
AUC:{'AUC macro OVO': 0.49526239067055394}
AVGP:{'avg_precision': 0.9139277143079347}


METRICS_PER_CLASSES
CLASS:0
ACC:0.906
PREC:0.0
REC:0.0
TNR:0.9139206455951581
FPR:1.0
FPDR:1.0
F1:0.0
BACC:0
CLSFE:1.0
MCC:-0.028559073952111033
GMEAN:0
SAMPLES:256
AUC:{}
AVGP:{}
CLASS:1
ACC:0.906
PREC:0.9905247813411079
REC:0.9139206455951581
TNR:0.0
FPR:0.009475218658892129
FPDR:0.009475218658892129
F1:0.950682056663169
BACC:0
CLSFE:0.009475218658892129
MCC:-0.028559073952111033
GMEAN:0
SAMPLES:2744
AUC:{}
AVGP:{}
