

GENERAL_METRICS
ACC:0.9197142857142857
PREC:0.5250940702335876
REC:0.6183183116187756
TNR:0.6183183116187756
FPR:0.4749059297664125
FPDR:0.4749059297664125
F1:0.5301072941585672
BACC:0.0
CLSFE:0.08028571428571428
MCC:0.10897867721129767
GMEAN:0.5346297973062923
SAMPLES:3500.0
AUC:{'AUC macro OVO': 0.5250940702335876}
AVGP:{'avg_precision': 0.928905239661267}


METRICS_PER_CLASSES
CLASS:0
ACC:0.9197142857142857
PREC:0.06130268199233716
REC:0.3076923076923077
TNR:0.9289443155452436
FPR:0.9386973180076629
FPDR:0.9386973180076629
F1:0.10223642172523961
BACC:0
CLSFE:0.9386973180076629
MCC:0.10897867721129767
GMEAN:0.5346297973062923
SAMPLES:261
AUC:{}
AVGP:{}
CLASS:1
ACC:0.9197142857142857
PREC:0.9888854584748379
REC:0.9289443155452436
TNR:0.3076923076923077
FPR:0.011114541525162088
FPDR:0.011114541525162088
F1:0.9579781665918947
BACC:0
CLSFE:0.011114541525162088
MCC:0.10897867721129767
GMEAN:0.5346297973062923
SAMPLES:3239
AUC:{}
AVGP:{}
