

GENERAL_METRICS
ACC:0.9257142857142857
PREC:0.520239408377777
REC:0.6129503099020582
TNR:0.6129503099020582
FPR:0.47976059162222295
FPDR:0.47976059162222295
F1:0.5228967611505843
BACC:0.0
CLSFE:0.07428571428571429
MCC:0.09562525709255329
GMEAN:0.5226249953348348
SAMPLES:3500.0
AUC:{'AUC macro OVO': 0.520239408377777}
AVGP:{'avg_precision': 0.9331941309030953}


METRICS_PER_CLASSES
CLASS:0
ACC:0.9257142857142857
PREC:0.04938271604938271
REC:0.2926829268292683
TNR:0.9332176929748482
FPR:0.9506172839506173
FPDR:0.9506172839506173
F1:0.08450704225352113
BACC:0
CLSFE:0.9506172839506173
MCC:0.09562525709255329
GMEAN:0.5226249953348348
SAMPLES:243
AUC:{}
AVGP:{}
CLASS:1
ACC:0.9257142857142857
PREC:0.9910961007061713
REC:0.9332176929748482
TNR:0.2926829268292683
FPR:0.008903899293828677
FPDR:0.008903899293828677
F1:0.9612864800476474
BACC:0
CLSFE:0.008903899293828677
MCC:0.09562525709255329
GMEAN:0.5226249953348348
SAMPLES:3257
AUC:{}
AVGP:{}
