

GENERAL_METRICS
ACC:0.9257142857142857
PREC:0.5237260954605708
REC:0.5912938023245742
TNR:0.5912938023245742
FPR:0.4762739045394292
FPDR:0.4762739045394292
F1:0.5292428155211231
BACC:0.0
CLSFE:0.07428571428571429
MCC:0.09308158719986095
GMEAN:0.47972268988502764
SAMPLES:3500.0
AUC:{'AUC macro OVO': 0.5237260954605708}
AVGP:{'avg_precision': 0.936934455614919}


METRICS_PER_CLASSES
CLASS:0
ACC:0.9257142857142857
PREC:0.06060606060606061
REC:0.24561403508771928
TNR:0.936973569561429
FPR:0.9393939393939394
FPDR:0.9393939393939394
F1:0.09722222222222222
BACC:0
CLSFE:0.9393939393939394
MCC:0.09308158719986095
GMEAN:0.47972268988502764
SAMPLES:231
AUC:{}
AVGP:{}
CLASS:1
ACC:0.9257142857142857
PREC:0.9868461303150811
REC:0.936973569561429
TNR:0.24561403508771928
FPR:0.013153869684918936
FPDR:0.013153869684918936
F1:0.9612634088200238
BACC:0
CLSFE:0.013153869684918936
MCC:0.09308158719986095
GMEAN:0.47972268988502764
SAMPLES:3269
AUC:{}
AVGP:{}
