

GENERAL_METRICS
ACC:0.9205714285714286
PREC:0.5111855539455499
REC:0.5750256607646909
TNR:0.5750256607646909
FPR:0.48881444605445007
FPDR:0.48881444605445007
F1:0.5064831778222771
BACC:0.0
CLSFE:0.07942857142857143
MCC:0.05793802122212934
GMEAN:0.4540751526900364
SAMPLES:3500.0
AUC:{'AUC macro OVO': 0.5111855539455499}
AVGP:{'avg_precision': 0.9278157696401018}


METRICS_PER_CLASSES
CLASS:0
ACC:0.9205714285714286
PREC:0.031007751937984496
REC:0.2222222222222222
TNR:0.9278290993071594
FPR:0.9689922480620154
FPDR:0.9689922480620154
F1:0.05442176870748299
BACC:0
CLSFE:0.9689922480620154
MCC:0.05793802122212934
GMEAN:0.4540751526900364
SAMPLES:258
AUC:{}
AVGP:{}
CLASS:1
ACC:0.9205714285714286
PREC:0.9913633559531153
REC:0.9278290993071594
TNR:0.2222222222222222
FPR:0.00863664404688464
FPDR:0.00863664404688464
F1:0.9585445869370712
BACC:0
CLSFE:0.00863664404688464
MCC:0.05793802122212934
GMEAN:0.4540751526900364
SAMPLES:3242
AUC:{}
AVGP:{}
