

GENERAL_METRICS
ACC:0.9403508771929825
PREC:0.930391588489512
REC:0.9414189189189188
TNR:0.9414189189189188
FPR:0.06960841151048804
FPDR:0.06960841151048804
F1:0.9353862157260215
BACC:0.0
CLSFE:0.05964912280701754
MCC:0.8717407635365839
GMEAN:0.9414121078235379
SAMPLES:2850.0
AUC:0.930391588489512
AVGP:0.9283198370378611


METRICS_PER_CLASSES

======>> CLASS:0
ACC:0.9403508771929825
PREC:0.8915094339622641
REC:0.945
TNR:0.9378378378378378
FPR:0.10849056603773585
FPDR:0.10849056603773585
F1:0.9174757281553398
BACC:0
CLSFE:0.10849056603773585
MCC:0.8717407635365839
GMEAN:0.9414121078235379
SAMPLES:1060
AUC:0.930391588489512
AVGP:0.9283198370378611

======>> CLASS:1
ACC:0.9403508771929825
PREC:0.9692737430167597
REC:0.9378378378378378
TNR:0.945
FPR:0.030726256983240222
FPDR:0.030726256983240222
F1:0.9532967032967034
BACC:0
CLSFE:0.030726256983240222
MCC:0.8717407635365839
GMEAN:0.9414121078235379
SAMPLES:1790
AUC:{}
AVGP:{}
