

GENERAL_METRICS
ACC:0.8658181818181818
PREC:0.6582883457699623
REC:0.6364360899909509
TNR:0.6364360899909509
FPR:0.3417116542300377
FPDR:0.3417116542300377
F1:0.6460105678796321
BACC:0.0
CLSFE:0.13418181818181818
MCC:0.2939132047934515
GMEAN:0.5624491836394601
SAMPLES:2750.0
AUC:{'AUC macro OVO': 0.6582883457699622}
AVGP:{'avg_precision': 0.9316253187244338}


METRICS_PER_CLASSES
CLASS:0
ACC:0.8658181818181818
PREC:0.40074906367041196
REC:0.33860759493670883
TNR:0.934264585045193
FPR:0.599250936329588
FPDR:0.599250936329588
F1:0.3670668953687822
BACC:0
CLSFE:0.599250936329588
MCC:0.2939132047934515
GMEAN:0.5624491836394601
SAMPLES:267
AUC:{}
AVGP:{}
CLASS:1
ACC:0.8658181818181818
PREC:0.9158276278695127
REC:0.934264585045193
TNR:0.33860759493670883
FPR:0.08417237213048731
FPDR:0.08417237213048731
F1:0.924954240390482
BACC:0
CLSFE:0.08417237213048731
MCC:0.2939132047934515
GMEAN:0.5624491836394601
SAMPLES:2483
AUC:{}
AVGP:{}
