

GENERAL_METRICS
ACC:0.8610909090909091
PREC:0.6451812849157526
REC:0.6153324123221601
TNR:0.6153324123221601
FPR:0.35481871508424745
FPDR:0.35481871508424745
F1:0.6273257992007992
BACC:0.0
CLSFE:0.1389090909090909
MCC:0.2587980511005797
GMEAN:0.5248381200246686
SAMPLES:2750.0
AUC:{'AUC macro OVO': 0.6451812849157526}
AVGP:{'avg_precision': 0.9340773174791963}


METRICS_PER_CLASSES
CLASS:0
ACC:0.8610909090909091
PREC:0.3815261044176707
REC:0.29411764705882354
TNR:0.9365471775854965
FPR:0.6184738955823293
FPDR:0.6184738955823293
F1:0.3321678321678322
BACC:0
CLSFE:0.6184738955823293
MCC:0.2587980511005797
GMEAN:0.5248381200246686
SAMPLES:249
AUC:{}
AVGP:{}
CLASS:1
ACC:0.8610909090909091
PREC:0.9088364654138344
REC:0.9365471775854965
TNR:0.29411764705882354
FPR:0.09116353458616554
FPDR:0.09116353458616554
F1:0.9224837662337663
BACC:0
CLSFE:0.09116353458616554
MCC:0.2587980511005797
GMEAN:0.5248381200246686
SAMPLES:2501
AUC:{}
AVGP:{}
