

GENERAL_METRICS
ACC:0.8730909090909091
PREC:0.6395586897179254
REC:0.6202613474701963
TNR:0.6202613474701963
FPR:0.36044131028207466
FPDR:0.36044131028207466
F1:0.6287433673779244
BACC:0.0
CLSFE:0.12690909090909092
MCC:0.25910242049546917
GMEAN:0.5326783372954196
SAMPLES:2750.0
AUC:{'AUC macro OVO': 0.6395586897179253}
AVGP:{'avg_precision': 0.9361139559606872}


METRICS_PER_CLASSES
CLASS:0
ACC:0.8730909090909091
PREC:0.35714285714285715
REC:0.302491103202847
TNR:0.9380315917375456
FPR:0.6428571428571429
FPDR:0.6428571428571429
F1:0.32755298651252407
BACC:0
CLSFE:0.6428571428571429
MCC:0.25910242049546917
GMEAN:0.5326783372954196
SAMPLES:238
AUC:{}
AVGP:{}
CLASS:1
ACC:0.8730909090909091
PREC:0.9219745222929936
REC:0.9380315917375456
TNR:0.302491103202847
FPR:0.07802547770700637
FPDR:0.07802547770700637
F1:0.9299337482433246
BACC:0
CLSFE:0.07802547770700637
MCC:0.25910242049546917
GMEAN:0.5326783372954196
SAMPLES:2512
AUC:{}
AVGP:{}
