

GENERAL_METRICS
ACC:0.8614545454545455
PREC:0.6285634790487868
REC:0.6047262603895895
TNR:0.6047262603895895
FPR:0.37143652095121316
FPDR:0.37143652095121316
F1:0.6145283891425588
BACC:0.0
CLSFE:0.13854545454545455
MCC:0.23206871726671646
GMEAN:0.5066072856587056
SAMPLES:2750.0
AUC:{'AUC macro OVO': 0.6285634790487868}
AVGP:{'avg_precision': 0.9328788914028371}


METRICS_PER_CLASSES
CLASS:0
ACC:0.8614545454545455
PREC:0.345679012345679
REC:0.27450980392156865
TNR:0.9349427168576104
FPR:0.654320987654321
FPDR:0.654320987654321
F1:0.30601092896174864
BACC:0
CLSFE:0.654320987654321
MCC:0.23206871726671646
GMEAN:0.5066072856587056
SAMPLES:243
AUC:{}
AVGP:{}
CLASS:1
ACC:0.8614545454545455
PREC:0.9114479457518947
REC:0.9349427168576104
TNR:0.27450980392156865
FPR:0.0885520542481053
FPDR:0.0885520542481053
F1:0.923045849323369
BACC:0
CLSFE:0.0885520542481053
MCC:0.23206871726671646
GMEAN:0.5066072856587056
SAMPLES:2507
AUC:{}
AVGP:{}
