

GENERAL_METRICS
ACC:0.8325714285714285
PREC:0.6377300054654764
REC:0.6526048492791612
TNR:0.6526048492791612
FPR:0.3622699945345236
FPDR:0.3622699945345236
F1:0.6444103244794799
BACC:0.0
CLSFE:0.16742857142857143
MCC:0.2899535599041824
GMEAN:0.6061204868348731
SAMPLES:1750.0
AUC:{'AUC macro OVO': 0.6377300054654764}
AVGP:{'avg_precision': 0.8910506412563003}


METRICS_PER_CLASSES
CLASS:0
ACC:0.8325714285714285
PREC:0.36363636363636365
REC:0.4107142857142857
TNR:0.8944954128440367
FPR:0.6363636363636364
FPDR:0.6363636363636364
F1:0.3857442348008386
BACC:0
CLSFE:0.6363636363636364
MCC:0.2899535599041824
GMEAN:0.6061204868348731
SAMPLES:253
AUC:{}
AVGP:{}
CLASS:1
ACC:0.8325714285714285
PREC:0.9118236472945892
REC:0.8944954128440367
TNR:0.4107142857142857
FPR:0.08817635270541083
FPDR:0.08817635270541083
F1:0.9030764141581211
BACC:0
CLSFE:0.08817635270541083
MCC:0.2899535599041824
GMEAN:0.6061204868348731
SAMPLES:1497
AUC:{}
AVGP:{}
