

GENERAL_METRICS
ACC:0.801
PREC:0.7519268719514465
REC:0.7370185763471855
TNR:0.7370185763471855
FPR:0.24807312804855347
FPDR:0.24807312804855347
F1:0.7436462266399235
BACC:0.0
CLSFE:0.199
MCC:0.4887181131635355
GMEAN:0.72304914359701
SAMPLES:1000.0
AUC:{'AUC macro OVO': 0.7519268719514465}
AVGP:{'avg_precision': 0.8602702535240356}


METRICS_PER_CLASSES
CLASS:0
ACC:0.801
PREC:0.6533864541832669
REC:0.5942028985507246
TNR:0.8798342541436464
FPR:0.3466135458167331
FPDR:0.3466135458167331
F1:0.6223908918406073
BACC:0
CLSFE:0.3466135458167331
MCC:0.4887181131635355
GMEAN:0.72304914359701
SAMPLES:251
AUC:{}
AVGP:{}
CLASS:1
ACC:0.801
PREC:0.8504672897196262
REC:0.8798342541436464
TNR:0.5942028985507246
FPR:0.14953271028037382
FPDR:0.14953271028037382
F1:0.8649015614392397
BACC:0
CLSFE:0.14953271028037382
MCC:0.4887181131635355
GMEAN:0.72304914359701
SAMPLES:749
AUC:{}
AVGP:{}
