

GENERAL_METRICS
ACC:0.815
PREC:0.7693967386590337
REC:0.7503841871104595
TNR:0.7503841871104595
FPR:0.23060326134096626
FPDR:0.23060326134096626
F1:0.758709605053273
BACC:0.0
CLSFE:0.185
MCC:0.5194330887394489
GMEAN:0.7367630947685831
SAMPLES:1000.0
AUC:{'AUC macro OVO': 0.7693967386590337}
AVGP:{'avg_precision': 0.8733606325917193}


METRICS_PER_CLASSES
CLASS:0
ACC:0.815
PREC:0.680327868852459
REC:0.608058608058608
TNR:0.8927097661623109
FPR:0.319672131147541
FPDR:0.319672131147541
F1:0.6421663442940039
BACC:0
CLSFE:0.319672131147541
MCC:0.5194330887394489
GMEAN:0.7367630947685831
SAMPLES:244
AUC:{}
AVGP:{}
CLASS:1
ACC:0.815
PREC:0.8584656084656085
REC:0.8927097661623109
TNR:0.608058608058608
FPR:0.14153439153439154
FPDR:0.14153439153439154
F1:0.8752528658125421
BACC:0
CLSFE:0.14153439153439154
MCC:0.5194330887394489
GMEAN:0.7367630947685831
SAMPLES:756
AUC:{}
AVGP:{}
