

GENERAL_METRICS
ACC:0.785
PREC:0.7358152162061973
REC:0.7131821340390614
TNR:0.7131821340390614
FPR:0.2641847837938027
FPDR:0.2641847837938027
F1:0.7223567393058918
BACC:0.0
CLSFE:0.215
MCC:0.448426542611919
GMEAN:0.6937185828221815
SAMPLES:1000.0
AUC:{'AUC macro OVO': 0.7358152162061972}
AVGP:{'avg_precision': 0.8582856007330455}


METRICS_PER_CLASSES
CLASS:0
ACC:0.785
PREC:0.640495867768595
REC:0.5477031802120141
TNR:0.8786610878661087
FPR:0.359504132231405
FPDR:0.359504132231405
F1:0.5904761904761905
BACC:0
CLSFE:0.359504132231405
MCC:0.448426542611919
GMEAN:0.6937185828221815
SAMPLES:242
AUC:{}
AVGP:{}
CLASS:1
ACC:0.785
PREC:0.8311345646437994
REC:0.8786610878661087
TNR:0.5477031802120141
FPR:0.16886543535620052
FPDR:0.16886543535620052
F1:0.8542372881355932
BACC:0
CLSFE:0.16886543535620052
MCC:0.448426542611919
GMEAN:0.6937185828221815
SAMPLES:758
AUC:{}
AVGP:{}
