

GENERAL_METRICS
ACC:0.798
PREC:0.7581537227417618
REC:0.7366109434254315
TNR:0.7366109434254315
FPR:0.24184627725823815
FPDR:0.24184627725823815
F1:0.7455547661875035
BACC:0.0
CLSFE:0.202
MCC:0.4942954415598652
GMEAN:0.7216777827206509
SAMPLES:1000.0
AUC:{'AUC macro OVO': 0.7581537227417618}
AVGP:{'avg_precision': 0.8619533178837037}


METRICS_PER_CLASSES
CLASS:0
ACC:0.798
PREC:0.6771653543307087
REC:0.589041095890411
TNR:0.884180790960452
FPR:0.3228346456692913
FPDR:0.3228346456692913
F1:0.63003663003663
BACC:0
CLSFE:0.3228346456692913
MCC:0.4942954415598652
GMEAN:0.7216777827206509
SAMPLES:254
AUC:{}
AVGP:{}
CLASS:1
ACC:0.798
PREC:0.839142091152815
REC:0.884180790960452
TNR:0.589041095890411
FPR:0.16085790884718498
FPDR:0.16085790884718498
F1:0.8610729023383769
BACC:0
CLSFE:0.16085790884718498
MCC:0.4942954415598652
GMEAN:0.7216777827206509
SAMPLES:746
AUC:{}
AVGP:{}
