

GENERAL_METRICS
ACC:0.9272
PREC:0.5096563400134829
REC:0.5306490896049213
TNR:0.5306490896049213
FPR:0.49034365998651713
FPDR:0.49034365998651713
F1:0.5087522475034537
BACC:0.0
CLSFE:0.0728
MCC:0.03440686154410623
GMEAN:0.335358163471817
SAMPLES:3750.0
AUC:{'AUC macro OVO': 0.5096563400134829}
AVGP:{'avg_precision': 0.9418768788137936}


METRICS_PER_CLASSES
CLASS:0
ACC:0.9272
PREC:0.036036036036036036
REC:0.11940298507462686
TNR:0.9418951941352158
FPR:0.963963963963964
FPDR:0.963963963963964
F1:0.05536332179930796
BACC:0
CLSFE:0.963963963963964
MCC:0.03440686154410623
GMEAN:0.335358163471817
SAMPLES:222
AUC:{}
AVGP:{}
CLASS:1
ACC:0.9272
PREC:0.9832766439909297
REC:0.9418951941352158
TNR:0.11940298507462686
FPR:0.016723356009070295
FPDR:0.016723356009070295
F1:0.9621411732075995
BACC:0
CLSFE:0.016723356009070295
MCC:0.03440686154410623
GMEAN:0.335358163471817
SAMPLES:3528
AUC:{}
AVGP:{}
