

GENERAL_METRICS
ACC:0.9282666666666667
PREC:0.5229063735177866
REC:0.5751536912234916
TNR:0.5751536912234916
FPR:0.47709362648221343
FPDR:0.47709362648221343
F1:0.5284652719055051
BACC:0.0
CLSFE:0.07173333333333333
MCC:0.08298189013045426
GMEAN:0.4435092457251849
SAMPLES:3750.0
AUC:{'AUC macro OVO': 0.5229063735177866}
AVGP:{'avg_precision': 0.9413117236031233}


METRICS_PER_CLASSES
CLASS:0
ACC:0.9282666666666667
PREC:0.06086956521739131
REC:0.208955223880597
TNR:0.9413521585663861
FPR:0.9391304347826087
FPDR:0.9391304347826087
F1:0.09427609427609428
BACC:0
CLSFE:0.9391304347826087
MCC:0.08298189013045426
GMEAN:0.4435092457251849
SAMPLES:230
AUC:{}
AVGP:{}
CLASS:1
ACC:0.9282666666666667
PREC:0.9849431818181819
REC:0.9413521585663861
TNR:0.208955223880597
FPR:0.015056818181818182
FPDR:0.015056818181818182
F1:0.962654449534916
BACC:0
CLSFE:0.015056818181818182
MCC:0.08298189013045426
GMEAN:0.4435092457251849
SAMPLES:3520
AUC:{}
AVGP:{}
