

GENERAL_METRICS
ACC:0.9277333333333333
PREC:0.51493930015528
REC:0.5651911636227482
TNR:0.5651911636227482
FPR:0.48506069984471994
FPDR:0.48506069984471994
F1:0.515568311660825
BACC:0.0
CLSFE:0.07226666666666667
MCC:0.06241507384701906
GMEAN:0.42473399705847664
SAMPLES:3750.0
AUC:{'AUC macro OVO': 0.5149393001552801}
AVGP:{'avg_precision': 0.9380530072911543}


METRICS_PER_CLASSES
CLASS:0
ACC:0.9277333333333333
PREC:0.04184100418410042
REC:0.19230769230769232
TNR:0.9380746349378042
FPR:0.9581589958158996
FPDR:0.9581589958158996
F1:0.06872852233676977
BACC:0
CLSFE:0.9581589958158996
MCC:0.06241507384701906
GMEAN:0.42473399705847664
SAMPLES:239
AUC:{}
AVGP:{}
CLASS:1
ACC:0.9277333333333333
PREC:0.9880375961264597
REC:0.9380746349378042
TNR:0.19230769230769232
FPR:0.011962403873540303
FPDR:0.011962403873540303
F1:0.96240810098488
BACC:0
CLSFE:0.011962403873540303
MCC:0.06241507384701906
GMEAN:0.42473399705847664
SAMPLES:3511
AUC:{}
AVGP:{}
