

GENERAL_METRICS
ACC:0.9248
PREC:0.5045123984451282
REC:0.5240335083157533
TNR:0.5240335083157533
FPR:0.49548760155487187
FPDR:0.49548760155487187
F1:0.49756168944703755
BACC:0.0
CLSFE:0.0752
MCC:0.020827747411084018
GMEAN:0.3258608621432172
SAMPLES:3750.0
AUC:{'AUC macro OVO': 0.5045123984451282}
AVGP:{'avg_precision': 0.9344243721651}


METRICS_PER_CLASSES
CLASS:0
ACC:0.9248
PREC:0.020161290322580645
REC:0.11363636363636363
TNR:0.934430652995143
FPR:0.9798387096774194
FPDR:0.9798387096774194
F1:0.03424657534246575
BACC:0
CLSFE:0.9798387096774194
MCC:0.020827747411084018
GMEAN:0.3258608621432172
SAMPLES:248
AUC:{}
AVGP:{}
CLASS:1
ACC:0.9248
PREC:0.9888635065676756
REC:0.934430652995143
TNR:0.11363636363636363
FPR:0.011136493432324385
FPDR:0.011136493432324385
F1:0.9608768035516093
BACC:0
CLSFE:0.011136493432324385
MCC:0.020827747411084018
GMEAN:0.3258608621432172
SAMPLES:3502
AUC:{}
AVGP:{}
