

GENERAL_METRICS
ACC:0.9237647058823529
PREC:0.5542629572439304
REC:0.576039119804401
TNR:0.576039119804401
FPR:0.4457370427560697
FPDR:0.4457370427560697
F1:0.5625038126029402
BACC:0.0
CLSFE:0.07623529411764705
MCC:0.12846956848705152
GMEAN:0.43636641474999016
SAMPLES:4250.0
AUC:{'AUC macro OVO': 0.5542629572439304}
AVGP:{'avg_precision': 0.9518960321997173}


METRICS_PER_CLASSES
CLASS:0
ACC:0.9237647058823529
PREC:0.14035087719298245
REC:0.2
TNR:0.952078239608802
FPR:0.8596491228070176
FPDR:0.8596491228070176
F1:0.16494845360824742
BACC:0
CLSFE:0.8596491228070176
MCC:0.12846956848705152
GMEAN:0.43636641474999016
SAMPLES:228
AUC:{}
AVGP:{}
CLASS:1
ACC:0.9237647058823529
PREC:0.9681750372948782
REC:0.952078239608802
TNR:0.2
FPR:0.03182496270512183
FPDR:0.03182496270512183
F1:0.9600591715976331
BACC:0
CLSFE:0.03182496270512183
MCC:0.12846956848705152
GMEAN:0.43636641474999016
SAMPLES:4022
AUC:{}
AVGP:{}
