

GENERAL_METRICS
ACC:0.782
PREC:0.7201663464989129
REC:0.7136710987277458
TNR:0.7136710987277458
FPR:0.27983365350108713
FPDR:0.27983365350108713
F1:0.7167359667359667
BACC:0.0
CLSFE:0.218
MCC:0.4337888203229599
GMEAN:0.6985770357113795
SAMPLES:1000.0
AUC:{'AUC macro OVO': 0.7201663464989129}
AVGP:{'avg_precision': 0.8421497030484107}


METRICS_PER_CLASSES
CLASS:0
ACC:0.782
PREC:0.594488188976378
REC:0.5676691729323309
TNR:0.8596730245231607
FPR:0.40551181102362205
FPDR:0.40551181102362205
F1:0.5807692307692308
BACC:0
CLSFE:0.40551181102362205
MCC:0.4337888203229599
GMEAN:0.6985770357113795
SAMPLES:254
AUC:{}
AVGP:{}
CLASS:1
ACC:0.782
PREC:0.8458445040214477
REC:0.8596730245231607
TNR:0.5676691729323309
FPR:0.15415549597855227
FPDR:0.15415549597855227
F1:0.8527027027027027
BACC:0
CLSFE:0.15415549597855227
MCC:0.4337888203229599
GMEAN:0.6985770357113795
SAMPLES:746
AUC:{}
AVGP:{}
