

GENERAL_METRICS
ACC:0.753
PREC:0.6727121037094084
REC:0.6803792038435141
TNR:0.6803792038435141
FPR:0.32728789629059174
FPDR:0.32728789629059174
F1:0.6762061321577125
BACC:0.0
CLSFE:0.247
MCC:0.3530080552125773
GMEAN:0.664946806383149
SAMPLES:1000.0
AUC:{'AUC macro OVO': 0.6727121037094083}
AVGP:{'avg_precision': 0.8104696772325952}


METRICS_PER_CLASSES
CLASS:0
ACC:0.753
PREC:0.5018867924528302
REC:0.5362903225806451
TNR:0.824468085106383
FPR:0.4981132075471698
FPDR:0.4981132075471698
F1:0.5185185185185185
BACC:0
CLSFE:0.4981132075471698
MCC:0.3530080552125773
GMEAN:0.664946806383149
SAMPLES:265
AUC:{}
AVGP:{}
CLASS:1
ACC:0.753
PREC:0.8435374149659864
REC:0.824468085106383
TNR:0.5362903225806451
FPR:0.1564625850340136
FPDR:0.1564625850340136
F1:0.8338937457969066
BACC:0
CLSFE:0.1564625850340136
MCC:0.3530080552125773
GMEAN:0.664946806383149
SAMPLES:735
AUC:{}
AVGP:{}
