

GENERAL_METRICS
ACC:0.772
PREC:0.7055111791953896
REC:0.7034839628336025
TNR:0.7034839628336025
FPR:0.2944888208046103
FPDR:0.2944888208046103
F1:0.704477936944924
BACC:0.0
CLSFE:0.228
MCC:0.4089901179700287
GMEAN:0.68847322949747
SAMPLES:1000.0
AUC:{'AUC macro OVO': 0.7055111791953896}
AVGP:{'avg_precision': 0.8312771292598472}


METRICS_PER_CLASSES
CLASS:0
ACC:0.772
PREC:0.5675675675675675
REC:0.55893536121673
TNR:0.8480325644504749
FPR:0.43243243243243246
FPDR:0.43243243243243246
F1:0.5632183908045977
BACC:0
CLSFE:0.43243243243243246
MCC:0.4089901179700287
GMEAN:0.68847322949747
SAMPLES:259
AUC:{}
AVGP:{}
CLASS:1
ACC:0.772
PREC:0.8434547908232118
REC:0.8480325644504749
TNR:0.55893536121673
FPR:0.15654520917678813
FPDR:0.15654520917678813
F1:0.8457374830852503
BACC:0
CLSFE:0.15654520917678813
MCC:0.4089901179700287
GMEAN:0.68847322949747
SAMPLES:741
AUC:{}
AVGP:{}
