

GENERAL_METRICS
ACC:0.771
PREC:0.6934514574153375
REC:0.702216515745371
TNR:0.702216515745371
FPR:0.30654854258466246
FPDR:0.30654854258466246
F1:0.6974705099801705
BACC:0.0
CLSFE:0.229
MCC:0.3955708770088798
GMEAN:0.6891431144497779
SAMPLES:1000.0
AUC:{'AUC macro OVO': 0.6934514574153375}
AVGP:{'avg_precision': 0.8228542148997648}


METRICS_PER_CLASSES
CLASS:0
ACC:0.771
PREC:0.5305343511450382
REC:0.5673469387755102
TNR:0.8370860927152318
FPR:0.46946564885496184
FPDR:0.46946564885496184
F1:0.5483234714003945
BACC:0
CLSFE:0.46946564885496184
MCC:0.3955708770088798
GMEAN:0.6891431144497779
SAMPLES:262
AUC:{}
AVGP:{}
CLASS:1
ACC:0.771
PREC:0.8563685636856369
REC:0.8370860927152318
TNR:0.5673469387755102
FPR:0.14363143631436315
FPDR:0.14363143631436315
F1:0.8466175485599464
BACC:0
CLSFE:0.14363143631436315
MCC:0.3955708770088798
GMEAN:0.6891431144497779
SAMPLES:738
AUC:{}
AVGP:{}
