

GENERAL_METRICS
ACC:0.8766666666666667
PREC:0.5419277984347423
REC:0.5535311890166051
TNR:0.5535311890166051
FPR:0.4580722015652578
FPDR:0.4580722015652578
F1:0.5462720732504905
BACC:0.0
CLSFE:0.12333333333333334
MCC:0.09475114570410871
GMEAN:0.41144344725820314
SAMPLES:3000.0
AUC:{'AUC macro OVO': 0.5419277984347421}
AVGP:{'avg_precision': 0.9234297749133976}


METRICS_PER_CLASSES
CLASS:0
ACC:0.8766666666666667
PREC:0.14056224899598393
REC:0.18324607329842932
TNR:0.923816304734781
FPR:0.8594377510040161
FPDR:0.8594377510040161
F1:0.1590909090909091
BACC:0
CLSFE:0.8594377510040161
MCC:0.09475114570410871
GMEAN:0.41144344725820314
SAMPLES:249
AUC:{}
AVGP:{}
CLASS:1
ACC:0.8766666666666667
PREC:0.9432933478735005
REC:0.923816304734781
TNR:0.18324607329842932
FPR:0.05670665212649945
FPDR:0.05670665212649945
F1:0.9334532374100719
BACC:0
CLSFE:0.05670665212649945
MCC:0.09475114570410871
GMEAN:0.41144344725820314
SAMPLES:2751
AUC:{}
AVGP:{}
