

GENERAL_METRICS
ACC:0.8916666666666667
PREC:0.5670111830380663
REC:0.5892390853405569
TNR:0.5892390853405569
FPR:0.4329888169619337
FPDR:0.4329888169619337
F1:0.5755479023577335
BACC:0.0
CLSFE:0.10833333333333334
MCC:0.15466113515561275
GMEAN:0.47975163927698883
SAMPLES:3000.0
AUC:{'AUC macro OVO': 0.5670111830380663}
AVGP:{'avg_precision': 0.9308609350790793}


METRICS_PER_CLASSES
CLASS:0
ACC:0.8916666666666667
PREC:0.18143459915611815
REC:0.2471264367816092
TNR:0.9313517338995047
FPR:0.8185654008438819
FPDR:0.8185654008438819
F1:0.20924574209245742
BACC:0
CLSFE:0.8185654008438819
MCC:0.15466113515561275
GMEAN:0.47975163927698883
SAMPLES:237
AUC:{}
AVGP:{}
CLASS:1
ACC:0.8916666666666667
PREC:0.9525877669200145
REC:0.9313517338995047
TNR:0.2471264367816092
FPR:0.04741223307998552
FPDR:0.04741223307998552
F1:0.9418500626230095
BACC:0
CLSFE:0.04741223307998552
MCC:0.15466113515561275
GMEAN:0.47975163927698883
SAMPLES:2763
AUC:{}
AVGP:{}
