

GENERAL_METRICS
ACC:0.8813333333333333
PREC:0.5498189093166845
REC:0.5754693910822487
TNR:0.5754693910822487
FPR:0.4501810906833155
FPDR:0.4501810906833155
F1:0.5578818733223936
BACC:0.0
CLSFE:0.11866666666666667
MCC:0.12263446090739659
GMEAN:0.4608110453892722
SAMPLES:3000.0
AUC:{'AUC macro OVO': 0.5498189093166845}
AVGP:{'avg_precision': 0.9197653923405252}


METRICS_PER_CLASSES
CLASS:0
ACC:0.8813333333333333
PREC:0.1471698113207547
REC:0.23076923076923078
TNR:0.9201695513952667
FPR:0.8528301886792453
FPDR:0.8528301886792453
F1:0.17972350230414746
BACC:0
CLSFE:0.8528301886792453
MCC:0.12263446090739659
GMEAN:0.4608110453892722
SAMPLES:265
AUC:{}
AVGP:{}
CLASS:1
ACC:0.8813333333333333
PREC:0.9524680073126143
REC:0.9201695513952667
TNR:0.23076923076923078
FPR:0.04753199268738574
FPDR:0.04753199268738574
F1:0.9360402443406396
BACC:0
CLSFE:0.04753199268738574
MCC:0.12263446090739659
GMEAN:0.4608110453892722
SAMPLES:2735
AUC:{}
AVGP:{}
