

GENERAL_METRICS
ACC:0.8866666666666667
PREC:0.5496944331271528
REC:0.5708977385856596
TNR:0.5708977385856596
FPR:0.4503055668728472
FPDR:0.4503055668728472
F1:0.5569563072047592
BACC:0.0
CLSFE:0.11333333333333333
MCC:0.11871348582214955
GMEAN:0.44683958819954983
SAMPLES:3000.0
AUC:{'AUC macro OVO': 0.5496944331271528}
AVGP:{'avg_precision': 0.9258512900738403}


METRICS_PER_CLASSES
CLASS:0
ACC:0.8866666666666667
PREC:0.1469387755102041
REC:0.2155688622754491
TNR:0.9262266148958701
FPR:0.8530612244897959
FPDR:0.8530612244897959
F1:0.17475728155339806
BACC:0
CLSFE:0.8530612244897959
MCC:0.11871348582214955
GMEAN:0.44683958819954983
SAMPLES:245
AUC:{}
AVGP:{}
CLASS:1
ACC:0.8866666666666667
PREC:0.9524500907441016
REC:0.9262266148958701
TNR:0.2155688622754491
FPR:0.047549909255898366
FPDR:0.047549909255898366
F1:0.9391553328561203
BACC:0
CLSFE:0.047549909255898366
MCC:0.11871348582214955
GMEAN:0.44683958819954983
SAMPLES:2755
AUC:{}
AVGP:{}
