

GENERAL_METRICS
ACC:0.801
PREC:0.747074740383209
REC:0.7405372281185318
TNR:0.7405372281185318
FPR:0.25292525961679097
FPDR:0.25292525961679097
F1:0.7436462266399235
BACC:0.0
CLSFE:0.199
MCC:0.4875681416576887
GMEAN:0.7288813058617805
SAMPLES:1000.0
AUC:{'AUC macro OVO': 0.7470747403832091}
AVGP:{'avg_precision': 0.8530964303228971}


METRICS_PER_CLASSES
CLASS:0
ACC:0.801
PREC:0.6356589147286822
REC:0.6096654275092936
TNR:0.8714090287277702
FPR:0.3643410852713178
FPDR:0.3643410852713178
F1:0.6223908918406073
BACC:0
CLSFE:0.3643410852713178
MCC:0.4875681416576887
GMEAN:0.7288813058617805
SAMPLES:258
AUC:{}
AVGP:{}
CLASS:1
ACC:0.801
PREC:0.8584905660377359
REC:0.8714090287277702
TNR:0.6096654275092936
FPR:0.14150943396226415
FPDR:0.14150943396226415
F1:0.8649015614392397
BACC:0
CLSFE:0.14150943396226415
MCC:0.4875681416576887
GMEAN:0.7288813058617805
SAMPLES:742
AUC:{}
AVGP:{}
