

GENERAL_METRICS
ACC:0.779
PREC:0.7314645232186802
REC:0.7178970373967946
TNR:0.7178970373967946
FPR:0.26853547678131984
FPDR:0.26853547678131984
F1:0.723815938944577
BACC:0.0
CLSFE:0.221
MCC:0.44915669369079647
GMEAN:0.7030012673765085
SAMPLES:1000.0
AUC:{'AUC macro OVO': 0.7314645232186803}
AVGP:{'avg_precision': 0.8421168421656123}


METRICS_PER_CLASSES
CLASS:0
ACC:0.779
PREC:0.6311787072243346
REC:0.5724137931034483
TNR:0.8633802816901408
FPR:0.3688212927756654
FPDR:0.3688212927756654
F1:0.6003616636528029
BACC:0
CLSFE:0.3688212927756654
MCC:0.44915669369079647
GMEAN:0.7030012673765085
SAMPLES:263
AUC:{}
AVGP:{}
CLASS:1
ACC:0.779
PREC:0.8317503392130258
REC:0.8633802816901408
TNR:0.5724137931034483
FPR:0.16824966078697423
FPDR:0.16824966078697423
F1:0.8472702142363511
BACC:0
CLSFE:0.16824966078697423
MCC:0.44915669369079647
GMEAN:0.7030012673765085
SAMPLES:737
AUC:{}
AVGP:{}
