

GENERAL_METRICS
ACC:0.787
PREC:0.7375256004468441
REC:0.7263406123867113
TNR:0.7263406123867113
FPR:0.2624743995531558
FPDR:0.2624743995531558
F1:0.7313912796746429
BACC:0.0
CLSFE:0.213
MCC:0.4637313440459251
GMEAN:0.7127661206008221
SAMPLES:1000.0
AUC:{'AUC macro OVO': 0.7375256004468442}
AVGP:{'avg_precision': 0.8457988570262271}


METRICS_PER_CLASSES
CLASS:0
ACC:0.787
PREC:0.6335877862595419
REC:0.5865724381625441
TNR:0.8661087866108786
FPR:0.366412213740458
FPDR:0.366412213740458
F1:0.6091743119266055
BACC:0
CLSFE:0.366412213740458
MCC:0.4637313440459251
GMEAN:0.7127661206008221
SAMPLES:262
AUC:{}
AVGP:{}
CLASS:1
ACC:0.787
PREC:0.8414634146341463
REC:0.8661087866108786
TNR:0.5865724381625441
FPR:0.15853658536585366
FPDR:0.15853658536585366
F1:0.8536082474226804
BACC:0
CLSFE:0.15853658536585366
MCC:0.4637313440459251
GMEAN:0.7127661206008221
SAMPLES:738
AUC:{}
AVGP:{}
