

GENERAL_METRICS
ACC:0.797
PREC:0.7460464664735247
REC:0.7409820642165106
TNR:0.7409820642165106
FPR:0.25395353352647526
FPDR:0.25395353352647526
F1:0.7434118139267978
BACC:0.0
CLSFE:0.203
MCC:0.48700219869716577
GMEAN:0.730355672997746
SAMPLES:1000.0
AUC:{'AUC macro OVO': 0.7460464664735248}
AVGP:{'avg_precision': 0.8467856157620616}


METRICS_PER_CLASSES
CLASS:0
ACC:0.797
PREC:0.6367041198501873
REC:0.6159420289855072
TNR:0.8660220994475138
FPR:0.36329588014981273
FPDR:0.36329588014981273
F1:0.6261510128913443
BACC:0
CLSFE:0.36329588014981273
MCC:0.48700219869716577
GMEAN:0.730355672997746
SAMPLES:267
AUC:{}
AVGP:{}
CLASS:1
ACC:0.797
PREC:0.8553888130968622
REC:0.8660220994475138
TNR:0.6159420289855072
FPR:0.1446111869031378
FPDR:0.1446111869031378
F1:0.8606726149622512
BACC:0
CLSFE:0.1446111869031378
MCC:0.48700219869716577
GMEAN:0.730355672997746
SAMPLES:733
AUC:{}
AVGP:{}
