

GENERAL_METRICS
ACC:0.8803636363636363
PREC:0.6022356941375548
REC:0.6458264802631579
TNR:0.6458264802631579
FPR:0.3977643058624452
FPDR:0.3977643058624452
F1:0.618032819413854
BACC:0.0
CLSFE:0.11963636363636364
MCC:0.24420214113181218
GMEAN:0.5856879951233241
SAMPLES:2750.0
AUC:{'AUC macro OVO': 0.6022356941375548}
AVGP:{'avg_precision': 0.9169975399499245}


METRICS_PER_CLASSES
CLASS:0
ACC:0.8803636363636363
PREC:0.2526690391459075
REC:0.3736842105263158
TNR:0.91796875
FPR:0.7473309608540926
FPDR:0.7473309608540926
F1:0.30148619957537154
BACC:0
CLSFE:0.7473309608540926
MCC:0.24420214113181218
GMEAN:0.5856879951233241
SAMPLES:281
AUC:{}
AVGP:{}
CLASS:1
ACC:0.8803636363636363
PREC:0.9518023491292021
REC:0.91796875
TNR:0.3736842105263158
FPR:0.048197650870797894
FPDR:0.048197650870797894
F1:0.9345794392523364
BACC:0
CLSFE:0.048197650870797894
MCC:0.24420214113181218
GMEAN:0.5856879951233241
SAMPLES:2469
AUC:{}
AVGP:{}
