

GENERAL_METRICS
ACC:0.8949090909090909
PREC:0.5796638702227417
REC:0.6152863661187745
TNR:0.6152863661187745
FPR:0.42033612977725837
FPDR:0.42033612977725837
F1:0.5925067385721149
BACC:0.0
CLSFE:0.1050909090909091
MCC:0.191668026639161
GMEAN:0.5287565900542687
SAMPLES:2750.0
AUC:{'AUC macro OVO': 0.5796638702227417}
AVGP:{'avg_precision': 0.929374878768382}


METRICS_PER_CLASSES
CLASS:0
ACC:0.8949090909090909
PREC:0.20175438596491227
REC:0.3006535947712418
TNR:0.9299191374663073
FPR:0.7982456140350878
FPDR:0.7982456140350878
F1:0.24146981627296588
BACC:0
CLSFE:0.7982456140350878
MCC:0.191668026639161
GMEAN:0.5287565900542687
SAMPLES:228
AUC:{}
AVGP:{}
CLASS:1
ACC:0.8949090909090909
PREC:0.957573354480571
REC:0.9299191374663073
TNR:0.3006535947712418
FPR:0.042426645519429027
FPDR:0.042426645519429027
F1:0.943543660871264
BACC:0
CLSFE:0.042426645519429027
MCC:0.191668026639161
GMEAN:0.5287565900542687
SAMPLES:2522
AUC:{}
AVGP:{}
