

GENERAL_METRICS
ACC:0.8996363636363637
PREC:0.6253987679568588
REC:0.6462325858942874
TNR:0.6462325858942874
FPR:0.37460123204314116
FPDR:0.37460123204314116
F1:0.6346633704542304
BACC:0.0
CLSFE:0.10036363636363636
MCC:0.27083121021248036
GMEAN:0.5758443402777158
SAMPLES:2750.0
AUC:{'AUC macro OVO': 0.6253987679568589}
AVGP:{'avg_precision': 0.9385724716194986}


METRICS_PER_CLASSES
CLASS:0
ACC:0.8996363636363637
PREC:0.2986425339366516
REC:0.35294117647058826
TNR:0.9395239953179867
FPR:0.7013574660633484
FPDR:0.7013574660633484
F1:0.3235294117647059
BACC:0
CLSFE:0.7013574660633484
MCC:0.27083121021248036
GMEAN:0.5758443402777158
SAMPLES:221
AUC:{}
AVGP:{}
CLASS:1
ACC:0.8996363636363637
PREC:0.952155001977066
REC:0.9395239953179867
TNR:0.35294117647058826
FPR:0.04784499802293397
FPDR:0.04784499802293397
F1:0.9457973291437549
BACC:0
CLSFE:0.04784499802293397
MCC:0.27083121021248036
GMEAN:0.5758443402777158
SAMPLES:2529
AUC:{}
AVGP:{}
