

GENERAL_METRICS
ACC:0.9003636363636364
PREC:0.6448137015822606
REC:0.6659916595915681
TNR:0.6659916595915681
FPR:0.35518629841773947
FPDR:0.35518629841773947
F1:0.6543736525847439
BACC:0.0
CLSFE:0.09963636363636363
MCC:0.31008299958067703
GMEAN:0.6070020016635039
SAMPLES:2750.0
AUC:{'AUC macro OVO': 0.6448137015822606}
AVGP:{'avg_precision': 0.9388695519695163}


METRICS_PER_CLASSES
CLASS:0
ACC:0.9003636363636364
PREC:0.33766233766233766
REC:0.39195979899497485
TNR:0.9400235201881615
FPR:0.6623376623376623
FPDR:0.6623376623376623
F1:0.3627906976744186
BACC:0
CLSFE:0.6623376623376623
MCC:0.31008299958067703
GMEAN:0.6070020016635039
SAMPLES:231
AUC:{}
AVGP:{}
CLASS:1
ACC:0.9003636363636364
PREC:0.9519650655021834
REC:0.9400235201881615
TNR:0.39195979899497485
FPR:0.048034934497816595
FPDR:0.048034934497816595
F1:0.945956607495069
BACC:0
CLSFE:0.048034934497816595
MCC:0.31008299958067703
GMEAN:0.6070020016635039
SAMPLES:2519
AUC:{}
AVGP:{}
