

GENERAL_METRICS
ACC:0.898
PREC:0.7912063632346442
REC:0.7643070212819292
TNR:0.7643070212819292
FPR:0.20879363676535573
FPDR:0.20879363676535573
F1:0.7767226830053127
BACC:0.0
CLSFE:0.102
MCC:0.5548617357320373
GMEAN:0.7415370330830314
SAMPLES:2000.0
AUC:{'AUC macro OVO': 0.7912063632346443}
AVGP:{'avg_precision': 0.9445704739630566}


METRICS_PER_CLASSES
CLASS:0
ACC:0.898
PREC:0.6491935483870968
REC:0.579136690647482
TNR:0.9494773519163763
FPR:0.35080645161290325
FPDR:0.35080645161290325
F1:0.6121673003802282
BACC:0
CLSFE:0.35080645161290325
MCC:0.5548617357320373
GMEAN:0.7415370330830314
SAMPLES:248
AUC:{}
AVGP:{}
CLASS:1
ACC:0.898
PREC:0.9332191780821918
REC:0.9494773519163763
TNR:0.579136690647482
FPR:0.06678082191780822
FPDR:0.06678082191780822
F1:0.9412780656303973
BACC:0
CLSFE:0.06678082191780822
MCC:0.5548617357320373
GMEAN:0.7415370330830314
SAMPLES:1752
AUC:{}
AVGP:{}
