

GENERAL_METRICS
ACC:0.885
PREC:0.7340930696666108
REC:0.7291883665018442
TNR:0.7291883665018442
FPR:0.2659069303333892
FPDR:0.2659069303333892
F1:0.73159938757982
BACC:0.0
CLSFE:0.115
MCC:0.46325547269856593
GMEAN:0.6992133489686134
SAMPLES:2000.0
AUC:{'AUC macro OVO': 0.7340930696666109}
AVGP:{'avg_precision': 0.9323119573786771}


METRICS_PER_CLASSES
CLASS:0
ACC:0.885
PREC:0.5352697095435685
REC:0.5222672064777328
TNR:0.9361095265259555
FPR:0.46473029045643155
FPDR:0.46473029045643155
F1:0.5286885245901639
BACC:0
CLSFE:0.46473029045643155
MCC:0.46325547269856593
GMEAN:0.6992133489686134
SAMPLES:241
AUC:{}
AVGP:{}
CLASS:1
ACC:0.885
PREC:0.9329164297896532
REC:0.9361095265259555
TNR:0.5222672064777328
FPR:0.06708357021034679
FPDR:0.06708357021034679
F1:0.9345102505694761
BACC:0
CLSFE:0.06708357021034679
MCC:0.46325547269856593
GMEAN:0.6992133489686134
SAMPLES:1759
AUC:{}
AVGP:{}
