

GENERAL_METRICS
ACC:0.8875
PREC:0.7705018759175684
REC:0.7551996125939788
TNR:0.7551996125939788
FPR:0.22949812408243164
FPDR:0.22949812408243164
F1:0.762482720617925
BACC:0.0
CLSFE:0.1125
MCC:0.5254787300742361
GMEAN:0.7322457828734825
SAMPLES:2000.0
AUC:{'AUC macro OVO': 0.7705018759175684}
AVGP:{'avg_precision': 0.9348803463587325}


METRICS_PER_CLASSES
CLASS:0
ACC:0.8875
PREC:0.6113207547169811
REC:0.5704225352112676
TNR:0.9399766899766899
FPR:0.3886792452830189
FPDR:0.3886792452830189
F1:0.5901639344262295
BACC:0
CLSFE:0.3886792452830189
MCC:0.5254787300742361
GMEAN:0.7322457828734825
SAMPLES:265
AUC:{}
AVGP:{}
CLASS:1
ACC:0.8875
PREC:0.9296829971181556
REC:0.9399766899766899
TNR:0.5704225352112676
FPR:0.07031700288184438
FPDR:0.07031700288184438
F1:0.9348015068096204
BACC:0
CLSFE:0.07031700288184438
MCC:0.5254787300742361
GMEAN:0.7322457828734825
SAMPLES:1735
AUC:{}
AVGP:{}
