

GENERAL_METRICS
ACC:0.8875
PREC:0.7659761742667098
REC:0.7521766558878333
TNR:0.7521766558878333
FPR:0.23402382573329014
FPDR:0.23402382573329014
F1:0.758775092080908
BACC:0.0
CLSFE:0.1125
MCC:0.5179690422116692
GMEAN:0.7284506133743516
SAMPLES:2000.0
AUC:{'AUC macro OVO': 0.7659761742667097}
AVGP:{'avg_precision': 0.9347271814404664}


METRICS_PER_CLASSES
CLASS:0
ACC:0.8875
PREC:0.6015325670498084
REC:0.564748201438849
TNR:0.9396051103368177
FPR:0.39846743295019155
FPDR:0.39846743295019155
F1:0.5825602968460112
BACC:0
CLSFE:0.39846743295019155
MCC:0.5179690422116692
GMEAN:0.7284506133743516
SAMPLES:261
AUC:{}
AVGP:{}
CLASS:1
ACC:0.8875
PREC:0.9304197814836113
REC:0.9396051103368177
TNR:0.564748201438849
FPR:0.06958021851638872
FPDR:0.06958021851638872
F1:0.9349898873158047
BACC:0
CLSFE:0.06958021851638872
MCC:0.5179690422116692
GMEAN:0.7284506133743516
SAMPLES:1739
AUC:{}
AVGP:{}
