

GENERAL_METRICS
ACC:0.9014545454545455
PREC:0.5030926684096253
REC:0.5163184919462614
TNR:0.5163184919462614
FPR:0.49690733159037476
FPDR:0.49690733159037476
F1:0.49183076617805593
BACC:0.0
CLSFE:0.09854545454545455
MCC:0.014208122259458115
GMEAN:0.3297887788752255
SAMPLES:2750.0
AUC:{'AUC macro OVO': 0.5030926684096253}
AVGP:{'avg_precision': 0.9135820200169876}


METRICS_PER_CLASSES
CLASS:0
ACC:0.9014545454545455
PREC:0.02092050209205021
REC:0.11904761904761904
TNR:0.9135893648449039
FPR:0.9790794979079498
FPDR:0.9790794979079498
F1:0.03558718861209965
BACC:0
CLSFE:0.9790794979079498
MCC:0.014208122259458115
GMEAN:0.3297887788752255
SAMPLES:239
AUC:{}
AVGP:{}
CLASS:1
ACC:0.9014545454545455
PREC:0.9852648347272003
REC:0.9135893648449039
TNR:0.11904761904761904
FPR:0.014735165272799682
FPDR:0.014735165272799682
F1:0.9480743437440122
BACC:0
CLSFE:0.014735165272799682
MCC:0.014208122259458115
GMEAN:0.3297887788752255
SAMPLES:2511
AUC:{}
AVGP:{}
