

GENERAL_METRICS
ACC:0.8992727272727272
PREC:0.5006516732572664
REC:0.5034905394949708
TNR:0.5034905394949708
FPR:0.4993483267427335
FPDR:0.4993483267427335
F1:0.4874770819666616
BACC:0.0
CLSFE:0.10072727272727272
MCC:0.003016415914495174
GMEAN:0.29467382835810757
SAMPLES:2750.0
AUC:{'AUC macro OVO': 0.5006516732572666}
AVGP:{'avg_precision': 0.911741367651173}


METRICS_PER_CLASSES
CLASS:0
ACC:0.8992727272727272
PREC:0.01646090534979424
REC:0.09523809523809523
TNR:0.9117429837518464
FPR:0.9835390946502057
FPDR:0.9835390946502057
F1:0.028070175438596492
BACC:0
CLSFE:0.9835390946502057
MCC:0.003016415914495174
GMEAN:0.29467382835810757
SAMPLES:243
AUC:{}
AVGP:{}
CLASS:1
ACC:0.8992727272727272
PREC:0.9848424411647387
REC:0.9117429837518464
TNR:0.09523809523809523
FPR:0.015157558835261268
FPDR:0.015157558835261268
F1:0.9468839884947268
BACC:0
CLSFE:0.015157558835261268
MCC:0.003016415914495174
GMEAN:0.29467382835810757
SAMPLES:2507
AUC:{}
AVGP:{}
