

GENERAL_METRICS
ACC:0.8952727272727272
PREC:0.5014
REC:0.5067465457685665
TNR:0.5067465457685665
FPR:0.4986
FPDR:0.4986
F1:0.4890968625902789
BACC:0.0
CLSFE:0.10472727272727272
MCC:0.006146597132070098
GMEAN:0.30776858610110547
SAMPLES:2750.0
AUC:{'AUC macro OVO': 0.5014000000000001}
AVGP:{'avg_precision': 0.909322373999058}


METRICS_PER_CLASSES
CLASS:0
ACC:0.8952727272727272
PREC:0.02
REC:0.10416666666666667
TNR:0.9093264248704663
FPR:0.98
FPDR:0.98
F1:0.03355704697986577
BACC:0
CLSFE:0.98
MCC:0.006146597132070098
GMEAN:0.30776858610110547
SAMPLES:250
AUC:{}
AVGP:{}
CLASS:1
ACC:0.8952727272727272
PREC:0.9828
REC:0.9093264248704663
TNR:0.10416666666666667
FPR:0.0172
FPDR:0.0172
F1:0.9446366782006921
BACC:0
CLSFE:0.0172
MCC:0.006146597132070098
GMEAN:0.30776858610110547
SAMPLES:2500
AUC:{}
AVGP:{}
