

GENERAL_METRICS
ACC:0.9069090909090909
PREC:0.5152198535657943
REC:0.5833025830258303
TNR:0.5833025830258303
FPR:0.48478014643420575
FPDR:0.48478014643420575
F1:0.5117295869676188
BACC:0.0
CLSFE:0.09309090909090909
MCC:0.07121385020641856
GMEAN:0.4786974947844569
SAMPLES:2750.0
AUC:{'AUC macro OVO': 0.5152198535657943}
AVGP:{'avg_precision': 0.9165762478193236}


METRICS_PER_CLASSES
CLASS:0
ACC:0.9069090909090909
PREC:0.0423728813559322
REC:0.25
TNR:0.9166051660516605
FPR:0.9576271186440678
FPDR:0.9576271186440678
F1:0.07246376811594203
BACC:0
CLSFE:0.9576271186440678
MCC:0.07121385020641856
GMEAN:0.4786974947844569
SAMPLES:236
AUC:{}
AVGP:{}
CLASS:1
ACC:0.9069090909090909
PREC:0.9880668257756563
REC:0.9166051660516605
TNR:0.25
FPR:0.011933174224343675
FPDR:0.011933174224343675
F1:0.9509954058192955
BACC:0
CLSFE:0.011933174224343675
MCC:0.07121385020641856
GMEAN:0.4786974947844569
SAMPLES:2514
AUC:{}
AVGP:{}
