

GENERAL_METRICS
ACC:0.92825
PREC:0.5458719559681531
REC:0.5902226631393298
TNR:0.5902226631393298
FPR:0.454128044031847
FPDR:0.454128044031847
F1:0.5579649290606871
BACC:0.0
CLSFE:0.07175
MCC:0.12866530271766108
GMEAN:0.46919254535937727
SAMPLES:4000.0
AUC:{'AUC macro OVO': 0.5458719559681531}
AVGP:{'avg_precision': 0.9481873055138362}


METRICS_PER_CLASSES
CLASS:0
ACC:0.92825
PREC:0.1145374449339207
REC:0.23214285714285715
TNR:0.9483024691358025
FPR:0.8854625550660793
FPDR:0.8854625550660793
F1:0.15339233038348082
BACC:0
CLSFE:0.8854625550660793
MCC:0.12866530271766108
GMEAN:0.46919254535937727
SAMPLES:227
AUC:{}
AVGP:{}
CLASS:1
ACC:0.92825
PREC:0.9772064670023853
REC:0.9483024691358025
TNR:0.23214285714285715
FPR:0.02279353299761463
FPDR:0.02279353299761463
F1:0.9625375277378933
BACC:0
CLSFE:0.02279353299761463
MCC:0.12866530271766108
GMEAN:0.46919254535937727
SAMPLES:3773
AUC:{}
AVGP:{}
