

GENERAL_METRICS
ACC:0.93025
PREC:0.5540024299963268
REC:0.6179217343231717
TNR:0.6179217343231717
FPR:0.4459975700036733
FPDR:0.4459975700036733
F1:0.5702864641391348
BACC:0.0
CLSFE:0.06975
MCC:0.15960025316812654
GMEAN:0.5227650036983832
SAMPLES:4000.0
AUC:{'AUC macro OVO': 0.5540024299963267}
AVGP:{'avg_precision': 0.9472614088478393}


METRICS_PER_CLASSES
CLASS:0
ACC:0.93025
PREC:0.1276595744680851
REC:0.28846153846153844
TNR:0.9473819301848049
FPR:0.8723404255319149
FPDR:0.8723404255319149
F1:0.17699115044247787
BACC:0
CLSFE:0.8723404255319149
MCC:0.15960025316812654
GMEAN:0.5227650036983832
SAMPLES:235
AUC:{}
AVGP:{}
CLASS:1
ACC:0.93025
PREC:0.9803452855245683
REC:0.9473819301848049
TNR:0.28846153846153844
FPR:0.019654714475431607
FPDR:0.019654714475431607
F1:0.9635817778357917
BACC:0
CLSFE:0.019654714475431607
MCC:0.15960025316812654
GMEAN:0.5227650036983832
SAMPLES:3765
AUC:{}
AVGP:{}
