

GENERAL_METRICS
ACC:0.926
PREC:0.533563471835475
REC:0.5781190526127722
TNR:0.5781190526127722
FPR:0.46643652816452497
FPDR:0.46643652816452497
F1:0.5428140720592982
BACC:0.0
CLSFE:0.074
MCC:0.10240989448647576
GMEAN:0.44751225653539795
SAMPLES:4000.0
AUC:{'AUC macro OVO': 0.533563471835475}
AVGP:{'avg_precision': 0.9440366969697569}


METRICS_PER_CLASSES
CLASS:0
ACC:0.926
PREC:0.08786610878661087
REC:0.21212121212121213
TNR:0.9441168931043322
FPR:0.9121338912133892
FPDR:0.9121338912133892
F1:0.1242603550295858
BACC:0
CLSFE:0.9121338912133892
MCC:0.10240989448647576
GMEAN:0.44751225653539795
SAMPLES:239
AUC:{}
AVGP:{}
CLASS:1
ACC:0.926
PREC:0.9792608348843392
REC:0.9441168931043322
TNR:0.21212121212121213
FPR:0.020739165115660728
FPDR:0.020739165115660728
F1:0.9613677890890107
BACC:0
CLSFE:0.020739165115660728
MCC:0.10240989448647576
GMEAN:0.44751225653539795
SAMPLES:3761
AUC:{}
AVGP:{}
