

GENERAL_METRICS
ACC:0.92575
PREC:0.546094267766882
REC:0.606252961617438
TNR:0.606252961617438
FPR:0.45390573223311803
FPDR:0.45390573223311803
F1:0.5599007331653695
BACC:0.0
CLSFE:0.07425
MCC:0.13996645975116212
GMEAN:0.5039431469013126
SAMPLES:4000.0
AUC:{'AUC macro OVO': 0.546094267766882}
AVGP:{'avg_precision': 0.9431632074020508}


METRICS_PER_CLASSES
CLASS:0
ACC:0.92575
PREC:0.11244979919678715
REC:0.2692307692307692
TNR:0.9432751540041068
FPR:0.8875502008032129
FPDR:0.8875502008032129
F1:0.15864022662889518
BACC:0
CLSFE:0.8875502008032129
MCC:0.13996645975116212
GMEAN:0.5039431469013126
SAMPLES:249
AUC:{}
AVGP:{}
CLASS:1
ACC:0.92575
PREC:0.9797387363369768
REC:0.9432751540041068
TNR:0.2692307692307692
FPR:0.020261263663023193
FPDR:0.020261263663023193
F1:0.9611612397018439
BACC:0
CLSFE:0.020261263663023193
MCC:0.13996645975116212
GMEAN:0.5039431469013126
SAMPLES:3751
AUC:{}
AVGP:{}
