

GENERAL_METRICS
ACC:0.492
PREC:0.492
REC:0.4919988478340881
TNR:0.4919988478340881
FPR:0.508
FPDR:0.508
F1:0.4919817113416083
BACC:0.0
CLSFE:0.508
MCC:-0.016001152124430932
GMEAN:0.49199883846551445
SAMPLES:1000.0
AUC:0.492
AVGP:0.4960647773279352


METRICS_PER_CLASSES

======>> CLASS:0
ACC:0.492
PREC:0.498
REC:0.49209486166007904
TNR:0.49190283400809715
FPR:0.502
FPDR:0.502
F1:0.49502982107355864
BACC:0
CLSFE:0.502
MCC:-0.016001152124430932
GMEAN:0.49199883846551445
SAMPLES:500
AUC:0.492
AVGP:0.4960647773279352

======>> CLASS:1
ACC:0.492
PREC:0.486
REC:0.49190283400809715
TNR:0.49209486166007904
FPR:0.514
FPDR:0.514
F1:0.48893360160965793
BACC:0
CLSFE:0.514
MCC:-0.016001152124430932
GMEAN:0.49199883846551445
SAMPLES:500
AUC:{}
AVGP:{}
