

GENERAL_METRICS
ACC:0.496
PREC:0.496
REC:0.4959994239170441
TNR:0.4959994239170441
FPR:0.504
FPDR:0.504
F1:0.4959818553467925
BACC:0.0
CLSFE:0.504
MCC:-0.008000576062215466
GMEAN:0.4959994215937917
SAMPLES:1000.0
AUC:0.496
AVGP:0.49801619433198385


METRICS_PER_CLASSES

======>> CLASS:0
ACC:0.496
PREC:0.502
REC:0.49604743083003955
TNR:0.4959514170040486
FPR:0.498
FPDR:0.498
F1:0.4990059642147117
BACC:0
CLSFE:0.498
MCC:-0.008000576062215466
GMEAN:0.4959994215937917
SAMPLES:500
AUC:0.496
AVGP:0.49801619433198385

======>> CLASS:1
ACC:0.496
PREC:0.49
REC:0.4959514170040486
TNR:0.49604743083003955
FPR:0.51
FPDR:0.51
F1:0.49295774647887325
BACC:0
CLSFE:0.51
MCC:-0.008000576062215466
GMEAN:0.4959994215937917
SAMPLES:500
AUC:{}
AVGP:{}
