

GENERAL_METRICS
ACC:0.499
PREC:0.499
REC:0.498999995999984
TNR:0.498999995999984
FPR:0.501
FPDR:0.501
F1:0.498999498999499
BACC:0.0
CLSFE:0.501
MCC:-0.002000004000012
GMEAN:0.49899999599597594
SAMPLES:1000.0
AUC:0.499
AVGP:0.49950100200400804


METRICS_PER_CLASSES

======>> CLASS:0
ACC:0.499
PREC:0.5
REC:0.499001996007984
TNR:0.49899799599198397
FPR:0.5
FPDR:0.5
F1:0.4995004995004995
BACC:0
CLSFE:0.5
MCC:-0.002000004000012
GMEAN:0.49899999599597594
SAMPLES:500
AUC:0.499
AVGP:0.49950100200400804

======>> CLASS:1
ACC:0.499
PREC:0.498
REC:0.49899799599198397
TNR:0.499001996007984
FPR:0.502
FPDR:0.502
F1:0.4984984984984985
BACC:0
CLSFE:0.502
MCC:-0.002000004000012
GMEAN:0.49899999599597594
SAMPLES:500
AUC:{}
AVGP:{}
