

GENERAL_METRICS
ACC:0.764
PREC:0.7696078431372549
REC:0.769243156199678
TNR:0.769243156199678
FPR:0.2303921568627451
FPDR:0.2303921568627451
F1:0.763996223939583
BACC:0.0
CLSFE:0.236
MCC:0.5388508759293695
GMEAN:0.7664460930336654
SAMPLES:500.0
AUC:{'AUC macro OVO': 0.769607843137255}
AVGP:{'avg_precision': 0.7492583120204603}


METRICS_PER_CLASSES
CLASS:0
ACC:0.764
PREC:0.8333333333333334
REC:0.7037037037037037
TNR:0.8347826086956521
FPR:0.16666666666666666
FPDR:0.16666666666666666
F1:0.7630522088353414
BACC:0
CLSFE:0.16666666666666666
MCC:0.5388508759293695
GMEAN:0.7664460930336654
SAMPLES:228
AUC:{}
AVGP:{}
CLASS:1
ACC:0.764
PREC:0.7058823529411765
REC:0.8347826086956521
TNR:0.7037037037037037
FPR:0.29411764705882354
FPDR:0.29411764705882354
F1:0.7649402390438247
BACC:0
CLSFE:0.29411764705882354
MCC:0.5388508759293695
GMEAN:0.7664460930336654
SAMPLES:272
AUC:{}
AVGP:{}
