

GENERAL_METRICS
ACC:0.758
PREC:0.758805267958586
REC:0.7630782744485654
TNR:0.7630782744485654
FPR:0.24119473204141395
FPDR:0.24119473204141395
F1:0.7571831641642486
BACC:0.0
CLSFE:0.242
MCC:0.52186604914573
GMEAN:0.7620462093216648
SAMPLES:500.0
AUC:{'AUC macro OVO': 0.758805267958586}
AVGP:{'avg_precision': 0.7112634441744933}


METRICS_PER_CLASSES
CLASS:0
ACC:0.758
PREC:0.8259109311740891
REC:0.723404255319149
TNR:0.8027522935779816
FPR:0.17408906882591094
FPDR:0.17408906882591094
F1:0.7712665406427222
BACC:0
CLSFE:0.17408906882591094
MCC:0.52186604914573
GMEAN:0.7620462093216648
SAMPLES:247
AUC:{}
AVGP:{}
CLASS:1
ACC:0.758
PREC:0.691699604743083
REC:0.8027522935779816
TNR:0.723404255319149
FPR:0.308300395256917
FPDR:0.308300395256917
F1:0.7430997876857749
BACC:0
CLSFE:0.308300395256917
MCC:0.52186604914573
GMEAN:0.7620462093216648
SAMPLES:253
AUC:{}
AVGP:{}
