

GENERAL_METRICS
ACC:0.774
PREC:0.7713573478253899
REC:0.7765668910528724
TNR:0.7765668910528724
FPR:0.22864265217461005
FPDR:0.22864265217461005
F1:0.7719852617730265
BACC:0.0
CLSFE:0.226
MCC:0.5478994727225825
GMEAN:0.7763622756884925
SAMPLES:500.0
AUC:{'AUC macro OVO': 0.77135734782539}
AVGP:{'avg_precision': 0.7030490751964963}


METRICS_PER_CLASSES
CLASS:0
ACC:0.774
PREC:0.8314176245210728
REC:0.7587412587412588
TNR:0.794392523364486
FPR:0.1685823754789272
FPDR:0.1685823754789272
F1:0.793418647166362
BACC:0
CLSFE:0.1685823754789272
MCC:0.5478994727225825
GMEAN:0.7763622756884925
SAMPLES:261
AUC:{}
AVGP:{}
CLASS:1
ACC:0.774
PREC:0.7112970711297071
REC:0.794392523364486
TNR:0.7587412587412588
FPR:0.28870292887029286
FPDR:0.28870292887029286
F1:0.7505518763796909
BACC:0
CLSFE:0.28870292887029286
MCC:0.5478994727225825
GMEAN:0.7763622756884925
SAMPLES:239
AUC:{}
AVGP:{}
