

GENERAL_METRICS
ACC:0.768
PREC:0.767537122375832
REC:0.7714285714285715
TNR:0.7714285714285715
FPR:0.23246287762416795
FPDR:0.23246287762416795
F1:0.7670458196773986
BACC:0.0
CLSFE:0.232
MCC:0.5389516450687686
GMEAN:0.7708992893275453
SAMPLES:500.0
AUC:{'AUC macro OVO': 0.767537122375832}
AVGP:{'avg_precision': 0.711741935483871}


METRICS_PER_CLASSES
CLASS:0
ACC:0.768
PREC:0.8253968253968254
REC:0.7428571428571429
TNR:0.8
FPR:0.1746031746031746
FPDR:0.1746031746031746
F1:0.7819548872180451
BACC:0
CLSFE:0.1746031746031746
MCC:0.5389516450687686
GMEAN:0.7708992893275453
SAMPLES:252
AUC:{}
AVGP:{}
CLASS:1
ACC:0.768
PREC:0.7096774193548387
REC:0.8
TNR:0.7428571428571429
FPR:0.2903225806451613
FPDR:0.2903225806451613
F1:0.7521367521367521
BACC:0
CLSFE:0.2903225806451613
MCC:0.5389516450687686
GMEAN:0.7708992893275453
SAMPLES:248
AUC:{}
AVGP:{}
