

GENERAL_METRICS
ACC:0.9855555555555555
PREC:0.9872769953051644
REC:0.9694728078477742
TNR:0.9922750120161954
FPR:0.01272300469483568
FPDR:0.01272300469483568
F1:0.9780820297472402
BACC:0.0
CLSFE:0.014444444444444444
MCC:0.9674617865692601
GMEAN:0.9807294126224343
SAMPLES:900.0
AUC:0.9994670122720926
AVGP:0.9987515965624142


METRICS_PER_CLASSES

======>> CLASS:0
ACC:0.9855555555555555
PREC:0.99
REC:0.9674267100977199
TNR:0.9949409780775716
FPR:0.01
FPDR:0.01
F1:0.9785831960461285
BACC:0
CLSFE:0.01
MCC:0.9678349806779823
GMEAN:0.981087395272711
SAMPLES:300
AUC:0.9994555555555557
AVGP:0.9988091949902164

======>> CLASS:1
ACC:0.9855555555555555
PREC:0.971830985915493
REC:0.9913793103448276
TNR:0.9818840579710145
FPR:0.028169014084507043
FPDR:0.028169014084507043
F1:0.9815078236130867
BACC:0
CLSFE:0.028169014084507043
MCC:0.9697886809760246
GMEAN:0.9866202614126091
SAMPLES:355
AUC:0.9989559374596202
AVGP:0.9984323750820898

======>> CLASS:2
ACC:0.9855555555555555
PREC:1.0
REC:0.9496124031007752
TNR:1.0
FPR:0.0
FPDR:0.0
F1:0.974155069582505
BACC:0
CLSFE:0.0
MCC:0.9647616980537731
GMEAN:0.9744805811819829
SAMPLES:245
AUC:0.9999096432466116
AVGP:0.9997335290036962
