

GENERAL_METRICS
ACC:0.9269333333333334
PREC:0.497424155695478
REC:0.46570203644158625
TNR:0.46570203644158625
FPR:0.5025758443045221
FPDR:0.5025758443045221
F1:0.48104068641018544
BACC:0.0
CLSFE:0.07306666666666667
MCC:-0.018798533356476976
GMEAN:0.0
SAMPLES:3750.0
AUC:{'AUC macro OVO': 0.497424155695478}
AVGP:{'avg_precision': 0.931405769130483}


METRICS_PER_CLASSES
CLASS:0
ACC:0.9269333333333334
PREC:0.0
REC:0.0
TNR:0.9314040728831725
FPR:1.0
FPDR:1.0
F1:0.0
BACC:0
CLSFE:1.0
MCC:-0.018798533356476976
GMEAN:0
SAMPLES:256
AUC:{}
AVGP:{}
CLASS:1
ACC:0.9269333333333334
PREC:0.994848311390956
REC:0.9314040728831725
TNR:0.0
FPR:0.005151688609044075
FPDR:0.005151688609044075
F1:0.9620813728203709
BACC:0
CLSFE:0.005151688609044075
MCC:-0.018798533356476976
GMEAN:0
SAMPLES:3494
AUC:{}
AVGP:{}
