

GENERAL_METRICS
ACC:0.9213333333333333
PREC:0.4986723462573671
REC:0.4914289360254084
TNR:0.4914289360254084
FPR:0.5013276537426329
FPDR:0.5013276537426329
F1:0.48620569699767635
BACC:0.0
CLSFE:0.07866666666666666
MCC:-0.006746674785169982
GMEAN:0.22126743679175212
SAMPLES:3750.0
AUC:{'AUC macro OVO': 0.4986723462573671}
AVGP:{'avg_precision': 0.9302280854360009}


METRICS_PER_CLASSES
CLASS:0
ACC:0.9213333333333333
PREC:0.007662835249042145
REC:0.05263157894736842
TNR:0.9302262931034483
FPR:0.9923371647509579
FPDR:0.9923371647509579
F1:0.013377926421404682
BACC:0
CLSFE:0.9923371647509579
MCC:-0.006746674785169982
GMEAN:0.22126743679175212
SAMPLES:261
AUC:{}
AVGP:{}
CLASS:1
ACC:0.9213333333333333
PREC:0.9896818572656921
REC:0.9302262931034483
TNR:0.05263157894736842
FPR:0.010318142734307825
FPDR:0.010318142734307825
F1:0.959033467573948
BACC:0
CLSFE:0.010318142734307825
MCC:-0.006746674785169982
GMEAN:0.22126743679175212
SAMPLES:3489
AUC:{}
AVGP:{}
