

GENERAL_METRICS
ACC:0.9266666666666666
PREC:0.4989564924682319
REC:0.4886607491221225
TNR:0.4886607491221225
FPR:0.5010435075317681
FPDR:0.5010435075317681
F1:0.48457369683986823
BACC:0.0
CLSFE:0.07333333333333333
MCC:-0.006879707463453045
GMEAN:0.20580959346728267
SAMPLES:3750.0
AUC:{'AUC macro OVO': 0.4989564924682319}
AVGP:{'avg_precision': 0.9318677522149974}


METRICS_PER_CLASSES
CLASS:0
ACC:0.9266666666666666
PREC:0.00392156862745098
REC:0.045454545454545456
TNR:0.9318669527896996
FPR:0.996078431372549
FPDR:0.996078431372549
F1:0.007220216606498195
BACC:0
CLSFE:0.996078431372549
MCC:-0.006879707463453045
GMEAN:0.20580959346728267
SAMPLES:255
AUC:{}
AVGP:{}
CLASS:1
ACC:0.9266666666666666
PREC:0.9939914163090129
REC:0.9318669527896996
TNR:0.045454545454545456
FPR:0.006008583690987125
FPDR:0.006008583690987125
F1:0.9619271770732383
BACC:0
CLSFE:0.006008583690987125
MCC:-0.006879707463453045
GMEAN:0.20580959346728267
SAMPLES:3495
AUC:{}
AVGP:{}
