

GENERAL_METRICS
ACC:0.9314666666666667
PREC:0.49701195219123506
REC:0.46835612764816303
TNR:0.46835612764816303
FPR:0.5029880478087649
FPDR:0.5029880478087649
F1:0.48225873256937735
BACC:0.0
CLSFE:0.06853333333333333
MCC:-0.019447714872626438
GMEAN:0.0
SAMPLES:3750.0
AUC:{'AUC macro OVO': 0.49701195219123506}
AVGP:{'avg_precision': 0.9367143732925632}


METRICS_PER_CLASSES
CLASS:0
ACC:0.9314666666666667
PREC:0.0
REC:0.0
TNR:0.9367122552963261
FPR:1.0
FPDR:1.0
F1:0.0
BACC:0
CLSFE:1.0
MCC:-0.019447714872626438
GMEAN:0
SAMPLES:236
AUC:{}
AVGP:{}
CLASS:1
ACC:0.9314666666666667
PREC:0.9940239043824701
REC:0.9367122552963261
TNR:0.0
FPR:0.00597609561752988
FPDR:0.00597609561752988
F1:0.9645174651387547
BACC:0
CLSFE:0.00597609561752988
MCC:-0.019447714872626438
GMEAN:0
SAMPLES:3514
AUC:{}
AVGP:{}
