

GENERAL_METRICS
ACC:0.8813333333333333
PREC:0.7090201465201466
REC:0.6886865385461776
TNR:0.6886865385461776
FPR:0.29097985347985345
FPDR:0.29097985347985345
F1:0.6980383424705113
BACC:0.0
CLSFE:0.11866666666666667
MCC:0.397186545257018
GMEAN:0.6411513312135875
SAMPLES:2250.0
AUC:{'AUC macro OVO': 0.7090201465201466}
AVGP:{'avg_precision': 0.9368724327174252}


METRICS_PER_CLASSES
CLASS:0
ACC:0.8813333333333333
PREC:0.49145299145299143
REC:0.4372623574144487
TNR:0.9401107196779064
FPR:0.5085470085470085
FPDR:0.5085470085470085
F1:0.46277665995975853
BACC:0
CLSFE:0.5085470085470085
MCC:0.397186545257018
GMEAN:0.6411513312135875
SAMPLES:234
AUC:{}
AVGP:{}
CLASS:1
ACC:0.8813333333333333
PREC:0.9265873015873016
REC:0.9401107196779064
TNR:0.4372623574144487
FPR:0.07341269841269842
FPDR:0.07341269841269842
F1:0.9333000249812641
BACC:0
CLSFE:0.07341269841269842
MCC:0.397186545257018
GMEAN:0.6411513312135875
SAMPLES:2016
AUC:{}
AVGP:{}
