NAME: IRIS
DIMENSIONS: 4
SAMPLES_COUNT: 5000
TOTAL_SIZE: 150
SIZES: dict_values([50, 50, 50])
IMBALANCED: False
IMBALANCED_RATIO: {0: 1.0, 1: 1.0, 2: 1.0}
NO_LABELS: 4
MEAN: 0.8491999437380428
ST_DEV: 0.7707206995186363
NOISE: 0
