

GENERAL_METRICS
ACC:0.9134285714285715
PREC:0.5067905035577449
REC:0.5241640617187874
TNR:0.5241640617187874
FPR:0.4932094964422551
FPDR:0.4932094964422551
F1:0.5024021238350086
BACC:0.0
CLSFE:0.08657142857142858
MCC:0.025619223022644057
GMEAN:0.3330411902924273
SAMPLES:3500.0
AUC:{'AUC macro OVO': 0.5067905035577449}
AVGP:{'avg_precision': 0.9289083332017982}


METRICS_PER_CLASSES
CLASS:0
ACC:0.9134285714285715
PREC:0.031746031746031744
REC:0.11940298507462686
TNR:0.9289251383629479
FPR:0.9682539682539683
FPDR:0.9682539682539683
F1:0.050156739811912224
BACC:0
CLSFE:0.9682539682539683
MCC:0.025619223022644057
GMEAN:0.3330411902924273
SAMPLES:252
AUC:{}
AVGP:{}
CLASS:1
ACC:0.9134285714285715
PREC:0.9818349753694581
REC:0.9289251383629479
TNR:0.11940298507462686
FPR:0.01816502463054187
FPDR:0.01816502463054187
F1:0.954647507858105
BACC:0
CLSFE:0.01816502463054187
MCC:0.025619223022644057
GMEAN:0.3330411902924273
SAMPLES:3248
AUC:{}
AVGP:{}
