

GENERAL_METRICS
ACC:0.9105714285714286
PREC:0.5140662438336857
REC:0.5585252115821276
TNR:0.5585252115821276
FPR:0.48593375616631435
FPDR:0.48593375616631435
F1:0.5121203902502459
BACC:0.0
CLSFE:0.08942857142857143
MCC:0.057383966280913475
GMEAN:0.42277929178407964
SAMPLES:3500.0
AUC:{'AUC macro OVO': 0.5140662438336857}
AVGP:{'avg_precision': 0.9234698893288933}


METRICS_PER_CLASSES
CLASS:0
ACC:0.9105714285714286
PREC:0.04363636363636364
REC:0.1935483870967742
TNR:0.923502036067481
FPR:0.9563636363636364
FPDR:0.9563636363636364
F1:0.0712166172106825
BACC:0
CLSFE:0.9563636363636364
MCC:0.057383966280913475
GMEAN:0.42277929178407964
SAMPLES:275
AUC:{}
AVGP:{}
CLASS:1
ACC:0.9105714285714286
PREC:0.9844961240310077
REC:0.923502036067481
TNR:0.1935483870967742
FPR:0.015503875968992248
FPDR:0.015503875968992248
F1:0.9530241632898094
BACC:0
CLSFE:0.015503875968992248
MCC:0.057383966280913475
GMEAN:0.42277929178407964
SAMPLES:3225
AUC:{}
AVGP:{}
