

GENERAL_METRICS
ACC:0.9234285714285714
PREC:0.5265268222681805
REC:0.586178527354998
TNR:0.586178527354998
FPR:0.4734731777318195
FPDR:0.4734731777318195
F1:0.5333333333333333
BACC:0.0
CLSFE:0.07657142857142857
MCC:0.0956251531445479
GMEAN:0.4695587257798381
SAMPLES:3500.0
AUC:{'AUC macro OVO': 0.5265268222681805}
AVGP:{'avg_precision': 0.9370096537489438}


METRICS_PER_CLASSES
CLASS:0
ACC:0.9234285714285714
PREC:0.06896551724137931
REC:0.23529411764705882
TNR:0.9370629370629371
FPR:0.9310344827586207
FPDR:0.9310344827586207
F1:0.10666666666666667
BACC:0
CLSFE:0.9310344827586207
MCC:0.0956251531445479
GMEAN:0.4695587257798381
SAMPLES:232
AUC:{}
AVGP:{}
CLASS:1
ACC:0.9234285714285714
PREC:0.9840881272949816
REC:0.9370629370629371
TNR:0.23529411764705882
FPR:0.01591187270501836
FPDR:0.01591187270501836
F1:0.96
BACC:0
CLSFE:0.01591187270501836
MCC:0.0956251531445479
GMEAN:0.4695587257798381
SAMPLES:3268
AUC:{}
AVGP:{}
