

GENERAL_METRICS
ACC:0.9148571428571428
PREC:0.5163506464735973
REC:0.5474780701754386
TNR:0.5474780701754386
FPR:0.4836493535264027
FPDR:0.4836493535264027
F1:0.5178047030453661
BACC:0.0
CLSFE:0.08514285714285715
MCC:0.055724218816857
GMEAN:0.3892609957432385
SAMPLES:3500.0
AUC:{'AUC macro OVO': 0.5163506464735973}
AVGP:{'avg_precision': 0.9324114786351628}


METRICS_PER_CLASSES
CLASS:0
ACC:0.9148571428571428
PREC:0.05327868852459016
REC:0.1625
TNR:0.9324561403508772
FPR:0.9467213114754098
FPDR:0.9467213114754098
F1:0.08024691358024691
BACC:0
CLSFE:0.9467213114754098
MCC:0.055724218816857
GMEAN:0.3892609957432385
SAMPLES:244
AUC:{}
AVGP:{}
CLASS:1
ACC:0.9148571428571428
PREC:0.9794226044226044
REC:0.9324561403508772
TNR:0.1625
FPR:0.020577395577395578
FPDR:0.020577395577395578
F1:0.9553624925104853
BACC:0
CLSFE:0.020577395577395578
MCC:0.055724218816857
GMEAN:0.3892609957432385
SAMPLES:3256
AUC:{}
AVGP:{}
