

GENERAL_METRICS
ACC:0.813
PREC:0.7289681414771365
REC:0.7455638772443711
TNR:0.7455638772443711
FPR:0.27103185852286354
FPDR:0.27103185852286354
F1:0.7364263071916153
BACC:0.0
CLSFE:0.187
MCC:0.4742417298659549
GMEAN:0.7358445153473553
SAMPLES:1000.0
AUC:{'AUC macro OVO': 0.7289681414771364}
AVGP:{'avg_precision': 0.8539215267619147}


METRICS_PER_CLASSES
CLASS:0
ACC:0.813
PREC:0.5661157024793388
REC:0.6255707762557078
TNR:0.8655569782330346
FPR:0.43388429752066116
FPDR:0.43388429752066116
F1:0.5943600867678959
BACC:0
CLSFE:0.43388429752066116
MCC:0.4742417298659549
GMEAN:0.7358445153473553
SAMPLES:242
AUC:{}
AVGP:{}
CLASS:1
ACC:0.813
PREC:0.8918205804749341
REC:0.8655569782330346
TNR:0.6255707762557078
FPR:0.10817941952506596
FPDR:0.10817941952506596
F1:0.8784925276153346
BACC:0
CLSFE:0.10817941952506596
MCC:0.4742417298659549
GMEAN:0.7358445153473553
SAMPLES:758
AUC:{}
AVGP:{}
