

GENERAL_METRICS
ACC:0.8
PREC:0.6827756302846304
REC:0.7229608942316125
TNR:0.7229608942316125
FPR:0.3172243697153696
FPDR:0.3172243697153696
F1:0.6975544250812067
BACC:0.0
CLSFE:0.2
MCC:0.4037415904858343
GMEAN:0.7128054873440547
SAMPLES:1000.0
AUC:{'AUC macro OVO': 0.6827756302846304}
AVGP:{'avg_precision': 0.8360955229421809}


METRICS_PER_CLASSES
CLASS:0
ACC:0.8
PREC:0.459915611814346
REC:0.6022099447513812
TNR:0.8437118437118437
FPR:0.540084388185654
FPDR:0.540084388185654
F1:0.5215311004784688
BACC:0
CLSFE:0.540084388185654
MCC:0.4037415904858343
GMEAN:0.7128054873440547
SAMPLES:237
AUC:{}
AVGP:{}
CLASS:1
ACC:0.8
PREC:0.9056356487549148
REC:0.8437118437118437
TNR:0.6022099447513812
FPR:0.09436435124508519
FPDR:0.09436435124508519
F1:0.8735777496839444
BACC:0
CLSFE:0.09436435124508519
MCC:0.4037415904858343
GMEAN:0.7128054873440547
SAMPLES:763
AUC:{}
AVGP:{}
