

GENERAL_METRICS
ACC:0.79
PREC:0.6946227309821567
REC:0.7084278155706727
TNR:0.7084278155706727
FPR:0.30537726901784334
FPDR:0.30537726901784334
F1:0.7008052612682437
BACC:0.0
CLSFE:0.21
MCC:0.40281405476477405
GMEAN:0.6937184413637373
SAMPLES:1000.0
AUC:{'AUC macro OVO': 0.6946227309821567}
AVGP:{'avg_precision': 0.840933419036906}


METRICS_PER_CLASSES
CLASS:0
ACC:0.79
PREC:0.5126050420168067
REC:0.5648148148148148
TNR:0.8520408163265306
FPR:0.48739495798319327
FPDR:0.48739495798319327
F1:0.5374449339207048
BACC:0
CLSFE:0.48739495798319327
MCC:0.40281405476477405
GMEAN:0.6937184413637373
SAMPLES:238
AUC:{}
AVGP:{}
CLASS:1
ACC:0.79
PREC:0.8766404199475065
REC:0.8520408163265306
TNR:0.5648148148148148
FPR:0.12335958005249344
FPDR:0.12335958005249344
F1:0.8641655886157826
BACC:0
CLSFE:0.12335958005249344
MCC:0.40281405476477405
GMEAN:0.6937184413637373
SAMPLES:762
AUC:{}
AVGP:{}
