

GENERAL_METRICS
ACC:0.774
PREC:0.6954434604030291
REC:0.7081112404944265
TNR:0.7081112404944265
FPR:0.3045565395969709
FPDR:0.3045565395969709
F1:0.7010439650565371
BACC:0.0
CLSFE:0.226
MCC:0.4033558279782144
GMEAN:0.6965932110602902
SAMPLES:1000.0
AUC:{'AUC macro OVO': 0.6954434604030291}
AVGP:{'avg_precision': 0.8215255751839603}


METRICS_PER_CLASSES
CLASS:0
ACC:0.774
PREC:0.5283018867924528
REC:0.5809128630705395
TNR:0.8353096179183136
FPR:0.4716981132075472
FPDR:0.4716981132075472
F1:0.5533596837944664
BACC:0
CLSFE:0.4716981132075472
MCC:0.4033558279782144
GMEAN:0.6965932110602902
SAMPLES:265
AUC:{}
AVGP:{}
CLASS:1
ACC:0.774
PREC:0.8625850340136054
REC:0.8353096179183136
TNR:0.5809128630705395
FPR:0.13741496598639455
FPDR:0.13741496598639455
F1:0.8487282463186078
BACC:0
CLSFE:0.13741496598639455
MCC:0.4033558279782144
GMEAN:0.6965932110602902
SAMPLES:735
AUC:{}
AVGP:{}
