

GENERAL_METRICS
ACC:0.8969230769230769
PREC:0.572959484036458
REC:0.602075485226715
TNR:0.602075485226715
FPR:0.4270405159635419
FPDR:0.4270405159635419
F1:0.5837696345086417
BACC:0.0
CLSFE:0.10307692307692308
MCC:0.17259634683170114
GMEAN:0.5029983400654522
SAMPLES:3250.0
AUC:{'AUC macro OVO': 0.572959484036458}
AVGP:{'avg_precision': 0.9324858013058773}


METRICS_PER_CLASSES
CLASS:0
ACC:0.8969230769230769
PREC:0.1889763779527559
REC:0.2711864406779661
TNR:0.9329645297754637
FPR:0.8110236220472441
FPDR:0.8110236220472441
F1:0.22273781902552203
BACC:0
CLSFE:0.8110236220472441
MCC:0.17259634683170114
GMEAN:0.5029983400654522
SAMPLES:254
AUC:{}
AVGP:{}
CLASS:1
ACC:0.8969230769230769
PREC:0.9569425901201603
REC:0.9329645297754637
TNR:0.2711864406779661
FPR:0.04305740987983979
FPDR:0.04305740987983979
F1:0.9448014499917614
BACC:0
CLSFE:0.04305740987983979
MCC:0.17259634683170114
GMEAN:0.5029983400654522
SAMPLES:2996
AUC:{}
AVGP:{}
