

GENERAL_METRICS
ACC:0.9052307692307693
PREC:0.5938798044061202
REC:0.630812986900761
TNR:0.630812986900761
FPR:0.4061201955938798
FPDR:0.4061201955938798
F1:0.6080043859649122
BACC:0.0
CLSFE:0.09476923076923077
MCC:0.22163661812998145
GMEAN:0.5510047936953933
SAMPLES:3250.0
AUC:{'AUC macro OVO': 0.5938798044061202}
AVGP:{'avg_precision': 0.9373839589075208}


METRICS_PER_CLASSES
CLASS:0
ACC:0.9052307692307693
PREC:0.22672064777327935
REC:0.3236994219653179
TNR:0.9379265518362041
FPR:0.7732793522267206
FPDR:0.7732793522267206
F1:0.26666666666666666
BACC:0
CLSFE:0.7732793522267206
MCC:0.22163661812998145
GMEAN:0.5510047936953933
SAMPLES:247
AUC:{}
AVGP:{}
CLASS:1
ACC:0.9052307692307693
PREC:0.961038961038961
REC:0.9379265518362041
TNR:0.3236994219653179
FPR:0.03896103896103896
FPDR:0.03896103896103896
F1:0.9493421052631579
BACC:0
CLSFE:0.03896103896103896
MCC:0.22163661812998145
GMEAN:0.5510047936953933
SAMPLES:3003
AUC:{}
AVGP:{}
