

GENERAL_METRICS
ACC:0.9073846153846153
PREC:0.5753748985568611
REC:0.6120108896271688
TNR:0.6120108896271688
FPR:0.4246251014431389
FPDR:0.4246251014431389
F1:0.5884828193417492
BACC:0.0
CLSFE:0.09261538461538461
MCC:0.18376952351150724
GMEAN:0.5177720109248448
SAMPLES:3250.0
AUC:{'AUC macro OVO': 0.5753748985568611}
AVGP:{'avg_precision': 0.937920206494197}


METRICS_PER_CLASSES
CLASS:0
ACC:0.9073846153846153
PREC:0.18723404255319148
REC:0.2857142857142857
TNR:0.9383074935400517
FPR:0.8127659574468085
FPDR:0.8127659574468085
F1:0.2262210796915167
BACC:0
CLSFE:0.8127659574468085
MCC:0.18376952351150724
GMEAN:0.5177720109248448
SAMPLES:235
AUC:{}
AVGP:{}
CLASS:1
ACC:0.9073846153846153
PREC:0.9635157545605307
REC:0.9383074935400517
TNR:0.2857142857142857
FPR:0.03648424543946932
FPDR:0.03648424543946932
F1:0.9507445589919816
BACC:0
CLSFE:0.03648424543946932
MCC:0.18376952351150724
GMEAN:0.5177720109248448
SAMPLES:3015
AUC:{}
AVGP:{}
