

GENERAL_METRICS
ACC:0.9083076923076923
PREC:0.6021058974946283
REC:0.641459646100609
TNR:0.641459646100609
FPR:0.39789410250537177
FPDR:0.39789410250537177
F1:0.617336456278764
BACC:0.0
CLSFE:0.0916923076923077
MCC:0.24036525642758907
GMEAN:0.5678082409829832
SAMPLES:3250.0
AUC:{'AUC macro OVO': 0.6021058974946282}
AVGP:{'avg_precision': 0.9393331806256366}


METRICS_PER_CLASSES
CLASS:0
ACC:0.9083076923076923
PREC:0.24180327868852458
REC:0.3430232558139535
TNR:0.9398960363872645
FPR:0.7581967213114754
FPDR:0.7581967213114754
F1:0.28365384615384615
BACC:0
CLSFE:0.7581967213114754
MCC:0.24036525642758907
GMEAN:0.5678082409829832
SAMPLES:244
AUC:{}
AVGP:{}
CLASS:1
ACC:0.9083076923076923
PREC:0.9624085163007319
REC:0.9398960363872645
TNR:0.3430232558139535
FPR:0.03759148369926813
FPDR:0.03759148369926813
F1:0.9510190664036818
BACC:0
CLSFE:0.03759148369926813
MCC:0.24036525642758907
GMEAN:0.5678082409829832
SAMPLES:3006
AUC:{}
AVGP:{}
