

GENERAL_METRICS
ACC:0.9023333333333333
PREC:0.4948811700182815
REC:0.4554172274562584
TNR:0.4554172274562584
FPR:0.5051188299817184
FPDR:0.5051188299817184
F1:0.4743297704573331
BACC:0.0
CLSFE:0.09766666666666667
MCC:-0.03021335021245007
GMEAN:0.0
SAMPLES:3000.0
AUC:{'AUC macro OVO': 0.4948811700182815}
AVGP:{'avg_precision': 0.9108429748134733}


METRICS_PER_CLASSES
CLASS:0
ACC:0.9023333333333333
PREC:0.0
REC:0.0
TNR:0.9108344549125168
FPR:1.0
FPDR:1.0
F1:0.0
BACC:0
CLSFE:1.0
MCC:-0.03021335021245007
GMEAN:0
SAMPLES:265
AUC:{}
AVGP:{}
CLASS:1
ACC:0.9023333333333333
PREC:0.989762340036563
REC:0.9108344549125168
TNR:0.0
FPR:0.010237659963436929
FPDR:0.010237659963436929
F1:0.9486595409146662
BACC:0
CLSFE:0.010237659963436929
MCC:-0.03021335021245007
GMEAN:0
SAMPLES:2735
AUC:{}
AVGP:{}
