

GENERAL_METRICS
ACC:0.909
PREC:0.4986369865550576
REC:0.4903133423180593
TNR:0.4903133423180593
FPR:0.5013630134449424
FPDR:0.5013630134449424
F1:0.4833690895752209
BACC:0.0
CLSFE:0.091
MCC:-0.007267198815785848
GMEAN:0.2395473184774929
SAMPLES:3000.0
AUC:{'AUC macro OVO': 0.4986369865550576}
AVGP:{'avg_precision': 0.9181289348941644}


METRICS_PER_CLASSES
CLASS:0
ACC:0.909
PREC:0.00816326530612245
REC:0.0625
TNR:0.9181266846361186
FPR:0.9918367346938776
FPDR:0.9918367346938776
F1:0.01444043321299639
BACC:0
CLSFE:0.9918367346938776
MCC:-0.007267198815785848
GMEAN:0.2395473184774929
SAMPLES:245
AUC:{}
AVGP:{}
CLASS:1
ACC:0.909
PREC:0.9891107078039928
REC:0.9181266846361186
TNR:0.0625
FPR:0.010889292196007259
FPDR:0.010889292196007259
F1:0.9522977459374454
BACC:0
CLSFE:0.010889292196007259
MCC:-0.007267198815785848
GMEAN:0.2395473184774929
SAMPLES:2755
AUC:{}
AVGP:{}
