

GENERAL_METRICS
ACC:0.9113333333333333
PREC:0.5005627745441964
REC:0.506162182899343
TNR:0.506162182899343
FPR:0.4994372254558036
FPDR:0.4994372254558036
F1:0.4841962381229397
BACC:0.0
CLSFE:0.08866666666666667
MCC:0.003724470256255357
GMEAN:0.2955360376962497
SAMPLES:3000.0
AUC:{'AUC macro OVO': 0.5005627745441964}
AVGP:{'avg_precision': 0.9170856747261119}


METRICS_PER_CLASSES
CLASS:0
ACC:0.9113333333333333
PREC:0.008032128514056224
REC:0.09523809523809523
TNR:0.9170862705605908
FPR:0.9919678714859438
FPDR:0.9919678714859438
F1:0.014814814814814815
BACC:0
CLSFE:0.9919678714859438
MCC:0.003724470256255357
GMEAN:0.2955360376962497
SAMPLES:249
AUC:{}
AVGP:{}
CLASS:1
ACC:0.9113333333333333
PREC:0.9930934205743366
REC:0.9170862705605908
TNR:0.09523809523809523
FPR:0.0069065794256633955
FPDR:0.0069065794256633955
F1:0.9535776614310646
BACC:0
CLSFE:0.0069065794256633955
MCC:0.003724470256255357
GMEAN:0.2955360376962497
SAMPLES:2751
AUC:{}
AVGP:{}
