

GENERAL_METRICS
ACC:0.911
PREC:0.49457111834962
REC:0.4601010101010101
TNR:0.4601010101010101
FPR:0.50542888165038
FPDR:0.50542888165038
F1:0.47671376242804814
BACC:0.0
CLSFE:0.089
MCC:-0.029435141863515733
GMEAN:0.0
SAMPLES:3000.0
AUC:{'AUC macro OVO': 0.49457111834962}
AVGP:{'avg_precision': 0.9202106844777855}


METRICS_PER_CLASSES
CLASS:0
ACC:0.911
PREC:0.0
REC:0.0
TNR:0.9202020202020202
FPR:1.0
FPDR:1.0
F1:0.0
BACC:0
CLSFE:1.0
MCC:-0.029435141863515733
GMEAN:0
SAMPLES:237
AUC:{}
AVGP:{}
CLASS:1
ACC:0.911
PREC:0.98914223669924
REC:0.9202020202020202
TNR:0.0
FPR:0.010857763300760043
FPDR:0.010857763300760043
F1:0.9534275248560963
BACC:0
CLSFE:0.010857763300760043
MCC:-0.029435141863515733
GMEAN:0
SAMPLES:2763
AUC:{}
AVGP:{}
