

GENERAL_METRICS
ACC:0.8805714285714286
PREC:0.7810240027216019
REC:0.7568877551020408
TNR:0.7568877551020408
FPR:0.2189759972783981
FPDR:0.2189759972783981
F1:0.7680044705522667
BACC:0.0
CLSFE:0.11942857142857143
MCC:0.5373699849784769
GMEAN:0.7347080497499309
SAMPLES:1750.0
AUC:{'AUC macro OVO': 0.7810240027216019}
AVGP:{'avg_precision': 0.9322496358116296}


METRICS_PER_CLASSES
CLASS:0
ACC:0.8805714285714286
PREC:0.6414342629482072
REC:0.575
TNR:0.9387755102040817
FPR:0.35856573705179284
FPDR:0.35856573705179284
F1:0.6064030131826742
BACC:0
CLSFE:0.35856573705179284
MCC:0.5373699849784769
GMEAN:0.7347080497499309
SAMPLES:251
AUC:{}
AVGP:{}
CLASS:1
ACC:0.8805714285714286
PREC:0.9206137424949966
REC:0.9387755102040817
TNR:0.575
FPR:0.07938625750500333
FPDR:0.07938625750500333
F1:0.9296059279218593
BACC:0
CLSFE:0.07938625750500333
MCC:0.5373699849784769
GMEAN:0.7347080497499309
SAMPLES:1499
AUC:{}
AVGP:{}
