

GENERAL_METRICS
ACC:0.8714285714285714
PREC:0.7386842514852241
REC:0.7153055926420413
TNR:0.7153055926420413
FPR:0.2613157485147759
FPDR:0.2613157485147759
F1:0.725967812092214
BACC:0.0
CLSFE:0.12857142857142856
MCC:0.4533874908744095
GMEAN:0.6808678807652088
SAMPLES:1750.0
AUC:{'AUC macro OVO': 0.7386842514852242}
AVGP:{'avg_precision': 0.9294222569625686}


METRICS_PER_CLASSES
CLASS:0
ACC:0.8714285714285714
PREC:0.5605381165919282
REC:0.49603174603174605
TNR:0.9345794392523364
FPR:0.43946188340807174
FPDR:0.43946188340807174
F1:0.5263157894736842
BACC:0
CLSFE:0.43946188340807174
MCC:0.4533874908744095
GMEAN:0.6808678807652088
SAMPLES:223
AUC:{}
AVGP:{}
CLASS:1
ACC:0.8714285714285714
PREC:0.91683038637852
REC:0.9345794392523364
TNR:0.49603174603174605
FPR:0.08316961362148002
FPDR:0.08316961362148002
F1:0.9256198347107438
BACC:0
CLSFE:0.08316961362148002
MCC:0.4533874908744095
GMEAN:0.6808678807652088
SAMPLES:1527
AUC:{}
AVGP:{}
