

GENERAL_METRICS
ACC:0.8662857142857143
PREC:0.7532810649042958
REC:0.7355136529653893
TNR:0.7355136529653893
FPR:0.24671893509570422
FPDR:0.24671893509570422
F1:0.7438063063063063
BACC:0.0
CLSFE:0.1337142857142857
MCC:0.4884716934381134
GMEAN:0.7097510789040405
SAMPLES:1750.0
AUC:{'AUC macro OVO': 0.7532810649042957}
AVGP:{'avg_precision': 0.9219114827542665}


METRICS_PER_CLASSES
CLASS:0
ACC:0.8662857142857143
PREC:0.5930232558139535
REC:0.5425531914893617
TNR:0.9284741144414169
FPR:0.4069767441860465
FPDR:0.4069767441860465
F1:0.5666666666666667
BACC:0
CLSFE:0.4069767441860465
MCC:0.4884716934381134
GMEAN:0.7097510789040405
SAMPLES:258
AUC:{}
AVGP:{}
CLASS:1
ACC:0.8662857142857143
PREC:0.9135388739946381
REC:0.9284741144414169
TNR:0.5425531914893617
FPR:0.08646112600536193
FPDR:0.08646112600536193
F1:0.9209459459459459
BACC:0
CLSFE:0.08646112600536193
MCC:0.4884716934381134
GMEAN:0.7097510789040405
SAMPLES:1492
AUC:{}
AVGP:{}
