

GENERAL_METRICS
ACC:0.8697142857142857
PREC:0.736541492469083
REC:0.7349851217586688
TNR:0.7349851217586688
FPR:0.26345850753091704
FPDR:0.26345850753091704
F1:0.7357587894971073
BACC:0.0
CLSFE:0.13028571428571428
MCC:0.4715240456597085
GMEAN:0.710127657433811
SAMPLES:1750.0
AUC:{'AUC macro OVO': 0.736541492469083}
AVGP:{'avg_precision': 0.9193031623779978}


METRICS_PER_CLASSES
CLASS:0
ACC:0.8697142857142857
PREC:0.549800796812749
REC:0.5454545454545454
TNR:0.9245156980627922
FPR:0.450199203187251
FPDR:0.450199203187251
F1:0.5476190476190477
BACC:0
CLSFE:0.450199203187251
MCC:0.4715240456597085
GMEAN:0.710127657433811
SAMPLES:251
AUC:{}
AVGP:{}
CLASS:1
ACC:0.8697142857142857
PREC:0.923282188125417
REC:0.9245156980627922
TNR:0.5454545454545454
FPR:0.07671781187458306
FPDR:0.07671781187458306
F1:0.9238985313751669
BACC:0
CLSFE:0.07671781187458306
MCC:0.4715240456597085
GMEAN:0.710127657433811
SAMPLES:1499
AUC:{}
AVGP:{}
