

GENERAL_METRICS
ACC:0.792
PREC:0.7941812589115493
REC:0.7967676767676768
TNR:0.7967676767676768
FPR:0.20581874108845066
FPDR:0.20581874108845066
F1:0.7917867896726247
BACC:0.0
CLSFE:0.208
MCC:0.5909432756391121
GMEAN:0.7953399628873533
SAMPLES:500.0
AUC:{'AUC macro OVO': 0.7941812589115492}
AVGP:{'avg_precision': 0.7574766194766195}


METRICS_PER_CLASSES
CLASS:0
ACC:0.792
PREC:0.8547717842323651
REC:0.7490909090909091
TNR:0.8444444444444444
FPR:0.14522821576763487
FPDR:0.14522821576763487
F1:0.7984496124031008
BACC:0
CLSFE:0.14522821576763487
MCC:0.5909432756391121
GMEAN:0.7953399628873533
SAMPLES:241
AUC:{}
AVGP:{}
CLASS:1
ACC:0.792
PREC:0.7335907335907336
REC:0.8444444444444444
TNR:0.7490909090909091
FPR:0.26640926640926643
FPDR:0.26640926640926643
F1:0.7851239669421488
BACC:0
CLSFE:0.26640926640926643
MCC:0.5909432756391121
GMEAN:0.7953399628873533
SAMPLES:259
AUC:{}
AVGP:{}
