

GENERAL_METRICS
ACC:0.788
PREC:0.788
REC:0.7891844997108155
TNR:0.7891844997108155
FPR:0.212
FPDR:0.212
F1:0.7877826894740214
BACC:0.0
CLSFE:0.212
MCC:0.5771832842926582
GMEAN:0.7889674490291284
SAMPLES:500.0
AUC:{'AUC macro OVO': 0.788}
AVGP:{'avg_precision': 0.7326153846153847}


METRICS_PER_CLASSES
CLASS:0
ACC:0.788
PREC:0.82
REC:0.7706766917293233
TNR:0.8076923076923077
FPR:0.18
FPDR:0.18
F1:0.7945736434108527
BACC:0
CLSFE:0.18
MCC:0.5771832842926582
GMEAN:0.7889674490291284
SAMPLES:250
AUC:{}
AVGP:{}
CLASS:1
ACC:0.788
PREC:0.756
REC:0.8076923076923077
TNR:0.7706766917293233
FPR:0.244
FPDR:0.244
F1:0.78099173553719
BACC:0
CLSFE:0.244
MCC:0.5771832842926582
GMEAN:0.7889674490291284
SAMPLES:250
AUC:{}
AVGP:{}
