

GENERAL_METRICS
ACC:0.81
PREC:0.8050910622853069
REC:0.8087784319191853
TNR:0.8087784319191853
FPR:0.19490893771469311
FPDR:0.19490893771469311
F1:0.806525980505965
BACC:0.0
CLSFE:0.19
MCC:0.6138584195236408
GMEAN:0.8087405234037545
SAMPLES:500.0
AUC:{'AUC macro OVO': 0.8050910622853069}
AVGP:{'avg_precision': 0.7157305836642329}


METRICS_PER_CLASSES
CLASS:0
ACC:0.81
PREC:0.8489208633093526
REC:0.8166089965397924
TNR:0.8009478672985783
FPR:0.1510791366906475
FPDR:0.1510791366906475
F1:0.8324514991181657
BACC:0
CLSFE:0.1510791366906475
MCC:0.6138584195236408
GMEAN:0.8087405234037545
SAMPLES:278
AUC:{}
AVGP:{}
CLASS:1
ACC:0.81
PREC:0.7612612612612613
REC:0.8009478672985783
TNR:0.8166089965397924
FPR:0.23873873873873874
FPDR:0.23873873873873874
F1:0.7806004618937644
BACC:0
CLSFE:0.23873873873873874
MCC:0.6138584195236408
GMEAN:0.8087405234037545
SAMPLES:222
AUC:{}
AVGP:{}
