

GENERAL_METRICS
ACC:0.784
PREC:0.7885546919004168
REC:0.7885546919004168
TNR:0.7885546919004168
FPR:0.21144530809958317
FPDR:0.21144530809958317
F1:0.784
BACC:0.0
CLSFE:0.216
MCC:0.5771093838008337
GMEAN:0.7862740479310804
SAMPLES:500.0
AUC:{'AUC macro OVO': 0.7885546919004168}
AVGP:{'avg_precision': 0.7642268784499269}


METRICS_PER_CLASSES
CLASS:0
ACC:0.784
PREC:0.8484848484848485
REC:0.7286245353159851
TNR:0.8484848484848485
FPR:0.15151515151515152
FPDR:0.15151515151515152
F1:0.784
BACC:0
CLSFE:0.15151515151515152
MCC:0.5771093838008337
GMEAN:0.7862740479310804
SAMPLES:231
AUC:{}
AVGP:{}
CLASS:1
ACC:0.784
PREC:0.7286245353159851
REC:0.8484848484848485
TNR:0.7286245353159851
FPR:0.27137546468401486
FPDR:0.27137546468401486
F1:0.784
BACC:0
CLSFE:0.27137546468401486
MCC:0.5771093838008337
GMEAN:0.7862740479310804
SAMPLES:269
AUC:{}
AVGP:{}
