

GENERAL_METRICS
ACC:0.8775384615384615
PREC:0.5694065272185669
REC:0.571463624095203
TNR:0.571463624095203
FPR:0.43059347278143306
FPDR:0.43059347278143306
F1:0.5704079314618817
BACC:0.0
CLSFE:0.12246153846153846
MCC:0.1408551308387613
GMEAN:0.4430518402366007
SAMPLES:3250.0
AUC:{'AUC macro OVO': 0.5694065272185669}
AVGP:{'avg_precision': 0.9316936930626413}


METRICS_PER_CLASSES
CLASS:0
ACC:0.8775384615384615
PREC:0.20392156862745098
REC:0.21052631578947367
TNR:0.9324009324009324
FPR:0.796078431372549
FPDR:0.796078431372549
F1:0.20717131474103587
BACC:0
CLSFE:0.796078431372549
MCC:0.1408551308387613
GMEAN:0.4430518402366007
SAMPLES:255
AUC:{}
AVGP:{}
CLASS:1
ACC:0.8775384615384615
PREC:0.9348914858096828
REC:0.9324009324009324
TNR:0.21052631578947367
FPR:0.0651085141903172
FPDR:0.0651085141903172
F1:0.9336445481827276
BACC:0
CLSFE:0.0651085141903172
MCC:0.1408551308387613
GMEAN:0.4430518402366007
SAMPLES:2995
AUC:{}
AVGP:{}
