

GENERAL_METRICS
ACC:0.8876923076923077
PREC:0.5684483762715289
REC:0.591696403512289
TNR:0.591696403512289
FPR:0.4315516237284711
FPDR:0.4315516237284711
F1:0.5772866166002976
BACC:0.0
CLSFE:0.1123076923076923
MCC:0.15844835032722931
GMEAN:0.48663011510866894
SAMPLES:3250.0
AUC:{'AUC macro OVO': 0.5684483762715289}
AVGP:{'avg_precision': 0.9277490823576267}


METRICS_PER_CLASSES
CLASS:0
ACC:0.8876923076923077
PREC:0.18587360594795538
REC:0.25510204081632654
TNR:0.9282907662082515
FPR:0.8141263940520446
FPDR:0.8141263940520446
F1:0.21505376344086022
BACC:0
CLSFE:0.8141263940520446
MCC:0.15844835032722931
GMEAN:0.48663011510866894
SAMPLES:269
AUC:{}
AVGP:{}
CLASS:1
ACC:0.8876923076923077
PREC:0.9510231465951023
REC:0.9282907662082515
TNR:0.25510204081632654
FPR:0.048976853404897686
FPDR:0.048976853404897686
F1:0.9395194697597349
BACC:0
CLSFE:0.048976853404897686
MCC:0.15844835032722931
GMEAN:0.48663011510866894
SAMPLES:2981
AUC:{}
AVGP:{}
