

GENERAL_METRICS
ACC:0.8935384615384615
PREC:0.5777511913699449
REC:0.595692325936467
TNR:0.595692325936467
FPR:0.42224880863005504
FPDR:0.42224880863005504
F1:0.585253694174299
BACC:0.0
CLSFE:0.10646153846153845
MCC:0.1725130991724558
GMEAN:0.4895401672081457
SAMPLES:3250.0
AUC:{'AUC macro OVO': 0.577751191369945}
AVGP:{'avg_precision': 0.9345253184268734}


METRICS_PER_CLASSES
CLASS:0
ACC:0.8935384615384615
PREC:0.20481927710843373
REC:0.2562814070351759
TNR:0.9351032448377581
FPR:0.7951807228915663
FPDR:0.7951807228915663
F1:0.22767857142857142
BACC:0
CLSFE:0.7951807228915663
MCC:0.1725130991724558
GMEAN:0.4895401672081457
SAMPLES:249
AUC:{}
AVGP:{}
CLASS:1
ACC:0.8935384615384615
PREC:0.9506831056314562
REC:0.9351032448377581
TNR:0.2562814070351759
FPR:0.04931689436854382
FPDR:0.04931689436854382
F1:0.9428288169200264
BACC:0
CLSFE:0.04931689436854382
MCC:0.1725130991724558
GMEAN:0.4895401672081457
SAMPLES:3001
AUC:{}
AVGP:{}
