

GENERAL_METRICS
ACC:0.8855384615384615
PREC:0.566571737209074
REC:0.5785963724394441
TNR:0.5785963724394441
FPR:0.43342826279092606
FPDR:0.43342826279092606
F1:0.5717285587975243
BACC:0.0
CLSFE:0.11446153846153846
MCC:0.14466923725001346
GMEAN:0.4582491190873149
SAMPLES:3250.0
AUC:{'AUC macro OVO': 0.566571737209074}
AVGP:{'avg_precision': 0.9312730668740768}


METRICS_PER_CLASSES
CLASS:0
ACC:0.8855384615384615
PREC:0.18823529411764706
REC:0.22535211267605634
TNR:0.9318406322028318
FPR:0.8117647058823529
FPDR:0.8117647058823529
F1:0.20512820512820512
BACC:0
CLSFE:0.8117647058823529
MCC:0.14466923725001346
GMEAN:0.4582491190873149
SAMPLES:255
AUC:{}
AVGP:{}
CLASS:1
ACC:0.8855384615384615
PREC:0.9449081803005008
REC:0.9318406322028318
TNR:0.22535211267605634
FPR:0.05509181969949917
FPDR:0.05509181969949917
F1:0.9383289124668435
BACC:0
CLSFE:0.05509181969949917
MCC:0.14466923725001346
GMEAN:0.4582491190873149
SAMPLES:2995
AUC:{}
AVGP:{}
