

GENERAL_METRICS
ACC:0.82
PREC:0.803985462798258
REC:0.8064170833687563
TNR:0.8064170833687563
FPR:0.196014537201742
FPDR:0.196014537201742
F1:0.8051576923743051
BACC:0.0
CLSFE:0.18
MCC:0.6103977028041432
GMEAN:0.8049841262649078
SAMPLES:750.0
AUC:{'AUC macro OVO': 0.803985462798258}
AVGP:{'avg_precision': 0.8244547132782427}


METRICS_PER_CLASSES
CLASS:0
ACC:0.82
PREC:0.7445255474452555
REC:0.758364312267658
TNR:0.8544698544698545
FPR:0.25547445255474455
FPDR:0.25547445255474455
F1:0.7513812154696132
BACC:0
CLSFE:0.25547445255474455
MCC:0.6103977028041432
GMEAN:0.8049841262649078
SAMPLES:274
AUC:{}
AVGP:{}
CLASS:1
ACC:0.82
PREC:0.8634453781512605
REC:0.8544698544698545
TNR:0.758364312267658
FPR:0.13655462184873948
FPDR:0.13655462184873948
F1:0.8589341692789969
BACC:0
CLSFE:0.13655462184873948
MCC:0.6103977028041432
GMEAN:0.8049841262649078
SAMPLES:476
AUC:{}
AVGP:{}
