

GENERAL_METRICS
ACC:0.8413333333333334
PREC:0.8295779699842666
REC:0.8162072957076711
TNR:0.8162072957076711
FPR:0.17042203001573342
FPDR:0.17042203001573342
F1:0.8220307044393618
BACC:0.0
CLSFE:0.15866666666666668
MCC:0.645646834154862
GMEAN:0.8119369722168768
SAMPLES:750.0
AUC:{'AUC macro OVO': 0.8295779699842667}
AVGP:{'avg_precision': 0.8692077576304122}


METRICS_PER_CLASSES
CLASS:0
ACC:0.8413333333333334
PREC:0.7966804979253111
REC:0.732824427480916
TNR:0.8995901639344263
FPR:0.2033195020746888
FPDR:0.2033195020746888
F1:0.7634194831013916
BACC:0
CLSFE:0.2033195020746888
MCC:0.645646834154862
GMEAN:0.8119369722168768
SAMPLES:241
AUC:{}
AVGP:{}
CLASS:1
ACC:0.8413333333333334
PREC:0.862475442043222
REC:0.8995901639344263
TNR:0.732824427480916
FPR:0.137524557956778
FPDR:0.137524557956778
F1:0.880641925777332
BACC:0
CLSFE:0.137524557956778
MCC:0.645646834154862
GMEAN:0.8119369722168768
SAMPLES:509
AUC:{}
AVGP:{}
