

GENERAL_METRICS
ACC:0.8413333333333334
PREC:0.8241161173564633
REC:0.8168148785618665
TNR:0.8168148785618665
FPR:0.17588388264353666
FPDR:0.17588388264353666
F1:0.8202239495942197
BACC:0.0
CLSFE:0.15866666666666668
MCC:0.6408894081204076
GMEAN:0.813387223932493
SAMPLES:750.0
AUC:{'AUC macro OVO': 0.8241161173564634}
AVGP:{'avg_precision': 0.8643786935561499}


METRICS_PER_CLASSES
CLASS:0
ACC:0.8413333333333334
PREC:0.7759336099585062
REC:0.7420634920634921
TNR:0.891566265060241
FPR:0.22406639004149378
FPDR:0.22406639004149378
F1:0.7586206896551724
BACC:0
CLSFE:0.22406639004149378
MCC:0.6408894081204076
GMEAN:0.813387223932493
SAMPLES:241
AUC:{}
AVGP:{}
CLASS:1
ACC:0.8413333333333334
PREC:0.8722986247544204
REC:0.891566265060241
TNR:0.7420634920634921
FPR:0.12770137524557956
FPDR:0.12770137524557956
F1:0.8818272095332671
BACC:0
CLSFE:0.12770137524557956
MCC:0.6408894081204076
GMEAN:0.813387223932493
SAMPLES:509
AUC:{}
AVGP:{}
