

GENERAL_METRICS
ACC:0.8413333333333334
PREC:0.8346800168600537
REC:0.8207154615290818
TNR:0.8207154615290818
FPR:0.1653199831399464
FPDR:0.1653199831399464
F1:0.8265437605312717
BACC:0.0
CLSFE:0.15866666666666668
MCC:0.6552466896424063
GMEAN:0.8168356388646372
SAMPLES:750.0
AUC:{'AUC macro OVO': 0.8346800168600536}
AVGP:{'avg_precision': 0.8659800497902671}


METRICS_PER_CLASSES
CLASS:0
ACC:0.8413333333333334
PREC:0.8142292490118577
REC:0.7410071942446043
TNR:0.9004237288135594
FPR:0.1857707509881423
FPDR:0.1857707509881423
F1:0.775894538606403
BACC:0
CLSFE:0.1857707509881423
MCC:0.6552466896424063
GMEAN:0.8168356388646372
SAMPLES:253
AUC:{}
AVGP:{}
CLASS:1
ACC:0.8413333333333334
PREC:0.8551307847082495
REC:0.9004237288135594
TNR:0.7410071942446043
FPR:0.1448692152917505
FPDR:0.1448692152917505
F1:0.8771929824561403
BACC:0
CLSFE:0.1448692152917505
MCC:0.6552466896424063
GMEAN:0.8168356388646372
SAMPLES:497
AUC:{}
AVGP:{}
