

GENERAL_METRICS
ACC:0.7944
PREC:0.6510095500110679
REC:0.6742607045600719
TNR:0.6742607045600719
FPR:0.3489904499889321
FPDR:0.3489904499889321
F1:0.6605109508335315
BACC:0.0
CLSFE:0.2056
MCC:0.32443816409435006
GMEAN:0.6494093672426451
SAMPLES:1250.0
AUC:{'AUC macro OVO': 0.651009550011068}
AVGP:{'avg_precision': 0.8493102790372269}


METRICS_PER_CLASSES
CLASS:0
ACC:0.7944
PREC:0.4094488188976378
REC:0.4928909952606635
TNR:0.8556304138594802
FPR:0.5905511811023622
FPDR:0.5905511811023622
F1:0.44731182795698926
BACC:0
CLSFE:0.5905511811023622
MCC:0.32443816409435006
GMEAN:0.6494093672426451
SAMPLES:254
AUC:{}
AVGP:{}
CLASS:1
ACC:0.7944
PREC:0.892570281124498
REC:0.8556304138594802
TNR:0.4928909952606635
FPR:0.10742971887550201
FPDR:0.10742971887550201
F1:0.8737100737100737
BACC:0
CLSFE:0.10742971887550201
MCC:0.32443816409435006
GMEAN:0.6494093672426451
SAMPLES:996
AUC:{}
AVGP:{}
