

GENERAL_METRICS
ACC:0.8626666666666667
PREC:0.7354095349419721
REC:0.7634399299583696
TNR:0.7634399299583696
FPR:0.26459046505802786
FPDR:0.26459046505802786
F1:0.7479312415161324
BACC:0.0
CLSFE:0.13733333333333334
MCC:0.49806132713410095
GMEAN:0.7500618548675354
SAMPLES:1500.0
AUC:{'AUC macro OVO': 0.7354095349419723}
AVGP:{'avg_precision': 0.9002000498336659}


METRICS_PER_CLASSES
CLASS:0
ACC:0.8626666666666667
PREC:0.5402298850574713
REC:0.6211453744493393
TNR:0.9057344854673999
FPR:0.45977011494252873
FPDR:0.45977011494252873
F1:0.5778688524590164
BACC:0
CLSFE:0.45977011494252873
MCC:0.49806132713410095
GMEAN:0.7500618548675354
SAMPLES:261
AUC:{}
AVGP:{}
CLASS:1
ACC:0.8626666666666667
PREC:0.930589184826473
REC:0.9057344854673999
TNR:0.6211453744493393
FPR:0.06941081517352704
FPDR:0.06941081517352704
F1:0.9179936305732485
BACC:0
CLSFE:0.06941081517352704
MCC:0.49806132713410095
GMEAN:0.7500618548675354
SAMPLES:1239
AUC:{}
AVGP:{}
