

GENERAL_METRICS
ACC:0.874
PREC:0.740085390420638
REC:0.7652823920265781
TNR:0.7652823920265781
FPR:0.25991460957936197
FPDR:0.25991460957936197
F1:0.7515753278811348
BACC:0.0
CLSFE:0.126
MCC:0.5047392461912259
GMEAN:0.7502380574571933
SAMPLES:1500.0
AUC:{'AUC macro OVO': 0.740085390420638}
AVGP:{'avg_precision': 0.9115153289510025}


METRICS_PER_CLASSES
CLASS:0
ACC:0.874
PREC:0.5443037974683544
REC:0.6142857142857143
TNR:0.9162790697674419
FPR:0.45569620253164556
FPDR:0.45569620253164556
F1:0.5771812080536913
BACC:0
CLSFE:0.45569620253164556
MCC:0.5047392461912259
GMEAN:0.7502380574571933
SAMPLES:237
AUC:{}
AVGP:{}
CLASS:1
ACC:0.874
PREC:0.9358669833729216
REC:0.9162790697674419
TNR:0.6142857142857143
FPR:0.06413301662707839
FPDR:0.06413301662707839
F1:0.9259694477085781
BACC:0
CLSFE:0.06413301662707839
MCC:0.5047392461912259
GMEAN:0.7502380574571933
SAMPLES:1263
AUC:{}
AVGP:{}
