

GENERAL_METRICS
ACC:0.866
PREC:0.7315527729966232
REC:0.7531976107265876
TNR:0.7531976107265876
FPR:0.26844722700337675
FPDR:0.26844722700337675
F1:0.741494393900811
BACC:0.0
CLSFE:0.134
MCC:0.48426690524899985
GMEAN:0.7362826909730663
SAMPLES:1500.0
AUC:{'AUC macro OVO': 0.7315527729966231}
AVGP:{'avg_precision': 0.9068005738074969}


METRICS_PER_CLASSES
CLASS:0
ACC:0.866
PREC:0.5330578512396694
REC:0.5944700460829493
TNR:0.911925175370226
FPR:0.4669421487603306
FPDR:0.4669421487603306
F1:0.5620915032679739
BACC:0
CLSFE:0.4669421487603306
MCC:0.48426690524899985
GMEAN:0.7362826909730663
SAMPLES:242
AUC:{}
AVGP:{}
CLASS:1
ACC:0.866
PREC:0.9300476947535771
REC:0.911925175370226
TNR:0.5944700460829493
FPR:0.06995230524642289
FPDR:0.06995230524642289
F1:0.9208972845336482
BACC:0
CLSFE:0.06995230524642289
MCC:0.48426690524899985
GMEAN:0.7362826909730663
SAMPLES:1258
AUC:{}
AVGP:{}
