

GENERAL_METRICS
ACC:0.8786666666666667
PREC:0.7444474589648411
REC:0.8023997314985736
TNR:0.8023997314985736
FPR:0.2555525410351589
FPDR:0.2555525410351589
F1:0.7679960295877297
BACC:0.0
CLSFE:0.12133333333333333
MCC:0.5437677664462157
GMEAN:0.79558164849544
SAMPLES:1500.0
AUC:{'AUC macro OVO': 0.7444474589648411}
AVGP:{'avg_precision': 0.9027665544024899}


METRICS_PER_CLASSES
CLASS:0
ACC:0.8786666666666667
PREC:0.5381679389312977
REC:0.698019801980198
TNR:0.9067796610169492
FPR:0.4618320610687023
FPDR:0.4618320610687023
F1:0.6077586206896551
BACC:0
CLSFE:0.4618320610687023
MCC:0.5437677664462157
GMEAN:0.79558164849544
SAMPLES:262
AUC:{}
AVGP:{}
CLASS:1
ACC:0.8786666666666667
PREC:0.9507269789983845
REC:0.9067796610169492
TNR:0.698019801980198
FPR:0.049273021001615507
FPDR:0.049273021001615507
F1:0.9282334384858044
BACC:0
CLSFE:0.049273021001615507
MCC:0.5437677664462157
GMEAN:0.79558164849544
SAMPLES:1238
AUC:{}
AVGP:{}
