

GENERAL_METRICS
ACC:0.93825
PREC:0.49986680873734685
REC:0.46924231057764443
TNR:0.46924231057764443
FPR:0.5001331912626532
FPDR:0.5001331912626532
F1:0.4840706823165226
BACC:0.0
CLSFE:0.06175
MCC:-0.00404803927375098
GMEAN:0.0
SAMPLES:4000.0
AUC:{'AUC macro OVO': 0.49986680873734685}
AVGP:{'avg_precision': 0.9384846252519443}


METRICS_PER_CLASSES
CLASS:0
ACC:0.93825
PREC:0.0
REC:0.0
TNR:0.9384846211552889
FPR:1.0
FPDR:1.0
F1:0.0
BACC:0
CLSFE:1.0
MCC:-0.00404803927375098
GMEAN:0
SAMPLES:246
AUC:{}
AVGP:{}
CLASS:1
ACC:0.93825
PREC:0.9997336174746937
REC:0.9384846211552889
TNR:0.0
FPR:0.0002663825253063399
FPDR:0.0002663825253063399
F1:0.9681413646330452
BACC:0
CLSFE:0.0002663825253063399
MCC:-0.00404803927375098
GMEAN:0
SAMPLES:3754
AUC:{}
AVGP:{}
