

GENERAL_METRICS
ACC:0.93725
PREC:0.4998666666666667
REC:0.4687421855463866
TNR:0.4687421855463866
FPR:0.5001333333333333
FPDR:0.5001333333333333
F1:0.48380436185314235
BACC:0.0
CLSFE:0.06275
MCC:-0.004082993310704841
GMEAN:0.0
SAMPLES:4000.0
AUC:{'AUC macro OVO': 0.4998666666666667}
AVGP:{'avg_precision': 0.9374843752604818}


METRICS_PER_CLASSES
CLASS:0
ACC:0.93725
PREC:0.0
REC:0.0
TNR:0.9374843710927732
FPR:1.0
FPDR:1.0
F1:0.0
BACC:0
CLSFE:1.0
MCC:-0.004082993310704841
GMEAN:0
SAMPLES:250
AUC:{}
AVGP:{}
CLASS:1
ACC:0.93725
PREC:0.9997333333333334
REC:0.9374843710927732
TNR:0.0
FPR:0.0002666666666666667
FPDR:0.0002666666666666667
F1:0.9676087237062847
BACC:0
CLSFE:0.0002666666666666667
MCC:-0.004082993310704841
GMEAN:0
SAMPLES:3750
AUC:{}
AVGP:{}
