

GENERAL_METRICS
ACC:0.9314285714285714
PREC:0.6439835128307406
REC:0.7101559528337771
TNR:0.7101559528337771
FPR:0.35601648716925943
FPDR:0.35601648716925943
F1:0.6693621523579202
BACC:0.0
CLSFE:0.06857142857142857
MCC:0.3479022410465254
GMEAN:0.6674243940144045
SAMPLES:3500.0
AUC:{'AUC macro OVO': 0.6439835128307405}
AVGP:{'avg_precision': 0.9523156811455917}


METRICS_PER_CLASSES
CLASS:0
ACC:0.9314285714285714
PREC:0.3130434782608696
REC:0.4675324675324675
TNR:0.9527794381350867
FPR:0.6869565217391305
FPDR:0.6869565217391305
F1:0.375
BACC:0
CLSFE:0.6869565217391305
MCC:0.3479022410465254
GMEAN:0.6674243940144045
SAMPLES:230
AUC:{}
AVGP:{}
CLASS:1
ACC:0.9314285714285714
PREC:0.9749235474006116
REC:0.9527794381350867
TNR:0.4675324675324675
FPR:0.02507645259938838
FPDR:0.02507645259938838
F1:0.9637243047158404
BACC:0
CLSFE:0.02507645259938838
MCC:0.3479022410465254
GMEAN:0.6674243940144045
SAMPLES:3270
AUC:{}
AVGP:{}
