

GENERAL_METRICS
ACC:0.914
PREC:0.6112406716417911
REC:0.6711624172423655
TNR:0.6711624172423655
FPR:0.388759328358209
FPDR:0.388759328358209
F1:0.6326748211577908
BACC:0.0
CLSFE:0.086
MCC:0.27597262367034314
GMEAN:0.6149861305955197
SAMPLES:3500.0
AUC:{'AUC macro OVO': 0.6112406716417911}
AVGP:{'avg_precision': 0.9394414268559419}


METRICS_PER_CLASSES
CLASS:0
ACC:0.914
PREC:0.2537313432835821
REC:0.40236686390532544
TNR:0.9399579705794056
FPR:0.746268656716418
FPDR:0.746268656716418
F1:0.3112128146453089
BACC:0
CLSFE:0.746268656716418
MCC:0.27597262367034314
GMEAN:0.6149861305955197
SAMPLES:268
AUC:{}
AVGP:{}
CLASS:1
ACC:0.914
PREC:0.96875
REC:0.9399579705794056
TNR:0.40236686390532544
FPR:0.03125
FPDR:0.03125
F1:0.9541368276702727
BACC:0
CLSFE:0.03125
MCC:0.27597262367034314
GMEAN:0.6149861305955197
SAMPLES:3232
AUC:{}
AVGP:{}
