

GENERAL_METRICS
ACC:0.9125714285714286
PREC:0.5926334673617012
REC:0.6372813593203398
TNR:0.6372813593203398
FPR:0.40736653263829875
FPDR:0.40736653263829875
F1:0.6089733853631181
BACC:0.0
CLSFE:0.08742857142857142
MCC:0.22553800848611466
GMEAN:0.560127778668209
SAMPLES:3500.0
AUC:{'AUC macro OVO': 0.5926334673617012}
AVGP:{'avg_precision': 0.9407911569871311}


METRICS_PER_CLASSES
CLASS:0
ACC:0.9125714285714286
PREC:0.21912350597609562
REC:0.3333333333333333
TNR:0.9412293853073463
FPR:0.7808764940239044
FPDR:0.7808764940239044
F1:0.2644230769230769
BACC:0
CLSFE:0.7808764940239044
MCC:0.22553800848611466
GMEAN:0.560127778668209
SAMPLES:251
AUC:{}
AVGP:{}
CLASS:1
ACC:0.9125714285714286
PREC:0.9661434287473069
REC:0.9412293853073463
TNR:0.3333333333333333
FPR:0.03385657125269314
FPDR:0.03385657125269314
F1:0.9535236938031592
BACC:0
CLSFE:0.03385657125269314
MCC:0.22553800848611466
GMEAN:0.560127778668209
SAMPLES:3249
AUC:{}
AVGP:{}
