

GENERAL_METRICS
ACC:0.9225714285714286
PREC:0.63055489425862
REC:0.6891662220114227
TNR:0.6891662220114227
FPR:0.36944510574138
FPDR:0.36944510574138
F1:0.6529169068071832
BACC:0.0
CLSFE:0.07742857142857143
MCC:0.31430288647738464
GMEAN:0.6390394166714302
SAMPLES:3500.0
AUC:{'AUC macro OVO': 0.63055489425862}
AVGP:{'avg_precision': 0.9466673741702056}


METRICS_PER_CLASSES
CLASS:0
ACC:0.9225714285714286
PREC:0.2903225806451613
REC:0.4311377245508982
TNR:0.9471947194719472
FPR:0.7096774193548387
FPDR:0.7096774193548387
F1:0.3469879518072289
BACC:0
CLSFE:0.7096774193548387
MCC:0.31430288647738464
GMEAN:0.6390394166714302
SAMPLES:248
AUC:{}
AVGP:{}
CLASS:1
ACC:0.9225714285714286
PREC:0.9707872078720787
REC:0.9471947194719472
TNR:0.4311377245508982
FPR:0.02921279212792128
FPDR:0.02921279212792128
F1:0.9588458618071374
BACC:0
CLSFE:0.02921279212792128
MCC:0.31430288647738464
GMEAN:0.6390394166714302
SAMPLES:3252
AUC:{}
AVGP:{}
