

GENERAL_METRICS
ACC:0.936
PREC:0.4998575904300769
REC:0.46812483328887705
TNR:0.46812483328887705
FPR:0.5001424095699231
FPDR:0.5001424095699231
F1:0.4834710743801653
BACC:0.0
CLSFE:0.064
MCC:-0.004261140120933879
GMEAN:0.0
SAMPLES:3750.0
AUC:{'AUC macro OVO': 0.4998575904300769}
AVGP:{'avg_precision': 0.9362496714197048}


METRICS_PER_CLASSES
CLASS:0
ACC:0.936
PREC:0.0
REC:0.0
TNR:0.9362496665777541
FPR:1.0
FPDR:1.0
F1:0.0
BACC:0
CLSFE:1.0
MCC:-0.004261140120933879
GMEAN:0
SAMPLES:239
AUC:{}
AVGP:{}
CLASS:1
ACC:0.936
PREC:0.9997151808601538
REC:0.9362496665777541
TNR:0.0
FPR:0.0002848191398461977
FPDR:0.0002848191398461977
F1:0.9669421487603306
BACC:0
CLSFE:0.0002848191398461977
MCC:-0.004261140120933879
GMEAN:0
SAMPLES:3511
AUC:{}
AVGP:{}
