

GENERAL_METRICS
ACC:0.9333333333333333
PREC:0.49971444888635064
REC:0.46691568836712916
TNR:0.46691568836712916
FPR:0.5002855511136494
FPDR:0.5002855511136494
F1:0.4827586206896552
BACC:0.0
CLSFE:0.06666666666666667
MCC:-0.0061472797336995155
GMEAN:0.0
SAMPLES:3750.0
AUC:{'AUC macro OVO': 0.49971444888635064}
AVGP:{'avg_precision': 0.9338313968884173}


METRICS_PER_CLASSES
CLASS:0
ACC:0.9333333333333333
PREC:0.0
REC:0.0
TNR:0.9338313767342583
FPR:1.0
FPDR:1.0
F1:0.0
BACC:0
CLSFE:1.0
MCC:-0.0061472797336995155
GMEAN:0
SAMPLES:248
AUC:{}
AVGP:{}
CLASS:1
ACC:0.9333333333333333
PREC:0.9994288977727013
REC:0.9338313767342583
TNR:0.0
FPR:0.0005711022272986865
FPDR:0.0005711022272986865
F1:0.9655172413793104
BACC:0
CLSFE:0.0005711022272986865
MCC:-0.0061472797336995155
GMEAN:0
SAMPLES:3502
AUC:{}
AVGP:{}
