

GENERAL_METRICS
ACC:0.9405333333333333
PREC:0.4998582766439909
REC:0.47039210456121633
TNR:0.47039210456121633
FPR:0.500141723356009
FPDR:0.500141723356009
F1:0.4846777518208053
BACC:0.0
CLSFE:0.05946666666666667
MCC:-0.004096891653900585
GMEAN:0.0
SAMPLES:3750.0
AUC:{'AUC macro OVO': 0.4998582766439909}
AVGP:{'avg_precision': 0.940784213598305}


METRICS_PER_CLASSES
CLASS:0
ACC:0.9405333333333333
PREC:0.0
REC:0.0
TNR:0.9407842091224327
FPR:1.0
FPDR:1.0
F1:0.0
BACC:0
CLSFE:1.0
MCC:-0.004096891653900585
GMEAN:0
SAMPLES:222
AUC:{}
AVGP:{}
CLASS:1
ACC:0.9405333333333333
PREC:0.9997165532879818
REC:0.9407842091224327
TNR:0.0
FPR:0.0002834467120181406
FPDR:0.0002834467120181406
F1:0.9693555036416106
BACC:0
CLSFE:0.0002834467120181406
MCC:-0.004096891653900585
GMEAN:0
SAMPLES:3528
AUC:{}
AVGP:{}
