

GENERAL_METRICS
ACC:0.8048
PREC:0.6264244208760164
REC:0.6717218265605363
TNR:0.6717218265605363
FPR:0.3735755791239837
FPDR:0.3735755791239837
F1:0.6412456890670506
BACC:0.0
CLSFE:0.1952
MCC:0.29468513688129916
GMEAN:0.646928873141448
SAMPLES:1250.0
AUC:{'AUC macro OVO': 0.6264244208760164}
AVGP:{'avg_precision': 0.8487604262101911}


METRICS_PER_CLASSES
CLASS:0
ACC:0.8048
PREC:0.3360995850622407
REC:0.4909090909090909
TNR:0.8525345622119815
FPR:0.6639004149377593
FPDR:0.6639004149377593
F1:0.39901477832512317
BACC:0
CLSFE:0.6639004149377593
MCC:0.29468513688129916
GMEAN:0.646928873141448
SAMPLES:241
AUC:{}
AVGP:{}
CLASS:1
ACC:0.8048
PREC:0.9167492566897919
REC:0.8525345622119815
TNR:0.4909090909090909
FPR:0.08325074331020813
FPDR:0.08325074331020813
F1:0.8834765998089781
BACC:0
CLSFE:0.08325074331020813
MCC:0.29468513688129916
GMEAN:0.646928873141448
SAMPLES:1009
AUC:{}
AVGP:{}
