

GENERAL_METRICS
ACC:0.7992
PREC:0.6291486039925773
REC:0.6852631929933757
TNR:0.6852631929933757
FPR:0.3708513960074227
FPDR:0.3708513960074227
F1:0.6455487131864917
BACC:0.0
CLSFE:0.2008
MCC:0.30936375189282866
GMEAN:0.6674701363167285
SAMPLES:1250.0
AUC:{'AUC macro OVO': 0.6291486039925773}
AVGP:{'avg_precision': 0.8365251553061537}


METRICS_PER_CLASSES
CLASS:0
ACC:0.7992
PREC:0.3371647509578544
REC:0.5301204819277109
TNR:0.8404059040590406
FPR:0.6628352490421456
FPDR:0.6628352490421456
F1:0.41217798594847777
BACC:0
CLSFE:0.6628352490421456
MCC:0.30936375189282866
GMEAN:0.6674701363167285
SAMPLES:261
AUC:{}
AVGP:{}
CLASS:1
ACC:0.7992
PREC:0.9211324570273003
REC:0.8404059040590406
TNR:0.5301204819277109
FPR:0.0788675429726997
FPDR:0.0788675429726997
F1:0.8789194404245055
BACC:0
CLSFE:0.0788675429726997
MCC:0.30936375189282866
GMEAN:0.6674701363167285
SAMPLES:989
AUC:{}
AVGP:{}
