

GENERAL_METRICS
ACC:0.796
PREC:0.629782940844322
REC:0.6558826902841983
TNR:0.6558826902841983
FPR:0.37021705915567804
FPDR:0.37021705915567804
F1:0.6399000871018142
BACC:0.0
CLSFE:0.204
MCC:0.28447083486226044
GMEAN:0.6243707842080086
SAMPLES:1250.0
AUC:{'AUC macro OVO': 0.629782940844322}
AVGP:{'avg_precision': 0.8519411890490365}


METRICS_PER_CLASSES
CLASS:0
ACC:0.796
PREC:0.36134453781512604
REC:0.455026455026455
TNR:0.8567389255419415
FPR:0.6386554621848739
FPDR:0.6386554621848739
F1:0.4028103044496487
BACC:0
CLSFE:0.6386554621848739
MCC:0.28447083486226044
GMEAN:0.6243707842080086
SAMPLES:238
AUC:{}
AVGP:{}
CLASS:1
ACC:0.796
PREC:0.8982213438735178
REC:0.8567389255419415
TNR:0.455026455026455
FPR:0.10177865612648221
FPDR:0.10177865612648221
F1:0.8769898697539797
BACC:0
CLSFE:0.10177865612648221
MCC:0.28447083486226044
GMEAN:0.6243707842080086
SAMPLES:1012
AUC:{}
AVGP:{}
