

GENERAL_METRICS
ACC:0.7928
PREC:0.619168968453007
REC:0.673685037955352
TNR:0.673685037955352
FPR:0.38083103154699305
FPDR:0.38083103154699305
F1:0.6342514610171368
BACC:0.0
CLSFE:0.2072
MCC:0.2877350643134107
GMEAN:0.6540432228789488
SAMPLES:1250.0
AUC:{'AUC macro OVO': 0.619168968453007}
AVGP:{'avg_precision': 0.8314809354014714}


METRICS_PER_CLASSES
CLASS:0
ACC:0.7928
PREC:0.3193916349809886
REC:0.5121951219512195
TNR:0.8351749539594844
FPR:0.6806083650190115
FPDR:0.6806083650190115
F1:0.39344262295081966
BACC:0
CLSFE:0.6806083650190115
MCC:0.2877350643134107
GMEAN:0.6540432228789488
SAMPLES:263
AUC:{}
AVGP:{}
CLASS:1
ACC:0.7928
PREC:0.9189463019250254
REC:0.8351749539594844
TNR:0.5121951219512195
FPR:0.08105369807497467
FPDR:0.08105369807497467
F1:0.875060299083454
BACC:0
CLSFE:0.08105369807497467
MCC:0.2877350643134107
GMEAN:0.6540432228789488
SAMPLES:987
AUC:{}
AVGP:{}
