

GENERAL_METRICS
ACC:0.845
PREC:0.8058524345969336
REC:0.779282773743768
TNR:0.779282773743768
FPR:0.1941475654030664
FPDR:0.1941475654030664
F1:0.7908003438972411
BACC:0.0
CLSFE:0.155
MCC:0.5845316630962466
GMEAN:0.7669554689597167
SAMPLES:1000.0
AUC:{'AUC macro OVO': 0.8058524345969336}
AVGP:{'avg_precision': 0.8995019525551935}


METRICS_PER_CLASSES
CLASS:0
ACC:0.845
PREC:0.7336244541484717
REC:0.6412213740458015
TNR:0.9173441734417345
FPR:0.2663755458515284
FPDR:0.2663755458515284
F1:0.6843177189409368
BACC:0
CLSFE:0.2663755458515284
MCC:0.5845316630962466
GMEAN:0.7669554689597167
SAMPLES:229
AUC:{}
AVGP:{}
CLASS:1
ACC:0.845
PREC:0.8780804150453956
REC:0.9173441734417345
TNR:0.6412213740458015
FPR:0.1219195849546044
FPDR:0.1219195849546044
F1:0.8972829688535454
BACC:0
CLSFE:0.1219195849546044
MCC:0.5845316630962466
GMEAN:0.7669554689597167
SAMPLES:771
AUC:{}
AVGP:{}
