

GENERAL_METRICS
ACC:0.851
PREC:0.830147649934339
REC:0.8113474976926409
TNR:0.8113474976926409
FPR:0.16985235006566102
FPDR:0.16985235006566102
F1:0.81963682846494
BACC:0.0
CLSFE:0.149
MCC:0.6412196025580079
GMEAN:0.8048853957384965
SAMPLES:1000.0
AUC:{'AUC macro OVO': 0.830147649934339}
AVGP:{'avg_precision': 0.8900889624961635}


METRICS_PER_CLASSES
CLASS:0
ACC:0.851
PREC:0.7833935018050542
REC:0.7091503267973857
TNR:0.9135446685878963
FPR:0.21660649819494585
FPDR:0.21660649819494585
F1:0.7444253859348199
BACC:0
CLSFE:0.21660649819494585
MCC:0.6412196025580079
GMEAN:0.8048853957384965
SAMPLES:277
AUC:{}
AVGP:{}
CLASS:1
ACC:0.851
PREC:0.8769017980636238
REC:0.9135446685878963
TNR:0.7091503267973857
FPR:0.12309820193637622
FPDR:0.12309820193637622
F1:0.89484827099506
BACC:0
CLSFE:0.12309820193637622
MCC:0.6412196025580079
GMEAN:0.8048853957384965
SAMPLES:723
AUC:{}
AVGP:{}
