

GENERAL_METRICS
ACC:0.838
PREC:0.7998294326997195
REC:0.7776107390703537
TNR:0.7776107390703537
FPR:0.20017056730028046
FPDR:0.20017056730028046
F1:0.7873613911290323
BACC:0.0
CLSFE:0.162
MCC:0.5770125489339517
GMEAN:0.7663503832883081
SAMPLES:1000.0
AUC:{'AUC macro OVO': 0.7998294326997195}
AVGP:{'avg_precision': 0.8904338717285576}


METRICS_PER_CLASSES
CLASS:0
ACC:0.838
PREC:0.7261410788381742
REC:0.6457564575645757
TNR:0.9094650205761317
FPR:0.27385892116182575
FPDR:0.27385892116182575
F1:0.68359375
BACC:0
CLSFE:0.27385892116182575
MCC:0.5770125489339517
GMEAN:0.7663503832883081
SAMPLES:241
AUC:{}
AVGP:{}
CLASS:1
ACC:0.838
PREC:0.8735177865612648
REC:0.9094650205761317
TNR:0.6457564575645757
FPR:0.12648221343873517
FPDR:0.12648221343873517
F1:0.8911290322580645
BACC:0
CLSFE:0.12648221343873517
MCC:0.5770125489339517
GMEAN:0.7663503832883081
SAMPLES:759
AUC:{}
AVGP:{}
