

GENERAL_METRICS
ACC:0.9331764705882353
PREC:0.5595
REC:0.6406300225008036
TNR:0.6406300225008036
FPR:0.4405
FPDR:0.4405
F1:0.5791633194983711
BACC:0.0
CLSFE:0.06682352941176471
MCC:0.18294793072126087
GMEAN:0.562117043467009
SAMPLES:4250.0
AUC:{'AUC macro OVO': 0.5595}
AVGP:{'avg_precision': 0.9478119575699132}


METRICS_PER_CLASSES
CLASS:0
ACC:0.9331764705882353
PREC:0.136
REC:0.3333333333333333
TNR:0.9479267116682739
FPR:0.864
FPDR:0.864
F1:0.19318181818181818
BACC:0
CLSFE:0.864
MCC:0.18294793072126087
GMEAN:0.562117043467009
SAMPLES:250
AUC:{}
AVGP:{}
CLASS:1
ACC:0.9331764705882353
PREC:0.983
REC:0.9479267116682739
TNR:0.3333333333333333
FPR:0.017
FPDR:0.017
F1:0.9651448208149239
BACC:0
CLSFE:0.017
MCC:0.18294793072126087
GMEAN:0.562117043467009
SAMPLES:4000
AUC:{}
AVGP:{}
