

GENERAL_METRICS
ACC:0.9376470588235294
PREC:0.5673804888600475
REC:0.6431443506232408
TNR:0.6431443506232408
FPR:0.4326195111399524
FPDR:0.4326195111399524
F1:0.5882498103481368
BACC:0.0
CLSFE:0.06235294117647059
MCC:0.1964193098709801
GMEAN:0.5636060586122037
SAMPLES:4250.0
AUC:{'AUC macro OVO': 0.5673804888600477}
AVGP:{'avg_precision': 0.9528322059609001}


METRICS_PER_CLASSES
CLASS:0
ACC:0.9376470588235294
PREC:0.15217391304347827
REC:0.3333333333333333
TNR:0.9529553679131484
FPR:0.8478260869565217
FPDR:0.8478260869565217
F1:0.208955223880597
BACC:0
CLSFE:0.8478260869565217
MCC:0.1964193098709801
GMEAN:0.5636060586122037
SAMPLES:230
AUC:{}
AVGP:{}
CLASS:1
ACC:0.9376470588235294
PREC:0.9825870646766169
REC:0.9529553679131484
TNR:0.3333333333333333
FPR:0.017412935323383085
FPDR:0.017412935323383085
F1:0.9675443968156767
BACC:0
CLSFE:0.017412935323383085
MCC:0.1964193098709801
GMEAN:0.5636060586122037
SAMPLES:4020
AUC:{}
AVGP:{}
