

GENERAL_METRICS
ACC:0.9305882352941176
PREC:0.5520146130382351
REC:0.6235985306959528
TNR:0.6235985306959528
FPR:0.44798538696176493
FPDR:0.44798538696176493
F1:0.5687210165903522
BACC:0.0
CLSFE:0.06941176470588235
MCC:0.1603612140917424
GMEAN:0.5336539351332548
SAMPLES:4250.0
AUC:{'AUC macro OVO': 0.5520146130382351}
AVGP:{'avg_precision': 0.9461182435786898}


METRICS_PER_CLASSES
CLASS:0
ACC:0.9305882352941176
PREC:0.1220472440944882
REC:0.30097087378640774
TNR:0.9462261876054979
FPR:0.8779527559055118
FPDR:0.8779527559055118
F1:0.17366946778711484
BACC:0
CLSFE:0.8779527559055118
MCC:0.1603612140917424
GMEAN:0.5336539351332548
SAMPLES:254
AUC:{}
AVGP:{}
CLASS:1
ACC:0.9305882352941176
PREC:0.9819819819819819
REC:0.9462261876054979
TNR:0.30097087378640774
FPR:0.018018018018018018
FPDR:0.018018018018018018
F1:0.9637725653935896
BACC:0
CLSFE:0.018018018018018018
MCC:0.1603612140917424
GMEAN:0.5336539351332548
SAMPLES:3996
AUC:{}
AVGP:{}
