

GENERAL_METRICS
ACC:0.9287058823529412
PREC:0.530992949619769
REC:0.5768436045578559
TNR:0.5768436045578559
FPR:0.46900705038023105
FPDR:0.46900705038023105
F1:0.5397360331197051
BACC:0.0
CLSFE:0.07129411764705883
MCC:0.09760348282029851
GMEAN:0.44378905362945675
SAMPLES:4250.0
AUC:{'AUC macro OVO': 0.530992949619769}
AVGP:{'avg_precision': 0.9452879662805219}


METRICS_PER_CLASSES
CLASS:0
ACC:0.9287058823529412
PREC:0.08097165991902834
REC:0.20833333333333334
TNR:0.9453538757823784
FPR:0.9190283400809717
FPDR:0.9190283400809717
F1:0.11661807580174927
BACC:0
CLSFE:0.9190283400809717
MCC:0.09760348282029851
GMEAN:0.44378905362945675
SAMPLES:247
AUC:{}
AVGP:{}
CLASS:1
ACC:0.9287058823529412
PREC:0.9810142393205096
REC:0.9453538757823784
TNR:0.20833333333333334
FPR:0.01898576067949038
FPDR:0.01898576067949038
F1:0.962853990437661
BACC:0
CLSFE:0.01898576067949038
MCC:0.09760348282029851
GMEAN:0.44378905362945675
SAMPLES:4003
AUC:{}
AVGP:{}
