

GENERAL_METRICS
ACC:0.8186666666666667
PREC:0.6714933525713697
REC:0.6714933525713697
TNR:0.6714933525713697
FPR:0.3285066474286303
FPDR:0.3285066474286303
F1:0.6714933525713697
BACC:0.0
CLSFE:0.18133333333333335
MCC:0.3429867051427394
GMEAN:0.6344729391732409
SAMPLES:1500.0
AUC:{'AUC macro OVO': 0.6714933525713698}
AVGP:{'avg_precision': 0.8852139214105142}


METRICS_PER_CLASSES
CLASS:0
ACC:0.8186666666666667
PREC:0.45161290322580644
REC:0.45161290322580644
TNR:0.8913738019169329
FPR:0.5483870967741935
FPDR:0.5483870967741935
F1:0.45161290322580644
BACC:0
CLSFE:0.5483870967741935
MCC:0.3429867051427394
GMEAN:0.6344729391732409
SAMPLES:248
AUC:{}
AVGP:{}
CLASS:1
ACC:0.8186666666666667
PREC:0.8913738019169329
REC:0.8913738019169329
TNR:0.45161290322580644
FPR:0.10862619808306709
FPDR:0.10862619808306709
F1:0.8913738019169329
BACC:0
CLSFE:0.10862619808306709
MCC:0.3429867051427394
GMEAN:0.6344729391732409
SAMPLES:1252
AUC:{}
AVGP:{}
