

GENERAL_METRICS
ACC:0.8206666666666667
PREC:0.6463918524696249
REC:0.6491033286807935
TNR:0.6491033286807935
FPR:0.35360814753037506
FPDR:0.35360814753037506
F1:0.6477210125030666
BACC:0.0
CLSFE:0.17933333333333334
MCC:0.29548274057865864
GMEAN:0.6016198579632734
SAMPLES:1500.0
AUC:{'AUC macro OVO': 0.6463918524696249}
AVGP:{'avg_precision': 0.8882248456260826}


METRICS_PER_CLASSES
CLASS:0
ACC:0.8206666666666667
PREC:0.3964757709251101
REC:0.40540540540540543
TNR:0.8928012519561815
FPR:0.6035242290748899
FPDR:0.6035242290748899
F1:0.40089086859688194
BACC:0
CLSFE:0.6035242290748899
MCC:0.29548274057865864
GMEAN:0.6016198579632734
SAMPLES:227
AUC:{}
AVGP:{}
CLASS:1
ACC:0.8206666666666667
PREC:0.8963079340141398
REC:0.8928012519561815
TNR:0.40540540540540543
FPR:0.10369206598586017
FPDR:0.10369206598586017
F1:0.8945511564092513
BACC:0
CLSFE:0.10369206598586017
MCC:0.29548274057865864
GMEAN:0.6016198579632734
SAMPLES:1273
AUC:{}
AVGP:{}
