

GENERAL_METRICS
ACC:0.8093333333333333
PREC:0.6423136714652241
REC:0.6541937692571037
TNR:0.6541937692571037
FPR:0.3576863285347759
FPDR:0.3576863285347759
F1:0.647709206532736
BACC:0.0
CLSFE:0.19066666666666668
MCC:0.2962693465078022
GMEAN:0.614736857223393
SAMPLES:1500.0
AUC:{'AUC macro OVO': 0.6423136714652241}
AVGP:{'avg_precision': 0.8729812649823266}


METRICS_PER_CLASSES
CLASS:0
ACC:0.8093333333333333
PREC:0.38976377952755903
REC:0.43043478260869567
TNR:0.8779527559055118
FPR:0.610236220472441
FPDR:0.610236220472441
F1:0.4090909090909091
BACC:0
CLSFE:0.610236220472441
MCC:0.2962693465078022
GMEAN:0.614736857223393
SAMPLES:254
AUC:{}
AVGP:{}
CLASS:1
ACC:0.8093333333333333
PREC:0.8948635634028892
REC:0.8779527559055118
TNR:0.43043478260869567
FPR:0.10513643659711075
FPDR:0.10513643659711075
F1:0.8863275039745628
BACC:0
CLSFE:0.10513643659711075
MCC:0.2962693465078022
GMEAN:0.614736857223393
SAMPLES:1246
AUC:{}
AVGP:{}
