

GENERAL_METRICS
ACC:0.8193333333333334
PREC:0.6473127896576958
REC:0.6620711617455524
TNR:0.6620711617455524
FPR:0.3526872103423042
FPDR:0.3526872103423042
F1:0.6539338737016136
BACC:0.0
CLSFE:0.18066666666666667
MCC:0.30903174568190206
GMEAN:0.6238473175993529
SAMPLES:1500.0
AUC:{'AUC macro OVO': 0.6473127896576958}
AVGP:{'avg_precision': 0.879195861380272}


METRICS_PER_CLASSES
CLASS:0
ACC:0.8193333333333334
PREC:0.39183673469387753
REC:0.44036697247706424
TNR:0.8837753510140406
FPR:0.6081632653061224
FPDR:0.6081632653061224
F1:0.4146868250539957
BACC:0
CLSFE:0.6081632653061224
MCC:0.30903174568190206
GMEAN:0.6238473175993529
SAMPLES:245
AUC:{}
AVGP:{}
CLASS:1
ACC:0.8193333333333334
PREC:0.902788844621514
REC:0.8837753510140406
TNR:0.44036697247706424
FPR:0.09721115537848606
FPDR:0.09721115537848606
F1:0.8931809223492314
BACC:0
CLSFE:0.09721115537848606
MCC:0.30903174568190206
GMEAN:0.6238473175993529
SAMPLES:1255
AUC:{}
AVGP:{}
