

GENERAL_METRICS
ACC:0.846
PREC:0.713223493176737
REC:0.7311467496245441
TNR:0.7311467496245441
FPR:0.2867765068232631
FPDR:0.2867765068232631
F1:0.7214610073545549
BACC:0.0
CLSFE:0.154
MCC:0.4440086368141678
GMEAN:0.7116811249429662
SAMPLES:1500.0
AUC:{'AUC macro OVO': 0.713223493176737}
AVGP:{'avg_precision': 0.8926876717646939}


METRICS_PER_CLASSES
CLASS:0
ACC:0.846
PREC:0.5095785440613027
REC:0.5635593220338984
TNR:0.8987341772151899
FPR:0.4904214559386973
FPDR:0.4904214559386973
F1:0.5352112676056338
BACC:0
CLSFE:0.4904214559386973
MCC:0.4440086368141678
GMEAN:0.7116811249429662
SAMPLES:261
AUC:{}
AVGP:{}
CLASS:1
ACC:0.846
PREC:0.9168684422921711
REC:0.8987341772151899
TNR:0.5635593220338984
FPR:0.08313155770782889
FPDR:0.08313155770782889
F1:0.9077107471034759
BACC:0
CLSFE:0.08313155770782889
MCC:0.4440086368141678
GMEAN:0.7116811249429662
SAMPLES:1239
AUC:{}
AVGP:{}
