

GENERAL_METRICS
ACC:0.8693333333333333
PREC:0.7191673574652298
REC:0.750287310423817
TNR:0.750287310423817
FPR:0.2808326425347702
FPDR:0.2808326425347702
F1:0.7329253935262569
BACC:0.0
CLSFE:0.13066666666666665
MCC:0.46842206793731495
GMEAN:0.7327096207067139
SAMPLES:1500.0
AUC:{'AUC macro OVO': 0.7191673574652299}
AVGP:{'avg_precision': 0.9075458271419473}


METRICS_PER_CLASSES
CLASS:0
ACC:0.8693333333333333
PREC:0.5021645021645021
REC:0.5888324873096447
TNR:0.9117421335379893
FPR:0.49783549783549785
FPDR:0.49783549783549785
F1:0.5420560747663551
BACC:0
CLSFE:0.49783549783549785
MCC:0.46842206793731495
GMEAN:0.7327096207067139
SAMPLES:231
AUC:{}
AVGP:{}
CLASS:1
ACC:0.8693333333333333
PREC:0.9361702127659575
REC:0.9117421335379893
TNR:0.5888324873096447
FPR:0.06382978723404255
FPDR:0.06382978723404255
F1:0.9237947122861586
BACC:0
CLSFE:0.06382978723404255
MCC:0.46842206793731495
GMEAN:0.7327096207067139
SAMPLES:1269
AUC:{}
AVGP:{}
