

GENERAL_METRICS
ACC:0.864
PREC:0.731845238095238
REC:0.7471133104935921
TNR:0.7471133104935921
FPR:0.2681547619047619
FPDR:0.2681547619047619
F1:0.7390316539252709
BACC:0.0
CLSFE:0.136
MCC:0.4787151316091413
GMEAN:0.7284309147153256
SAMPLES:1500.0
AUC:{'AUC macro OVO': 0.731845238095238}
AVGP:{'avg_precision': 0.9077467024368432}


METRICS_PER_CLASSES
CLASS:0
ACC:0.864
PREC:0.5375
REC:0.581081081081081
TNR:0.9131455399061033
FPR:0.4625
FPDR:0.4625
F1:0.5584415584415584
BACC:0
CLSFE:0.4625
MCC:0.4787151316091413
GMEAN:0.7284309147153256
SAMPLES:240
AUC:{}
AVGP:{}
CLASS:1
ACC:0.864
PREC:0.9261904761904762
REC:0.9131455399061033
TNR:0.581081081081081
FPR:0.07380952380952381
FPDR:0.07380952380952381
F1:0.9196217494089834
BACC:0
CLSFE:0.07380952380952381
MCC:0.4787151316091413
GMEAN:0.7284309147153256
SAMPLES:1260
AUC:{}
AVGP:{}
