

GENERAL_METRICS
ACC:0.854
PREC:0.6882199789583028
REC:0.7241140768520243
TNR:0.7241140768520243
FPR:0.3117800210416972
FPDR:0.3117800210416972
F1:0.7033160862288991
BACC:0.0
CLSFE:0.146
MCC:0.4107687759766922
GMEAN:0.7026764809294459
SAMPLES:1500.0
AUC:{'AUC macro OVO': 0.6882199789583028}
AVGP:{'avg_precision': 0.8950295507428608}


METRICS_PER_CLASSES
CLASS:0
ACC:0.854
PREC:0.44537815126050423
REC:0.5492227979274611
TNR:0.8990053557765876
FPR:0.5546218487394958
FPDR:0.5546218487394958
F1:0.4918793503480278
BACC:0
CLSFE:0.5546218487394958
MCC:0.4107687759766922
GMEAN:0.7026764809294459
SAMPLES:238
AUC:{}
AVGP:{}
CLASS:1
ACC:0.854
PREC:0.9310618066561014
REC:0.8990053557765876
TNR:0.5492227979274611
FPR:0.06893819334389857
FPDR:0.06893819334389857
F1:0.9147528221097704
BACC:0
CLSFE:0.06893819334389857
MCC:0.4107687759766922
GMEAN:0.7026764809294459
SAMPLES:1262
AUC:{}
AVGP:{}
