

GENERAL_METRICS
ACC:0.86
PREC:0.6398359398168232
REC:0.7467137124671371
TNR:0.7467137124671371
FPR:0.36016406018317687
FPDR:0.36016406018317687
F1:0.6692404835761989
BACC:0.0
CLSFE:0.14
MCC:0.3714805181892563
GMEAN:0.7342978298292411
SAMPLES:1750.0
AUC:{'AUC macro OVO': 0.6398359398168232}
AVGP:{'avg_precision': 0.8807727200865052}


METRICS_PER_CLASSES
CLASS:0
ACC:0.86
PREC:0.3176895306859206
REC:0.6111111111111112
TNR:0.8823163138231631
FPR:0.6823104693140795
FPDR:0.6823104693140795
F1:0.4180522565320665
BACC:0
CLSFE:0.6823104693140795
MCC:0.3714805181892563
GMEAN:0.7342978298292411
SAMPLES:277
AUC:{}
AVGP:{}
CLASS:1
ACC:0.86
PREC:0.9619823489477257
REC:0.8823163138231631
TNR:0.6111111111111112
FPR:0.03801765105227427
FPDR:0.03801765105227427
F1:0.9204287106203313
BACC:0
CLSFE:0.03801765105227427
MCC:0.3714805181892563
GMEAN:0.7342978298292411
SAMPLES:1473
AUC:{}
AVGP:{}
