

GENERAL_METRICS
ACC:0.8571428571428571
PREC:0.6586611959096058
REC:0.7036799772225781
TNR:0.7036799772225781
FPR:0.3413388040903942
FPDR:0.3413388040903942
F1:0.6763181803384934
BACC:0.0
CLSFE:0.14285714285714285
MCC:0.3595336355278905
GMEAN:0.6759068016937108
SAMPLES:1750.0
AUC:{'AUC macro OVO': 0.6586611959096058}
AVGP:{'avg_precision': 0.8966902979565794}


METRICS_PER_CLASSES
CLASS:0
ACC:0.8571428571428571
PREC:0.3794466403162055
REC:0.5079365079365079
TNR:0.8994234465086482
FPR:0.6205533596837944
FPDR:0.6205533596837944
F1:0.4343891402714932
BACC:0
CLSFE:0.6205533596837944
MCC:0.3595336355278905
GMEAN:0.6759068016937108
SAMPLES:253
AUC:{}
AVGP:{}
CLASS:1
ACC:0.8571428571428571
PREC:0.9378757515030061
REC:0.8994234465086482
TNR:0.5079365079365079
FPR:0.06212424849699399
FPDR:0.06212424849699399
F1:0.9182472204054938
BACC:0
CLSFE:0.06212424849699399
MCC:0.3595336355278905
GMEAN:0.6759068016937108
SAMPLES:1497
AUC:{}
AVGP:{}
