

GENERAL_METRICS
ACC:0.8485714285714285
PREC:0.6295569184913448
REC:0.722009404889069
TNR:0.722009404889069
FPR:0.3704430815086553
FPDR:0.3704430815086553
F1:0.6548911688603557
BACC:0.0
CLSFE:0.15142857142857144
MCC:0.3391923016433307
GMEAN:0.7055292743489983
SAMPLES:1750.0
AUC:{'AUC macro OVO': 0.6295569184913448}
AVGP:{'avg_precision': 0.8736412799760676}


METRICS_PER_CLASSES
CLASS:0
ACC:0.8485714285714285
PREC:0.3041958041958042
REC:0.5686274509803921
TNR:0.8753913587977458
FPR:0.6958041958041958
FPDR:0.6958041958041958
F1:0.39635535307517084
BACC:0
CLSFE:0.6958041958041958
MCC:0.3391923016433307
GMEAN:0.7055292743489983
SAMPLES:286
AUC:{}
AVGP:{}
CLASS:1
ACC:0.8485714285714285
PREC:0.9549180327868853
REC:0.8753913587977458
TNR:0.5686274509803921
FPR:0.045081967213114756
FPDR:0.045081967213114756
F1:0.9134269846455406
BACC:0
CLSFE:0.045081967213114756
MCC:0.3391923016433307
GMEAN:0.7055292743489983
SAMPLES:1464
AUC:{}
AVGP:{}
