

GENERAL_METRICS
ACC:0.864
PREC:0.6578073089700996
REC:0.7111111111111111
TNR:0.7111111111111111
FPR:0.34219269102990035
FPDR:0.34219269102990035
F1:0.678030303030303
BACC:0.0
CLSFE:0.136
MCC:0.3650472645460155
GMEAN:0.6849493087488706
SAMPLES:1750.0
AUC:{'AUC macro OVO': 0.6578073089700996}
AVGP:{'avg_precision': 0.8998656330749354}


METRICS_PER_CLASSES
CLASS:0
ACC:0.864
PREC:0.37142857142857144
REC:0.52
TNR:0.9022222222222223
FPR:0.6285714285714286
FPDR:0.6285714285714286
F1:0.43333333333333335
BACC:0
CLSFE:0.6285714285714286
MCC:0.3650472645460155
GMEAN:0.6849493087488706
SAMPLES:245
AUC:{}
AVGP:{}
CLASS:1
ACC:0.864
PREC:0.9441860465116279
REC:0.9022222222222223
TNR:0.52
FPR:0.05581395348837209
FPDR:0.05581395348837209
F1:0.9227272727272727
BACC:0
CLSFE:0.05581395348837209
MCC:0.3650472645460155
GMEAN:0.6849493087488706
SAMPLES:1505
AUC:{}
AVGP:{}
