

GENERAL_METRICS
ACC:0.9069090909090909
PREC:0.5953105764598834
REC:0.6777266262444793
TNR:0.6777266262444793
FPR:0.40468942354011667
FPDR:0.40468942354011667
F1:0.6195417207090359
BACC:0.0
CLSFE:0.09309090909090909
MCC:0.2603015727930322
GMEAN:0.62933502964192
SAMPLES:2750.0
AUC:{'AUC macro OVO': 0.5953105764598834}
AVGP:{'avg_precision': 0.9287843159806775}


METRICS_PER_CLASSES
CLASS:0
ACC:0.9069090909090909
PREC:0.2184873949579832
REC:0.4262295081967213
TNR:0.9292237442922374
FPR:0.7815126050420168
FPDR:0.7815126050420168
F1:0.28888888888888886
BACC:0
CLSFE:0.7815126050420168
MCC:0.2603015727930322
GMEAN:0.62933502964192
SAMPLES:238
AUC:{}
AVGP:{}
CLASS:1
ACC:0.9069090909090909
PREC:0.9721337579617835
REC:0.9292237442922374
TNR:0.4262295081967213
FPR:0.02786624203821656
FPDR:0.02786624203821656
F1:0.9501945525291828
BACC:0
CLSFE:0.02786624203821656
MCC:0.2603015727930322
GMEAN:0.62933502964192
SAMPLES:2512
AUC:{}
AVGP:{}
