

GENERAL_METRICS
ACC:0.9014545454545455
PREC:0.5999278691014008
REC:0.6990327380952381
TNR:0.6990327380952381
FPR:0.40007213089859917
FPDR:0.40007213089859917
F1:0.626930861190247
BACC:0.0
CLSFE:0.09854545454545455
MCC:0.2820561461785533
GMEAN:0.6625617671116371
SAMPLES:2750.0
AUC:{'AUC macro OVO': 0.5999278691014008}
AVGP:{'avg_precision': 0.9213905935613682}


METRICS_PER_CLASSES
CLASS:0
ACC:0.9014545454545455
PREC:0.22641509433962265
REC:0.47619047619047616
TNR:0.921875
FPR:0.7735849056603774
FPDR:0.7735849056603774
F1:0.3069053708439898
BACC:0
CLSFE:0.7735849056603774
MCC:0.2820561461785533
GMEAN:0.6625617671116371
SAMPLES:265
AUC:{}
AVGP:{}
CLASS:1
ACC:0.9014545454545455
PREC:0.9734406438631791
REC:0.921875
TNR:0.47619047619047616
FPR:0.026559356136820925
FPDR:0.026559356136820925
F1:0.9469563515365043
BACC:0
CLSFE:0.026559356136820925
MCC:0.2820561461785533
GMEAN:0.6625617671116371
SAMPLES:2485
AUC:{}
AVGP:{}
