

GENERAL_METRICS
ACC:0.9047272727272727
PREC:0.6014548126149892
REC:0.7057643763615616
TNR:0.7057643763615616
FPR:0.39854518738501077
FPDR:0.39854518738501077
F1:0.6296772203947368
BACC:0.0
CLSFE:0.09527272727272727
MCC:0.288969107321889
GMEAN:0.6711997483804405
SAMPLES:2750.0
AUC:{'AUC macro OVO': 0.6014548126149892}
AVGP:{'avg_precision': 0.923474764305551}


METRICS_PER_CLASSES
CLASS:0
ACC:0.9047272727272727
PREC:0.2277992277992278
REC:0.48760330578512395
TNR:0.9239254469379993
FPR:0.7722007722007722
FPDR:0.7722007722007722
F1:0.3105263157894737
BACC:0
CLSFE:0.7722007722007722
MCC:0.288969107321889
GMEAN:0.6711997483804405
SAMPLES:259
AUC:{}
AVGP:{}
CLASS:1
ACC:0.9047272727272727
PREC:0.9751103974307507
REC:0.9239254469379993
TNR:0.48760330578512395
FPR:0.024889602569249297
FPDR:0.024889602569249297
F1:0.948828125
BACC:0
CLSFE:0.024889602569249297
MCC:0.288969107321889
GMEAN:0.6711997483804405
SAMPLES:2491
AUC:{}
AVGP:{}
