

GENERAL_METRICS
ACC:0.9116363636363637
PREC:0.602312152399388
REC:0.6675635249809306
TNR:0.6675635249809306
FPR:0.39768784760061204
FPDR:0.39768784760061204
F1:0.6242567368110319
BACC:0.0
CLSFE:0.08836363636363637
MCC:0.2618685540833616
GMEAN:0.6109109939777881
SAMPLES:2750.0
AUC:{'AUC macro OVO': 0.602312152399388}
AVGP:{'avg_precision': 0.9362153709855234}


METRICS_PER_CLASSES
CLASS:0
ACC:0.9116363636363637
PREC:0.2350230414746544
REC:0.3984375
TNR:0.9366895499618612
FPR:0.7649769585253456
FPDR:0.7649769585253456
F1:0.2956521739130435
BACC:0
CLSFE:0.7649769585253456
MCC:0.2618685540833616
GMEAN:0.6109109939777881
SAMPLES:217
AUC:{}
AVGP:{}
CLASS:1
ACC:0.9116363636363637
PREC:0.9696012633241216
REC:0.9366895499618612
TNR:0.3984375
FPR:0.030398736675878404
FPDR:0.030398736675878404
F1:0.9528612997090203
BACC:0
CLSFE:0.030398736675878404
MCC:0.2618685540833616
GMEAN:0.6109109939777881
SAMPLES:2533
AUC:{}
AVGP:{}
