

GENERAL_METRICS
ACC:0.92
PREC:0.5206161798138378
REC:0.5562134502923977
TNR:0.5562134502923977
FPR:0.47938382018616227
FPDR:0.47938382018616227
F1:0.5245340433624952
BACC:0.0
CLSFE:0.08
MCC:0.06808543454173739
GMEAN:0.40503050206415214
SAMPLES:3500.0
AUC:{'AUC macro OVO': 0.5206161798138377}
AVGP:{'avg_precision': 0.9373750656184062}


METRICS_PER_CLASSES
CLASS:0
ACC:0.92
PREC:0.06140350877192982
REC:0.175
TNR:0.9374269005847953
FPR:0.9385964912280702
FPDR:0.9385964912280702
F1:0.09090909090909091
BACC:0
CLSFE:0.9385964912280702
MCC:0.06808543454173739
GMEAN:0.40503050206415214
SAMPLES:228
AUC:{}
AVGP:{}
CLASS:1
ACC:0.92
PREC:0.9798288508557457
REC:0.9374269005847953
TNR:0.175
FPR:0.020171149144254278
FPDR:0.020171149144254278
F1:0.9581589958158996
BACC:0
CLSFE:0.020171149144254278
MCC:0.06808543454173739
GMEAN:0.40503050206415214
SAMPLES:3272
AUC:{}
AVGP:{}
