

GENERAL_METRICS
ACC:0.9271428571428572
PREC:0.5222449455537018
REC:0.5781007751937984
TNR:0.5781007751937984
FPR:0.4777550544462982
FPDR:0.4777550544462982
F1:0.5272873070948216
BACC:0.0
CLSFE:0.07285714285714286
MCC:0.08336300119088688
GMEAN:0.4511827694769252
SAMPLES:3500.0
AUC:{'AUC macro OVO': 0.5222449455537018}
AVGP:{'avg_precision': 0.9394965019519159}


METRICS_PER_CLASSES
CLASS:0
ACC:0.9271428571428572
PREC:0.058823529411764705
REC:0.21666666666666667
TNR:0.9395348837209302
FPR:0.9411764705882353
FPDR:0.9411764705882353
F1:0.09252669039145907
BACC:0
CLSFE:0.9411764705882353
MCC:0.08336300119088688
GMEAN:0.4511827694769252
SAMPLES:221
AUC:{}
AVGP:{}
CLASS:1
ACC:0.9271428571428572
PREC:0.9856663616956389
REC:0.9395348837209302
TNR:0.21666666666666667
FPR:0.014333638304361086
FPDR:0.014333638304361086
F1:0.9620479237981843
BACC:0
CLSFE:0.014333638304361086
MCC:0.08336300119088688
GMEAN:0.4511827694769252
SAMPLES:3279
AUC:{}
AVGP:{}
