

GENERAL_METRICS
ACC:0.9322857142857143
PREC:0.539759390278738
REC:0.649390243902439
TNR:0.649390243902439
FPR:0.460240609721262
FPDR:0.460240609721262
F1:0.5545761062702474
BACC:0.0
CLSFE:0.06771428571428571
MCC:0.1541384444083037
GMEAN:0.5799130571110334
SAMPLES:3500.0
AUC:{'AUC macro OVO': 0.539759390278738}
AVGP:{'avg_precision': 0.9415851458919765}


METRICS_PER_CLASSES
CLASS:0
ACC:0.9322857142857143
PREC:0.09049773755656108
REC:0.35714285714285715
TNR:0.9416376306620209
FPR:0.9095022624434389
FPDR:0.9095022624434389
F1:0.1444043321299639
BACC:0
CLSFE:0.9095022624434389
MCC:0.1541384444083037
GMEAN:0.5799130571110334
SAMPLES:221
AUC:{}
AVGP:{}
CLASS:1
ACC:0.9322857142857143
PREC:0.9890210430009149
REC:0.9416376306620209
TNR:0.35714285714285715
FPR:0.010978956999085087
FPDR:0.010978956999085087
F1:0.9647478804105311
BACC:0
CLSFE:0.010978956999085087
MCC:0.1541384444083037
GMEAN:0.5799130571110334
SAMPLES:3279
AUC:{}
AVGP:{}
