

GENERAL_METRICS
ACC:0.9231428571428572
PREC:0.5243438767840718
REC:0.5759475218658892
TNR:0.5759475218658892
FPR:0.4756561232159282
FPDR:0.4756561232159282
F1:0.5300955929804317
BACC:0.0
CLSFE:0.07685714285714286
MCC:0.08599667701391261
GMEAN:0.44823686247485206
SAMPLES:3500.0
AUC:{'AUC macro OVO': 0.5243438767840718}
AVGP:{'avg_precision': 0.9375582488749529}


METRICS_PER_CLASSES
CLASS:0
ACC:0.9231428571428572
PREC:0.06550218340611354
REC:0.21428571428571427
TNR:0.9376093294460641
FPR:0.9344978165938864
FPDR:0.9344978165938864
F1:0.10033444816053512
BACC:0
CLSFE:0.9344978165938864
MCC:0.08599667701391261
GMEAN:0.44823686247485206
SAMPLES:229
AUC:{}
AVGP:{}
CLASS:1
ACC:0.9231428571428572
PREC:0.98318557016203
REC:0.9376093294460641
TNR:0.21428571428571427
FPR:0.01681442983797004
FPDR:0.01681442983797004
F1:0.9598567378003283
BACC:0
CLSFE:0.01681442983797004
MCC:0.08599667701391261
GMEAN:0.44823686247485206
SAMPLES:3271
AUC:{}
AVGP:{}
