

GENERAL_METRICS
ACC:0.8748571428571429
PREC:0.7004399141315807
REC:0.7164155442254521
TNR:0.7164155442254521
FPR:0.29956008586841926
FPDR:0.29956008586841926
F1:0.70792678698127
BACC:0.0
CLSFE:0.12514285714285714
MCC:0.41654921966696296
GMEAN:0.6859758519007536
SAMPLES:1750.0
AUC:{'AUC macro OVO': 0.7004399141315807}
AVGP:{'avg_precision': 0.9197229273072377}


METRICS_PER_CLASSES
CLASS:0
ACC:0.8748571428571429
PREC:0.4663677130044843
REC:0.5098039215686274
TNR:0.9230271668822768
FPR:0.5336322869955157
FPDR:0.5336322869955157
F1:0.48711943793911006
BACC:0
CLSFE:0.5336322869955157
MCC:0.41654921966696296
GMEAN:0.6859758519007536
SAMPLES:223
AUC:{}
AVGP:{}
CLASS:1
ACC:0.8748571428571429
PREC:0.9345121152586772
REC:0.9230271668822768
TNR:0.5098039215686274
FPR:0.06548788474132286
FPDR:0.06548788474132286
F1:0.9287341360234299
BACC:0
CLSFE:0.06548788474132286
MCC:0.41654921966696296
GMEAN:0.6859758519007536
SAMPLES:1527
AUC:{}
AVGP:{}
