

GENERAL_METRICS
ACC:0.8674285714285714
PREC:0.7028526460751525
REC:0.7324663846979358
TNR:0.7324663846979358
FPR:0.29714735392484753
FPDR:0.29714735392484753
F1:0.7159281732082484
BACC:0.0
CLSFE:0.13257142857142856
MCC:0.4343105859151978
GMEAN:0.7101388366978804
SAMPLES:1750.0
AUC:{'AUC macro OVO': 0.7028526460751525}
AVGP:{'avg_precision': 0.9081967680919437}


METRICS_PER_CLASSES
CLASS:0
ACC:0.8674285714285714
PREC:0.47058823529411764
REC:0.5529953917050692
TNR:0.9119373776908023
FPR:0.5294117647058824
FPDR:0.5294117647058824
F1:0.5084745762711864
BACC:0
CLSFE:0.5294117647058824
MCC:0.4343105859151978
GMEAN:0.7101388366978804
SAMPLES:255
AUC:{}
AVGP:{}
CLASS:1
ACC:0.8674285714285714
PREC:0.9351170568561873
REC:0.9119373776908023
TNR:0.5529953917050692
FPR:0.06488294314381271
FPDR:0.06488294314381271
F1:0.9233817701453104
BACC:0
CLSFE:0.06488294314381271
MCC:0.4343105859151978
GMEAN:0.7101388366978804
SAMPLES:1495
AUC:{}
AVGP:{}
