

GENERAL_METRICS
ACC:0.8702857142857143
PREC:0.6877958008566815
REC:0.7175752369051338
TNR:0.7175752369051338
FPR:0.3122041991433186
FPDR:0.3122041991433186
F1:0.7008684416017639
BACC:0.0
CLSFE:0.12971428571428573
MCC:0.40427572700414155
GMEAN:0.6898971183790557
SAMPLES:1750.0
AUC:{'AUC macro OVO': 0.6877958008566813}
AVGP:{'avg_precision': 0.9118611625521904}


METRICS_PER_CLASSES
CLASS:0
ACC:0.8702857142857143
PREC:0.43829787234042555
REC:0.5202020202020202
TNR:0.9149484536082474
FPR:0.5617021276595745
FPDR:0.5617021276595745
F1:0.47575057736720555
BACC:0
CLSFE:0.5617021276595745
MCC:0.40427572700414155
GMEAN:0.6898971183790557
SAMPLES:235
AUC:{}
AVGP:{}
CLASS:1
ACC:0.8702857142857143
PREC:0.9372937293729373
REC:0.9149484536082474
TNR:0.5202020202020202
FPR:0.0627062706270627
FPDR:0.0627062706270627
F1:0.9259863058363221
BACC:0
CLSFE:0.0627062706270627
MCC:0.40427572700414155
GMEAN:0.6898971183790557
SAMPLES:1515
AUC:{}
AVGP:{}
