

GENERAL_METRICS
ACC:0.8605714285714285
PREC:0.7060850768791549
REC:0.7262723059355618
TNR:0.7262723059355618
FPR:0.29391492312084505
FPDR:0.29391492312084505
F1:0.7153333333333334
BACC:0.0
CLSFE:0.13942857142857143
MCC:0.4318858440113727
GMEAN:0.7026040592027913
SAMPLES:1750.0
AUC:{'AUC macro OVO': 0.7060850768791549}
AVGP:{'avg_precision': 0.9057362538501766}


METRICS_PER_CLASSES
CLASS:0
ACC:0.8605714285714285
PREC:0.48484848484848486
REC:0.5423728813559322
TNR:0.9101717305151915
FPR:0.5151515151515151
FPDR:0.5151515151515151
F1:0.512
BACC:0
CLSFE:0.5151515151515151
MCC:0.4318858440113727
GMEAN:0.7026040592027913
SAMPLES:264
AUC:{}
AVGP:{}
CLASS:1
ACC:0.8605714285714285
PREC:0.927321668909825
REC:0.9101717305151915
TNR:0.5423728813559322
FPR:0.07267833109017496
FPDR:0.07267833109017496
F1:0.9186666666666666
BACC:0
CLSFE:0.07267833109017496
MCC:0.4318858440113727
GMEAN:0.7026040592027913
SAMPLES:1486
AUC:{}
AVGP:{}
