

GENERAL_METRICS
ACC:0.9274285714285714
PREC:0.573596737743606
REC:0.7343903540222558
TNR:0.7343903540222558
FPR:0.426403262256394
FPDR:0.426403262256394
F1:0.6029661864745898
BACC:0.0
CLSFE:0.07257142857142856
MCC:0.2626812929358079
GMEAN:0.706085240049892
SAMPLES:3500.0
AUC:{'AUC macro OVO': 0.573596737743606}
AVGP:{'avg_precision': 0.9361986200938657}


METRICS_PER_CLASSES
CLASS:0
ACC:0.9274285714285714
PREC:0.1583011583011583
REC:0.5324675324675324
TNR:0.9363131755769792
FPR:0.8416988416988417
FPDR:0.8416988416988417
F1:0.24404761904761904
BACC:0
CLSFE:0.8416988416988417
MCC:0.2626812929358079
GMEAN:0.706085240049892
SAMPLES:259
AUC:{}
AVGP:{}
CLASS:1
ACC:0.9274285714285714
PREC:0.9888923171860536
REC:0.9363131755769792
TNR:0.5324675324675324
FPR:0.011107682813946312
FPDR:0.011107682813946312
F1:0.9618847539015606
BACC:0
CLSFE:0.011107682813946312
MCC:0.2626812929358079
GMEAN:0.706085240049892
SAMPLES:3241
AUC:{}
AVGP:{}
