

GENERAL_METRICS
ACC:0.93
PREC:0.5852661466885605
REC:0.7404271811213504
TNR:0.7404271811213504
FPR:0.4147338533114395
FPDR:0.4147338533114395
F1:0.6181134045089784
BACC:0.0
CLSFE:0.07
MCC:0.2863585116137473
GMEAN:0.7131139915156326
SAMPLES:3500.0
AUC:{'AUC macro OVO': 0.5852661466885605}
AVGP:{'avg_precision': 0.9395376706647721}


METRICS_PER_CLASSES
CLASS:0
ACC:0.93
PREC:0.18253968253968253
REC:0.5411764705882353
TNR:0.9396778916544656
FPR:0.8174603174603174
FPDR:0.8174603174603174
F1:0.27299703264094954
BACC:0
CLSFE:0.8174603174603174
MCC:0.2863585116137473
GMEAN:0.7131139915156326
SAMPLES:252
AUC:{}
AVGP:{}
CLASS:1
ACC:0.93
PREC:0.9879926108374384
REC:0.9396778916544656
TNR:0.5411764705882353
FPR:0.012007389162561576
FPDR:0.012007389162561576
F1:0.9632297763770074
BACC:0
CLSFE:0.012007389162561576
MCC:0.2863585116137473
GMEAN:0.7131139915156326
SAMPLES:3248
AUC:{}
AVGP:{}
