

GENERAL_METRICS
ACC:0.9302857142857143
PREC:0.579025776268807
REC:0.7292797330820144
TNR:0.7292797330820144
FPR:0.420974223731193
FPDR:0.420974223731193
F1:0.609763408785167
BACC:0.0
CLSFE:0.06971428571428571
MCC:0.26921373582721264
GMEAN:0.6981608980169931
SAMPLES:3500.0
AUC:{'AUC macro OVO': 0.579025776268807}
AVGP:{'avg_precision': 0.9399137165749722}


METRICS_PER_CLASSES
CLASS:0
ACC:0.9302857142857143
PREC:0.1700404858299595
REC:0.5185185185185185
TNR:0.9400409476455104
FPR:0.8299595141700404
FPDR:0.8299595141700404
F1:0.25609756097560976
BACC:0
CLSFE:0.8299595141700404
MCC:0.26921373582721264
GMEAN:0.6981608980169931
SAMPLES:247
AUC:{}
AVGP:{}
CLASS:1
ACC:0.9302857142857143
PREC:0.9880110667076545
REC:0.9400409476455104
TNR:0.5185185185185185
FPR:0.011988933292345526
FPDR:0.011988933292345526
F1:0.9634292565947242
BACC:0
CLSFE:0.011988933292345526
MCC:0.26921373582721264
GMEAN:0.6981608980169931
SAMPLES:3253
AUC:{}
AVGP:{}
