

GENERAL_METRICS
ACC:0.9231428571428572
PREC:0.5762985069380752
REC:0.7602429228671193
TNR:0.7602429228671193
FPR:0.4237014930619248
FPDR:0.4237014930619248
F1:0.6071647475527595
BACC:0.0
CLSFE:0.07685714285714286
MCC:0.28182367860747165
GMEAN:0.7408773712119788
SAMPLES:3500.0
AUC:{'AUC macro OVO': 0.5762985069380753}
AVGP:{'avg_precision': 0.9306268749638756}


METRICS_PER_CLASSES
CLASS:0
ACC:0.9231428571428572
PREC:0.1625441696113074
REC:0.5897435897435898
TNR:0.9307422559906487
FPR:0.8374558303886925
FPDR:0.8374558303886925
F1:0.2548476454293629
BACC:0
CLSFE:0.8374558303886925
MCC:0.28182367860747165
GMEAN:0.7408773712119788
SAMPLES:283
AUC:{}
AVGP:{}
CLASS:1
ACC:0.9231428571428572
PREC:0.990052844264843
REC:0.9307422559906487
TNR:0.5897435897435898
FPR:0.009947155735156978
FPDR:0.009947155735156978
F1:0.959481849676156
BACC:0
CLSFE:0.009947155735156978
MCC:0.28182367860747165
GMEAN:0.7408773712119788
SAMPLES:3217
AUC:{}
AVGP:{}
