

GENERAL_METRICS
ACC:0.8653333333333333
PREC:0.6188802155418996
REC:0.6365036163640473
TNR:0.6365036163640473
FPR:0.38111978445810035
FPDR:0.38111978445810035
F1:0.6266631765309548
BACC:0.0
CLSFE:0.13466666666666666
MCC:0.25477503280821473
GMEAN:0.5712486834901339
SAMPLES:2250.0
AUC:{'AUC macro OVO': 0.6188802155418996}
AVGP:{'avg_precision': 0.9155529534972356}


METRICS_PER_CLASSES
CLASS:0
ACC:0.8653333333333333
PREC:0.3045267489711934
REC:0.3557692307692308
TNR:0.9172380019588638
FPR:0.6954732510288066
FPDR:0.6954732510288066
F1:0.328159645232816
BACC:0
CLSFE:0.6954732510288066
MCC:0.25477503280821473
GMEAN:0.5712486834901339
SAMPLES:243
AUC:{}
AVGP:{}
CLASS:1
ACC:0.8653333333333333
PREC:0.9332336821126059
REC:0.9172380019588638
TNR:0.3557692307692308
FPR:0.06676631788739412
FPDR:0.06676631788739412
F1:0.9251667078290936
BACC:0
CLSFE:0.06676631788739412
MCC:0.25477503280821473
GMEAN:0.5712486834901339
SAMPLES:2007
AUC:{}
AVGP:{}
