

GENERAL_METRICS
ACC:0.8697777777777778
PREC:0.631
REC:0.6562406822112231
TNR:0.6562406822112231
FPR:0.369
FPDR:0.369
F1:0.6418044254879854
BACC:0.0
CLSFE:0.1302222222222222
MCC:0.2861295466719243
GMEAN:0.6020538525035198
SAMPLES:2250.0
AUC:{'AUC macro OVO': 0.631}
AVGP:{'avg_precision': 0.9155942406954631}


METRICS_PER_CLASSES
CLASS:0
ACC:0.8697777777777778
PREC:0.324
REC:0.3951219512195122
TNR:0.917359413202934
FPR:0.676
FPDR:0.676
F1:0.35604395604395606
BACC:0
CLSFE:0.676
MCC:0.2861295466719243
GMEAN:0.6020538525035198
SAMPLES:250
AUC:{}
AVGP:{}
CLASS:1
ACC:0.8697777777777778
PREC:0.938
REC:0.917359413202934
TNR:0.3951219512195122
FPR:0.062
FPDR:0.062
F1:0.9275648949320149
BACC:0
CLSFE:0.062
MCC:0.2861295466719243
GMEAN:0.6020538525035198
SAMPLES:2000
AUC:{}
AVGP:{}
