

GENERAL_METRICS
ACC:0.86
PREC:0.6083447802197802
REC:0.6158556626719043
TNR:0.6158556626719043
FPR:0.3916552197802198
FPDR:0.3916552197802198
F1:0.6118775597599035
BACC:0.0
CLSFE:0.14
MCC:0.22407459748400285
GMEAN:0.5364485294176258
SAMPLES:2250.0
AUC:{'AUC macro OVO': 0.6083447802197801}
AVGP:{'avg_precision': 0.9166956116927834}


METRICS_PER_CLASSES
CLASS:0
ACC:0.86
PREC:0.2905982905982906
REC:0.31336405529953915
TNR:0.9183472700442695
FPR:0.7094017094017094
FPDR:0.7094017094017094
F1:0.30155210643015523
BACC:0
CLSFE:0.7094017094017094
MCC:0.22407459748400285
GMEAN:0.5364485294176258
SAMPLES:234
AUC:{}
AVGP:{}
CLASS:1
ACC:0.86
PREC:0.9260912698412699
REC:0.9183472700442695
TNR:0.31336405529953915
FPR:0.07390873015873016
FPDR:0.07390873015873016
F1:0.9222030130896518
BACC:0
CLSFE:0.07390873015873016
MCC:0.22407459748400285
GMEAN:0.5364485294176258
SAMPLES:2016
AUC:{}
AVGP:{}
