

GENERAL_METRICS
ACC:0.8622222222222222
PREC:0.6221354846637075
REC:0.6484943977591037
TNR:0.6484943977591037
FPR:0.37786451533629256
FPDR:0.37786451533629256
F1:0.6331295339403834
BACC:0.0
CLSFE:0.13777777777777778
MCC:0.26934316579526185
GMEAN:0.5928672673024338
SAMPLES:2250.0
AUC:{'AUC macro OVO': 0.6221354846637074}
AVGP:{'avg_precision': 0.9094758452676845}


METRICS_PER_CLASSES
CLASS:0
ACC:0.8622222222222222
PREC:0.30916030534351147
REC:0.38571428571428573
TNR:0.9112745098039216
FPR:0.6908396946564885
FPDR:0.6908396946564885
F1:0.3432203389830508
BACC:0
CLSFE:0.6908396946564885
MCC:0.26934316579526185
GMEAN:0.5928672673024338
SAMPLES:262
AUC:{}
AVGP:{}
CLASS:1
ACC:0.8622222222222222
PREC:0.9351106639839034
REC:0.9112745098039216
TNR:0.38571428571428573
FPR:0.06488933601609657
FPDR:0.06488933601609657
F1:0.923038728897716
BACC:0
CLSFE:0.06488933601609657
MCC:0.26934316579526185
GMEAN:0.5928672673024338
SAMPLES:1988
AUC:{}
AVGP:{}
