

GENERAL_METRICS
ACC:0.893090909090909
PREC:0.5115337531784312
REC:0.5632368042719245
TNR:0.5632368042719245
FPR:0.4884662468215688
FPDR:0.4884662468215688
F1:0.5035015880580004
BACC:0.0
CLSFE:0.10690909090909091
MCC:0.05401324623701627
GMEAN:0.4482686164744494
SAMPLES:2750.0
AUC:{'AUC macro OVO': 0.5115337531784312}
AVGP:{'avg_precision': 0.9042221904792673}


METRICS_PER_CLASSES
CLASS:0
ACC:0.893090909090909
PREC:0.03717472118959108
REC:0.2222222222222222
TNR:0.9042513863216266
FPR:0.9628252788104089
FPDR:0.9628252788104089
F1:0.06369426751592357
BACC:0
CLSFE:0.9628252788104089
MCC:0.05401324623701627
GMEAN:0.4482686164744494
SAMPLES:269
AUC:{}
AVGP:{}
CLASS:1
ACC:0.893090909090909
PREC:0.9858927851672713
REC:0.9042513863216266
TNR:0.2222222222222222
FPR:0.014107214832728738
FPDR:0.014107214832728738
F1:0.9433089086000771
BACC:0
CLSFE:0.014107214832728738
MCC:0.05401324623701627
GMEAN:0.4482686164744494
SAMPLES:2481
AUC:{}
AVGP:{}
