

GENERAL_METRICS
ACC:0.892
PREC:0.5157928127292627
REC:0.5708719851576994
TNR:0.5708719851576994
FPR:0.48420718727073736
FPDR:0.48420718727073736
F1:0.5115631116674072
BACC:0.0
CLSFE:0.108
MCC:0.06691092554573215
GMEAN:0.46260024646011816
SAMPLES:2750.0
AUC:{'AUC macro OVO': 0.5157928127292627}
AVGP:{'avg_precision': 0.9053323625838878}


METRICS_PER_CLASSES
CLASS:0
ACC:0.892
PREC:0.048507462686567165
REC:0.23636363636363636
TNR:0.9053803339517625
FPR:0.9514925373134329
FPDR:0.9514925373134329
F1:0.0804953560371517
BACC:0
CLSFE:0.9514925373134329
MCC:0.06691092554573215
GMEAN:0.46260024646011816
SAMPLES:268
AUC:{}
AVGP:{}
CLASS:1
ACC:0.892
PREC:0.9830781627719581
REC:0.9053803339517625
TNR:0.23636363636363636
FPR:0.016921837228041903
FPDR:0.016921837228041903
F1:0.9426308672976628
BACC:0
CLSFE:0.016921837228041903
MCC:0.06691092554573215
GMEAN:0.46260024646011816
SAMPLES:2482
AUC:{}
AVGP:{}
