

GENERAL_METRICS
ACC:0.8956363636363637
PREC:0.5129513929820425
REC:0.556599626332564
TNR:0.556599626332564
FPR:0.4870486070179575
FPDR:0.4870486070179575
F1:0.5079547062721825
BACC:0.0
CLSFE:0.10436363636363637
MCC:0.054149570756186
GMEAN:0.4304272433588229
SAMPLES:2750.0
AUC:{'AUC macro OVO': 0.5129513929820425}
AVGP:{'avg_precision': 0.909457239810076}


METRICS_PER_CLASSES
CLASS:0
ACC:0.8956363636363637
PREC:0.043137254901960784
REC:0.2037037037037037
TNR:0.9094955489614244
FPR:0.9568627450980393
FPDR:0.9568627450980393
F1:0.07119741100323625
BACC:0
CLSFE:0.9568627450980393
MCC:0.054149570756186
GMEAN:0.4304272433588229
SAMPLES:255
AUC:{}
AVGP:{}
CLASS:1
ACC:0.8956363636363637
PREC:0.9827655310621243
REC:0.9094955489614244
TNR:0.2037037037037037
FPR:0.017234468937875752
FPDR:0.017234468937875752
F1:0.9447120015411289
BACC:0
CLSFE:0.017234468937875752
MCC:0.054149570756186
GMEAN:0.4304272433588229
SAMPLES:2495
AUC:{}
AVGP:{}
