

GENERAL_METRICS
ACC:0.9123636363636364
PREC:0.5199271669859905
REC:0.6486775906423855
TNR:0.6486775906423855
FPR:0.48007283301400944
FPDR:0.48007283301400944
F1:0.5188157385552202
BACC:0.0
CLSFE:0.08763636363636364
MCC:0.10886180552986538
GMEAN:0.5901049936102556
SAMPLES:2750.0
AUC:{'AUC macro OVO': 0.5199271669859906}
AVGP:{'avg_precision': 0.9180224026655053}


METRICS_PER_CLASSES
CLASS:0
ACC:0.9123636363636364
PREC:0.04700854700854701
REC:0.3793103448275862
TNR:0.9180448364571848
FPR:0.9529914529914529
FPDR:0.9529914529914529
F1:0.08365019011406843
BACC:0
CLSFE:0.9529914529914529
MCC:0.10886180552986538
GMEAN:0.5901049936102556
SAMPLES:234
AUC:{}
AVGP:{}
CLASS:1
ACC:0.9123636363636364
PREC:0.9928457869634341
REC:0.9180448364571848
TNR:0.3793103448275862
FPR:0.007154213036565978
FPDR:0.007154213036565978
F1:0.953981286996372
BACC:0
CLSFE:0.007154213036565978
MCC:0.10886180552986538
GMEAN:0.5901049936102556
SAMPLES:2516
AUC:{}
AVGP:{}
