

GENERAL_METRICS
ACC:0.8937142857142857
PREC:0.5870726495726496
REC:0.5975269246110889
TNR:0.5975269246110889
FPR:0.41292735042735046
FPDR:0.41292735042735046
F1:0.5918367346938775
BACC:0.0
CLSFE:0.10628571428571429
MCC:0.1843033122931822
GMEAN:0.49066678011710824
SAMPLES:3500.0
AUC:{'AUC macro OVO': 0.5870726495726495}
AVGP:{'avg_precision': 0.9378556138051551}


METRICS_PER_CLASSES
CLASS:0
ACC:0.8937142857142857
PREC:0.22692307692307692
REC:0.2565217391304348
TNR:0.9385321100917431
FPR:0.7730769230769231
FPDR:0.7730769230769231
F1:0.24081632653061225
BACC:0
CLSFE:0.7730769230769231
MCC:0.1843033122931822
GMEAN:0.49066678011710824
SAMPLES:260
AUC:{}
AVGP:{}
CLASS:1
ACC:0.8937142857142857
PREC:0.9472222222222222
REC:0.9385321100917431
TNR:0.2565217391304348
FPR:0.05277777777777778
FPDR:0.05277777777777778
F1:0.9428571428571428
BACC:0
CLSFE:0.05277777777777778
MCC:0.1843033122931822
GMEAN:0.49066678011710824
SAMPLES:3240
AUC:{}
AVGP:{}
