

GENERAL_METRICS
ACC:0.9048571428571428
PREC:0.620473996050033
REC:0.6277423214998006
TNR:0.6277423214998006
FPR:0.37952600394996705
FPDR:0.37952600394996705
F1:0.623956442831216
BACC:0.0
CLSFE:0.09514285714285714
MCC:0.24810987836673498
GMEAN:0.5406196860955184
SAMPLES:3500.0
AUC:{'AUC macro OVO': 0.620473996050033}
AVGP:{'avg_precision': 0.9459688834397328}


METRICS_PER_CLASSES
CLASS:0
ACC:0.9048571428571428
PREC:0.2897959183673469
REC:0.30869565217391304
TNR:0.9467889908256881
FPR:0.710204081632653
FPDR:0.710204081632653
F1:0.29894736842105263
BACC:0
CLSFE:0.710204081632653
MCC:0.24810987836673498
GMEAN:0.5406196860955184
SAMPLES:245
AUC:{}
AVGP:{}
CLASS:1
ACC:0.9048571428571428
PREC:0.9511520737327189
REC:0.9467889908256881
TNR:0.30869565217391304
FPR:0.04884792626728111
FPDR:0.04884792626728111
F1:0.9489655172413793
BACC:0
CLSFE:0.04884792626728111
MCC:0.24810987836673498
GMEAN:0.5406196860955184
SAMPLES:3255
AUC:{}
AVGP:{}
