

GENERAL_METRICS
ACC:0.8937142857142857
PREC:0.5713785368213014
REC:0.5855789845043284
TNR:0.5855789845043284
FPR:0.42862146317869865
FPDR:0.42862146317869865
F1:0.577439556331007
BACC:0.0
CLSFE:0.10628571428571429
MCC:0.15631382148193795
GMEAN:0.46884539654534324
SAMPLES:3500.0
AUC:{'AUC macro OVO': 0.5713785368213014}
AVGP:{'avg_precision': 0.9358923225365753}


METRICS_PER_CLASSES
CLASS:0
ACC:0.8937142857142857
PREC:0.19305019305019305
REC:0.2347417840375587
TNR:0.9364161849710982
FPR:0.806949806949807
FPDR:0.806949806949807
F1:0.211864406779661
BACC:0
CLSFE:0.806949806949807
MCC:0.15631382148193795
GMEAN:0.46884539654534324
SAMPLES:259
AUC:{}
AVGP:{}
CLASS:1
ACC:0.8937142857142857
PREC:0.9497068805924097
REC:0.9364161849710982
TNR:0.2347417840375587
FPR:0.05029311940759025
FPDR:0.05029311940759025
F1:0.9430147058823529
BACC:0
CLSFE:0.05029311940759025
MCC:0.15631382148193795
GMEAN:0.46884539654534324
SAMPLES:3241
AUC:{}
AVGP:{}
