

GENERAL_METRICS
ACC:0.8911428571428571
PREC:0.5858002587652161
REC:0.5997617657146566
TNR:0.5997617657146566
FPR:0.41419974123478387
FPDR:0.41419974123478387
F1:0.5919511406243163
BACC:0.0
CLSFE:0.10885714285714286
MCC:0.18503605392671338
GMEAN:0.49701581458965743
SAMPLES:3500.0
AUC:{'AUC macro OVO': 0.5858002587652161}
AVGP:{'avg_precision': 0.9347607562006199}


METRICS_PER_CLASSES
CLASS:0
ACC:0.8911428571428571
PREC:0.22426470588235295
REC:0.26406926406926406
TNR:0.935454267360049
FPR:0.7757352941176471
FPDR:0.7757352941176471
F1:0.24254473161033796
BACC:0
CLSFE:0.7757352941176471
MCC:0.18503605392671338
GMEAN:0.49701581458965743
SAMPLES:272
AUC:{}
AVGP:{}
CLASS:1
ACC:0.8911428571428571
PREC:0.9473358116480793
REC:0.935454267360049
TNR:0.26406926406926406
FPR:0.052664188351920695
FPDR:0.052664188351920695
F1:0.9413575496382945
BACC:0
CLSFE:0.052664188351920695
MCC:0.18503605392671338
GMEAN:0.49701581458965743
SAMPLES:3228
AUC:{}
AVGP:{}
