

GENERAL_METRICS
ACC:0.9237142857142857
PREC:0.670279827798278
REC:0.7033087827084644
TNR:0.7033087827084644
FPR:0.329720172201722
FPDR:0.329720172201722
F1:0.6849069944578023
BACC:0.0
CLSFE:0.07628571428571429
MCC:0.3721257019313492
GMEAN:0.6575089341184182
SAMPLES:3500.0
AUC:{'AUC macro OVO': 0.670279827798278}
AVGP:{'avg_precision': 0.9521387916762325}


METRICS_PER_CLASSES
CLASS:0
ACC:0.9237142857142857
PREC:0.375
REC:0.45365853658536587
TNR:0.952959028831563
FPR:0.625
FPDR:0.625
F1:0.4105960264900662
BACC:0
CLSFE:0.625
MCC:0.3721257019313492
GMEAN:0.6575089341184182
SAMPLES:248
AUC:{}
AVGP:{}
CLASS:1
ACC:0.9237142857142857
PREC:0.965559655596556
REC:0.952959028831563
TNR:0.45365853658536587
FPR:0.03444034440344403
FPDR:0.03444034440344403
F1:0.9592179624255384
BACC:0
CLSFE:0.03444034440344403
MCC:0.3721257019313492
GMEAN:0.6575089341184182
SAMPLES:3252
AUC:{}
AVGP:{}
