

GENERAL_METRICS
ACC:0.9225714285714286
PREC:0.6331804281345565
REC:0.6684977433262849
TNR:0.6684977433262849
FPR:0.3668195718654434
FPDR:0.3668195718654434
F1:0.6481458193528331
BACC:0.0
CLSFE:0.07742857142857143
MCC:0.29960374894784775
GMEAN:0.6056296562551636
SAMPLES:3500.0
AUC:{'AUC macro OVO': 0.6331804281345567}
AVGP:{'avg_precision': 0.9509408586343521}


METRICS_PER_CLASSES
CLASS:0
ACC:0.9225714285714286
PREC:0.3
REC:0.3854748603351955
TNR:0.9515206263173743
FPR:0.7
FPDR:0.7
F1:0.3374083129584352
BACC:0
CLSFE:0.7
MCC:0.29960374894784775
GMEAN:0.6056296562551636
SAMPLES:230
AUC:{}
AVGP:{}
CLASS:1
ACC:0.9225714285714286
PREC:0.9663608562691132
REC:0.9515206263173743
TNR:0.3854748603351955
FPR:0.03363914373088685
FPDR:0.03363914373088685
F1:0.9588833257472311
BACC:0
CLSFE:0.03363914373088685
MCC:0.29960374894784775
GMEAN:0.6056296562551636
SAMPLES:3270
AUC:{}
AVGP:{}
