

GENERAL_METRICS
ACC:0.8474285714285714
PREC:0.6904025901540809
REC:0.7023968042609854
TNR:0.7023968042609854
FPR:0.30959740984591916
FPDR:0.30959740984591916
F1:0.6960530809386739
BACC:0.0
CLSFE:0.15257142857142858
MCC:0.392616228753729
GMEAN:0.6726044931911958
SAMPLES:1750.0
AUC:{'AUC macro OVO': 0.6904025901540808}
AVGP:{'avg_precision': 0.8999970713678361}


METRICS_PER_CLASSES
CLASS:0
ACC:0.8474285714285714
PREC:0.46441947565543074
REC:0.5
TNR:0.9047936085219707
FPR:0.5355805243445693
FPDR:0.5355805243445693
F1:0.4815533980582524
BACC:0
CLSFE:0.5355805243445693
MCC:0.392616228753729
GMEAN:0.6726044931911958
SAMPLES:267
AUC:{}
AVGP:{}
CLASS:1
ACC:0.8474285714285714
PREC:0.916385704652731
REC:0.9047936085219707
TNR:0.5
FPR:0.08361429534726905
FPDR:0.08361429534726905
F1:0.9105527638190954
BACC:0
CLSFE:0.08361429534726905
MCC:0.392616228753729
GMEAN:0.6726044931911958
SAMPLES:1483
AUC:{}
AVGP:{}
