

GENERAL_METRICS
ACC:0.8751111111111111
PREC:0.4995755596154201
REC:0.49804155313351495
TNR:0.49804155313351495
FPR:0.5004244403845799
FPDR:0.5004244403845799
F1:0.48380128002586503
BACC:0.0
CLSFE:0.12488888888888888
MCC:-0.0018234516074633754
GMEAN:0.3048080747919437
SAMPLES:2250.0
AUC:{'AUC macro OVO': 0.4995755596154201}
AVGP:{'avg_precision': 0.8919182298829663}


METRICS_PER_CLASSES
CLASS:0
ACC:0.8751111111111111
PREC:0.0205761316872428
REC:0.10416666666666667
TNR:0.8919164396003633
FPR:0.9794238683127572
FPDR:0.9794238683127572
F1:0.03436426116838488
BACC:0
CLSFE:0.9794238683127572
MCC:-0.0018234516074633754
GMEAN:0.3048080747919437
SAMPLES:243
AUC:{}
AVGP:{}
CLASS:1
ACC:0.8751111111111111
PREC:0.9785749875435974
REC:0.8919164396003633
TNR:0.10416666666666667
FPR:0.02142501245640259
FPDR:0.02142501245640259
F1:0.9332382988833452
BACC:0
CLSFE:0.02142501245640259
MCC:-0.0018234516074633754
GMEAN:0.3048080747919437
SAMPLES:2007
AUC:{}
AVGP:{}
