

GENERAL_METRICS
ACC:0.8746666666666667
PREC:0.49232834284033145
REC:0.4575226244343891
TNR:0.4575226244343891
FPR:0.5076716571596686
FPDR:0.5076716571596686
F1:0.4700771039901649
BACC:0.0
CLSFE:0.12533333333333332
MCC:-0.036103842586730175
GMEAN:0.149168130717387
SAMPLES:2250.0
AUC:{'AUC macro OVO': 0.49232834284033145}
AVGP:{'avg_precision': 0.8900746117604952}


METRICS_PER_CLASSES
CLASS:0
ACC:0.8746666666666667
PREC:0.004098360655737705
REC:0.025
TNR:0.8900452488687782
FPR:0.9959016393442623
FPDR:0.9959016393442623
F1:0.007042253521126761
BACC:0
CLSFE:0.9959016393442623
MCC:-0.036103842586730175
GMEAN:0.149168130717387
SAMPLES:244
AUC:{}
AVGP:{}
CLASS:1
ACC:0.8746666666666667
PREC:0.9805583250249252
REC:0.8900452488687782
TNR:0.025
FPR:0.019441674975074777
FPDR:0.019441674975074777
F1:0.933111954459203
BACC:0
CLSFE:0.019441674975074777
MCC:-0.036103842586730175
GMEAN:0.149168130717387
SAMPLES:2006
AUC:{}
AVGP:{}
