

GENERAL_METRICS
ACC:0.8715555555555555
PREC:0.49831932773109244
REC:0.4907802795031056
TNR:0.4907802795031056
FPR:0.5016806722689076
FPDR:0.5016806722689076
F1:0.4790878088522628
BACC:0.0
CLSFE:0.12844444444444444
MCC:-0.007872821239227801
GMEAN:0.29053685345582414
SAMPLES:2250.0
AUC:{'AUC macro OVO': 0.49831932773109244}
AVGP:{'avg_precision': 0.8863290200138026}


METRICS_PER_CLASSES
CLASS:0
ACC:0.8715555555555555
PREC:0.01568627450980392
REC:0.09523809523809523
TNR:0.886322463768116
FPR:0.984313725490196
FPDR:0.984313725490196
F1:0.026936026936026935
BACC:0
CLSFE:0.984313725490196
MCC:-0.007872821239227801
GMEAN:0.29053685345582414
SAMPLES:255
AUC:{}
AVGP:{}
CLASS:1
ACC:0.8715555555555555
PREC:0.9809523809523809
REC:0.886322463768116
TNR:0.09523809523809523
FPR:0.01904761904761905
FPDR:0.01904761904761905
F1:0.9312395907684987
BACC:0
CLSFE:0.01904761904761905
MCC:-0.007872821239227801
GMEAN:0.29053685345582414
SAMPLES:1995
AUC:{}
AVGP:{}
