

GENERAL_METRICS
ACC:0.8653333333333333
PREC:0.49713972167740733
REC:0.48782356595568444
TNR:0.48782356595568444
FPR:0.5028602783225927
FPDR:0.5028602783225927
F1:0.47979101600801505
BACC:0.0
CLSFE:0.13466666666666666
MCC:-0.011803048816883816
GMEAN:0.28360312233860735
SAMPLES:2250.0
AUC:{'AUC macro OVO': 0.49713972167740733}
AVGP:{'avg_precision': 0.8847529830788607}


METRICS_PER_CLASSES
CLASS:0
ACC:0.8653333333333333
PREC:0.01937984496124031
REC:0.09090909090909091
TNR:0.8847380410022779
FPR:0.9806201550387597
FPDR:0.9806201550387597
F1:0.03194888178913738
BACC:0
CLSFE:0.9806201550387597
MCC:-0.011803048816883816
GMEAN:0.28360312233860735
SAMPLES:258
AUC:{}
AVGP:{}
CLASS:1
ACC:0.8653333333333333
PREC:0.9748995983935743
REC:0.8847380410022779
TNR:0.09090909090909091
FPR:0.025100401606425703
FPDR:0.025100401606425703
F1:0.9276331502268927
BACC:0
CLSFE:0.025100401606425703
MCC:-0.011803048816883816
GMEAN:0.28360312233860735
SAMPLES:1992
AUC:{}
AVGP:{}
