

GENERAL_METRICS
ACC:0.8866666666666667
PREC:0.672190399322969
REC:0.7134204526416235
TNR:0.7134204526416235
FPR:0.3278096006770311
FPDR:0.3278096006770311
F1:0.6894705764237943
BACC:0.0
CLSFE:0.11333333333333333
MCC:0.383400328450824
GMEAN:0.681524803637185
SAMPLES:2250.0
AUC:{'AUC macro OVO': 0.672190399322969}
AVGP:{'avg_precision': 0.9224410501718266}


METRICS_PER_CLASSES
CLASS:0
ACC:0.8866666666666667
PREC:0.39453125
REC:0.5024875621890548
TNR:0.9243533430941923
FPR:0.60546875
FPDR:0.60546875
F1:0.4420131291028446
BACC:0
CLSFE:0.60546875
MCC:0.383400328450824
GMEAN:0.681524803637185
SAMPLES:256
AUC:{}
AVGP:{}
CLASS:1
ACC:0.8866666666666667
PREC:0.9498495486459378
REC:0.9243533430941923
TNR:0.5024875621890548
FPR:0.05015045135406219
FPDR:0.05015045135406219
F1:0.936928023744744
BACC:0
CLSFE:0.05015045135406219
MCC:0.383400328450824
GMEAN:0.681524803637185
SAMPLES:1994
AUC:{}
AVGP:{}
