NAME: KRNN
DIMENSIONS: 2
SAMPLES_COUNT: (50,)
TOTAL_SIZE: 250
SIZES: dict_values([50, 200])
IMBALANCED: True
IMBALANCED_RATIO: {0: 3, 1: 1}
NO_LABELS: (2,)
MEAN: ([0, 2.0],)
ST_DEV: 0.7975541300049592
NOISE: 0.7810262294403411
