NAME: KRNN
DIMENSIONS: 2
SAMPLES_COUNT: (50,)
TOTAL_SIZE: 500
SIZES: dict_values([50, 450])
IMBALANCED: True
IMBALANCED_RATIO: {0: 5, 1: 1}
NO_LABELS: (2,)
MEAN: ([0, 2.0],)
ST_DEV: 0.5433956140746126
NOISE: 0.1816086552211571
