NAME: KRNN
DIMENSIONS: 2
SAMPLES_COUNT: (50,)
TOTAL_SIZE: 150
SIZES: dict_values([50, 100])
IMBALANCED: True
IMBALANCED_RATIO: {0: 2, 1: 1}
NO_LABELS: (2,)
MEAN: ([0, 2.0],)
ST_DEV: 0.206917072507951
NOISE: 0.30801016025087324
