NAME: KRNN
DIMENSIONS: 2
SAMPLES_COUNT: (50,)
TOTAL_SIZE: 450
SIZES: dict_values([50, 400])
IMBALANCED: True
IMBALANCED_RATIO: {0: 5, 1: 1}
NO_LABELS: (2,)
MEAN: ([0, 2.0],)
ST_DEV: 0.4149358104601708
NOISE: 0.015679863213260425
