

GENERAL_METRICS
ACC:0.8662857142857143
PREC:0.6578789114792503
REC:0.7321494479131424
TNR:0.7321494479131424
FPR:0.3421210885207497
FPDR:0.3421210885207497
F1:0.6834415584415584
BACC:0.0
CLSFE:0.1337142857142857
MCC:0.38289164073944393
GMEAN:0.7132970186334984
SAMPLES:1750.0
AUC:{'AUC macro OVO': 0.6578789114792503}
AVGP:{'avg_precision': 0.8951579123797176}


METRICS_PER_CLASSES
CLASS:0
ACC:0.8662857142857143
PREC:0.36328125
REC:0.5670731707317073
TNR:0.8972257250945775
FPR:0.63671875
FPDR:0.63671875
F1:0.44285714285714284
BACC:0
CLSFE:0.63671875
MCC:0.38289164073944393
GMEAN:0.7132970186334984
SAMPLES:256
AUC:{}
AVGP:{}
CLASS:1
ACC:0.8662857142857143
PREC:0.9524765729585006
REC:0.8972257250945775
TNR:0.5670731707317073
FPR:0.04752342704149933
FPDR:0.04752342704149933
F1:0.924025974025974
BACC:0
CLSFE:0.04752342704149933
MCC:0.38289164073944393
GMEAN:0.7132970186334984
SAMPLES:1494
AUC:{}
AVGP:{}
