

GENERAL_METRICS
ACC:0.8822857142857143
PREC:0.6906792853852903
REC:0.7864667292920624
TNR:0.7864667292920624
FPR:0.30932071461470967
FPDR:0.30932071461470967
F1:0.7235904261844591
BACC:0.0
CLSFE:0.11771428571428572
MCC:0.46743243887463304
GMEAN:0.7776012211290336
SAMPLES:1750.0
AUC:{'AUC macro OVO': 0.6906792853852903}
AVGP:{'avg_precision': 0.9022864820608729}


METRICS_PER_CLASSES
CLASS:0
ACC:0.8822857142857143
PREC:0.41762452107279696
REC:0.6687116564417178
TNR:0.9042218021424071
FPR:0.5823754789272031
FPDR:0.5823754789272031
F1:0.5141509433962265
BACC:0
CLSFE:0.5823754789272031
MCC:0.46743243887463304
GMEAN:0.7776012211290336
SAMPLES:261
AUC:{}
AVGP:{}
CLASS:1
ACC:0.8822857142857143
PREC:0.9637340496977838
REC:0.9042218021424071
TNR:0.6687116564417178
FPR:0.03626595030221625
FPDR:0.03626595030221625
F1:0.9330299089726918
BACC:0
CLSFE:0.03626595030221625
MCC:0.46743243887463304
GMEAN:0.7776012211290336
SAMPLES:1489
AUC:{}
AVGP:{}
