

GENERAL_METRICS
ACC:0.8662857142857143
PREC:0.6774702267660014
REC:0.7344781220811479
TNR:0.7344781220811479
FPR:0.3225297732339986
FPDR:0.3225297732339986
F1:0.6993577488613038
BACC:0.0
CLSFE:0.1337142857142857
MCC:0.40798473254477297
GMEAN:0.7150924564726969
SAMPLES:1750.0
AUC:{'AUC macro OVO': 0.6774702267660013}
AVGP:{'avg_precision': 0.8993889787863456}


METRICS_PER_CLASSES
CLASS:0
ACC:0.8662857142857143
PREC:0.4092664092664093
REC:0.5668449197860963
TNR:0.9021113243761996
FPR:0.5907335907335908
FPDR:0.5907335907335908
F1:0.47533632286995514
BACC:0
CLSFE:0.5907335907335908
MCC:0.40798473254477297
GMEAN:0.7150924564726969
SAMPLES:259
AUC:{}
AVGP:{}
CLASS:1
ACC:0.8662857142857143
PREC:0.9456740442655935
REC:0.9021113243761996
TNR:0.5668449197860963
FPR:0.05432595573440644
FPDR:0.05432595573440644
F1:0.9233791748526523
BACC:0
CLSFE:0.05432595573440644
MCC:0.40798473254477297
GMEAN:0.7150924564726969
SAMPLES:1491
AUC:{}
AVGP:{}
