

GENERAL_METRICS
ACC:0.8731428571428571
PREC:0.6727842773409504
REC:0.7535034891501768
TNR:0.7535034891501768
FPR:0.32721572265904963
FPDR:0.32721572265904963
F1:0.7009044464769084
BACC:0.0
CLSFE:0.12685714285714286
MCC:0.41857576220427656
GMEAN:0.7389371450859172
SAMPLES:1750.0
AUC:{'AUC macro OVO': 0.6727842773409504}
AVGP:{'avg_precision': 0.8988651743286304}


METRICS_PER_CLASSES
CLASS:0
ACC:0.8731428571428571
PREC:0.38910505836575876
REC:0.6060606060606061
TNR:0.9009463722397476
FPR:0.6108949416342413
FPDR:0.6108949416342413
F1:0.47393364928909953
BACC:0
CLSFE:0.6108949416342413
MCC:0.41857576220427656
GMEAN:0.7389371450859172
SAMPLES:257
AUC:{}
AVGP:{}
CLASS:1
ACC:0.8731428571428571
PREC:0.956463496316142
REC:0.9009463722397476
TNR:0.6060606060606061
FPR:0.043536503683858
FPDR:0.043536503683858
F1:0.9278752436647173
BACC:0
CLSFE:0.043536503683858
MCC:0.41857576220427656
GMEAN:0.7389371450859172
SAMPLES:1493
AUC:{}
AVGP:{}
