

GENERAL_METRICS
ACC:0.861
PREC:0.713919068621717
REC:0.6897124062559115
TNR:0.6897124062559115
FPR:0.286080931378283
FPDR:0.286080931378283
F1:0.7005446210058254
BACC:0.0
CLSFE:0.139
MCC:0.4029049577865697
GMEAN:0.6465217103932397
SAMPLES:2000.0
AUC:{'AUC macro OVO': 0.7139190686217171}
AVGP:{'avg_precision': 0.9250344401647895}


METRICS_PER_CLASSES
CLASS:0
ACC:0.861
PREC:0.5180722891566265
REC:0.44947735191637633
TNR:0.9299474605954466
FPR:0.4819277108433735
FPDR:0.4819277108433735
F1:0.48134328358208955
BACC:0
CLSFE:0.4819277108433735
MCC:0.4029049577865697
GMEAN:0.6465217103932397
SAMPLES:249
AUC:{}
AVGP:{}
CLASS:1
ACC:0.861
PREC:0.9097658480868075
REC:0.9299474605954466
TNR:0.44947735191637633
FPR:0.09023415191319246
FPDR:0.09023415191319246
F1:0.9197459584295612
BACC:0
CLSFE:0.09023415191319246
MCC:0.4029049577865697
GMEAN:0.6465217103932397
SAMPLES:1751
AUC:{}
AVGP:{}
