

GENERAL_METRICS
ACC:0.9096470588235294
PREC:0.5561838666838025
REC:0.5661729417797329
TNR:0.5661729417797329
FPR:0.44381613331619757
FPDR:0.44381613331619757
F1:0.5605290454755496
BACC:0.0
CLSFE:0.0903529411764706
MCC:0.12194837824305059
GMEAN:0.4184883576219061
SAMPLES:4250.0
AUC:{'AUC macro OVO': 0.5561838666838024}
AVGP:{'avg_precision': 0.947229154579034}


METRICS_PER_CLASSES
CLASS:0
ACC:0.9096470588235294
PREC:0.1553784860557769
REC:0.1848341232227488
TNR:0.947511760336717
FPR:0.8446215139442231
FPDR:0.8446215139442231
F1:0.16883116883116883
BACC:0
CLSFE:0.8446215139442231
MCC:0.12194837824305059
GMEAN:0.4184883576219061
SAMPLES:251
AUC:{}
AVGP:{}
CLASS:1
ACC:0.9096470588235294
PREC:0.956989247311828
REC:0.947511760336717
TNR:0.1848341232227488
FPR:0.043010752688172046
FPDR:0.043010752688172046
F1:0.9522269221199303
BACC:0
CLSFE:0.043010752688172046
MCC:0.12194837824305059
GMEAN:0.4184883576219061
SAMPLES:3999
AUC:{}
AVGP:{}
