

GENERAL_METRICS
ACC:0.9136470588235294
PREC:0.5647223171841194
REC:0.5649977186719988
TNR:0.5649977186719988
FPR:0.43527768281588075
FPDR:0.43527768281588075
F1:0.5648595679981029
BACC:0.0
CLSFE:0.08635294117647059
MCC:0.12971974351089743
GMEAN:0.40945179074187993
SAMPLES:4250.0
AUC:{'AUC macro OVO': 0.5647223171841192}
AVGP:{'avg_precision': 0.9540111860456841}


METRICS_PER_CLASSES
CLASS:0
ACC:0.9136470588235294
PREC:0.17488789237668162
REC:0.17567567567567569
TNR:0.9543197616683218
FPR:0.8251121076233184
FPDR:0.8251121076233184
F1:0.1752808988764045
BACC:0
CLSFE:0.8251121076233184
MCC:0.12971974351089743
GMEAN:0.40945179074187993
SAMPLES:223
AUC:{}
AVGP:{}
CLASS:1
ACC:0.9136470588235294
PREC:0.954556741991557
REC:0.9543197616683218
TNR:0.17567567567567569
FPR:0.04544325800844301
FPDR:0.04544325800844301
F1:0.9544382371198014
BACC:0
CLSFE:0.04544325800844301
MCC:0.12971974351089743
GMEAN:0.40945179074187993
SAMPLES:4027
AUC:{}
AVGP:{}
