

GENERAL_METRICS
ACC:0.9051764705882352
PREC:0.5349204591190428
REC:0.5420024835382332
TNR:0.5420024835382332
FPR:0.46507954088095715
FPDR:0.46507954088095715
F1:0.5378414178817528
BACC:0.0
CLSFE:0.09482352941176471
MCC:0.07659624035930591
GMEAN:0.362900142643953
SAMPLES:4250.0
AUC:{'AUC macro OVO': 0.5349204591190428}
AVGP:{'avg_precision': 0.9443977713034172}


METRICS_PER_CLASSES
CLASS:0
ACC:0.9051764705882352
PREC:0.11462450592885376
REC:0.13942307692307693
TNR:0.9445818901533894
FPR:0.8853754940711462
FPDR:0.8853754940711462
F1:0.12581344902386118
BACC:0
CLSFE:0.8853754940711462
MCC:0.07659624035930591
GMEAN:0.362900142643953
SAMPLES:253
AUC:{}
AVGP:{}
CLASS:1
ACC:0.9051764705882352
PREC:0.9552164123092319
REC:0.9445818901533894
TNR:0.13942307692307693
FPR:0.044783587690768074
FPDR:0.044783587690768074
F1:0.9498693867396443
BACC:0
CLSFE:0.044783587690768074
MCC:0.07659624035930591
GMEAN:0.362900142643953
SAMPLES:3997
AUC:{}
AVGP:{}
