

GENERAL_METRICS
ACC:0.9091764705882353
PREC:0.549285064528967
REC:0.5572194719471947
TNR:0.5572194719471947
FPR:0.45071493547103303
FPDR:0.45071493547103303
F1:0.552761347675504
BACC:0.0
CLSFE:0.0908235294117647
MCC:0.10620857530785181
GMEAN:0.39744439385229785
SAMPLES:4250.0
AUC:{'AUC macro OVO': 0.549285064528967}
AVGP:{'avg_precision': 0.9475251343007604}


METRICS_PER_CLASSES
CLASS:0
ACC:0.9091764705882353
PREC:0.14227642276422764
REC:0.16666666666666666
TNR:0.9477722772277227
FPR:0.8577235772357723
FPDR:0.8577235772357723
F1:0.15350877192982457
BACC:0
CLSFE:0.8577235772357723
MCC:0.10620857530785181
GMEAN:0.39744439385229785
SAMPLES:246
AUC:{}
AVGP:{}
CLASS:1
ACC:0.9091764705882353
PREC:0.9562937062937062
REC:0.9477722772277227
TNR:0.16666666666666666
FPR:0.043706293706293704
FPDR:0.043706293706293704
F1:0.9520139234211835
BACC:0
CLSFE:0.043706293706293704
MCC:0.10620857530785181
GMEAN:0.39744439385229785
SAMPLES:4004
AUC:{}
AVGP:{}
