

GENERAL_METRICS
ACC:0.8624
PREC:0.7777710297023288
REC:0.7830239273927393
TNR:0.7830239273927393
FPR:0.2222289702976711
FPDR:0.2222289702976711
F1:0.7803441751361866
BACC:0.0
CLSFE:0.1376
MCC:0.560770354930709
GMEAN:0.772348546465728
SAMPLES:1250.0
AUC:{'AUC macro OVO': 0.7777710297023288}
AVGP:{'avg_precision': 0.9028965879058025}


METRICS_PER_CLASSES
CLASS:0
ACC:0.8624
PREC:0.6382113821138211
REC:0.6541666666666667
TNR:0.9118811881188119
FPR:0.3617886178861789
FPDR:0.3617886178861789
F1:0.6460905349794238
BACC:0
CLSFE:0.3617886178861789
MCC:0.560770354930709
GMEAN:0.772348546465728
SAMPLES:246
AUC:{}
AVGP:{}
CLASS:1
ACC:0.8624
PREC:0.9173306772908366
REC:0.9118811881188119
TNR:0.6541666666666667
FPR:0.08266932270916334
FPDR:0.08266932270916334
F1:0.9145978152929494
BACC:0
CLSFE:0.08266932270916334
MCC:0.560770354930709
GMEAN:0.772348546465728
SAMPLES:1004
AUC:{}
AVGP:{}
