

GENERAL_METRICS
ACC:0.8376
PREC:0.7514672201545949
REC:0.7478164270516181
TNR:0.7478164270516181
FPR:0.2485327798454051
FPDR:0.2485327798454051
F1:0.7496099836296735
BACC:0.0
CLSFE:0.1624
MCC:0.499270299614605
GMEAN:0.7321048583359118
SAMPLES:1250.0
AUC:{'AUC macro OVO': 0.751467220154595}
AVGP:{'avg_precision': 0.889683056747937}


METRICS_PER_CLASSES
CLASS:0
ACC:0.8376
PREC:0.6071428571428571
REC:0.5953307392996109
TNR:0.9003021148036254
FPR:0.39285714285714285
FPDR:0.39285714285714285
F1:0.6011787819253438
BACC:0
CLSFE:0.39285714285714285
MCC:0.499270299614605
GMEAN:0.7321048583359118
SAMPLES:252
AUC:{}
AVGP:{}
CLASS:1
ACC:0.8376
PREC:0.8957915831663327
REC:0.9003021148036254
TNR:0.5953307392996109
FPR:0.10420841683366733
FPDR:0.10420841683366733
F1:0.898041185334003
BACC:0
CLSFE:0.10420841683366733
MCC:0.499270299614605
GMEAN:0.7321048583359118
SAMPLES:998
AUC:{}
AVGP:{}
