

GENERAL_METRICS
ACC:0.8504
PREC:0.7715000000000001
REC:0.7659668261488004
TNR:0.7659668261488004
FPR:0.22849999999999998
FPDR:0.22849999999999998
F1:0.7686676543444462
BACC:0.0
CLSFE:0.1496
MCC:0.5374383436242683
GMEAN:0.752424070722265
SAMPLES:1250.0
AUC:{'AUC macro OVO': 0.7715000000000001}
AVGP:{'avg_precision': 0.8987570996978852}


METRICS_PER_CLASSES
CLASS:0
ACC:0.8504
PREC:0.64
REC:0.622568093385214
TNR:0.9093655589123867
FPR:0.36
FPDR:0.36
F1:0.631163708086785
BACC:0
CLSFE:0.36
MCC:0.5374383436242683
GMEAN:0.752424070722265
SAMPLES:250
AUC:{}
AVGP:{}
CLASS:1
ACC:0.8504
PREC:0.903
REC:0.9093655589123867
TNR:0.622568093385214
FPR:0.097
FPDR:0.097
F1:0.9061716006021073
BACC:0
CLSFE:0.097
MCC:0.5374383436242683
GMEAN:0.752424070722265
SAMPLES:1000
AUC:{}
AVGP:{}
