

GENERAL_METRICS
ACC:0.8584
PREC:0.7806368980549542
REC:0.766
TNR:0.766
FPR:0.21936310194504582
FPDR:0.21936310194504582
F1:0.772893141218894
BACC:0.0
CLSFE:0.1416
MCC:0.5464409021389882
GMEAN:0.7503599136414472
SAMPLES:1250.0
AUC:{'AUC macro OVO': 0.7806368980549542}
AVGP:{'avg_precision': 0.909851720747296}


METRICS_PER_CLASSES
CLASS:0
ACC:0.8584
PREC:0.6566523605150214
REC:0.612
TNR:0.92
FPR:0.34334763948497854
FPDR:0.34334763948497854
F1:0.6335403726708074
BACC:0
CLSFE:0.34334763948497854
MCC:0.5464409021389882
GMEAN:0.7503599136414472
SAMPLES:233
AUC:{}
AVGP:{}
CLASS:1
ACC:0.8584
PREC:0.904621435594887
REC:0.92
TNR:0.612
FPR:0.09537856440511308
FPDR:0.09537856440511308
F1:0.9122459097669806
BACC:0
CLSFE:0.09537856440511308
MCC:0.5464409021389882
GMEAN:0.7503599136414472
SAMPLES:1017
AUC:{}
AVGP:{}
