

GENERAL_METRICS
ACC:0.8651428571428571
PREC:0.6706144665223949
REC:0.7268178029787872
TNR:0.7268178029787872
FPR:0.3293855334776051
FPDR:0.3293855334776051
F1:0.6920567033216121
BACC:0.0
CLSFE:0.13485714285714287
MCC:0.39343817025300154
GMEAN:0.7054589127730773
SAMPLES:1750.0
AUC:{'AUC macro OVO': 0.670614466522395}
AVGP:{'avg_precision': 0.8991211242629349}


METRICS_PER_CLASSES
CLASS:0
ACC:0.8651428571428571
PREC:0.396078431372549
REC:0.5519125683060109
TNR:0.9017230376515635
FPR:0.6039215686274509
FPDR:0.6039215686274509
F1:0.4611872146118721
BACC:0
CLSFE:0.6039215686274509
MCC:0.39343817025300154
GMEAN:0.7054589127730773
SAMPLES:255
AUC:{}
AVGP:{}
CLASS:1
ACC:0.8651428571428571
PREC:0.9451505016722408
REC:0.9017230376515635
TNR:0.5519125683060109
FPR:0.0548494983277592
FPDR:0.0548494983277592
F1:0.9229261920313521
BACC:0
CLSFE:0.0548494983277592
MCC:0.39343817025300154
GMEAN:0.7054589127730773
SAMPLES:1495
AUC:{}
AVGP:{}
