

GENERAL_METRICS
ACC:0.8674285714285714
PREC:0.6537883575591602
REC:0.7071126225123978
TNR:0.7071126225123978
FPR:0.34621164244083985
FPDR:0.34621164244083985
F1:0.6739992741264625
BACC:0.0
CLSFE:0.13257142857142856
MCC:0.35693982711909306
GMEAN:0.6787875452423536
SAMPLES:1750.0
AUC:{'AUC macro OVO': 0.6537883575591601}
AVGP:{'avg_precision': 0.9031036898112696}


METRICS_PER_CLASSES
CLASS:0
ACC:0.8674285714285714
PREC:0.3617021276595745
REC:0.5089820359281437
TNR:0.9052432090966519
FPR:0.6382978723404256
FPDR:0.6382978723404256
F1:0.4228855721393035
BACC:0
CLSFE:0.6382978723404256
MCC:0.35693982711909306
GMEAN:0.6787875452423536
SAMPLES:235
AUC:{}
AVGP:{}
CLASS:1
ACC:0.8674285714285714
PREC:0.9458745874587459
REC:0.9052432090966519
TNR:0.5089820359281437
FPR:0.05412541254125412
FPDR:0.05412541254125412
F1:0.9251129761136216
BACC:0
CLSFE:0.05412541254125412
MCC:0.35693982711909306
GMEAN:0.6787875452423536
SAMPLES:1515
AUC:{}
AVGP:{}
