

GENERAL_METRICS
ACC:0.856
PREC:0.6660141115053632
REC:0.7138260709689281
TNR:0.7138260709689281
FPR:0.33398588849463684
FPDR:0.33398588849463684
F1:0.6846395881006865
BACC:0.0
CLSFE:0.144
MCC:0.3768190291829187
GMEAN:0.689913294212667
SAMPLES:1750.0
AUC:{'AUC macro OVO': 0.6660141115053632}
AVGP:{'avg_precision': 0.8940745352158542}


METRICS_PER_CLASSES
CLASS:0
ACC:0.856
PREC:0.3939393939393939
REC:0.5306122448979592
TNR:0.8970398970398971
FPR:0.6060606060606061
FPDR:0.6060606060606061
F1:0.45217391304347826
BACC:0
CLSFE:0.6060606060606061
MCC:0.3768190291829187
GMEAN:0.689913294212667
SAMPLES:264
AUC:{}
AVGP:{}
CLASS:1
ACC:0.856
PREC:0.9380888290713324
REC:0.8970398970398971
TNR:0.5306122448979592
FPR:0.06191117092866756
FPDR:0.06191117092866756
F1:0.9171052631578948
BACC:0
CLSFE:0.06191117092866756
MCC:0.3768190291829187
GMEAN:0.689913294212667
SAMPLES:1486
AUC:{}
AVGP:{}
