

GENERAL_METRICS
ACC:0.868
PREC:0.6850223627911347
REC:0.6997691702813079
TNR:0.6997691702813079
FPR:0.31497763720886524
FPDR:0.31497763720886524
F1:0.6919227753090108
BACC:0.0
CLSFE:0.132
MCC:0.38450884982414707
GMEAN:0.664492752149895
SAMPLES:1750.0
AUC:{'AUC macro OVO': 0.6850223627911347}
AVGP:{'avg_precision': 0.9159130965724215}


METRICS_PER_CLASSES
CLASS:0
ACC:0.868
PREC:0.43946188340807174
REC:0.4803921568627451
TNR:0.9191461836998707
FPR:0.5605381165919282
FPDR:0.5605381165919282
F1:0.45901639344262296
BACC:0
CLSFE:0.5605381165919282
MCC:0.38450884982414707
GMEAN:0.664492752149895
SAMPLES:223
AUC:{}
AVGP:{}
CLASS:1
ACC:0.868
PREC:0.9305828421741977
REC:0.9191461836998707
TNR:0.4803921568627451
FPR:0.06941715782580223
FPDR:0.06941715782580223
F1:0.9248291571753986
BACC:0
CLSFE:0.06941715782580223
MCC:0.38450884982414707
GMEAN:0.664492752149895
SAMPLES:1527
AUC:{}
AVGP:{}
