

GENERAL_METRICS
ACC:0.9218181818181819
PREC:0.6912247149333037
REC:0.7715116279069767
TNR:0.7715116279069767
FPR:0.3087752850666962
FPDR:0.3087752850666962
F1:0.7222795016672624
BACC:0.0
CLSFE:0.07818181818181819
MCC:0.4557180428624211
GMEAN:0.7522060578647131
SAMPLES:2750.0
AUC:{'AUC macro OVO': 0.6912247149333037}
AVGP:{'avg_precision': 0.9421105519737137}


METRICS_PER_CLASSES
CLASS:0
ACC:0.9218181818181819
PREC:0.40963855421686746
REC:0.6
TNR:0.9430232558139535
FPR:0.5903614457831325
FPDR:0.5903614457831325
F1:0.48687350835322196
BACC:0
CLSFE:0.5903614457831325
MCC:0.4557180428624211
GMEAN:0.7522060578647131
SAMPLES:249
AUC:{}
AVGP:{}
CLASS:1
ACC:0.9218181818181819
PREC:0.9728108756497401
REC:0.9430232558139535
TNR:0.6
FPR:0.027189124350259896
FPDR:0.027189124350259896
F1:0.9576854949813028
BACC:0
CLSFE:0.027189124350259896
MCC:0.4557180428624211
GMEAN:0.7522060578647131
SAMPLES:2501
AUC:{}
AVGP:{}
