

GENERAL_METRICS
ACC:0.92
PREC:0.664389914002111
REC:0.7584099042959729
TNR:0.7584099042959729
FPR:0.335610085997889
FPDR:0.335610085997889
F1:0.6978529078036853
BACC:0.0
CLSFE:0.08
MCC:0.41221344929300263
GMEAN:0.7364385531682529
SAMPLES:2750.0
AUC:{'AUC macro OVO': 0.664389914002111}
AVGP:{'avg_precision': 0.938934914489264}


METRICS_PER_CLASSES
CLASS:0
ACC:0.92
PREC:0.35390946502057613
REC:0.5771812080536913
TNR:0.9396386005382545
FPR:0.6460905349794238
FPDR:0.6460905349794238
F1:0.4387755102040816
BACC:0
CLSFE:0.6460905349794238
MCC:0.41221344929300263
GMEAN:0.7364385531682529
SAMPLES:243
AUC:{}
AVGP:{}
CLASS:1
ACC:0.92
PREC:0.9748703629836458
REC:0.9396386005382545
TNR:0.5771812080536913
FPR:0.02512963701635421
FPDR:0.02512963701635421
F1:0.9569303054032889
BACC:0
CLSFE:0.02512963701635421
MCC:0.41221344929300263
GMEAN:0.7364385531682529
SAMPLES:2507
AUC:{}
AVGP:{}
