

GENERAL_METRICS
ACC:0.9189090909090909
PREC:0.6646383075523203
REC:0.7447137796009695
TNR:0.7447137796009695
FPR:0.3353616924476797
FPDR:0.3353616924476797
F1:0.6944522087380938
BACC:0.0
CLSFE:0.08109090909090909
MCC:0.4014437071781555
GMEAN:0.7183692971848087
SAMPLES:2750.0
AUC:{'AUC macro OVO': 0.6646383075523203}
AVGP:{'avg_precision': 0.9402717465885243}


METRICS_PER_CLASSES
CLASS:0
ACC:0.9189090909090909
PREC:0.35714285714285715
REC:0.5483870967741935
TNR:0.9410404624277456
FPR:0.6428571428571429
FPDR:0.6428571428571429
F1:0.43256997455470736
BACC:0
CLSFE:0.6428571428571429
MCC:0.4014437071781555
GMEAN:0.7183692971848087
SAMPLES:238
AUC:{}
AVGP:{}
CLASS:1
ACC:0.9189090909090909
PREC:0.9721337579617835
REC:0.9410404624277456
TNR:0.5483870967741935
FPR:0.02786624203821656
FPDR:0.02786624203821656
F1:0.9563344429214803
BACC:0
CLSFE:0.02786624203821656
MCC:0.4014437071781555
GMEAN:0.7183692971848087
SAMPLES:2512
AUC:{}
AVGP:{}
