

GENERAL_METRICS
ACC:0.8716
PREC:0.5802733578131375
REC:0.6153411447918504
TNR:0.6153411447918504
FPR:0.4197266421868625
FPDR:0.4197266421868625
F1:0.5924821720471716
BACC:0.0
CLSFE:0.1284
MCC:0.19244553501136996
GMEAN:0.53868807018574
SAMPLES:2500.0
AUC:{'AUC macro OVO': 0.5802733578131375}
AVGP:{'avg_precision': 0.9119230452581819}


METRICS_PER_CLASSES
CLASS:0
ACC:0.8716
PREC:0.2131782945736434
REC:0.3179190751445087
TNR:0.9127632144391921
FPR:0.7868217054263565
FPDR:0.7868217054263565
F1:0.2552204176334107
BACC:0
CLSFE:0.7868217054263565
MCC:0.19244553501136996
GMEAN:0.53868807018574
SAMPLES:258
AUC:{}
AVGP:{}
CLASS:1
ACC:0.8716
PREC:0.9473684210526315
REC:0.9127632144391921
TNR:0.3179190751445087
FPR:0.05263157894736842
FPDR:0.05263157894736842
F1:0.9297439264609324
BACC:0
CLSFE:0.05263157894736842
MCC:0.19244553501136996
GMEAN:0.53868807018574
SAMPLES:2242
AUC:{}
AVGP:{}
