

GENERAL_METRICS
ACC:0.8864
PREC:0.6017330019712808
REC:0.6520972868123336
TNR:0.6520972868123336
FPR:0.39826699802871923
FPDR:0.39826699802871923
F1:0.6193364229633427
BACC:0.0
CLSFE:0.1136
MCC:0.24878354912739378
GMEAN:0.5942774973216275
SAMPLES:2500.0
AUC:{'AUC macro OVO': 0.6017330019712808}
AVGP:{'avg_precision': 0.919705237404283}


METRICS_PER_CLASSES
CLASS:0
ACC:0.8864
PREC:0.24696356275303644
REC:0.3836477987421384
TNR:0.9205467748825288
FPR:0.7530364372469636
FPDR:0.7530364372469636
F1:0.30049261083743845
BACC:0
CLSFE:0.7530364372469636
MCC:0.24878354912739378
GMEAN:0.5942774973216275
SAMPLES:247
AUC:{}
AVGP:{}
CLASS:1
ACC:0.8864
PREC:0.9565024411895251
REC:0.9205467748825288
TNR:0.3836477987421384
FPR:0.04349755881047492
FPDR:0.04349755881047492
F1:0.9381802350892469
BACC:0
CLSFE:0.04349755881047492
MCC:0.24878354912739378
GMEAN:0.5942774973216275
SAMPLES:2253
AUC:{}
AVGP:{}
