

GENERAL_METRICS
ACC:0.8748
PREC:0.5795589555391277
REC:0.6359293372690648
TNR:0.6359293372690648
FPR:0.4204410444608723
FPDR:0.4204410444608723
F1:0.5958309380182855
BACC:0.0
CLSFE:0.1252
MCC:0.20798457731526743
GMEAN:0.5749697056045802
SAMPLES:2500.0
AUC:{'AUC macro OVO': 0.5795589555391276}
AVGP:{'avg_precision': 0.9069127480810429}


METRICS_PER_CLASSES
CLASS:0
ACC:0.8748
PREC:0.20220588235294118
REC:0.36423841059602646
TNR:0.907620263942103
FPR:0.7977941176470589
FPDR:0.7977941176470589
F1:0.26004728132387706
BACC:0
CLSFE:0.7977941176470589
MCC:0.20798457731526743
GMEAN:0.5749697056045802
SAMPLES:272
AUC:{}
AVGP:{}
CLASS:1
ACC:0.8748
PREC:0.9569120287253142
REC:0.907620263942103
TNR:0.36423841059602646
FPR:0.04308797127468582
FPDR:0.04308797127468582
F1:0.9316145947126939
BACC:0
CLSFE:0.04308797127468582
MCC:0.20798457731526743
GMEAN:0.5749697056045802
SAMPLES:2228
AUC:{}
AVGP:{}
