

GENERAL_METRICS
ACC:0.8824
PREC:0.6074296161376365
REC:0.6607857551253777
TNR:0.6607857551253777
FPR:0.3925703838623635
FPDR:0.3925703838623635
F1:0.6259732329143555
BACC:0.0
CLSFE:0.1176
MCC:0.2628547275855571
GMEAN:0.6091712421164329
SAMPLES:2500.0
AUC:{'AUC macro OVO': 0.6074296161376366}
AVGP:{'avg_precision': 0.9158440288360872}


METRICS_PER_CLASSES
CLASS:0
ACC:0.8824
PREC:0.2595419847328244
REC:0.40476190476190477
TNR:0.9168096054888508
FPR:0.7404580152671756
FPDR:0.7404580152671756
F1:0.31627906976744186
BACC:0
CLSFE:0.7404580152671756
MCC:0.2628547275855571
GMEAN:0.6091712421164329
SAMPLES:262
AUC:{}
AVGP:{}
CLASS:1
ACC:0.8824
PREC:0.9553172475424486
REC:0.9168096054888508
TNR:0.40476190476190477
FPR:0.044682752457551385
FPDR:0.044682752457551385
F1:0.9356673960612691
BACC:0
CLSFE:0.044682752457551385
MCC:0.2628547275855571
GMEAN:0.6091712421164329
SAMPLES:2238
AUC:{}
AVGP:{}
