

GENERAL_METRICS
ACC:0.9054545454545454
PREC:0.6884084616534107
REC:0.6975137513751375
TNR:0.6975137513751375
FPR:0.3115915383465893
FPDR:0.3115915383465893
F1:0.6928108281820072
BACC:0.0
CLSFE:0.09454545454545454
MCC:0.38581478484881265
GMEAN:0.6516986351919967
SAMPLES:2750.0
AUC:{'AUC macro OVO': 0.6884084616534107}
AVGP:{'avg_precision': 0.9445438133944711}


METRICS_PER_CLASSES
CLASS:0
ACC:0.9054545454545454
PREC:0.42616033755274263
REC:0.4488888888888889
TNR:0.9461386138613861
FPR:0.5738396624472574
FPDR:0.5738396624472574
F1:0.43722943722943725
BACC:0
CLSFE:0.5738396624472574
MCC:0.38581478484881265
GMEAN:0.6516986351919967
SAMPLES:237
AUC:{}
AVGP:{}
CLASS:1
ACC:0.9054545454545454
PREC:0.9506565857540787
REC:0.9461386138613861
TNR:0.4488888888888889
FPR:0.04934341424592121
FPDR:0.04934341424592121
F1:0.9483922191345772
BACC:0
CLSFE:0.04934341424592121
MCC:0.38581478484881265
GMEAN:0.6516986351919967
SAMPLES:2513
AUC:{}
AVGP:{}
