

GENERAL_METRICS
ACC:0.8916363636363637
PREC:0.6404008309910791
REC:0.6567648059440273
TNR:0.6567648059440273
FPR:0.3595991690089209
FPDR:0.3595991690089209
F1:0.6479139492239929
BACC:0.0
CLSFE:0.10836363636363637
MCC:0.29671473859379943
GMEAN:0.5946119559468167
SAMPLES:2750.0
AUC:{'AUC macro OVO': 0.6404008309910791}
AVGP:{'avg_precision': 0.9343161160004221}


METRICS_PER_CLASSES
CLASS:0
ACC:0.8916363636363637
PREC:0.3346938775510204
REC:0.3778801843317972
TNR:0.9356494275562574
FPR:0.6653061224489796
FPDR:0.6653061224489796
F1:0.354978354978355
BACC:0
CLSFE:0.6653061224489796
MCC:0.29671473859379943
GMEAN:0.5946119559468167
SAMPLES:245
AUC:{}
AVGP:{}
CLASS:1
ACC:0.8916363636363637
PREC:0.9461077844311377
REC:0.9356494275562574
TNR:0.3778801843317972
FPR:0.05389221556886228
FPDR:0.05389221556886228
F1:0.9408495434696308
BACC:0
CLSFE:0.05389221556886228
MCC:0.29671473859379943
GMEAN:0.5946119559468167
SAMPLES:2505
AUC:{}
AVGP:{}
