

GENERAL_METRICS
ACC:0.896
PREC:0.6629042393022011
REC:0.6866251140380888
TNR:0.6866251140380888
FPR:0.33709576069779884
FPDR:0.33709576069779884
F1:0.6735972775564409
BACC:0.0
CLSFE:0.104
MCC:0.3487235136153648
GMEAN:0.6396169646309596
SAMPLES:2750.0
AUC:{'AUC macro OVO': 0.6629042393022011}
AVGP:{'avg_precision': 0.9348018809788562}


METRICS_PER_CLASSES
CLASS:0
ACC:0.896
PREC:0.375968992248062
REC:0.4369369369369369
TNR:0.9363132911392406
FPR:0.624031007751938
FPDR:0.624031007751938
F1:0.4041666666666667
BACC:0
CLSFE:0.624031007751938
MCC:0.3487235136153648
GMEAN:0.6396169646309596
SAMPLES:258
AUC:{}
AVGP:{}
CLASS:1
ACC:0.896
PREC:0.9498394863563403
REC:0.9363132911392406
TNR:0.4369369369369369
FPR:0.05016051364365971
FPDR:0.05016051364365971
F1:0.9430278884462151
BACC:0
CLSFE:0.05016051364365971
MCC:0.3487235136153648
GMEAN:0.6396169646309596
SAMPLES:2492
AUC:{}
AVGP:{}
