

GENERAL_METRICS
ACC:0.8805
PREC:0.6108630952380952
REC:0.6776159735170814
TNR:0.6776159735170814
FPR:0.38913690476190477
FPDR:0.38913690476190477
F1:0.6324634712518002
BACC:0.0
CLSFE:0.1195
MCC:0.2806496505455241
GMEAN:0.6359277902935073
SAMPLES:2000.0
AUC:{'AUC macro OVO': 0.6108630952380952}
AVGP:{'avg_precision': 0.9106386359578647}


METRICS_PER_CLASSES
CLASS:0
ACC:0.8805
PREC:0.26339285714285715
REC:0.44360902255639095
TNR:0.9116229244777718
FPR:0.7366071428571429
FPDR:0.7366071428571429
F1:0.33053221288515405
BACC:0
CLSFE:0.7366071428571429
MCC:0.2806496505455241
GMEAN:0.6359277902935073
SAMPLES:224
AUC:{}
AVGP:{}
CLASS:1
ACC:0.8805
PREC:0.9583333333333334
REC:0.9116229244777718
TNR:0.44360902255639095
FPR:0.041666666666666664
FPDR:0.041666666666666664
F1:0.9343947296184464
BACC:0
CLSFE:0.041666666666666664
MCC:0.2806496505455241
GMEAN:0.6359277902935073
SAMPLES:1776
AUC:{}
AVGP:{}
