

GENERAL_METRICS
ACC:0.878
PREC:0.6293318189736895
REC:0.7180822450871551
TNR:0.7180822450871551
FPR:0.3706681810263105
FPDR:0.3706681810263105
F1:0.6565228285626606
BACC:0.0
CLSFE:0.122
MCC:0.3358867275912386
GMEAN:0.6935299762490478
SAMPLES:2000.0
AUC:{'AUC macro OVO': 0.6293318189736896}
AVGP:{'avg_precision': 0.9030879060176317}


METRICS_PER_CLASSES
CLASS:0
ACC:0.878
PREC:0.2964426877470356
REC:0.5319148936170213
TNR:0.9042495965572889
FPR:0.7035573122529645
FPDR:0.7035573122529645
F1:0.38071065989847713
BACC:0
CLSFE:0.7035573122529645
MCC:0.3358867275912386
GMEAN:0.6935299762490478
SAMPLES:253
AUC:{}
AVGP:{}
CLASS:1
ACC:0.878
PREC:0.9622209502003435
REC:0.9042495965572889
TNR:0.5319148936170213
FPR:0.03777904979965655
FPDR:0.03777904979965655
F1:0.9323349972268441
BACC:0
CLSFE:0.03777904979965655
MCC:0.3358867275912386
GMEAN:0.6935299762490478
SAMPLES:1747
AUC:{}
AVGP:{}
