

GENERAL_METRICS
ACC:0.8785
PREC:0.6350250626566416
REC:0.7183552320010573
TNR:0.7183552320010573
FPR:0.3649749373433584
FPDR:0.3649749373433584
F1:0.6617480942010678
BACC:0.0
CLSFE:0.1215
MCC:0.3434147864163585
GMEAN:0.6933879218279612
SAMPLES:2000.0
AUC:{'AUC macro OVO': 0.6350250626566416}
AVGP:{'avg_precision': 0.9048311841395177}


METRICS_PER_CLASSES
CLASS:0
ACC:0.8785
PREC:0.30952380952380953
REC:0.5306122448979592
TNR:0.9060982191041554
FPR:0.6904761904761905
FPDR:0.6904761904761905
F1:0.39097744360902253
BACC:0
CLSFE:0.6904761904761905
MCC:0.3434147864163585
GMEAN:0.6933879218279612
SAMPLES:252
AUC:{}
AVGP:{}
CLASS:1
ACC:0.8785
PREC:0.9605263157894737
REC:0.9060982191041554
TNR:0.5306122448979592
FPR:0.039473684210526314
FPDR:0.039473684210526314
F1:0.932518744793113
BACC:0
CLSFE:0.039473684210526314
MCC:0.3434147864163585
GMEAN:0.6933879218279612
SAMPLES:1748
AUC:{}
AVGP:{}
