

GENERAL_METRICS
ACC:0.862
PREC:0.6040550511693561
REC:0.7230896210193274
TNR:0.7230896210193274
FPR:0.3959449488306439
FPDR:0.3959449488306439
F1:0.6297647664835164
BACC:0.0
CLSFE:0.138
MCC:0.3047202121981302
GMEAN:0.705487808303518
SAMPLES:2000.0
AUC:{'AUC macro OVO': 0.6040550511693561}
AVGP:{'avg_precision': 0.8807885180987002}


METRICS_PER_CLASSES
CLASS:0
ACC:0.862
PREC:0.23972602739726026
REC:0.5645161290322581
TNR:0.8816631130063965
FPR:0.7602739726027398
FPDR:0.7602739726027398
F1:0.33653846153846156
BACC:0
CLSFE:0.7602739726027398
MCC:0.3047202121981302
GMEAN:0.705487808303518
SAMPLES:292
AUC:{}
AVGP:{}
CLASS:1
ACC:0.862
PREC:0.968384074941452
REC:0.8816631130063965
TNR:0.5645161290322581
FPR:0.03161592505854801
FPDR:0.03161592505854801
F1:0.9229910714285714
BACC:0
CLSFE:0.03161592505854801
MCC:0.3047202121981302
GMEAN:0.705487808303518
SAMPLES:1708
AUC:{}
AVGP:{}
