

GENERAL_METRICS
ACC:0.912
PREC:0.5882538514117461
REC:0.649329674315474
TNR:0.649329674315474
FPR:0.41174614858825387
FPDR:0.41174614858825387
F1:0.6080467021104334
BACC:0.0
CLSFE:0.088
MCC:0.22959894501850206
GMEAN:0.5821506852622849
SAMPLES:3250.0
AUC:{'AUC macro OVO': 0.5882538514117461}
AVGP:{'avg_precision': 0.9365688926705331}


METRICS_PER_CLASSES
CLASS:0
ACC:0.912
PREC:0.20647773279352227
REC:0.3617021276595745
TNR:0.9369572209713735
FPR:0.7935222672064778
FPDR:0.7935222672064778
F1:0.26288659793814434
BACC:0
CLSFE:0.7935222672064778
MCC:0.22959894501850206
GMEAN:0.5821506852622849
SAMPLES:247
AUC:{}
AVGP:{}
CLASS:1
ACC:0.912
PREC:0.97002997002997
REC:0.9369572209713735
TNR:0.3617021276595745
FPR:0.029970029970029972
FPDR:0.029970029970029972
F1:0.9532068062827225
BACC:0
CLSFE:0.029970029970029972
MCC:0.22959894501850206
GMEAN:0.5821506852622849
SAMPLES:3003
AUC:{}
AVGP:{}
