

GENERAL_METRICS
ACC:0.9144615384615384
PREC:0.580955575188421
REC:0.6508495416946121
TNR:0.6508495416946121
FPR:0.41904442481157905
FPDR:0.41904442481157905
F1:0.6016489572770161
BACC:0.0
CLSFE:0.08553846153846154
MCC:0.22101684474082076
GMEAN:0.584756814480496
SAMPLES:3250.0
AUC:{'AUC macro OVO': 0.5809555751884209}
AVGP:{'avg_precision': 0.9363084304486007}


METRICS_PER_CLASSES
CLASS:0
ACC:0.9144615384615384
PREC:0.1885245901639344
REC:0.36507936507936506
TNR:0.9366197183098591
FPR:0.8114754098360656
FPDR:0.8114754098360656
F1:0.24864864864864866
BACC:0
CLSFE:0.8114754098360656
MCC:0.22101684474082076
GMEAN:0.584756814480496
SAMPLES:244
AUC:{}
AVGP:{}
CLASS:1
ACC:0.9144615384615384
PREC:0.9733865602129075
REC:0.9366197183098591
TNR:0.36507936507936506
FPR:0.02661343978709248
FPDR:0.02661343978709248
F1:0.9546492659053833
BACC:0
CLSFE:0.02661343978709248
MCC:0.22101684474082076
GMEAN:0.584756814480496
SAMPLES:3006
AUC:{}
AVGP:{}
