

GENERAL_METRICS
ACC:0.916
PREC:0.5780565258812321
REC:0.6426769240294719
TNR:0.6426769240294719
FPR:0.42194347411876787
FPDR:0.42194347411876787
F1:0.5975495085545394
BACC:0.0
CLSFE:0.084
MCC:0.21106269223300514
GMEAN:0.5705043407142685
SAMPLES:3250.0
AUC:{'AUC macro OVO': 0.5780565258812321}
AVGP:{'avg_precision': 0.9382871586258872}


METRICS_PER_CLASSES
CLASS:0
ACC:0.916
PREC:0.1829787234042553
REC:0.3467741935483871
TNR:0.9385796545105566
FPR:0.8170212765957446
FPDR:0.8170212765957446
F1:0.2395543175487465
BACC:0
CLSFE:0.8170212765957446
MCC:0.21106269223300514
GMEAN:0.5705043407142685
SAMPLES:235
AUC:{}
AVGP:{}
CLASS:1
ACC:0.916
PREC:0.9731343283582089
REC:0.9385796545105566
TNR:0.3467741935483871
FPR:0.026865671641791045
FPDR:0.026865671641791045
F1:0.9555446995603322
BACC:0
CLSFE:0.026865671641791045
MCC:0.21106269223300514
GMEAN:0.5705043407142685
SAMPLES:3015
AUC:{}
AVGP:{}
