

GENERAL_METRICS
ACC:0.9076923076923077
PREC:0.5715941465260768
REC:0.6304820569808212
TNR:0.6304820569808212
FPR:0.42840585347392324
FPDR:0.42840585347392324
F1:0.5888601770389162
BACC:0.0
CLSFE:0.09230769230769231
MCC:0.1933054733473298
GMEAN:0.5533794400128841
SAMPLES:3250.0
AUC:{'AUC macro OVO': 0.5715941465260768}
AVGP:{'avg_precision': 0.9322826815069446}


METRICS_PER_CLASSES
CLASS:0
ACC:0.9076923076923077
PREC:0.1732283464566929
REC:0.3283582089552239
TNR:0.9326059050064185
FPR:0.8267716535433071
FPDR:0.8267716535433071
F1:0.2268041237113402
BACC:0
CLSFE:0.8267716535433071
MCC:0.1933054733473298
GMEAN:0.5533794400128841
SAMPLES:254
AUC:{}
AVGP:{}
CLASS:1
ACC:0.9076923076923077
PREC:0.9699599465954606
REC:0.9326059050064185
TNR:0.3283582089552239
FPR:0.030040053404539385
FPDR:0.030040053404539385
F1:0.9509162303664922
BACC:0
CLSFE:0.030040053404539385
MCC:0.1933054733473298
GMEAN:0.5533794400128841
SAMPLES:2996
AUC:{}
AVGP:{}
