

GENERAL_METRICS
ACC:0.8026666666666666
PREC:0.7856335521727629
REC:0.7772417817545225
TNR:0.7772417817545225
FPR:0.2143664478272371
FPDR:0.2143664478272371
F1:0.7809804184655211
BACC:0.0
CLSFE:0.19733333333333333
MCC:0.5628127750264741
GMEAN:0.7723937484882657
SAMPLES:750.0
AUC:{'AUC macro OVO': 0.785633552172763}
AVGP:{'avg_precision': 0.8318511842294791}


METRICS_PER_CLASSES
CLASS:0
ACC:0.8026666666666666
PREC:0.7349397590361446
REC:0.690566037735849
TNR:0.8639175257731959
FPR:0.26506024096385544
FPDR:0.26506024096385544
F1:0.7120622568093385
BACC:0
CLSFE:0.26506024096385544
MCC:0.5628127750264741
GMEAN:0.7723937484882657
SAMPLES:249
AUC:{}
AVGP:{}
CLASS:1
ACC:0.8026666666666666
PREC:0.8363273453093812
REC:0.8639175257731959
TNR:0.690566037735849
FPR:0.16367265469061876
FPDR:0.16367265469061876
F1:0.8498985801217038
BACC:0
CLSFE:0.16367265469061876
MCC:0.5628127750264741
GMEAN:0.7723937484882657
SAMPLES:501
AUC:{}
AVGP:{}
