

GENERAL_METRICS
ACC:0.788
PREC:0.7571428571428571
REC:0.7481617647058822
TNR:0.7481617647058822
FPR:0.24285714285714285
FPDR:0.24285714285714285
F1:0.7522206638616176
BACC:0.0
CLSFE:0.212
MCC:0.5052248022814558
GMEAN:0.739932429347437
SAMPLES:750.0
AUC:{'AUC macro OVO': 0.7571428571428571}
AVGP:{'avg_precision': 0.8325042016806722}


METRICS_PER_CLASSES
CLASS:0
ACC:0.788
PREC:0.68
REC:0.6375
TNR:0.8588235294117647
FPR:0.32
FPDR:0.32
F1:0.6580645161290323
BACC:0
CLSFE:0.32
MCC:0.5052248022814558
GMEAN:0.739932429347437
SAMPLES:225
AUC:{}
AVGP:{}
CLASS:1
ACC:0.788
PREC:0.8342857142857143
REC:0.8588235294117647
TNR:0.6375
FPR:0.1657142857142857
FPDR:0.1657142857142857
F1:0.8463768115942029
BACC:0
CLSFE:0.1657142857142857
MCC:0.5052248022814558
GMEAN:0.739932429347437
SAMPLES:525
AUC:{}
AVGP:{}
