

GENERAL_METRICS
ACC:0.7893333333333333
PREC:0.7778186274509804
REC:0.7599293707576591
TNR:0.7599293707576591
FPR:0.2221813725490196
FPDR:0.2221813725490196
F1:0.7666146719606731
BACC:0.0
CLSFE:0.21066666666666667
MCC:0.5374503549839366
GMEAN:0.7517229847015537
SAMPLES:750.0
AUC:{'AUC macro OVO': 0.7778186274509804}
AVGP:{'avg_precision': 0.8349219822950277}


METRICS_PER_CLASSES
CLASS:0
ACC:0.7893333333333333
PREC:0.7458333333333333
REC:0.6485507246376812
TNR:0.8713080168776371
FPR:0.25416666666666665
FPDR:0.25416666666666665
F1:0.6937984496124031
BACC:0
CLSFE:0.25416666666666665
MCC:0.5374503549839366
GMEAN:0.7517229847015537
SAMPLES:240
AUC:{}
AVGP:{}
CLASS:1
ACC:0.7893333333333333
PREC:0.8098039215686275
REC:0.8713080168776371
TNR:0.6485507246376812
FPR:0.19019607843137254
FPDR:0.19019607843137254
F1:0.8394308943089431
BACC:0
CLSFE:0.19019607843137254
MCC:0.5374503549839366
GMEAN:0.7517229847015537
SAMPLES:510
AUC:{}
AVGP:{}
