

GENERAL_METRICS
ACC:0.8013333333333333
PREC:0.7843880589545329
REC:0.7676216640502355
TNR:0.7676216640502355
FPR:0.21561194104546705
FPDR:0.21561194104546705
F1:0.774433358429935
BACC:0.0
CLSFE:0.19866666666666666
MCC:0.5517550383038784
GMEAN:0.7597095206261301
SAMPLES:750.0
AUC:{'AUC macro OVO': 0.7843880589545329}
AVGP:{'avg_precision': 0.8457320592977076}


METRICS_PER_CLASSES
CLASS:0
ACC:0.8013333333333333
PREC:0.7402597402597403
REC:0.6576923076923077
TNR:0.8775510204081632
FPR:0.2597402597402597
FPDR:0.2597402597402597
F1:0.6965376782077393
BACC:0
CLSFE:0.2597402597402597
MCC:0.5517550383038784
GMEAN:0.7597095206261301
SAMPLES:231
AUC:{}
AVGP:{}
CLASS:1
ACC:0.8013333333333333
PREC:0.8285163776493256
REC:0.8775510204081632
TNR:0.6576923076923077
FPR:0.17148362235067438
FPDR:0.17148362235067438
F1:0.8523290386521308
BACC:0
CLSFE:0.17148362235067438
MCC:0.5517550383038784
GMEAN:0.7597095206261301
SAMPLES:519
AUC:{}
AVGP:{}
