

GENERAL_METRICS
ACC:0.8582222222222222
PREC:0.5773552210075408
REC:0.5985231912117513
TNR:0.5985231912117513
FPR:0.4226447789924592
FPDR:0.4226447789924592
F1:0.5855647780584626
BACC:0.0
CLSFE:0.14177777777777778
MCC:0.17459992245763709
GMEAN:0.5116955718630333
SAMPLES:2250.0
AUC:{'AUC macro OVO': 0.5773552210075408}
AVGP:{'avg_precision': 0.9079521644907264}


METRICS_PER_CLASSES
CLASS:0
ACC:0.8582222222222222
PREC:0.21991701244813278
REC:0.28804347826086957
TNR:0.9090029041626331
FPR:0.7800829875518672
FPDR:0.7800829875518672
F1:0.24941176470588236
BACC:0
CLSFE:0.7800829875518672
MCC:0.17459992245763709
GMEAN:0.5116955718630333
SAMPLES:241
AUC:{}
AVGP:{}
CLASS:1
ACC:0.8582222222222222
PREC:0.9347934295669488
REC:0.9090029041626331
TNR:0.28804347826086957
FPR:0.06520657043305127
FPDR:0.06520657043305127
F1:0.9217177914110429
BACC:0
CLSFE:0.06520657043305127
MCC:0.17459992245763709
GMEAN:0.5116955718630333
SAMPLES:2009
AUC:{}
AVGP:{}
