

GENERAL_METRICS
ACC:0.8657777777777778
PREC:0.6013641456140628
REC:0.6379227053140096
TNR:0.6379227053140096
FPR:0.39863585438593724
FPDR:0.39863585438593724
F1:0.6149364971064986
BACC:0.0
CLSFE:0.13422222222222221
MCC:0.23647762841279293
GMEAN:0.5773781598333071
SAMPLES:2250.0
AUC:{'AUC macro OVO': 0.6013641456140628}
AVGP:{'avg_precision': 0.9079183681372407}


METRICS_PER_CLASSES
CLASS:0
ACC:0.8657777777777778
PREC:0.25984251968503935
REC:0.36666666666666664
TNR:0.9091787439613527
FPR:0.7401574803149606
FPDR:0.7401574803149606
F1:0.30414746543778803
BACC:0
CLSFE:0.7401574803149606
MCC:0.23647762841279293
GMEAN:0.5773781598333071
SAMPLES:254
AUC:{}
AVGP:{}
CLASS:1
ACC:0.8657777777777778
PREC:0.9428857715430862
REC:0.9091787439613527
TNR:0.36666666666666664
FPR:0.05711422845691383
FPDR:0.05711422845691383
F1:0.9257255287752091
BACC:0
CLSFE:0.05711422845691383
MCC:0.23647762841279293
GMEAN:0.5773781598333071
SAMPLES:1996
AUC:{}
AVGP:{}
