

GENERAL_METRICS
ACC:0.8573333333333333
PREC:0.843550530288826
REC:0.834510731521463
TNR:0.834510731521463
FPR:0.15644946971117396
FPDR:0.15644946971117396
F1:0.8386853610734208
BACC:0.0
CLSFE:0.14266666666666666
MCC:0.6780010005936621
GMEAN:0.8315078218576875
SAMPLES:750.0
AUC:{'AUC macro OVO': 0.8435505302888261}
AVGP:{'avg_precision': 0.8785336523227074}


METRICS_PER_CLASSES
CLASS:0
ACC:0.8573333333333333
PREC:0.8049792531120332
REC:0.7637795275590551
TNR:0.905241935483871
FPR:0.1950207468879668
FPDR:0.1950207468879668
F1:0.7838383838383839
BACC:0
CLSFE:0.1950207468879668
MCC:0.6780010005936621
GMEAN:0.8315078218576875
SAMPLES:241
AUC:{}
AVGP:{}
CLASS:1
ACC:0.8573333333333333
PREC:0.8821218074656189
REC:0.905241935483871
TNR:0.7637795275590551
FPR:0.11787819253438114
FPDR:0.11787819253438114
F1:0.8935323383084577
BACC:0
CLSFE:0.11787819253438114
MCC:0.6780010005936621
GMEAN:0.8315078218576875
SAMPLES:509
AUC:{}
AVGP:{}
