

GENERAL_METRICS
ACC:0.8386666666666667
PREC:0.830946303649083
REC:0.8196813003675547
TNR:0.8196813003675547
FPR:0.169053696350917
FPDR:0.169053696350917
F1:0.8245125509783788
BACC:0.0
CLSFE:0.16133333333333333
MCC:0.6505300752536334
GMEAN:0.8163194798424075
SAMPLES:750.0
AUC:{'AUC macro OVO': 0.830946303649083}
AVGP:{'avg_precision': 0.8595200317608273}


METRICS_PER_CLASSES
CLASS:0
ACC:0.8386666666666667
PREC:0.8062015503875969
REC:0.7455197132616488
TNR:0.8938428874734607
FPR:0.1937984496124031
FPDR:0.1937984496124031
F1:0.7746741154562383
BACC:0
CLSFE:0.1937984496124031
MCC:0.6505300752536334
GMEAN:0.8163194798424075
SAMPLES:258
AUC:{}
AVGP:{}
CLASS:1
ACC:0.8386666666666667
PREC:0.8556910569105691
REC:0.8938428874734607
TNR:0.7455197132616488
FPR:0.1443089430894309
FPDR:0.1443089430894309
F1:0.8743509865005192
BACC:0
CLSFE:0.1443089430894309
MCC:0.6505300752536334
GMEAN:0.8163194798424075
SAMPLES:492
AUC:{}
AVGP:{}
