

GENERAL_METRICS
ACC:0.8453333333333334
PREC:0.833102004042175
REC:0.8215452600897915
TNR:0.8215452600897915
FPR:0.166897995957825
FPDR:0.166897995957825
F1:0.8266877031937273
BACC:0.0
CLSFE:0.15466666666666667
MCC:0.6545452483248868
GMEAN:0.8178101944644472
SAMPLES:750.0
AUC:{'AUC macro OVO': 0.833102004042175}
AVGP:{'avg_precision': 0.8702209476329344}


METRICS_PER_CLASSES
CLASS:0
ACC:0.8453333333333334
PREC:0.7983539094650206
REC:0.7432950191570882
TNR:0.8997955010224948
FPR:0.20164609053497942
FPDR:0.20164609053497942
F1:0.7698412698412699
BACC:0
CLSFE:0.20164609053497942
MCC:0.6545452483248868
GMEAN:0.8178101944644472
SAMPLES:243
AUC:{}
AVGP:{}
CLASS:1
ACC:0.8453333333333334
PREC:0.8678500986193294
REC:0.8997955010224948
TNR:0.7432950191570882
FPR:0.13214990138067062
FPDR:0.13214990138067062
F1:0.8835341365461847
BACC:0
CLSFE:0.13214990138067062
MCC:0.6545452483248868
GMEAN:0.8178101944644472
SAMPLES:507
AUC:{}
AVGP:{}
