

GENERAL_METRICS
ACC:0.8453333333333334
PREC:0.8267379679144385
REC:0.8279956418352009
TNR:0.8279956418352009
FPR:0.1732620320855615
FPDR:0.1732620320855615
F1:0.8273590297180594
BACC:0.0
CLSFE:0.15466666666666667
MCC:0.6547324018193251
GMEAN:0.8262788491939542
SAMPLES:750.0
AUC:{'AUC macro OVO': 0.8267379679144384}
AVGP:{'avg_precision': 0.8558061093835742}


METRICS_PER_CLASSES
CLASS:0
ACC:0.8453333333333334
PREC:0.7686274509803922
REC:0.7747035573122529
TNR:0.8812877263581489
FPR:0.23137254901960785
FPDR:0.23137254901960785
F1:0.7716535433070866
BACC:0
CLSFE:0.23137254901960785
MCC:0.6547324018193251
GMEAN:0.8262788491939542
SAMPLES:255
AUC:{}
AVGP:{}
CLASS:1
ACC:0.8453333333333334
PREC:0.8848484848484849
REC:0.8812877263581489
TNR:0.7747035573122529
FPR:0.11515151515151516
FPDR:0.11515151515151516
F1:0.8830645161290323
BACC:0
CLSFE:0.11515151515151516
MCC:0.6547324018193251
GMEAN:0.8262788491939542
SAMPLES:495
AUC:{}
AVGP:{}
