

GENERAL_METRICS
ACC:0.9466666666666667
PREC:0.9466666666666667
REC:0.9006896551724138
TNR:0.9733333333333333
FPR:0.05333333333333334
FPDR:0.05333333333333334
F1:0.9219753086419753
BACC:0.0
CLSFE:0.05333333333333334
MCC:0.8835211855205737
GMEAN:0.9360170369335253
SAMPLES:750.0
AUC:0.9863333333333334
AVGP:0.9718343710375821


METRICS_PER_CLASSES

======>> CLASS:0
ACC:0.9466666666666667
PREC:1.0
REC:0.8620689655172413
TNR:1.0
FPR:0.0
FPDR:0.0
F1:0.9259259259259259
BACC:0
CLSFE:0.0
MCC:0.8905635565617213
GMEAN:0.9284766908852593
SAMPLES:250
AUC:1.0
AVGP:1.0

======>> CLASS:1
ACC:0.9466666666666667
PREC:0.92
REC:0.92
TNR:0.96
FPR:0.08
FPDR:0.08
F1:0.92
BACC:0
CLSFE:0.08
MCC:0.88
GMEAN:0.9397872099576584
SAMPLES:250
AUC:0.9783999999999999
AVGP:0.9551555719192826

======>> CLASS:2
ACC:0.9466666666666667
PREC:0.92
REC:0.92
TNR:0.96
FPR:0.08
FPDR:0.08
F1:0.92
BACC:0
CLSFE:0.08
MCC:0.88
GMEAN:0.9397872099576584
SAMPLES:250
AUC:0.9784
AVGP:0.9531247279169901
