

GENERAL_METRICS
ACC:0.9533333333333335
PREC:0.9533333333333333
REC:0.9125123733704008
TNR:0.9766976697669767
FPR:0.04666666666666667
FPDR:0.04666666666666667
F1:0.9315218126173989
BACC:0.0
CLSFE:0.04666666666666667
MCC:0.8978022732187947
GMEAN:0.9438122038775575
SAMPLES:750.0
AUC:0.9864
AVGP:0.9720457472389508


METRICS_PER_CLASSES

======>> CLASS:0
ACC:0.9533333333333334
PREC:1.0
REC:0.8771929824561403
TNR:1.0
FPR:0.0
FPDR:0.0
F1:0.9345794392523364
BACC:0
CLSFE:0.0
MCC:0.9032106474595007
GMEAN:0.936585811581694
SAMPLES:250
AUC:1.0
AVGP:1.0

======>> CLASS:1
ACC:0.9533333333333334
PREC:0.94
REC:0.9215686274509803
TNR:0.9696969696969697
FPR:0.06
FPDR:0.06
F1:0.9306930693069307
BACC:0
CLSFE:0.06
MCC:0.8956221510397981
GMEAN:0.9453265601933605
SAMPLES:250
AUC:0.9783999999999999
AVGP:0.9552473632120708

======>> CLASS:2
ACC:0.9533333333333334
PREC:0.92
REC:0.9387755102040817
TNR:0.9603960396039604
FPR:0.08
FPDR:0.08
F1:0.9292929292929293
BACC:0
CLSFE:0.08
MCC:0.8945740211570854
GMEAN:0.949524239857618
SAMPLES:250
AUC:0.9784
AVGP:0.9530287792936384
