

GENERAL_METRICS
ACC:0.8491428571428571
PREC:0.6298984485459895
REC:0.723918878861735
TNR:0.723918878861735
FPR:0.37010155145401047
FPDR:0.37010155145401047
F1:0.6555210579529898
BACC:0.0
CLSFE:0.15085714285714286
MCC:0.34109655503564823
GMEAN:0.7078778156647393
SAMPLES:1750.0
AUC:{'AUC macro OVO': 0.6298984485459895}
AVGP:{'avg_precision': 0.8737423120625998}


METRICS_PER_CLASSES
CLASS:0
ACC:0.8491428571428571
PREC:0.3041958041958042
REC:0.5723684210526315
TNR:0.8754693366708386
FPR:0.6958041958041958
FPDR:0.6958041958041958
F1:0.3972602739726027
BACC:0
CLSFE:0.6958041958041958
MCC:0.34109655503564823
GMEAN:0.7078778156647393
SAMPLES:286
AUC:{}
AVGP:{}
CLASS:1
ACC:0.8491428571428571
PREC:0.9556010928961749
REC:0.8754693366708386
TNR:0.5723684210526315
FPR:0.04439890710382514
FPDR:0.04439890710382514
F1:0.9137818419333769
BACC:0
CLSFE:0.04439890710382514
MCC:0.34109655503564823
GMEAN:0.7078778156647393
SAMPLES:1464
AUC:{}
AVGP:{}
