

GENERAL_METRICS
ACC:0.8777142857142857
PREC:0.6913957860012108
REC:0.792278125222221
TNR:0.792278125222221
FPR:0.3086042139987893
FPDR:0.3086042139987893
F1:0.7250536677620469
BACC:0.0
CLSFE:0.12228571428571429
MCC:0.4730361572136628
GMEAN:0.7851703289239402
SAMPLES:1750.0
AUC:{'AUC macro OVO': 0.6913957860012108}
AVGP:{'avg_precision': 0.8961345394168004}


METRICS_PER_CLASSES
CLASS:0
ACC:0.8777142857142857
PREC:0.4187725631768953
REC:0.6863905325443787
TNR:0.8981657179000633
FPR:0.5812274368231047
FPDR:0.5812274368231047
F1:0.5201793721973094
BACC:0
CLSFE:0.5812274368231047
MCC:0.4730361572136628
GMEAN:0.7851703289239402
SAMPLES:277
AUC:{}
AVGP:{}
CLASS:1
ACC:0.8777142857142857
PREC:0.9640190088255262
REC:0.8981657179000633
TNR:0.6863905325443787
FPR:0.03598099117447386
FPDR:0.03598099117447386
F1:0.9299279633267845
BACC:0
CLSFE:0.03598099117447386
MCC:0.4730361572136628
GMEAN:0.7851703289239402
SAMPLES:1473
AUC:{}
AVGP:{}
