

GENERAL_METRICS
ACC:0.8702857142857143
PREC:0.6876929088744023
REC:0.7376410729567822
TNR:0.7376410729567822
FPR:0.31230709112559774
FPDR:0.31230709112559774
F1:0.7077916107320841
BACC:0.0
CLSFE:0.12971428571428573
MCC:0.4223910238217309
GMEAN:0.7178002622714079
SAMPLES:1750.0
AUC:{'AUC macro OVO': 0.6876929088744023}
AVGP:{'avg_precision': 0.9046826602652093}


METRICS_PER_CLASSES
CLASS:0
ACC:0.8702857142857143
PREC:0.4308300395256917
REC:0.5677083333333334
TNR:0.9075738125802311
FPR:0.5691699604743083
FPDR:0.5691699604743083
F1:0.4898876404494382
BACC:0
CLSFE:0.5691699604743083
MCC:0.4223910238217309
GMEAN:0.7178002622714079
SAMPLES:253
AUC:{}
AVGP:{}
CLASS:1
ACC:0.8702857142857143
PREC:0.9445557782231129
REC:0.9075738125802311
TNR:0.5677083333333334
FPR:0.055444221776887105
FPDR:0.055444221776887105
F1:0.9256955810147299
BACC:0
CLSFE:0.055444221776887105
MCC:0.4223910238217309
GMEAN:0.7178002622714079
SAMPLES:1497
AUC:{}
AVGP:{}
