

GENERAL_METRICS
ACC:0.8657142857142858
PREC:0.6741813004271476
REC:0.7166835357624831
TNR:0.7166835357624831
FPR:0.32581869957285237
FPDR:0.32581869957285237
F1:0.6915490052689806
BACC:0.0
CLSFE:0.13428571428571429
MCC:0.3885471402044372
GMEAN:0.6909380664038839
SAMPLES:1750.0
AUC:{'AUC macro OVO': 0.6741813004271476}
AVGP:{'avg_precision': 0.9042375841213051}


METRICS_PER_CLASSES
CLASS:0
ACC:0.8657142857142858
PREC:0.40816326530612246
REC:0.5263157894736842
TNR:0.907051282051282
FPR:0.5918367346938775
FPDR:0.5918367346938775
F1:0.45977011494252873
BACC:0
CLSFE:0.5918367346938775
MCC:0.3885471402044372
GMEAN:0.6909380664038839
SAMPLES:245
AUC:{}
AVGP:{}
CLASS:1
ACC:0.8657142857142858
PREC:0.9401993355481728
REC:0.907051282051282
TNR:0.5263157894736842
FPR:0.059800664451827246
FPDR:0.059800664451827246
F1:0.9233278955954323
BACC:0
CLSFE:0.059800664451827246
MCC:0.3885471402044372
GMEAN:0.6909380664038839
SAMPLES:1505
AUC:{}
AVGP:{}
