

GENERAL_METRICS
ACC:0.8916
PREC:0.4997072661108813
REC:0.4967921012697132
TNR:0.4967921012697132
FPR:0.5002927338891188
FPDR:0.5002927338891188
F1:0.4785954785954786
BACC:0.0
CLSFE:0.1084
MCC:-0.001938102857142349
GMEAN:0.2925008925181875
SAMPLES:2500.0
AUC:{'AUC macro OVO': 0.4997072661108813}
AVGP:{'avg_precision': 0.8983465632057277}


METRICS_PER_CLASSES
CLASS:0
ACC:0.8916
PREC:0.007874015748031496
REC:0.09523809523809523
TNR:0.8983461073013311
FPR:0.9921259842519685
FPDR:0.9921259842519685
F1:0.014545454545454545
BACC:0
CLSFE:0.9921259842519685
MCC:-0.001938102857142349
GMEAN:0.2925008925181875
SAMPLES:254
AUC:{}
AVGP:{}
CLASS:1
ACC:0.8916
PREC:0.9915405164737311
REC:0.8983461073013311
TNR:0.09523809523809523
FPR:0.008459483526268923
FPDR:0.008459483526268923
F1:0.9426455026455026
BACC:0
CLSFE:0.008459483526268923
MCC:-0.001938102857142349
GMEAN:0.2925008925181875
SAMPLES:2246
AUC:{}
AVGP:{}
