

GENERAL_METRICS
ACC:0.8876
PREC:0.4977568416330193
REC:0.4455823293172691
TNR:0.4455823293172691
FPR:0.5022431583669807
FPDR:0.5022431583669807
F1:0.4702267429540157
BACC:0.0
CLSFE:0.1124
MCC:-0.02209682812564452
GMEAN:0.0
SAMPLES:2500.0
AUC:{'AUC macro OVO': 0.4977568416330193}
AVGP:{'avg_precision': 0.8911666117137911}


METRICS_PER_CLASSES
CLASS:0
ACC:0.8876
PREC:0.0
REC:0.0
TNR:0.8911646586345382
FPR:1.0
FPDR:1.0
F1:0.0
BACC:0
CLSFE:1.0
MCC:-0.02209682812564452
GMEAN:0
SAMPLES:271
AUC:{}
AVGP:{}
CLASS:1
ACC:0.8876
PREC:0.9955136832660386
REC:0.8911646586345382
TNR:0.0
FPR:0.004486316733961417
FPDR:0.004486316733961417
F1:0.9404534859080314
BACC:0
CLSFE:0.004486316733961417
MCC:-0.02209682812564452
GMEAN:0
SAMPLES:2229
AUC:{}
AVGP:{}
