

GENERAL_METRICS
ACC:0.904
PREC:0.5011056822960981
REC:0.5135154343654498
TNR:0.5135154343654498
FPR:0.49889431770390197
FPDR:0.49889431770390197
F1:0.48296543451584883
BACC:0.0
CLSFE:0.096
MCC:0.007731436218957718
GMEAN:0.3270876496863458
SAMPLES:2500.0
AUC:{'AUC macro OVO': 0.5011056822960981}
AVGP:{'avg_precision': 0.9093825969075415}


METRICS_PER_CLASSES
CLASS:0
ACC:0.904
PREC:0.00881057268722467
REC:0.11764705882352941
TNR:0.9093838099073701
FPR:0.9911894273127754
FPDR:0.9911894273127754
F1:0.01639344262295082
BACC:0
CLSFE:0.9911894273127754
MCC:0.007731436218957718
GMEAN:0.3270876496863458
SAMPLES:227
AUC:{}
AVGP:{}
CLASS:1
ACC:0.904
PREC:0.9934007919049714
REC:0.9093838099073701
TNR:0.11764705882352941
FPR:0.006599208095028597
FPDR:0.006599208095028597
F1:0.9495374264087468
BACC:0
CLSFE:0.006599208095028597
MCC:0.007731436218957718
GMEAN:0.3270876496863458
SAMPLES:2273
AUC:{}
AVGP:{}
