

GENERAL_METRICS
ACC:0.9024
PREC:0.5058243995927412
REC:0.5783011272141707
TNR:0.5783011272141707
FPR:0.49417560040725883
FPDR:0.49417560040725883
F1:0.49017798638691645
BACC:0.0
CLSFE:0.0976
MCC:0.04271098469749409
GMEAN:0.4760783166739327
SAMPLES:2500.0
AUC:{'AUC macro OVO': 0.5058243995927412}
AVGP:{'avg_precision': 0.9065969421257177}


METRICS_PER_CLASSES
CLASS:0
ACC:0.9024
PREC:0.01694915254237288
REC:0.25
TNR:0.9066022544283414
FPR:0.9830508474576272
FPDR:0.9830508474576272
F1:0.031746031746031744
BACC:0
CLSFE:0.9830508474576272
MCC:0.04271098469749409
GMEAN:0.4760783166739327
SAMPLES:236
AUC:{}
AVGP:{}
CLASS:1
ACC:0.9024
PREC:0.9946996466431095
REC:0.9066022544283414
TNR:0.25
FPR:0.00530035335689046
FPDR:0.00530035335689046
F1:0.9486099410278012
BACC:0
CLSFE:0.00530035335689046
MCC:0.04271098469749409
GMEAN:0.4760783166739327
SAMPLES:2264
AUC:{}
AVGP:{}
