

GENERAL_METRICS
ACC:0.8466666666666667
PREC:0.8517020386579428
REC:0.8286597238612226
TNR:0.8286597238612226
FPR:0.1482979613420573
FPDR:0.1482979613420573
F1:0.8362690995654725
BACC:0.0
CLSFE:0.15333333333333332
MCC:0.679971455008954
GMEAN:0.8231838062956343
SAMPLES:750.0
AUC:{'AUC macro OVO': 0.8517020386579428}
AVGP:{'avg_precision': 0.879991740874485}


METRICS_PER_CLASSES
CLASS:0
ACC:0.8466666666666667
PREC:0.867704280155642
REC:0.7335526315789473
TNR:0.9237668161434978
FPR:0.13229571984435798
FPDR:0.13229571984435798
F1:0.7950089126559715
BACC:0
CLSFE:0.13229571984435798
MCC:0.679971455008954
GMEAN:0.8231838062956343
SAMPLES:257
AUC:{}
AVGP:{}
CLASS:1
ACC:0.8466666666666667
PREC:0.8356997971602435
REC:0.9237668161434978
TNR:0.7335526315789473
FPR:0.1643002028397566
FPDR:0.1643002028397566
F1:0.8775292864749734
BACC:0
CLSFE:0.1643002028397566
MCC:0.679971455008954
GMEAN:0.8231838062956343
SAMPLES:493
AUC:{}
AVGP:{}
