

GENERAL_METRICS
ACC:0.8173333333333334
PREC:0.8183922558922558
REC:0.8003727913765339
TNR:0.8003727913765339
FPR:0.1816077441077441
FPDR:0.1816077441077441
F1:0.8062998271308432
BACC:0.0
CLSFE:0.18266666666666667
MCC:0.6185026132686219
GMEAN:0.7948888571574791
SAMPLES:750.0
AUC:{'AUC macro OVO': 0.818392255892256}
AVGP:{'avg_precision': 0.84836719337848}


METRICS_PER_CLASSES
CLASS:0
ACC:0.8173333333333334
PREC:0.821969696969697
REC:0.7068403908794788
TNR:0.8939051918735892
FPR:0.17803030303030304
FPDR:0.17803030303030304
F1:0.7600700525394045
BACC:0
CLSFE:0.17803030303030304
MCC:0.6185026132686219
GMEAN:0.7948888571574791
SAMPLES:264
AUC:{}
AVGP:{}
CLASS:1
ACC:0.8173333333333334
PREC:0.8148148148148148
REC:0.8939051918735892
TNR:0.7068403908794788
FPR:0.18518518518518517
FPDR:0.18518518518518517
F1:0.852529601722282
BACC:0
CLSFE:0.18518518518518517
MCC:0.6185026132686219
GMEAN:0.7948888571574791
SAMPLES:486
AUC:{}
AVGP:{}
