

GENERAL_METRICS
ACC:0.824
PREC:0.8301799498380695
REC:0.8009900184241097
TNR:0.8009900184241097
FPR:0.16982005016193052
FPDR:0.16982005016193052
F1:0.8096388136844697
BACC:0.0
CLSFE:0.176
MCC:0.6304946286370159
GMEAN:0.7924571713306675
SAMPLES:750.0
AUC:{'AUC macro OVO': 0.8301799498380696}
AVGP:{'avg_precision': 0.8723254393941391}


METRICS_PER_CLASSES
CLASS:0
ACC:0.824
PREC:0.8477366255144033
REC:0.6843853820598007
TNR:0.9175946547884187
FPR:0.1522633744855967
FPDR:0.1522633744855967
F1:0.7573529411764706
BACC:0
CLSFE:0.1522633744855967
MCC:0.6304946286370159
GMEAN:0.7924571713306675
SAMPLES:243
AUC:{}
AVGP:{}
CLASS:1
ACC:0.824
PREC:0.8126232741617357
REC:0.9175946547884187
TNR:0.6843853820598007
FPR:0.1873767258382643
FPDR:0.1873767258382643
F1:0.8619246861924686
BACC:0
CLSFE:0.1873767258382643
MCC:0.6304946286370159
GMEAN:0.7924571713306675
SAMPLES:507
AUC:{}
AVGP:{}
