

GENERAL_METRICS
ACC:0.844
PREC:0.8434838278683962
REC:0.8237631184407797
TNR:0.8237631184407797
FPR:0.15651617213160385
FPDR:0.15651617213160385
F1:0.8311366667243978
BACC:0.0
CLSFE:0.156
MCC:0.6669554565175936
GMEAN:0.8189106744045245
SAMPLES:750.0
AUC:{'AUC macro OVO': 0.8434838278683963}
AVGP:{'avg_precision': 0.8742527046335986}


METRICS_PER_CLASSES
CLASS:0
ACC:0.844
PREC:0.841897233201581
REC:0.7344827586206897
TNR:0.9130434782608695
FPR:0.15810276679841898
FPDR:0.15810276679841898
F1:0.7845303867403315
BACC:0
CLSFE:0.15810276679841898
MCC:0.6669554565175936
GMEAN:0.8189106744045245
SAMPLES:253
AUC:{}
AVGP:{}
CLASS:1
ACC:0.844
PREC:0.8450704225352113
REC:0.9130434782608695
TNR:0.7344827586206897
FPR:0.15492957746478872
FPDR:0.15492957746478872
F1:0.877742946708464
BACC:0
CLSFE:0.15492957746478872
MCC:0.6669554565175936
GMEAN:0.8189106744045245
SAMPLES:497
AUC:{}
AVGP:{}
