

GENERAL_METRICS
ACC:0.796
PREC:0.7486970932641357
REC:0.7262896825396825
TNR:0.7262896825396825
FPR:0.2513029067358643
FPDR:0.2513029067358643
F1:0.7355855225296688
BACC:0.0
CLSFE:0.204
MCC:0.47445794875113256
GMEAN:0.7087988666281382
SAMPLES:1000.0
AUC:{'AUC macro OVO': 0.7486970932641356}
AVGP:{'avg_precision': 0.864493476986221}


METRICS_PER_CLASSES
CLASS:0
ACC:0.796
PREC:0.6570247933884298
REC:0.5678571428571428
TNR:0.8847222222222222
FPR:0.34297520661157027
FPDR:0.34297520661157027
F1:0.6091954022988506
BACC:0
CLSFE:0.34297520661157027
MCC:0.47445794875113256
GMEAN:0.7087988666281382
SAMPLES:242
AUC:{}
AVGP:{}
CLASS:1
ACC:0.796
PREC:0.8403693931398417
REC:0.8847222222222222
TNR:0.5678571428571428
FPR:0.15963060686015831
FPDR:0.15963060686015831
F1:0.8619756427604871
BACC:0
CLSFE:0.15963060686015831
MCC:0.47445794875113256
GMEAN:0.7087988666281382
SAMPLES:758
AUC:{}
AVGP:{}
