

GENERAL_METRICS
ACC:0.785
PREC:0.7144566488012528
REC:0.7057928684434709
TNR:0.7057928684434709
FPR:0.2855433511987472
FPDR:0.2855433511987472
F1:0.7098198318574636
BACC:0.0
CLSFE:0.215
MCC:0.4201602023684959
GMEAN:0.6873392141634009
SAMPLES:1000.0
AUC:{'AUC macro OVO': 0.7144566488012527}
AVGP:{'avg_precision': 0.8504158541427301}


METRICS_PER_CLASSES
CLASS:0
ACC:0.785
PREC:0.5798319327731093
REC:0.5454545454545454
TNR:0.8661311914323963
FPR:0.42016806722689076
FPDR:0.42016806722689076
F1:0.5621181262729125
BACC:0
CLSFE:0.42016806722689076
MCC:0.4201602023684959
GMEAN:0.6873392141634009
SAMPLES:238
AUC:{}
AVGP:{}
CLASS:1
ACC:0.785
PREC:0.8490813648293963
REC:0.8661311914323963
TNR:0.5454545454545454
FPR:0.15091863517060367
FPDR:0.15091863517060367
F1:0.8575215374420145
BACC:0
CLSFE:0.15091863517060367
MCC:0.4201602023684959
GMEAN:0.6873392141634009
SAMPLES:762
AUC:{}
AVGP:{}
