

GENERAL_METRICS
ACC:0.787
PREC:0.7465152098575278
REC:0.7295215969712614
TNR:0.7295215969712614
FPR:0.25348479014247205
FPDR:0.25348479014247205
F1:0.7367220786348112
BACC:0.0
CLSFE:0.213
MCC:0.475733390226944
GMEAN:0.7155138543162285
SAMPLES:1000.0
AUC:{'AUC macro OVO': 0.746515209857528}
AVGP:{'avg_precision': 0.8489026687598116}


METRICS_PER_CLASSES
CLASS:0
ACC:0.787
PREC:0.660377358490566
REC:0.587248322147651
TNR:0.8717948717948718
FPR:0.33962264150943394
FPDR:0.33962264150943394
F1:0.6216696269982238
BACC:0
CLSFE:0.33962264150943394
MCC:0.475733390226944
GMEAN:0.7155138543162285
SAMPLES:265
AUC:{}
AVGP:{}
CLASS:1
ACC:0.787
PREC:0.8326530612244898
REC:0.8717948717948718
TNR:0.587248322147651
FPR:0.1673469387755102
FPDR:0.1673469387755102
F1:0.8517745302713987
BACC:0
CLSFE:0.1673469387755102
MCC:0.475733390226944
GMEAN:0.7155138543162285
SAMPLES:735
AUC:{}
AVGP:{}
