

GENERAL_METRICS
ACC:0.802
PREC:0.7349901289048891
REC:0.7272391830972358
TNR:0.7272391830972358
FPR:0.26500987109511087
FPDR:0.26500987109511087
F1:0.7309066001272078
BACC:0.0
CLSFE:0.198
MCC:0.46216432111646666
GMEAN:0.7118271537249732
SAMPLES:1000.0
AUC:{'AUC macro OVO': 0.7349901289048892}
AVGP:{'avg_precision': 0.8605919324692459}


METRICS_PER_CLASSES
CLASS:0
ACC:0.802
PREC:0.6075949367088608
REC:0.5783132530120482
TNR:0.8761651131824234
FPR:0.3924050632911392
FPDR:0.3924050632911392
F1:0.5925925925925926
BACC:0
CLSFE:0.3924050632911392
MCC:0.46216432111646666
GMEAN:0.7118271537249732
SAMPLES:237
AUC:{}
AVGP:{}
CLASS:1
ACC:0.802
PREC:0.8623853211009175
REC:0.8761651131824234
TNR:0.5783132530120482
FPR:0.13761467889908258
FPDR:0.13761467889908258
F1:0.869220607661823
BACC:0
CLSFE:0.13761467889908258
MCC:0.46216432111646666
GMEAN:0.7118271537249732
SAMPLES:763
AUC:{}
AVGP:{}
