

GENERAL_METRICS
ACC:0.93525
PREC:0.4998663816141101
REC:0.46774193548387094
TNR:0.46774193548387094
FPR:0.5001336183858899
FPDR:0.5001336183858899
F1:0.483270895233174
BACC:0.0
CLSFE:0.06475
MCC:-0.00415223819768441
GMEAN:0.0
SAMPLES:4000.0
AUC:{'AUC macro OVO': 0.4998663816141101}
AVGP:{'avg_precision': 0.9354838752780124}


METRICS_PER_CLASSES
CLASS:0
ACC:0.93525
PREC:0.0
REC:0.0
TNR:0.9354838709677419
FPR:1.0
FPDR:1.0
F1:0.0
BACC:0
CLSFE:1.0
MCC:-0.00415223819768441
GMEAN:0
SAMPLES:258
AUC:{}
AVGP:{}
CLASS:1
ACC:0.93525
PREC:0.9997327632282202
REC:0.9354838709677419
TNR:0.0
FPR:0.0002672367717797969
FPDR:0.0002672367717797969
F1:0.966541790466348
BACC:0
CLSFE:0.0002672367717797969
MCC:-0.00415223819768441
GMEAN:0
SAMPLES:3742
AUC:{}
AVGP:{}
