

GENERAL_METRICS
ACC:0.93525
PREC:0.5016707477243442
REC:0.6345175548327913
TNR:0.6345175548327913
FPR:0.4983292522756558
FPDR:0.4983292522756558
F1:0.48709798953303635
BACC:0.0
CLSFE:0.06475
MCC:0.02998298841818385
GMEAN:0.5584806103265804
SAMPLES:4000.0
AUC:{'AUC macro OVO': 0.5016707477243443}
AVGP:{'avg_precision': 0.9357016684881378}


METRICS_PER_CLASSES
CLASS:0
ACC:0.93525
PREC:0.003875968992248062
REC:0.3333333333333333
TNR:0.9357017763322492
FPR:0.9961240310077519
FPDR:0.9961240310077519
F1:0.007662835249042145
BACC:0
CLSFE:0.9961240310077519
MCC:0.02998298841818385
GMEAN:0.5584806103265804
SAMPLES:258
AUC:{}
AVGP:{}
CLASS:1
ACC:0.93525
PREC:0.9994655264564404
REC:0.9357017763322492
TNR:0.3333333333333333
FPR:0.0005344735435595938
FPDR:0.0005344735435595938
F1:0.9665331438170306
BACC:0
CLSFE:0.0005344735435595938
MCC:0.02998298841818385
GMEAN:0.5584806103265804
SAMPLES:3742
AUC:{}
AVGP:{}
