

GENERAL_METRICS
ACC:0.9425
PREC:0.5021645021645021
REC:0.9712428107026756
TNR:0.9712428107026756
FPR:0.49783549783549785
FPDR:0.49783549783549785
F1:0.4895060193898931
BACC:0.0
CLSFE:0.0575
MCC:0.06387506818069238
GMEAN:0.9708169865661351
SAMPLES:4000.0
AUC:{'AUC macro OVO': 0.5021645021645021}
AVGP:{'avg_precision': 0.9424856214053513}


METRICS_PER_CLASSES
CLASS:0
ACC:0.9425
PREC:0.004329004329004329
REC:1.0
TNR:0.9424856214053513
FPR:0.9956709956709957
FPDR:0.9956709956709957
F1:0.008620689655172414
BACC:0
CLSFE:0.9956709956709957
MCC:0.06387506818069238
GMEAN:0.9708169865661351
SAMPLES:231
AUC:{}
AVGP:{}
CLASS:1
ACC:0.9425
PREC:1.0
REC:0.9424856214053513
TNR:1.0
FPR:0.0
FPDR:0.0
F1:0.9703913491246138
BACC:0
CLSFE:0.0
MCC:0.06387506818069238
GMEAN:0.9708169865661351
SAMPLES:3769
AUC:{}
AVGP:{}
