

GENERAL_METRICS
ACC:0.82
PREC:0.7383093634077524
REC:0.7196195280183317
TNR:0.7196195280183317
FPR:0.26169063659224756
FPDR:0.26169063659224756
F1:0.7279904368691192
BACC:0.0
CLSFE:0.18
MCC:0.4575473305089199
GMEAN:0.696804854765305
SAMPLES:1250.0
AUC:{'AUC macro OVO': 0.7383093634077524}
AVGP:{'avg_precision': 0.887103858035749}


METRICS_PER_CLASSES
CLASS:0
ACC:0.82
PREC:0.6032388663967612
REC:0.5398550724637681
TNR:0.8993839835728953
FPR:0.3967611336032389
FPDR:0.3967611336032389
F1:0.5697896749521989
BACC:0
CLSFE:0.3967611336032389
MCC:0.4575473305089199
GMEAN:0.696804854765305
SAMPLES:247
AUC:{}
AVGP:{}
CLASS:1
ACC:0.82
PREC:0.8733798604187437
REC:0.8993839835728953
TNR:0.5398550724637681
FPR:0.12662013958125623
FPDR:0.12662013958125623
F1:0.8861911987860395
BACC:0
CLSFE:0.12662013958125623
MCC:0.4575473305089199
GMEAN:0.696804854765305
SAMPLES:1003
AUC:{}
AVGP:{}
