

GENERAL_METRICS
ACC:0.8112
PREC:0.7160211029063072
REC:0.6949194632923773
TNR:0.6949194632923773
FPR:0.28397889709369284
FPDR:0.28397889709369284
F1:0.7041111498942825
BACC:0.0
CLSFE:0.1888
MCC:0.4103984280590012
GMEAN:0.6647795207701616
SAMPLES:1250.0
AUC:{'AUC macro OVO': 0.7160211029063073}
AVGP:{'avg_precision': 0.8863564537511779}


METRICS_PER_CLASSES
CLASS:0
ACC:0.8112
PREC:0.5646551724137931
REC:0.4924812030075188
TNR:0.8973577235772358
FPR:0.4353448275862069
FPDR:0.4353448275862069
F1:0.5261044176706827
BACC:0
CLSFE:0.4353448275862069
MCC:0.4103984280590012
GMEAN:0.6647795207701616
SAMPLES:232
AUC:{}
AVGP:{}
CLASS:1
ACC:0.8112
PREC:0.8673870333988212
REC:0.8973577235772358
TNR:0.4924812030075188
FPR:0.13261296660117877
FPDR:0.13261296660117877
F1:0.8821178821178821
BACC:0
CLSFE:0.13261296660117877
MCC:0.4103984280590012
GMEAN:0.6647795207701616
SAMPLES:1018
AUC:{}
AVGP:{}
