

GENERAL_METRICS
ACC:0.8112
PREC:0.7189968524723322
REC:0.70433780869987
TNR:0.70433780869987
FPR:0.2810031475276678
FPDR:0.2810031475276678
F1:0.7110121041845447
BACC:0.0
CLSFE:0.1888
MCC:0.4230807816309556
GMEAN:0.6788921437026982
SAMPLES:1250.0
AUC:{'AUC macro OVO': 0.7189968524723321}
AVGP:{'avg_precision': 0.8805707649317125}


METRICS_PER_CLASSES
CLASS:0
ACC:0.8112
PREC:0.5673469387755102
REC:0.516728624535316
TNR:0.891946992864424
FPR:0.4326530612244898
FPDR:0.4326530612244898
F1:0.5408560311284046
BACC:0
CLSFE:0.4326530612244898
MCC:0.4230807816309556
GMEAN:0.6788921437026982
SAMPLES:245
AUC:{}
AVGP:{}
CLASS:1
ACC:0.8112
PREC:0.8706467661691543
REC:0.891946992864424
TNR:0.516728624535316
FPR:0.12935323383084577
FPDR:0.12935323383084577
F1:0.8811681772406847
BACC:0
CLSFE:0.12935323383084577
MCC:0.4230807816309556
GMEAN:0.6788921437026982
SAMPLES:1005
AUC:{}
AVGP:{}
