

GENERAL_METRICS
ACC:0.8136
PREC:0.7201506991390406
REC:0.7019301302035577
TNR:0.7019301302035577
FPR:0.27984930086095944
FPDR:0.27984930086095944
F1:0.7100521557684438
BACC:0.0
CLSFE:0.1864
MCC:0.4216873692277288
GMEAN:0.6744702671035064
SAMPLES:1250.0
AUC:{'AUC macro OVO': 0.7201506991390405}
AVGP:{'avg_precision': 0.8852276117785858}


METRICS_PER_CLASSES
CLASS:0
ACC:0.8136
PREC:0.569620253164557
REC:0.5075187969924813
TNR:0.8963414634146342
FPR:0.43037974683544306
FPDR:0.43037974683544306
F1:0.536779324055666
BACC:0
CLSFE:0.43037974683544306
MCC:0.4216873692277288
GMEAN:0.6744702671035064
SAMPLES:237
AUC:{}
AVGP:{}
CLASS:1
ACC:0.8136
PREC:0.8706811451135242
REC:0.8963414634146342
TNR:0.5075187969924813
FPR:0.12931885488647582
FPDR:0.12931885488647582
F1:0.8833249874812218
BACC:0
CLSFE:0.12931885488647582
MCC:0.4216873692277288
GMEAN:0.6744702671035064
SAMPLES:1013
AUC:{}
AVGP:{}
