

GENERAL_METRICS
ACC:0.588
PREC:0.588
REC:0.5880056323604711
TNR:0.5880056323604711
FPR:0.412
FPDR:0.412
F1:0.5879934078945264
BACC:0.0
CLSFE:0.412
MCC:0.1760056322703504
GMEAN:0.5880052108682308
SAMPLES:250.0
AUC:{'AUC macro OVO': 0.5880000000000001}
AVGP:{'avg_precision': 0.5518064516129033}


METRICS_PER_CLASSES
CLASS:0
ACC:0.588
PREC:0.592
REC:0.5873015873015873
TNR:0.5887096774193549
FPR:0.408
FPDR:0.408
F1:0.5896414342629482
BACC:0
CLSFE:0.408
MCC:0.1760056322703504
GMEAN:0.5880052108682308
SAMPLES:125
AUC:{}
AVGP:{}
CLASS:1
ACC:0.588
PREC:0.584
REC:0.5887096774193549
TNR:0.5873015873015873
FPR:0.416
FPDR:0.416
F1:0.5863453815261044
BACC:0
CLSFE:0.416
MCC:0.1760056322703504
GMEAN:0.5880052108682308
SAMPLES:125
AUC:{}
AVGP:{}
