

GENERAL_METRICS
ACC:0.616
PREC:0.616
REC:0.6161189057594978
TNR:0.6161189057594978
FPR:0.384
FPDR:0.384
F1:0.6159016708277318
BACC:0.0
CLSFE:0.384
MCC:0.2321188753040281
GMEAN:0.6161077006722117
SAMPLES:250.0
AUC:{'AUC macro OVO': 0.6160000000000001}
AVGP:{'avg_precision': 0.571900826446281}


METRICS_PER_CLASSES
CLASS:0
ACC:0.616
PREC:0.632
REC:0.6124031007751938
TNR:0.6198347107438017
FPR:0.368
FPDR:0.368
F1:0.6220472440944882
BACC:0
CLSFE:0.368
MCC:0.2321188753040281
GMEAN:0.6161077006722117
SAMPLES:125
AUC:{}
AVGP:{}
CLASS:1
ACC:0.616
PREC:0.6
REC:0.6198347107438017
TNR:0.6124031007751938
FPR:0.4
FPDR:0.4
F1:0.6097560975609756
BACC:0
CLSFE:0.4
MCC:0.2321188753040281
GMEAN:0.6161077006722117
SAMPLES:125
AUC:{}
AVGP:{}
