

GENERAL_METRICS
ACC:0.632
PREC:0.632
REC:0.6321353065539113
TNR:0.6321353065539113
FPR:0.368
FPDR:0.368
F1:0.6319057678765764
BACC:0.0
CLSFE:0.368
MCC:0.26413527189768715
GMEAN:0.6321211648244563
SAMPLES:250.0
AUC:{'AUC macro OVO': 0.632}
AVGP:{'avg_precision': 0.5840000000000001}


METRICS_PER_CLASSES
CLASS:0
ACC:0.632
PREC:0.648
REC:0.627906976744186
TNR:0.6363636363636364
FPR:0.352
FPDR:0.352
F1:0.6377952755905512
BACC:0
CLSFE:0.352
MCC:0.26413527189768715
GMEAN:0.6321211648244563
SAMPLES:125
AUC:{}
AVGP:{}
CLASS:1
ACC:0.632
PREC:0.616
REC:0.6363636363636364
TNR:0.627906976744186
FPR:0.384
FPDR:0.384
F1:0.6260162601626016
BACC:0
CLSFE:0.384
MCC:0.26413527189768715
GMEAN:0.6321211648244563
SAMPLES:125
AUC:{}
AVGP:{}
