

GENERAL_METRICS
ACC:0.632
PREC:0.6319999999999999
REC:0.6336768423099359
TNR:0.6336768423099359
FPR:0.368
FPDR:0.368
F1:0.6308423215202876
BACC:0.0
CLSFE:0.368
MCC:0.2656715504897845
GMEAN:0.6334999490882753
SAMPLES:250.0
AUC:{'AUC macro OVO': 0.6319999999999999}
AVGP:{'avg_precision': 0.5856216216216217}


METRICS_PER_CLASSES
CLASS:0
ACC:0.632
PREC:0.688
REC:0.6187050359712231
TNR:0.6486486486486487
FPR:0.312
FPDR:0.312
F1:0.6515151515151515
BACC:0
CLSFE:0.312
MCC:0.2656715504897845
GMEAN:0.6334999490882753
SAMPLES:125
AUC:{}
AVGP:{}
CLASS:1
ACC:0.632
PREC:0.576
REC:0.6486486486486487
TNR:0.6187050359712231
FPR:0.424
FPDR:0.424
F1:0.6101694915254238
BACC:0
CLSFE:0.424
MCC:0.2656715504897845
GMEAN:0.6334999490882753
SAMPLES:125
AUC:{}
AVGP:{}
