

GENERAL_METRICS
ACC:0.612
PREC:0.612
REC:0.6123523369286081
TNR:0.6123523369286081
FPR:0.388
FPDR:0.388
F1:0.6116955693263519
BACC:0.0
CLSFE:0.388
MCC:0.22435206026247326
GMEAN:0.6123200132811374
SAMPLES:250.0
AUC:{'AUC macro OVO': 0.612}
AVGP:{'avg_precision': 0.5692881355932203}


METRICS_PER_CLASSES
CLASS:0
ACC:0.612
PREC:0.64
REC:0.6060606060606061
TNR:0.6186440677966102
FPR:0.36
FPDR:0.36
F1:0.622568093385214
BACC:0
CLSFE:0.36
MCC:0.22435206026247326
GMEAN:0.6123200132811374
SAMPLES:125
AUC:{}
AVGP:{}
CLASS:1
ACC:0.612
PREC:0.584
REC:0.6186440677966102
TNR:0.6060606060606061
FPR:0.416
FPDR:0.416
F1:0.6008230452674898
BACC:0
CLSFE:0.416
MCC:0.22435206026247326
GMEAN:0.6123200132811374
SAMPLES:125
AUC:{}
AVGP:{}
