

GENERAL_METRICS
ACC:0.788
PREC:0.786138835931367
REC:0.790230585482377
TNR:0.790230585482377
FPR:0.21386116406863295
FPDR:0.21386116406863295
F1:0.786634460547504
BACC:0.0
CLSFE:0.212
MCC:0.5763548972000029
GMEAN:0.7900258152542221
SAMPLES:500.0
AUC:{'AUC macro OVO': 0.786138835931367}
AVGP:{'avg_precision': 0.721588359006423}


METRICS_PER_CLASSES
CLASS:0
ACC:0.788
PREC:0.8378378378378378
REC:0.7722419928825622
TNR:0.8082191780821918
FPR:0.16216216216216217
FPDR:0.16216216216216217
F1:0.8037037037037037
BACC:0
CLSFE:0.16216216216216217
MCC:0.5763548972000029
GMEAN:0.7900258152542221
SAMPLES:259
AUC:{}
AVGP:{}
CLASS:1
ACC:0.788
PREC:0.7344398340248963
REC:0.8082191780821918
TNR:0.7722419928825622
FPR:0.26556016597510373
FPDR:0.26556016597510373
F1:0.7695652173913043
BACC:0
CLSFE:0.26556016597510373
MCC:0.5763548972000029
GMEAN:0.7900258152542221
SAMPLES:241
AUC:{}
AVGP:{}
