

GENERAL_METRICS
ACC:0.746
PREC:0.7447331741937551
REC:0.7463235294117647
TNR:0.7463235294117647
FPR:0.25526682580624493
FPDR:0.25526682580624493
F1:0.7450198563277237
BACC:0.0
CLSFE:0.254
MCC:0.49105412830583134
GMEAN:0.7463144740105522
SAMPLES:500.0
AUC:{'AUC macro OVO': 0.7447331741937552}
AVGP:{'avg_precision': 0.6721576763485477}


METRICS_PER_CLASSES
CLASS:0
ACC:0.746
PREC:0.7799227799227799
REC:0.7426470588235294
TNR:0.75
FPR:0.22007722007722008
FPDR:0.22007722007722008
F1:0.7608286252354048
BACC:0
CLSFE:0.22007722007722008
MCC:0.49105412830583134
GMEAN:0.7463144740105522
SAMPLES:259
AUC:{}
AVGP:{}
CLASS:1
ACC:0.746
PREC:0.7095435684647303
REC:0.75
TNR:0.7426470588235294
FPR:0.29045643153526973
FPDR:0.29045643153526973
F1:0.7292110874200426
BACC:0
CLSFE:0.29045643153526973
MCC:0.49105412830583134
GMEAN:0.7463144740105522
SAMPLES:241
AUC:{}
AVGP:{}
