

GENERAL_METRICS
ACC:0.802
PREC:0.7986475429561535
REC:0.8056650246305419
TNR:0.8056650246305419
FPR:0.20135245704384655
FPDR:0.20135245704384655
F1:0.7997499908977268
BACC:0.0
CLSFE:0.198
MCC:0.604271821529164
GMEAN:0.8053393251117373
SAMPLES:500.0
AUC:{'AUC macro OVO': 0.7986475429561533}
AVGP:{'avg_precision': 0.7343182640144666}


METRICS_PER_CLASSES
CLASS:0
ACC:0.802
PREC:0.8631178707224335
REC:0.7827586206896552
TNR:0.8285714285714286
FPR:0.13688212927756654
FPDR:0.13688212927756654
F1:0.8209764918625678
BACC:0
CLSFE:0.13688212927756654
MCC:0.604271821529164
GMEAN:0.8053393251117373
SAMPLES:263
AUC:{}
AVGP:{}
CLASS:1
ACC:0.802
PREC:0.7341772151898734
REC:0.8285714285714286
TNR:0.7827586206896552
FPR:0.26582278481012656
FPDR:0.26582278481012656
F1:0.7785234899328859
BACC:0
CLSFE:0.26582278481012656
MCC:0.604271821529164
GMEAN:0.8053393251117373
SAMPLES:237
AUC:{}
AVGP:{}
