

GENERAL_METRICS
ACC:0.802
PREC:0.8012131105563025
REC:0.8046899030289294
TNR:0.8046899030289294
FPR:0.1987868894436976
FPDR:0.1987868894436976
F1:0.8012359509956273
BACC:0.0
CLSFE:0.198
MCC:0.6058930382384071
GMEAN:0.8043043614328366
SAMPLES:500.0
AUC:{'AUC macro OVO': 0.8012131105563024}
AVGP:{'avg_precision': 0.7458834809872762}


METRICS_PER_CLASSES
CLASS:0
ACC:0.802
PREC:0.8503937007874016
REC:0.779783393501805
TNR:0.8295964125560538
FPR:0.14960629921259844
FPDR:0.14960629921259844
F1:0.8135593220338984
BACC:0
CLSFE:0.14960629921259844
MCC:0.6058930382384071
GMEAN:0.8043043614328366
SAMPLES:254
AUC:{}
AVGP:{}
CLASS:1
ACC:0.802
PREC:0.7520325203252033
REC:0.8295964125560538
TNR:0.779783393501805
FPR:0.24796747967479674
FPDR:0.24796747967479674
F1:0.7889125799573561
BACC:0
CLSFE:0.24796747967479674
MCC:0.6058930382384071
GMEAN:0.8043043614328366
SAMPLES:246
AUC:{}
AVGP:{}
