

GENERAL_METRICS
ACC:0.9223529411764706
PREC:0.5746986293288234
REC:0.6001101368943338
TNR:0.6001101368943338
FPR:0.42530137067117657
FPDR:0.42530137067117657
F1:0.5848474192161919
BACC:0.0
CLSFE:0.07764705882352942
MCC:0.1729519009196211
GMEAN:0.4863785170053005
SAMPLES:4250.0
AUC:{'AUC macro OVO': 0.5746986293288234}
AVGP:{'avg_precision': 0.9513560676286158}


METRICS_PER_CLASSES
CLASS:0
ACC:0.9223529411764706
PREC:0.1825726141078838
REC:0.24858757062146894
TNR:0.9516327031671986
FPR:0.8174273858921162
FPDR:0.8174273858921162
F1:0.21052631578947367
BACC:0
CLSFE:0.8174273858921162
MCC:0.1729519009196211
GMEAN:0.4863785170053005
SAMPLES:241
AUC:{}
AVGP:{}
CLASS:1
ACC:0.9223529411764706
PREC:0.966824644549763
REC:0.9516327031671986
TNR:0.24858757062146894
FPR:0.03317535545023697
FPDR:0.03317535545023697
F1:0.9591685226429102
BACC:0
CLSFE:0.03317535545023697
MCC:0.1729519009196211
GMEAN:0.4863785170053005
SAMPLES:4009
AUC:{}
AVGP:{}
