

GENERAL_METRICS
ACC:0.92
PREC:0.5704773790672499
REC:0.5785520556004268
TNR:0.5785520556004268
FPR:0.42952262093275
FPDR:0.42952262093275
F1:0.5741984912776992
BACC:0.0
CLSFE:0.08
MCC:0.1488105238088083
GMEAN:0.439256467543643
SAMPLES:4250.0
AUC:{'AUC macro OVO': 0.57047737906725}
AVGP:{'avg_precision': 0.9547968103422376}


METRICS_PER_CLASSES
CLASS:0
ACC:0.92
PREC:0.18018018018018017
REC:0.20202020202020202
TNR:0.9550839091806516
FPR:0.8198198198198198
FPDR:0.8198198198198198
F1:0.19047619047619047
BACC:0
CLSFE:0.8198198198198198
MCC:0.1488105238088083
GMEAN:0.439256467543643
SAMPLES:222
AUC:{}
AVGP:{}
CLASS:1
ACC:0.92
PREC:0.9607745779543198
REC:0.9550839091806516
TNR:0.20202020202020202
FPR:0.03922542204568024
FPDR:0.03922542204568024
F1:0.9579207920792079
BACC:0
CLSFE:0.03922542204568024
MCC:0.1488105238088083
GMEAN:0.439256467543643
SAMPLES:4028
AUC:{}
AVGP:{}
