

GENERAL_METRICS
ACC:0.916235294117647
PREC:0.5708867455907801
REC:0.5899838755572417
TNR:0.5899838755572417
FPR:0.4291132544092199
FPDR:0.4291132544092199
F1:0.57879604151796
BACC:0.0
CLSFE:0.08376470588235294
MCC:0.15973307852662977
GMEAN:0.46802330325248337
SAMPLES:4250.0
AUC:{'AUC macro OVO': 0.5708867455907801}
AVGP:{'avg_precision': 0.9488887925179961}


METRICS_PER_CLASSES
CLASS:0
ACC:0.916235294117647
PREC:0.17928286852589642
REC:0.23076923076923078
TNR:0.9491985203452528
FPR:0.8207171314741036
FPDR:0.8207171314741036
F1:0.20179372197309417
BACC:0
CLSFE:0.8207171314741036
MCC:0.15973307852662977
GMEAN:0.46802330325248337
SAMPLES:251
AUC:{}
AVGP:{}
CLASS:1
ACC:0.916235294117647
PREC:0.9624906226556639
REC:0.9491985203452528
TNR:0.23076923076923078
FPR:0.037509377344336084
FPDR:0.037509377344336084
F1:0.9557983610628259
BACC:0
CLSFE:0.037509377344336084
MCC:0.15973307852662977
GMEAN:0.46802330325248337
SAMPLES:3999
AUC:{}
AVGP:{}
