

GENERAL_METRICS
ACC:0.9192941176470588
PREC:0.5829309412267616
REC:0.5900447447159439
TNR:0.5900447447159439
FPR:0.4170690587732384
FPDR:0.4170690587732384
F1:0.5862814886544209
BACC:0.0
CLSFE:0.08070588235294118
MCC:0.17282934278433965
GMEAN:0.463473612555509
SAMPLES:4250.0
AUC:{'AUC macro OVO': 0.5829309412267616}
AVGP:{'avg_precision': 0.9548523938751152}


METRICS_PER_CLASSES
CLASS:0
ACC:0.9192941176470588
PREC:0.20614035087719298
REC:0.22488038277511962
TNR:0.9552091066567682
FPR:0.793859649122807
FPDR:0.793859649122807
F1:0.2151029748283753
BACC:0
CLSFE:0.793859649122807
MCC:0.17282934278433965
GMEAN:0.463473612555509
SAMPLES:228
AUC:{}
AVGP:{}
CLASS:1
ACC:0.9192941176470588
PREC:0.9597215315763302
REC:0.9552091066567682
TNR:0.22488038277511962
FPR:0.04027846842366982
FPDR:0.04027846842366982
F1:0.9574600024804664
BACC:0
CLSFE:0.04027846842366982
MCC:0.17282934278433965
GMEAN:0.463473612555509
SAMPLES:4022
AUC:{}
AVGP:{}
