

GENERAL_METRICS
ACC:0.8352
PREC:0.7584324243531404
REC:0.7352418745275888
TNR:0.7352418745275888
FPR:0.24156757564685952
FPDR:0.24156757564685952
F1:0.7455372671789521
BACC:0.0
CLSFE:0.1648
MCC:0.4931293053289048
GMEAN:0.7138702495427035
SAMPLES:1250.0
AUC:{'AUC macro OVO': 0.7584324243531404}
AVGP:{'avg_precision': 0.8992745744938292}


METRICS_PER_CLASSES
CLASS:0
ACC:0.8352
PREC:0.634453781512605
REC:0.5592592592592592
TNR:0.9112244897959184
FPR:0.36554621848739494
FPDR:0.36554621848739494
F1:0.594488188976378
BACC:0
CLSFE:0.36554621848739494
MCC:0.4931293053289048
GMEAN:0.7138702495427035
SAMPLES:238
AUC:{}
AVGP:{}
CLASS:1
ACC:0.8352
PREC:0.8824110671936759
REC:0.9112244897959184
TNR:0.5592592592592592
FPR:0.11758893280632411
FPDR:0.11758893280632411
F1:0.8965863453815262
BACC:0
CLSFE:0.11758893280632411
MCC:0.4931293053289048
GMEAN:0.7138702495427035
SAMPLES:1012
AUC:{}
AVGP:{}
