

GENERAL_METRICS
ACC:0.8448
PREC:0.7453316814044635
REC:0.7548665791776028
TNR:0.7548665791776028
FPR:0.25466831859553657
FPDR:0.25466831859553657
F1:0.7498968646864687
BACC:0.0
CLSFE:0.1552
MCC:0.5001073740845864
GMEAN:0.7410518995052101
SAMPLES:1250.0
AUC:{'AUC macro OVO': 0.7453316814044634}
AVGP:{'avg_precision': 0.8899732361891017}


METRICS_PER_CLASSES
CLASS:0
ACC:0.8448
PREC:0.5813008130081301
REC:0.6111111111111112
TNR:0.8986220472440944
FPR:0.4186991869918699
FPDR:0.4186991869918699
F1:0.5958333333333333
BACC:0
CLSFE:0.4186991869918699
MCC:0.5001073740845864
GMEAN:0.7410518995052101
SAMPLES:246
AUC:{}
AVGP:{}
CLASS:1
ACC:0.8448
PREC:0.9093625498007968
REC:0.8986220472440944
TNR:0.6111111111111112
FPR:0.09063745019920319
FPDR:0.09063745019920319
F1:0.903960396039604
BACC:0
CLSFE:0.09063745019920319
MCC:0.5001073740845864
GMEAN:0.7410518995052101
SAMPLES:1004
AUC:{}
AVGP:{}
