

GENERAL_METRICS
ACC:0.8544
PREC:0.7613717209019242
REC:0.7664605387275967
TNR:0.7664605387275967
FPR:0.23862827909807582
FPDR:0.23862827909807582
F1:0.7638630551034643
BACC:0.0
CLSFE:0.1456
MCC:0.5278077284757614
GMEAN:0.7533929123710008
SAMPLES:1250.0
AUC:{'AUC macro OVO': 0.7613717209019242}
AVGP:{'avg_precision': 0.8986511582945607}


METRICS_PER_CLASSES
CLASS:0
ACC:0.8544
PREC:0.6099585062240664
REC:0.625531914893617
TNR:0.9073891625615763
FPR:0.3900414937759336
FPDR:0.3900414937759336
F1:0.6176470588235294
BACC:0
CLSFE:0.3900414937759336
MCC:0.5278077284757614
GMEAN:0.7533929123710008
SAMPLES:241
AUC:{}
AVGP:{}
CLASS:1
ACC:0.8544
PREC:0.9127849355797819
REC:0.9073891625615763
TNR:0.625531914893617
FPR:0.08721506442021804
FPDR:0.08721506442021804
F1:0.9100790513833992
BACC:0
CLSFE:0.08721506442021804
MCC:0.5278077284757614
GMEAN:0.7533929123710008
SAMPLES:1009
AUC:{}
AVGP:{}
