

GENERAL_METRICS
ACC:0.8496
PREC:0.7642104255650073
REC:0.7658004645956453
TNR:0.7658004645956453
FPR:0.23578957443499277
FPDR:0.23578957443499277
F1:0.765
BACC:0.0
CLSFE:0.1504
MCC:0.5300085050871999
GMEAN:0.7530255044956342
SAMPLES:1250.0
AUC:{'AUC macro OVO': 0.7642104255650073}
AVGP:{'avg_precision': 0.8952368208368209}


METRICS_PER_CLASSES
CLASS:0
ACC:0.8496
PREC:0.6215139442231076
REC:0.6265060240963856
TNR:0.9050949050949051
FPR:0.3784860557768924
FPDR:0.3784860557768924
F1:0.624
BACC:0
CLSFE:0.3784860557768924
MCC:0.5300085050871999
GMEAN:0.7530255044956342
SAMPLES:251
AUC:{}
AVGP:{}
CLASS:1
ACC:0.8496
PREC:0.9069069069069069
REC:0.9050949050949051
TNR:0.6265060240963856
FPR:0.09309309309309309
FPDR:0.09309309309309309
F1:0.906
BACC:0
CLSFE:0.09309309309309309
MCC:0.5300085050871999
GMEAN:0.7530255044956342
SAMPLES:999
AUC:{}
AVGP:{}
