

GENERAL_METRICS
ACC:0.738
PREC:0.7373591909882232
REC:0.7439040431444122
TNR:0.7439040431444122
FPR:0.2626408090117767
FPDR:0.2626408090117767
F1:0.7360478095998001
BACC:0.0
CLSFE:0.262
MCC:0.4812187293093001
GMEAN:0.7430324397124832
SAMPLES:500.0
AUC:{'AUC macro OVO': 0.7373591909882232}
AVGP:{'avg_precision': 0.6825983948140145}


METRICS_PER_CLASSES
CLASS:0
ACC:0.738
PREC:0.8174603174603174
REC:0.7079037800687286
TNR:0.7799043062200957
FPR:0.18253968253968253
FPDR:0.18253968253968253
F1:0.7587476979742173
BACC:0
CLSFE:0.18253968253968253
MCC:0.4812187293093001
GMEAN:0.7430324397124832
SAMPLES:252
AUC:{}
AVGP:{}
CLASS:1
ACC:0.738
PREC:0.657258064516129
REC:0.7799043062200957
TNR:0.7079037800687286
FPR:0.34274193548387094
FPDR:0.34274193548387094
F1:0.7133479212253829
BACC:0
CLSFE:0.34274193548387094
MCC:0.4812187293093001
GMEAN:0.7430324397124832
SAMPLES:248
AUC:{}
AVGP:{}
