

GENERAL_METRICS
ACC:0.816
PREC:0.7342478963495248
REC:0.7659127425534544
TNR:0.7659127425534544
FPR:0.2657521036504752
FPDR:0.2657521036504752
F1:0.7470846002012327
BACC:0.0
CLSFE:0.184
MCC:0.49915729206605597
GMEAN:0.7607833131296466
SAMPLES:1000.0
AUC:{'AUC macro OVO': 0.7342478963495247}
AVGP:{'avg_precision': 0.8434745617718881}


METRICS_PER_CLASSES
CLASS:0
ACC:0.816
PREC:0.5632183908045977
REC:0.6774193548387096
TNR:0.8544061302681992
FPR:0.4367816091954023
FPDR:0.4367816091954023
F1:0.6150627615062761
BACC:0
CLSFE:0.4367816091954023
MCC:0.49915729206605597
GMEAN:0.7607833131296466
SAMPLES:261
AUC:{}
AVGP:{}
CLASS:1
ACC:0.816
PREC:0.9052774018944519
REC:0.8544061302681992
TNR:0.6774193548387096
FPR:0.09472259810554803
FPDR:0.09472259810554803
F1:0.8791064388961892
BACC:0
CLSFE:0.09472259810554803
MCC:0.49915729206605597
GMEAN:0.7607833131296466
SAMPLES:739
AUC:{}
AVGP:{}
