

GENERAL_METRICS
ACC:0.79
PREC:0.6904751852399147
REC:0.7222632771701645
TNR:0.7222632771701645
FPR:0.30952481476008525
FPDR:0.30952481476008525
F1:0.7026489728645948
BACC:0.0
CLSFE:0.21
MCC:0.41151252175853703
GMEAN:0.7131425335305402
SAMPLES:1000.0
AUC:{'AUC macro OVO': 0.6904751852399147}
AVGP:{'avg_precision': 0.8269586538591078}


METRICS_PER_CLASSES
CLASS:0
ACC:0.79
PREC:0.4881889763779528
REC:0.6078431372549019
TNR:0.8366834170854272
FPR:0.5118110236220472
FPDR:0.5118110236220472
F1:0.5414847161572053
BACC:0
CLSFE:0.5118110236220472
MCC:0.41151252175853703
GMEAN:0.7131425335305402
SAMPLES:254
AUC:{}
AVGP:{}
CLASS:1
ACC:0.79
PREC:0.8927613941018767
REC:0.8366834170854272
TNR:0.6078431372549019
FPR:0.10723860589812333
FPDR:0.10723860589812333
F1:0.8638132295719845
BACC:0
CLSFE:0.10723860589812333
MCC:0.41151252175853703
GMEAN:0.7131425335305402
SAMPLES:746
AUC:{}
AVGP:{}
