

GENERAL_METRICS
ACC:0.785
PREC:0.6997639376427487
REC:0.7249171575846833
TNR:0.7249171575846833
FPR:0.30023606235725125
FPDR:0.30023606235725125
F1:0.7098198318574636
BACC:0.0
CLSFE:0.215
MCC:0.4239355471886309
GMEAN:0.7166990251397234
SAMPLES:1000.0
AUC:{'AUC macro OVO': 0.6997639376427487}
AVGP:{'avg_precision': 0.8219407743913588}


METRICS_PER_CLASSES
CLASS:0
ACC:0.785
PREC:0.5168539325842697
REC:0.6160714285714286
TNR:0.8337628865979382
FPR:0.48314606741573035
FPDR:0.48314606741573035
F1:0.5621181262729125
BACC:0
CLSFE:0.48314606741573035
MCC:0.4239355471886309
GMEAN:0.7166990251397234
SAMPLES:267
AUC:{}
AVGP:{}
CLASS:1
ACC:0.785
PREC:0.8826739427012278
REC:0.8337628865979382
TNR:0.6160714285714286
FPR:0.11732605729877217
FPDR:0.11732605729877217
F1:0.8575215374420145
BACC:0
CLSFE:0.11732605729877217
MCC:0.4239355471886309
GMEAN:0.7166990251397234
SAMPLES:733
AUC:{}
AVGP:{}
