

GENERAL_METRICS
ACC:0.788
PREC:0.6974713290502764
REC:0.7230491257187587
TNR:0.7230491257187587
FPR:0.3025286709497236
FPDR:0.3025286709497236
F1:0.7077571185954696
BACC:0.0
CLSFE:0.212
MCC:0.41974186019116777
GMEAN:0.7138848037103425
SAMPLES:1000.0
AUC:{'AUC macro OVO': 0.6974713290502764}
AVGP:{'avg_precision': 0.8266990260305445}


METRICS_PER_CLASSES
CLASS:0
ACC:0.788
PREC:0.5096525096525096
REC:0.6082949308755761
TNR:0.8378033205619413
FPR:0.49034749034749037
FPDR:0.49034749034749037
F1:0.5546218487394958
BACC:0
CLSFE:0.49034749034749037
MCC:0.41974186019116777
GMEAN:0.7138848037103425
SAMPLES:259
AUC:{}
AVGP:{}
CLASS:1
ACC:0.788
PREC:0.8852901484480432
REC:0.8378033205619413
TNR:0.6082949308755761
FPR:0.11470985155195682
FPDR:0.11470985155195682
F1:0.8608923884514436
BACC:0
CLSFE:0.11470985155195682
MCC:0.41974186019116777
GMEAN:0.7138848037103425
SAMPLES:741
AUC:{}
AVGP:{}
