

GENERAL_METRICS
ACC:0.8932307692307693
PREC:0.5132688683413321
REC:0.5255599252078125
TNR:0.5255599252078125
FPR:0.4867311316586679
FPDR:0.4867311316586679
F1:0.5138713171791907
BACC:0.0
CLSFE:0.10676923076923077
MCC:0.0368321208944997
GMEAN:0.3425646917806816
SAMPLES:3250.0
AUC:{'AUC macro OVO': 0.5132688683413321}
AVGP:{'avg_precision': 0.924062981856409}


METRICS_PER_CLASSES
CLASS:0
ACC:0.8932307692307693
PREC:0.06324110671936758
REC:0.12698412698412698
TNR:0.9241357234314981
FPR:0.9367588932806324
FPDR:0.9367588932806324
F1:0.08443271767810026
BACC:0
CLSFE:0.9367588932806324
MCC:0.0368321208944997
GMEAN:0.3425646917806816
SAMPLES:253
AUC:{}
AVGP:{}
CLASS:1
ACC:0.8932307692307693
PREC:0.9632966299632967
REC:0.9241357234314981
TNR:0.12698412698412698
FPR:0.03670337003670337
FPDR:0.03670337003670337
F1:0.943309916680281
BACC:0
CLSFE:0.03670337003670337
MCC:0.0368321208944997
GMEAN:0.3425646917806816
SAMPLES:2997
AUC:{}
AVGP:{}
