

GENERAL_METRICS
ACC:0.8981538461538462
PREC:0.5139592023542353
REC:0.5296793908768096
TNR:0.5296793908768096
FPR:0.4860407976457647
FPDR:0.4860407976457647
F1:0.5145924584611622
BACC:0.0
CLSFE:0.10184615384615385
MCC:0.04070875203195654
GMEAN:0.35205332838318126
SAMPLES:3250.0
AUC:{'AUC macro OVO': 0.5139592023542353}
AVGP:{'avg_precision': 0.9253640914615949}


METRICS_PER_CLASSES
CLASS:0
ACC:0.8981538461538462
PREC:0.060240963855421686
REC:0.13392857142857142
TNR:0.9254302103250478
FPR:0.9397590361445783
FPDR:0.9397590361445783
F1:0.08310249307479224
BACC:0
CLSFE:0.9397590361445783
MCC:0.04070875203195654
GMEAN:0.35205332838318126
SAMPLES:249
AUC:{}
AVGP:{}
CLASS:1
ACC:0.8981538461538462
PREC:0.967677440853049
REC:0.9254302103250478
TNR:0.13392857142857142
FPR:0.032322559146951015
FPDR:0.032322559146951015
F1:0.9460824238475322
BACC:0
CLSFE:0.032322559146951015
MCC:0.04070875203195654
GMEAN:0.35205332838318126
SAMPLES:3001
AUC:{}
AVGP:{}
