

GENERAL_METRICS
ACC:0.836
PREC:0.6930093680862832
REC:0.7208296871987304
TNR:0.7208296871987304
FPR:0.30699063191371684
FPDR:0.30699063191371684
F1:0.7049887694261298
BACC:0.0
CLSFE:0.164
MCC:0.4129028863106604
GMEAN:0.7014893227432094
SAMPLES:1250.0
AUC:{'AUC macro OVO': 0.6930093680862832}
AVGP:{'avg_precision': 0.8810837243271954}


METRICS_PER_CLASSES
CLASS:0
ACC:0.836
PREC:0.4690265486725664
REC:0.5549738219895288
TNR:0.886685552407932
FPR:0.5309734513274337
FPDR:0.5309734513274337
F1:0.5083932853717026
BACC:0
CLSFE:0.5309734513274337
MCC:0.4129028863106604
GMEAN:0.7014893227432094
SAMPLES:226
AUC:{}
AVGP:{}
CLASS:1
ACC:0.836
PREC:0.9169921875
REC:0.886685552407932
TNR:0.5549738219895288
FPR:0.0830078125
FPDR:0.0830078125
F1:0.9015842534805569
BACC:0
CLSFE:0.0830078125
MCC:0.4129028863106604
GMEAN:0.7014893227432094
SAMPLES:1024
AUC:{}
AVGP:{}
