

GENERAL_METRICS
ACC:0.8224
PREC:0.684549090923593
REC:0.7212561379686253
TNR:0.7212561379686253
FPR:0.31545090907640705
FPDR:0.31545090907640705
F1:0.6991869918699187
BACC:0.0
CLSFE:0.1776
MCC:0.4041416539946104
GMEAN:0.7058259597058066
SAMPLES:1250.0
AUC:{'AUC macro OVO': 0.684549090923593}
AVGP:{'avg_precision': 0.8636538841410392}


METRICS_PER_CLASSES
CLASS:0
ACC:0.8224
PREC:0.4541832669322709
REC:0.5728643216080402
TNR:0.8696479543292103
FPR:0.545816733067729
FPDR:0.545816733067729
F1:0.5066666666666667
BACC:0
CLSFE:0.545816733067729
MCC:0.4041416539946104
GMEAN:0.7058259597058066
SAMPLES:251
AUC:{}
AVGP:{}
CLASS:1
ACC:0.8224
PREC:0.914914914914915
REC:0.8696479543292103
TNR:0.5728643216080402
FPR:0.08508508508508508
FPDR:0.08508508508508508
F1:0.8917073170731707
BACC:0
CLSFE:0.08508508508508508
MCC:0.4041416539946104
GMEAN:0.7058259597058066
SAMPLES:999
AUC:{}
AVGP:{}
