

GENERAL_METRICS
ACC:0.8296
PREC:0.7063060400039413
REC:0.7378712691314938
TNR:0.7378712691314938
FPR:0.29369395999605874
FPDR:0.29369395999605874
F1:0.7195629711473746
BACC:0.0
CLSFE:0.1704
MCC:0.44305430622094283
GMEAN:0.7246961421804956
SAMPLES:1250.0
AUC:{'AUC macro OVO': 0.7063060400039413}
AVGP:{'avg_precision': 0.8697931662164387}


METRICS_PER_CLASSES
CLASS:0
ACC:0.8296
PREC:0.4980392156862745
REC:0.5990566037735849
TNR:0.8766859344894027
FPR:0.5019607843137255
FPDR:0.5019607843137255
F1:0.5438972162740899
BACC:0
CLSFE:0.5019607843137255
MCC:0.44305430622094283
GMEAN:0.7246961421804956
SAMPLES:255
AUC:{}
AVGP:{}
CLASS:1
ACC:0.8296
PREC:0.914572864321608
REC:0.8766859344894027
TNR:0.5990566037735849
FPR:0.08542713567839195
FPDR:0.08542713567839195
F1:0.8952287260206592
BACC:0
CLSFE:0.08542713567839195
MCC:0.44305430622094283
GMEAN:0.7246961421804956
SAMPLES:995
AUC:{}
AVGP:{}
