

GENERAL_METRICS
ACC:0.8232
PREC:0.6981261944093544
REC:0.7182984551282338
TNR:0.7182984551282338
FPR:0.3018738055906456
FPDR:0.3018738055906456
F1:0.7070926520281913
BACC:0.0
CLSFE:0.1768
MCC:0.4159357746575698
GMEAN:0.7000927524398584
SAMPLES:1250.0
AUC:{'AUC macro OVO': 0.6981261944093544}
AVGP:{'avg_precision': 0.8717460627962497}


METRICS_PER_CLASSES
CLASS:0
ACC:0.8232
PREC:0.491869918699187
REC:0.5576036866359447
TNR:0.8789932236205228
FPR:0.508130081300813
FPDR:0.508130081300813
F1:0.5226781857451404
BACC:0
CLSFE:0.508130081300813
MCC:0.4159357746575698
GMEAN:0.7000927524398584
SAMPLES:246
AUC:{}
AVGP:{}
CLASS:1
ACC:0.8232
PREC:0.9043824701195219
REC:0.8789932236205228
TNR:0.5576036866359447
FPR:0.09561752988047809
FPDR:0.09561752988047809
F1:0.8915071183112421
BACC:0
CLSFE:0.09561752988047809
MCC:0.4159357746575698
GMEAN:0.7000927524398584
SAMPLES:1004
AUC:{}
AVGP:{}
