

GENERAL_METRICS
ACC:0.8742857142857143
PREC:0.7408684142682107
REC:0.7441177025166941
TNR:0.7441177025166941
FPR:0.2591315857317893
FPDR:0.2591315857317893
F1:0.7424742273557923
BACC:0.0
CLSFE:0.12571428571428572
MCC:0.484975231944869
GMEAN:0.7216772222376245
SAMPLES:1750.0
AUC:{'AUC macro OVO': 0.7408684142682106}
AVGP:{'avg_precision': 0.9205174709826194}


METRICS_PER_CLASSES
CLASS:0
ACC:0.8742857142857143
PREC:0.5537848605577689
REC:0.562753036437247
TNR:0.9254823685961411
FPR:0.44621513944223107
FPDR:0.44621513944223107
F1:0.5582329317269076
BACC:0
CLSFE:0.44621513944223107
MCC:0.484975231944869
GMEAN:0.7216772222376245
SAMPLES:251
AUC:{}
AVGP:{}
CLASS:1
ACC:0.8742857142857143
PREC:0.9279519679786524
REC:0.9254823685961411
TNR:0.562753036437247
FPR:0.07204803202134756
FPDR:0.07204803202134756
F1:0.9267155229846769
BACC:0
CLSFE:0.07204803202134756
MCC:0.484975231944869
GMEAN:0.7216772222376245
SAMPLES:1499
AUC:{}
AVGP:{}
