

GENERAL_METRICS
ACC:0.864
PREC:0.7423233992144149
REC:0.7306465491662215
TNR:0.7306465491662215
FPR:0.25767660078558513
FPDR:0.25767660078558513
F1:0.7362214498510427
BACC:0.0
CLSFE:0.136
MCC:0.47282578529954766
GMEAN:0.7043792161285991
SAMPLES:1750.0
AUC:{'AUC macro OVO': 0.7423233992144149}
AVGP:{'avg_precision': 0.9186488823084324}


METRICS_PER_CLASSES
CLASS:0
ACC:0.864
PREC:0.5697674418604651
REC:0.5364963503649635
TNR:0.9247967479674797
FPR:0.43023255813953487
FPDR:0.43023255813953487
F1:0.5526315789473685
BACC:0
CLSFE:0.43023255813953487
MCC:0.47282578529954766
GMEAN:0.7043792161285991
SAMPLES:258
AUC:{}
AVGP:{}
CLASS:1
ACC:0.864
PREC:0.9148793565683646
REC:0.9247967479674797
TNR:0.5364963503649635
FPR:0.08512064343163539
FPDR:0.08512064343163539
F1:0.9198113207547169
BACC:0
CLSFE:0.08512064343163539
MCC:0.47282578529954766
GMEAN:0.7043792161285991
SAMPLES:1492
AUC:{}
AVGP:{}
