

GENERAL_METRICS
ACC:0.8714285714285714
PREC:0.7444283906132074
REC:0.7162255543778706
TNR:0.7162255543778706
FPR:0.2555716093867926
FPDR:0.2555716093867926
F1:0.7288482714120343
BACC:0.0
CLSFE:0.12857142857142856
MCC:0.4597897966072387
GMEAN:0.6815675785672622
SAMPLES:1750.0
AUC:{'AUC macro OVO': 0.7444283906132074}
AVGP:{'avg_precision': 0.9308992883616417}


METRICS_PER_CLASSES
CLASS:0
ACC:0.8714285714285714
PREC:0.5739910313901345
REC:0.49612403100775193
TNR:0.9363270777479893
FPR:0.4260089686098655
FPDR:0.4260089686098655
F1:0.5322245322245323
BACC:0
CLSFE:0.4260089686098655
MCC:0.4597897966072387
GMEAN:0.6815675785672622
SAMPLES:223
AUC:{}
AVGP:{}
CLASS:1
ACC:0.8714285714285714
PREC:0.9148657498362803
REC:0.9363270777479893
TNR:0.49612403100775193
FPR:0.08513425016371971
FPDR:0.08513425016371971
F1:0.9254720105995363
BACC:0
CLSFE:0.08513425016371971
MCC:0.4597897966072387
GMEAN:0.6815675785672622
SAMPLES:1527
AUC:{}
AVGP:{}
