

GENERAL_METRICS
ACC:0.8811428571428571
PREC:0.779699082256697
REC:0.757919322779955
TNR:0.757919322779955
FPR:0.220300917743303
FPDR:0.220300917743303
F1:0.768037032505404
BACC:0.0
CLSFE:0.11885714285714286
MCC:0.5371770578787676
GMEAN:0.7361609135977382
SAMPLES:1750.0
AUC:{'AUC macro OVO': 0.779699082256697}
AVGP:{'avg_precision': 0.9318483771128834}


METRICS_PER_CLASSES
CLASS:0
ACC:0.8811428571428571
PREC:0.6374501992031872
REC:0.5776173285198556
TNR:0.9382213170400543
FPR:0.36254980079681276
FPDR:0.36254980079681276
F1:0.6060606060606061
BACC:0
CLSFE:0.36254980079681276
MCC:0.5371770578787676
GMEAN:0.7361609135977382
SAMPLES:251
AUC:{}
AVGP:{}
CLASS:1
ACC:0.8811428571428571
PREC:0.9219479653102068
REC:0.9382213170400543
TNR:0.5776173285198556
FPR:0.0780520346897932
FPDR:0.0780520346897932
F1:0.9300134589502019
BACC:0
CLSFE:0.0780520346897932
MCC:0.5371770578787676
GMEAN:0.7361609135977382
SAMPLES:1499
AUC:{}
AVGP:{}
