

GENERAL_METRICS
ACC:0.9425882352941176
PREC:0.49801093983092987
REC:0.4730751062824752
TNR:0.4730751062824752
FPR:0.5019890601690701
FPDR:0.5019890601690701
F1:0.48522286821705424
BACC:0.0
CLSFE:0.05741176470588235
MCC:-0.014636288279475058
GMEAN:0.0
SAMPLES:4250.0
AUC:{'AUC macro OVO': 0.49801093983092987}
AVGP:{'avg_precision': 0.946151019043763}


METRICS_PER_CLASSES
CLASS:0
ACC:0.9425882352941176
PREC:0.0
REC:0.0
TNR:0.9461502125649504
FPR:1.0
FPDR:1.0
F1:0.0
BACC:0
CLSFE:1.0
MCC:-0.014636288279475058
GMEAN:0
SAMPLES:228
AUC:{}
AVGP:{}
CLASS:1
ACC:0.9425882352941176
PREC:0.9960218796618597
REC:0.9461502125649504
TNR:0.0
FPR:0.003978120338140228
FPDR:0.003978120338140228
F1:0.9704457364341085
BACC:0
CLSFE:0.003978120338140228
MCC:-0.014636288279475058
GMEAN:0
SAMPLES:4022
AUC:{}
AVGP:{}
