

GENERAL_METRICS
ACC:0.9447058823529412
PREC:0.5068987806078173
REC:0.5694636804828339
TNR:0.5694636804828339
FPR:0.49310121939218265
FPDR:0.49310121939218265
F1:0.5022305553437387
BACC:0.0
CLSFE:0.05529411764705883
MCC:0.043781945679131046
GMEAN:0.4250380757150111
SAMPLES:4250.0
AUC:{'AUC macro OVO': 0.5068987806078173}
AVGP:{'avg_precision': 0.9484482732952567}


METRICS_PER_CLASSES
CLASS:0
ACC:0.9447058823529412
PREC:0.018018018018018018
REC:0.19047619047619047
TNR:0.9484511704894775
FPR:0.9819819819819819
FPDR:0.9819819819819819
F1:0.03292181069958848
BACC:0
CLSFE:0.9819819819819819
MCC:0.043781945679131046
GMEAN:0.4250380757150111
SAMPLES:222
AUC:{}
AVGP:{}
CLASS:1
ACC:0.9447058823529412
PREC:0.9957795431976166
REC:0.9484511704894775
TNR:0.19047619047619047
FPR:0.004220456802383317
FPDR:0.004220456802383317
F1:0.971539299987889
BACC:0
CLSFE:0.004220456802383317
MCC:0.043781945679131046
GMEAN:0.4250380757150111
SAMPLES:4028
AUC:{}
AVGP:{}
