

GENERAL_METRICS
ACC:0.94
PREC:0.5021538674910911
REC:0.5273183154799412
TNR:0.5273183154799412
FPR:0.4978461325089089
FPDR:0.4978461325089089
F1:0.49225058435105756
BACC:0.0
CLSFE:0.06
MCC:0.015341451251249494
GMEAN:0.3237841393152013
SAMPLES:4250.0
AUC:{'AUC macro OVO': 0.5021538674910911}
AVGP:{'avg_precision': 0.9435245963179089}


METRICS_PER_CLASSES
CLASS:0
ACC:0.94
PREC:0.008298755186721992
REC:0.1111111111111111
TNR:0.9435255198487713
FPR:0.991701244813278
FPDR:0.991701244813278
F1:0.015444015444015444
BACC:0
CLSFE:0.991701244813278
MCC:0.015341451251249494
GMEAN:0.3237841393152013
SAMPLES:241
AUC:{}
AVGP:{}
CLASS:1
ACC:0.94
PREC:0.9960089797954602
REC:0.9435255198487713
TNR:0.1111111111111111
FPR:0.003991020204539786
FPDR:0.003991020204539786
F1:0.9690571532580997
BACC:0
CLSFE:0.003991020204539786
MCC:0.015341451251249494
GMEAN:0.3237841393152013
SAMPLES:4009
AUC:{}
AVGP:{}
