

GENERAL_METRICS
ACC:0.9381176470588235
PREC:0.49849962490622657
REC:0.470386974988202
TNR:0.470386974988202
FPR:0.5015003750937734
FPDR:0.5015003750937734
F1:0.4840354497996843
BACC:0.0
CLSFE:0.06188235294117647
MCC:-0.013331263282823842
GMEAN:0.0
SAMPLES:4250.0
AUC:{'AUC macro OVO': 0.49849962490622657}
AVGP:{'avg_precision': 0.9407744517813377}


METRICS_PER_CLASSES
CLASS:0
ACC:0.9381176470588235
PREC:0.0
REC:0.0
TNR:0.940773949976404
FPR:1.0
FPDR:1.0
F1:0.0
BACC:0
CLSFE:1.0
MCC:-0.013331263282823842
GMEAN:0
SAMPLES:251
AUC:{}
AVGP:{}
CLASS:1
ACC:0.9381176470588235
PREC:0.9969992498124531
REC:0.940773949976404
TNR:0.0
FPR:0.003000750187546887
FPDR:0.003000750187546887
F1:0.9680708995993687
BACC:0
CLSFE:0.003000750187546887
MCC:-0.013331263282823842
GMEAN:0
SAMPLES:3999
AUC:{}
AVGP:{}
