

GENERAL_METRICS
ACC:0.8713333333333333
PREC:0.7515468802682779
REC:0.7855428666004634
TNR:0.7855428666004634
FPR:0.2484531197317222
FPDR:0.2484531197317222
F1:0.7665275509586886
BACC:0.0
CLSFE:0.12866666666666668
MCC:0.5360127508789603
GMEAN:0.7758118547588274
SAMPLES:1500.0
AUC:{'AUC macro OVO': 0.7515468802682778}
AVGP:{'avg_precision': 0.903384117073967}


METRICS_PER_CLASSES
CLASS:0
ACC:0.8713333333333333
PREC:0.5655430711610487
REC:0.6622807017543859
TNR:0.9088050314465409
FPR:0.4344569288389513
FPDR:0.4344569288389513
F1:0.6101010101010101
BACC:0
CLSFE:0.4344569288389513
MCC:0.5360127508789603
GMEAN:0.7758118547588274
SAMPLES:267
AUC:{}
AVGP:{}
CLASS:1
ACC:0.8713333333333333
PREC:0.9375506893755069
REC:0.9088050314465409
TNR:0.6622807017543859
FPR:0.062449310624493104
FPDR:0.062449310624493104
F1:0.9229540918163672
BACC:0
CLSFE:0.062449310624493104
MCC:0.5360127508789603
GMEAN:0.7758118547588274
SAMPLES:1233
AUC:{}
AVGP:{}
