

GENERAL_METRICS
ACC:0.8613333333333333
PREC:0.7193760454350955
REC:0.7478392710652759
TNR:0.7478392710652759
FPR:0.2806239545649045
FPDR:0.2806239545649045
F1:0.7320130970009517
BACC:0.0
CLSFE:0.13866666666666666
MCC:0.46634750643620654
GMEAN:0.7309111255682409
SAMPLES:1500.0
AUC:{'AUC macro OVO': 0.7193760454350955}
AVGP:{'avg_precision': 0.9011955630182173}


METRICS_PER_CLASSES
CLASS:0
ACC:0.8613333333333333
PREC:0.508130081300813
REC:0.589622641509434
TNR:0.906055900621118
FPR:0.491869918699187
FPDR:0.491869918699187
F1:0.5458515283842795
BACC:0
CLSFE:0.491869918699187
MCC:0.46634750643620654
GMEAN:0.7309111255682409
SAMPLES:246
AUC:{}
AVGP:{}
CLASS:1
ACC:0.8613333333333333
PREC:0.930622009569378
REC:0.906055900621118
TNR:0.589622641509434
FPR:0.06937799043062201
FPDR:0.06937799043062201
F1:0.918174665617624
BACC:0
CLSFE:0.06937799043062201
MCC:0.46634750643620654
GMEAN:0.7309111255682409
SAMPLES:1254
AUC:{}
AVGP:{}
