

GENERAL_METRICS
ACC:0.8673333333333333
PREC:0.737055360971647
REC:0.7518971623051097
TNR:0.7518971623051097
FPR:0.262944639028353
FPDR:0.262944639028353
F1:0.7440665889863751
BACC:0.0
CLSFE:0.13266666666666665
MCC:0.488727215276462
GMEAN:0.7338692905305862
SAMPLES:1500.0
AUC:{'AUC macro OVO': 0.737055360971647}
AVGP:{'avg_precision': 0.9102067813313277}


METRICS_PER_CLASSES
CLASS:0
ACC:0.8673333333333333
PREC:0.5462184873949579
REC:0.5882352941176471
TNR:0.9155590304925724
FPR:0.453781512605042
FPDR:0.453781512605042
F1:0.5664488017429193
BACC:0
CLSFE:0.453781512605042
MCC:0.488727215276462
GMEAN:0.7338692905305862
SAMPLES:238
AUC:{}
AVGP:{}
CLASS:1
ACC:0.8673333333333333
PREC:0.927892234548336
REC:0.9155590304925724
TNR:0.5882352941176471
FPR:0.07210776545166403
FPDR:0.07210776545166403
F1:0.9216843762298308
BACC:0
CLSFE:0.07210776545166403
MCC:0.488727215276462
GMEAN:0.7338692905305862
SAMPLES:1262
AUC:{}
AVGP:{}
