

GENERAL_METRICS
ACC:0.862
PREC:0.7405119152691968
REC:0.7639979816668068
TNR:0.7639979816668068
FPR:0.2594880847308032
FPDR:0.2594880847308032
F1:0.7512017237193299
BACC:0.0
CLSFE:0.138
MCC:0.503962935930356
GMEAN:0.7505488138631772
SAMPLES:1500.0
AUC:{'AUC macro OVO': 0.7405119152691968}
AVGP:{'avg_precision': 0.9007630377220922}


METRICS_PER_CLASSES
CLASS:0
ACC:0.862
PREC:0.553030303030303
REC:0.6212765957446809
TNR:0.9067193675889328
FPR:0.44696969696969696
FPDR:0.44696969696969696
F1:0.5851703406813628
BACC:0
CLSFE:0.44696969696969696
MCC:0.503962935930356
GMEAN:0.7505488138631772
SAMPLES:264
AUC:{}
AVGP:{}
CLASS:1
ACC:0.862
PREC:0.9279935275080906
REC:0.9067193675889328
TNR:0.6212765957446809
FPR:0.07200647249190939
FPDR:0.07200647249190939
F1:0.9172331067572971
BACC:0
CLSFE:0.07200647249190939
MCC:0.503962935930356
GMEAN:0.7505488138631772
SAMPLES:1236
AUC:{}
AVGP:{}
