

GENERAL_METRICS
ACC:0.8064
PREC:0.7134605397219326
REC:0.7029463757354631
TNR:0.7029463757354631
FPR:0.2865394602780674
FPDR:0.2865394602780674
F1:0.7078491516518837
BACC:0.0
CLSFE:0.1936
MCC:0.4162741543699397
GMEAN:0.6788020007634473
SAMPLES:1250.0
AUC:{'AUC macro OVO': 0.7134605397219325}
AVGP:{'avg_precision': 0.8741234449005852}


METRICS_PER_CLASSES
CLASS:0
ACC:0.8064
PREC:0.5573122529644269
REC:0.5202952029520295
TNR:0.8855975485188968
FPR:0.4426877470355731
FPDR:0.4426877470355731
F1:0.5381679389312977
BACC:0
CLSFE:0.4426877470355731
MCC:0.4162741543699397
GMEAN:0.6788020007634473
SAMPLES:253
AUC:{}
AVGP:{}
CLASS:1
ACC:0.8064
PREC:0.8696088264794383
REC:0.8855975485188968
TNR:0.5202952029520295
FPR:0.13039117352056168
FPDR:0.13039117352056168
F1:0.8775303643724697
BACC:0
CLSFE:0.13039117352056168
MCC:0.4162741543699397
GMEAN:0.6788020007634473
SAMPLES:997
AUC:{}
AVGP:{}
