

GENERAL_METRICS
ACC:0.8032
PREC:0.7093254909401385
REC:0.6990707325875135
TNR:0.6990707325875135
FPR:0.2906745090598615
FPDR:0.2906745090598615
F1:0.7038496654223537
BACC:0.0
CLSFE:0.1968
MCC:0.40826745562532557
GMEAN:0.6743215042977841
SAMPLES:1250.0
AUC:{'AUC macro OVO': 0.7093254909401385}
AVGP:{'avg_precision': 0.8719537585926529}


METRICS_PER_CLASSES
CLASS:0
ACC:0.8032
PREC:0.5511811023622047
REC:0.5147058823529411
TNR:0.8834355828220859
FPR:0.44881889763779526
FPDR:0.44881889763779526
F1:0.532319391634981
BACC:0
CLSFE:0.44881889763779526
MCC:0.40826745562532557
GMEAN:0.6743215042977841
SAMPLES:254
AUC:{}
AVGP:{}
CLASS:1
ACC:0.8032
PREC:0.8674698795180723
REC:0.8834355828220859
TNR:0.5147058823529411
FPR:0.13253012048192772
FPDR:0.13253012048192772
F1:0.8753799392097265
BACC:0
CLSFE:0.13253012048192772
MCC:0.40826745562532557
GMEAN:0.6743215042977841
SAMPLES:996
AUC:{}
AVGP:{}
