

GENERAL_METRICS
ACC:0.8264
PREC:0.7426789644691332
REC:0.71994786758671
TNR:0.71994786758671
FPR:0.25732103553086677
FPDR:0.25732103553086677
F1:0.7299627373465766
BACC:0.0
CLSFE:0.1736
MCC:0.46206805015338087
GMEAN:0.6954083180551245
SAMPLES:1250.0
AUC:{'AUC macro OVO': 0.7426789644691332}
AVGP:{'avg_precision': 0.894698664633351}


METRICS_PER_CLASSES
CLASS:0
ACC:0.8264
PREC:0.6085106382978723
REC:0.5335820895522388
TNR:0.9063136456211812
FPR:0.39148936170212767
FPDR:0.39148936170212767
F1:0.5685884691848907
BACC:0
CLSFE:0.39148936170212767
MCC:0.46206805015338087
GMEAN:0.6954083180551245
SAMPLES:235
AUC:{}
AVGP:{}
CLASS:1
ACC:0.8264
PREC:0.8768472906403941
REC:0.9063136456211812
TNR:0.5335820895522388
FPR:0.12315270935960591
FPDR:0.12315270935960591
F1:0.8913370055082624
BACC:0
CLSFE:0.12315270935960591
MCC:0.46206805015338087
GMEAN:0.6954083180551245
SAMPLES:1015
AUC:{}
AVGP:{}
