

GENERAL_METRICS
ACC:0.804
PREC:0.7015671408924382
REC:0.7044378282070518
TNR:0.7044378282070518
FPR:0.2984328591075618
FPDR:0.2984328591075618
F1:0.7029752904537956
BACC:0.0
CLSFE:0.196
MCC:0.4059948202721551
GMEAN:0.6837280588908347
SAMPLES:1250.0
AUC:{'AUC macro OVO': 0.7015671408924382}
AVGP:{'avg_precision': 0.8637315177958623}


METRICS_PER_CLASSES
CLASS:0
ACC:0.804
PREC:0.5247148288973384
REC:0.5348837209302325
TNR:0.873991935483871
FPR:0.4752851711026616
FPDR:0.4752851711026616
F1:0.5297504798464492
BACC:0
CLSFE:0.4752851711026616
MCC:0.4059948202721551
GMEAN:0.6837280588908347
SAMPLES:263
AUC:{}
AVGP:{}
CLASS:1
ACC:0.804
PREC:0.878419452887538
REC:0.873991935483871
TNR:0.5348837209302325
FPR:0.12158054711246201
FPDR:0.12158054711246201
F1:0.876200101061142
BACC:0
CLSFE:0.12158054711246201
MCC:0.4059948202721551
GMEAN:0.6837280588908347
SAMPLES:987
AUC:{}
AVGP:{}
