

GENERAL_METRICS
ACC:0.858
PREC:0.7220150936588593
REC:0.7325067174205105
TNR:0.7325067174205105
FPR:0.27798490634114076
FPDR:0.27798490634114076
F1:0.7270348293305562
BACC:0.0
CLSFE:0.142
MCC:0.45440070706119534
GMEAN:0.710315601314421
SAMPLES:1500.0
AUC:{'AUC macro OVO': 0.7220150936588593}
AVGP:{'avg_precision': 0.9059438268341536}


METRICS_PER_CLASSES
CLASS:0
ACC:0.858
PREC:0.5232067510548524
REC:0.5535714285714286
TNR:0.9114420062695925
FPR:0.4767932489451477
FPDR:0.4767932489451477
F1:0.5379609544468547
BACC:0
CLSFE:0.4767932489451477
MCC:0.45440070706119534
GMEAN:0.710315601314421
SAMPLES:237
AUC:{}
AVGP:{}
CLASS:1
ACC:0.858
PREC:0.9208234362628662
REC:0.9114420062695925
TNR:0.5535714285714286
FPR:0.0791765637371338
FPDR:0.0791765637371338
F1:0.9161087042142576
BACC:0
CLSFE:0.0791765637371338
MCC:0.45440070706119534
GMEAN:0.710315601314421
SAMPLES:1263
AUC:{}
AVGP:{}
