

GENERAL_METRICS
ACC:0.8373333333333334
PREC:0.7200745874036347
REC:0.7174547398976396
TNR:0.7174547398976396
FPR:0.2799254125963653
FPDR:0.2799254125963653
F1:0.7187479828236474
BACC:0.0
CLSFE:0.16266666666666665
MCC:0.43752148364137616
GMEAN:0.6930915024175363
SAMPLES:1500.0
AUC:{'AUC macro OVO': 0.7200745874036347}
AVGP:{'avg_precision': 0.8951444059954318}


METRICS_PER_CLASSES
CLASS:0
ACC:0.8373333333333334
PREC:0.5402298850574713
REC:0.5320754716981132
TNR:0.902834008097166
FPR:0.45977011494252873
FPDR:0.45977011494252873
F1:0.5361216730038023
BACC:0
CLSFE:0.45977011494252873
MCC:0.43752148364137616
GMEAN:0.6930915024175363
SAMPLES:261
AUC:{}
AVGP:{}
CLASS:1
ACC:0.8373333333333334
PREC:0.8999192897497982
REC:0.902834008097166
TNR:0.5320754716981132
FPR:0.10008071025020178
FPDR:0.10008071025020178
F1:0.9013742926434923
BACC:0
CLSFE:0.10008071025020178
MCC:0.43752148364137616
GMEAN:0.6930915024175363
SAMPLES:1239
AUC:{}
AVGP:{}
