

GENERAL_METRICS
ACC:0.8693333333333333
PREC:0.7402976975915352
REC:0.7788862013196124
TNR:0.7788862013196124
FPR:0.25970230240846476
FPDR:0.25970230240846476
F1:0.7569444444444444
BACC:0.0
CLSFE:0.13066666666666665
MCC:0.5177478616745886
GMEAN:0.7683780974231981
SAMPLES:1500.0
AUC:{'AUC macro OVO': 0.7402976975915352}
AVGP:{'avg_precision': 0.9014198567296487}


METRICS_PER_CLASSES
CLASS:0
ACC:0.8693333333333333
PREC:0.5419847328244275
REC:0.6513761467889908
TNR:0.906396255850234
FPR:0.4580152671755725
FPDR:0.4580152671755725
F1:0.5916666666666667
BACC:0
CLSFE:0.4580152671755725
MCC:0.5177478616745886
GMEAN:0.7683780974231981
SAMPLES:262
AUC:{}
AVGP:{}
CLASS:1
ACC:0.8693333333333333
PREC:0.938610662358643
REC:0.906396255850234
TNR:0.6513761467889908
FPR:0.061389337641357025
FPDR:0.061389337641357025
F1:0.9222222222222223
BACC:0
CLSFE:0.061389337641357025
MCC:0.5177478616745886
GMEAN:0.7683780974231981
SAMPLES:1238
AUC:{}
AVGP:{}
