

GENERAL_METRICS
ACC:0.8506666666666667
PREC:0.7224112785610112
REC:0.7239087301587301
TNR:0.7239087301587301
FPR:0.27758872143898883
FPDR:0.27758872143898883
F1:0.7231551089417604
BACC:0.0
CLSFE:0.14933333333333335
MCC:0.44631749665714704
GMEAN:0.6994967011506451
SAMPLES:1500.0
AUC:{'AUC macro OVO': 0.7224112785610112}
AVGP:{'avg_precision': 0.9039953314659197}


METRICS_PER_CLASSES
CLASS:0
ACC:0.8506666666666667
PREC:0.5330578512396694
REC:0.5375
TNR:0.9103174603174603
FPR:0.4669421487603306
FPDR:0.4669421487603306
F1:0.5352697095435685
BACC:0
CLSFE:0.4669421487603306
MCC:0.44631749665714704
GMEAN:0.6994967011506451
SAMPLES:242
AUC:{}
AVGP:{}
CLASS:1
ACC:0.8506666666666667
PREC:0.9117647058823529
REC:0.9103174603174603
TNR:0.5375
FPR:0.08823529411764706
FPDR:0.08823529411764706
F1:0.9110405083399523
BACC:0
CLSFE:0.08823529411764706
MCC:0.44631749665714704
GMEAN:0.6994967011506451
SAMPLES:1258
AUC:{}
AVGP:{}
