

GENERAL_METRICS
ACC:0.9072
PREC:0.6229805274701761
REC:0.7952195967638371
TNR:0.7952195967638371
FPR:0.377019472529824
FPDR:0.377019472529824
F1:0.663107220193121
BACC:0.0
CLSFE:0.0928
MCC:0.38108404180468836
GMEAN:0.785783287135742
SAMPLES:2500.0
AUC:{'AUC macro OVO': 0.6229805274701761}
AVGP:{'avg_precision': 0.9169881140012326}


METRICS_PER_CLASSES
CLASS:0
ACC:0.9072
PREC:0.26119402985074625
REC:0.6730769230769231
TNR:0.9173622704507512
FPR:0.7388059701492538
FPDR:0.7388059701492538
F1:0.3763440860215054
BACC:0
CLSFE:0.7388059701492538
MCC:0.38108404180468836
GMEAN:0.785783287135742
SAMPLES:268
AUC:{}
AVGP:{}
CLASS:1
ACC:0.9072
PREC:0.9847670250896058
REC:0.9173622704507512
TNR:0.6730769230769231
FPR:0.015232974910394265
FPDR:0.015232974910394265
F1:0.9498703543647364
BACC:0
CLSFE:0.015232974910394265
MCC:0.38108404180468836
GMEAN:0.785783287135742
SAMPLES:2232
AUC:{}
AVGP:{}
