

GENERAL_METRICS
ACC:0.9164
PREC:0.6345903271380363
REC:0.7924545183417835
TNR:0.7924545183417835
FPR:0.3654096728619637
FPDR:0.3654096728619637
F1:0.676388633406231
BACC:0.0
CLSFE:0.0836
MCC:0.39679490569621717
GMEAN:0.7808168274210636
SAMPLES:2500.0
AUC:{'AUC macro OVO': 0.6345903271380363}
AVGP:{'avg_precision': 0.9273745132592813}


METRICS_PER_CLASSES
CLASS:0
ACC:0.9164
PREC:0.28512396694214875
REC:0.6571428571428571
TNR:0.9277661795407098
FPR:0.7148760330578512
FPDR:0.7148760330578512
F1:0.3976945244956772
BACC:0
CLSFE:0.7148760330578512
MCC:0.39679490569621717
GMEAN:0.7808168274210636
SAMPLES:242
AUC:{}
AVGP:{}
CLASS:1
ACC:0.9164
PREC:0.9840566873339238
REC:0.9277661795407098
TNR:0.6571428571428571
FPR:0.015943312666076175
FPDR:0.015943312666076175
F1:0.9550827423167849
BACC:0
CLSFE:0.015943312666076175
MCC:0.39679490569621717
GMEAN:0.7808168274210636
SAMPLES:2258
AUC:{}
AVGP:{}
