

GENERAL_METRICS
ACC:0.9156
PREC:0.6345213888567445
REC:0.7834912671869194
TNR:0.7834912671869194
FPR:0.36547861114325547
FPDR:0.36547861114325547
F1:0.6750244424743977
BACC:0.0
CLSFE:0.0844
MCC:0.39056696732182994
GMEAN:0.7700316343818077
SAMPLES:2500.0
AUC:{'AUC macro OVO': 0.6345213888567445}
AVGP:{'avg_precision': 0.9276707804234566}


METRICS_PER_CLASSES
CLASS:0
ACC:0.9156
PREC:0.2863070539419087
REC:0.6388888888888888
TNR:0.9280936454849499
FPR:0.7136929460580913
FPDR:0.7136929460580913
F1:0.3954154727793696
BACC:0
CLSFE:0.7136929460580913
MCC:0.39056696732182994
GMEAN:0.7700316343818077
SAMPLES:241
AUC:{}
AVGP:{}
CLASS:1
ACC:0.9156
PREC:0.9827357237715804
REC:0.9280936454849499
TNR:0.6388888888888888
FPR:0.017264276228419653
FPDR:0.017264276228419653
F1:0.9546334121694259
BACC:0
CLSFE:0.017264276228419653
MCC:0.39056696732182994
GMEAN:0.7700316343818077
SAMPLES:2259
AUC:{}
AVGP:{}
