

GENERAL_METRICS
ACC:0.9188
PREC:0.6427548272503295
REC:0.8229279317593594
TNR:0.8229279317593594
FPR:0.35724517274967055
FPDR:0.35724517274967055
F1:0.6889935586429456
BACC:0.0
CLSFE:0.0812
MCC:0.4294159806649656
GMEAN:0.8162683581943382
SAMPLES:2500.0
AUC:{'AUC macro OVO': 0.6427548272503294}
AVGP:{'avg_precision': 0.9270666023470724}


METRICS_PER_CLASSES
CLASS:0
ACC:0.9188
PREC:0.29838709677419356
REC:0.7184466019417476
TNR:0.9274092615769712
FPR:0.7016129032258065
FPDR:0.7016129032258065
F1:0.42165242165242167
BACC:0
CLSFE:0.7016129032258065
MCC:0.4294159806649656
GMEAN:0.8162683581943382
SAMPLES:248
AUC:{}
AVGP:{}
CLASS:1
ACC:0.9188
PREC:0.9871225577264654
REC:0.9274092615769712
TNR:0.7184466019417476
FPR:0.012877442273534635
FPDR:0.012877442273534635
F1:0.9563346956334695
BACC:0
CLSFE:0.012877442273534635
MCC:0.4294159806649656
GMEAN:0.8162683581943382
SAMPLES:2252
AUC:{}
AVGP:{}
