

GENERAL_METRICS
ACC:0.742
PREC:0.7440442813886797
REC:0.745995090756411
TNR:0.745995090756411
FPR:0.25595571861132027
FPDR:0.25595571861132027
F1:0.7417675908317485
BACC:0.0
CLSFE:0.258
MCC:0.49003548911804906
GMEAN:0.7448334197675581
SAMPLES:500.0
AUC:{'AUC macro OVO': 0.7440442813886797}
AVGP:{'avg_precision': 0.7032922404072847}


METRICS_PER_CLASSES
CLASS:0
ACC:0.742
PREC:0.8008298755186722
REC:0.7043795620437956
TNR:0.7876106194690266
FPR:0.1991701244813278
FPDR:0.1991701244813278
F1:0.7495145631067961
BACC:0
CLSFE:0.1991701244813278
MCC:0.49003548911804906
GMEAN:0.7448334197675581
SAMPLES:241
AUC:{}
AVGP:{}
CLASS:1
ACC:0.742
PREC:0.6872586872586872
REC:0.7876106194690266
TNR:0.7043795620437956
FPR:0.3127413127413127
FPDR:0.3127413127413127
F1:0.734020618556701
BACC:0
CLSFE:0.3127413127413127
MCC:0.49003548911804906
GMEAN:0.7448334197675581
SAMPLES:259
AUC:{}
AVGP:{}
