

GENERAL_METRICS
ACC:0.734
PREC:0.7332655902449953
REC:0.7371169236775327
TNR:0.7371169236775327
FPR:0.26673440975500473
FPDR:0.26673440975500473
F1:0.7326901818912672
BACC:0.0
CLSFE:0.266
MCC:0.47036674694845154
GMEAN:0.7367145916944089
SAMPLES:500.0
AUC:{'AUC macro OVO': 0.7332655902449952}
AVGP:{'avg_precision': 0.6737557478735654}


METRICS_PER_CLASSES
CLASS:0
ACC:0.734
PREC:0.7944664031620553
REC:0.7127659574468085
TNR:0.7614678899082569
FPR:0.20553359683794467
FPDR:0.20553359683794467
F1:0.7514018691588785
BACC:0
CLSFE:0.20553359683794467
MCC:0.47036674694845154
GMEAN:0.7367145916944089
SAMPLES:253
AUC:{}
AVGP:{}
CLASS:1
ACC:0.734
PREC:0.6720647773279352
REC:0.7614678899082569
TNR:0.7127659574468085
FPR:0.32793522267206476
FPDR:0.32793522267206476
F1:0.7139784946236559
BACC:0
CLSFE:0.32793522267206476
MCC:0.47036674694845154
GMEAN:0.7367145916944089
SAMPLES:247
AUC:{}
AVGP:{}
