

GENERAL_METRICS
ACC:0.8817777777777778
PREC:0.6134432898407872
REC:0.6643482101798291
TNR:0.6643482101798291
FPR:0.3865567101592128
FPDR:0.3865567101592128
F1:0.6317340067340067
BACC:0.0
CLSFE:0.11822222222222223
MCC:0.2730875437821723
GMEAN:0.6143060353170775
SAMPLES:2250.0
AUC:{'AUC macro OVO': 0.6134432898407872}
AVGP:{'avg_precision': 0.9162371133302162}


METRICS_PER_CLASSES
CLASS:0
ACC:0.8817777777777778
PREC:0.27310924369747897
REC:0.41139240506329117
TNR:0.9173040152963671
FPR:0.726890756302521
FPDR:0.726890756302521
F1:0.3282828282828283
BACC:0
CLSFE:0.726890756302521
MCC:0.2730875437821723
GMEAN:0.6143060353170775
SAMPLES:238
AUC:{}
AVGP:{}
CLASS:1
ACC:0.8817777777777778
PREC:0.9537773359840954
REC:0.9173040152963671
TNR:0.41139240506329117
FPR:0.04622266401590457
FPDR:0.04622266401590457
F1:0.9351851851851852
BACC:0
CLSFE:0.04622266401590457
MCC:0.2730875437821723
GMEAN:0.6143060353170775
SAMPLES:2012
AUC:{}
AVGP:{}
