

GENERAL_METRICS
ACC:0.876
PREC:0.6198435170263716
REC:0.6871297926691966
TNR:0.6871297926691966
FPR:0.3801564829736283
FPDR:0.3801564829736283
F1:0.6420504989625024
BACC:0.0
CLSFE:0.124
MCC:0.29950821353607165
GMEAN:0.6506633974891305
SAMPLES:2250.0
AUC:{'AUC macro OVO': 0.6198435170263716}
AVGP:{'avg_precision': 0.9068117887694247}


METRICS_PER_CLASSES
CLASS:0
ACC:0.876
PREC:0.2835820895522388
REC:0.4662576687116564
TNR:0.9080019166267369
FPR:0.7164179104477612
FPDR:0.7164179104477612
F1:0.35266821345707655
BACC:0
CLSFE:0.7164179104477612
MCC:0.29950821353607165
GMEAN:0.6506633974891305
SAMPLES:268
AUC:{}
AVGP:{}
CLASS:1
ACC:0.876
PREC:0.9561049445005045
REC:0.9080019166267369
TNR:0.4662576687116564
FPR:0.04389505549949546
FPDR:0.04389505549949546
F1:0.9314327844679282
BACC:0
CLSFE:0.04389505549949546
MCC:0.29950821353607165
GMEAN:0.6506633974891305
SAMPLES:1982
AUC:{}
AVGP:{}
