

GENERAL_METRICS
ACC:0.8728888888888889
PREC:0.6076612326612326
REC:0.6549763277068752
TNR:0.6549763277068752
FPR:0.3923387673387673
FPDR:0.3923387673387673
F1:0.6244747899159664
BACC:0.0
CLSFE:0.12711111111111112
MCC:0.2583404147572217
GMEAN:0.6028039137542157
SAMPLES:2250.0
AUC:{'AUC macro OVO': 0.6076612326612327}
AVGP:{'avg_precision': 0.9099732335601691}


METRICS_PER_CLASSES
CLASS:0
ACC:0.8728888888888889
PREC:0.26587301587301587
REC:0.39880952380952384
TNR:0.9111431316042267
FPR:0.7341269841269841
FPDR:0.7341269841269841
F1:0.319047619047619
BACC:0
CLSFE:0.7341269841269841
MCC:0.2583404147572217
GMEAN:0.6028039137542157
SAMPLES:252
AUC:{}
AVGP:{}
CLASS:1
ACC:0.8728888888888889
PREC:0.9494494494494494
REC:0.9111431316042267
TNR:0.39880952380952384
FPR:0.05055055055055055
FPDR:0.05055055055055055
F1:0.9299019607843138
BACC:0
CLSFE:0.05055055055055055
MCC:0.2583404147572217
GMEAN:0.6028039137542157
SAMPLES:1998
AUC:{}
AVGP:{}
