

GENERAL_METRICS
ACC:0.8902222222222222
PREC:0.6248445273631841
REC:0.697313457285609
TNR:0.697313457285609
FPR:0.3751554726368159
FPDR:0.3751554726368159
F1:0.6492086285524925
BACC:0.0
CLSFE:0.10977777777777778
MCC:0.31390129223829366
GMEAN:0.6612150484696433
SAMPLES:2250.0
AUC:{'AUC macro OVO': 0.6248445273631841}
AVGP:{'avg_precision': 0.9178032560869446}


METRICS_PER_CLASSES
CLASS:0
ACC:0.8902222222222222
PREC:0.2875
REC:0.47586206896551725
TNR:0.9187648456057007
FPR:0.7125
FPDR:0.7125
F1:0.35844155844155845
BACC:0
CLSFE:0.7125
MCC:0.31390129223829366
GMEAN:0.6612150484696433
SAMPLES:240
AUC:{}
AVGP:{}
CLASS:1
ACC:0.8902222222222222
PREC:0.9621890547263682
REC:0.9187648456057007
TNR:0.47586206896551725
FPR:0.03781094527363184
FPDR:0.03781094527363184
F1:0.9399756986634265
BACC:0
CLSFE:0.03781094527363184
MCC:0.31390129223829366
GMEAN:0.6612150484696433
SAMPLES:2010
AUC:{}
AVGP:{}
