

GENERAL_METRICS
ACC:0.9272941176470588
PREC:0.5199712643678162
REC:0.6161024799914954
TNR:0.6161024799914954
FPR:0.4800287356321839
FPDR:0.4800287356321839
F1:0.522616161583115
BACC:0.0
CLSFE:0.07270588235294118
MCC:0.09630603972065789
GMEAN:0.5275526932198322
SAMPLES:4250.0
AUC:{'AUC macro OVO': 0.5199712643678162}
AVGP:{'avg_precision': 0.934311220276833}


METRICS_PER_CLASSES
CLASS:0
ACC:0.9272941176470588
PREC:0.04827586206896552
REC:0.2978723404255319
TNR:0.9343326195574589
FPR:0.9517241379310345
FPDR:0.9517241379310345
F1:0.0830860534124629
BACC:0
CLSFE:0.9517241379310345
MCC:0.09630603972065789
GMEAN:0.5275526932198322
SAMPLES:290
AUC:{}
AVGP:{}
CLASS:1
ACC:0.9272941176470588
PREC:0.9916666666666667
REC:0.9343326195574589
TNR:0.2978723404255319
FPR:0.008333333333333333
FPDR:0.008333333333333333
F1:0.962146269753767
BACC:0
CLSFE:0.008333333333333333
MCC:0.09630603972065789
GMEAN:0.5275526932198322
SAMPLES:3960
AUC:{}
AVGP:{}
