

GENERAL_METRICS
ACC:0.9414117647058824
PREC:0.5284641707278454
REC:0.6163724313413445
TNR:0.6163724313413445
FPR:0.4715358292721547
FPDR:0.4715358292721547
F1:0.5386192978119241
BACC:0.0
CLSFE:0.05858823529411765
MCC:0.1151076844300933
GMEAN:0.518449974322452
SAMPLES:4250.0
AUC:{'AUC macro OVO': 0.5284641707278452}
AVGP:{'avg_precision': 0.9496985857911717}


METRICS_PER_CLASSES
CLASS:0
ACC:0.9414117647058824
PREC:0.06637168141592921
REC:0.2830188679245283
TNR:0.9497259947581606
FPR:0.9336283185840708
FPDR:0.9336283185840708
F1:0.10752688172043011
BACC:0
CLSFE:0.9336283185840708
MCC:0.1151076844300933
GMEAN:0.518449974322452
SAMPLES:226
AUC:{}
AVGP:{}
CLASS:1
ACC:0.9414117647058824
PREC:0.9905566600397614
REC:0.9497259947581606
TNR:0.2830188679245283
FPR:0.009443339960238568
FPDR:0.009443339960238568
F1:0.969711713903418
BACC:0
CLSFE:0.009443339960238568
MCC:0.1151076844300933
GMEAN:0.518449974322452
SAMPLES:4024
AUC:{}
AVGP:{}
