

GENERAL_METRICS
ACC:0.9376470588235294
PREC:0.5374145406036351
REC:0.6633763137934772
TNR:0.6633763137934772
FPR:0.4625854593963648
FPDR:0.4625854593963648
F1:0.5522315665514098
BACC:0.0
CLSFE:0.06235294117647059
MCC:0.15636687278446526
GMEAN:0.6006605963610432
SAMPLES:4250.0
AUC:{'AUC macro OVO': 0.5374145406036352}
AVGP:{'avg_precision': 0.9448984849993531}


METRICS_PER_CLASSES
CLASS:0
ACC:0.9376470588235294
PREC:0.08333333333333333
REC:0.38181818181818183
TNR:0.9449344457687724
FPR:0.9166666666666666
FPDR:0.9166666666666666
F1:0.13680781758957655
BACC:0
CLSFE:0.9166666666666666
MCC:0.15636687278446526
GMEAN:0.6006605963610432
SAMPLES:252
AUC:{}
AVGP:{}
CLASS:1
ACC:0.9376470588235294
PREC:0.991495747873937
REC:0.9449344457687724
TNR:0.38181818181818183
FPR:0.008504252126063032
FPDR:0.008504252126063032
F1:0.967655315513243
BACC:0
CLSFE:0.008504252126063032
MCC:0.15636687278446526
GMEAN:0.6006605963610432
SAMPLES:3998
AUC:{}
AVGP:{}
