

GENERAL_METRICS
ACC:0.9364705882352942
PREC:0.5408130137214903
REC:0.6398788168699673
TNR:0.6398788168699673
FPR:0.45918698627850973
FPDR:0.45918698627850973
F1:0.5562892089535618
BACC:0.0
CLSFE:0.06352941176470588
MCC:0.15111420942134857
GMEAN:0.5616714046506199
SAMPLES:4250.0
AUC:{'AUC macro OVO': 0.5408130137214903}
AVGP:{'avg_precision': 0.9463721071556871}


METRICS_PER_CLASSES
CLASS:0
ACC:0.9364705882352942
PREC:0.0931174089068826
REC:0.3333333333333333
TNR:0.9464243004066013
FPR:0.9068825910931174
FPDR:0.9068825910931174
F1:0.14556962025316456
BACC:0
CLSFE:0.9068825910931174
MCC:0.15111420942134857
GMEAN:0.5616714046506199
SAMPLES:247
AUC:{}
AVGP:{}
CLASS:1
ACC:0.9364705882352942
PREC:0.988508618536098
REC:0.9464243004066013
TNR:0.3333333333333333
FPR:0.011491381463902073
FPDR:0.011491381463902073
F1:0.967008797653959
BACC:0
CLSFE:0.011491381463902073
MCC:0.15111420942134857
GMEAN:0.5616714046506199
SAMPLES:4003
AUC:{}
AVGP:{}
