

GENERAL_METRICS
ACC:0.8368
PREC:0.7600811997102224
REC:0.753042678537102
TNR:0.753042678537102
FPR:0.2399188002897776
FPDR:0.2399188002897776
F1:0.7564414083990464
BACC:0.0
CLSFE:0.1632
MCC:0.5130756022724824
GMEAN:0.7383805109304662
SAMPLES:1250.0
AUC:{'AUC macro OVO': 0.7600811997102224}
AVGP:{'avg_precision': 0.8890487637764128}


METRICS_PER_CLASSES
CLASS:0
ACC:0.8368
PREC:0.6283524904214559
REC:0.6051660516605166
TNR:0.9009193054136875
FPR:0.3716475095785441
FPDR:0.3716475095785441
F1:0.6165413533834586
BACC:0
CLSFE:0.3716475095785441
MCC:0.5130756022724824
GMEAN:0.7383805109304662
SAMPLES:261
AUC:{}
AVGP:{}
CLASS:1
ACC:0.8368
PREC:0.8918099089989889
REC:0.9009193054136875
TNR:0.6051660516605166
FPR:0.10819009100101112
FPDR:0.10819009100101112
F1:0.8963414634146342
BACC:0
CLSFE:0.10819009100101112
MCC:0.5130756022724824
GMEAN:0.7383805109304662
SAMPLES:989
AUC:{}
AVGP:{}
