

GENERAL_METRICS
ACC:0.844
PREC:0.7533505504402288
REC:0.7494372105075633
TNR:0.7494372105075633
FPR:0.2466494495597712
FPDR:0.2466494495597712
F1:0.751359489804974
BACC:0.0
CLSFE:0.156
MCC:0.5027725313991065
GMEAN:0.7330337311977899
SAMPLES:1250.0
AUC:{'AUC macro OVO': 0.7533505504402289}
AVGP:{'avg_precision': 0.8956482099352836}


METRICS_PER_CLASSES
CLASS:0
ACC:0.844
PREC:0.6058091286307054
REC:0.5934959349593496
TNR:0.9053784860557769
FPR:0.3941908713692946
FPDR:0.3941908713692946
F1:0.5995893223819302
BACC:0
CLSFE:0.3941908713692946
MCC:0.5027725313991065
GMEAN:0.7330337311977899
SAMPLES:241
AUC:{}
AVGP:{}
CLASS:1
ACC:0.844
PREC:0.9008919722497523
REC:0.9053784860557769
TNR:0.5934959349593496
FPR:0.09910802775024777
FPDR:0.09910802775024777
F1:0.9031296572280179
BACC:0
CLSFE:0.09910802775024777
MCC:0.5027725313991065
GMEAN:0.7330337311977899
SAMPLES:1009
AUC:{}
AVGP:{}
