

GENERAL_METRICS
ACC:0.8304
PREC:0.7618950742352277
REC:0.7299266614177821
TNR:0.7299266614177821
FPR:0.23810492576477232
FPDR:0.23810492576477232
F1:0.7433453815727795
BACC:0.0
CLSFE:0.1696
MCC:0.490781662496341
GMEAN:0.7063150621083961
SAMPLES:1250.0
AUC:{'AUC macro OVO': 0.7618950742352276}
AVGP:{'avg_precision': 0.9007607410862609}


METRICS_PER_CLASSES
CLASS:0
ACC:0.8304
PREC:0.6512605042016807
REC:0.545774647887324
TNR:0.9140786749482401
FPR:0.3487394957983193
FPDR:0.3487394957983193
F1:0.5938697318007663
BACC:0
CLSFE:0.3487394957983193
MCC:0.490781662496341
GMEAN:0.7063150621083961
SAMPLES:238
AUC:{}
AVGP:{}
CLASS:1
ACC:0.8304
PREC:0.8725296442687747
REC:0.9140786749482401
TNR:0.545774647887324
FPR:0.1274703557312253
FPDR:0.1274703557312253
F1:0.8928210313447927
BACC:0
CLSFE:0.1274703557312253
MCC:0.490781662496341
GMEAN:0.7063150621083961
SAMPLES:1012
AUC:{}
AVGP:{}
