

GENERAL_METRICS
ACC:0.8472
PREC:0.7526302002072571
REC:0.772270568306374
TNR:0.772270568306374
FPR:0.24736979979274293
FPDR:0.24736979979274293
F1:0.7616073505814784
BACC:0.0
CLSFE:0.1528
MCC:0.5245331950669392
GMEAN:0.7627308798374614
SAMPLES:1250.0
AUC:{'AUC macro OVO': 0.7526302002072571}
AVGP:{'avg_precision': 0.8845617950350604}


METRICS_PER_CLASSES
CLASS:0
ACC:0.8472
PREC:0.5893536121673004
REC:0.6512605042016807
TNR:0.8932806324110671
FPR:0.41064638783269963
FPDR:0.41064638783269963
F1:0.6187624750499002
BACC:0
CLSFE:0.41064638783269963
MCC:0.5245331950669392
GMEAN:0.7627308798374614
SAMPLES:263
AUC:{}
AVGP:{}
CLASS:1
ACC:0.8472
PREC:0.9159067882472138
REC:0.8932806324110671
TNR:0.6512605042016807
FPR:0.08409321175278622
FPDR:0.08409321175278622
F1:0.9044522261130565
BACC:0
CLSFE:0.08409321175278622
MCC:0.5245331950669392
GMEAN:0.7627308798374614
SAMPLES:987
AUC:{}
AVGP:{}
