

GENERAL_METRICS
ACC:0.8857777777777778
PREC:0.5453577791216514
REC:0.651790292695934
TNR:0.651790292695934
FPR:0.4546422208783486
FPDR:0.4546422208783486
F1:0.5561411413601233
BACC:0.0
CLSFE:0.11422222222222222
MCC:0.16595024036033204
GMEAN:0.6024338545552156
SAMPLES:2250.0
AUC:{'AUC macro OVO': 0.5453577791216514}
AVGP:{'avg_precision': 0.900415252435801}


METRICS_PER_CLASSES
CLASS:0
ACC:0.8857777777777778
PREC:0.11065573770491803
REC:0.40298507462686567
TNR:0.9005955107650023
FPR:0.889344262295082
FPDR:0.889344262295082
F1:0.17363344051446947
BACC:0
CLSFE:0.889344262295082
MCC:0.16595024036033204
GMEAN:0.6024338545552156
SAMPLES:244
AUC:{}
AVGP:{}
CLASS:1
ACC:0.8857777777777778
PREC:0.9800598205383848
REC:0.9005955107650023
TNR:0.40298507462686567
FPR:0.019940179461615155
FPDR:0.019940179461615155
F1:0.938648842205777
BACC:0
CLSFE:0.019940179461615155
MCC:0.16595024036033204
GMEAN:0.6024338545552156
SAMPLES:2006
AUC:{}
AVGP:{}
