

GENERAL_METRICS
ACC:0.8884444444444445
PREC:0.5616687732271879
REC:0.6617036011080333
TNR:0.6617036011080333
FPR:0.43833122677281217
FPDR:0.43833122677281217
F1:0.5790031599922174
BACC:0.0
CLSFE:0.11155555555555556
MCC:0.1997204316713835
GMEAN:0.6146613347843808
SAMPLES:2250.0
AUC:{'AUC macro OVO': 0.5616687732271879}
AVGP:{'avg_precision': 0.906446636108141}


METRICS_PER_CLASSES
CLASS:0
ACC:0.8884444444444445
PREC:0.14767932489451477
REC:0.4166666666666667
TNR:0.9067405355493998
FPR:0.8523206751054853
FPDR:0.8523206751054853
F1:0.21806853582554517
BACC:0
CLSFE:0.8523206751054853
MCC:0.1997204316713835
GMEAN:0.6146613347843808
SAMPLES:237
AUC:{}
AVGP:{}
CLASS:1
ACC:0.8884444444444445
PREC:0.9756582215598609
REC:0.9067405355493998
TNR:0.4166666666666667
FPR:0.024341778440139097
FPDR:0.024341778440139097
F1:0.9399377841588897
BACC:0
CLSFE:0.024341778440139097
MCC:0.1997204316713835
GMEAN:0.6146613347843808
SAMPLES:2013
AUC:{}
AVGP:{}
