

GENERAL_METRICS
ACC:0.8751111111111111
PREC:0.5366435252737801
REC:0.6268265454617945
TNR:0.6268265454617945
FPR:0.46335647472621994
FPDR:0.46335647472621994
F1:0.5418275735376709
BACC:0.0
CLSFE:0.12488888888888888
MCC:0.13634326861294602
GMEAN:0.5682844289205708
SAMPLES:2250.0
AUC:{'AUC macro OVO': 0.53664352527378}
AVGP:{'avg_precision': 0.8911620860729099}


METRICS_PER_CLASSES
CLASS:0
ACC:0.8751111111111111
PREC:0.09541984732824428
REC:0.36231884057971014
TNR:0.8913342503438789
FPR:0.9045801526717557
FPDR:0.9045801526717557
F1:0.1510574018126888
BACC:0
CLSFE:0.9045801526717557
MCC:0.13634326861294602
GMEAN:0.5682844289205708
SAMPLES:262
AUC:{}
AVGP:{}
CLASS:1
ACC:0.8751111111111111
PREC:0.9778672032193159
REC:0.8913342503438789
TNR:0.36231884057971014
FPR:0.022132796780684104
FPDR:0.022132796780684104
F1:0.9325977452626529
BACC:0
CLSFE:0.022132796780684104
MCC:0.13634326861294602
GMEAN:0.5682844289205708
SAMPLES:1988
AUC:{}
AVGP:{}
