

GENERAL_METRICS
ACC:0.8933333333333333
PREC:0.5551739926739927
REC:0.6805694305694305
TNR:0.6805694305694305
FPR:0.44482600732600736
FPDR:0.44482600732600736
F1:0.5714285714285714
BACC:0.0
CLSFE:0.10666666666666667
MCC:0.19962701660231053
GMEAN:0.6419407387663694
SAMPLES:2250.0
AUC:{'AUC macro OVO': 0.5551739926739927}
AVGP:{'avg_precision': 0.9064042386185243}


METRICS_PER_CLASSES
CLASS:0
ACC:0.8933333333333333
PREC:0.1282051282051282
REC:0.45454545454545453
TNR:0.9065934065934066
FPR:0.8717948717948718
FPDR:0.8717948717948718
F1:0.2
BACC:0
CLSFE:0.8717948717948718
MCC:0.19962701660231053
GMEAN:0.6419407387663694
SAMPLES:234
AUC:{}
AVGP:{}
CLASS:1
ACC:0.8933333333333333
PREC:0.9821428571428571
REC:0.9065934065934066
TNR:0.45454545454545453
FPR:0.017857142857142856
FPDR:0.017857142857142856
F1:0.9428571428571428
BACC:0
CLSFE:0.017857142857142856
MCC:0.19962701660231053
GMEAN:0.6419407387663694
SAMPLES:2016
AUC:{}
AVGP:{}
