

GENERAL_METRICS
ACC:0.78
PREC:0.7563291139240507
REC:0.7646703656640437
TNR:0.7646703656640437
FPR:0.24367088607594936
FPDR:0.24367088607594936
F1:0.7599003513700717
BACC:0.0
CLSFE:0.22
MCC:0.5209327031877296
GMEAN:0.7631169087094045
SAMPLES:750.0
AUC:{'AUC macro OVO': 0.7563291139240507}
AVGP:{'avg_precision': 0.7854522299535266}


METRICS_PER_CLASSES
CLASS:0
ACC:0.78
PREC:0.6666666666666666
REC:0.7159533073929961
TNR:0.8133874239350912
FPR:0.3333333333333333
FPDR:0.3333333333333333
F1:0.6904315196998124
BACC:0
CLSFE:0.3333333333333333
MCC:0.5209327031877296
GMEAN:0.7631169087094045
SAMPLES:276
AUC:{}
AVGP:{}
CLASS:1
ACC:0.78
PREC:0.8459915611814346
REC:0.8133874239350912
TNR:0.7159533073929961
FPR:0.1540084388185654
FPDR:0.1540084388185654
F1:0.8293691830403309
BACC:0
CLSFE:0.1540084388185654
MCC:0.5209327031877296
GMEAN:0.7631169087094045
SAMPLES:474
AUC:{}
AVGP:{}
