

GENERAL_METRICS
ACC:0.792
PREC:0.7644682323188141
REC:0.767661239043472
TNR:0.767661239043472
FPR:0.23553176768118592
FPDR:0.23553176768118592
F1:0.766
BACC:0.0
CLSFE:0.208
MCC:0.5321198915661416
GMEAN:0.7643424494791718
SAMPLES:750.0
AUC:{'AUC macro OVO': 0.7644682323188141}
AVGP:{'avg_precision': 0.8123616450192207}


METRICS_PER_CLASSES
CLASS:0
ACC:0.792
PREC:0.6798418972332015
REC:0.6963562753036437
TNR:0.8389662027833003
FPR:0.3201581027667984
FPDR:0.3201581027667984
F1:0.688
BACC:0
CLSFE:0.3201581027667984
MCC:0.5321198915661416
GMEAN:0.7643424494791718
SAMPLES:253
AUC:{}
AVGP:{}
CLASS:1
ACC:0.792
PREC:0.8490945674044266
REC:0.8389662027833003
TNR:0.6963562753036437
FPR:0.15090543259557343
FPDR:0.15090543259557343
F1:0.844
BACC:0
CLSFE:0.15090543259557343
MCC:0.5321198915661416
GMEAN:0.7643424494791718
SAMPLES:497
AUC:{}
AVGP:{}
