

GENERAL_METRICS
ACC:0.78
PREC:0.7483734087694484
REC:0.7499674627448428
TNR:0.7499674627448428
FPR:0.25162659123055164
FPDR:0.25162659123055164
F1:0.7491542189726573
BACC:0.0
CLSFE:0.22
MCC:0.4983383220399038
GMEAN:0.7451716557357816
SAMPLES:750.0
AUC:{'AUC macro OVO': 0.7483734087694482}
AVGP:{'avg_precision': 0.808771809464411}


METRICS_PER_CLASSES
CLASS:0
ACC:0.78
PREC:0.6571428571428571
REC:0.6652892561983471
TNR:0.8346456692913385
FPR:0.34285714285714286
FPDR:0.34285714285714286
F1:0.6611909650924025
BACC:0
CLSFE:0.34285714285714286
MCC:0.4983383220399038
GMEAN:0.7451716557357816
SAMPLES:245
AUC:{}
AVGP:{}
CLASS:1
ACC:0.78
PREC:0.8396039603960396
REC:0.8346456692913385
TNR:0.6652892561983471
FPR:0.1603960396039604
FPDR:0.1603960396039604
F1:0.8371174728529122
BACC:0
CLSFE:0.1603960396039604
MCC:0.4983383220399038
GMEAN:0.7451716557357816
SAMPLES:505
AUC:{}
AVGP:{}
