

GENERAL_METRICS
ACC:0.7906666666666666
PREC:0.7586109542631281
REC:0.7668559611344538
TNR:0.7668559611344538
FPR:0.2413890457368718
FPDR:0.2413890457368718
F1:0.7623223978087235
BACC:0.0
CLSFE:0.20933333333333334
MCC:0.5254022259556399
GMEAN:0.7640813090560058
SAMPLES:750.0
AUC:{'AUC macro OVO': 0.7586109542631281}
AVGP:{'avg_precision': 0.8078363095238095}


METRICS_PER_CLASSES
CLASS:0
ACC:0.7906666666666666
PREC:0.6600790513833992
REC:0.7016806722689075
TNR:0.83203125
FPR:0.33992094861660077
FPDR:0.33992094861660077
F1:0.6802443991853361
BACC:0
CLSFE:0.33992094861660077
MCC:0.5254022259556399
GMEAN:0.7640813090560058
SAMPLES:253
AUC:{}
AVGP:{}
CLASS:1
ACC:0.7906666666666666
PREC:0.8571428571428571
REC:0.83203125
TNR:0.7016806722689075
FPR:0.14285714285714285
FPDR:0.14285714285714285
F1:0.844400396432111
BACC:0
CLSFE:0.14285714285714285
MCC:0.5254022259556399
GMEAN:0.7640813090560058
SAMPLES:497
AUC:{}
AVGP:{}
