NAME: KRNN
DIMENSIONS: 2
SAMPLES_COUNT: (50,)
TOTAL_SIZE: 100
SIZES: dict_values([50, 50])
IMBALANCED: False
IMBALANCED_RATIO: {0: 1, 1: 1}
NO_LABELS: (2,)
MEAN: ([0, 2.0],)
ST_DEV: 0.10730004401478743
NOISE: 0.517834603742856
