NAME: KRNN
DIMENSIONS: 2
SAMPLES_COUNT: (50,)
TOTAL_SIZE: 200
SIZES: dict_values([50, 150])
IMBALANCED: True
IMBALANCED_RATIO: {0: 2, 1: 1}
NO_LABELS: (2,)
MEAN: ([0, 2.0],)
ST_DEV: 0.579488592055563
NOISE: 0.888053814642384
