NAME: KRNN
DIMENSIONS: 2
SAMPLES_COUNT: (50,)
TOTAL_SIZE: 700
SIZES: dict_values([50, 650])
IMBALANCED: True
IMBALANCED_RATIO: {0: 7, 1: 1}
NO_LABELS: (2,)
MEAN: ([0, 2.0],)
ST_DEV: 0.1613268014667727
NOISE: 0.47695792173168605
