

GENERAL_METRICS
ACC:0.9188571428571428
PREC:0.5691364308996616
REC:0.6403460237335497
TNR:0.6403460237335497
FPR:0.4308635691003384
FPDR:0.4308635691003384
F1:0.5884916770992721
BACC:0.0
CLSFE:0.08114285714285714
MCC:0.19700784930450685
GMEAN:0.5665344357294334
SAMPLES:3500.0
AUC:{'AUC macro OVO': 0.5691364308996616}
AVGP:{'avg_precision': 0.9385896025033942}


METRICS_PER_CLASSES
CLASS:0
ACC:0.9188571428571428
PREC:0.16194331983805668
REC:0.3418803418803419
TNR:0.9388117055867573
FPR:0.8380566801619433
FPDR:0.8380566801619433
F1:0.21978021978021978
BACC:0
CLSFE:0.8380566801619433
MCC:0.19700784930450685
GMEAN:0.5665344357294334
SAMPLES:247
AUC:{}
AVGP:{}
CLASS:1
ACC:0.9188571428571428
PREC:0.9763295419612665
REC:0.9388117055867573
TNR:0.3418803418803419
FPR:0.023670458038733477
FPDR:0.023670458038733477
F1:0.9572031344183243
BACC:0
CLSFE:0.023670458038733477
MCC:0.19700784930450685
GMEAN:0.5665344357294334
SAMPLES:3253
AUC:{}
AVGP:{}
