

GENERAL_METRICS
ACC:0.912
PREC:0.5702369589119639
REC:0.661553114996804
TNR:0.661553114996804
FPR:0.42976304108803604
FPDR:0.42976304108803604
F1:0.5916666666666667
BACC:0.0
CLSFE:0.088
MCC:0.21304459157772873
GMEAN:0.6046643237327456
SAMPLES:3500.0
AUC:{'AUC macro OVO': 0.570236958911964}
AVGP:{'avg_precision': 0.9297054564899424}


METRICS_PER_CLASSES
CLASS:0
ACC:0.912
PREC:0.1625441696113074
REC:0.39316239316239315
TNR:0.9299438368312148
FPR:0.8374558303886925
FPDR:0.8374558303886925
F1:0.23
BACC:0
CLSFE:0.8374558303886925
MCC:0.21304459157772873
GMEAN:0.6046643237327456
SAMPLES:283
AUC:{}
AVGP:{}
CLASS:1
ACC:0.912
PREC:0.9779297482126205
REC:0.9299438368312148
TNR:0.39316239316239315
FPR:0.022070251787379546
FPDR:0.022070251787379546
F1:0.9533333333333334
BACC:0
CLSFE:0.022070251787379546
MCC:0.21304459157772873
GMEAN:0.6046643237327456
SAMPLES:3217
AUC:{}
AVGP:{}
