

GENERAL_METRICS
ACC:0.9208571428571428
PREC:0.5766796661193213
REC:0.6639846262779864
TNR:0.6639846262779864
FPR:0.4233203338806787
FPDR:0.4233203338806787
F1:0.5996737929824199
BACC:0.0
CLSFE:0.07914285714285714
MCC:0.22427025118546307
GMEAN:0.6045396387132072
SAMPLES:3500.0
AUC:{'AUC macro OVO': 0.5766796661193213}
AVGP:{'avg_precision': 0.9383637764503804}


METRICS_PER_CLASSES
CLASS:0
ACC:0.9208571428571428
PREC:0.1746031746031746
REC:0.3893805309734513
TNR:0.9385887215825214
FPR:0.8253968253968254
FPDR:0.8253968253968254
F1:0.2410958904109589
BACC:0
CLSFE:0.8253968253968254
MCC:0.22427025118546307
GMEAN:0.6045396387132072
SAMPLES:252
AUC:{}
AVGP:{}
CLASS:1
ACC:0.9208571428571428
PREC:0.978756157635468
REC:0.9385887215825214
TNR:0.3893805309734513
FPR:0.021243842364532018
FPDR:0.021243842364532018
F1:0.9582516955538809
BACC:0
CLSFE:0.021243842364532018
MCC:0.22427025118546307
GMEAN:0.6045396387132072
SAMPLES:3248
AUC:{}
AVGP:{}
