

GENERAL_METRICS
ACC:0.9177142857142857
PREC:0.5559178431748626
REC:0.6421986664283486
TNR:0.6421986664283486
FPR:0.4440821568251374
FPDR:0.4440821568251374
F1:0.5738319274296654
BACC:0.0
CLSFE:0.08228571428571428
MCC:0.17834172511238075
GMEAN:0.5721363793147396
SAMPLES:3500.0
AUC:{'AUC macro OVO': 0.5559178431748626}
AVGP:{'avg_precision': 0.9337286576638959}


METRICS_PER_CLASSES
CLASS:0
ACC:0.9177142857142857
PREC:0.13127413127413126
REC:0.35051546391752575
TNR:0.9338818689391714
FPR:0.8687258687258688
FPDR:0.8687258687258688
F1:0.19101123595505617
BACC:0
CLSFE:0.8687258687258688
MCC:0.17834172511238075
GMEAN:0.5721363793147396
SAMPLES:259
AUC:{}
AVGP:{}
CLASS:1
ACC:0.9177142857142857
PREC:0.980561555075594
REC:0.9338818689391714
TNR:0.35051546391752575
FPR:0.019438444924406047
FPDR:0.019438444924406047
F1:0.9566526189042746
BACC:0
CLSFE:0.019438444924406047
MCC:0.17834172511238075
GMEAN:0.5721363793147396
SAMPLES:3241
AUC:{}
AVGP:{}
