

GENERAL_METRICS
ACC:0.8308571428571428
PREC:0.6180351210251542
REC:0.6351340861740806
TNR:0.6351340861740806
FPR:0.38196487897484577
FPDR:0.38196487897484577
F1:0.6254204980316498
BACC:0.0
CLSFE:0.16914285714285715
MCC:0.2525911179450397
GMEAN:0.5807516231828391
SAMPLES:1750.0
AUC:{'AUC macro OVO': 0.6180351210251542}
AVGP:{'avg_precision': 0.8894896311451553}


METRICS_PER_CLASSES
CLASS:0
ACC:0.8308571428571428
PREC:0.3224489795918367
REC:0.37799043062200954
TNR:0.8922777417261518
FPR:0.6775510204081633
FPDR:0.6775510204081633
F1:0.34801762114537443
BACC:0
CLSFE:0.6775510204081633
MCC:0.2525911179450397
GMEAN:0.5807516231828391
SAMPLES:245
AUC:{}
AVGP:{}
CLASS:1
ACC:0.8308571428571428
PREC:0.9136212624584718
REC:0.8922777417261518
TNR:0.37799043062200954
FPR:0.08637873754152824
FPDR:0.08637873754152824
F1:0.9028233749179252
BACC:0
CLSFE:0.08637873754152824
MCC:0.2525911179450397
GMEAN:0.5807516231828391
SAMPLES:1505
AUC:{}
AVGP:{}
