

GENERAL_METRICS
ACC:0.8451428571428572
PREC:0.6368728570343193
REC:0.6995847271063842
TNR:0.6995847271063842
FPR:0.3631271429656807
FPDR:0.3631271429656807
F1:0.6576986232158646
BACC:0.0
CLSFE:0.15485714285714286
MCC:0.3305615332700752
GMEAN:0.6752986355190056
SAMPLES:1750.0
AUC:{'AUC macro OVO': 0.6368728570343193}
AVGP:{'avg_precision': 0.8799450489274652}


METRICS_PER_CLASSES
CLASS:0
ACC:0.8451428571428572
PREC:0.33212996389891697
REC:0.5168539325842697
TNR:0.8823155216284987
FPR:0.6678700361010831
FPDR:0.6678700361010831
F1:0.4043956043956044
BACC:0
CLSFE:0.6678700361010831
MCC:0.3305615332700752
GMEAN:0.6752986355190056
SAMPLES:277
AUC:{}
AVGP:{}
CLASS:1
ACC:0.8451428571428572
PREC:0.9416157501697217
REC:0.8823155216284987
TNR:0.5168539325842697
FPR:0.058384249830278345
FPDR:0.058384249830278345
F1:0.9110016420361248
BACC:0
CLSFE:0.058384249830278345
MCC:0.3305615332700752
GMEAN:0.6752986355190056
SAMPLES:1473
AUC:{}
AVGP:{}
