

GENERAL_METRICS
ACC:0.8245714285714286
PREC:0.5969252741793725
REC:0.6518887379345707
TNR:0.6518887379345707
FPR:0.4030747258206275
FPDR:0.4030747258206275
F1:0.6122268536061639
BACC:0.0
CLSFE:0.17542857142857143
MCC:0.2426673242862922
GMEAN:0.6157554956927348
SAMPLES:1750.0
AUC:{'AUC macro OVO': 0.5969252741793725}
AVGP:{'avg_precision': 0.8640040049159096}


METRICS_PER_CLASSES
CLASS:0
ACC:0.8245714285714286
PREC:0.25874125874125875
REC:0.4378698224852071
TNR:0.8659076533839343
FPR:0.7412587412587412
FPDR:0.7412587412587412
F1:0.3252747252747253
BACC:0
CLSFE:0.7412587412587412
MCC:0.2426673242862922
GMEAN:0.6157554956927348
SAMPLES:286
AUC:{}
AVGP:{}
CLASS:1
ACC:0.8245714285714286
PREC:0.9351092896174863
REC:0.8659076533839343
TNR:0.4378698224852071
FPR:0.06489071038251366
FPDR:0.06489071038251366
F1:0.8991789819376026
BACC:0
CLSFE:0.06489071038251366
MCC:0.2426673242862922
GMEAN:0.6157554956927348
SAMPLES:1464
AUC:{}
AVGP:{}
