

GENERAL_METRICS
ACC:0.8451428571428572
PREC:0.645078034857594
REC:0.6757201882978996
TNR:0.6757201882978996
FPR:0.35492196514240604
FPDR:0.35492196514240604
F1:0.6576986232158646
BACC:0.0
CLSFE:0.15485714285714286
MCC:0.31933142409143295
GMEAN:0.6388089340303935
SAMPLES:1750.0
AUC:{'AUC macro OVO': 0.645078034857594}
AVGP:{'avg_precision': 0.8930140112882341}


METRICS_PER_CLASSES
CLASS:0
ACC:0.8451428571428572
PREC:0.36363636363636365
REC:0.45544554455445546
TNR:0.8959948320413437
FPR:0.6363636363636364
FPDR:0.6363636363636364
F1:0.4043956043956044
BACC:0
CLSFE:0.6363636363636364
MCC:0.31933142409143295
GMEAN:0.6388089340303935
SAMPLES:253
AUC:{}
AVGP:{}
CLASS:1
ACC:0.8451428571428572
PREC:0.9265197060788243
REC:0.8959948320413437
TNR:0.45544554455445546
FPR:0.07348029392117568
FPDR:0.07348029392117568
F1:0.9110016420361248
BACC:0
CLSFE:0.07348029392117568
MCC:0.31933142409143295
GMEAN:0.6388089340303935
SAMPLES:1497
AUC:{}
AVGP:{}
