

GENERAL_METRICS
ACC:0.8765
PREC:0.6115724075829598
REC:0.711990164385446
TNR:0.711990164385446
FPR:0.38842759241704017
FPDR:0.38842759241704017
F1:0.6383260205392749
BACC:0.0
CLSFE:0.1235
MCC:0.3075857800639792
GMEAN:0.6867768379911942
SAMPLES:2000.0
AUC:{'AUC macro OVO': 0.6115724075829598}
AVGP:{'avg_precision': 0.8988990184818813}


METRICS_PER_CLASSES
CLASS:0
ACC:0.8765
PREC:0.25691699604743085
REC:0.5241935483870968
TNR:0.8997867803837953
FPR:0.7430830039525692
FPDR:0.7430830039525692
F1:0.3448275862068966
BACC:0
CLSFE:0.7430830039525692
MCC:0.3075857800639792
GMEAN:0.6867768379911942
SAMPLES:253
AUC:{}
AVGP:{}
CLASS:1
ACC:0.8765
PREC:0.9662278191184889
REC:0.8997867803837953
TNR:0.5241935483870968
FPR:0.03377218088151116
FPDR:0.03377218088151116
F1:0.9318244548716533
BACC:0
CLSFE:0.03377218088151116
MCC:0.3075857800639792
GMEAN:0.6867768379911942
SAMPLES:1747
AUC:{}
AVGP:{}
