

GENERAL_METRICS
ACC:0.8625
PREC:0.6033250354015026
REC:0.6641230806700598
TNR:0.6641230806700598
FPR:0.3966749645984974
FPDR:0.3966749645984974
F1:0.622246261096516
BACC:0.0
CLSFE:0.1375
MCC:0.260445949251952
GMEAN:0.6216612439506816
SAMPLES:2000.0
AUC:{'AUC macro OVO': 0.6033250354015026}
AVGP:{'avg_precision': 0.8965619080187612}


METRICS_PER_CLASSES
CLASS:0
ACC:0.8625
PREC:0.2559055118110236
REC:0.4304635761589404
TNR:0.897782585181179
FPR:0.7440944881889764
FPDR:0.7440944881889764
F1:0.32098765432098764
BACC:0
CLSFE:0.7440944881889764
MCC:0.260445949251952
GMEAN:0.6216612439506816
SAMPLES:254
AUC:{}
AVGP:{}
CLASS:1
ACC:0.8625
PREC:0.9507445589919816
REC:0.897782585181179
TNR:0.4304635761589404
FPR:0.049255441008018326
FPDR:0.049255441008018326
F1:0.9235048678720446
BACC:0
CLSFE:0.049255441008018326
MCC:0.260445949251952
GMEAN:0.6216612439506816
SAMPLES:1746
AUC:{}
AVGP:{}
