

GENERAL_METRICS
ACC:0.882
PREC:0.6282412990309758
REC:0.7348431175137451
TNR:0.7348431175137451
FPR:0.37175870096902425
FPDR:0.37175870096902425
F1:0.6584847721832953
BACC:0.0
CLSFE:0.118
MCC:0.34708262104834214
GMEAN:0.7151571499529953
SAMPLES:2000.0
AUC:{'AUC macro OVO': 0.6282412990309758}
AVGP:{'avg_precision': 0.9028236650322444}


METRICS_PER_CLASSES
CLASS:0
ACC:0.882
PREC:0.2885375494071146
REC:0.5658914728682171
TNR:0.9037947621592731
FPR:0.7114624505928854
FPDR:0.7114624505928854
F1:0.38219895287958117
BACC:0
CLSFE:0.7114624505928854
MCC:0.34708262104834214
GMEAN:0.7151571499529953
SAMPLES:253
AUC:{}
AVGP:{}
CLASS:1
ACC:0.882
PREC:0.9679450486548369
REC:0.9037947621592731
TNR:0.5658914728682171
FPR:0.03205495134516314
FPDR:0.03205495134516314
F1:0.9347705914870094
BACC:0
CLSFE:0.03205495134516314
MCC:0.34708262104834214
GMEAN:0.7151571499529953
SAMPLES:1747
AUC:{}
AVGP:{}
