

GENERAL_METRICS
ACC:0.877
PREC:0.615029556335499
REC:0.7296346306941885
TNR:0.7296346306941885
FPR:0.3849704436645009
FPDR:0.3849704436645009
F1:0.6440137879537738
BACC:0.0
CLSFE:0.123
MCC:0.325052424621129
GMEAN:0.7101125143147236
SAMPLES:2000.0
AUC:{'AUC macro OVO': 0.615029556335499}
AVGP:{'avg_precision': 0.8964389548415173}


METRICS_PER_CLASSES
CLASS:0
ACC:0.877
PREC:0.26053639846743293
REC:0.5619834710743802
TNR:0.8972857903139968
FPR:0.7394636015325671
FPDR:0.7394636015325671
F1:0.35602094240837695
BACC:0
CLSFE:0.7394636015325671
MCC:0.325052424621129
GMEAN:0.7101125143147236
SAMPLES:261
AUC:{}
AVGP:{}
CLASS:1
ACC:0.877
PREC:0.9695227142035653
REC:0.8972857903139968
TNR:0.5619834710743802
FPR:0.030477285796434734
FPDR:0.030477285796434734
F1:0.9320066334991708
BACC:0
CLSFE:0.030477285796434734
MCC:0.325052424621129
GMEAN:0.7101125143147236
SAMPLES:1739
AUC:{}
AVGP:{}
