

GENERAL_METRICS
ACC:0.7386666666666667
PREC:0.7126842329154468
REC:0.6990810502728741
TNR:0.6990810502728741
FPR:0.2873157670845532
FPDR:0.2873157670845532
F1:0.7042039262401301
BACC:0.0
CLSFE:0.2613333333333333
MCC:0.4115405227449066
GMEAN:0.686401605974846
SAMPLES:750.0
AUC:{'AUC macro OVO': 0.7126842329154468}
AVGP:{'avg_precision': 0.8009537216175475}


METRICS_PER_CLASSES
CLASS:0
ACC:0.7386666666666667
PREC:0.645021645021645
REC:0.5665399239543726
TNR:0.8316221765913757
FPR:0.354978354978355
FPDR:0.354978354978355
F1:0.6032388663967612
BACC:0
CLSFE:0.354978354978355
MCC:0.4115405227449066
GMEAN:0.686401605974846
SAMPLES:231
AUC:{}
AVGP:{}
CLASS:1
ACC:0.7386666666666667
PREC:0.7803468208092486
REC:0.8316221765913757
TNR:0.5665399239543726
FPR:0.21965317919075145
FPDR:0.21965317919075145
F1:0.805168986083499
BACC:0
CLSFE:0.21965317919075145
MCC:0.4115405227449066
GMEAN:0.686401605974846
SAMPLES:519
AUC:{}
AVGP:{}
