

GENERAL_METRICS
ACC:0.7306666666666667
PREC:0.7054806050549502
REC:0.6987693953986089
TNR:0.6987693953986089
FPR:0.29451939494504964
FPDR:0.29451939494504964
F1:0.7016212894687086
BACC:0.0
CLSFE:0.2693333333333333
MCC:0.40419428809874497
GMEAN:0.6899363214801211
SAMPLES:750.0
AUC:{'AUC macro OVO': 0.7054806050549505}
AVGP:{'avg_precision': 0.7784507176123943}


METRICS_PER_CLASSES
CLASS:0
ACC:0.7306666666666667
PREC:0.6305220883534136
REC:0.5880149812734082
TNR:0.8095238095238095
FPR:0.36947791164658633
FPDR:0.36947791164658633
F1:0.6085271317829457
BACC:0
CLSFE:0.36947791164658633
MCC:0.40419428809874497
GMEAN:0.6899363214801211
SAMPLES:249
AUC:{}
AVGP:{}
CLASS:1
ACC:0.7306666666666667
PREC:0.780439121756487
REC:0.8095238095238095
TNR:0.5880149812734082
FPR:0.21956087824351297
FPDR:0.21956087824351297
F1:0.7947154471544715
BACC:0
CLSFE:0.21956087824351297
MCC:0.40419428809874497
GMEAN:0.6899363214801211
SAMPLES:501
AUC:{}
AVGP:{}
