

GENERAL_METRICS
ACC:0.732
PREC:0.7147058823529411
REC:0.6994096624149209
TNR:0.6994096624149209
FPR:0.2852941176470588
FPDR:0.2852941176470588
F1:0.7044459562521198
BACC:0.0
CLSFE:0.268
MCC:0.41383294947839866
GMEAN:0.6872190830174493
SAMPLES:750.0
AUC:{'AUC macro OVO': 0.7147058823529412}
AVGP:{'avg_precision': 0.7939726577198043}


METRICS_PER_CLASSES
CLASS:0
ACC:0.732
PREC:0.6666666666666666
REC:0.5693950177935944
TNR:0.8294243070362474
FPR:0.3333333333333333
FPDR:0.3333333333333333
F1:0.6142034548944337
BACC:0
CLSFE:0.3333333333333333
MCC:0.41383294947839866
GMEAN:0.6872190830174493
SAMPLES:240
AUC:{}
AVGP:{}
CLASS:1
ACC:0.732
PREC:0.7627450980392156
REC:0.8294243070362474
TNR:0.5693950177935944
FPR:0.2372549019607843
FPDR:0.2372549019607843
F1:0.7946884576098059
BACC:0
CLSFE:0.2372549019607843
MCC:0.41383294947839866
GMEAN:0.6872190830174493
SAMPLES:510
AUC:{}
AVGP:{}
