

GENERAL_METRICS
ACC:0.7266666666666667
PREC:0.6853968253968254
REC:0.6781414719854233
TNR:0.6781414719854233
FPR:0.3146031746031746
FPDR:0.3146031746031746
F1:0.6812883619983789
BACC:0.0
CLSFE:0.2733333333333333
MCC:0.3634658904360352
GMEAN:0.6641960358570994
SAMPLES:750.0
AUC:{'AUC macro OVO': 0.6853968253968254}
AVGP:{'avg_precision': 0.7906546681664792}


METRICS_PER_CLASSES
CLASS:0
ACC:0.7266666666666667
PREC:0.5822222222222222
REC:0.5413223140495868
TNR:0.8149606299212598
FPR:0.4177777777777778
FPDR:0.4177777777777778
F1:0.5610278372591007
BACC:0
CLSFE:0.4177777777777778
MCC:0.3634658904360352
GMEAN:0.6641960358570994
SAMPLES:225
AUC:{}
AVGP:{}
CLASS:1
ACC:0.7266666666666667
PREC:0.7885714285714286
REC:0.8149606299212598
TNR:0.5413223140495868
FPR:0.21142857142857144
FPDR:0.21142857142857144
F1:0.8015488867376573
BACC:0
CLSFE:0.21142857142857144
MCC:0.3634658904360352
GMEAN:0.6641960358570994
SAMPLES:525
AUC:{}
AVGP:{}
