

GENERAL_METRICS
ACC:0.9076
PREC:0.601352528008359
REC:0.771455223880597
TNR:0.771455223880597
FPR:0.398647471991641
FPDR:0.398647471991641
F1:0.6364995949566915
BACC:0.0
CLSFE:0.0924
MCC:0.33173889239203513
GMEAN:0.7574259236722402
SAMPLES:2500.0
AUC:{'AUC macro OVO': 0.6013525280083589}
AVGP:{'avg_precision': 0.9176297869796545}


METRICS_PER_CLASSES
CLASS:0
ACC:0.9076
PREC:0.21739130434782608
REC:0.625
TNR:0.917910447761194
FPR:0.782608695652174
FPDR:0.782608695652174
F1:0.3225806451612903
BACC:0
CLSFE:0.782608695652174
MCC:0.33173889239203513
GMEAN:0.7574259236722402
SAMPLES:253
AUC:{}
AVGP:{}
CLASS:1
ACC:0.9076
PREC:0.9853137516688919
REC:0.917910447761194
TNR:0.625
FPR:0.014686248331108143
FPDR:0.014686248331108143
F1:0.9504185447520928
BACC:0
CLSFE:0.014686248331108143
MCC:0.33173889239203513
GMEAN:0.7574259236722402
SAMPLES:2247
AUC:{}
AVGP:{}
