

GENERAL_METRICS
ACC:0.8952
PREC:0.5860888224936215
REC:0.7037680595890494
TNR:0.7037680595890494
FPR:0.41391117750637857
FPDR:0.41391117750637857
F1:0.6118527719045407
BACC:0.0
CLSFE:0.1048
MCC:0.2648935809855071
GMEAN:0.6721355250362082
SAMPLES:2500.0
AUC:{'AUC macro OVO': 0.5860888224936214}
AVGP:{'avg_precision': 0.9120005348355834}


METRICS_PER_CLASSES
CLASS:0
ACC:0.8952
PREC:0.19540229885057472
REC:0.49514563106796117
TNR:0.9123904881101377
FPR:0.8045977011494253
FPDR:0.8045977011494253
F1:0.2802197802197802
BACC:0
CLSFE:0.8045977011494253
MCC:0.2648935809855071
GMEAN:0.6721355250362082
SAMPLES:261
AUC:{}
AVGP:{}
CLASS:1
ACC:0.8952
PREC:0.9767753461366682
REC:0.9123904881101377
TNR:0.49514563106796117
FPR:0.023224653863331845
FPDR:0.023224653863331845
F1:0.9434857635893011
BACC:0
CLSFE:0.023224653863331845
MCC:0.2648935809855071
GMEAN:0.6721355250362082
SAMPLES:2239
AUC:{}
AVGP:{}
