

GENERAL_METRICS
ACC:0.9016
PREC:0.5966759905686281
REC:0.7210428893722332
TNR:0.7210428893722332
FPR:0.40332400943137187
FPDR:0.40332400943137187
F1:0.6260679863122642
BACC:0.0
CLSFE:0.0984
MCC:0.29236648431865314
GMEAN:0.6936742782294808
SAMPLES:2500.0
AUC:{'AUC macro OVO': 0.5966759905686281}
AVGP:{'avg_precision': 0.9174170987040455}


METRICS_PER_CLASSES
CLASS:0
ACC:0.9016
PREC:0.2151394422310757
REC:0.5242718446601942
TNR:0.917813934084272
FPR:0.7848605577689243
FPDR:0.7848605577689243
F1:0.3050847457627119
BACC:0
CLSFE:0.7848605577689243
MCC:0.29236648431865314
GMEAN:0.6936742782294808
SAMPLES:251
AUC:{}
AVGP:{}
CLASS:1
ACC:0.9016
PREC:0.9782125389061805
REC:0.917813934084272
TNR:0.5242718446601942
FPR:0.021787461093819474
FPDR:0.021787461093819474
F1:0.9470512268618166
BACC:0
CLSFE:0.021787461093819474
MCC:0.29236648431865314
GMEAN:0.6936742782294808
SAMPLES:2249
AUC:{}
AVGP:{}
