

GENERAL_METRICS
ACC:0.9084
PREC:0.6106281391337931
REC:0.7222708254089008
TNR:0.7222708254089008
FPR:0.3893718608662069
FPDR:0.3893718608662069
F1:0.6415941142554141
BACC:0.0
CLSFE:0.0916
MCC:0.31362020214723996
GMEAN:0.6928367934556584
SAMPLES:2500.0
AUC:{'AUC macro OVO': 0.6106281391337931}
AVGP:{'avg_precision': 0.925902544974004}


METRICS_PER_CLASSES
CLASS:0
ACC:0.9084
PREC:0.2446351931330472
REC:0.5181818181818182
TNR:0.9263598326359833
FPR:0.7553648068669528
FPDR:0.7553648068669528
F1:0.3323615160349854
BACC:0
CLSFE:0.7553648068669528
MCC:0.31362020214723996
GMEAN:0.6928367934556584
SAMPLES:233
AUC:{}
AVGP:{}
CLASS:1
ACC:0.9084
PREC:0.976621085134539
REC:0.9263598326359833
TNR:0.5181818181818182
FPR:0.02337891486546096
FPDR:0.02337891486546096
F1:0.9508267124758428
BACC:0
CLSFE:0.02337891486546096
MCC:0.31362020214723996
GMEAN:0.6928367934556584
SAMPLES:2267
AUC:{}
AVGP:{}
