

GENERAL_METRICS
ACC:0.9193846153846154
PREC:0.5015811487587309
REC:0.6266297094754132
TNR:0.6266297094754132
FPR:0.49841885124126906
FPDR:0.49841885124126906
F1:0.48278082298287556
BACC:0.0
CLSFE:0.08061538461538462
MCC:0.02829985215194649
GMEAN:0.5537526781327241
SAMPLES:3250.0
AUC:{'AUC macro OVO': 0.5015811487587309}
AVGP:{'avg_precision': 0.9199259291919828}


METRICS_PER_CLASSES
CLASS:0
ACC:0.9193846153846154
PREC:0.0038314176245210726
REC:0.3333333333333333
TNR:0.9199260856174931
FPR:0.9961685823754789
FPDR:0.9961685823754789
F1:0.007575757575757576
BACC:0
CLSFE:0.9961685823754789
MCC:0.02829985215194649
GMEAN:0.5537526781327241
SAMPLES:261
AUC:{}
AVGP:{}
CLASS:1
ACC:0.9193846153846154
PREC:0.9993308798929408
REC:0.9199260856174931
TNR:0.3333333333333333
FPR:0.0006691201070592171
FPDR:0.0006691201070592171
F1:0.9579858883899935
BACC:0
CLSFE:0.0006691201070592171
MCC:0.02829985215194649
GMEAN:0.5537526781327241
SAMPLES:2989
AUC:{}
AVGP:{}
