

GENERAL_METRICS
ACC:0.9292307692307692
PREC:0.499669093315685
REC:0.4649014778325123
TNR:0.4649014778325123
FPR:0.500330906684315
FPDR:0.500330906684315
F1:0.48165869218500795
BACC:0.0
CLSFE:0.07076923076923076
MCC:-0.006815962322313906
GMEAN:0.0
SAMPLES:3250.0
AUC:{'AUC macro OVO': 0.499669093315685}
AVGP:{'avg_precision': 0.9298029842541583}


METRICS_PER_CLASSES
CLASS:0
ACC:0.9292307692307692
PREC:0.0
REC:0.0
TNR:0.9298029556650246
FPR:1.0
FPDR:1.0
F1:0.0
BACC:0
CLSFE:1.0
MCC:-0.006815962322313906
GMEAN:0
SAMPLES:228
AUC:{}
AVGP:{}
CLASS:1
ACC:0.9292307692307692
PREC:0.99933818663137
REC:0.9298029556650246
TNR:0.0
FPR:0.0006618133686300463
FPDR:0.0006618133686300463
F1:0.9633173843700159
BACC:0
CLSFE:0.0006618133686300463
MCC:-0.006815962322313906
GMEAN:0
SAMPLES:3022
AUC:{}
AVGP:{}
