

GENERAL_METRICS
ACC:0.9273846153846154
PREC:0.5017959846159274
REC:0.6306334051945386
TNR:0.6306334051945386
FPR:0.49820401538407255
FPDR:0.49820401538407255
F1:0.48535786080641136
BACC:0.0
CLSFE:0.07261538461538461
MCC:0.03063433276933636
GMEAN:0.5561574947967358
SAMPLES:3250.0
AUC:{'AUC macro OVO': 0.5017959846159274}
AVGP:{'avg_precision': 0.9279333170760666}


METRICS_PER_CLASSES
CLASS:0
ACC:0.9273846153846154
PREC:0.00425531914893617
REC:0.3333333333333333
TNR:0.9279334770557438
FPR:0.9957446808510638
FPDR:0.9957446808510638
F1:0.008403361344537815
BACC:0
CLSFE:0.9957446808510638
MCC:0.03063433276933636
GMEAN:0.5561574947967358
SAMPLES:235
AUC:{}
AVGP:{}
CLASS:1
ACC:0.9273846153846154
PREC:0.9993366500829187
REC:0.9279334770557438
TNR:0.3333333333333333
FPR:0.0006633499170812604
FPDR:0.0006633499170812604
F1:0.9623123602682849
BACC:0
CLSFE:0.0006633499170812604
MCC:0.03063433276933636
GMEAN:0.5561574947967358
SAMPLES:3015
AUC:{}
AVGP:{}
