

GENERAL_METRICS
ACC:0.9236923076923077
PREC:0.5026538641337399
REC:0.5540149877908446
TNR:0.5540149877908446
FPR:0.49734613586626014
FPDR:0.49734613586626014
F1:0.48809015710424164
BACC:0.0
CLSFE:0.07630769230769231
MCC:0.02394564167296577
GMEAN:0.4103683032601783
SAMPLES:3250.0
AUC:{'AUC macro OVO': 0.5026538641337399}
AVGP:{'avg_precision': 0.9262107001246717}


METRICS_PER_CLASSES
CLASS:0
ACC:0.9236923076923077
PREC:0.008298755186721992
REC:0.18181818181818182
TNR:0.9262117937635073
FPR:0.991701244813278
FPDR:0.991701244813278
F1:0.015873015873015872
BACC:0
CLSFE:0.991701244813278
MCC:0.02394564167296577
GMEAN:0.4103683032601783
SAMPLES:241
AUC:{}
AVGP:{}
CLASS:1
ACC:0.9236923076923077
PREC:0.9970089730807578
REC:0.9262117937635073
TNR:0.18181818181818182
FPR:0.0029910269192422734
FPDR:0.0029910269192422734
F1:0.9603072983354674
BACC:0
CLSFE:0.0029910269192422734
MCC:0.02394564167296577
GMEAN:0.4103683032601783
SAMPLES:3009
AUC:{}
AVGP:{}
