

GENERAL_METRICS
ACC:0.9272941176470588
PREC:0.5073684647705012
REC:0.5695700479539904
TNR:0.5695700479539904
FPR:0.4926315352294988
FPDR:0.4926315352294988
F1:0.49980174895132623
BACC:0.0
CLSFE:0.07270588235294118
MCC:0.04528242252490731
GMEAN:0.4391787502358534
SAMPLES:4250.0
AUC:{'AUC macro OVO': 0.5073684647705012}
AVGP:{'avg_precision': 0.9322380270513653}


METRICS_PER_CLASSES
CLASS:0
ACC:0.9272941176470588
PREC:0.02054794520547945
REC:0.20689655172413793
TNR:0.9322435441838427
FPR:0.9794520547945206
FPDR:0.9794520547945206
F1:0.037383177570093455
BACC:0
CLSFE:0.9794520547945206
MCC:0.04528242252490731
GMEAN:0.4391787502358534
SAMPLES:292
AUC:{}
AVGP:{}
CLASS:1
ACC:0.9272941176470588
PREC:0.9941889843355229
REC:0.9322435441838427
TNR:0.20689655172413793
FPR:0.005811015664477008
FPDR:0.005811015664477008
F1:0.962220320332559
BACC:0
CLSFE:0.005811015664477008
MCC:0.04528242252490731
GMEAN:0.4391787502358534
SAMPLES:3958
AUC:{}
AVGP:{}
