

GENERAL_METRICS
ACC:0.9331764705882353
PREC:0.5065119500558626
REC:0.5583761927319483
TNR:0.5583761927319483
FPR:0.4934880499441374
FPDR:0.4934880499441374
F1:0.4997023913148004
BACC:0.0
CLSFE:0.06682352941176471
MCC:0.038994504819107705
GMEAN:0.4093071141951944
SAMPLES:4250.0
AUC:{'AUC macro OVO': 0.5065119500558626}
AVGP:{'avg_precision': 0.938176516274925}


METRICS_PER_CLASSES
CLASS:0
ACC:0.9331764705882353
PREC:0.018796992481203006
REC:0.17857142857142858
TNR:0.938180956892468
FPR:0.981203007518797
FPDR:0.981203007518797
F1:0.034013605442176874
BACC:0
CLSFE:0.981203007518797
MCC:0.038994504819107705
GMEAN:0.4093071141951944
SAMPLES:266
AUC:{}
AVGP:{}
CLASS:1
ACC:0.9331764705882353
PREC:0.9942269076305221
REC:0.938180956892468
TNR:0.17857142857142858
FPR:0.0057730923694779114
FPDR:0.0057730923694779114
F1:0.9653911771874238
BACC:0
CLSFE:0.0057730923694779114
MCC:0.038994504819107705
GMEAN:0.4093071141951944
SAMPLES:3984
AUC:{}
AVGP:{}
