

GENERAL_METRICS
ACC:0.9388235294117647
PREC:0.5052517710188196
REC:0.5411285117924336
TNR:0.5411285117924336
FPR:0.49474822898118037
FPDR:0.49474822898118037
F1:0.4991333420361748
BACC:0.0
CLSFE:0.0611764705882353
MCC:0.029393708597499714
GMEAN:0.3609042263063818
SAMPLES:4250.0
AUC:{'AUC macro OVO': 0.5052517710188196}
AVGP:{'avg_precision': 0.9443224907025838}


METRICS_PER_CLASSES
CLASS:0
ACC:0.9388235294117647
PREC:0.016736401673640166
REC:0.13793103448275862
TNR:0.9443259891021085
FPR:0.9832635983263598
FPDR:0.9832635983263598
F1:0.029850746268656716
BACC:0
CLSFE:0.9832635983263598
MCC:0.029393708597499714
GMEAN:0.3609042263063818
SAMPLES:239
AUC:{}
AVGP:{}
CLASS:1
ACC:0.9388235294117647
PREC:0.993767140363999
REC:0.9443259891021085
TNR:0.13793103448275862
FPR:0.006232859636000997
FPDR:0.006232859636000997
F1:0.968415937803693
BACC:0
CLSFE:0.006232859636000997
MCC:0.029393708597499714
GMEAN:0.3609042263063818
SAMPLES:4011
AUC:{}
AVGP:{}
