

GENERAL_METRICS
ACC:0.9352941176470588
PREC:0.5036486943468435
REC:0.5205077389334122
TNR:0.5205077389334122
FPR:0.49635130565315655
FPDR:0.49635130565315655
F1:0.4974006745474241
BACC:0.0
CLSFE:0.06470588235294118
MCC:0.017300459082103377
GMEAN:0.3033881040575197
SAMPLES:4250.0
AUC:{'AUC macro OVO': 0.5036486943468435}
AVGP:{'avg_precision': 0.9434508495342829}


METRICS_PER_CLASSES
CLASS:0
ACC:0.9352941176470588
PREC:0.01652892561983471
REC:0.0975609756097561
TNR:0.9434545022570682
FPR:0.9834710743801653
FPDR:0.9834710743801653
F1:0.028268551236749116
BACC:0
CLSFE:0.9834710743801653
MCC:0.017300459082103377
GMEAN:0.3033881040575197
SAMPLES:242
AUC:{}
AVGP:{}
CLASS:1
ACC:0.9352941176470588
PREC:0.9907684630738522
REC:0.9434545022570682
TNR:0.0975609756097561
FPR:0.009231536926147704
FPDR:0.009231536926147704
F1:0.9665327978580991
BACC:0
CLSFE:0.009231536926147704
MCC:0.017300459082103377
GMEAN:0.3033881040575197
SAMPLES:4008
AUC:{}
AVGP:{}
