

GENERAL_METRICS
ACC:0.9346666666666666
PREC:0.49971485600228116
REC:0.4675827107790822
TNR:0.4675827107790822
FPR:0.5002851439977188
FPDR:0.5002851439977188
F1:0.48311509303928324
BACC:0.0
CLSFE:0.06533333333333333
MCC:-0.006080656360512614
GMEAN:0.0
SAMPLES:3750.0
AUC:{'AUC macro OVO': 0.49971485600228116}
AVGP:{'avg_precision': 0.9351654412778346}


METRICS_PER_CLASSES
CLASS:0
ACC:0.9346666666666666
PREC:0.0
REC:0.0
TNR:0.9351654215581644
FPR:1.0
FPDR:1.0
F1:0.0
BACC:0
CLSFE:1.0
MCC:-0.006080656360512614
GMEAN:0
SAMPLES:243
AUC:{}
AVGP:{}
CLASS:1
ACC:0.9346666666666666
PREC:0.9994297120045623
REC:0.9351654215581644
TNR:0.0
FPR:0.0005702879954376961
FPDR:0.0005702879954376961
F1:0.9662301860785665
BACC:0
CLSFE:0.0005702879954376961
MCC:-0.006080656360512614
GMEAN:0
SAMPLES:3507
AUC:{}
AVGP:{}
