

GENERAL_METRICS
ACC:0.9352
PREC:0.49971501852379596
REC:0.4678495197438634
TNR:0.4678495197438634
FPR:0.500284981476204
FPDR:0.500284981476204
F1:0.4832575444398512
BACC:0.0
CLSFE:0.0648
MCC:-0.006053855407610218
GMEAN:0.0
SAMPLES:3750.0
AUC:{'AUC macro OVO': 0.49971501852379596}
AVGP:{'avg_precision': 0.9356990590339482}


METRICS_PER_CLASSES
CLASS:0
ACC:0.9352
PREC:0.0
REC:0.0
TNR:0.9356990394877268
FPR:1.0
FPDR:1.0
F1:0.0
BACC:0
CLSFE:1.0
MCC:-0.006053855407610218
GMEAN:0
SAMPLES:241
AUC:{}
AVGP:{}
CLASS:1
ACC:0.9352
PREC:0.9994300370475919
REC:0.9356990394877268
TNR:0.0
FPR:0.0005699629524080935
FPDR:0.0005699629524080935
F1:0.9665150888797024
BACC:0
CLSFE:0.0005699629524080935
MCC:-0.006053855407610218
GMEAN:0
SAMPLES:3509
AUC:{}
AVGP:{}
