

GENERAL_METRICS
ACC:0.9392
PREC:0.499858075503832
REC:0.46972526006935184
TNR:0.46972526006935184
FPR:0.500141924496168
FPDR:0.500141924496168
F1:0.48432343234323433
BACC:0.0
CLSFE:0.0608
MCC:-0.004145709691368001
GMEAN:0.0
SAMPLES:3750.0
AUC:{'AUC macro OVO': 0.499858075503832}
AVGP:{'avg_precision': 0.9394505247218794}


METRICS_PER_CLASSES
CLASS:0
ACC:0.9392
PREC:0.0
REC:0.0
TNR:0.9394505201387037
FPR:1.0
FPDR:1.0
F1:0.0
BACC:0
CLSFE:1.0
MCC:-0.004145709691368001
GMEAN:0
SAMPLES:227
AUC:{}
AVGP:{}
CLASS:1
ACC:0.9392
PREC:0.999716151007664
REC:0.9394505201387037
TNR:0.0
FPR:0.0002838489923360772
FPDR:0.0002838489923360772
F1:0.9686468646864687
BACC:0
CLSFE:0.0002838489923360772
MCC:-0.004145709691368001
GMEAN:0
SAMPLES:3523
AUC:{}
AVGP:{}
