

GENERAL_METRICS
ACC:0.9274666666666667
PREC:0.49928222796439853
REC:0.4643524699599466
TNR:0.4643524699599466
FPR:0.5007177720356015
FPDR:0.5007177720356015
F1:0.48118428334255675
BACC:0.0
CLSFE:0.07253333333333334
MCC:-0.010116679336820852
GMEAN:0.0
SAMPLES:3750.0
AUC:{'AUC macro OVO': 0.49928222796439853}
AVGP:{'avg_precision': 0.9287050763828276}


METRICS_PER_CLASSES
CLASS:0
ACC:0.9274666666666667
PREC:0.0
REC:0.0
TNR:0.9287049399198932
FPR:1.0
FPDR:1.0
F1:0.0
BACC:0
CLSFE:1.0
MCC:-0.010116679336820852
GMEAN:0
SAMPLES:267
AUC:{}
AVGP:{}
CLASS:1
ACC:0.9274666666666667
PREC:0.9985644559287971
REC:0.9287049399198932
TNR:0.0
FPR:0.001435544071202986
FPDR:0.001435544071202986
F1:0.9623685666851135
BACC:0
CLSFE:0.001435544071202986
MCC:-0.010116679336820852
GMEAN:0
SAMPLES:3483
AUC:{}
AVGP:{}
