

GENERAL_METRICS
ACC:0.8645714285714285
PREC:0.7066678640628742
REC:0.7164302671215114
TNR:0.7164302671215114
FPR:0.2933321359371258
FPDR:0.2933321359371258
F1:0.7113527620704654
BACC:0.0
CLSFE:0.13542857142857143
MCC:0.42298548922893353
GMEAN:0.6875748625809417
SAMPLES:1750.0
AUC:{'AUC macro OVO': 0.7066678640628742}
AVGP:{'avg_precision': 0.9134597427712893}


METRICS_PER_CLASSES
CLASS:0
ACC:0.8645714285714285
PREC:0.48770491803278687
REC:0.5151515151515151
TNR:0.9177090190915076
FPR:0.5122950819672131
FPDR:0.5122950819672131
F1:0.5010526315789474
BACC:0
CLSFE:0.5122950819672131
MCC:0.42298548922893353
GMEAN:0.6875748625809417
SAMPLES:244
AUC:{}
AVGP:{}
CLASS:1
ACC:0.8645714285714285
PREC:0.9256308100929614
REC:0.9177090190915076
TNR:0.5151515151515151
FPR:0.07436918990703852
FPDR:0.07436918990703852
F1:0.9216528925619835
BACC:0
CLSFE:0.07436918990703852
MCC:0.42298548922893353
GMEAN:0.6875748625809417
SAMPLES:1506
AUC:{}
AVGP:{}
