

GENERAL_METRICS
ACC:0.8674285714285714
PREC:0.7073218176159353
REC:0.7166109214224328
TNR:0.7166109214224328
FPR:0.29267818238406473
FPDR:0.29267818238406473
F1:0.7117918313570488
BACC:0.0
CLSFE:0.13257142857142856
MCC:0.4238309566077556
GMEAN:0.6871575116709545
SAMPLES:1750.0
AUC:{'AUC macro OVO': 0.7073218176159353}
AVGP:{'avg_precision': 0.9158772514546794}


METRICS_PER_CLASSES
CLASS:0
ACC:0.8674285714285714
PREC:0.48739495798319327
REC:0.5132743362831859
TNR:0.9199475065616798
FPR:0.5126050420168067
FPDR:0.5126050420168067
F1:0.5
BACC:0
CLSFE:0.5126050420168067
MCC:0.4238309566077556
GMEAN:0.6871575116709545
SAMPLES:238
AUC:{}
AVGP:{}
CLASS:1
ACC:0.8674285714285714
PREC:0.9272486772486772
REC:0.9199475065616798
TNR:0.5132743362831859
FPR:0.07275132275132275
FPDR:0.07275132275132275
F1:0.9235836627140975
BACC:0
CLSFE:0.07275132275132275
MCC:0.4238309566077556
GMEAN:0.6871575116709545
SAMPLES:1512
AUC:{}
AVGP:{}
