

GENERAL_METRICS
ACC:0.8605714285714285
PREC:0.7112125269414147
REC:0.7097739361702128
TNR:0.7097739361702128
FPR:0.2887874730585853
FPDR:0.2887874730585853
F1:0.7104888467014713
BACC:0.0
CLSFE:0.13942857142857143
MCC:0.4209840051353859
GMEAN:0.6780663213655526
SAMPLES:1750.0
AUC:{'AUC macro OVO': 0.7112125269414147}
AVGP:{'avg_precision': 0.9147310711561051}


METRICS_PER_CLASSES
CLASS:0
ACC:0.8605714285714285
PREC:0.5040983606557377
REC:0.5
TNR:0.9195478723404256
FPR:0.4959016393442623
FPDR:0.4959016393442623
F1:0.5020408163265306
BACC:0
CLSFE:0.4959016393442623
MCC:0.4209840051353859
GMEAN:0.6780663213655526
SAMPLES:244
AUC:{}
AVGP:{}
CLASS:1
ACC:0.8605714285714285
PREC:0.9183266932270916
REC:0.9195478723404256
TNR:0.5
FPR:0.08167330677290836
FPDR:0.08167330677290836
F1:0.9189368770764119
BACC:0
CLSFE:0.08167330677290836
MCC:0.4209840051353859
GMEAN:0.6780663213655526
SAMPLES:1506
AUC:{}
AVGP:{}
