

GENERAL_METRICS
ACC:0.8788571428571429
PREC:0.7238123810759385
REC:0.749912477666715
TNR:0.749912477666715
FPR:0.2761876189240616
FPDR:0.2761876189240616
F1:0.7356713946575697
BACC:0.0
CLSFE:0.12114285714285715
MCC:0.4730053136579958
GMEAN:0.7301070331659009
SAMPLES:1750.0
AUC:{'AUC macro OVO': 0.7238123810759384}
AVGP:{'avg_precision': 0.9173885163250022}


METRICS_PER_CLASSES
CLASS:0
ACC:0.8788571428571429
PREC:0.508130081300813
REC:0.5787037037037037
TNR:0.9211212516297262
FPR:0.491869918699187
FPDR:0.491869918699187
F1:0.5411255411255411
BACC:0
CLSFE:0.491869918699187
MCC:0.4730053136579958
GMEAN:0.7301070331659009
SAMPLES:246
AUC:{}
AVGP:{}
CLASS:1
ACC:0.8788571428571429
PREC:0.9394946808510638
REC:0.9211212516297262
TNR:0.5787037037037037
FPR:0.06050531914893617
FPDR:0.06050531914893617
F1:0.9302172481895984
BACC:0
CLSFE:0.06050531914893617
MCC:0.4730053136579958
GMEAN:0.7301070331659009
SAMPLES:1504
AUC:{}
AVGP:{}
