

GENERAL_METRICS
ACC:0.92875
PREC:0.5902572691363115
REC:0.661620082815735
TNR:0.661620082815735
FPR:0.40974273086368845
FPDR:0.40974273086368845
F1:0.6130649633379053
BACC:0.0
CLSFE:0.07125
MCC:0.24155651357421723
GMEAN:0.5963137279249918
SAMPLES:4000.0
AUC:{'AUC macro OVO': 0.5902572691363115}
AVGP:{'avg_precision': 0.9479909887633251}


METRICS_PER_CLASSES
CLASS:0
ACC:0.92875
PREC:0.20318725099601595
REC:0.375
TNR:0.94824016563147
FPR:0.796812749003984
FPDR:0.796812749003984
F1:0.26356589147286824
BACC:0
CLSFE:0.796812749003984
MCC:0.24155651357421723
GMEAN:0.5963137279249918
SAMPLES:251
AUC:{}
AVGP:{}
CLASS:1
ACC:0.92875
PREC:0.9773272872766071
REC:0.94824016563147
TNR:0.375
FPR:0.022672712723392906
FPDR:0.022672712723392906
F1:0.9625640352029423
BACC:0
CLSFE:0.022672712723392906
MCC:0.24155651357421723
GMEAN:0.5963137279249918
SAMPLES:3749
AUC:{}
AVGP:{}
