

GENERAL_METRICS
ACC:0.932
PREC:0.5899418778675745
REC:0.6600675809978136
TNR:0.6600675809978136
FPR:0.41005812213242554
FPDR:0.41005812213242554
F1:0.6126150761097439
BACC:0.0
CLSFE:0.068
MCC:0.2399731553375371
GMEAN:0.5925395855176986
SAMPLES:4000.0
AUC:{'AUC macro OVO': 0.5899418778675745}
AVGP:{'avg_precision': 0.9506776090841778}


METRICS_PER_CLASSES
CLASS:0
ACC:0.932
PREC:0.20168067226890757
REC:0.36923076923076925
TNR:0.9509043927648578
FPR:0.7983193277310925
FPDR:0.7983193277310925
F1:0.2608695652173913
BACC:0
CLSFE:0.7983193277310925
MCC:0.2399731553375371
GMEAN:0.5925395855176986
SAMPLES:238
AUC:{}
AVGP:{}
CLASS:1
ACC:0.932
PREC:0.9782030834662414
REC:0.9509043927648578
TNR:0.36923076923076925
FPR:0.021796916533758637
FPDR:0.021796916533758637
F1:0.9643605870020965
BACC:0
CLSFE:0.021796916533758637
MCC:0.2399731553375371
GMEAN:0.5925395855176986
SAMPLES:3762
AUC:{}
AVGP:{}
