

GENERAL_METRICS
ACC:0.93075
PREC:0.5784651146424817
REC:0.6520350094490571
TNR:0.6520350094490571
FPR:0.4215348853575183
FPDR:0.4215348853575183
F1:0.6003219067963672
BACC:0.0
CLSFE:0.06925
MCC:0.21844399232838663
GMEAN:0.5806381433643513
SAMPLES:4000.0
AUC:{'AUC macro OVO': 0.5784651146424817}
AVGP:{'avg_precision': 0.9485072044980676}


METRICS_PER_CLASSES
CLASS:0
ACC:0.93075
PREC:0.17768595041322313
REC:0.35537190082644626
TNR:0.9486981180716679
FPR:0.8223140495867769
FPDR:0.8223140495867769
F1:0.2369146005509642
BACC:0
CLSFE:0.8223140495867769
MCC:0.21844399232838663
GMEAN:0.5806381433643513
SAMPLES:242
AUC:{}
AVGP:{}
CLASS:1
ACC:0.93075
PREC:0.9792442788717403
REC:0.9486981180716679
TNR:0.35537190082644626
FPR:0.020755721128259713
FPDR:0.020755721128259713
F1:0.9637292130417703
BACC:0
CLSFE:0.020755721128259713
MCC:0.21844399232838663
GMEAN:0.5806381433643513
SAMPLES:3758
AUC:{}
AVGP:{}
