

GENERAL_METRICS
ACC:0.93225
PREC:0.596945701357466
REC:0.7008483911036115
TNR:0.7008483911036115
FPR:0.40305429864253395
FPDR:0.40305429864253395
F1:0.626572469227539
BACC:0.0
CLSFE:0.06775
MCC:0.27907983189086427
GMEAN:0.6561427670525289
SAMPLES:4000.0
AUC:{'AUC macro OVO': 0.596945701357466}
AVGP:{'avg_precision': 0.9469368924677373}


METRICS_PER_CLASSES
CLASS:0
ACC:0.93225
PREC:0.21153846153846154
REC:0.45454545454545453
TNR:0.9471513276617685
FPR:0.7884615384615384
FPDR:0.7884615384615384
F1:0.2887139107611549
BACC:0
CLSFE:0.7884615384615384
MCC:0.27907983189086427
GMEAN:0.6561427670525289
SAMPLES:260
AUC:{}
AVGP:{}
CLASS:1
ACC:0.93225
PREC:0.9823529411764705
REC:0.9471513276617685
TNR:0.45454545454545453
FPR:0.01764705882352941
FPDR:0.01764705882352941
F1:0.9644310276939231
BACC:0
CLSFE:0.01764705882352941
MCC:0.27907983189086427
GMEAN:0.6561427670525289
SAMPLES:3740
AUC:{}
AVGP:{}
