

GENERAL_METRICS
ACC:0.9247058823529412
PREC:0.5045770493878314
REC:0.5137063984909191
TNR:0.5137063984909191
FPR:0.4954229506121686
FPDR:0.4954229506121686
F1:0.5013646476334619
BACC:0.0
CLSFE:0.07529411764705882
MCC:0.015841068502122524
GMEAN:0.28516729565200954
SAMPLES:4250.0
AUC:{'AUC macro OVO': 0.5045770493878314}
AVGP:{'avg_precision': 0.9409833712111931}


METRICS_PER_CLASSES
CLASS:0
ACC:0.9247058823529412
PREC:0.02766798418972332
REC:0.08641975308641975
TNR:0.9409930438954186
FPR:0.9723320158102767
FPDR:0.9723320158102767
F1:0.041916167664670656
BACC:0
CLSFE:0.9723320158102767
MCC:0.015841068502122524
GMEAN:0.28516729565200954
SAMPLES:253
AUC:{}
AVGP:{}
CLASS:1
ACC:0.9247058823529412
PREC:0.9814861145859395
REC:0.9409930438954186
TNR:0.08641975308641975
FPR:0.018513885414060547
FPDR:0.018513885414060547
F1:0.9608131276022532
BACC:0
CLSFE:0.018513885414060547
MCC:0.015841068502122524
GMEAN:0.28516729565200954
SAMPLES:3997
AUC:{}
AVGP:{}
