

GENERAL_METRICS
ACC:0.932235294117647
PREC:0.515227372188401
REC:0.5377559838865098
TNR:0.5377559838865098
FPR:0.484772627811599
FPDR:0.484772627811599
F1:0.5179014533853243
BACC:0.0
CLSFE:0.06776470588235294
MCC:0.047955163183088144
GMEAN:0.34640729213413207
SAMPLES:4250.0
AUC:{'AUC macro OVO': 0.515227372188401}
AVGP:{'avg_precision': 0.9490460133666221}


METRICS_PER_CLASSES
CLASS:0
ACC:0.932235294117647
PREC:0.04932735426008968
REC:0.12643678160919541
TNR:0.9490751861638241
FPR:0.9506726457399103
FPDR:0.9506726457399103
F1:0.07096774193548387
BACC:0
CLSFE:0.9506726457399103
MCC:0.047955163183088144
GMEAN:0.34640729213413207
SAMPLES:223
AUC:{}
AVGP:{}
CLASS:1
ACC:0.932235294117647
PREC:0.9811273901167122
REC:0.9490751861638241
TNR:0.12643678160919541
FPR:0.018872609883287806
FPDR:0.018872609883287806
F1:0.9648351648351648
BACC:0
CLSFE:0.018872609883287806
MCC:0.047955163183088144
GMEAN:0.34640729213413207
SAMPLES:4027
AUC:{}
AVGP:{}
