

GENERAL_METRICS
ACC:0.9301176470588235
PREC:0.5147855689021857
REC:0.5521879483500718
TNR:0.5521879483500718
FPR:0.4852144310978143
FPDR:0.4852144310978143
F1:0.5163309434391715
BACC:0.0
CLSFE:0.06988235294117646
MCC:0.05555640399427215
GMEAN:0.3904884403462596
SAMPLES:4250.0
AUC:{'AUC macro OVO': 0.5147855689021856}
AVGP:{'avg_precision': 0.9425873871624291}


METRICS_PER_CLASSES
CLASS:0
ACC:0.9301176470588235
PREC:0.043824701195219126
REC:0.16176470588235295
TNR:0.9426111908177905
FPR:0.9561752988047809
FPDR:0.9561752988047809
F1:0.06896551724137931
BACC:0
CLSFE:0.9561752988047809
MCC:0.05555640399427215
GMEAN:0.3904884403462596
SAMPLES:251
AUC:{}
AVGP:{}
CLASS:1
ACC:0.9301176470588235
PREC:0.9857464366091523
REC:0.9426111908177905
TNR:0.16176470588235295
FPR:0.014253563390847712
FPDR:0.014253563390847712
F1:0.9636963696369637
BACC:0
CLSFE:0.014253563390847712
MCC:0.05555640399427215
GMEAN:0.3904884403462596
SAMPLES:3999
AUC:{}
AVGP:{}
