

GENERAL_METRICS
ACC:0.9263529411764706
PREC:0.5107098186366479
REC:0.5291263208174918
TNR:0.5291263208174918
FPR:0.4892901813633521
FPDR:0.4892901813633521
F1:0.5108675468660776
BACC:0.0
CLSFE:0.07364705882352941
MCC:0.035323511349137394
GMEAN:0.32928171792334016
SAMPLES:4250.0
AUC:{'AUC macro OVO': 0.5107098186366479}
AVGP:{'avg_precision': 0.9432871808639567}


METRICS_PER_CLASSES
CLASS:0
ACC:0.9263529411764706
PREC:0.04065040650406504
REC:0.11494252873563218
TNR:0.9433101128993514
FPR:0.959349593495935
FPDR:0.959349593495935
F1:0.06006006006006006
BACC:0
CLSFE:0.959349593495935
MCC:0.035323511349137394
GMEAN:0.32928171792334016
SAMPLES:246
AUC:{}
AVGP:{}
CLASS:1
ACC:0.9263529411764706
PREC:0.9807692307692307
REC:0.9433101128993514
TNR:0.11494252873563218
FPR:0.019230769230769232
FPDR:0.019230769230769232
F1:0.9616750336720951
BACC:0
CLSFE:0.019230769230769232
MCC:0.035323511349137394
GMEAN:0.32928171792334016
SAMPLES:4004
AUC:{}
AVGP:{}
