

GENERAL_METRICS
ACC:0.9218461538461539
PREC:0.49949983327775926
REC:0.46134893748075145
TNR:0.46134893748075145
FPR:0.5005001667222407
FPDR:0.5005001667222407
F1:0.4796669868715978
BACC:0.0
CLSFE:0.07815384615384616
MCC:-0.008793628432308185
GMEAN:0.0
SAMPLES:3250.0
AUC:{'AUC macro OVO': 0.49949983327775926}
AVGP:{'avg_precision': 0.9226979463411038}


METRICS_PER_CLASSES
CLASS:0
ACC:0.9218461538461539
PREC:0.0
REC:0.0
TNR:0.9226978749615029
FPR:1.0
FPDR:1.0
F1:0.0
BACC:0
CLSFE:1.0
MCC:-0.008793628432308185
GMEAN:0
SAMPLES:251
AUC:{}
AVGP:{}
CLASS:1
ACC:0.9218461538461539
PREC:0.9989996665555185
REC:0.9226978749615029
TNR:0.0
FPR:0.0010003334444814939
FPDR:0.0010003334444814939
F1:0.9593339737431956
BACC:0
CLSFE:0.0010003334444814939
MCC:-0.008793628432308185
GMEAN:0
SAMPLES:2999
AUC:{}
AVGP:{}
