

GENERAL_METRICS
ACC:0.928
PREC:0.4991724594505131
REC:0.46471494607087827
TNR:0.46471494607087827
FPR:0.500827540549487
FPDR:0.500827540549487
F1:0.48132780082987553
BACC:0.0
CLSFE:0.072
MCC:-0.010807370247600694
GMEAN:0.0
SAMPLES:3250.0
AUC:{'AUC macro OVO': 0.4991724594505131}
AVGP:{'avg_precision': 0.9294300718329129}


METRICS_PER_CLASSES
CLASS:0
ACC:0.928
PREC:0.0
REC:0.0
TNR:0.9294298921417565
FPR:1.0
FPDR:1.0
F1:0.0
BACC:0
CLSFE:1.0
MCC:-0.010807370247600694
GMEAN:0
SAMPLES:229
AUC:{}
AVGP:{}
CLASS:1
ACC:0.928
PREC:0.9983449189010262
REC:0.9294298921417565
TNR:0.0
FPR:0.0016550810989738498
FPDR:0.0016550810989738498
F1:0.9626556016597511
BACC:0
CLSFE:0.0016550810989738498
MCC:-0.010807370247600694
GMEAN:0
SAMPLES:3021
AUC:{}
AVGP:{}
