

GENERAL_METRICS
ACC:0.931076923076923
PREC:0.49983481995374957
REC:0.4656817482302247
TNR:0.4656817482302247
FPR:0.5001651800462504
FPDR:0.5001651800462504
F1:0.4821542383683875
BACC:0.0
CLSFE:0.06892307692307692
MCC:-0.004761802353968423
GMEAN:0.0
SAMPLES:3250.0
AUC:{'AUC macro OVO': 0.49983481995374957}
AVGP:{'avg_precision': 0.9313635034372991}


METRICS_PER_CLASSES
CLASS:0
ACC:0.931076923076923
PREC:0.0
REC:0.0
TNR:0.9313634964604494
FPR:1.0
FPDR:1.0
F1:0.0
BACC:0
CLSFE:1.0
MCC:-0.004761802353968423
GMEAN:0
SAMPLES:223
AUC:{}
AVGP:{}
CLASS:1
ACC:0.931076923076923
PREC:0.9996696399074991
REC:0.9313634964604494
TNR:0.0
FPR:0.0003303600925008259
FPDR:0.0003303600925008259
F1:0.964308476736775
BACC:0
CLSFE:0.0003303600925008259
MCC:-0.004761802353968423
GMEAN:0
SAMPLES:3027
AUC:{}
AVGP:{}
