

GENERAL_METRICS
ACC:0.9123076923076923
PREC:0.49915824915824913
REC:0.45685670261941447
TNR:0.45685670261941447
FPR:0.5008417508417509
FPDR:0.5008417508417509
F1:0.4770716009654063
BACC:0.0
CLSFE:0.0876923076923077
MCC:-0.012052536145727129
GMEAN:0.0
SAMPLES:3250.0
AUC:{'AUC macro OVO': 0.49915824915824913}
AVGP:{'avg_precision': 0.9137136287213329}


METRICS_PER_CLASSES
CLASS:0
ACC:0.9123076923076923
PREC:0.0
REC:0.0
TNR:0.9137134052388289
FPR:1.0
FPDR:1.0
F1:0.0
BACC:0
CLSFE:1.0
MCC:-0.012052536145727129
GMEAN:0
SAMPLES:280
AUC:{}
AVGP:{}
CLASS:1
ACC:0.9123076923076923
PREC:0.9983164983164983
REC:0.9137134052388289
TNR:0.0
FPR:0.0016835016835016834
FPDR:0.0016835016835016834
F1:0.9541432019308126
BACC:0
CLSFE:0.0016835016835016834
MCC:-0.012052536145727129
GMEAN:0
SAMPLES:2970
AUC:{}
AVGP:{}
