

GENERAL_METRICS
ACC:0.916
PREC:0.5816807213130375
REC:0.59833062692003
TNR:0.59833062692003
FPR:0.41831927868696256
FPDR:0.41831927868696256
F1:0.588912379610054
BACC:0.0
CLSFE:0.084
MCC:0.1792396890645733
GMEAN:0.4838678032149997
SAMPLES:4250.0
AUC:{'AUC macro OVO': 0.5816807213130375}
AVGP:{'avg_precision': 0.9499106915346777}


METRICS_PER_CLASSES
CLASS:0
ACC:0.916
PREC:0.20238095238095238
REC:0.2463768115942029
TNR:0.9502844422458571
FPR:0.7976190476190477
FPDR:0.7976190476190477
F1:0.2222222222222222
BACC:0
CLSFE:0.7976190476190477
MCC:0.1792396890645733
GMEAN:0.4838678032149997
SAMPLES:252
AUC:{}
AVGP:{}
CLASS:1
ACC:0.916
PREC:0.9609804902451226
REC:0.9502844422458571
TNR:0.2463768115942029
FPR:0.03901950975487744
FPDR:0.03901950975487744
F1:0.9556025369978859
BACC:0
CLSFE:0.03901950975487744
MCC:0.1792396890645733
GMEAN:0.4838678032149997
SAMPLES:3998
AUC:{}
AVGP:{}
