

GENERAL_METRICS
ACC:0.9190588235294118
PREC:0.5709515033691656
REC:0.5796604938271605
TNR:0.5796604938271605
FPR:0.4290484966308345
FPDR:0.4290484966308345
F1:0.5749411837219336
BACC:0.0
CLSFE:0.08094117647058824
MCC:0.15035999196817174
GMEAN:0.44230736198839804
SAMPLES:4250.0
AUC:{'AUC macro OVO': 0.5709515033691654}
AVGP:{'avg_precision': 0.9540247411680967}


METRICS_PER_CLASSES
CLASS:0
ACC:0.9190588235294118
PREC:0.18141592920353983
REC:0.205
TNR:0.9543209876543209
FPR:0.8185840707964602
FPDR:0.8185840707964602
F1:0.19248826291079812
BACC:0
CLSFE:0.8185840707964602
MCC:0.15035999196817174
GMEAN:0.44230736198839804
SAMPLES:226
AUC:{}
AVGP:{}
CLASS:1
ACC:0.9190588235294118
PREC:0.9604870775347912
REC:0.9543209876543209
TNR:0.205
FPR:0.039512922465208745
FPDR:0.039512922465208745
F1:0.9573941045330691
BACC:0
CLSFE:0.039512922465208745
MCC:0.15035999196817174
GMEAN:0.44230736198839804
SAMPLES:4024
AUC:{}
AVGP:{}
