

GENERAL_METRICS
ACC:0.694
PREC:0.6967449922958397
REC:0.6972674165982716
TNR:0.6972674165982716
FPR:0.30325500770416025
FPDR:0.30325500770416025
F1:0.693969396939694
BACC:0.0
CLSFE:0.306
MCC:0.3940120625506136
GMEAN:0.695940737675138
SAMPLES:500.0
AUC:{'AUC macro OVO': 0.6967449922958397}
AVGP:{'avg_precision': 0.6654864226682409}


METRICS_PER_CLASSES
CLASS:0
ACC:0.694
PREC:0.7457627118644068
REC:0.654275092936803
TNR:0.7402597402597403
FPR:0.2542372881355932
FPDR:0.2542372881355932
F1:0.697029702970297
BACC:0
CLSFE:0.2542372881355932
MCC:0.3940120625506136
GMEAN:0.695940737675138
SAMPLES:236
AUC:{}
AVGP:{}
CLASS:1
ACC:0.694
PREC:0.6477272727272727
REC:0.7402597402597403
TNR:0.654275092936803
FPR:0.3522727272727273
FPDR:0.3522727272727273
F1:0.6909090909090909
BACC:0
CLSFE:0.3522727272727273
MCC:0.3940120625506136
GMEAN:0.695940737675138
SAMPLES:264
AUC:{}
AVGP:{}
