

GENERAL_METRICS
ACC:0.724
PREC:0.722688268442623
REC:0.7258116883116883
TNR:0.7258116883116883
FPR:0.27731173155737704
FPDR:0.27731173155737704
F1:0.7225617601646938
BACC:0.0
CLSFE:0.276
MCC:0.4484890806440449
GMEAN:0.7256546529339389
SAMPLES:500.0
AUC:{'AUC macro OVO': 0.722688268442623}
AVGP:{'avg_precision': 0.656951564828614}


METRICS_PER_CLASSES
CLASS:0
ACC:0.724
PREC:0.77734375
REC:0.7107142857142857
TNR:0.740909090909091
FPR:0.22265625
FPDR:0.22265625
F1:0.7425373134328358
BACC:0
CLSFE:0.22265625
MCC:0.4484890806440449
GMEAN:0.7256546529339389
SAMPLES:256
AUC:{}
AVGP:{}
CLASS:1
ACC:0.724
PREC:0.6680327868852459
REC:0.740909090909091
TNR:0.7107142857142857
FPR:0.3319672131147541
FPDR:0.3319672131147541
F1:0.7025862068965517
BACC:0
CLSFE:0.3319672131147541
MCC:0.4484890806440449
GMEAN:0.7256546529339389
SAMPLES:244
AUC:{}
AVGP:{}
