

GENERAL_METRICS
ACC:0.728
PREC:0.728187651002416
REC:0.7301318358587081
TNR:0.7301318358587081
FPR:0.27181234899758394
FPDR:0.27181234899758394
F1:0.7274723865403421
BACC:0.0
CLSFE:0.272
MCC:0.45831536324008243
GMEAN:0.7297640373276115
SAMPLES:500.0
AUC:{'AUC macro OVO': 0.728187651002416}
AVGP:{'avg_precision': 0.673207083560033}


METRICS_PER_CLASSES
CLASS:0
ACC:0.728
PREC:0.7751004016064257
REC:0.706959706959707
TNR:0.7533039647577092
FPR:0.2248995983935743
FPDR:0.2248995983935743
F1:0.7394636015325671
BACC:0
CLSFE:0.2248995983935743
MCC:0.45831536324008243
GMEAN:0.7297640373276115
SAMPLES:249
AUC:{}
AVGP:{}
CLASS:1
ACC:0.728
PREC:0.6812749003984063
REC:0.7533039647577092
TNR:0.706959706959707
FPR:0.3187250996015936
FPDR:0.3187250996015936
F1:0.7154811715481172
BACC:0
CLSFE:0.3187250996015936
MCC:0.45831536324008243
GMEAN:0.7297640373276115
SAMPLES:251
AUC:{}
AVGP:{}
