

GENERAL_METRICS
ACC:0.746
PREC:0.7442686987704918
REC:0.7502172879187917
TNR:0.7502172879187917
FPR:0.25573130122950816
FPDR:0.25573130122950816
F1:0.7439257989716705
BACC:0.0
CLSFE:0.254
MCC:0.4944502050957396
GMEAN:0.7497300497577768
SAMPLES:500.0
AUC:{'AUC macro OVO': 0.7442686987704918}
AVGP:{'avg_precision': 0.6824147307901485}


METRICS_PER_CLASSES
CLASS:0
ACC:0.746
PREC:0.81640625
REC:0.7231833910034602
TNR:0.7772511848341233
FPR:0.18359375
FPDR:0.18359375
F1:0.7669724770642202
BACC:0
CLSFE:0.18359375
MCC:0.4944502050957396
GMEAN:0.7497300497577768
SAMPLES:256
AUC:{}
AVGP:{}
CLASS:1
ACC:0.746
PREC:0.6721311475409836
REC:0.7772511848341233
TNR:0.7231833910034602
FPR:0.32786885245901637
FPDR:0.32786885245901637
F1:0.7208791208791209
BACC:0
CLSFE:0.32786885245901637
MCC:0.4944502050957396
GMEAN:0.7497300497577768
SAMPLES:244
AUC:{}
AVGP:{}
