

GENERAL_METRICS
ACC:0.9348235294117647
PREC:0.5095485066362172
REC:0.5510147840746985
TNR:0.5510147840746985
FPR:0.4904514933637828
FPDR:0.4904514933637828
F1:0.5071832566636484
BACC:0.0
CLSFE:0.0651764705882353
MCC:0.04414136401528364
GMEAN:0.38731507650306823
SAMPLES:4250.0
AUC:{'AUC macro OVO': 0.5095485066362172}
AVGP:{'avg_precision': 0.9429288955495344}


METRICS_PER_CLASSES
CLASS:0
ACC:0.9348235294117647
PREC:0.02834008097165992
REC:0.1590909090909091
TNR:0.9429386590584878
FPR:0.97165991902834
FPDR:0.97165991902834
F1:0.048109965635738834
BACC:0
CLSFE:0.97165991902834
MCC:0.04414136401528364
GMEAN:0.38731507650306823
SAMPLES:247
AUC:{}
AVGP:{}
CLASS:1
ACC:0.9348235294117647
PREC:0.9907569323007744
REC:0.9429386590584878
TNR:0.1590909090909091
FPR:0.00924306769922558
FPDR:0.00924306769922558
F1:0.966256547691558
BACC:0
CLSFE:0.00924306769922558
MCC:0.04414136401528364
GMEAN:0.38731507650306823
SAMPLES:4003
AUC:{}
AVGP:{}
