

GENERAL_METRICS
ACC:0.9376470588235294
PREC:0.520682960527883
REC:0.6336788960809849
TNR:0.6336788960809849
FPR:0.47931703947211696
FPDR:0.47931703947211696
F1:0.5253856018110569
BACC:0.0
CLSFE:0.06235294117647059
MCC:0.10516416368809256
GMEAN:0.5530358869654561
SAMPLES:4250.0
AUC:{'AUC macro OVO': 0.5206829605278831}
AVGP:{'avg_precision': 0.9430189131510227}


METRICS_PER_CLASSES
CLASS:0
ACC:0.9376470588235294
PREC:0.047619047619047616
REC:0.32432432432432434
TNR:0.9430334678376454
FPR:0.9523809523809523
FPDR:0.9523809523809523
F1:0.08304498269896193
BACC:0
CLSFE:0.9523809523809523
MCC:0.10516416368809256
GMEAN:0.5530358869654561
SAMPLES:252
AUC:{}
AVGP:{}
CLASS:1
ACC:0.9376470588235294
PREC:0.9937468734367184
REC:0.9430334678376454
TNR:0.32432432432432434
FPR:0.00625312656328164
FPDR:0.00625312656328164
F1:0.9677262209231519
BACC:0
CLSFE:0.00625312656328164
MCC:0.10516416368809256
GMEAN:0.5530358869654561
SAMPLES:3998
AUC:{}
AVGP:{}
