

GENERAL_METRICS
ACC:0.9284705882352942
PREC:0.5142110762800418
REC:0.6138519924098672
TNR:0.6138519924098672
FPR:0.48578892371995824
FPDR:0.48578892371995824
F1:0.5122731994878114
BACC:0.0
CLSFE:0.07152941176470588
MCC:0.08044773082620446
GMEAN:0.5240078405792257
SAMPLES:4250.0
AUC:{'AUC macro OVO': 0.5142110762800417}
AVGP:{'avg_precision': 0.9335752975677074}


METRICS_PER_CLASSES
CLASS:0
ACC:0.9284705882352942
PREC:0.034482758620689655
REC:0.29411764705882354
TNR:0.9335863377609108
FPR:0.9655172413793104
FPDR:0.9655172413793104
F1:0.06172839506172839
BACC:0
CLSFE:0.9655172413793104
MCC:0.08044773082620446
GMEAN:0.5240078405792257
SAMPLES:290
AUC:{}
AVGP:{}
CLASS:1
ACC:0.9284705882352942
PREC:0.9939393939393939
REC:0.9335863377609108
TNR:0.29411764705882354
FPR:0.006060606060606061
FPDR:0.006060606060606061
F1:0.9628180039138943
BACC:0
CLSFE:0.006060606060606061
MCC:0.08044773082620446
GMEAN:0.5240078405792257
SAMPLES:3960
AUC:{}
AVGP:{}
