

GENERAL_METRICS
ACC:0.9416470588235294
PREC:0.5118833459420469
REC:0.5712374096925592
TNR:0.5712374096925592
FPR:0.4881166540579531
FPDR:0.4881166540579531
F1:0.5116653601166814
BACC:0.0
CLSFE:0.05835294117647059
MCC:0.05819067909526408
GMEAN:0.4293474578611101
SAMPLES:4250.0
AUC:{'AUC macro OVO': 0.5118833459420469}
AVGP:{'avg_precision': 0.9480216774952619}


METRICS_PER_CLASSES
CLASS:0
ACC:0.9416470588235294
PREC:0.030973451327433628
REC:0.19444444444444445
TNR:0.948030374940674
FPR:0.9690265486725663
FPDR:0.9690265486725663
F1:0.05343511450381679
BACC:0
CLSFE:0.9690265486725663
MCC:0.05819067909526408
GMEAN:0.4293474578611101
SAMPLES:226
AUC:{}
AVGP:{}
CLASS:1
ACC:0.9416470588235294
PREC:0.9927932405566601
REC:0.948030374940674
TNR:0.19444444444444445
FPR:0.00720675944333996
FPDR:0.00720675944333996
F1:0.969895605729546
BACC:0
CLSFE:0.00720675944333996
MCC:0.05819067909526408
GMEAN:0.4293474578611101
SAMPLES:4024
AUC:{}
AVGP:{}
