

GENERAL_METRICS
ACC:0.9050909090909091
PREC:0.5805497268379365
REC:0.6509163618566792
TNR:0.6509163618566792
FPR:0.41945027316206357
FPDR:0.41945027316206357
F1:0.6007396121375158
BACC:0.0
CLSFE:0.09490909090909092
MCC:0.22051096773567233
GMEAN:0.588547912759286
SAMPLES:2750.0
AUC:{'AUC macro OVO': 0.5805497268379365}
AVGP:{'avg_precision': 0.9285708988586439}


METRICS_PER_CLASSES
CLASS:0
ACC:0.9050909090909091
PREC:0.19047619047619047
REC:0.3728813559322034
TNR:0.9289513677811551
FPR:0.8095238095238095
FPDR:0.8095238095238095
F1:0.2521489971346705
BACC:0
CLSFE:0.8095238095238095
MCC:0.22051096773567233
GMEAN:0.588547912759286
SAMPLES:231
AUC:{}
AVGP:{}
CLASS:1
ACC:0.9050909090909091
PREC:0.9706232631996824
REC:0.9289513677811551
TNR:0.3728813559322034
FPR:0.029376736800317587
FPDR:0.029376736800317587
F1:0.9493302271403611
BACC:0
CLSFE:0.029376736800317587
MCC:0.22051096773567233
GMEAN:0.588547912759286
SAMPLES:2519
AUC:{}
AVGP:{}
