

GENERAL_METRICS
ACC:0.8956363636363637
PREC:0.5521342014830892
REC:0.592776390268661
TNR:0.592776390268661
FPR:0.44786579851691083
FPDR:0.44786579851691083
F1:0.5632986019468832
BACC:0.0
CLSFE:0.10436363636363637
MCC:0.13909454371958785
GMEAN:0.4906647699445416
SAMPLES:2750.0
AUC:{'AUC macro OVO': 0.5521342014830891}
AVGP:{'avg_precision': 0.9250907207219099}


METRICS_PER_CLASSES
CLASS:0
ACC:0.8956363636363637
PREC:0.14035087719298245
REC:0.2601626016260163
TNR:0.9253901789113057
FPR:0.8596491228070176
FPDR:0.8596491228070176
F1:0.18233618233618235
BACC:0
CLSFE:0.8596491228070176
MCC:0.13909454371958785
GMEAN:0.4906647699445416
SAMPLES:228
AUC:{}
AVGP:{}
CLASS:1
ACC:0.8956363636363637
PREC:0.9639175257731959
REC:0.9253901789113057
TNR:0.2601626016260163
FPR:0.03608247422680412
FPDR:0.03608247422680412
F1:0.944261021557584
BACC:0
CLSFE:0.03608247422680412
MCC:0.13909454371958785
GMEAN:0.4906647699445416
SAMPLES:2522
AUC:{}
AVGP:{}
