

GENERAL_METRICS
ACC:0.9087272727272727
PREC:0.5828524858250628
REC:0.6515559133872699
TNR:0.6515559133872699
FPR:0.41714751417493723
FPDR:0.41714751417493723
F1:0.6032888660527342
BACC:0.0
CLSFE:0.09127272727272727
MCC:0.22411411526830005
GMEAN:0.5879109229009998
SAMPLES:2750.0
AUC:{'AUC macro OVO': 0.5828524858250627}
AVGP:{'avg_precision': 0.9320531071570881}


METRICS_PER_CLASSES
CLASS:0
ACC:0.9087272727272727
PREC:0.19457013574660634
REC:0.3706896551724138
TNR:0.932422171602126
FPR:0.8054298642533937
FPDR:0.8054298642533937
F1:0.2551928783382789
BACC:0
CLSFE:0.8054298642533937
MCC:0.22411411526830005
GMEAN:0.5879109229009998
SAMPLES:221
AUC:{}
AVGP:{}
CLASS:1
ACC:0.9087272727272727
PREC:0.9711348359035191
REC:0.932422171602126
TNR:0.3706896551724138
FPR:0.028865164096480822
FPDR:0.028865164096480822
F1:0.9513848537671896
BACC:0
CLSFE:0.028865164096480822
MCC:0.22411411526830005
GMEAN:0.5879109229009998
SAMPLES:2529
AUC:{}
AVGP:{}
