

GENERAL_METRICS
ACC:0.8901818181818182
PREC:0.5730128324317624
REC:0.661792653207235
TNR:0.661792653207235
FPR:0.4269871675682376
FPDR:0.4269871675682376
F1:0.5928921568627451
BACC:0.0
CLSFE:0.10981818181818181
MCC:0.2173746984109245
GMEAN:0.6127442707978408
SAMPLES:2750.0
AUC:{'AUC macro OVO': 0.5730128324317624}
AVGP:{'avg_precision': 0.9114236101271048}


METRICS_PER_CLASSES
CLASS:0
ACC:0.8901818181818182
PREC:0.17437722419928825
REC:0.4117647058823529
TNR:0.9118206005321171
FPR:0.8256227758007118
FPDR:0.8256227758007118
F1:0.245
BACC:0
CLSFE:0.8256227758007118
MCC:0.2173746984109245
GMEAN:0.6127442707978408
SAMPLES:281
AUC:{}
AVGP:{}
CLASS:1
ACC:0.8901818181818182
PREC:0.9716484406642365
REC:0.9118206005321171
TNR:0.4117647058823529
FPR:0.028351559335763468
FPDR:0.028351559335763468
F1:0.9407843137254902
BACC:0
CLSFE:0.028351559335763468
MCC:0.2173746984109245
GMEAN:0.6127442707978408
SAMPLES:2469
AUC:{}
AVGP:{}
