

GENERAL_METRICS
ACC:0.828
PREC:0.5884877287558519
REC:0.6335627569066055
TNR:0.6335627569066055
FPR:0.4115122712441481
FPDR:0.4115122712441481
F1:0.6017732901199708
BACC:0.0
CLSFE:0.172
MCC:0.21742736722901734
GMEAN:0.5865001371350074
SAMPLES:1750.0
AUC:{'AUC macro OVO': 0.588487728755852}
AVGP:{'avg_precision': 0.8714889419847457}


METRICS_PER_CLASSES
CLASS:0
ACC:0.828
PREC:0.24436090225563908
REC:0.3939393939393939
TNR:0.873186119873817
FPR:0.7556390977443609
FPDR:0.7556390977443609
F1:0.30162412993039445
BACC:0
CLSFE:0.7556390977443609
MCC:0.21742736722901734
GMEAN:0.5865001371350074
SAMPLES:266
AUC:{}
AVGP:{}
CLASS:1
ACC:0.828
PREC:0.9326145552560647
REC:0.873186119873817
TNR:0.3939393939393939
FPR:0.0673854447439353
FPDR:0.0673854447439353
F1:0.9019224503095471
BACC:0
CLSFE:0.0673854447439353
MCC:0.21742736722901734
GMEAN:0.5865001371350074
SAMPLES:1484
AUC:{}
AVGP:{}
