

GENERAL_METRICS
ACC:0.8337142857142857
PREC:0.5891434262948207
REC:0.622598609972716
TNR:0.622598609972716
FPR:0.4108565737051793
FPDR:0.4108565737051793
F1:0.6005666188993757
BACC:0.0
CLSFE:0.1662857142857143
MCC:0.20908237756396664
GMEAN:0.5649489631731547
SAMPLES:1750.0
AUC:{'AUC macro OVO': 0.5891434262948207}
AVGP:{'avg_precision': 0.8825523754804582}


METRICS_PER_CLASSES
CLASS:0
ACC:0.8337142857142857
PREC:0.25
REC:0.3609467455621302
TNR:0.8842504743833017
FPR:0.75
FPDR:0.75
F1:0.29539951573849876
BACC:0
CLSFE:0.75
MCC:0.20908237756396664
GMEAN:0.5649489631731547
SAMPLES:244
AUC:{}
AVGP:{}
CLASS:1
ACC:0.8337142857142857
PREC:0.9282868525896414
REC:0.8842504743833017
TNR:0.3609467455621302
FPR:0.07171314741035857
FPDR:0.07171314741035857
F1:0.9057337220602527
BACC:0
CLSFE:0.07171314741035857
MCC:0.20908237756396664
GMEAN:0.5649489631731547
SAMPLES:1506
AUC:{}
AVGP:{}
