

GENERAL_METRICS
ACC:0.8457142857142858
PREC:0.6041491220682975
REC:0.6648958333333334
TNR:0.6648958333333334
FPR:0.39585087793170237
FPDR:0.39585087793170237
F1:0.6222369329956251
BACC:0.0
CLSFE:0.15428571428571428
MCC:0.2620973580514461
GMEAN:0.6280624968902379
SAMPLES:1750.0
AUC:{'AUC macro OVO': 0.6041491220682975}
AVGP:{'avg_precision': 0.8815566630061116}


METRICS_PER_CLASSES
CLASS:0
ACC:0.8457142857142858
PREC:0.2637795275590551
REC:0.44666666666666666
TNR:0.883125
FPR:0.7362204724409449
FPDR:0.7362204724409449
F1:0.3316831683168317
BACC:0
CLSFE:0.7362204724409449
MCC:0.2620973580514461
GMEAN:0.6280624968902379
SAMPLES:254
AUC:{}
AVGP:{}
CLASS:1
ACC:0.8457142857142858
PREC:0.94451871657754
REC:0.883125
TNR:0.44666666666666666
FPR:0.05548128342245989
FPDR:0.05548128342245989
F1:0.9127906976744186
BACC:0
CLSFE:0.05548128342245989
MCC:0.2620973580514461
GMEAN:0.6280624968902379
SAMPLES:1496
AUC:{}
AVGP:{}
