

GENERAL_METRICS
ACC:0.84
PREC:0.6145022487458918
REC:0.6484497645211931
TNR:0.6484497645211931
FPR:0.3854977512541083
FPDR:0.3854977512541083
F1:0.6273242795950156
BACC:0.0
CLSFE:0.16
MCC:0.26075146682981254
GMEAN:0.6016582079864756
SAMPLES:1750.0
AUC:{'AUC macro OVO': 0.6145022487458918}
AVGP:{'avg_precision': 0.8880888514980461}


METRICS_PER_CLASSES
CLASS:0
ACC:0.84
PREC:0.3008130081300813
REC:0.4065934065934066
TNR:0.8903061224489796
FPR:0.6991869918699187
FPDR:0.6991869918699187
F1:0.34579439252336447
BACC:0
CLSFE:0.6991869918699187
MCC:0.26075146682981254
GMEAN:0.6016582079864756
SAMPLES:246
AUC:{}
AVGP:{}
CLASS:1
ACC:0.84
PREC:0.9281914893617021
REC:0.8903061224489796
TNR:0.4065934065934066
FPR:0.07180851063829788
FPDR:0.07180851063829788
F1:0.9088541666666666
BACC:0
CLSFE:0.07180851063829788
MCC:0.26075146682981254
GMEAN:0.6016582079864756
SAMPLES:1504
AUC:{}
AVGP:{}
