

GENERAL_METRICS
ACC:0.8928571428571429
PREC:0.532960587263866
REC:0.5422674571571076
TNR:0.5422674571571076
FPR:0.46703941273613403
FPDR:0.46703941273613403
F1:0.5364220399620095
BACC:0.0
CLSFE:0.10714285714285714
MCC:0.07465012284111953
GMEAN:0.37412617786192476
SAMPLES:3500.0
AUC:{'AUC macro OVO': 0.532960587263866}
AVGP:{'avg_precision': 0.9345817362005107}


METRICS_PER_CLASSES
CLASS:0
ACC:0.8928571428571429
PREC:0.11475409836065574
REC:0.1497326203208556
TNR:0.9348022939933595
FPR:0.8852459016393442
FPDR:0.8852459016393442
F1:0.12993039443155452
BACC:0
CLSFE:0.8852459016393442
MCC:0.07465012284111953
GMEAN:0.37412617786192476
SAMPLES:244
AUC:{}
AVGP:{}
CLASS:1
ACC:0.8928571428571429
PREC:0.9511670761670762
REC:0.9348022939933595
TNR:0.1497326203208556
FPR:0.048832923832923834
FPDR:0.048832923832923834
F1:0.9429136854924646
BACC:0
CLSFE:0.048832923832923834
MCC:0.07465012284111953
GMEAN:0.37412617786192476
SAMPLES:3256
AUC:{}
AVGP:{}
