

GENERAL_METRICS
ACC:0.8948571428571429
PREC:0.5404030333242695
REC:0.556841462771881
TNR:0.556841462771881
FPR:0.45959696667573036
FPDR:0.45959696667573036
F1:0.5460594577525151
BACC:0.0
CLSFE:0.10514285714285715
MCC:0.09584503147419875
GMEAN:0.41068045286679555
SAMPLES:3500.0
AUC:{'AUC macro OVO': 0.5404030333242695}
AVGP:{'avg_precision': 0.9326350712080882}


METRICS_PER_CLASSES
CLASS:0
ACC:0.8948571428571429
PREC:0.12549019607843137
REC:0.1807909604519774
TNR:0.9328919650917845
FPR:0.8745098039215686
FPDR:0.8745098039215686
F1:0.14814814814814814
BACC:0
CLSFE:0.8745098039215686
MCC:0.09584503147419875
GMEAN:0.41068045286679555
SAMPLES:255
AUC:{}
AVGP:{}
CLASS:1
ACC:0.8948571428571429
PREC:0.9553158705701078
REC:0.9328919650917845
TNR:0.1807909604519774
FPR:0.04468412942989214
FPDR:0.04468412942989214
F1:0.9439707673568819
BACC:0
CLSFE:0.04468412942989214
MCC:0.09584503147419875
GMEAN:0.41068045286679555
SAMPLES:3245
AUC:{}
AVGP:{}
