

GENERAL_METRICS
ACC:0.89
PREC:0.5285748102664161
REC:0.5397859969138011
TNR:0.5397859969138011
FPR:0.47142518973358394
FPDR:0.47142518973358394
F1:0.5321633772283866
BACC:0.0
CLSFE:0.11
MCC:0.0674352226383834
GMEAN:0.37254403517354395
SAMPLES:3500.0
AUC:{'AUC macro OVO': 0.5285748102664161}
AVGP:{'avg_precision': 0.9302052538438419}


METRICS_PER_CLASSES
CLASS:0
ACC:0.89
PREC:0.10465116279069768
REC:0.14917127071823205
TNR:0.9304007231093703
FPR:0.8953488372093024
FPDR:0.8953488372093024
F1:0.12300683371298406
BACC:0
CLSFE:0.8953488372093024
MCC:0.0674352226383834
GMEAN:0.37254403517354395
SAMPLES:258
AUC:{}
AVGP:{}
CLASS:1
ACC:0.89
PREC:0.9524984577421345
REC:0.9304007231093703
TNR:0.14917127071823205
FPR:0.047501542257865514
FPDR:0.047501542257865514
F1:0.941319920743789
BACC:0
CLSFE:0.047501542257865514
MCC:0.0674352226383834
GMEAN:0.37254403517354395
SAMPLES:3242
AUC:{}
AVGP:{}
