

GENERAL_METRICS
ACC:0.8945714285714286
PREC:0.5278999726991633
REC:0.5398957781310723
TNR:0.5398957781310723
FPR:0.47210002730083667
FPDR:0.47210002730083667
F1:0.5316306181206547
BACC:0.0
CLSFE:0.10542857142857143
MCC:0.06672604051399401
GMEAN:0.37036006580495273
SAMPLES:3500.0
AUC:{'AUC macro OVO': 0.5278999726991633}
AVGP:{'avg_precision': 0.9325598749868205}


METRICS_PER_CLASSES
CLASS:0
ACC:0.8945714285714286
PREC:0.10040160642570281
REC:0.14705882352941177
TNR:0.9327327327327327
FPR:0.8995983935742972
FPDR:0.8995983935742972
F1:0.11933174224343675
BACC:0
CLSFE:0.8995983935742972
MCC:0.06672604051399401
GMEAN:0.37036006580495273
SAMPLES:249
AUC:{}
AVGP:{}
CLASS:1
ACC:0.8945714285714286
PREC:0.9553983389726238
REC:0.9327327327327327
TNR:0.14705882352941177
FPR:0.04460166102737619
FPDR:0.04460166102737619
F1:0.9439294939978726
BACC:0
CLSFE:0.04460166102737619
MCC:0.06672604051399401
GMEAN:0.37036006580495273
SAMPLES:3251
AUC:{}
AVGP:{}
