

GENERAL_METRICS
ACC:0.9107692307692308
PREC:0.65448037407521
REC:0.6647893888489698
TNR:0.6647893888489698
FPR:0.34551962592479
FPDR:0.34551962592479
F1:0.659407437601997
BACC:0.0
CLSFE:0.08923076923076922
MCC:0.31910328380017705
GMEAN:0.6007424347639497
SAMPLES:3250.0
AUC:{'AUC macro OVO': 0.65448037407521}
AVGP:{'avg_precision': 0.9484692438193163}


METRICS_PER_CLASSES
CLASS:0
ACC:0.9107692307692308
PREC:0.35443037974683544
REC:0.38009049773755654
TNR:0.949488279960383
FPR:0.6455696202531646
FPDR:0.6455696202531646
F1:0.36681222707423583
BACC:0
CLSFE:0.6455696202531646
MCC:0.31910328380017705
GMEAN:0.6007424347639497
SAMPLES:237
AUC:{}
AVGP:{}
CLASS:1
ACC:0.9107692307692308
PREC:0.9545303684035845
REC:0.949488279960383
TNR:0.38009049773755654
FPR:0.04546963159641553
FPDR:0.04546963159641553
F1:0.9520026481297583
BACC:0
CLSFE:0.04546963159641553
MCC:0.31910328380017705
GMEAN:0.6007424347639497
SAMPLES:3013
AUC:{}
AVGP:{}
