

GENERAL_METRICS
ACC:0.9237333333333333
PREC:0.5489377470355732
REC:0.5972374931280924
TNR:0.5972374931280924
FPR:0.4510622529644269
FPDR:0.4510622529644269
F1:0.5618936976417013
BACC:0.0
CLSFE:0.07626666666666666
MCC:0.1379649787602037
GMEAN:0.4859205146565086
SAMPLES:3750.0
AUC:{'AUC macro OVO': 0.5489377470355731}
AVGP:{'avg_precision': 0.9443363786296167}


METRICS_PER_CLASSES
CLASS:0
ACC:0.9237333333333333
PREC:0.12173913043478261
REC:0.25
TNR:0.9444749862561848
FPR:0.8782608695652174
FPDR:0.8782608695652174
F1:0.16374269005847952
BACC:0
CLSFE:0.8782608695652174
MCC:0.1379649787602037
GMEAN:0.4859205146565086
SAMPLES:230
AUC:{}
AVGP:{}
CLASS:1
ACC:0.9237333333333333
PREC:0.9761363636363637
REC:0.9444749862561848
TNR:0.25
FPR:0.023863636363636365
FPDR:0.023863636363636365
F1:0.9600447052249231
BACC:0
CLSFE:0.023863636363636365
MCC:0.1379649787602037
GMEAN:0.4859205146565086
SAMPLES:3520
AUC:{}
AVGP:{}
