

GENERAL_METRICS
ACC:0.9245333333333333
PREC:0.5314549243120672
REC:0.5681589933849589
TNR:0.5681589933849589
FPR:0.4685450756879328
FPDR:0.4685450756879328
F1:0.5394797650988801
BACC:0.0
CLSFE:0.07546666666666667
MCC:0.09260531254977909
GMEAN:0.42573260805018215
SAMPLES:3750.0
AUC:{'AUC macro OVO': 0.5314549243120672}
AVGP:{'avg_precision': 0.9443171895253126}


METRICS_PER_CLASSES
CLASS:0
ACC:0.9245333333333333
PREC:0.08558558558558559
REC:0.1919191919191919
TNR:0.9443987948507259
FPR:0.9144144144144144
FPDR:0.9144144144144144
F1:0.11838006230529595
BACC:0
CLSFE:0.9144144144144144
MCC:0.09260531254977909
GMEAN:0.42573260805018215
SAMPLES:222
AUC:{}
AVGP:{}
CLASS:1
ACC:0.9245333333333333
PREC:0.9773242630385488
REC:0.9443987948507259
TNR:0.1919191919191919
FPR:0.022675736961451247
FPDR:0.022675736961451247
F1:0.9605794678924642
BACC:0
CLSFE:0.022675736961451247
MCC:0.09260531254977909
GMEAN:0.42573260805018215
SAMPLES:3528
AUC:{}
AVGP:{}
