

GENERAL_METRICS
ACC:0.9234666666666667
PREC:0.5458046379043031
REC:0.603295923632611
TNR:0.603295923632611
FPR:0.45419536209569683
FPDR:0.45419536209569683
F1:0.559134186650194
BACC:0.0
CLSFE:0.07653333333333333
MCC:0.13757081636716842
GMEAN:0.4993222961354286
SAMPLES:3750.0
AUC:{'AUC macro OVO': 0.5458046379043031}
AVGP:{'avg_precision': 0.9417659286353166}


METRICS_PER_CLASSES
CLASS:0
ACC:0.9234666666666667
PREC:0.11297071129707113
REC:0.2647058823529412
TNR:0.9418859649122807
FPR:0.8870292887029289
FPDR:0.8870292887029289
F1:0.15835777126099707
BACC:0
CLSFE:0.8870292887029289
MCC:0.13757081636716842
GMEAN:0.4993222961354286
SAMPLES:239
AUC:{}
AVGP:{}
CLASS:1
ACC:0.9234666666666667
PREC:0.9786385645115352
REC:0.9418859649122807
TNR:0.2647058823529412
FPR:0.021361435488464826
FPDR:0.021361435488464826
F1:0.9599106020393909
BACC:0
CLSFE:0.021361435488464826
MCC:0.13757081636716842
GMEAN:0.4993222961354286
SAMPLES:3511
AUC:{}
AVGP:{}
