

GENERAL_METRICS
ACC:0.9202666666666667
PREC:0.5339322230614764
REC:0.5848729210166319
TNR:0.5848729210166319
FPR:0.4660677769385236
FPDR:0.4660677769385236
F1:0.5432513011991359
BACC:0.0
CLSFE:0.07973333333333334
MCC:0.10732990054622095
GMEAN:0.4661112548763274
SAMPLES:3750.0
AUC:{'AUC macro OVO': 0.5339322230614765}
AVGP:{'avg_precision': 0.9380772554175935}


METRICS_PER_CLASSES
CLASS:0
ACC:0.9202666666666667
PREC:0.08870967741935484
REC:0.23157894736842105
TNR:0.9381668946648427
FPR:0.9112903225806451
FPDR:0.9112903225806451
F1:0.1282798833819242
BACC:0
CLSFE:0.9112903225806451
MCC:0.10732990054622095
GMEAN:0.4661112548763274
SAMPLES:248
AUC:{}
AVGP:{}
CLASS:1
ACC:0.9202666666666667
PREC:0.979154768703598
REC:0.9381668946648427
TNR:0.23157894736842105
FPR:0.020845231296402054
FPDR:0.020845231296402054
F1:0.9582227190163476
BACC:0
CLSFE:0.020845231296402054
MCC:0.10732990054622095
GMEAN:0.4661112548763274
SAMPLES:3502
AUC:{}
AVGP:{}
