

GENERAL_METRICS
ACC:0.9163636363636364
PREC:0.7542
REC:0.7471085769034553
TNR:0.7471085769034553
FPR:0.24580000000000002
FPDR:0.24580000000000002
F1:0.7505851882697355
BACC:0.0
CLSFE:0.08363636363636363
MCC:0.5012584173811283
GMEAN:0.7174691400865234
SAMPLES:2750.0
AUC:{'AUC macro OVO': 0.7542}
AVGP:{'avg_precision': 0.9532504158762586}


METRICS_PER_CLASSES
CLASS:0
ACC:0.9163636363636364
PREC:0.556
REC:0.5387596899224806
TNR:0.9554574638844302
FPR:0.444
FPDR:0.444
F1:0.547244094488189
BACC:0
CLSFE:0.444
MCC:0.5012584173811283
GMEAN:0.7174691400865234
SAMPLES:250
AUC:{}
AVGP:{}
CLASS:1
ACC:0.9163636363636364
PREC:0.9524
REC:0.9554574638844302
TNR:0.5387596899224806
FPR:0.0476
FPDR:0.0476
F1:0.953926282051282
BACC:0
CLSFE:0.0476
MCC:0.5012584173811283
GMEAN:0.7174691400865234
SAMPLES:2500
AUC:{}
AVGP:{}
