

GENERAL_METRICS
ACC:0.9192727272727272
PREC:0.7418597466790238
REC:0.765956001250119
TNR:0.765956001250119
FPR:0.25814025332097623
FPDR:0.25814025332097623
F1:0.753130251795012
BACC:0.0
CLSFE:0.08072727272727273
MCC:0.5072437326970927
GMEAN:0.7433387871977034
SAMPLES:2750.0
AUC:{'AUC macro OVO': 0.7418597466790238}
AVGP:{'avg_precision': 0.9489340695634104}


METRICS_PER_CLASSES
CLASS:0
ACC:0.9192727272727272
PREC:0.5230769230769231
REC:0.5811965811965812
TNR:0.9507154213036566
FPR:0.47692307692307695
FPDR:0.47692307692307695
F1:0.5506072874493927
BACC:0
CLSFE:0.47692307692307695
MCC:0.5072437326970927
GMEAN:0.7433387871977034
SAMPLES:260
AUC:{}
AVGP:{}
CLASS:1
ACC:0.9192727272727272
PREC:0.9606425702811245
REC:0.9507154213036566
TNR:0.5811965811965812
FPR:0.0393574297188755
FPDR:0.0393574297188755
F1:0.9556532161406313
BACC:0
CLSFE:0.0393574297188755
MCC:0.5072437326970927
GMEAN:0.7433387871977034
SAMPLES:2490
AUC:{}
AVGP:{}
