

GENERAL_METRICS
ACC:0.9265454545454546
PREC:0.7589499887584292
REC:0.7773098981654538
TNR:0.7773098981654538
FPR:0.24105001124157083
FPDR:0.24105001124157083
F1:0.7677116228657068
BACC:0.0
CLSFE:0.07345454545454545
MCC:0.5359455010075014
GMEAN:0.756405581368665
SAMPLES:2750.0
AUC:{'AUC macro OVO': 0.7589499887584291}
AVGP:{'avg_precision': 0.9546689612218682}


METRICS_PER_CLASSES
CLASS:0
ACC:0.9265454545454546
PREC:0.5546558704453441
REC:0.5982532751091703
TNR:0.9563665212217374
FPR:0.44534412955465585
FPDR:0.44534412955465585
F1:0.5756302521008403
BACC:0
CLSFE:0.44534412955465585
MCC:0.5359455010075014
GMEAN:0.756405581368665
SAMPLES:247
AUC:{}
AVGP:{}
CLASS:1
ACC:0.9265454545454546
PREC:0.9632441070715142
REC:0.9563665212217374
TNR:0.5982532751091703
FPR:0.036755892928485814
FPDR:0.036755892928485814
F1:0.9597929936305732
BACC:0
CLSFE:0.036755892928485814
MCC:0.5359455010075014
GMEAN:0.756405581368665
SAMPLES:2503
AUC:{}
AVGP:{}
