

GENERAL_METRICS
ACC:0.92
PREC:0.7914793921788714
REC:0.7567879176268708
TNR:0.7567879176268708
FPR:0.20852060782112858
FPDR:0.20852060782112858
F1:0.7726165706519779
BACC:0.0
CLSFE:0.08
MCC:0.5471686619270456
GMEAN:0.72813638203723
SAMPLES:2750.0
AUC:{'AUC macro OVO': 0.7914793921788714}
AVGP:{'avg_precision': 0.9602886030912258}


METRICS_PER_CLASSES
CLASS:0
ACC:0.92
PREC:0.6345381526104418
REC:0.5505226480836237
TNR:0.9630531871701178
FPR:0.3654618473895582
FPDR:0.3654618473895582
F1:0.5895522388059702
BACC:0
CLSFE:0.3654618473895582
MCC:0.5471686619270456
GMEAN:0.72813638203723
SAMPLES:249
AUC:{}
AVGP:{}
CLASS:1
ACC:0.92
PREC:0.9484206317473011
REC:0.9630531871701178
TNR:0.5505226480836237
FPR:0.05157936825269892
FPDR:0.05157936825269892
F1:0.9556809024979855
BACC:0
CLSFE:0.05157936825269892
MCC:0.5471686619270456
GMEAN:0.72813638203723
SAMPLES:2501
AUC:{}
AVGP:{}
