

GENERAL_METRICS
ACC:0.8822857142857143
PREC:0.7515287695969795
REC:0.7705849889624724
TNR:0.7705849889624724
FPR:0.2484712304030206
FPDR:0.2484712304030206
F1:0.760464479639813
BACC:0.0
CLSFE:0.11771428571428572
MCC:0.5217658836878584
GMEAN:0.7550565378009373
SAMPLES:1750.0
AUC:{'AUC macro OVO': 0.7515287695969795}
AVGP:{'avg_precision': 0.9199145888648131}


METRICS_PER_CLASSES
CLASS:0
ACC:0.8822857142857143
PREC:0.5648854961832062
REC:0.6166666666666667
TNR:0.9245033112582781
FPR:0.4351145038167939
FPDR:0.4351145038167939
F1:0.5896414342629482
BACC:0
CLSFE:0.4351145038167939
MCC:0.5217658836878584
GMEAN:0.7550565378009373
SAMPLES:262
AUC:{}
AVGP:{}
CLASS:1
ACC:0.8822857142857143
PREC:0.9381720430107527
REC:0.9245033112582781
TNR:0.6166666666666667
FPR:0.06182795698924731
FPDR:0.06182795698924731
F1:0.9312875250166778
BACC:0
CLSFE:0.06182795698924731
MCC:0.5217658836878584
GMEAN:0.7550565378009373
SAMPLES:1488
AUC:{}
AVGP:{}
