

GENERAL_METRICS
ACC:0.8714285714285714
PREC:0.7490762783157454
REC:0.7482997879195725
TNR:0.7482997879195725
FPR:0.25092372168425464
FPDR:0.25092372168425464
F1:0.7486869491457271
BACC:0.0
CLSFE:0.12857142857142856
MCC:0.4973754601167854
GMEAN:0.7272277989915443
SAMPLES:1750.0
AUC:{'AUC macro OVO': 0.7490762783157453}
AVGP:{'avg_precision': 0.9189368983539583}


METRICS_PER_CLASSES
CLASS:0
ACC:0.8714285714285714
PREC:0.5741444866920152
REC:0.571969696969697
TNR:0.9246298788694481
FPR:0.42585551330798477
FPDR:0.42585551330798477
F1:0.573055028462998
BACC:0
CLSFE:0.42585551330798477
MCC:0.4973754601167854
GMEAN:0.7272277989915443
SAMPLES:263
AUC:{}
AVGP:{}
CLASS:1
ACC:0.8714285714285714
PREC:0.9240080699394755
REC:0.9246298788694481
TNR:0.571969696969697
FPR:0.07599193006052454
FPDR:0.07599193006052454
F1:0.9243188698284561
BACC:0
CLSFE:0.07599193006052454
MCC:0.4973754601167854
GMEAN:0.7272277989915443
SAMPLES:1487
AUC:{}
AVGP:{}
