

GENERAL_METRICS
ACC:0.8737142857142857
PREC:0.737908594991624
REC:0.7403417180825819
TNR:0.7403417180825819
FPR:0.2620914050083759
FPDR:0.2620914050083759
F1:0.7391144800064218
BACC:0.0
CLSFE:0.12628571428571428
MCC:0.4782441237146571
GMEAN:0.716792941859616
SAMPLES:1750.0
AUC:{'AUC macro OVO': 0.737908594991624}
AVGP:{'avg_precision': 0.9206977540466531}


METRICS_PER_CLASSES
CLASS:0
ACC:0.8737142857142857
PREC:0.5483870967741935
REC:0.5551020408163265
TNR:0.9255813953488372
FPR:0.45161290322580644
FPDR:0.45161290322580644
F1:0.5517241379310345
BACC:0
CLSFE:0.45161290322580644
MCC:0.4782441237146571
GMEAN:0.716792941859616
SAMPLES:248
AUC:{}
AVGP:{}
CLASS:1
ACC:0.8737142857142857
PREC:0.9274300932090546
REC:0.9255813953488372
TNR:0.5551020408163265
FPR:0.07256990679094541
FPDR:0.07256990679094541
F1:0.9265048220818091
BACC:0
CLSFE:0.07256990679094541
MCC:0.4782441237146571
GMEAN:0.716792941859616
SAMPLES:1502
AUC:{}
AVGP:{}
