

GENERAL_METRICS
ACC:0.8794285714285714
PREC:0.7382679270706135
REC:0.7580246174716221
TNR:0.7580246174716221
FPR:0.2617320729293865
FPDR:0.2617320729293865
F1:0.7474825186780872
BACC:0.0
CLSFE:0.12057142857142857
MCC:0.49589914594865514
GMEAN:0.7398597706613328
SAMPLES:1750.0
AUC:{'AUC macro OVO': 0.7382679270706134}
AVGP:{'avg_precision': 0.9186954688033571}


METRICS_PER_CLASSES
CLASS:0
ACC:0.8794285714285714
PREC:0.5393700787401575
REC:0.5930735930735931
TNR:0.9229756418696511
FPR:0.46062992125984253
FPDR:0.46062992125984253
F1:0.5649484536082474
BACC:0
CLSFE:0.46062992125984253
MCC:0.49589914594865514
GMEAN:0.7398597706613328
SAMPLES:254
AUC:{}
AVGP:{}
CLASS:1
ACC:0.8794285714285714
PREC:0.9371657754010695
REC:0.9229756418696511
TNR:0.5930735930735931
FPR:0.06283422459893048
FPDR:0.06283422459893048
F1:0.9300165837479271
BACC:0
CLSFE:0.06283422459893048
MCC:0.49589914594865514
GMEAN:0.7398597706613328
SAMPLES:1496
AUC:{}
AVGP:{}
