

GENERAL_METRICS
ACC:0.9205714285714286
PREC:0.5014880952380952
REC:0.5109753460207612
TNR:0.5109753460207612
FPR:0.49851190476190477
FPDR:0.49851190476190477
F1:0.4898665369225478
BACC:0.0
CLSFE:0.07942857142857143
MCC:0.008082662964628014
GMEAN:0.29498951655761046
SAMPLES:3500.0
AUC:{'AUC macro OVO': 0.5014880952380952}
AVGP:{'avg_precision': 0.9281989001482945}


METRICS_PER_CLASSES
CLASS:0
ACC:0.9205714285714286
PREC:0.011904761904761904
REC:0.09375
TNR:0.9282006920415224
FPR:0.9880952380952381
FPDR:0.9880952380952381
F1:0.02112676056338028
BACC:0
CLSFE:0.9880952380952381
MCC:0.008082662964628014
GMEAN:0.29498951655761046
SAMPLES:252
AUC:{}
AVGP:{}
CLASS:1
ACC:0.9205714285714286
PREC:0.9910714285714286
REC:0.9282006920415224
TNR:0.09375
FPR:0.008928571428571428
FPDR:0.008928571428571428
F1:0.9586063132817153
BACC:0
CLSFE:0.008928571428571428
MCC:0.008082662964628014
GMEAN:0.29498951655761046
SAMPLES:3248
AUC:{}
AVGP:{}
