

GENERAL_METRICS
ACC:0.9097142857142857
PREC:0.49970507825586463
REC:0.49801080168026135
TNR:0.49801080168026135
FPR:0.5002949217441354
FPDR:0.5002949217441354
F1:0.4856569918095759
BACC:0.0
CLSFE:0.09028571428571429
MCC:-0.0015318718456690892
GMEAN:0.2658945028559904
SAMPLES:3500.0
AUC:{'AUC macro OVO': 0.49970507825586463}
AVGP:{'avg_precision': 0.9190990225224303}


METRICS_PER_CLASSES
CLASS:0
ACC:0.9097142857142857
PREC:0.01060070671378092
REC:0.07692307692307693
TNR:0.9190985264374458
FPR:0.9893992932862191
FPDR:0.9893992932862191
F1:0.018633540372670808
BACC:0
CLSFE:0.9893992932862191
MCC:-0.0015318718456690892
GMEAN:0.2658945028559904
SAMPLES:283
AUC:{}
AVGP:{}
CLASS:1
ACC:0.9097142857142857
PREC:0.9888094497979484
REC:0.9190985264374458
TNR:0.07692307692307693
FPR:0.011190550202051602
FPDR:0.011190550202051602
F1:0.9526804432464809
BACC:0
CLSFE:0.011190550202051602
MCC:-0.0015318718456690892
GMEAN:0.2658945028559904
SAMPLES:3217
AUC:{}
AVGP:{}
