

GENERAL_METRICS
ACC:0.92
PREC:0.5091938590858677
REC:0.5636363636363636
TNR:0.5636363636363636
FPR:0.4908061409141323
FPDR:0.4908061409141323
F1:0.5029326970871856
BACC:0.0
CLSFE:0.08
MCC:0.04837618256992853
GMEAN:0.43064433753916403
SAMPLES:3500.0
AUC:{'AUC macro OVO': 0.5091938590858677}
AVGP:{'avg_precision': 0.9272617317887296}


METRICS_PER_CLASSES
CLASS:0
ACC:0.92
PREC:0.02702702702702703
REC:0.2
TNR:0.9272727272727272
FPR:0.972972972972973
FPDR:0.972972972972973
F1:0.047619047619047616
BACC:0
CLSFE:0.972972972972973
MCC:0.04837618256992853
GMEAN:0.43064433753916403
SAMPLES:259
AUC:{}
AVGP:{}
CLASS:1
ACC:0.92
PREC:0.9913606911447084
REC:0.9272727272727272
TNR:0.2
FPR:0.008639308855291577
FPDR:0.008639308855291577
F1:0.9582463465553236
BACC:0
CLSFE:0.008639308855291577
MCC:0.04837618256992853
GMEAN:0.43064433753916403
SAMPLES:3241
AUC:{}
AVGP:{}
