

GENERAL_METRICS
ACC:0.9202857142857143
PREC:0.5006932249396695
REC:0.5042339383988568
TNR:0.5042339383988568
FPR:0.4993067750603305
FPDR:0.4993067750603305
F1:0.4897519300858251
BACC:0.0
CLSFE:0.07971428571428571
MCC:0.0034264101862514535
GMEAN:0.270893333306186
SAMPLES:3500.0
AUC:{'AUC macro OVO': 0.5006932249396695}
AVGP:{'avg_precision': 0.9295195191995372}


METRICS_PER_CLASSES
CLASS:0
ACC:0.9202857142857143
PREC:0.012145748987854251
REC:0.07894736842105263
TNR:0.9295205083766609
FPR:0.9878542510121457
FPDR:0.9878542510121457
F1:0.021052631578947368
BACC:0
CLSFE:0.9878542510121457
MCC:0.0034264101862514535
GMEAN:0.270893333306186
SAMPLES:247
AUC:{}
AVGP:{}
CLASS:1
ACC:0.9202857142857143
PREC:0.9892407008914847
REC:0.9295205083766609
TNR:0.07894736842105263
FPR:0.010759299108515216
FPDR:0.010759299108515216
F1:0.9584512285927029
BACC:0
CLSFE:0.010759299108515216
MCC:0.0034264101862514535
GMEAN:0.270893333306186
SAMPLES:3253
AUC:{}
AVGP:{}
