

GENERAL_METRICS
ACC:0.934
PREC:0.4996942830938551
REC:0.4672670097198399
TNR:0.4672670097198399
FPR:0.5003057169061449
FPDR:0.5003057169061449
F1:0.48293691830403307
BACC:0.0
CLSFE:0.066
MCC:-0.006326777542263343
GMEAN:0.0
SAMPLES:3500.0
AUC:{'AUC macro OVO': 0.4996942830938551}
AVGP:{'avg_precision': 0.934534042312888}


METRICS_PER_CLASSES
CLASS:0
ACC:0.934
PREC:0.0
REC:0.0
TNR:0.9345340194396798
FPR:1.0
FPDR:1.0
F1:0.0
BACC:0
CLSFE:1.0
MCC:-0.006326777542263343
GMEAN:0
SAMPLES:229
AUC:{}
AVGP:{}
CLASS:1
ACC:0.934
PREC:0.9993885661877102
REC:0.9345340194396798
TNR:0.0
FPR:0.0006114338122898196
FPDR:0.0006114338122898196
F1:0.9658738366080661
BACC:0
CLSFE:0.0006114338122898196
MCC:-0.006326777542263343
GMEAN:0
SAMPLES:3271
AUC:{}
AVGP:{}
