

GENERAL_METRICS
ACC:0.9348571428571428
PREC:0.4989326014028667
REC:0.4683653020326367
TNR:0.4683653020326367
FPR:0.5010673985971332
FPDR:0.5010673985971332
F1:0.48316597755463675
BACC:0.0
CLSFE:0.06514285714285714
MCC:-0.011621847053045977
GMEAN:0.0
SAMPLES:3500.0
AUC:{'AUC macro OVO': 0.4989326014028667}
AVGP:{'avg_precision': 0.9367308741999313}


METRICS_PER_CLASSES
CLASS:0
ACC:0.9348571428571428
PREC:0.0
REC:0.0
TNR:0.9367306040652734
FPR:1.0
FPDR:1.0
F1:0.0
BACC:0
CLSFE:1.0
MCC:-0.011621847053045977
GMEAN:0
SAMPLES:221
AUC:{}
AVGP:{}
CLASS:1
ACC:0.9348571428571428
PREC:0.9978652028057334
REC:0.9367306040652734
TNR:0.0
FPR:0.0021347971942665446
FPDR:0.0021347971942665446
F1:0.9663319551092735
BACC:0
CLSFE:0.0021347971942665446
MCC:-0.011621847053045977
GMEAN:0
SAMPLES:3279
AUC:{}
AVGP:{}
