

GENERAL_METRICS
ACC:0.9331428571428572
PREC:0.4990831295843521
REC:0.4673726388093875
TNR:0.4673726388093875
FPR:0.5009168704156479
FPDR:0.5009168704156479
F1:0.4827076559266923
BACC:0.0
CLSFE:0.06685714285714285
MCC:-0.01093893271143611
GMEAN:0.0
SAMPLES:3500.0
AUC:{'AUC macro OVO': 0.4990831295843521}
AVGP:{'avg_precision': 0.9347454827506302}


METRICS_PER_CLASSES
CLASS:0
ACC:0.9331428571428572
PREC:0.0
REC:0.0
TNR:0.934745277618775
FPR:1.0
FPDR:1.0
F1:0.0
BACC:0
CLSFE:1.0
MCC:-0.01093893271143611
GMEAN:0
SAMPLES:228
AUC:{}
AVGP:{}
CLASS:1
ACC:0.9331428571428572
PREC:0.9981662591687042
REC:0.934745277618775
TNR:0.0
FPR:0.0018337408312958435
FPDR:0.0018337408312958435
F1:0.9654153118533846
BACC:0
CLSFE:0.0018337408312958435
MCC:-0.01093893271143611
GMEAN:0
SAMPLES:3272
AUC:{}
AVGP:{}
