

GENERAL_METRICS
ACC:0.9351428571428572
PREC:0.4990850869167429
REC:0.46837435603892386
TNR:0.46837435603892386
FPR:0.5009149130832571
FPDR:0.5009149130832571
F1:0.4832422855455485
BACC:0.0
CLSFE:0.06485714285714286
MCC:-0.010758199742785806
GMEAN:0.0
SAMPLES:3500.0
AUC:{'AUC macro OVO': 0.4990850869167429}
AVGP:{'avg_precision': 0.9367489104873249}


METRICS_PER_CLASSES
CLASS:0
ACC:0.9351428571428572
PREC:0.0
REC:0.0
TNR:0.9367487120778477
FPR:1.0
FPDR:1.0
F1:0.0
BACC:0
CLSFE:1.0
MCC:-0.010758199742785806
GMEAN:0
SAMPLES:221
AUC:{}
AVGP:{}
CLASS:1
ACC:0.9351428571428572
PREC:0.9981701738334858
REC:0.9367487120778477
TNR:0.0
FPR:0.0018298261665141812
FPDR:0.0018298261665141812
F1:0.966484571091097
BACC:0
CLSFE:0.0018298261665141812
MCC:-0.010758199742785806
GMEAN:0
SAMPLES:3279
AUC:{}
AVGP:{}
