

GENERAL_METRICS
ACC:0.91975
PREC:0.5222598586672363
REC:0.5575478142076503
TNR:0.5575478142076503
FPR:0.47774014133276366
FPDR:0.47774014133276366
F1:0.5268932101437928
BACC:0.0
CLSFE:0.08025
MCC:0.07158229420382312
GMEAN:0.4075614602986463
SAMPLES:4000.0
AUC:{'AUC macro OVO': 0.5222598586672363}
AVGP:{'avg_precision': 0.9379539627346068}


METRICS_PER_CLASSES
CLASS:0
ACC:0.91975
PREC:0.06563706563706563
REC:0.17708333333333334
TNR:0.9380122950819673
FPR:0.9343629343629344
FPDR:0.9343629343629344
F1:0.09577464788732394
BACC:0
CLSFE:0.9343629343629344
MCC:0.07158229420382312
GMEAN:0.4075614602986463
SAMPLES:259
AUC:{}
AVGP:{}
CLASS:1
ACC:0.91975
PREC:0.9788826516974071
REC:0.9380122950819673
TNR:0.17708333333333334
FPR:0.02111734830259289
FPDR:0.02111734830259289
F1:0.9580117724002616
BACC:0
CLSFE:0.02111734830259289
MCC:0.07158229420382312
GMEAN:0.4075614602986463
SAMPLES:3741
AUC:{}
AVGP:{}
