

GENERAL_METRICS
ACC:0.92325
PREC:0.5163977255780524
REC:0.5390198087431695
TNR:0.5390198087431695
FPR:0.48360227442194764
FPDR:0.48360227442194764
F1:0.5190181703811546
BACC:0.0
CLSFE:0.07675
MCC:0.05058996405923132
GMEAN:0.35727700447061694
SAMPLES:4000.0
AUC:{'AUC macro OVO': 0.5163977255780523}
AVGP:{'avg_precision': 0.9425816393878271}


METRICS_PER_CLASSES
CLASS:0
ACC:0.92325
PREC:0.05485232067510549
REC:0.13541666666666666
TNR:0.9426229508196722
FPR:0.9451476793248945
FPDR:0.9451476793248945
F1:0.07807807807807808
BACC:0
CLSFE:0.9451476793248945
MCC:0.05058996405923132
GMEAN:0.35727700447061694
SAMPLES:237
AUC:{}
AVGP:{}
CLASS:1
ACC:0.92325
PREC:0.9779431304809992
REC:0.9426229508196722
TNR:0.13541666666666666
FPR:0.022056869519000797
FPDR:0.022056869519000797
F1:0.9599582626842311
BACC:0
CLSFE:0.022056869519000797
MCC:0.05058996405923132
GMEAN:0.35727700447061694
SAMPLES:3763
AUC:{}
AVGP:{}
