

GENERAL_METRICS
ACC:0.92175
PREC:0.517582950245489
REC:0.5392211085948614
TNR:0.5392211085948614
FPR:0.48241704975451105
FPDR:0.48241704975451105
F1:0.5206222415198573
BACC:0.0
CLSFE:0.07825
MCC:0.05252134046257259
GMEAN:0.35792387349333754
SAMPLES:4000.0
AUC:{'AUC macro OVO': 0.517582950245489}
AVGP:{'avg_precision': 0.9424721013533359}


METRICS_PER_CLASSES
CLASS:0
ACC:0.92175
PREC:0.058823529411764705
REC:0.13592233009708737
TNR:0.9425198870926353
FPR:0.9411764705882353
FPDR:0.9411764705882353
F1:0.08211143695014662
BACC:0
CLSFE:0.9411764705882353
MCC:0.05252134046257259
GMEAN:0.35792387349333754
SAMPLES:238
AUC:{}
AVGP:{}
CLASS:1
ACC:0.92175
PREC:0.9763423710792132
REC:0.9425198870926353
TNR:0.13592233009708737
FPR:0.023657628920786815
FPDR:0.023657628920786815
F1:0.9591330460895678
BACC:0
CLSFE:0.023657628920786815
MCC:0.05252134046257259
GMEAN:0.35792387349333754
SAMPLES:3762
AUC:{}
AVGP:{}
