

GENERAL_METRICS
ACC:0.922
PREC:0.5182175069755369
REC:0.5602500134127367
TNR:0.5602500134127367
FPR:0.4817824930244631
FPDR:0.4817824930244631
F1:0.5208109353401935
BACC:0.0
CLSFE:0.078
MCC:0.06626024568691928
GMEAN:0.41530035115905756
SAMPLES:4000.0
AUC:{'AUC macro OVO': 0.5182175069755369}
AVGP:{'avg_precision': 0.9362515055868788}


METRICS_PER_CLASSES
CLASS:0
ACC:0.922
PREC:0.05303030303030303
REC:0.18421052631578946
TNR:0.936289500509684
FPR:0.946969696969697
FPDR:0.946969696969697
F1:0.08235294117647059
BACC:0
CLSFE:0.946969696969697
MCC:0.06626024568691928
GMEAN:0.41530035115905756
SAMPLES:264
AUC:{}
AVGP:{}
CLASS:1
ACC:0.922
PREC:0.9834047109207709
REC:0.936289500509684
TNR:0.18421052631578946
FPR:0.016595289079229122
FPDR:0.016595289079229122
F1:0.9592689295039164
BACC:0
CLSFE:0.016595289079229122
MCC:0.06626024568691928
GMEAN:0.41530035115905756
SAMPLES:3736
AUC:{}
AVGP:{}
