

GENERAL_METRICS
ACC:0.46
PREC:0.45999999999999996
REC:0.4565972222222222
TNR:0.4565972222222222
FPR:0.54
FPDR:0.54
F1:0.44920440636474906
BACC:0.0
CLSFE:0.54
MCC:-0.08333333333333333
GMEAN:0.4564354645876384
SAMPLES:250.0
AUC:{'AUC macro OVO': 0.45999999999999996}
AVGP:{'avg_precision': 0.48125}


METRICS_PER_CLASSES
CLASS:0
ACC:0.46
PREC:0.32
REC:0.4444444444444444
TNR:0.46875
FPR:0.68
FPDR:0.68
F1:0.37209302325581395
BACC:0
CLSFE:0.68
MCC:-0.08333333333333333
GMEAN:0.4564354645876384
SAMPLES:125
AUC:{}
AVGP:{}
CLASS:1
ACC:0.46
PREC:0.6
REC:0.46875
TNR:0.4444444444444444
FPR:0.4
FPDR:0.4
F1:0.5263157894736842
BACC:0
CLSFE:0.4
MCC:-0.08333333333333333
GMEAN:0.4564354645876384
SAMPLES:125
AUC:{}
AVGP:{}
