

GENERAL_METRICS
ACC:0.812
PREC:0.6504440430613772
REC:0.6627971179935708
TNR:0.6627971179935708
FPR:0.34955595693862285
FPDR:0.34955595693862285
F1:0.6560695991544028
BACC:0.0
CLSFE:0.188
MCC:0.3129974864416189
GMEAN:0.6264594965286739
SAMPLES:1500.0
AUC:{'AUC macro OVO': 0.6504440430613772}
AVGP:{'avg_precision': 0.8739935055410536}


METRICS_PER_CLASSES
CLASS:0
ACC:0.812
PREC:0.4046692607003891
REC:0.44635193133047213
TNR:0.8792423046566693
FPR:0.5953307392996109
FPDR:0.5953307392996109
F1:0.42448979591836733
BACC:0
CLSFE:0.5953307392996109
MCC:0.3129974864416189
GMEAN:0.6264594965286739
SAMPLES:257
AUC:{}
AVGP:{}
CLASS:1
ACC:0.812
PREC:0.8962188254223652
REC:0.8792423046566693
TNR:0.44635193133047213
FPR:0.10378117457763475
FPDR:0.10378117457763475
F1:0.8876494023904382
BACC:0
CLSFE:0.10378117457763475
MCC:0.3129974864416189
GMEAN:0.6264594965286739
SAMPLES:1243
AUC:{}
AVGP:{}
