

GENERAL_METRICS
ACC:0.8113333333333334
PREC:0.6450117964273677
REC:0.6608016029290136
TNR:0.6608016029290136
FPR:0.3549882035726323
FPDR:0.3549882035726323
F1:0.6519849972330963
BACC:0.0
CLSFE:0.18866666666666668
MCC:0.3054054964085391
GMEAN:0.6245477581456197
SAMPLES:1500.0
AUC:{'AUC macro OVO': 0.6450117964273677}
AVGP:{'avg_precision': 0.871731821441989}


METRICS_PER_CLASSES
CLASS:0
ACC:0.8113333333333334
PREC:0.39147286821705424
REC:0.44493392070484583
TNR:0.8766692851531814
FPR:0.6085271317829457
FPDR:0.6085271317829457
F1:0.41649484536082476
BACC:0
CLSFE:0.6085271317829457
MCC:0.3054054964085391
GMEAN:0.6245477581456197
SAMPLES:258
AUC:{}
AVGP:{}
CLASS:1
ACC:0.8113333333333334
PREC:0.8985507246376812
REC:0.8766692851531814
TNR:0.44493392070484583
FPR:0.10144927536231885
FPDR:0.10144927536231885
F1:0.8874751491053678
BACC:0
CLSFE:0.10144927536231885
MCC:0.3054054964085391
GMEAN:0.6245477581456197
SAMPLES:1242
AUC:{}
AVGP:{}
