

GENERAL_METRICS
ACC:0.8286666666666667
PREC:0.6568452380952381
REC:0.674388463815221
TNR:0.674388463815221
FPR:0.3431547619047619
FPDR:0.3431547619047619
F1:0.6646656790759213
BACC:0.0
CLSFE:0.17133333333333334
MCC:0.3307688022057773
GMEAN:0.6393085161022495
SAMPLES:1500.0
AUC:{'AUC macro OVO': 0.6568452380952381}
AVGP:{'avg_precision': 0.8846224093982045}


METRICS_PER_CLASSES
CLASS:0
ACC:0.8286666666666667
PREC:0.4041666666666667
REC:0.4597156398104265
TNR:0.8890612878200155
FPR:0.5958333333333333
FPDR:0.5958333333333333
F1:0.43015521064301554
BACC:0
CLSFE:0.5958333333333333
MCC:0.3307688022057773
GMEAN:0.6393085161022495
SAMPLES:240
AUC:{}
AVGP:{}
CLASS:1
ACC:0.8286666666666667
PREC:0.9095238095238095
REC:0.8890612878200155
TNR:0.4597156398104265
FPR:0.09047619047619047
FPDR:0.09047619047619047
F1:0.899176147508827
BACC:0
CLSFE:0.09047619047619047
MCC:0.3307688022057773
GMEAN:0.6393085161022495
SAMPLES:1260
AUC:{}
AVGP:{}
