

GENERAL_METRICS
ACC:0.8226666666666667
PREC:0.6693238213399504
REC:0.6855691830740781
TNR:0.6855691830740781
FPR:0.3306761786600496
FPDR:0.3306761786600496
F1:0.6766444937176644
BACC:0.0
CLSFE:0.17733333333333334
MCC:0.3545209906396841
GMEAN:0.6562032980797546
SAMPLES:1500.0
AUC:{'AUC macro OVO': 0.6693238213399504}
AVGP:{'avg_precision': 0.8785605898714426}


METRICS_PER_CLASSES
CLASS:0
ACC:0.8226666666666667
PREC:0.4346153846153846
REC:0.4870689655172414
TNR:0.8840694006309149
FPR:0.5653846153846154
FPDR:0.5653846153846154
F1:0.45934959349593496
BACC:0
CLSFE:0.5653846153846154
MCC:0.3545209906396841
GMEAN:0.6562032980797546
SAMPLES:260
AUC:{}
AVGP:{}
CLASS:1
ACC:0.8226666666666667
PREC:0.9040322580645161
REC:0.8840694006309149
TNR:0.4870689655172414
FPR:0.09596774193548387
FPDR:0.09596774193548387
F1:0.8939393939393939
BACC:0
CLSFE:0.09596774193548387
MCC:0.3545209906396841
GMEAN:0.6562032980797546
SAMPLES:1240
AUC:{}
AVGP:{}
