

GENERAL_METRICS
ACC:0.888
PREC:0.6243636363636363
REC:0.6290760869565217
TNR:0.6290760869565217
FPR:0.3756363636363636
FPDR:0.3756363636363636
F1:0.6266528389940368
BACC:0.0
CLSFE:0.112
MCC:0.2533959079504006
GMEAN:0.5483822827365266
SAMPLES:3000.0
AUC:{'AUC macro OVO': 0.6243636363636365}
AVGP:{'avg_precision': 0.9360947299077734}


METRICS_PER_CLASSES
CLASS:0
ACC:0.888
PREC:0.308
REC:0.32083333333333336
TNR:0.9373188405797102
FPR:0.692
FPDR:0.692
F1:0.3142857142857143
BACC:0
CLSFE:0.692
MCC:0.2533959079504006
GMEAN:0.5483822827365266
SAMPLES:250
AUC:{}
AVGP:{}
CLASS:1
ACC:0.888
PREC:0.9407272727272727
REC:0.9373188405797102
TNR:0.32083333333333336
FPR:0.059272727272727276
FPDR:0.059272727272727276
F1:0.9390199637023593
BACC:0
CLSFE:0.059272727272727276
MCC:0.2533959079504006
GMEAN:0.5483822827365266
SAMPLES:2750
AUC:{}
AVGP:{}
