

GENERAL_METRICS
ACC:0.8213333333333334
PREC:0.6140173997886007
REC:0.652708748056157
TNR:0.652708748056157
FPR:0.3859826002113993
FPDR:0.3859826002113993
F1:0.6275280836412558
BACC:0.0
CLSFE:0.17866666666666667
MCC:0.2639049402973392
GMEAN:0.6148069923247426
SAMPLES:1500.0
AUC:{'AUC macro OVO': 0.6140173997886007}
AVGP:{'avg_precision': 0.8691408613223569}


METRICS_PER_CLASSES
CLASS:0
ACC:0.8213333333333334
PREC:0.30612244897959184
REC:0.43352601156069365
TNR:0.8718914845516202
FPR:0.6938775510204082
FPDR:0.6938775510204082
F1:0.3588516746411483
BACC:0
CLSFE:0.6938775510204082
MCC:0.2639049402973392
GMEAN:0.6148069923247426
SAMPLES:245
AUC:{}
AVGP:{}
CLASS:1
ACC:0.8213333333333334
PREC:0.9219123505976096
REC:0.8718914845516202
TNR:0.43352601156069365
FPR:0.07808764940239044
FPDR:0.07808764940239044
F1:0.8962044926413633
BACC:0
CLSFE:0.07808764940239044
MCC:0.2639049402973392
GMEAN:0.6148069923247426
SAMPLES:1255
AUC:{}
AVGP:{}
