

GENERAL_METRICS
ACC:0.8206666666666667
PREC:0.6403560754405854
REC:0.6641585836707788
TNR:0.6641585836707788
FPR:0.35964392455941463
FPDR:0.35964392455941463
F1:0.6502832835409532
BACC:0.0
CLSFE:0.17933333333333334
MCC:0.3035829675980883
GMEAN:0.6282665836130024
SAMPLES:1500.0
AUC:{'AUC macro OVO': 0.6403560754405854}
AVGP:{'avg_precision': 0.875486910004482}


METRICS_PER_CLASSES
CLASS:0
ACC:0.8206666666666667
PREC:0.3709677419354839
REC:0.44878048780487806
TNR:0.8795366795366796
FPR:0.6290322580645161
FPDR:0.6290322580645161
F1:0.40618101545253865
BACC:0
CLSFE:0.6290322580645161
MCC:0.3035829675980883
GMEAN:0.6282665836130024
SAMPLES:248
AUC:{}
AVGP:{}
CLASS:1
ACC:0.8206666666666667
PREC:0.9097444089456869
REC:0.8795366795366796
TNR:0.44878048780487806
FPR:0.0902555910543131
FPDR:0.0902555910543131
F1:0.8943855516293678
BACC:0
CLSFE:0.0902555910543131
MCC:0.3035829675980883
GMEAN:0.6282665836130024
SAMPLES:1252
AUC:{}
AVGP:{}
