

GENERAL_METRICS
ACC:0.8326666666666667
PREC:0.660701246837918
REC:0.6700676784249384
TNR:0.6700676784249384
FPR:0.339298753162082
FPDR:0.339298753162082
F1:0.6651187116365245
BACC:0.0
CLSFE:0.16733333333333333
MCC:0.33063628336719303
GMEAN:0.6305638322275832
SAMPLES:1500.0
AUC:{'AUC macro OVO': 0.6607012468379181}
AVGP:{'avg_precision': 0.8922830811616972}


METRICS_PER_CLASSES
CLASS:0
ACC:0.8326666666666667
PREC:0.41409691629955947
REC:0.44339622641509435
TNR:0.8967391304347826
FPR:0.5859030837004405
FPDR:0.5859030837004405
F1:0.428246013667426
BACC:0
CLSFE:0.5859030837004405
MCC:0.33063628336719303
GMEAN:0.6305638322275832
SAMPLES:227
AUC:{}
AVGP:{}
CLASS:1
ACC:0.8326666666666667
PREC:0.9073055773762765
REC:0.8967391304347826
TNR:0.44339622641509435
FPR:0.09269442262372349
FPDR:0.09269442262372349
F1:0.9019914096056229
BACC:0
CLSFE:0.09269442262372349
MCC:0.33063628336719303
GMEAN:0.6305638322275832
SAMPLES:1273
AUC:{}
AVGP:{}
