

GENERAL_METRICS
ACC:0.812
PREC:0.6204105104839424
REC:0.6491016652059597
TNR:0.6491016652059597
FPR:0.3795894895160577
FPDR:0.3795894895160577
F1:0.6313725490196078
BACC:0.0
CLSFE:0.188
MCC:0.2679806531931398
GMEAN:0.6104911027222817
SAMPLES:1500.0
AUC:{'AUC macro OVO': 0.6204105104839424}
AVGP:{'avg_precision': 0.8661294087911583}


METRICS_PER_CLASSES
CLASS:0
ACC:0.812
PREC:0.33070866141732286
REC:0.42857142857142855
TNR:0.8696319018404908
FPR:0.6692913385826772
FPDR:0.6692913385826772
F1:0.37333333333333335
BACC:0
CLSFE:0.6692913385826772
MCC:0.2679806531931398
GMEAN:0.6104911027222817
SAMPLES:254
AUC:{}
AVGP:{}
CLASS:1
ACC:0.812
PREC:0.9101123595505618
REC:0.8696319018404908
TNR:0.42857142857142855
FPR:0.0898876404494382
FPDR:0.0898876404494382
F1:0.8894117647058823
BACC:0
CLSFE:0.0898876404494382
MCC:0.2679806531931398
GMEAN:0.6104911027222817
SAMPLES:1246
AUC:{}
AVGP:{}
