

GENERAL_METRICS
ACC:0.745
PREC:0.5955671869449842
REC:0.6475700746118169
TNR:0.6475700746118169
FPR:0.40443281305501577
FPDR:0.40443281305501577
F1:0.6037856340439813
BACC:0.0
CLSFE:0.255
MCC:0.23751090002703265
GMEAN:0.6328635185500223
SAMPLES:1000.0
AUC:{'AUC macro OVO': 0.5955671869449843}
AVGP:{'avg_precision': 0.7807003515077001}


METRICS_PER_CLASSES
CLASS:0
ACC:0.745
PREC:0.2868217054263566
REC:0.5103448275862069
TNR:0.7847953216374269
FPR:0.7131782945736435
FPDR:0.7131782945736435
F1:0.36724565756823824
BACC:0
CLSFE:0.7131782945736435
MCC:0.23751090002703265
GMEAN:0.6328635185500223
SAMPLES:258
AUC:{}
AVGP:{}
CLASS:1
ACC:0.745
PREC:0.9043126684636119
REC:0.7847953216374269
TNR:0.5103448275862069
FPR:0.09568733153638814
FPDR:0.09568733153638814
F1:0.8403256105197244
BACC:0
CLSFE:0.09568733153638814
MCC:0.23751090002703265
GMEAN:0.6328635185500223
SAMPLES:742
AUC:{}
AVGP:{}
