

GENERAL_METRICS
ACC:0.74
PREC:0.5998262272699063
REC:0.6450885474608377
TNR:0.6450885474608377
FPR:0.40017377273009375
FPDR:0.40017377273009375
F1:0.6081977094635322
BACC:0.0
CLSFE:0.26
MCC:0.24069601004658275
GMEAN:0.6299881377214046
SAMPLES:1000.0
AUC:{'AUC macro OVO': 0.5998262272699062}
AVGP:{'avg_precision': 0.77900225942877}


METRICS_PER_CLASSES
CLASS:0
ACC:0.74
PREC:0.3053435114503817
REC:0.5063291139240507
TNR:0.7838479809976246
FPR:0.6946564885496184
FPDR:0.6946564885496184
F1:0.38095238095238093
BACC:0
CLSFE:0.6946564885496184
MCC:0.24069601004658275
GMEAN:0.6299881377214046
SAMPLES:262
AUC:{}
AVGP:{}
CLASS:1
ACC:0.74
PREC:0.8943089430894309
REC:0.7838479809976246
TNR:0.5063291139240507
FPR:0.10569105691056911
FPDR:0.10569105691056911
F1:0.8354430379746836
BACC:0
CLSFE:0.10569105691056911
MCC:0.24069601004658275
GMEAN:0.6299881377214046
SAMPLES:738
AUC:{}
AVGP:{}
