

GENERAL_METRICS
ACC:0.753
PREC:0.6207903490350568
REC:0.6758928571428571
TNR:0.6758928571428571
FPR:0.3792096509649432
FPDR:0.3792096509649432
F1:0.6322604370294385
BACC:0.0
CLSFE:0.247
MCC:0.29152124867363677
GMEAN:0.6663131503172621
SAMPLES:1000.0
AUC:{'AUC macro OVO': 0.6207903490350568}
AVGP:{'avg_precision': 0.7839105437536542}


METRICS_PER_CLASSES
CLASS:0
ACC:0.753
PREC:0.33707865168539325
REC:0.5625
TNR:0.7892857142857143
FPR:0.6629213483146067
FPDR:0.6629213483146067
F1:0.4215456674473068
BACC:0
CLSFE:0.6629213483146067
MCC:0.29152124867363677
GMEAN:0.6663131503172621
SAMPLES:267
AUC:{}
AVGP:{}
CLASS:1
ACC:0.753
PREC:0.9045020463847203
REC:0.7892857142857143
TNR:0.5625
FPR:0.09549795361527967
FPDR:0.09549795361527967
F1:0.8429752066115702
BACC:0
CLSFE:0.09549795361527967
MCC:0.29152124867363677
GMEAN:0.6663131503172621
SAMPLES:733
AUC:{}
AVGP:{}
