

GENERAL_METRICS
ACC:0.723
PREC:0.5712012010462723
REC:0.6106878188059414
TNR:0.6106878188059414
FPR:0.42879879895372774
FPDR:0.42879879895372774
F1:0.5743170247065169
BACC:0.0
CLSFE:0.277
MCC:0.17755118293241745
GMEAN:0.5897246608749104
SAMPLES:1000.0
AUC:{'AUC macro OVO': 0.5712012010462724}
AVGP:{'avg_precision': 0.7658124747774857}


METRICS_PER_CLASSES
CLASS:0
ACC:0.723
PREC:0.2509505703422053
REC:0.4520547945205479
TNR:0.7693208430913349
FPR:0.7490494296577946
FPDR:0.7490494296577946
F1:0.32273838630806845
BACC:0
CLSFE:0.7490494296577946
MCC:0.17755118293241745
GMEAN:0.5897246608749104
SAMPLES:263
AUC:{}
AVGP:{}
CLASS:1
ACC:0.723
PREC:0.8914518317503393
REC:0.7693208430913349
TNR:0.4520547945205479
FPR:0.10854816824966079
FPDR:0.10854816824966079
F1:0.8258956631049654
BACC:0
CLSFE:0.10854816824966079
MCC:0.17755118293241745
GMEAN:0.5897246608749104
SAMPLES:737
AUC:{}
AVGP:{}
