

GENERAL_METRICS
ACC:0.9105454545454545
PREC:0.6796812749003984
REC:0.7142110762800418
TNR:0.7142110762800418
FPR:0.3203187250996016
FPDR:0.3203187250996016
F1:0.6948793860242581
BACC:0.0
CLSFE:0.08945454545454545
MCC:0.39237593852724667
GMEAN:0.6763802651858616
SAMPLES:2750.0
AUC:{'AUC macro OVO': 0.6796812749003984}
AVGP:{'avg_precision': 0.9423201488715983}


METRICS_PER_CLASSES
CLASS:0
ACC:0.9105454545454545
PREC:0.4
REC:0.48484848484848486
TNR:0.9435736677115988
FPR:0.6
FPDR:0.6
F1:0.4383561643835616
BACC:0
CLSFE:0.6
MCC:0.39237593852724667
GMEAN:0.6763802651858616
SAMPLES:240
AUC:{}
AVGP:{}
CLASS:1
ACC:0.9105454545454545
PREC:0.9593625498007968
REC:0.9435736677115988
TNR:0.48484848484848486
FPR:0.04063745019920319
FPDR:0.04063745019920319
F1:0.9514026076649545
BACC:0
CLSFE:0.04063745019920319
MCC:0.39237593852724667
GMEAN:0.6763802651858616
SAMPLES:2510
AUC:{}
AVGP:{}
