

GENERAL_METRICS
ACC:0.9101818181818182
PREC:0.6794820717131473
REC:0.7129818043569474
TNR:0.7129818043569474
FPR:0.32051792828685255
FPDR:0.32051792828685255
F1:0.6942765234526026
BACC:0.0
CLSFE:0.08981818181818182
MCC:0.3910315357266683
GMEAN:0.6746707689460819
SAMPLES:2750.0
AUC:{'AUC macro OVO': 0.6794820717131473}
AVGP:{'avg_precision': 0.9422866478563846}


METRICS_PER_CLASSES
CLASS:0
ACC:0.9101818181818182
PREC:0.4
REC:0.4824120603015075
TNR:0.9435515484123873
FPR:0.6
FPDR:0.6
F1:0.43735763097949887
BACC:0
CLSFE:0.6
MCC:0.3910315357266683
GMEAN:0.6746707689460819
SAMPLES:240
AUC:{}
AVGP:{}
CLASS:1
ACC:0.9101818181818182
PREC:0.9589641434262948
REC:0.9435515484123873
TNR:0.4824120603015075
FPR:0.041035856573705176
FPDR:0.041035856573705176
F1:0.9511954159257063
BACC:0
CLSFE:0.041035856573705176
MCC:0.3910315357266683
GMEAN:0.6746707689460819
SAMPLES:2510
AUC:{}
AVGP:{}
