

GENERAL_METRICS
ACC:0.9
PREC:0.6655000357653269
REC:0.7182797313740893
TNR:0.7182797313740893
FPR:0.3344999642346731
FPDR:0.3344999642346731
F1:0.6867413185404818
BACC:0.0
CLSFE:0.1
MCC:0.38013315219411065
GMEAN:0.6858539928592462
SAMPLES:2750.0
AUC:{'AUC macro OVO': 0.6655000357653269}
AVGP:{'avg_precision': 0.9303348726699688}


METRICS_PER_CLASSES
CLASS:0
ACC:0.9
PREC:0.37184115523465705
REC:0.5049019607843137
TNR:0.9316575019638649
FPR:0.628158844765343
FPDR:0.628158844765343
F1:0.4282744282744283
BACC:0
CLSFE:0.628158844765343
MCC:0.38013315219411065
GMEAN:0.6858539928592462
SAMPLES:277
AUC:{}
AVGP:{}
CLASS:1
ACC:0.9
PREC:0.9591589162959968
REC:0.9316575019638649
TNR:0.5049019607843137
FPR:0.04084108370400324
FPDR:0.04084108370400324
F1:0.9452082088065352
BACC:0
CLSFE:0.04084108370400324
MCC:0.38013315219411065
GMEAN:0.6858539928592462
SAMPLES:2473
AUC:{}
AVGP:{}
