

GENERAL_METRICS
ACC:0.901090909090909
PREC:0.6594840902069817
REC:0.7024509803921568
TNR:0.7024509803921568
FPR:0.3405159097930182
FPDR:0.3405159097930182
F1:0.6773636991028296
BACC:0.0
CLSFE:0.0989090909090909
MCC:0.3593756275506431
GMEAN:0.6628754947715502
SAMPLES:2750.0
AUC:{'AUC macro OVO': 0.6594840902069818}
AVGP:{'avg_precision': 0.9336483760353357}


METRICS_PER_CLASSES
CLASS:0
ACC:0.901090909090909
PREC:0.36153846153846153
REC:0.47
TNR:0.9349019607843138
FPR:0.6384615384615384
FPDR:0.6384615384615384
F1:0.40869565217391307
BACC:0
CLSFE:0.6384615384615384
MCC:0.3593756275506431
GMEAN:0.6628754947715502
SAMPLES:260
AUC:{}
AVGP:{}
CLASS:1
ACC:0.901090909090909
PREC:0.957429718875502
REC:0.9349019607843138
TNR:0.47
FPR:0.04257028112449799
FPDR:0.04257028112449799
F1:0.946031746031746
BACC:0
CLSFE:0.04257028112449799
MCC:0.3593756275506431
GMEAN:0.6628754947715502
SAMPLES:2490
AUC:{}
AVGP:{}
