

GENERAL_METRICS
ACC:0.789
PREC:0.7014184397163121
REC:0.7057199345514045
TNR:0.7057199345514045
FPR:0.29858156028368793
FPDR:0.29858156028368793
F1:0.7034980207438968
BACC:0.0
CLSFE:0.211
MCC:0.4071156505755371
GMEAN:0.6889155110764242
SAMPLES:1000.0
AUC:{'AUC macro OVO': 0.701418439716312}
AVGP:{'avg_precision': 0.8463005181347151}


METRICS_PER_CLASSES
CLASS:0
ACC:0.789
PREC:0.5361702127659574
REC:0.5526315789473685
TNR:0.8588082901554405
FPR:0.46382978723404256
FPDR:0.46382978723404256
F1:0.5442764578833693
BACC:0
CLSFE:0.46382978723404256
MCC:0.4071156505755371
GMEAN:0.6889155110764242
SAMPLES:235
AUC:{}
AVGP:{}
CLASS:1
ACC:0.789
PREC:0.8666666666666667
REC:0.8588082901554405
TNR:0.5526315789473685
FPR:0.13333333333333333
FPDR:0.13333333333333333
F1:0.8627195836044242
BACC:0
CLSFE:0.13333333333333333
MCC:0.4071156505755371
GMEAN:0.6889155110764242
SAMPLES:765
AUC:{}
AVGP:{}
