

GENERAL_METRICS
ACC:0.785
PREC:0.7006666666666667
REC:0.711805966032234
TNR:0.711805966032234
FPR:0.29933333333333334
FPDR:0.29933333333333334
F1:0.705737032925973
BACC:0.0
CLSFE:0.215
MCC:0.4123221904472356
GMEAN:0.6986834539208411
SAMPLES:1000.0
AUC:{'AUC macro OVO': 0.7006666666666667}
AVGP:{'avg_precision': 0.8350680537494581}


METRICS_PER_CLASSES
CLASS:0
ACC:0.785
PREC:0.532
REC:0.5757575757575758
TNR:0.8478543563068921
FPR:0.468
FPDR:0.468
F1:0.553014553014553
BACC:0
CLSFE:0.468
MCC:0.4123221904472356
GMEAN:0.6986834539208411
SAMPLES:250
AUC:{}
AVGP:{}
CLASS:1
ACC:0.785
PREC:0.8693333333333333
REC:0.8478543563068921
TNR:0.5757575757575758
FPR:0.13066666666666665
FPDR:0.13066666666666665
F1:0.858459512837393
BACC:0
CLSFE:0.13066666666666665
MCC:0.4123221904472356
GMEAN:0.6986834539208411
SAMPLES:750
AUC:{}
AVGP:{}
