

GENERAL_METRICS
ACC:0.767
PREC:0.685817869629078
REC:0.6964202734543705
TNR:0.6964202734543705
FPR:0.314182130370922
FPDR:0.314182130370922
F1:0.6905673507385879
BACC:0.0
CLSFE:0.233
MCC:0.38209107168449813
GMEAN:0.6829611727318297
SAMPLES:1000.0
AUC:{'AUC macro OVO': 0.685817869629078}
AVGP:{'avg_precision': 0.8190763270742062}


METRICS_PER_CLASSES
CLASS:0
ACC:0.767
PREC:0.5152671755725191
REC:0.5601659751037344
TNR:0.8326745718050066
FPR:0.4847328244274809
FPDR:0.4847328244274809
F1:0.536779324055666
BACC:0
CLSFE:0.4847328244274809
MCC:0.38209107168449813
GMEAN:0.6829611727318297
SAMPLES:262
AUC:{}
AVGP:{}
CLASS:1
ACC:0.767
PREC:0.8563685636856369
REC:0.8326745718050066
TNR:0.5601659751037344
FPR:0.14363143631436315
FPDR:0.14363143631436315
F1:0.8443553774215097
BACC:0
CLSFE:0.14363143631436315
MCC:0.38209107168449813
GMEAN:0.6829611727318297
SAMPLES:738
AUC:{}
AVGP:{}
