

GENERAL_METRICS
ACC:0.77
PREC:0.6853886096112869
REC:0.6999843788355538
TNR:0.6999843788355538
FPR:0.31461139038871305
FPDR:0.31461139038871305
F1:0.6916823953328757
BACC:0.0
CLSFE:0.23
MCC:0.3850964862799981
GMEAN:0.6875008241680847
SAMPLES:1000.0
AUC:{'AUC macro OVO': 0.6853886096112869}
AVGP:{'avg_precision': 0.8187839337140107}


METRICS_PER_CLASSES
CLASS:0
ACC:0.77
PREC:0.5076335877862596
REC:0.5683760683760684
TNR:0.8315926892950392
FPR:0.49236641221374045
FPDR:0.49236641221374045
F1:0.5362903225806451
BACC:0
CLSFE:0.49236641221374045
MCC:0.3850964862799981
GMEAN:0.6875008241680847
SAMPLES:262
AUC:{}
AVGP:{}
CLASS:1
ACC:0.77
PREC:0.8631436314363143
REC:0.8315926892950392
TNR:0.5683760683760684
FPR:0.13685636856368563
FPDR:0.13685636856368563
F1:0.8470744680851063
BACC:0
CLSFE:0.13685636856368563
MCC:0.3850964862799981
GMEAN:0.6875008241680847
SAMPLES:738
AUC:{}
AVGP:{}
