

GENERAL_METRICS
ACC:0.83
PREC:0.7945899104548622
REC:0.7608777429467084
TNR:0.7608777429467084
FPR:0.2054100895451379
FPDR:0.2054100895451379
F1:0.7745310245310245
BACC:0.0
CLSFE:0.17
MCC:0.5544436885179139
GMEAN:0.7452116738695612
SAMPLES:1000.0
AUC:{'AUC macro OVO': 0.7945899104548623}
AVGP:{'avg_precision': 0.8943840064403595}


METRICS_PER_CLASSES
CLASS:0
ACC:0.83
PREC:0.7292576419213974
REC:0.6072727272727273
TNR:0.9144827586206896
FPR:0.27074235807860264
FPDR:0.27074235807860264
F1:0.6626984126984127
BACC:0
CLSFE:0.27074235807860264
MCC:0.5544436885179139
GMEAN:0.7452116738695612
SAMPLES:229
AUC:{}
AVGP:{}
CLASS:1
ACC:0.83
PREC:0.8599221789883269
REC:0.9144827586206896
TNR:0.6072727272727273
FPR:0.14007782101167315
FPDR:0.14007782101167315
F1:0.8863636363636364
BACC:0
CLSFE:0.14007782101167315
MCC:0.5544436885179139
GMEAN:0.7452116738695612
SAMPLES:771
AUC:{}
AVGP:{}
