

GENERAL_METRICS
ACC:0.84
PREC:0.7931646247573141
REC:0.7758946572580645
TNR:0.7758946572580645
FPR:0.20683537524268594
FPDR:0.20683537524268594
F1:0.7837545614272199
BACC:0.0
CLSFE:0.16
MCC:0.5687971647876183
GMEAN:0.7646935166425575
SAMPLES:1000.0
AUC:{'AUC macro OVO': 0.793164624757314}
AVGP:{'avg_precision': 0.8904767539796176}


METRICS_PER_CLASSES
CLASS:0
ACC:0.84
PREC:0.7051282051282052
REC:0.64453125
TNR:0.907258064516129
FPR:0.2948717948717949
FPDR:0.2948717948717949
F1:0.673469387755102
BACC:0
CLSFE:0.2948717948717949
MCC:0.5687971647876183
GMEAN:0.7646935166425575
SAMPLES:234
AUC:{}
AVGP:{}
CLASS:1
ACC:0.84
PREC:0.881201044386423
REC:0.907258064516129
TNR:0.64453125
FPR:0.11879895561357702
FPDR:0.11879895561357702
F1:0.8940397350993378
BACC:0
CLSFE:0.11879895561357702
MCC:0.5687971647876183
GMEAN:0.7646935166425575
SAMPLES:766
AUC:{}
AVGP:{}
