

GENERAL_METRICS
ACC:0.829
PREC:0.8127062829865532
REC:0.7859321352911096
TNR:0.7859321352911096
FPR:0.18729371701344677
FPDR:0.18729371701344677
F1:0.7966220226237186
BACC:0.0
CLSFE:0.171
MCC:0.5980393806875637
GMEAN:0.7763500091412994
SAMPLES:1000.0
AUC:{'AUC macro OVO': 0.8127062829865533}
AVGP:{'avg_precision': 0.8803504709993698}


METRICS_PER_CLASSES
CLASS:0
ACC:0.829
PREC:0.776173285198556
REC:0.6635802469135802
TNR:0.908284023668639
FPR:0.22382671480144403
FPDR:0.22382671480144403
F1:0.7154742096505824
BACC:0
CLSFE:0.22382671480144403
MCC:0.5980393806875637
GMEAN:0.7763500091412994
SAMPLES:277
AUC:{}
AVGP:{}
CLASS:1
ACC:0.829
PREC:0.8492392807745505
REC:0.908284023668639
TNR:0.6635802469135802
FPR:0.1507607192254495
FPDR:0.1507607192254495
F1:0.8777698355968548
BACC:0
CLSFE:0.1507607192254495
MCC:0.5980393806875637
GMEAN:0.7763500091412994
SAMPLES:723
AUC:{}
AVGP:{}
