

GENERAL_METRICS
ACC:0.827
PREC:0.7954149104248329
REC:0.7646226322696911
TNR:0.7646226322696911
FPR:0.20458508957516713
FPDR:0.20458508957516713
F1:0.7771396844658631
BACC:0.0
CLSFE:0.173
MCC:0.5591903833519825
GMEAN:0.750604543720753
SAMPLES:1000.0
AUC:{'AUC macro OVO': 0.7954149104248329}
AVGP:{'avg_precision': 0.8886267387060226}


METRICS_PER_CLASSES
CLASS:0
ACC:0.827
PREC:0.7344398340248963
REC:0.6188811188811189
TNR:0.9103641456582633
FPR:0.26556016597510373
FPDR:0.26556016597510373
F1:0.6717267552182163
BACC:0
CLSFE:0.26556016597510373
MCC:0.5591903833519825
GMEAN:0.750604543720753
SAMPLES:241
AUC:{}
AVGP:{}
CLASS:1
ACC:0.827
PREC:0.8563899868247694
REC:0.9103641456582633
TNR:0.6188811188811189
FPR:0.14361001317523056
FPDR:0.14361001317523056
F1:0.8825526137135098
BACC:0
CLSFE:0.14361001317523056
MCC:0.5591903833519825
GMEAN:0.750604543720753
SAMPLES:759
AUC:{}
AVGP:{}
