

GENERAL_METRICS
ACC:0.9414117647058824
PREC:0.507347728070344
REC:0.6713443396226415
TNR:0.6713443396226415
FPR:0.492652271929656
FPDR:0.492652271929656
F1:0.5004604779624358
BACC:0.0
CLSFE:0.05858823529411765
MCC:0.07096454365216025
GMEAN:0.6140647129563083
SAMPLES:4250.0
AUC:{'AUC macro OVO': 0.507347728070344}
AVGP:{'avg_precision': 0.942687470662264}


METRICS_PER_CLASSES
CLASS:0
ACC:0.9414117647058824
PREC:0.016194331983805668
REC:0.4
TNR:0.942688679245283
FPR:0.9838056680161943
FPDR:0.9838056680161943
F1:0.0311284046692607
BACC:0
CLSFE:0.9838056680161943
MCC:0.07096454365216025
GMEAN:0.6140647129563083
SAMPLES:247
AUC:{}
AVGP:{}
CLASS:1
ACC:0.9414117647058824
PREC:0.9985011241568823
REC:0.942688679245283
TNR:0.4
FPR:0.0014988758431176618
FPDR:0.0014988758431176618
F1:0.9697925512556108
BACC:0
CLSFE:0.0014988758431176618
MCC:0.07096454365216025
GMEAN:0.6140647129563083
SAMPLES:4003
AUC:{}
AVGP:{}
