

GENERAL_METRICS
ACC:0.939764705882353
PREC:0.5032178787806602
REC:0.5955327675624705
TNR:0.5955327675624705
FPR:0.49678212121933985
FPDR:0.49678212121933985
F1:0.49215832710978347
BACC:0.0
CLSFE:0.06023529411764706
MCC:0.03506638650314653
GMEAN:0.485042661815675
SAMPLES:4250.0
AUC:{'AUC macro OVO': 0.5032178787806602}
AVGP:{'avg_precision': 0.9410649953759085}


METRICS_PER_CLASSES
CLASS:0
ACC:0.939764705882353
PREC:0.007936507936507936
REC:0.25
TNR:0.9410655351249411
FPR:0.9920634920634921
FPDR:0.9920634920634921
F1:0.015384615384615385
BACC:0
CLSFE:0.9920634920634921
MCC:0.03506638650314653
GMEAN:0.485042661815675
SAMPLES:252
AUC:{}
AVGP:{}
CLASS:1
ACC:0.939764705882353
PREC:0.9984992496248124
REC:0.9410655351249411
TNR:0.25
FPR:0.0015007503751875938
FPDR:0.0015007503751875938
F1:0.9689320388349515
BACC:0
CLSFE:0.0015007503751875938
MCC:0.03506638650314653
GMEAN:0.485042661815675
SAMPLES:3998
AUC:{}
AVGP:{}
