

GENERAL_METRICS
ACC:0.9447058823529412
PREC:0.5072342493710305
REC:0.5914245216158752
TNR:0.5914245216158752
FPR:0.49276575062896955
FPDR:0.49276575062896955
F1:0.5022305553437387
BACC:0.0
CLSFE:0.05529411764705883
MCC:0.051434921522110086
GMEAN:0.4721801564419819
SAMPLES:4250.0
AUC:{'AUC macro OVO': 0.5072342493710305}
AVGP:{'avg_precision': 0.947552562724292}


METRICS_PER_CLASSES
CLASS:0
ACC:0.9447058823529412
PREC:0.017699115044247787
REC:0.23529411764705882
TNR:0.9475549255846917
FPR:0.9823008849557522
FPDR:0.9823008849557522
F1:0.03292181069958848
BACC:0
CLSFE:0.9823008849557522
MCC:0.051434921522110086
GMEAN:0.4721801564419819
SAMPLES:226
AUC:{}
AVGP:{}
CLASS:1
ACC:0.9447058823529412
PREC:0.9967693836978131
REC:0.9475549255846917
TNR:0.23529411764705882
FPR:0.0032306163021868788
FPDR:0.0032306163021868788
F1:0.971539299987889
BACC:0
CLSFE:0.0032306163021868788
MCC:0.051434921522110086
GMEAN:0.4721801564419819
SAMPLES:4024
AUC:{}
AVGP:{}
