

GENERAL_METRICS
ACC:0.9296470588235294
PREC:0.5020593869731801
REC:0.5429367658539243
TNR:0.5429367658539243
FPR:0.4979406130268199
FPDR:0.4979406130268199
F1:0.48836228017092304
BACC:0.0
CLSFE:0.07035294117647059
MCC:0.018806745201661524
GMEAN:0.37866717228106483
SAMPLES:4250.0
AUC:{'AUC macro OVO': 0.5020593869731801}
AVGP:{'avg_precision': 0.9320266482173076}


METRICS_PER_CLASSES
CLASS:0
ACC:0.9296470588235294
PREC:0.006896551724137931
REC:0.15384615384615385
TNR:0.9320273778616947
FPR:0.993103448275862
FPDR:0.993103448275862
F1:0.013201320132013201
BACC:0
CLSFE:0.993103448275862
MCC:0.018806745201661524
GMEAN:0.37866717228106483
SAMPLES:290
AUC:{}
AVGP:{}
CLASS:1
ACC:0.9296470588235294
PREC:0.9972222222222222
REC:0.9320273778616947
TNR:0.15384615384615385
FPR:0.002777777777777778
FPDR:0.002777777777777778
F1:0.9635232402098328
BACC:0
CLSFE:0.002777777777777778
MCC:0.018806745201661524
GMEAN:0.37866717228106483
SAMPLES:3960
AUC:{}
AVGP:{}
