

GENERAL_METRICS
ACC:0.799
PREC:0.7262412788728578
REC:0.7380482456140351
TNR:0.7380482456140351
FPR:0.27375872112714217
FPDR:0.27375872112714217
F1:0.731641831297505
BACC:0.0
CLSFE:0.201
MCC:0.4641393735556572
GMEAN:0.7286809158973374
SAMPLES:1000.0
AUC:{'AUC macro OVO': 0.7262412788728578}
AVGP:{'avg_precision': 0.8412308402585411}


METRICS_PER_CLASSES
CLASS:0
ACC:0.799
PREC:0.5752895752895753
REC:0.6208333333333333
TNR:0.8552631578947368
FPR:0.4247104247104247
FPDR:0.4247104247104247
F1:0.5971943887775552
BACC:0
CLSFE:0.4247104247104247
MCC:0.4641393735556572
GMEAN:0.7286809158973374
SAMPLES:259
AUC:{}
AVGP:{}
CLASS:1
ACC:0.799
PREC:0.8771929824561403
REC:0.8552631578947368
TNR:0.6208333333333333
FPR:0.12280701754385964
FPDR:0.12280701754385964
F1:0.866089273817455
BACC:0
CLSFE:0.12280701754385964
MCC:0.4641393735556572
GMEAN:0.7286809158973374
SAMPLES:741
AUC:{}
AVGP:{}
