

GENERAL_METRICS
ACC:0.815
PREC:0.7565651981169914
REC:0.7559020923805764
TNR:0.7559020923805764
FPR:0.2434348018830086
FPDR:0.2434348018830086
F1:0.75623221977576
BACC:0.0
CLSFE:0.185
MCC:0.5124668614854047
GMEAN:0.7462182587527677
SAMPLES:1000.0
AUC:{'AUC macro OVO': 0.7565651981169914}
AVGP:{'avg_precision': 0.8602400453424978}


METRICS_PER_CLASSES
CLASS:0
ACC:0.815
PREC:0.6377952755905512
REC:0.6352941176470588
TNR:0.876510067114094
FPR:0.36220472440944884
FPDR:0.36220472440944884
F1:0.6365422396856582
BACC:0
CLSFE:0.36220472440944884
MCC:0.5124668614854047
GMEAN:0.7462182587527677
SAMPLES:254
AUC:{}
AVGP:{}
CLASS:1
ACC:0.815
PREC:0.8753351206434317
REC:0.876510067114094
TNR:0.6352941176470588
FPR:0.12466487935656836
FPDR:0.12466487935656836
F1:0.8759221998658618
BACC:0
CLSFE:0.12466487935656836
MCC:0.5124668614854047
GMEAN:0.7462182587527677
SAMPLES:746
AUC:{}
AVGP:{}
