

GENERAL_METRICS
ACC:0.807
PREC:0.7385813776435664
REC:0.7545465448439783
TNR:0.7545465448439783
FPR:0.2614186223564337
FPDR:0.2614186223564337
F1:0.7456909103606577
BACC:0.0
CLSFE:0.193
MCC:0.4928694161470608
GMEAN:0.7476676775844877
SAMPLES:1000.0
AUC:{'AUC macro OVO': 0.7385813776435664}
AVGP:{'avg_precision': 0.8420820497683644}


METRICS_PER_CLASSES
CLASS:0
ACC:0.807
PREC:0.5917602996254682
REC:0.6528925619834711
TNR:0.8562005277044855
FPR:0.40823970037453183
FPDR:0.40823970037453183
F1:0.6208251473477406
BACC:0
CLSFE:0.40823970037453183
MCC:0.4928694161470608
GMEAN:0.7476676775844877
SAMPLES:267
AUC:{}
AVGP:{}
CLASS:1
ACC:0.807
PREC:0.8854024556616644
REC:0.8562005277044855
TNR:0.6528925619834711
FPR:0.1145975443383356
FPDR:0.1145975443383356
F1:0.8705566733735748
BACC:0
CLSFE:0.1145975443383356
MCC:0.4928694161470608
GMEAN:0.7476676775844877
SAMPLES:733
AUC:{}
AVGP:{}
