

GENERAL_METRICS
ACC:0.813
PREC:0.7396528393448742
REC:0.7594288793103448
TNR:0.7594288793103448
FPR:0.26034716065512575
FPDR:0.26034716065512575
F1:0.748301031965769
BACC:0.0
CLSFE:0.187
MCC:0.4986897533929601
GMEAN:0.7528233495911608
SAMPLES:1000.0
AUC:{'AUC macro OVO': 0.7396528393448744}
AVGP:{'avg_precision': 0.8465067658998647}


METRICS_PER_CLASSES
CLASS:0
ACC:0.813
PREC:0.5862068965517241
REC:0.6594827586206896
TNR:0.859375
FPR:0.41379310344827586
FPDR:0.41379310344827586
F1:0.6206896551724138
BACC:0
CLSFE:0.41379310344827586
MCC:0.4986897533929601
GMEAN:0.7528233495911608
SAMPLES:261
AUC:{}
AVGP:{}
CLASS:1
ACC:0.813
PREC:0.8930987821380244
REC:0.859375
TNR:0.6594827586206896
FPR:0.10690121786197564
FPDR:0.10690121786197564
F1:0.8759124087591241
BACC:0
CLSFE:0.10690121786197564
MCC:0.4986897533929601
GMEAN:0.7528233495911608
SAMPLES:739
AUC:{}
AVGP:{}
