

GENERAL_METRICS
ACC:0.91275
PREC:0.6097799259563965
REC:0.6256806475349521
TNR:0.6256806475349521
FPR:0.3902200740436035
FPDR:0.3902200740436035
F1:0.6169859593527721
BACC:0.0
CLSFE:0.08725
MCC:0.23492306979553132
GMEAN:0.5355846523136806
SAMPLES:4000.0
AUC:{'AUC macro OVO': 0.6097799259563965}
AVGP:{'avg_precision': 0.9485455342281404}


METRICS_PER_CLASSES
CLASS:0
ACC:0.91275
PREC:0.26153846153846155
REC:0.3022222222222222
TNR:0.9491390728476821
FPR:0.7384615384615385
FPDR:0.7384615384615385
F1:0.2804123711340206
BACC:0
CLSFE:0.7384615384615385
MCC:0.23492306979553132
GMEAN:0.5355846523136806
SAMPLES:260
AUC:{}
AVGP:{}
CLASS:1
ACC:0.91275
PREC:0.9580213903743315
REC:0.9491390728476821
TNR:0.3022222222222222
FPR:0.04197860962566845
FPDR:0.04197860962566845
F1:0.9535595475715236
BACC:0
CLSFE:0.04197860962566845
MCC:0.23492306979553132
GMEAN:0.5355846523136806
SAMPLES:3740
AUC:{}
AVGP:{}
