

GENERAL_METRICS
ACC:0.918
PREC:0.6084953315146031
REC:0.6199550971881815
TNR:0.6199550971881815
FPR:0.3915046684853969
FPDR:0.3915046684853969
F1:0.6138337012509198
BACC:0.0
CLSFE:0.082
MCC:0.22816281937509608
GMEAN:0.5225660696322583
SAMPLES:4000.0
AUC:{'AUC macro OVO': 0.6084953315146031}
AVGP:{'avg_precision': 0.95300918460226}


METRICS_PER_CLASSES
CLASS:0
ACC:0.918
PREC:0.25738396624472576
REC:0.2863849765258216
TNR:0.9535252178505413
FPR:0.7426160337552743
FPDR:0.7426160337552743
F1:0.27111111111111114
BACC:0
CLSFE:0.7426160337552743
MCC:0.22816281937509608
GMEAN:0.5225660696322583
SAMPLES:237
AUC:{}
AVGP:{}
CLASS:1
ACC:0.918
PREC:0.9596066967844805
REC:0.9535252178505413
TNR:0.2863849765258216
FPR:0.04039330321551953
FPDR:0.04039330321551953
F1:0.9565562913907285
BACC:0
CLSFE:0.04039330321551953
MCC:0.22816281937509608
GMEAN:0.5225660696322583
SAMPLES:3763
AUC:{}
AVGP:{}
