

GENERAL_METRICS
ACC:0.90775
PREC:0.5855500722195474
REC:0.592181310136308
TNR:0.592181310136308
FPR:0.4144499277804526
FPDR:0.4144499277804526
F1:0.5886827565277802
BACC:0.0
CLSFE:0.09225
MCC:0.17760763203706814
GMEAN:0.4729446778423926
SAMPLES:4000.0
AUC:{'AUC macro OVO': 0.5855500722195475}
AVGP:{'avg_precision': 0.9480624670996648}


METRICS_PER_CLASSES
CLASS:0
ACC:0.90775
PREC:0.21774193548387097
REC:0.23580786026200873
TNR:0.9485547600106072
FPR:0.782258064516129
FPDR:0.782258064516129
F1:0.22641509433962265
BACC:0
CLSFE:0.782258064516129
MCC:0.17760763203706814
GMEAN:0.4729446778423926
SAMPLES:248
AUC:{}
AVGP:{}
CLASS:1
ACC:0.90775
PREC:0.9533582089552238
REC:0.9485547600106072
TNR:0.23580786026200873
FPR:0.04664179104477612
FPDR:0.04664179104477612
F1:0.9509504187159378
BACC:0
CLSFE:0.04664179104477612
MCC:0.17760763203706814
GMEAN:0.4729446778423926
SAMPLES:3752
AUC:{}
AVGP:{}
