

GENERAL_METRICS
ACC:0.8933333333333333
PREC:0.5342485598978993
REC:0.5801887249596996
TNR:0.5801887249596996
FPR:0.4657514401021007
FPDR:0.4657514401021007
F1:0.5414631909576542
BACC:0.0
CLSFE:0.10666666666666667
MCC:0.10481122745046832
GMEAN:0.4721402520968534
SAMPLES:3000.0
AUC:{'AUC macro OVO': 0.5342485598978993}
AVGP:{'avg_precision': 0.9172173878699831}


METRICS_PER_CLASSES
CLASS:0
ACC:0.8933333333333333
PREC:0.09811320754716982
REC:0.24299065420560748
TNR:0.9173867957137919
FPR:0.9018867924528302
FPDR:0.9018867924528302
F1:0.13978494623655913
BACC:0
CLSFE:0.9018867924528302
MCC:0.10481122745046832
GMEAN:0.4721402520968534
SAMPLES:265
AUC:{}
AVGP:{}
CLASS:1
ACC:0.8933333333333333
PREC:0.9703839122486289
REC:0.9173867957137919
TNR:0.24299065420560748
FPR:0.029616087751371114
FPDR:0.029616087751371114
F1:0.9431414356787491
BACC:0
CLSFE:0.029616087751371114
MCC:0.10481122745046832
GMEAN:0.4721402520968534
SAMPLES:2735
AUC:{}
AVGP:{}
