

GENERAL_METRICS
ACC:0.9023333333333333
PREC:0.5457996032564127
REC:0.5911569464201043
TNR:0.5911569464201043
FPR:0.4542003967435873
FPDR:0.4542003967435873
F1:0.5566872890292964
BACC:0.0
CLSFE:0.09766666666666667
MCC:0.129227736652885
GMEAN:0.48585166595885954
SAMPLES:3000.0
AUC:{'AUC macro OVO': 0.5457996032564126}
AVGP:{'avg_precision': 0.9277147994900438}


METRICS_PER_CLASSES
CLASS:0
ACC:0.9023333333333333
PREC:0.12236286919831224
REC:0.2543859649122807
TNR:0.9279279279279279
FPR:0.8776371308016878
FPDR:0.8776371308016878
F1:0.16524216524216523
BACC:0
CLSFE:0.8776371308016878
MCC:0.129227736652885
GMEAN:0.48585166595885954
SAMPLES:237
AUC:{}
AVGP:{}
CLASS:1
ACC:0.9023333333333333
PREC:0.9692363373145132
REC:0.9279279279279279
TNR:0.2543859649122807
FPR:0.03076366268548679
FPDR:0.03076366268548679
F1:0.9481324128164277
BACC:0
CLSFE:0.03076366268548679
MCC:0.129227736652885
GMEAN:0.48585166595885954
SAMPLES:2763
AUC:{}
AVGP:{}
