

GENERAL_METRICS
ACC:0.8966666666666666
PREC:0.5309175633833042
REC:0.5684168359979453
TNR:0.5684168359979453
FPR:0.4690824366166958
FPDR:0.4690824366166958
F1:0.5371439492271797
BACC:0.0
CLSFE:0.10333333333333333
MCC:0.0919843870110924
GMEAN:0.4451530160345752
SAMPLES:3000.0
AUC:{'AUC macro OVO': 0.5309175633833042}
AVGP:{'avg_precision': 0.9217313810909723}


METRICS_PER_CLASSES
CLASS:0
ACC:0.8966666666666666
PREC:0.09236947791164658
REC:0.21495327102803738
TNR:0.9218804009678534
FPR:0.9076305220883534
FPDR:0.9076305220883534
F1:0.12921348314606743
BACC:0
CLSFE:0.9076305220883534
MCC:0.0919843870110924
GMEAN:0.4451530160345752
SAMPLES:249
AUC:{}
AVGP:{}
CLASS:1
ACC:0.8966666666666666
PREC:0.9694656488549618
REC:0.9218804009678534
TNR:0.21495327102803738
FPR:0.030534351145038167
FPDR:0.030534351145038167
F1:0.945074415308292
BACC:0
CLSFE:0.030534351145038167
MCC:0.0919843870110924
GMEAN:0.4451530160345752
SAMPLES:2751
AUC:{}
AVGP:{}
