

GENERAL_METRICS
ACC:0.9076666666666666
PREC:0.5425349087003223
REC:0.6172104644326867
TNR:0.6172104644326867
FPR:0.4574650912996777
FPDR:0.4574650912996777
F1:0.5546048551822609
BACC:0.0
CLSFE:0.09233333333333334
MCC:0.1412166619541291
GMEAN:0.5350492311892414
SAMPLES:3000.0
AUC:{'AUC macro OVO': 0.5425349087003223}
AVGP:{'avg_precision': 0.9247589343729695}


METRICS_PER_CLASSES
CLASS:0
ACC:0.9076666666666666
PREC:0.10612244897959183
REC:0.30952380952380953
TNR:0.9248971193415638
FPR:0.8938775510204081
FPDR:0.8938775510204081
F1:0.1580547112462006
BACC:0
CLSFE:0.8938775510204081
MCC:0.1412166619541291
GMEAN:0.5350492311892414
SAMPLES:245
AUC:{}
AVGP:{}
CLASS:1
ACC:0.9076666666666666
PREC:0.9789473684210527
REC:0.9248971193415638
TNR:0.30952380952380953
FPR:0.021052631578947368
FPDR:0.021052631578947368
F1:0.9511549991183212
BACC:0
CLSFE:0.021052631578947368
MCC:0.1412166619541291
GMEAN:0.5350492311892414
SAMPLES:2755
AUC:{}
AVGP:{}
