

GENERAL_METRICS
ACC:0.896
PREC:0.5736353801024578
REC:0.6623732740359106
TNR:0.6623732740359106
FPR:0.42636461989754215
FPDR:0.42636461989754215
F1:0.5941720610565012
BACC:0.0
CLSFE:0.104
MCC:0.21869081144039706
GMEAN:0.6114850729451955
SAMPLES:2500.0
AUC:{'AUC macro OVO': 0.5736353801024578}
AVGP:{'avg_precision': 0.916618268261031}


METRICS_PER_CLASSES
CLASS:0
ACC:0.896
PREC:0.17427385892116182
REC:0.4077669902912621
TNR:0.9169795577805591
FPR:0.8257261410788381
FPDR:0.8257261410788381
F1:0.2441860465116279
BACC:0
CLSFE:0.8257261410788381
MCC:0.21869081144039706
GMEAN:0.6114850729451955
SAMPLES:241
AUC:{}
AVGP:{}
CLASS:1
ACC:0.896
PREC:0.9729969012837538
REC:0.9169795577805591
TNR:0.4077669902912621
FPR:0.027003098716246128
FPDR:0.027003098716246128
F1:0.9441580756013745
BACC:0
CLSFE:0.027003098716246128
MCC:0.21869081144039706
GMEAN:0.6114850729451955
SAMPLES:2259
AUC:{}
AVGP:{}
