

GENERAL_METRICS
ACC:0.8992
PREC:0.575262244800855
REC:0.6818414955519003
TNR:0.6818414955519003
FPR:0.42473775519914503
FPDR:0.42473775519914503
F1:0.5979845626072041
BACC:0.0
CLSFE:0.1008
MCC:0.23397264073545618
GMEAN:0.6400525924164783
SAMPLES:2500.0
AUC:{'AUC macro OVO': 0.575262244800855}
AVGP:{'avg_precision': 0.9165595677178474}


METRICS_PER_CLASSES
CLASS:0
ACC:0.8992
PREC:0.17355371900826447
REC:0.44680851063829785
TNR:0.9168744804655029
FPR:0.8264462809917356
FPDR:0.8264462809917356
F1:0.25
BACC:0
CLSFE:0.8264462809917356
MCC:0.23397264073545618
GMEAN:0.6400525924164783
SAMPLES:242
AUC:{}
AVGP:{}
CLASS:1
ACC:0.8992
PREC:0.9769707705934455
REC:0.9168744804655029
TNR:0.44680851063829785
FPR:0.023029229406554472
FPDR:0.023029229406554472
F1:0.9459691252144082
BACC:0
CLSFE:0.023029229406554472
MCC:0.23397264073545618
GMEAN:0.6400525924164783
SAMPLES:2258
AUC:{}
AVGP:{}
