

GENERAL_METRICS
ACC:0.8936
PREC:0.5713559273477339
REC:0.6629298925575234
TNR:0.6629298925575234
FPR:0.4286440726522661
FPDR:0.4286440726522661
F1:0.5913978494623655
BACC:0.0
CLSFE:0.1064
MCC:0.21564798701688578
GMEAN:0.6135080206882029
SAMPLES:2500.0
AUC:{'AUC macro OVO': 0.5713559273477339}
AVGP:{'avg_precision': 0.9137408586492296}


METRICS_PER_CLASSES
CLASS:0
ACC:0.8936
PREC:0.1693548387096774
REC:0.4117647058823529
TNR:0.914095079232694
FPR:0.8306451612903226
FPDR:0.8306451612903226
F1:0.24
BACC:0
CLSFE:0.8306451612903226
MCC:0.21564798701688578
GMEAN:0.6135080206882029
SAMPLES:248
AUC:{}
AVGP:{}
CLASS:1
ACC:0.8936
PREC:0.9733570159857904
REC:0.914095079232694
TNR:0.4117647058823529
FPR:0.02664298401420959
FPDR:0.02664298401420959
F1:0.9427956989247311
BACC:0
CLSFE:0.02664298401420959
MCC:0.21564798701688578
GMEAN:0.6135080206882029
SAMPLES:2252
AUC:{}
AVGP:{}
