

GENERAL_METRICS
ACC:0.8908
PREC:0.5743961643395924
REC:0.6909211423864499
TNR:0.6909211423864499
FPR:0.4256038356604076
FPDR:0.4256038356604076
F1:0.5965775590725717
BACC:0.0
CLSFE:0.1092
MCC:0.23835939826140728
GMEAN:0.6560606593612139
SAMPLES:2500.0
AUC:{'AUC macro OVO': 0.5743961643395924}
AVGP:{'avg_precision': 0.9072769548816667}


METRICS_PER_CLASSES
CLASS:0
ACC:0.8908
PREC:0.17164179104477612
REC:0.4742268041237113
TNR:0.9076154806491885
FPR:0.8283582089552238
FPDR:0.8283582089552238
F1:0.25205479452054796
BACC:0
CLSFE:0.8283582089552238
MCC:0.23835939826140728
GMEAN:0.6560606593612139
SAMPLES:268
AUC:{}
AVGP:{}
CLASS:1
ACC:0.8908
PREC:0.9771505376344086
REC:0.9076154806491885
TNR:0.4742268041237113
FPR:0.0228494623655914
FPDR:0.0228494623655914
F1:0.9411003236245955
BACC:0
CLSFE:0.0228494623655914
MCC:0.23835939826140728
GMEAN:0.6560606593612139
SAMPLES:2232
AUC:{}
AVGP:{}
