

GENERAL_METRICS
ACC:0.9254117647058824
PREC:0.6636446886446886
REC:0.6716981494648244
TNR:0.6716981494648244
FPR:0.3363553113553113
FPDR:0.3363553113553113
F1:0.6675468747185345
BACC:0.0
CLSFE:0.07458823529411765
MCC:0.33524611979881536
GMEAN:0.6072576801662297
SAMPLES:4250.0
AUC:{'AUC macro OVO': 0.6636446886446887}
AVGP:{'avg_precision': 0.9580206329846452}


METRICS_PER_CLASSES
CLASS:0
ACC:0.9254117647058824
PREC:0.36538461538461536
REC:0.38461538461538464
TNR:0.9587809143142643
FPR:0.6346153846153846
FPDR:0.6346153846153846
F1:0.3747534516765286
BACC:0
CLSFE:0.6346153846153846
MCC:0.33524611979881536
GMEAN:0.6072576801662297
SAMPLES:260
AUC:{}
AVGP:{}
CLASS:1
ACC:0.9254117647058824
PREC:0.9619047619047619
REC:0.9587809143142643
TNR:0.38461538461538464
FPR:0.0380952380952381
FPDR:0.0380952380952381
F1:0.9603402977605404
BACC:0
CLSFE:0.0380952380952381
MCC:0.33524611979881536
GMEAN:0.6072576801662297
SAMPLES:3990
AUC:{}
AVGP:{}
