

GENERAL_METRICS
ACC:0.868
PREC:0.8606754682570699
REC:0.8086506817113305
TNR:0.8086506817113305
FPR:0.13932453174293014
FPDR:0.13932453174293014
F1:0.8284823284823285
BACC:0.0
CLSFE:0.132
MCC:0.6673012188033166
GMEAN:0.7960882265829562
SAMPLES:1000.0
AUC:{'AUC macro OVO': 0.8606754682570699}
AVGP:{'avg_precision': 0.9280347413923997}


METRICS_PER_CLASSES
CLASS:0
ACC:0.868
PREC:0.8471615720524017
REC:0.6666666666666666
TNR:0.9506346967559943
FPR:0.15283842794759825
FPDR:0.15283842794759825
F1:0.7461538461538462
BACC:0
CLSFE:0.15283842794759825
MCC:0.6673012188033166
GMEAN:0.7960882265829562
SAMPLES:229
AUC:{}
AVGP:{}
CLASS:1
ACC:0.868
PREC:0.874189364461738
REC:0.9506346967559943
TNR:0.6666666666666666
FPR:0.125810635538262
FPDR:0.125810635538262
F1:0.9108108108108108
BACC:0
CLSFE:0.125810635538262
MCC:0.6673012188033166
GMEAN:0.7960882265829562
SAMPLES:771
AUC:{}
AVGP:{}
