

GENERAL_METRICS
ACC:0.87
PREC:0.8619716923884342
REC:0.8171185539606591
TNR:0.8171185539606591
FPR:0.1380283076115658
FPDR:0.1380283076115658
F1:0.8347225118109836
BACC:0.0
CLSFE:0.13
MCC:0.6776073779554435
GMEAN:0.8066707527543578
SAMPLES:1000.0
AUC:{'AUC macro OVO': 0.8619716923884342}
AVGP:{'avg_precision': 0.9242877054295818}


METRICS_PER_CLASSES
CLASS:0
ACC:0.87
PREC:0.8464730290456431
REC:0.6868686868686869
TNR:0.9473684210526315
FPR:0.15352697095435686
FPDR:0.15352697095435686
F1:0.758364312267658
BACC:0
CLSFE:0.15352697095435686
MCC:0.6776073779554435
GMEAN:0.8066707527543578
SAMPLES:241
AUC:{}
AVGP:{}
CLASS:1
ACC:0.87
PREC:0.8774703557312253
REC:0.9473684210526315
TNR:0.6868686868686869
FPR:0.1225296442687747
FPDR:0.1225296442687747
F1:0.9110807113543091
BACC:0
CLSFE:0.1225296442687747
MCC:0.6776073779554435
GMEAN:0.8066707527543578
SAMPLES:759
AUC:{}
AVGP:{}
