

GENERAL_METRICS
ACC:0.876
PREC:0.8760237441699583
REC:0.8209523809523809
TNR:0.8209523809523809
FPR:0.12397625583004174
FPDR:0.12397625583004174
F1:0.8416031801993755
BACC:0.0
CLSFE:0.124
MCC:0.6947969947717882
GMEAN:0.8093354122511935
SAMPLES:1000.0
AUC:{'AUC macro OVO': 0.8760237441699583}
AVGP:{'avg_precision': 0.9346885490488623}


METRICS_PER_CLASSES
CLASS:0
ACC:0.876
PREC:0.8760683760683761
REC:0.6833333333333333
TNR:0.9585714285714285
FPR:0.12393162393162394
FPDR:0.12393162393162394
F1:0.7677902621722846
BACC:0
CLSFE:0.12393162393162394
MCC:0.6947969947717882
GMEAN:0.8093354122511935
SAMPLES:234
AUC:{}
AVGP:{}
CLASS:1
ACC:0.876
PREC:0.8759791122715405
REC:0.9585714285714285
TNR:0.6833333333333333
FPR:0.12402088772845953
FPDR:0.12402088772845953
F1:0.9154160982264665
BACC:0
CLSFE:0.12402088772845953
MCC:0.6947969947717882
GMEAN:0.8093354122511935
SAMPLES:766
AUC:{}
AVGP:{}
