

GENERAL_METRICS
ACC:0.883
PREC:0.8812284354699382
REC:0.8474768345742841
TNR:0.8474768345742841
FPR:0.11877156453006177
FPDR:0.11877156453006177
F1:0.8611096272396073
BACC:0.0
CLSFE:0.117
MCC:0.7279232102544907
GMEAN:0.8413067540953999
SAMPLES:1000.0
AUC:{'AUC macro OVO': 0.8812284354699382}
AVGP:{'avg_precision': 0.9235465194068566}


METRICS_PER_CLASSES
CLASS:0
ACC:0.883
PREC:0.8772563176895307
REC:0.745398773006135
TNR:0.9495548961424333
FPR:0.12274368231046931
FPDR:0.12274368231046931
F1:0.8059701492537313
BACC:0
CLSFE:0.12274368231046931
MCC:0.7279232102544907
GMEAN:0.8413067540953999
SAMPLES:277
AUC:{}
AVGP:{}
CLASS:1
ACC:0.883
PREC:0.8852005532503457
REC:0.9495548961424333
TNR:0.745398773006135
FPR:0.11479944674965421
FPDR:0.11479944674965421
F1:0.9162491052254832
BACC:0
CLSFE:0.11479944674965421
MCC:0.7279232102544907
GMEAN:0.8413067540953999
SAMPLES:723
AUC:{}
AVGP:{}
