

GENERAL_METRICS
ACC:0.88
PREC:0.8657117935256666
REC:0.8610845051150586
TNR:0.8610845051150586
FPR:0.13428820647433337
FPDR:0.13428820647433337
F1:0.8633204820838463
BACC:0.0
CLSFE:0.12
MCC:0.726781568230664
GMEAN:0.8592994458888848
SAMPLES:750.0
AUC:{'AUC macro OVO': 0.8657117935256666}
AVGP:{'avg_precision': 0.8940726095294637}


METRICS_PER_CLASSES
CLASS:0
ACC:0.88
PREC:0.8257261410788381
REC:0.805668016194332
TNR:0.9165009940357853
FPR:0.17427385892116182
FPDR:0.17427385892116182
F1:0.8155737704918032
BACC:0
CLSFE:0.17427385892116182
MCC:0.726781568230664
GMEAN:0.8592994458888848
SAMPLES:241
AUC:{}
AVGP:{}
CLASS:1
ACC:0.88
PREC:0.9056974459724951
REC:0.9165009940357853
TNR:0.805668016194332
FPR:0.09430255402750491
FPDR:0.09430255402750491
F1:0.9110671936758893
BACC:0
CLSFE:0.09430255402750491
MCC:0.726781568230664
GMEAN:0.8592994458888848
SAMPLES:509
AUC:{}
AVGP:{}
