

GENERAL_METRICS
ACC:0.844
PREC:0.8219251336898395
REC:0.8277439024390244
TNR:0.8277439024390244
FPR:0.17807486631016042
FPDR:0.17807486631016042
F1:0.8246749743755732
BACC:0.0
CLSFE:0.156
MCC:0.6496429776691584
GMEAN:0.8263938705413374
SAMPLES:750.0
AUC:{'AUC macro OVO': 0.8219251336898394}
AVGP:{'avg_precision': 0.8515454545454546}


METRICS_PER_CLASSES
CLASS:0
ACC:0.844
PREC:0.7529411764705882
REC:0.7804878048780488
TNR:0.875
FPR:0.24705882352941178
FPDR:0.24705882352941178
F1:0.7664670658682635
BACC:0
CLSFE:0.24705882352941178
MCC:0.6496429776691584
GMEAN:0.8263938705413374
SAMPLES:255
AUC:{}
AVGP:{}
CLASS:1
ACC:0.844
PREC:0.8909090909090909
REC:0.875
TNR:0.7804878048780488
FPR:0.10909090909090909
FPDR:0.10909090909090909
F1:0.8828828828828829
BACC:0
CLSFE:0.10909090909090909
MCC:0.6496429776691584
GMEAN:0.8263938705413374
SAMPLES:495
AUC:{}
AVGP:{}
