

GENERAL_METRICS
ACC:0.8453333333333334
PREC:0.8341841557950462
REC:0.8273148148148148
TNR:0.8273148148148148
FPR:0.16581584420495368
FPDR:0.16581584420495368
F1:0.830480733258511
BACC:0.0
CLSFE:0.15466666666666667
MCC:0.661463302286985
GMEAN:0.8248082455791217
SAMPLES:750.0
AUC:{'AUC macro OVO': 0.8341841557950462}
AVGP:{'avg_precision': 0.8610108401084011}


METRICS_PER_CLASSES
CLASS:0
ACC:0.8453333333333334
PREC:0.7984496124031008
REC:0.762962962962963
TNR:0.8916666666666667
FPR:0.20155038759689922
FPDR:0.20155038759689922
F1:0.7803030303030303
BACC:0
CLSFE:0.20155038759689922
MCC:0.661463302286985
GMEAN:0.8248082455791217
SAMPLES:258
AUC:{}
AVGP:{}
CLASS:1
ACC:0.8453333333333334
PREC:0.8699186991869918
REC:0.8916666666666667
TNR:0.762962962962963
FPR:0.13008130081300814
FPDR:0.13008130081300814
F1:0.8806584362139918
BACC:0
CLSFE:0.13008130081300814
MCC:0.661463302286985
GMEAN:0.8248082455791217
SAMPLES:492
AUC:{}
AVGP:{}
