

GENERAL_METRICS
ACC:0.8573333333333333
PREC:0.8376920641877907
REC:0.8369727207931057
TNR:0.8369727207931057
FPR:0.16230793581220931
FPDR:0.16230793581220931
F1:0.8373303116974202
BACC:0.0
CLSFE:0.14266666666666666
MCC:0.6746644014904001
GMEAN:0.8349408888207542
SAMPLES:750.0
AUC:{'AUC macro OVO': 0.8376920641877906}
AVGP:{'avg_precision': 0.8719041092686578}


METRICS_PER_CLASSES
CLASS:0
ACC:0.8573333333333333
PREC:0.7818930041152263
REC:0.7786885245901639
TNR:0.8952569169960475
FPR:0.21810699588477367
FPDR:0.21810699588477367
F1:0.7802874743326489
BACC:0
CLSFE:0.21810699588477367
MCC:0.6746644014904001
GMEAN:0.8349408888207542
SAMPLES:243
AUC:{}
AVGP:{}
CLASS:1
ACC:0.8573333333333333
PREC:0.893491124260355
REC:0.8952569169960475
TNR:0.7786885245901639
FPR:0.10650887573964497
FPDR:0.10650887573964497
F1:0.8943731490621916
BACC:0
CLSFE:0.10650887573964497
MCC:0.6746644014904001
GMEAN:0.8349408888207542
SAMPLES:507
AUC:{}
AVGP:{}
