

GENERAL_METRICS
ACC:0.924923076923077
PREC:0.5771776490228813
REC:0.7541490421307255
TNR:0.7541490421307255
FPR:0.42282235097711873
FPDR:0.42282235097711873
F1:0.6082820922182002
BACC:0.0
CLSFE:0.07507692307692308
MCC:0.28010444889766817
GMEAN:0.7326451978897557
SAMPLES:3250.0
AUC:{'AUC macro OVO': 0.5771776490228813}
AVGP:{'avg_precision': 0.9328374442622647}


METRICS_PER_CLASSES
CLASS:0
ACC:0.924923076923077
PREC:0.16470588235294117
REC:0.5753424657534246
TNR:0.9329556185080264
FPR:0.8352941176470589
FPDR:0.8352941176470589
F1:0.25609756097560976
BACC:0
CLSFE:0.8352941176470589
MCC:0.28010444889766817
GMEAN:0.7326451978897557
SAMPLES:255
AUC:{}
AVGP:{}
CLASS:1
ACC:0.924923076923077
PREC:0.9896494156928214
REC:0.9329556185080264
TNR:0.5753424657534246
FPR:0.010350584307178631
FPDR:0.010350584307178631
F1:0.9604666234607907
BACC:0
CLSFE:0.010350584307178631
MCC:0.28010444889766817
GMEAN:0.7326451978897557
SAMPLES:2995
AUC:{}
AVGP:{}
