

GENERAL_METRICS
ACC:0.9264615384615384
PREC:0.5753229512518585
REC:0.75285265049416
TNR:0.75285265049416
FPR:0.4246770487481415
FPDR:0.4246770487481415
F1:0.6060584083390348
BACC:0.0
CLSFE:0.07353846153846154
MCC:0.27601165096477226
GMEAN:0.7306657354025059
SAMPLES:3250.0
AUC:{'AUC macro OVO': 0.5753229512518585}
AVGP:{'avg_precision': 0.934167844712946}


METRICS_PER_CLASSES
CLASS:0
ACC:0.9264615384615384
PREC:0.1606425702811245
REC:0.5714285714285714
TNR:0.9342767295597484
FPR:0.8393574297188755
FPDR:0.8393574297188755
F1:0.2507836990595611
BACC:0
CLSFE:0.8393574297188755
MCC:0.27601165096477226
GMEAN:0.7306657354025059
SAMPLES:249
AUC:{}
AVGP:{}
CLASS:1
ACC:0.9264615384615384
PREC:0.9900033322225925
REC:0.9342767295597484
TNR:0.5714285714285714
FPR:0.009996667777407531
FPDR:0.009996667777407531
F1:0.9613331176185084
BACC:0
CLSFE:0.009996667777407531
MCC:0.27601165096477226
GMEAN:0.7306657354025059
SAMPLES:3001
AUC:{}
AVGP:{}
