

GENERAL_METRICS
ACC:0.924
PREC:0.5677076172706144
REC:0.7460693619613217
TNR:0.7460693619613217
FPR:0.4322923827293856
FPDR:0.4322923827293856
F1:0.5952777445866035
BACC:0.0
CLSFE:0.076
MCC:0.2581532117305649
GMEAN:0.7226498852887069
SAMPLES:3250.0
AUC:{'AUC macro OVO': 0.5677076172706144}
AVGP:{'avg_precision': 0.9314358914128882}


METRICS_PER_CLASSES
CLASS:0
ACC:0.924
PREC:0.1450980392156863
REC:0.5606060606060606
TNR:0.9315326633165829
FPR:0.8549019607843137
FPDR:0.8549019607843137
F1:0.23052959501557632
BACC:0
CLSFE:0.8549019607843137
MCC:0.2581532117305649
GMEAN:0.7226498852887069
SAMPLES:255
AUC:{}
AVGP:{}
CLASS:1
ACC:0.924
PREC:0.9903171953255425
REC:0.9315326633165829
TNR:0.5606060606060606
FPR:0.009682804674457429
FPDR:0.009682804674457429
F1:0.9600258941576307
BACC:0
CLSFE:0.009682804674457429
MCC:0.2581532117305649
GMEAN:0.7226498852887069
SAMPLES:2995
AUC:{}
AVGP:{}
