

GENERAL_METRICS
ACC:0.9236923076923077
PREC:0.5711625923288635
REC:0.8031008822482724
TNR:0.8031008822482724
FPR:0.42883740767113654
FPDR:0.42883740767113654
F1:0.601860487172597
BACC:0.0
CLSFE:0.07630769230769231
MCC:0.29373079183465023
GMEAN:0.7932920734280765
SAMPLES:3250.0
AUC:{'AUC macro OVO': 0.5711625923288635}
AVGP:{'avg_precision': 0.9281655209103695}


METRICS_PER_CLASSES
CLASS:0
ACC:0.9236923076923077
PREC:0.14869888475836432
REC:0.6779661016949152
TNR:0.9282356628016296
FPR:0.8513011152416357
FPDR:0.8513011152416357
F1:0.24390243902439024
BACC:0
CLSFE:0.8513011152416357
MCC:0.29373079183465023
GMEAN:0.7932920734280765
SAMPLES:269
AUC:{}
AVGP:{}
CLASS:1
ACC:0.9236923076923077
PREC:0.9936262998993626
REC:0.9282356628016296
TNR:0.6779661016949152
FPR:0.00637370010063737
FPDR:0.00637370010063737
F1:0.9598185353208036
BACC:0
CLSFE:0.00637370010063737
MCC:0.29373079183465023
GMEAN:0.7932920734280765
SAMPLES:2981
AUC:{}
AVGP:{}
