

GENERAL_METRICS
ACC:0.9376470588235294
PREC:0.500935980488108
REC:0.5252560978804789
TNR:0.5252560978804789
FPR:0.499064019511892
FPDR:0.499064019511892
F1:0.48765154937355876
BACC:0.0
CLSFE:0.06235294117647059
MCC:0.009724035134011818
GMEAN:0.3230756850869892
SAMPLES:4250.0
AUC:{'AUC macro OVO': 0.5009359804881081}
AVGP:{'avg_precision': 0.9394008702871157}


METRICS_PER_CLASSES
CLASS:0
ACC:0.9376470588235294
PREC:0.003875968992248062
REC:0.1111111111111111
TNR:0.9394010846498467
FPR:0.9961240310077519
FPDR:0.9961240310077519
F1:0.00749063670411985
BACC:0
CLSFE:0.9961240310077519
MCC:0.009724035134011818
GMEAN:0.3230756850869892
SAMPLES:258
AUC:{}
AVGP:{}
CLASS:1
ACC:0.9376470588235294
PREC:0.9979959919839679
REC:0.9394010846498467
TNR:0.1111111111111111
FPR:0.002004008016032064
FPDR:0.002004008016032064
F1:0.9678124620429976
BACC:0
CLSFE:0.002004008016032064
MCC:0.009724035134011818
GMEAN:0.3230756850869892
SAMPLES:3992
AUC:{}
AVGP:{}
