

GENERAL_METRICS
ACC:0.9317647058823529
PREC:0.5007177822589713
REC:0.506974796037296
TNR:0.506974796037296
FPR:0.49928221774102866
FPDR:0.49928221774102866
F1:0.48913272352567644
BACC:0.0
CLSFE:0.06823529411764706
MCC:0.004474990438208649
GMEAN:0.26847525529173577
SAMPLES:4250.0
AUC:{'AUC macro OVO': 0.5007177822589713}
AVGP:{'avg_precision': 0.9370260008048696}


METRICS_PER_CLASSES
CLASS:0
ACC:0.9317647058823529
PREC:0.007462686567164179
REC:0.07692307692307693
TNR:0.9370265151515151
FPR:0.9925373134328358
FPDR:0.9925373134328358
F1:0.013605442176870748
BACC:0
CLSFE:0.9925373134328358
MCC:0.004474990438208649
GMEAN:0.26847525529173577
SAMPLES:268
AUC:{}
AVGP:{}
CLASS:1
ACC:0.9317647058823529
PREC:0.9939728779507785
REC:0.9370265151515151
TNR:0.07692307692307693
FPR:0.006027122049221497
FPDR:0.006027122049221497
F1:0.9646600048744821
BACC:0
CLSFE:0.006027122049221497
MCC:0.004474990438208649
GMEAN:0.26847525529173577
SAMPLES:3982
AUC:{}
AVGP:{}
