

GENERAL_METRICS
ACC:0.9414117647058824
PREC:0.5001447202642422
REC:0.5018899125915426
TNR:0.5018899125915426
FPR:0.49985527973575783
FPDR:0.49985527973575783
F1:0.48889132523126066
BACC:0.0
CLSFE:0.05858823529411765
MCC:0.0010459610884591603
GMEAN:0.23576612236947128
SAMPLES:4250.0
AUC:{'AUC macro OVO': 0.5001447202642422}
AVGP:{'avg_precision': 0.9449562355350626}


METRICS_PER_CLASSES
CLASS:0
ACC:0.9414117647058824
PREC:0.004273504273504274
REC:0.058823529411764705
TNR:0.9449562957713206
FPR:0.9957264957264957
FPDR:0.9957264957264957
F1:0.00796812749003984
BACC:0
CLSFE:0.9957264957264957
MCC:0.0010459610884591603
GMEAN:0.23576612236947128
SAMPLES:234
AUC:{}
AVGP:{}
CLASS:1
ACC:0.9414117647058824
PREC:0.9960159362549801
REC:0.9449562957713206
TNR:0.058823529411764705
FPR:0.00398406374501992
FPDR:0.00398406374501992
F1:0.9698145229724815
BACC:0
CLSFE:0.00398406374501992
MCC:0.0010459610884591603
GMEAN:0.23576612236947128
SAMPLES:4016
AUC:{}
AVGP:{}
