

GENERAL_METRICS
ACC:0.9301176470588235
PREC:0.4978589420654912
REC:0.4669265296480038
TNR:0.4669265296480038
FPR:0.5021410579345088
FPDR:0.5021410579345088
F1:0.4818968669998781
BACC:0.0
CLSFE:0.06988235294117646
MCC:-0.01682999894460883
GMEAN:0.0
SAMPLES:4250.0
AUC:{'AUC macro OVO': 0.4978589420654912}
AVGP:{'avg_precision': 0.9338541922914655}


METRICS_PER_CLASSES
CLASS:0
ACC:0.9301176470588235
PREC:0.0
REC:0.0
TNR:0.9338530592960076
FPR:1.0
FPDR:1.0
F1:0.0
BACC:0
CLSFE:1.0
MCC:-0.01682999894460883
GMEAN:0
SAMPLES:280
AUC:{}
AVGP:{}
CLASS:1
ACC:0.9301176470588235
PREC:0.9957178841309824
REC:0.9338530592960076
TNR:0.0
FPR:0.0042821158690176326
FPDR:0.0042821158690176326
F1:0.9637937339997562
BACC:0
CLSFE:0.0042821158690176326
MCC:-0.01682999894460883
GMEAN:0
SAMPLES:3970
AUC:{}
AVGP:{}
