

GENERAL_METRICS
ACC:0.7306666666666667
PREC:0.7064906331914484
REC:0.699085702803175
TNR:0.699085702803175
FPR:0.29350936680855155
FPDR:0.29350936680855155
F1:0.7021679811903845
BACC:0.0
CLSFE:0.2693333333333333
MCC:0.4055087315025022
GMEAN:0.6901002246808003
SAMPLES:750.0
AUC:{'AUC macro OVO': 0.7064906331914484}
AVGP:{'avg_precision': 0.7791700922479367}


METRICS_PER_CLASSES
CLASS:0
ACC:0.7306666666666667
PREC:0.6345381526104418
REC:0.587360594795539
TNR:0.8108108108108109
FPR:0.3654618473895582
FPDR:0.3654618473895582
F1:0.61003861003861
BACC:0
CLSFE:0.3654618473895582
MCC:0.4055087315025022
GMEAN:0.6901002246808003
SAMPLES:249
AUC:{}
AVGP:{}
CLASS:1
ACC:0.7306666666666667
PREC:0.7784431137724551
REC:0.8108108108108109
TNR:0.587360594795539
FPR:0.2215568862275449
FPDR:0.2215568862275449
F1:0.7942973523421588
BACC:0
CLSFE:0.2215568862275449
MCC:0.4055087315025022
GMEAN:0.6901002246808003
SAMPLES:501
AUC:{}
AVGP:{}
