

GENERAL_METRICS
ACC:0.728
PREC:0.6863492063492063
REC:0.6794463148798799
TNR:0.6794463148798799
FPR:0.3136507936507937
FPDR:0.3136507936507937
F1:0.6824698450120786
BACC:0.0
CLSFE:0.272
MCC:0.36573038353495
GMEAN:0.6657210411595645
SAMPLES:750.0
AUC:{'AUC macro OVO': 0.6863492063492063}
AVGP:{'avg_precision': 0.7911610066423427}


METRICS_PER_CLASSES
CLASS:0
ACC:0.728
PREC:0.5822222222222222
REC:0.5435684647302904
TNR:0.8153241650294696
FPR:0.4177777777777778
FPDR:0.4177777777777778
F1:0.5622317596566524
BACC:0
CLSFE:0.4177777777777778
MCC:0.36573038353495
GMEAN:0.6657210411595645
SAMPLES:225
AUC:{}
AVGP:{}
CLASS:1
ACC:0.728
PREC:0.7904761904761904
REC:0.8153241650294696
TNR:0.5435684647302904
FPR:0.20952380952380953
FPDR:0.20952380952380953
F1:0.8027079303675049
BACC:0
CLSFE:0.20952380952380953
MCC:0.36573038353495
GMEAN:0.6657210411595645
SAMPLES:525
AUC:{}
AVGP:{}
