

GENERAL_METRICS
ACC:0.7466666666666667
PREC:0.7208668017916573
REC:0.707472439649296
TNR:0.707472439649296
FPR:0.2791331982083427
FPDR:0.2791331982083427
F1:0.7126645373596593
BACC:0.0
CLSFE:0.25333333333333335
MCC:0.4281297663337724
GMEAN:0.695625420841015
SAMPLES:750.0
AUC:{'AUC macro OVO': 0.7208668017916572}
AVGP:{'avg_precision': 0.8057956349909966}


METRICS_PER_CLASSES
CLASS:0
ACC:0.7466666666666667
PREC:0.6536796536796536
REC:0.578544061302682
TNR:0.83640081799591
FPR:0.3463203463203463
FPDR:0.3463203463203463
F1:0.6138211382113821
BACC:0
CLSFE:0.3463203463203463
MCC:0.4281297663337724
GMEAN:0.695625420841015
SAMPLES:231
AUC:{}
AVGP:{}
CLASS:1
ACC:0.7466666666666667
PREC:0.7880539499036608
REC:0.83640081799591
TNR:0.578544061302682
FPR:0.2119460500963391
FPDR:0.2119460500963391
F1:0.8115079365079365
BACC:0
CLSFE:0.2119460500963391
MCC:0.4281297663337724
GMEAN:0.695625420841015
SAMPLES:519
AUC:{}
AVGP:{}
