

GENERAL_METRICS
ACC:0.7346666666666667
PREC:0.7155637254901961
REC:0.7013799314613688
TNR:0.7013799314613688
FPR:0.2844362745098039
FPDR:0.2844362745098039
F1:0.7063227675119192
BACC:0.0
CLSFE:0.2653333333333333
MCC:0.4167023314778693
GMEAN:0.6897173339034716
SAMPLES:750.0
AUC:{'AUC macro OVO': 0.7155637254901961}
AVGP:{'avg_precision': 0.7943353645898106}


METRICS_PER_CLASSES
CLASS:0
ACC:0.7346666666666667
PREC:0.6625
REC:0.5740072202166066
TNR:0.828752642706131
FPR:0.3375
FPDR:0.3375
F1:0.6150870406189555
BACC:0
CLSFE:0.3375
MCC:0.4167023314778693
GMEAN:0.6897173339034716
SAMPLES:240
AUC:{}
AVGP:{}
CLASS:1
ACC:0.7346666666666667
PREC:0.7686274509803922
REC:0.828752642706131
TNR:0.5740072202166066
FPR:0.23137254901960785
FPDR:0.23137254901960785
F1:0.797558494404883
BACC:0
CLSFE:0.23137254901960785
MCC:0.4167023314778693
GMEAN:0.6897173339034716
SAMPLES:510
AUC:{}
AVGP:{}
