

GENERAL_METRICS
ACC:0.9381176470588235
PREC:0.4963894422310757
REC:0.4722814498933902
TNR:0.4722814498933902
FPR:0.5036105577689243
FPDR:0.5036105577689243
F1:0.4840354497996843
BACC:0.0
CLSFE:0.06188235294117647
MCC:-0.02000794106656031
GMEAN:0.0
SAMPLES:4250.0
AUC:{'AUC macro OVO': 0.4963894422310757}
AVGP:{'avg_precision': 0.9445656313664195}


METRICS_PER_CLASSES
CLASS:0
ACC:0.9381176470588235
PREC:0.0
REC:0.0
TNR:0.9445628997867804
FPR:1.0
FPDR:1.0
F1:0.0
BACC:0
CLSFE:1.0
MCC:-0.02000794106656031
GMEAN:0
SAMPLES:234
AUC:{}
AVGP:{}
CLASS:1
ACC:0.9381176470588235
PREC:0.9927788844621513
REC:0.9445628997867804
TNR:0.0
FPR:0.007221115537848605
FPDR:0.007221115537848605
F1:0.9680708995993687
BACC:0
CLSFE:0.007221115537848605
MCC:-0.02000794106656031
GMEAN:0
SAMPLES:4016
AUC:{}
AVGP:{}
