

GENERAL_METRICS
ACC:0.9338823529411765
PREC:0.49699474079639366
REC:0.4695929957406531
TNR:0.4695929957406531
FPR:0.5030052592036063
FPDR:0.5030052592036063
F1:0.4829054629516973
BACC:0.0
CLSFE:0.06611764705882353
MCC:-0.019118674577961577
GMEAN:0.0
SAMPLES:4250.0
AUC:{'AUC macro OVO': 0.49699474079639366}
AVGP:{'avg_precision': 0.939188055615241}


METRICS_PER_CLASSES
CLASS:0
ACC:0.9338823529411765
PREC:0.0
REC:0.0
TNR:0.9391859914813062
FPR:1.0
FPDR:1.0
F1:0.0
BACC:0
CLSFE:1.0
MCC:-0.019118674577961577
GMEAN:0
SAMPLES:257
AUC:{}
AVGP:{}
CLASS:1
ACC:0.9338823529411765
PREC:0.9939894815927873
REC:0.9391859914813062
TNR:0.0
FPR:0.006010518407212622
FPDR:0.006010518407212622
F1:0.9658109259033946
BACC:0
CLSFE:0.006010518407212622
MCC:-0.019118674577961577
GMEAN:0
SAMPLES:3993
AUC:{}
AVGP:{}
