

GENERAL_METRICS
ACC:0.9298823529411765
PREC:0.4958594730238394
REC:0.46857955892814795
TNR:0.46857955892814795
FPR:0.5041405269761606
FPDR:0.5041405269761606
F1:0.481833699097781
BACC:0.0
CLSFE:0.07011764705882353
MCC:-0.022812030498039218
GMEAN:0.0
SAMPLES:4250.0
AUC:{'AUC macro OVO': 0.4958594730238394}
AVGP:{'avg_precision': 0.9371631585217711}


METRICS_PER_CLASSES
CLASS:0
ACC:0.9298823529411765
PREC:0.0
REC:0.0
TNR:0.9371591178562959
FPR:1.0
FPDR:1.0
F1:0.0
BACC:0
CLSFE:1.0
MCC:-0.022812030498039218
GMEAN:0
SAMPLES:265
AUC:{}
AVGP:{}
CLASS:1
ACC:0.9298823529411765
PREC:0.9917189460476789
REC:0.9371591178562959
TNR:0.0
FPR:0.008281053952321205
FPDR:0.008281053952321205
F1:0.963667398195562
BACC:0
CLSFE:0.008281053952321205
MCC:-0.022812030498039218
GMEAN:0
SAMPLES:3985
AUC:{}
AVGP:{}
