

GENERAL_METRICS
ACC:0.94
PREC:0.4966434609646942
REC:0.47300497276817427
TNR:0.47300497276817427
FPR:0.5033565390353059
FPDR:0.5033565390353059
F1:0.4845360824742268
BACC:0.0
CLSFE:0.06
MCC:-0.019037842594450304
GMEAN:0.0
SAMPLES:4250.0
AUC:{'AUC macro OVO': 0.4966434609646942}
AVGP:{'avg_precision': 0.9460122480928586}


METRICS_PER_CLASSES
CLASS:0
ACC:0.94
PREC:0.0
REC:0.0
TNR:0.9460099455363485
FPR:1.0
FPDR:1.0
F1:0.0
BACC:0
CLSFE:1.0
MCC:-0.019037842594450304
GMEAN:0
SAMPLES:228
AUC:{}
AVGP:{}
CLASS:1
ACC:0.94
PREC:0.9932869219293884
REC:0.9460099455363485
TNR:0.0
FPR:0.006713078070611636
FPDR:0.006713078070611636
F1:0.9690721649484536
BACC:0
CLSFE:0.006713078070611636
MCC:-0.019037842594450304
GMEAN:0
SAMPLES:4022
AUC:{}
AVGP:{}
