

GENERAL_METRICS
ACC:0.8932307692307693
PREC:0.5078405150868919
REC:0.5158280085197018
TNR:0.5158280085197018
FPR:0.49215948491310807
FPDR:0.49215948491310807
F1:0.5065352627647765
BACC:0.0
CLSFE:0.10676923076923077
MCC:0.022280012530891943
GMEAN:0.3162698595632496
SAMPLES:3250.0
AUC:{'AUC macro OVO': 0.5078405150868919}
AVGP:{'avg_precision': 0.923280953436438}


METRICS_PER_CLASSES
CLASS:0
ACC:0.8932307692307693
PREC:0.05138339920948617
REC:0.10833333333333334
TNR:0.9233226837060703
FPR:0.9486166007905138
FPDR:0.9486166007905138
F1:0.06970509383378017
BACC:0
CLSFE:0.9486166007905138
MCC:0.022280012530891943
GMEAN:0.3162698595632496
SAMPLES:253
AUC:{}
AVGP:{}
CLASS:1
ACC:0.8932307692307693
PREC:0.9642976309642977
REC:0.9233226837060703
TNR:0.10833333333333334
FPR:0.03570236903570237
FPDR:0.03570236903570237
F1:0.9433654316957728
BACC:0
CLSFE:0.03570236903570237
MCC:0.022280012530891943
GMEAN:0.3162698595632496
SAMPLES:2997
AUC:{}
AVGP:{}
