

GENERAL_METRICS
ACC:0.8963076923076924
PREC:0.5055938515809322
REC:0.5121019108280255
TNR:0.5121019108280255
FPR:0.4944061484190678
FPDR:0.4944061484190678
F1:0.5032021405966292
BACC:0.0
CLSFE:0.1036923076923077
MCC:0.016455551405850942
GMEAN:0.30400720742377985
SAMPLES:3250.0
AUC:{'AUC macro OVO': 0.5055938515809322}
AVGP:{'avg_precision': 0.9241767968573599}


METRICS_PER_CLASSES
CLASS:0
ACC:0.8963076923076924
PREC:0.04417670682730924
REC:0.1
TNR:0.924203821656051
FPR:0.9558232931726908
FPDR:0.9558232931726908
F1:0.06128133704735376
BACC:0
CLSFE:0.9558232931726908
MCC:0.016455551405850942
GMEAN:0.30400720742377985
SAMPLES:249
AUC:{}
AVGP:{}
CLASS:1
ACC:0.8963076923076924
PREC:0.9670109963345551
REC:0.924203821656051
TNR:0.1
FPR:0.032989003665444855
FPDR:0.032989003665444855
F1:0.9451229441459046
BACC:0
CLSFE:0.032989003665444855
MCC:0.016455551405850942
GMEAN:0.30400720742377985
SAMPLES:3001
AUC:{}
AVGP:{}
