

GENERAL_METRICS
ACC:0.8996923076923077
PREC:0.5137267831070252
REC:0.5375118708452042
TNR:0.5375118708452042
FPR:0.48627321689297476
FPDR:0.48627321689297476
F1:0.5130267079226579
BACC:0.0
CLSFE:0.1003076923076923
MCC:0.04538357919031338
GMEAN:0.3764566759922264
SAMPLES:3250.0
AUC:{'AUC macro OVO': 0.5137267831070252}
AVGP:{'avg_precision': 0.9211234361244405}


METRICS_PER_CLASSES
CLASS:0
ACC:0.8996923076923077
PREC:0.053231939163498096
REC:0.15384615384615385
TNR:0.9211775878442545
FPR:0.9467680608365019
FPDR:0.9467680608365019
F1:0.07909604519774012
BACC:0
CLSFE:0.9467680608365019
MCC:0.04538357919031338
GMEAN:0.3764566759922264
SAMPLES:263
AUC:{}
AVGP:{}
CLASS:1
ACC:0.8996923076923077
PREC:0.9742216270505524
REC:0.9211775878442545
TNR:0.15384615384615385
FPR:0.025778372949447605
FPDR:0.025778372949447605
F1:0.9469573706475757
BACC:0
CLSFE:0.025778372949447605
MCC:0.04538357919031338
GMEAN:0.3764566759922264
SAMPLES:2987
AUC:{}
AVGP:{}
