

GENERAL_METRICS
ACC:0.8864615384615384
PREC:0.5084233707593381
REC:0.5161279039755308
TNR:0.5161279039755308
FPR:0.491576629240662
FPDR:0.491576629240662
F1:0.5073530408548826
BACC:0.0
CLSFE:0.11353846153846153
MCC:0.023311054438347238
GMEAN:0.3220249347740372
SAMPLES:3250.0
AUC:{'AUC macro OVO': 0.508423370759338}
AVGP:{'avg_precision': 0.9194216543991719}


METRICS_PER_CLASSES
CLASS:0
ACC:0.8864615384615384
PREC:0.05639097744360902
REC:0.11278195488721804
TNR:0.9194738530638434
FPR:0.943609022556391
FPDR:0.943609022556391
F1:0.07518796992481203
BACC:0
CLSFE:0.943609022556391
MCC:0.023311054438347238
GMEAN:0.3220249347740372
SAMPLES:266
AUC:{}
AVGP:{}
CLASS:1
ACC:0.8864615384615384
PREC:0.960455764075067
REC:0.9194738530638434
TNR:0.11278195488721804
FPR:0.039544235924932974
FPDR:0.039544235924932974
F1:0.9395181117849533
BACC:0
CLSFE:0.039544235924932974
MCC:0.023311054438347238
GMEAN:0.3220249347740372
SAMPLES:2984
AUC:{}
AVGP:{}
