

GENERAL_METRICS
ACC:0.8925
PREC:0.7015300486080425
REC:0.7558263872454927
TNR:0.7558263872454927
FPR:0.29846995139195753
FPDR:0.29846995139195753
F1:0.7238333726175009
BACC:0.0
CLSFE:0.1075
MCC:0.45412202878435237
GMEAN:0.7367991038678319
SAMPLES:2000.0
AUC:{'AUC macro OVO': 0.7015300486080425}
AVGP:{'avg_precision': 0.9221985658419248}


METRICS_PER_CLASSES
CLASS:0
ACC:0.8925
PREC:0.4475806451612903
REC:0.5873015873015873
TNR:0.9243511871893981
FPR:0.5524193548387096
FPDR:0.5524193548387096
F1:0.5080091533180778
BACC:0
CLSFE:0.5524193548387096
MCC:0.45412202878435237
GMEAN:0.7367991038678319
SAMPLES:248
AUC:{}
AVGP:{}
CLASS:1
ACC:0.8925
PREC:0.9554794520547946
REC:0.9243511871893981
TNR:0.5873015873015873
FPR:0.04452054794520548
FPDR:0.04452054794520548
F1:0.939657591916924
BACC:0
CLSFE:0.04452054794520548
MCC:0.45412202878435237
GMEAN:0.7367991038678319
SAMPLES:1752
AUC:{}
AVGP:{}
