

GENERAL_METRICS
ACC:0.879
PREC:0.6829353197658407
REC:0.7316705682772553
TNR:0.7316705682772553
FPR:0.31706468023415935
FPDR:0.31706468023415935
F1:0.7027757307786785
BACC:0.0
CLSFE:0.121
MCC:0.41173160912484585
GMEAN:0.7081743329944047
SAMPLES:2000.0
AUC:{'AUC macro OVO': 0.6829353197658407}
AVGP:{'avg_precision': 0.9132164627088841}


METRICS_PER_CLASSES
CLASS:0
ACC:0.879
PREC:0.41762452107279696
REC:0.5477386934673367
TNR:0.9156024430871738
FPR:0.5823754789272031
FPDR:0.5823754789272031
F1:0.47391304347826085
BACC:0
CLSFE:0.5823754789272031
MCC:0.41173160912484585
GMEAN:0.7081743329944047
SAMPLES:261
AUC:{}
AVGP:{}
CLASS:1
ACC:0.879
PREC:0.9482461184588844
REC:0.9156024430871738
TNR:0.5477386934673367
FPR:0.051753881541115584
FPDR:0.051753881541115584
F1:0.9316384180790961
BACC:0
CLSFE:0.051753881541115584
MCC:0.41173160912484585
GMEAN:0.7081743329944047
SAMPLES:1739
AUC:{}
AVGP:{}
