

GENERAL_METRICS
ACC:0.8935
PREC:0.6816313965639662
REC:0.7529102232266033
TNR:0.7529102232266033
FPR:0.3183686034360338
FPDR:0.3183686034360338
F1:0.7086882697792801
BACC:0.0
CLSFE:0.1065
MCC:0.42865574555791225
GMEAN:0.7337962867500498
SAMPLES:2000.0
AUC:{'AUC macro OVO': 0.6816313965639662}
AVGP:{'avg_precision': 0.9198362331006205}


METRICS_PER_CLASSES
CLASS:0
ACC:0.8935
PREC:0.4024896265560166
REC:0.5843373493975904
TNR:0.9214830970556162
FPR:0.5975103734439834
FPDR:0.5975103734439834
F1:0.47665847665847666
BACC:0
CLSFE:0.5975103734439834
MCC:0.42865574555791225
GMEAN:0.7337962867500498
SAMPLES:241
AUC:{}
AVGP:{}
CLASS:1
ACC:0.8935
PREC:0.9607731665719159
REC:0.9214830970556162
TNR:0.5843373493975904
FPR:0.03922683342808414
FPDR:0.03922683342808414
F1:0.9407180629000835
BACC:0
CLSFE:0.03922683342808414
MCC:0.42865574555791225
GMEAN:0.7337962867500498
SAMPLES:1759
AUC:{}
AVGP:{}
