

GENERAL_METRICS
ACC:0.8885
PREC:0.6943450600837366
REC:0.7648308852295764
TNR:0.7648308852295764
FPR:0.30565493991626336
FPDR:0.30565493991626336
F1:0.7213543179772073
BACC:0.0
CLSFE:0.1115
MCC:0.4537337294139424
GMEAN:0.7495894004741986
SAMPLES:2000.0
AUC:{'AUC macro OVO': 0.6943450600837366}
AVGP:{'avg_precision': 0.9147143860273441}


METRICS_PER_CLASSES
CLASS:0
ACC:0.8885
PREC:0.43018867924528303
REC:0.6129032258064516
TNR:0.9167585446527012
FPR:0.569811320754717
FPDR:0.569811320754717
F1:0.5055432372505543
BACC:0
CLSFE:0.569811320754717
MCC:0.4537337294139424
GMEAN:0.7495894004741986
SAMPLES:265
AUC:{}
AVGP:{}
CLASS:1
ACC:0.8885
PREC:0.9585014409221903
REC:0.9167585446527012
TNR:0.6129032258064516
FPR:0.0414985590778098
FPDR:0.0414985590778098
F1:0.9371653987038603
BACC:0
CLSFE:0.0414985590778098
MCC:0.4537337294139424
GMEAN:0.7495894004741986
SAMPLES:1735
AUC:{}
AVGP:{}
