

GENERAL_METRICS
ACC:0.8496
PREC:0.7619058912816621
REC:0.7682683898552133
TNR:0.7682683898552133
FPR:0.23809410871833792
FPDR:0.23809410871833792
F1:0.765
BACC:0.0
CLSFE:0.1504
MCC:0.5301361023274157
GMEAN:0.7564704852047501
SAMPLES:1250.0
AUC:{'AUC macro OVO': 0.7619058912816621}
AVGP:{'avg_precision': 0.8928491335861373}


METRICS_PER_CLASSES
CLASS:0
ACC:0.8496
PREC:0.6141732283464567
REC:0.6341463414634146
TNR:0.9023904382470119
FPR:0.3858267716535433
FPDR:0.3858267716535433
F1:0.624
BACC:0
CLSFE:0.3858267716535433
MCC:0.5301361023274157
GMEAN:0.7564704852047501
SAMPLES:254
AUC:{}
AVGP:{}
CLASS:1
ACC:0.8496
PREC:0.9096385542168675
REC:0.9023904382470119
TNR:0.6341463414634146
FPR:0.09036144578313253
FPDR:0.09036144578313253
F1:0.906
BACC:0
CLSFE:0.09036144578313253
MCC:0.5301361023274157
GMEAN:0.7564704852047501
SAMPLES:996
AUC:{}
AVGP:{}
