

GENERAL_METRICS
ACC:0.8424
PREC:0.7596247239742944
REC:0.7558764691172792
TNR:0.7558764691172792
FPR:0.24037527602570558
FPDR:0.24037527602570558
F1:0.7577183314491936
BACC:0.0
CLSFE:0.1576
MCC:0.5154875659648473
GMEAN:0.7413753498413189
SAMPLES:1250.0
AUC:{'AUC macro OVO': 0.7596247239742944}
AVGP:{'avg_precision': 0.8925254990778788}


METRICS_PER_CLASSES
CLASS:0
ACC:0.8424
PREC:0.6205533596837944
REC:0.6085271317829457
TNR:0.9032258064516129
FPR:0.3794466403162055
FPDR:0.3794466403162055
F1:0.6144814090019569
BACC:0
CLSFE:0.3794466403162055
MCC:0.5154875659648473
GMEAN:0.7413753498413189
SAMPLES:253
AUC:{}
AVGP:{}
CLASS:1
ACC:0.8424
PREC:0.8986960882647944
REC:0.9032258064516129
TNR:0.6085271317829457
FPR:0.10130391173520562
FPDR:0.10130391173520562
F1:0.9009552538964304
BACC:0
CLSFE:0.10130391173520562
MCC:0.5154875659648473
GMEAN:0.7413753498413189
SAMPLES:997
AUC:{}
AVGP:{}
