

GENERAL_METRICS
ACC:0.8712
PREC:0.7980609998951892
REC:0.7878526544229585
TNR:0.7878526544229585
FPR:0.20193900010481083
FPDR:0.20193900010481083
F1:0.7927691092624227
BACC:0.0
CLSFE:0.1288
MCC:0.5858247178117065
GMEAN:0.7757708172089811
SAMPLES:1250.0
AUC:{'AUC macro OVO': 0.7980609998951893}
AVGP:{'avg_precision': 0.9156991030950091}


METRICS_PER_CLASSES
CLASS:0
ACC:0.8712
PREC:0.6808510638297872
REC:0.6504065040650406
TNR:0.9252988047808764
FPR:0.3191489361702128
FPDR:0.3191489361702128
F1:0.6652806652806653
BACC:0
CLSFE:0.3191489361702128
MCC:0.5858247178117065
GMEAN:0.7757708172089811
SAMPLES:235
AUC:{}
AVGP:{}
CLASS:1
ACC:0.8712
PREC:0.9152709359605912
REC:0.9252988047808764
TNR:0.6504065040650406
FPR:0.08472906403940887
FPDR:0.08472906403940887
F1:0.9202575532441802
BACC:0
CLSFE:0.08472906403940887
MCC:0.5858247178117065
GMEAN:0.7757708172089811
SAMPLES:1015
AUC:{}
AVGP:{}
