

GENERAL_METRICS
ACC:0.84
PREC:0.7480709296905398
REC:0.759926697639874
TNR:0.759926697639874
FPR:0.25192907030946027
FPDR:0.25192907030946027
F1:0.753670312346044
BACC:0.0
CLSFE:0.16
MCC:0.5078592621383028
GMEAN:0.7483046149284333
SAMPLES:1250.0
AUC:{'AUC macro OVO': 0.7480709296905398}
AVGP:{'avg_precision': 0.8827480371448977}


METRICS_PER_CLASSES
CLASS:0
ACC:0.84
PREC:0.5893536121673004
REC:0.6275303643724697
TNR:0.8923230309072782
FPR:0.41064638783269963
FPDR:0.41064638783269963
F1:0.6078431372549019
BACC:0
CLSFE:0.41064638783269963
MCC:0.5078592621383028
GMEAN:0.7483046149284333
SAMPLES:263
AUC:{}
AVGP:{}
CLASS:1
ACC:0.84
PREC:0.9067882472137792
REC:0.8923230309072782
TNR:0.6275303643724697
FPR:0.09321175278622088
FPDR:0.09321175278622088
F1:0.8994974874371859
BACC:0
CLSFE:0.09321175278622088
MCC:0.5078592621383028
GMEAN:0.7483046149284333
SAMPLES:987
AUC:{}
AVGP:{}
