

GENERAL_METRICS
ACC:0.904
PREC:0.7189236388332481
REC:0.7561131328608823
TNR:0.7561131328608823
FPR:0.2810763611667519
FPDR:0.2810763611667519
F1:0.7354215072916961
BACC:0.0
CLSFE:0.096
MCC:0.4735787959733311
GMEAN:0.7340717547150065
SAMPLES:2250.0
AUC:{'AUC macro OVO': 0.7189236388332481}
AVGP:{'avg_precision': 0.9352766523244991}


METRICS_PER_CLASSES
CLASS:0
ACC:0.904
PREC:0.4817813765182186
REC:0.5748792270531401
TNR:0.9373470386686246
FPR:0.5182186234817814
FPDR:0.5182186234817814
F1:0.5242290748898678
BACC:0
CLSFE:0.5182186234817814
MCC:0.4735787959733311
GMEAN:0.7340717547150065
SAMPLES:247
AUC:{}
AVGP:{}
CLASS:1
ACC:0.904
PREC:0.9560659011482776
REC:0.9373470386686246
TNR:0.5748792270531401
FPR:0.04393409885172242
FPDR:0.04393409885172242
F1:0.9466139396935245
BACC:0
CLSFE:0.04393409885172242
MCC:0.4735787959733311
GMEAN:0.7340717547150065
SAMPLES:2003
AUC:{}
AVGP:{}
