

GENERAL_METRICS
ACC:0.8982222222222223
PREC:0.6991384309177533
REC:0.7490585545964832
TNR:0.7490585545964832
FPR:0.30086156908224676
FPDR:0.30086156908224676
F1:0.7200450970537497
BACC:0.0
CLSFE:0.10177777777777777
MCC:0.44540826112225285
GMEAN:0.7268068947641916
SAMPLES:2250.0
AUC:{'AUC macro OVO': 0.6991384309177533}
AVGP:{'avg_precision': 0.9283778182154676}


METRICS_PER_CLASSES
CLASS:0
ACC:0.8982222222222223
PREC:0.44140625
REC:0.5678391959798995
TNR:0.9302779132130667
FPR:0.55859375
FPDR:0.55859375
F1:0.4967032967032967
BACC:0
CLSFE:0.55859375
MCC:0.44540826112225285
GMEAN:0.7268068947641916
SAMPLES:256
AUC:{}
AVGP:{}
CLASS:1
ACC:0.8982222222222223
PREC:0.9568706118355065
REC:0.9302779132130667
TNR:0.5678391959798995
FPR:0.04312938816449348
FPDR:0.04312938816449348
F1:0.9433868974042027
BACC:0
CLSFE:0.04312938816449348
MCC:0.44540826112225285
GMEAN:0.7268068947641916
SAMPLES:1994
AUC:{}
AVGP:{}
