

GENERAL_METRICS
ACC:0.8955555555555555
PREC:0.6617080535165808
REC:0.705301204819277
TNR:0.705301204819277
FPR:0.3382919464834192
FPDR:0.3382919464834192
F1:0.6797572029645852
BACC:0.0
CLSFE:0.10444444444444445
MCC:0.3644110767577417
GMEAN:0.6683480804390075
SAMPLES:2250.0
AUC:{'AUC macro OVO': 0.6617080535165808}
AVGP:{'avg_precision': 0.9291651432634593}


METRICS_PER_CLASSES
CLASS:0
ACC:0.8955555555555555
PREC:0.3684210526315789
REC:0.48
TNR:0.9306024096385542
FPR:0.631578947368421
FPDR:0.631578947368421
F1:0.41687344913151364
BACC:0
CLSFE:0.631578947368421
MCC:0.3644110767577417
GMEAN:0.6683480804390075
SAMPLES:228
AUC:{}
AVGP:{}
CLASS:1
ACC:0.8955555555555555
PREC:0.9549950544015826
REC:0.9306024096385542
TNR:0.48
FPR:0.04500494559841741
FPDR:0.04500494559841741
F1:0.9426409567976568
BACC:0
CLSFE:0.04500494559841741
MCC:0.3644110767577417
GMEAN:0.6683480804390075
SAMPLES:2022
AUC:{}
AVGP:{}
