

GENERAL_METRICS
ACC:0.8942222222222223
PREC:0.6855290303566166
REC:0.7426026634693615
TNR:0.7426026634693615
FPR:0.3144709696433834
FPDR:0.3144709696433834
F1:0.7084736978491837
BACC:0.0
CLSFE:0.10577777777777778
MCC:0.4243104378419329
GMEAN:0.719696763104151
SAMPLES:2250.0
AUC:{'AUC macro OVO': 0.6855290303566166}
AVGP:{'avg_precision': 0.9238412092957549}


METRICS_PER_CLASSES
CLASS:0
ACC:0.8942222222222223
PREC:0.41379310344827586
REC:0.5595854922279793
TNR:0.9256198347107438
FPR:0.5862068965517241
FPDR:0.5862068965517241
F1:0.47577092511013214
BACC:0
CLSFE:0.5862068965517241
MCC:0.4243104378419329
GMEAN:0.719696763104151
SAMPLES:261
AUC:{}
AVGP:{}
CLASS:1
ACC:0.8942222222222223
PREC:0.9572649572649573
REC:0.9256198347107438
TNR:0.5595854922279793
FPR:0.042735042735042736
FPDR:0.042735042735042736
F1:0.9411764705882353
BACC:0
CLSFE:0.042735042735042736
MCC:0.4243104378419329
GMEAN:0.719696763104151
SAMPLES:1989
AUC:{}
AVGP:{}
