

GENERAL_METRICS
ACC:0.8826666666666667
PREC:0.7984
REC:0.787492754874274
TNR:0.787492754874274
FPR:0.2016
FPDR:0.2016
F1:0.7927552250803859
BACC:0.0
CLSFE:0.11733333333333333
MCC:0.585791218966223
GMEAN:0.773789068241472
SAMPLES:1500.0
AUC:{'AUC macro OVO': 0.7983999999999999}
AVGP:{'avg_precision': 0.9262117393645666}


METRICS_PER_CLASSES
CLASS:0
ACC:0.8826666666666667
PREC:0.672
REC:0.6412213740458015
TNR:0.9337641357027464
FPR:0.328
FPDR:0.328
F1:0.65625
BACC:0
CLSFE:0.328
MCC:0.585791218966223
GMEAN:0.773789068241472
SAMPLES:250
AUC:{}
AVGP:{}
CLASS:1
ACC:0.8826666666666667
PREC:0.9248
REC:0.9337641357027464
TNR:0.6412213740458015
FPR:0.0752
FPDR:0.0752
F1:0.9292604501607717
BACC:0
CLSFE:0.0752
MCC:0.585791218966223
GMEAN:0.773789068241472
SAMPLES:1250
AUC:{}
AVGP:{}
