

GENERAL_METRICS
ACC:0.878
PREC:0.771072374227714
REC:0.7934909200707414
TNR:0.7934909200707414
FPR:0.22892762577228595
FPDR:0.22892762577228595
F1:0.7814474785249257
BACC:0.0
CLSFE:0.122
MCC:0.5641180036760115
GMEAN:0.7837366875711115
SAMPLES:1500.0
AUC:{'AUC macro OVO': 0.771072374227714}
AVGP:{'avg_precision': 0.9115479931938745}


METRICS_PER_CLASSES
CLASS:0
ACC:0.878
PREC:0.6060606060606061
REC:0.6694560669456067
TNR:0.9175257731958762
FPR:0.3939393939393939
FPDR:0.3939393939393939
F1:0.6361829025844931
BACC:0
CLSFE:0.3939393939393939
MCC:0.5641180036760115
GMEAN:0.7837366875711115
SAMPLES:264
AUC:{}
AVGP:{}
CLASS:1
ACC:0.878
PREC:0.936084142394822
REC:0.9175257731958762
TNR:0.6694560669456067
FPR:0.063915857605178
FPDR:0.063915857605178
F1:0.9267120544653584
BACC:0
CLSFE:0.063915857605178
MCC:0.5641180036760115
GMEAN:0.7837366875711115
SAMPLES:1236
AUC:{}
AVGP:{}
