

GENERAL_METRICS
ACC:0.8833333333333333
PREC:0.774488413711732
REC:0.785124957206436
TNR:0.785124957206436
FPR:0.22551158628826806
FPDR:0.22551158628826806
F1:0.7796263974834594
BACC:0.0
CLSFE:0.11666666666666667
MCC:0.5595122776605358
GMEAN:0.7722418091797791
SAMPLES:1500.0
AUC:{'AUC macro OVO': 0.774488413711732}
AVGP:{'avg_precision': 0.9210767033787178}


METRICS_PER_CLASSES
CLASS:0
ACC:0.8833333333333333
PREC:0.6141078838174274
REC:0.6434782608695652
TNR:0.926771653543307
FPR:0.38589211618257263
FPDR:0.38589211618257263
F1:0.6284501061571125
BACC:0
CLSFE:0.38589211618257263
MCC:0.5595122776605358
GMEAN:0.7722418091797791
SAMPLES:241
AUC:{}
AVGP:{}
CLASS:1
ACC:0.8833333333333333
PREC:0.9348689436060366
REC:0.926771653543307
TNR:0.6434782608695652
FPR:0.06513105639396347
FPDR:0.06513105639396347
F1:0.9308026888098062
BACC:0
CLSFE:0.06513105639396347
MCC:0.5595122776605358
GMEAN:0.7722418091797791
SAMPLES:1259
AUC:{}
AVGP:{}
