

GENERAL_METRICS
ACC:0.8706666666666667
PREC:0.7536971415072053
REC:0.772830280714472
TNR:0.772830280714472
FPR:0.2463028584927947
FPDR:0.2463028584927947
F1:0.7626148585151926
BACC:0.0
CLSFE:0.12933333333333333
MCC:0.526179674004498
GMEAN:0.7596859901890809
SAMPLES:1500.0
AUC:{'AUC macro OVO': 0.7536971415072052}
AVGP:{'avg_precision': 0.9089044164027855}


METRICS_PER_CLASSES
CLASS:0
ACC:0.8706666666666667
PREC:0.5764705882352941
REC:0.630901287553648
TNR:0.914759273875296
FPR:0.4235294117647059
FPDR:0.4235294117647059
F1:0.6024590163934426
BACC:0
CLSFE:0.4235294117647059
MCC:0.526179674004498
GMEAN:0.7596859901890809
SAMPLES:255
AUC:{}
AVGP:{}
CLASS:1
ACC:0.8706666666666667
PREC:0.9309236947791165
REC:0.914759273875296
TNR:0.630901287553648
FPR:0.06907630522088354
FPDR:0.06907630522088354
F1:0.9227707006369427
BACC:0
CLSFE:0.06907630522088354
MCC:0.526179674004498
GMEAN:0.7596859901890809
SAMPLES:1245
AUC:{}
AVGP:{}
