

GENERAL_METRICS
ACC:0.7853333333333333
PREC:0.6496031746031746
REC:0.62629956783437
TNR:0.62629956783437
FPR:0.35039682539682543
FPDR:0.35039682539682543
F1:0.6353495057966594
BACC:0.0
CLSFE:0.21466666666666667
MCC:0.27491683323529503
GMEAN:0.5679935457111212
SAMPLES:1500.0
AUC:{'AUC macro OVO': 0.6496031746031745}
AVGP:{'avg_precision': 0.8826157462430341}


METRICS_PER_CLASSES
CLASS:0
ACC:0.7853333333333333
PREC:0.45
REC:0.3624161073825503
TNR:0.8901830282861897
FPR:0.55
FPDR:0.55
F1:0.40148698884758366
BACC:0
CLSFE:0.55
MCC:0.27491683323529503
GMEAN:0.5679935457111212
SAMPLES:240
AUC:{}
AVGP:{}
CLASS:1
ACC:0.7853333333333333
PREC:0.8492063492063492
REC:0.8901830282861897
TNR:0.3624161073825503
FPR:0.15079365079365079
FPDR:0.15079365079365079
F1:0.8692120227457352
BACC:0
CLSFE:0.15079365079365079
MCC:0.27491683323529503
GMEAN:0.5679935457111212
SAMPLES:1260
AUC:{}
AVGP:{}
