

GENERAL_METRICS
ACC:0.782
PREC:0.6534003669999625
REC:0.6348652170930791
TNR:0.6348652170930791
FPR:0.34659963300003743
FPDR:0.34659963300003743
F1:0.6425007889763423
BACC:0.0
CLSFE:0.218
MCC:0.2876690723564697
GMEAN:0.584431157419362
SAMPLES:1500.0
AUC:{'AUC macro OVO': 0.6534003669999626}
AVGP:{'avg_precision': 0.8745874989051268}


METRICS_PER_CLASSES
CLASS:0
ACC:0.782
PREC:0.4573643410852713
REC:0.38688524590163936
TNR:0.8828451882845189
FPR:0.5426356589147286
FPDR:0.5426356589147286
F1:0.4191829484902309
BACC:0
CLSFE:0.5426356589147286
MCC:0.2876690723564697
GMEAN:0.584431157419362
SAMPLES:258
AUC:{}
AVGP:{}
CLASS:1
ACC:0.782
PREC:0.8494363929146538
REC:0.8828451882845189
TNR:0.38688524590163936
FPR:0.15056360708534622
FPDR:0.15056360708534622
F1:0.8658186294624538
BACC:0
CLSFE:0.15056360708534622
MCC:0.2876690723564697
GMEAN:0.584431157419362
SAMPLES:1242
AUC:{}
AVGP:{}
