

GENERAL_METRICS
ACC:0.7933333333333333
PREC:0.6728598014888337
REC:0.6532795722584053
TNR:0.6532795722584053
FPR:0.3271401985111662
FPDR:0.3271401985111662
F1:0.6615484051287426
BACC:0.0
CLSFE:0.20666666666666667
MCC:0.3255510800650569
GMEAN:0.6093490117292435
SAMPLES:1500.0
AUC:{'AUC macro OVO': 0.6728598014888338}
AVGP:{'avg_precision': 0.8799275272413422}


METRICS_PER_CLASSES
CLASS:0
ACC:0.7933333333333333
PREC:0.48846153846153845
REC:0.41776315789473684
TNR:0.8887959866220736
FPR:0.5115384615384615
FPDR:0.5115384615384615
F1:0.450354609929078
BACC:0
CLSFE:0.5115384615384615
MCC:0.3255510800650569
GMEAN:0.6093490117292435
SAMPLES:260
AUC:{}
AVGP:{}
CLASS:1
ACC:0.7933333333333333
PREC:0.8572580645161291
REC:0.8887959866220736
TNR:0.41776315789473684
FPR:0.14274193548387096
FPDR:0.14274193548387096
F1:0.8727422003284072
BACC:0
CLSFE:0.14274193548387096
MCC:0.3255510800650569
GMEAN:0.6093490117292435
SAMPLES:1240
AUC:{}
AVGP:{}
