

GENERAL_METRICS
ACC:0.7813333333333333
PREC:0.6550895129456473
REC:0.6346221254880862
TNR:0.6346221254880862
FPR:0.3449104870543526
FPDR:0.3449104870543526
F1:0.6428685494946444
BACC:0.0
CLSFE:0.21866666666666668
MCC:0.2889877497310577
GMEAN:0.5835157003008707
SAMPLES:1500.0
AUC:{'AUC macro OVO': 0.6550895129456474}
AVGP:{'avg_precision': 0.8756529292839228}


METRICS_PER_CLASSES
CLASS:0
ACC:0.7813333333333333
PREC:0.46303501945525294
REC:0.3851132686084142
TNR:0.8841309823677582
FPR:0.5369649805447471
FPDR:0.5369649805447471
F1:0.4204946996466431
BACC:0
CLSFE:0.5369649805447471
MCC:0.2889877497310577
GMEAN:0.5835157003008707
SAMPLES:257
AUC:{}
AVGP:{}
CLASS:1
ACC:0.7813333333333333
PREC:0.8471440064360418
REC:0.8841309823677582
TNR:0.3851132686084142
FPR:0.15285599356395815
FPDR:0.15285599356395815
F1:0.8652423993426458
BACC:0
CLSFE:0.15285599356395815
MCC:0.2889877497310577
GMEAN:0.5835157003008707
SAMPLES:1243
AUC:{}
AVGP:{}
