

GENERAL_METRICS
ACC:0.9371764705882353
PREC:0.5027183342972816
REC:0.5604773853181496
TNR:0.5604773853181496
FPR:0.49728166570271837
FPDR:0.49728166570271837
F1:0.49115696042122653
BACC:0.0
CLSFE:0.06282352941176471
MCC:0.025643537253682055
GMEAN:0.41322161978512156
SAMPLES:4250.0
AUC:{'AUC macro OVO': 0.5027183342972816}
AVGP:{'avg_precision': 0.9391358826690805}


METRICS_PER_CLASSES
CLASS:0
ACC:0.9371764705882353
PREC:0.007692307692307693
REC:0.18181818181818182
TNR:0.9391365888181175
FPR:0.9923076923076923
FPDR:0.9923076923076923
F1:0.014760147601476014
BACC:0
CLSFE:0.9923076923076923
MCC:0.025643537253682055
GMEAN:0.41322161978512156
SAMPLES:260
AUC:{}
AVGP:{}
CLASS:1
ACC:0.9371764705882353
PREC:0.9977443609022556
REC:0.9391365888181175
TNR:0.18181818181818182
FPR:0.002255639097744361
FPDR:0.002255639097744361
F1:0.967553773240977
BACC:0
CLSFE:0.002255639097744361
MCC:0.025643537253682055
GMEAN:0.41322161978512156
SAMPLES:3990
AUC:{}
AVGP:{}
