

GENERAL_METRICS
ACC:0.9423529411764706
PREC:0.5073912093169034
REC:0.6537455231722747
TNR:0.6537455231722747
FPR:0.49260879068309665
FPDR:0.49260879068309665
F1:0.500956390418171
BACC:0.0
CLSFE:0.05764705882352941
MCC:0.06742003688231273
GMEAN:0.5858497116335882
SAMPLES:4250.0
AUC:{'AUC macro OVO': 0.5073912093169033}
AVGP:{'avg_precision': 0.9438532927345702}


METRICS_PER_CLASSES
CLASS:0
ACC:0.9423529411764706
PREC:0.01652892561983471
REC:0.36363636363636365
TNR:0.9438546827081858
FPR:0.9834710743801653
FPDR:0.9834710743801653
F1:0.03162055335968379
BACC:0
CLSFE:0.9834710743801653
MCC:0.06742003688231273
GMEAN:0.5858497116335882
SAMPLES:242
AUC:{}
AVGP:{}
CLASS:1
ACC:0.9423529411764706
PREC:0.998253493013972
REC:0.9438546827081858
TNR:0.36363636363636365
FPR:0.001746506986027944
FPDR:0.001746506986027944
F1:0.9702922274766582
BACC:0
CLSFE:0.001746506986027944
MCC:0.06742003688231273
GMEAN:0.5858497116335882
SAMPLES:4008
AUC:{}
AVGP:{}
