

GENERAL_METRICS
ACC:0.9350588235294117
PREC:0.5042157994557599
REC:0.57586334817213
TNR:0.57586334817213
FPR:0.49578420054424016
FPDR:0.49578420054424016
F1:0.4938458909606831
BACC:0.0
CLSFE:0.06494117647058824
MCC:0.03576728460122114
GMEAN:0.4481966202919394
SAMPLES:4250.0
AUC:{'AUC macro OVO': 0.5042157994557598}
AVGP:{'avg_precision': 0.9374396013801259}


METRICS_PER_CLASSES
CLASS:0
ACC:0.9350588235294117
PREC:0.011194029850746268
REC:0.21428571428571427
TNR:0.9374409820585458
FPR:0.9888059701492538
FPDR:0.9888059701492538
F1:0.02127659574468085
BACC:0
CLSFE:0.9888059701492538
MCC:0.03576728460122114
GMEAN:0.4481966202919394
SAMPLES:268
AUC:{}
AVGP:{}
CLASS:1
ACC:0.9350588235294117
PREC:0.9972375690607734
REC:0.9374409820585458
TNR:0.21428571428571427
FPR:0.0027624309392265192
FPDR:0.0027624309392265192
F1:0.9664151861766853
BACC:0
CLSFE:0.0027624309392265192
MCC:0.03576728460122114
GMEAN:0.4481966202919394
SAMPLES:3982
AUC:{}
AVGP:{}
