

GENERAL_METRICS
ACC:0.9407058823529412
PREC:0.5065179558238894
REC:0.5829920184835118
TNR:0.5829920184835118
FPR:0.49348204417611063
FPDR:0.49348204417611063
F1:0.5000933532486931
BACC:0.0
CLSFE:0.059294117647058824
MCC:0.04651616107165095
GMEAN:0.45795725534275245
SAMPLES:4250.0
AUC:{'AUC macro OVO': 0.5065179558238894}
AVGP:{'avg_precision': 0.9437593591866639}


METRICS_PER_CLASSES
CLASS:0
ACC:0.9407058823529412
PREC:0.01652892561983471
REC:0.2222222222222222
TNR:0.9437618147448015
FPR:0.9834710743801653
FPDR:0.9834710743801653
F1:0.03076923076923077
BACC:0
CLSFE:0.9834710743801653
MCC:0.04651616107165095
GMEAN:0.45795725534275245
SAMPLES:242
AUC:{}
AVGP:{}
CLASS:1
ACC:0.9407058823529412
PREC:0.9965069860279441
REC:0.9437618147448015
TNR:0.2222222222222222
FPR:0.003493013972055888
FPDR:0.003493013972055888
F1:0.9694174757281553
BACC:0
CLSFE:0.003493013972055888
MCC:0.04651616107165095
GMEAN:0.45795725534275245
SAMPLES:4008
AUC:{}
AVGP:{}
