

GENERAL_METRICS
ACC:0.7946666666666666
PREC:0.7929049715648505
REC:0.7804048120828943
TNR:0.7804048120828943
FPR:0.20709502843514951
FPDR:0.20709502843514951
F1:0.7846177944862156
BACC:0.0
CLSFE:0.20533333333333334
MCC:0.5731734938386017
GMEAN:0.7757738204460137
SAMPLES:750.0
AUC:{'AUC macro OVO': 0.7929049715648505}
AVGP:{'avg_precision': 0.8185390054524787}


METRICS_PER_CLASSES
CLASS:0
ACC:0.7946666666666666
PREC:0.7862318840579711
REC:0.6955128205128205
TNR:0.865296803652968
FPR:0.213768115942029
FPDR:0.213768115942029
F1:0.7380952380952381
BACC:0
CLSFE:0.213768115942029
MCC:0.5731734938386017
GMEAN:0.7757738204460137
SAMPLES:276
AUC:{}
AVGP:{}
CLASS:1
ACC:0.7946666666666666
PREC:0.79957805907173
REC:0.865296803652968
TNR:0.6955128205128205
FPR:0.20042194092827004
FPDR:0.20042194092827004
F1:0.831140350877193
BACC:0
CLSFE:0.20042194092827004
MCC:0.5731734938386017
GMEAN:0.7757738204460137
SAMPLES:474
AUC:{}
AVGP:{}
