

GENERAL_METRICS
ACC:0.78
PREC:0.7709378802459024
REC:0.7560425685425686
TNR:0.7560425685425686
FPR:0.22906211975409774
FPDR:0.22906211975409774
F1:0.7614775094975319
BACC:0.0
CLSFE:0.22
MCC:0.5267698957747667
GMEAN:0.7489571072075814
SAMPLES:750.0
AUC:{'AUC macro OVO': 0.7709378802459022}
AVGP:{'avg_precision': 0.8197418275889101}


METRICS_PER_CLASSES
CLASS:0
ACC:0.78
PREC:0.7430830039525692
REC:0.6527777777777778
TNR:0.8593073593073594
FPR:0.25691699604743085
FPDR:0.25691699604743085
F1:0.6950092421441775
BACC:0
CLSFE:0.25691699604743085
MCC:0.5267698957747667
GMEAN:0.7489571072075814
SAMPLES:253
AUC:{}
AVGP:{}
CLASS:1
ACC:0.78
PREC:0.7987927565392354
REC:0.8593073593073594
TNR:0.6527777777777778
FPR:0.2012072434607646
FPDR:0.2012072434607646
F1:0.8279457768508863
BACC:0
CLSFE:0.2012072434607646
MCC:0.5267698957747667
GMEAN:0.7489571072075814
SAMPLES:497
AUC:{}
AVGP:{}
