

GENERAL_METRICS
ACC:0.768
PREC:0.7604768640129319
REC:0.7412797879747546
TNR:0.7412797879747546
FPR:0.2395231359870681
FPDR:0.2395231359870681
F1:0.7474376045085774
BACC:0.0
CLSFE:0.232
MCC:0.5013892799865957
GMEAN:0.7316190378937963
SAMPLES:750.0
AUC:{'AUC macro OVO': 0.7604768640129319}
AVGP:{'avg_precision': 0.8197829979076339}


METRICS_PER_CLASSES
CLASS:0
ACC:0.768
PREC:0.7387755102040816
REC:0.6219931271477663
TNR:0.8605664488017429
FPR:0.2612244897959184
FPDR:0.2612244897959184
F1:0.6753731343283582
BACC:0
CLSFE:0.2612244897959184
MCC:0.5013892799865957
GMEAN:0.7316190378937963
SAMPLES:245
AUC:{}
AVGP:{}
CLASS:1
ACC:0.768
PREC:0.7821782178217822
REC:0.8605664488017429
TNR:0.6219931271477663
FPR:0.21782178217821782
FPDR:0.21782178217821782
F1:0.8195020746887967
BACC:0
CLSFE:0.21782178217821782
MCC:0.5013892799865957
GMEAN:0.7316190378937963
SAMPLES:505
AUC:{}
AVGP:{}
