

GENERAL_METRICS
ACC:0.7706666666666667
PREC:0.7638956267247756
REC:0.7472154963680386
TNR:0.7472154963680386
FPR:0.2361043732752245
FPDR:0.2361043732752245
F1:0.7527295589768754
BACC:0.0
CLSFE:0.22933333333333333
MCC:0.5108388722488533
GMEAN:0.7390852274031847
SAMPLES:750.0
AUC:{'AUC macro OVO': 0.7638956267247755}
AVGP:{'avg_precision': 0.8152737376640796}


METRICS_PER_CLASSES
CLASS:0
ACC:0.7706666666666667
PREC:0.7430830039525692
REC:0.6372881355932203
TNR:0.8571428571428571
FPR:0.25691699604743085
FPDR:0.25691699604743085
F1:0.6861313868613139
BACC:0
CLSFE:0.25691699604743085
MCC:0.5108388722488533
GMEAN:0.7390852274031847
SAMPLES:253
AUC:{}
AVGP:{}
CLASS:1
ACC:0.7706666666666667
PREC:0.7847082494969819
REC:0.8571428571428571
TNR:0.6372881355932203
FPR:0.2152917505030181
FPDR:0.2152917505030181
F1:0.819327731092437
BACC:0
CLSFE:0.2152917505030181
MCC:0.5108388722488533
GMEAN:0.7390852274031847
SAMPLES:497
AUC:{}
AVGP:{}
