

GENERAL_METRICS
ACC:0.842
PREC:0.8414794187311951
REC:0.8433753359403917
TNR:0.8433753359403917
FPR:0.1585205812688048
FPDR:0.1585205812688048
F1:0.8416649630618389
BACC:0.0
CLSFE:0.158
MCC:0.68485213038598
GMEAN:0.8431811626431519
SAMPLES:500.0
AUC:{'AUC macro OVO': 0.8414794187311953}
AVGP:{'avg_precision': 0.7908817090768311}


METRICS_PER_CLASSES
CLASS:0
ACC:0.842
PREC:0.8740157480314961
REC:0.8252788104089219
TNR:0.8614718614718615
FPR:0.12598425196850394
FPDR:0.12598425196850394
F1:0.8489483747609943
BACC:0
CLSFE:0.12598425196850394
MCC:0.68485213038598
GMEAN:0.8431811626431519
SAMPLES:254
AUC:{}
AVGP:{}
CLASS:1
ACC:0.842
PREC:0.8089430894308943
REC:0.8614718614718615
TNR:0.8252788104089219
FPR:0.1910569105691057
FPDR:0.1910569105691057
F1:0.8343815513626834
BACC:0
CLSFE:0.1910569105691057
MCC:0.68485213038598
GMEAN:0.8431811626431519
SAMPLES:246
AUC:{}
AVGP:{}
