

GENERAL_METRICS
ACC:0.848
PREC:0.847796441578027
REC:0.8475288157873644
TNR:0.8475288157873644
FPR:0.15220355842197303
FPDR:0.15220355842197303
F1:0.8476489832574251
BACC:0.0
CLSFE:0.152
MCC:0.6953252058617492
GMEAN:0.8474611593734711
SAMPLES:500.0
AUC:{'AUC macro OVO': 0.8477964415780268}
AVGP:{'avg_precision': 0.7801772858076019}


METRICS_PER_CLASSES
CLASS:0
ACC:0.848
PREC:0.8517110266159695
REC:0.8582375478927203
TNR:0.8368200836820083
FPR:0.1482889733840304
FPDR:0.1482889733840304
F1:0.8549618320610687
BACC:0
CLSFE:0.1482889733840304
MCC:0.6953252058617492
GMEAN:0.8474611593734711
SAMPLES:263
AUC:{}
AVGP:{}
CLASS:1
ACC:0.848
PREC:0.8438818565400844
REC:0.8368200836820083
TNR:0.8582375478927203
FPR:0.15611814345991562
FPDR:0.15611814345991562
F1:0.8403361344537815
BACC:0
CLSFE:0.15611814345991562
MCC:0.6953252058617492
GMEAN:0.8474611593734711
SAMPLES:237
AUC:{}
AVGP:{}
