

GENERAL_METRICS
ACC:0.8
PREC:0.7998846505070571
REC:0.7997309890954508
TNR:0.7997309890954508
FPR:0.20011534949294285
FPDR:0.20011534949294285
F1:0.7997949900698316
BACC:0.0
CLSFE:0.2
MCC:0.5996156199133703
GMEAN:0.7996732771842449
SAMPLES:500.0
AUC:{'AUC macro OVO': 0.799884650507057}
AVGP:{'avg_precision': 0.7274759489780236}


METRICS_PER_CLASSES
CLASS:0
ACC:0.8
PREC:0.803088803088803
REC:0.8093385214007782
TNR:0.7901234567901234
FPR:0.1969111969111969
FPDR:0.1969111969111969
F1:0.8062015503875969
BACC:0
CLSFE:0.1969111969111969
MCC:0.5996156199133703
GMEAN:0.7996732771842449
SAMPLES:259
AUC:{}
AVGP:{}
CLASS:1
ACC:0.8
PREC:0.7966804979253111
REC:0.7901234567901234
TNR:0.8093385214007782
FPR:0.2033195020746888
FPDR:0.2033195020746888
F1:0.7933884297520661
BACC:0
CLSFE:0.2033195020746888
MCC:0.5996156199133703
GMEAN:0.7996732771842449
SAMPLES:241
AUC:{}
AVGP:{}
