

GENERAL_METRICS
ACC:0.832
PREC:0.831781989458338
REC:0.831781989458338
TNR:0.831781989458338
FPR:0.168218010541662
FPDR:0.168218010541662
F1:0.831781989458338
BACC:0.0
CLSFE:0.168
MCC:0.6635639789166761
GMEAN:0.831759944147153
SAMPLES:500.0
AUC:{'AUC macro OVO': 0.8317819894583379}
AVGP:{'avg_precision': 0.7658236600609494}


METRICS_PER_CLASSES
CLASS:0
ACC:0.832
PREC:0.8378378378378378
REC:0.8378378378378378
TNR:0.8257261410788381
FPR:0.16216216216216217
FPDR:0.16216216216216217
F1:0.8378378378378378
BACC:0
CLSFE:0.16216216216216217
MCC:0.6635639789166761
GMEAN:0.831759944147153
SAMPLES:259
AUC:{}
AVGP:{}
CLASS:1
ACC:0.832
PREC:0.8257261410788381
REC:0.8257261410788381
TNR:0.8378378378378378
FPR:0.17427385892116182
FPDR:0.17427385892116182
F1:0.8257261410788381
BACC:0
CLSFE:0.17427385892116182
MCC:0.6635639789166761
GMEAN:0.831759944147153
SAMPLES:241
AUC:{}
AVGP:{}
