

GENERAL_METRICS
ACC:0.8946666666666667
PREC:0.5674807299662874
REC:0.609015827558874
TNR:0.609015827558874
FPR:0.43251927003371266
FPDR:0.43251927003371266
F1:0.5806764379082655
BACC:0.0
CLSFE:0.10533333333333333
MCC:0.17153970527608722
GMEAN:0.5196292665452324
SAMPLES:3000.0
AUC:{'AUC macro OVO': 0.5674807299662874}
AVGP:{'avg_precision': 0.9262134618366872}


METRICS_PER_CLASSES
CLASS:0
ACC:0.8946666666666667
PREC:0.17391304347826086
REC:0.2913907284768212
TNR:0.9266409266409267
FPR:0.8260869565217391
FPDR:0.8260869565217391
F1:0.21782178217821782
BACC:0
CLSFE:0.8260869565217391
MCC:0.17153970527608722
GMEAN:0.5196292665452324
SAMPLES:253
AUC:{}
AVGP:{}
CLASS:1
ACC:0.8946666666666667
PREC:0.9610484164543138
REC:0.9266409266409267
TNR:0.2913907284768212
FPR:0.0389515835456862
FPDR:0.0389515835456862
F1:0.9435310936383131
BACC:0
CLSFE:0.0389515835456862
MCC:0.17153970527608722
GMEAN:0.5196292665452324
SAMPLES:2747
AUC:{}
AVGP:{}
