

GENERAL_METRICS
ACC:0.891
PREC:0.5569090909090909
REC:0.5887238505584217
TNR:0.5887238505584217
FPR:0.4430909090909091
FPDR:0.4430909090909091
F1:0.5670737761890577
BACC:0.0
CLSFE:0.109
MCC:0.14211535704819256
GMEAN:0.4826509933739301
SAMPLES:3000.0
AUC:{'AUC macro OVO': 0.5569090909090909}
AVGP:{'avg_precision': 0.9254480694466636}


METRICS_PER_CLASSES
CLASS:0
ACC:0.891
PREC:0.156
REC:0.25161290322580643
TNR:0.925834797891037
FPR:0.844
FPDR:0.844
F1:0.1925925925925926
BACC:0
CLSFE:0.844
MCC:0.14211535704819256
GMEAN:0.4826509933739301
SAMPLES:250
AUC:{}
AVGP:{}
CLASS:1
ACC:0.891
PREC:0.9578181818181818
REC:0.925834797891037
TNR:0.25161290322580643
FPR:0.04218181818181818
FPDR:0.04218181818181818
F1:0.9415549597855228
BACC:0
CLSFE:0.04218181818181818
MCC:0.14211535704819256
GMEAN:0.4826509933739301
SAMPLES:2750
AUC:{}
AVGP:{}
