

GENERAL_METRICS
ACC:0.9013333333333333
PREC:0.583941605839416
REC:0.6493506493506493
TNR:0.6493506493506493
FPR:0.416058394160584
FPDR:0.416058394160584
F1:0.6035714285714286
BACC:0.0
CLSFE:0.09866666666666667
MCC:0.22393510970504868
GMEAN:0.5868693077811996
SAMPLES:3000.0
AUC:{'AUC macro OVO': 0.583941605839416}
AVGP:{'avg_precision': 0.9268250387082504}


METRICS_PER_CLASSES
CLASS:0
ACC:0.9013333333333333
PREC:0.2
REC:0.37142857142857144
TNR:0.9272727272727272
FPR:0.8
FPDR:0.8
F1:0.26
BACC:0
CLSFE:0.8
MCC:0.22393510970504868
GMEAN:0.5868693077811996
SAMPLES:260
AUC:{}
AVGP:{}
CLASS:1
ACC:0.9013333333333333
PREC:0.9678832116788321
REC:0.9272727272727272
TNR:0.37142857142857144
FPR:0.032116788321167884
FPDR:0.032116788321167884
F1:0.9471428571428572
BACC:0
CLSFE:0.032116788321167884
MCC:0.22393510970504868
GMEAN:0.5868693077811996
SAMPLES:2740
AUC:{}
AVGP:{}
