

GENERAL_METRICS
ACC:0.784
PREC:0.7698409419541417
REC:0.751581169256369
TNR:0.751581169256369
FPR:0.2301590580458583
FPDR:0.2301590580458583
F1:0.7584320150149911
BACC:0.0
CLSFE:0.216
MCC:0.5211022920312784
GMEAN:0.742435084353173
SAMPLES:750.0
AUC:{'AUC macro OVO': 0.7698409419541417}
AVGP:{'avg_precision': 0.8335262379147496}


METRICS_PER_CLASSES
CLASS:0
ACC:0.784
PREC:0.7319148936170212
REC:0.6346863468634686
TNR:0.8684759916492694
FPR:0.2680851063829787
FPDR:0.2680851063829787
F1:0.6798418972332015
BACC:0
CLSFE:0.2680851063829787
MCC:0.5211022920312784
GMEAN:0.742435084353173
SAMPLES:235
AUC:{}
AVGP:{}
CLASS:1
ACC:0.784
PREC:0.8077669902912621
REC:0.8684759916492694
TNR:0.6346863468634686
FPR:0.19223300970873786
FPDR:0.19223300970873786
F1:0.8370221327967807
BACC:0
CLSFE:0.19223300970873786
MCC:0.5211022920312784
GMEAN:0.742435084353173
SAMPLES:515
AUC:{}
AVGP:{}
