

GENERAL_METRICS
ACC:0.8066666666666666
PREC:0.7850735587804554
REC:0.7735271339491732
TNR:0.7735271339491732
FPR:0.21492644121954468
FPDR:0.21492644121954468
F1:0.7786083780697093
BACC:0.0
CLSFE:0.19333333333333333
MCC:0.558481346144736
GMEAN:0.7670072399843906
SAMPLES:750.0
AUC:{'AUC macro OVO': 0.7850735587804554}
AVGP:{'avg_precision': 0.844765587803664}


METRICS_PER_CLASSES
CLASS:0
ACC:0.8066666666666666
PREC:0.728448275862069
REC:0.6733067729083665
TNR:0.87374749498998
FPR:0.27155172413793105
FPDR:0.27155172413793105
F1:0.6997929606625258
BACC:0
CLSFE:0.27155172413793105
MCC:0.558481346144736
GMEAN:0.7670072399843906
SAMPLES:232
AUC:{}
AVGP:{}
CLASS:1
ACC:0.8066666666666666
PREC:0.8416988416988417
REC:0.87374749498998
TNR:0.6733067729083665
FPR:0.1583011583011583
FPDR:0.1583011583011583
F1:0.8574237954768928
BACC:0
CLSFE:0.1583011583011583
MCC:0.558481346144736
GMEAN:0.7670072399843906
SAMPLES:518
AUC:{}
AVGP:{}
