

GENERAL_METRICS
ACC:0.764
PREC:0.7568636133603239
REC:0.7414431288603474
TNR:0.7414431288603474
FPR:0.24313638663967613
FPDR:0.24313638663967613
F1:0.7465108241310239
BACC:0.0
CLSFE:0.236
MCC:0.4980680857075311
GMEAN:0.7334693387382346
SAMPLES:750.0
AUC:{'AUC macro OVO': 0.7568636133603239}
AVGP:{'avg_precision': 0.8076967048288066}


METRICS_PER_CLASSES
CLASS:0
ACC:0.764
PREC:0.734375
REC:0.632996632996633
TNR:0.8498896247240618
FPR:0.265625
FPDR:0.265625
F1:0.6799276672694394
BACC:0
CLSFE:0.265625
MCC:0.4980680857075311
GMEAN:0.7334693387382346
SAMPLES:256
AUC:{}
AVGP:{}
CLASS:1
ACC:0.764
PREC:0.7793522267206477
REC:0.8498896247240618
TNR:0.632996632996633
FPR:0.22064777327935223
FPDR:0.22064777327935223
F1:0.8130939809926082
BACC:0
CLSFE:0.22064777327935223
MCC:0.4980680857075311
GMEAN:0.7334693387382346
SAMPLES:494
AUC:{}
AVGP:{}
