

GENERAL_METRICS
ACC:0.784
PREC:0.7646504925120159
REC:0.7523520272327667
TNR:0.7523520272327667
FPR:0.235349507487984
FPDR:0.235349507487984
F1:0.7574830936773946
BACC:0.0
CLSFE:0.216
MCC:0.5168562209882257
GMEAN:0.7448524433457913
SAMPLES:750.0
AUC:{'AUC macro OVO': 0.7646504925120159}
AVGP:{'avg_precision': 0.8261060287635067}


METRICS_PER_CLASSES
CLASS:0
ACC:0.784
PREC:0.7112970711297071
REC:0.6463878326996197
TNR:0.8583162217659137
FPR:0.28870292887029286
FPDR:0.28870292887029286
F1:0.6772908366533864
BACC:0
CLSFE:0.28870292887029286
MCC:0.5168562209882257
GMEAN:0.7448524433457913
SAMPLES:239
AUC:{}
AVGP:{}
CLASS:1
ACC:0.784
PREC:0.8180039138943248
REC:0.8583162217659137
TNR:0.6463878326996197
FPR:0.18199608610567514
FPDR:0.18199608610567514
F1:0.8376753507014028
BACC:0
CLSFE:0.18199608610567514
MCC:0.5168562209882257
GMEAN:0.7448524433457913
SAMPLES:511
AUC:{}
AVGP:{}
