

GENERAL_METRICS
ACC:0.9102857142857143
PREC:0.5654932950191571
REC:0.610924877499669
TNR:0.610924877499669
FPR:0.43450670498084293
FPDR:0.43450670498084293
F1:0.5797618829114892
BACC:0.0
CLSFE:0.08971428571428572
MCC:0.1704680113927499
GMEAN:0.51654722304735
SAMPLES:3500.0
AUC:{'AUC macro OVO': 0.5654932950191571}
AVGP:{'avg_precision': 0.9368380820763634}


METRICS_PER_CLASSES
CLASS:0
ACC:0.9102857142857143
PREC:0.1626984126984127
REC:0.2847222222222222
TNR:0.9371275327771156
FPR:0.8373015873015873
FPDR:0.8373015873015873
F1:0.20707070707070707
BACC:0
CLSFE:0.8373015873015873
MCC:0.1704680113927499
GMEAN:0.51654722304735
SAMPLES:252
AUC:{}
AVGP:{}
CLASS:1
ACC:0.9102857142857143
PREC:0.9682881773399015
REC:0.9371275327771156
TNR:0.2847222222222222
FPR:0.031711822660098525
FPDR:0.031711822660098525
F1:0.9524530587522714
BACC:0
CLSFE:0.031711822660098525
MCC:0.1704680113927499
GMEAN:0.51654722304735
SAMPLES:3248
AUC:{}
AVGP:{}
