

GENERAL_METRICS
ACC:0.9068571428571428
PREC:0.5421043919595864
REC:0.5734278787405233
TNR:0.5734278787405233
FPR:0.4578956080404136
FPDR:0.4578956080404136
F1:0.550883590286175
BACC:0.0
CLSFE:0.09314285714285714
MCC:0.11120496728567421
GMEAN:0.44492376805883843
SAMPLES:3500.0
AUC:{'AUC macro OVO': 0.5421043919595864}
AVGP:{'avg_precision': 0.934986079306756}


METRICS_PER_CLASSES
CLASS:0
ACC:0.9068571428571428
PREC:0.11740890688259109
REC:0.2116788321167883
TNR:0.9351769253642581
FPR:0.8825910931174089
FPDR:0.8825910931174089
F1:0.15104166666666666
BACC:0
CLSFE:0.8825910931174089
MCC:0.11120496728567421
GMEAN:0.44492376805883843
SAMPLES:247
AUC:{}
AVGP:{}
CLASS:1
ACC:0.9068571428571428
PREC:0.9667998770365817
REC:0.9351769253642581
TNR:0.2116788321167883
FPR:0.033200122963418385
FPDR:0.033200122963418385
F1:0.9507255139056832
BACC:0
CLSFE:0.033200122963418385
MCC:0.11120496728567421
GMEAN:0.44492376805883843
SAMPLES:3253
AUC:{}
AVGP:{}
