

GENERAL_METRICS
ACC:0.9128571428571428
PREC:0.555071424401878
REC:0.6177651422515693
TNR:0.6177651422515693
FPR:0.44492857559812204
FPDR:0.44492857559812204
F1:0.570314465408805
BACC:0.0
CLSFE:0.08714285714285715
MCC:0.16106513128152475
GMEAN:0.5308030280331578
SAMPLES:3500.0
AUC:{'AUC macro OVO': 0.555071424401878}
AVGP:{'avg_precision': 0.9336110531218293}


METRICS_PER_CLASSES
CLASS:0
ACC:0.9128571428571428
PREC:0.13513513513513514
REC:0.3017241379310345
TNR:0.933806146572104
FPR:0.8648648648648649
FPDR:0.8648648648648649
F1:0.18666666666666668
BACC:0
CLSFE:0.8648648648648649
MCC:0.16106513128152475
GMEAN:0.5308030280331578
SAMPLES:259
AUC:{}
AVGP:{}
CLASS:1
ACC:0.9128571428571428
PREC:0.9750077136686208
REC:0.933806146572104
TNR:0.3017241379310345
FPR:0.024992286331379204
FPDR:0.024992286331379204
F1:0.9539622641509434
BACC:0
CLSFE:0.024992286331379204
MCC:0.16106513128152475
GMEAN:0.5308030280331578
SAMPLES:3241
AUC:{}
AVGP:{}
