

GENERAL_METRICS
ACC:0.9042857142857142
PREC:0.5531496214347147
REC:0.6121089116251484
TNR:0.6121089116251484
FPR:0.44685037856528537
FPDR:0.44685037856528537
F1:0.5670362644516649
BACC:0.0
CLSFE:0.09571428571428571
MCC:0.15438324018279329
GMEAN:0.5246950549151685
SAMPLES:3500.0
AUC:{'AUC macro OVO': 0.5531496214347147}
AVGP:{'avg_precision': 0.9271134179193455}


METRICS_PER_CLASSES
CLASS:0
ACC:0.9042857142857142
PREC:0.13427561837455831
REC:0.296875
TNR:0.9273428232502966
FPR:0.8657243816254417
FPDR:0.8657243816254417
F1:0.18491484184914841
BACC:0
CLSFE:0.8657243816254417
MCC:0.15438324018279329
GMEAN:0.5246950549151685
SAMPLES:283
AUC:{}
AVGP:{}
CLASS:1
ACC:0.9042857142857142
PREC:0.972023624494871
REC:0.9273428232502966
TNR:0.296875
FPR:0.027976375505129002
FPDR:0.027976375505129002
F1:0.9491576870541812
BACC:0
CLSFE:0.027976375505129002
MCC:0.15438324018279329
GMEAN:0.5246950549151685
SAMPLES:3217
AUC:{}
AVGP:{}
