

GENERAL_METRICS
ACC:0.857
PREC:0.8068169383958859
REC:0.8157386753603295
TNR:0.8157386753603295
FPR:0.19318306160411425
FPDR:0.19318306160411425
F1:0.8110842049221152
BACC:0.0
CLSFE:0.143
MCC:0.6224916825379396
GMEAN:0.8116201481776645
SAMPLES:1000.0
AUC:{'AUC macro OVO': 0.8068169383958856}
AVGP:{'avg_precision': 0.8836576363166508}


METRICS_PER_CLASSES
CLASS:0
ACC:0.857
PREC:0.7027027027027027
REC:0.7338709677419355
TNR:0.8976063829787234
FPR:0.2972972972972973
FPDR:0.2972972972972973
F1:0.717948717948718
BACC:0
CLSFE:0.2972972972972973
MCC:0.6224916825379396
GMEAN:0.8116201481776645
SAMPLES:259
AUC:{}
AVGP:{}
CLASS:1
ACC:0.857
PREC:0.9109311740890689
REC:0.8976063829787234
TNR:0.7338709677419355
FPR:0.08906882591093117
FPDR:0.08906882591093117
F1:0.9042196918955124
BACC:0
CLSFE:0.08906882591093117
MCC:0.6224916825379396
GMEAN:0.8116201481776645
SAMPLES:741
AUC:{}
AVGP:{}
