

GENERAL_METRICS
ACC:0.863
PREC:0.841322892793481
REC:0.8144098401512967
TNR:0.8144098401512967
FPR:0.15867710720651898
FPDR:0.15867710720651898
F1:0.8260271067545928
BACC:0.0
CLSFE:0.137
MCC:0.6551802077693635
GMEAN:0.8063829009338688
SAMPLES:1000.0
AUC:{'AUC macro OVO': 0.841322892793481}
AVGP:{'avg_precision': 0.9077218801329023}


METRICS_PER_CLASSES
CLASS:0
ACC:0.863
PREC:0.7976190476190477
REC:0.7003484320557491
TNR:0.9284712482468443
FPR:0.20238095238095238
FPDR:0.20238095238095238
F1:0.7458256029684601
BACC:0
CLSFE:0.20238095238095238
MCC:0.6551802077693635
GMEAN:0.8063829009338688
SAMPLES:252
AUC:{}
AVGP:{}
CLASS:1
ACC:0.863
PREC:0.8850267379679144
REC:0.9284712482468443
TNR:0.7003484320557491
FPR:0.11497326203208556
FPDR:0.11497326203208556
F1:0.9062286105407256
BACC:0
CLSFE:0.11497326203208556
MCC:0.6551802077693635
GMEAN:0.8063829009338688
SAMPLES:748
AUC:{}
AVGP:{}
