

GENERAL_METRICS
ACC:0.847
PREC:0.8052020947735732
REC:0.7868503118503118
TNR:0.7868503118503118
FPR:0.19479790522642687
FPDR:0.19479790522642687
F1:0.7951782551597006
BACC:0.0
CLSFE:0.153
MCC:0.5917679141797665
GMEAN:0.7768077969680489
SAMPLES:1000.0
AUC:{'AUC macro OVO': 0.8052020947735732}
AVGP:{'avg_precision': 0.8949586624632496}


METRICS_PER_CLASSES
CLASS:0
ACC:0.847
PREC:0.7257383966244726
REC:0.6615384615384615
TNR:0.9121621621621622
FPR:0.2742616033755274
FPDR:0.2742616033755274
F1:0.6921529175050302
BACC:0
CLSFE:0.2742616033755274
MCC:0.5917679141797665
GMEAN:0.7768077969680489
SAMPLES:237
AUC:{}
AVGP:{}
CLASS:1
ACC:0.847
PREC:0.8846657929226737
REC:0.9121621621621622
TNR:0.6615384615384615
FPR:0.11533420707732635
FPDR:0.11533420707732635
F1:0.8982035928143712
BACC:0
CLSFE:0.11533420707732635
MCC:0.5917679141797665
GMEAN:0.7768077969680489
SAMPLES:763
AUC:{}
AVGP:{}
