

GENERAL_METRICS
ACC:0.849
PREC:0.8118496368178224
REC:0.8007231738849385
TNR:0.8007231738849385
FPR:0.18815036318217762
FPDR:0.18815036318217762
F1:0.8059522539738022
BACC:0.0
CLSFE:0.151
MCC:0.6124717546425172
GMEAN:0.7936933255500038
SAMPLES:1000.0
AUC:{'AUC macro OVO': 0.8118496368178224}
AVGP:{'avg_precision': 0.8883185038380192}


METRICS_PER_CLASSES
CLASS:0
ACC:0.849
PREC:0.7354085603112841
REC:0.6948529411764706
TNR:0.9065934065934066
FPR:0.26459143968871596
FPDR:0.26459143968871596
F1:0.7145557655954632
BACC:0
CLSFE:0.26459143968871596
MCC:0.6124717546425172
GMEAN:0.7936933255500038
SAMPLES:257
AUC:{}
AVGP:{}
CLASS:1
ACC:0.849
PREC:0.8882907133243607
REC:0.9065934065934066
TNR:0.6948529411764706
FPR:0.1117092866756393
FPDR:0.1117092866756393
F1:0.8973487423521413
BACC:0
CLSFE:0.1117092866756393
MCC:0.6124717546425172
GMEAN:0.7936933255500038
SAMPLES:743
AUC:{}
AVGP:{}
