

GENERAL_METRICS
ACC:0.742
PREC:0.7421308668448257
REC:0.7421579924460662
TNR:0.7421579924460662
FPR:0.25786913315517435
FPDR:0.25786913315517435
F1:0.741998967995872
BACC:0.0
CLSFE:0.258
MCC:0.4842888585312231
GMEAN:0.7420922984715173
SAMPLES:500.0
AUC:{'AUC macro OVO': 0.7421308668448257}
AVGP:{'avg_precision': 0.6734361312123435}


METRICS_PER_CLASSES
CLASS:0
ACC:0.742
PREC:0.7312252964426877
REC:0.7520325203252033
TNR:0.7322834645669292
FPR:0.26877470355731226
FPDR:0.26877470355731226
F1:0.7414829659318637
BACC:0
CLSFE:0.26877470355731226
MCC:0.4842888585312231
GMEAN:0.7420922984715173
SAMPLES:253
AUC:{}
AVGP:{}
CLASS:1
ACC:0.742
PREC:0.7530364372469636
REC:0.7322834645669292
TNR:0.7520325203252033
FPR:0.24696356275303644
FPDR:0.24696356275303644
F1:0.7425149700598802
BACC:0
CLSFE:0.24696356275303644
MCC:0.4842888585312231
GMEAN:0.7420922984715173
SAMPLES:247
AUC:{}
AVGP:{}
