

GENERAL_METRICS
ACC:0.752
PREC:0.7521761392729134
REC:0.7525641025641026
TNR:0.7525641025641026
FPR:0.2478238607270865
FPDR:0.2478238607270865
F1:0.7519364957429102
BACC:0.0
CLSFE:0.248
MCC:0.5047400927350374
GMEAN:0.7524319545007683
SAMPLES:500.0
AUC:{'AUC macro OVO': 0.7521761392729135}
AVGP:{'avg_precision': 0.683712158808933}


METRICS_PER_CLASSES
CLASS:0
ACC:0.752
PREC:0.7301587301587301
REC:0.7666666666666667
TNR:0.7384615384615385
FPR:0.2698412698412698
FPDR:0.2698412698412698
F1:0.7479674796747967
BACC:0
CLSFE:0.2698412698412698
MCC:0.5047400927350374
GMEAN:0.7524319545007683
SAMPLES:252
AUC:{}
AVGP:{}
CLASS:1
ACC:0.752
PREC:0.7741935483870968
REC:0.7384615384615385
TNR:0.7666666666666667
FPR:0.22580645161290322
FPDR:0.22580645161290322
F1:0.7559055118110236
BACC:0
CLSFE:0.22580645161290322
MCC:0.5047400927350374
GMEAN:0.7524319545007683
SAMPLES:248
AUC:{}
AVGP:{}
