

GENERAL_METRICS
ACC:0.738
PREC:0.7383088482673545
REC:0.738
TNR:0.738
FPR:0.2616911517326455
FPDR:0.2616911517326455
F1:0.7379150844873739
BACC:0.0
CLSFE:0.262
MCC:0.47630874813561996
GMEAN:0.7377804551490911
SAMPLES:500.0
AUC:{'AUC macro OVO': 0.7383088482673544}
AVGP:{'avg_precision': 0.659759336099585}


METRICS_PER_CLASSES
CLASS:0
ACC:0.738
PREC:0.7297297297297297
REC:0.756
TNR:0.72
FPR:0.2702702702702703
FPDR:0.2702702702702703
F1:0.7426326129666012
BACC:0
CLSFE:0.2702702702702703
MCC:0.47630874813561996
GMEAN:0.7377804551490911
SAMPLES:259
AUC:{}
AVGP:{}
CLASS:1
ACC:0.738
PREC:0.7468879668049793
REC:0.72
TNR:0.756
FPR:0.25311203319502074
FPDR:0.25311203319502074
F1:0.7331975560081466
BACC:0
CLSFE:0.25311203319502074
MCC:0.47630874813561996
GMEAN:0.7377804551490911
SAMPLES:241
AUC:{}
AVGP:{}
