

GENERAL_METRICS
ACC:0.75
PREC:0.7493151123856518
REC:0.7497752953261427
TNR:0.7497752953261427
FPR:0.2506848876143482
FPDR:0.2506848876143482
F1:0.7494698782624032
BACC:0.0
CLSFE:0.25
MCC:0.499090195557463
GMEAN:0.7497645581483344
SAMPLES:500.0
AUC:{'AUC macro OVO': 0.7493151123856518}
AVGP:{'avg_precision': 0.6991652041652042}


METRICS_PER_CLASSES
CLASS:0
ACC:0.75
PREC:0.7302904564315352
REC:0.7457627118644068
TNR:0.7537878787878788
FPR:0.2697095435684647
FPDR:0.2697095435684647
F1:0.7379454926624738
BACC:0
CLSFE:0.2697095435684647
MCC:0.499090195557463
GMEAN:0.7497645581483344
SAMPLES:241
AUC:{}
AVGP:{}
CLASS:1
ACC:0.75
PREC:0.7683397683397684
REC:0.7537878787878788
TNR:0.7457627118644068
FPR:0.23166023166023167
FPDR:0.23166023166023167
F1:0.7609942638623327
BACC:0
CLSFE:0.23166023166023167
MCC:0.499090195557463
GMEAN:0.7497645581483344
SAMPLES:259
AUC:{}
AVGP:{}
