

GENERAL_METRICS
ACC:0.9341176470588235
PREC:0.5013092713254267
REC:0.5147071471574782
TNR:0.5147071471574782
FPR:0.4986907286745733
FPDR:0.4986907286745733
F1:0.4900023314179135
BACC:0.0
CLSFE:0.06588235294117648
MCC:0.00877625114775473
GMEAN:0.2920935720879162
SAMPLES:4250.0
AUC:{'AUC macro OVO': 0.5013092713254267}
AVGP:{'avg_precision': 0.9385044398039127}


METRICS_PER_CLASSES
CLASS:0
ACC:0.9341176470588235
PREC:0.007633587786259542
REC:0.09090909090909091
TNR:0.9385052034058656
FPR:0.9923664122137404
FPDR:0.9923664122137404
F1:0.014084507042253521
BACC:0
CLSFE:0.9923664122137404
MCC:0.00877625114775473
GMEAN:0.2920935720879162
SAMPLES:262
AUC:{}
AVGP:{}
CLASS:1
ACC:0.9341176470588235
PREC:0.9949849548645938
REC:0.9385052034058656
TNR:0.09090909090909091
FPR:0.0050150451354062184
FPDR:0.0050150451354062184
F1:0.9659201557935735
BACC:0
CLSFE:0.0050150451354062184
MCC:0.00877625114775473
GMEAN:0.2920935720879162
SAMPLES:3988
AUC:{}
AVGP:{}
