

GENERAL_METRICS
ACC:0.9324705882352942
PREC:0.5077259043014186
REC:0.55510930350788
TNR:0.55510930350788
FPR:0.4922740956985814
FPDR:0.4922740956985814
F1:0.5025690235182185
BACC:0.0
CLSFE:0.06752941176470588
MCC:0.04126835131282632
GMEAN:0.40116758925926393
SAMPLES:4250.0
AUC:{'AUC macro OVO': 0.5077259043014186}
AVGP:{'avg_precision': 0.9387834317746613}


METRICS_PER_CLASSES
CLASS:0
ACC:0.9324705882352942
PREC:0.022727272727272728
REC:0.17142857142857143
TNR:0.9387900355871887
FPR:0.9772727272727273
FPDR:0.9772727272727273
F1:0.04013377926421405
BACC:0
CLSFE:0.9772727272727273
MCC:0.04126835131282632
GMEAN:0.40116758925926393
SAMPLES:264
AUC:{}
AVGP:{}
CLASS:1
ACC:0.9324705882352942
PREC:0.9927245358755645
REC:0.9387900355871887
TNR:0.17142857142857143
FPR:0.007275464124435524
FPDR:0.007275464124435524
F1:0.9650042677722229
BACC:0
CLSFE:0.007275464124435524
MCC:0.04126835131282632
GMEAN:0.40116758925926393
SAMPLES:3986
AUC:{}
AVGP:{}
