

GENERAL_METRICS
ACC:0.9298823529411765
PREC:0.508413794912929
REC:0.5485183504085074
TNR:0.5485183504085074
FPR:0.4915862050870709
FPDR:0.4915862050870709
F1:0.5042385354427367
BACC:0.0
CLSFE:0.07011764705882353
MCC:0.040409080655259125
GMEAN:0.386288297368298
SAMPLES:4250.0
AUC:{'AUC macro OVO': 0.5084137949129292}
AVGP:{'avg_precision': 0.9379364570288544}


METRICS_PER_CLASSES
CLASS:0
ACC:0.9298823529411765
PREC:0.026119402985074626
REC:0.1590909090909091
TNR:0.9379457917261056
FPR:0.9738805970149254
FPDR:0.9738805970149254
F1:0.04487179487179487
BACC:0
CLSFE:0.9738805970149254
MCC:0.040409080655259125
GMEAN:0.386288297368298
SAMPLES:268
AUC:{}
AVGP:{}
CLASS:1
ACC:0.9298823529411765
PREC:0.9907081868407835
REC:0.9379457917261056
TNR:0.1590909090909091
FPR:0.009291813159216475
FPDR:0.009291813159216475
F1:0.9636052760136785
BACC:0
CLSFE:0.009291813159216475
MCC:0.040409080655259125
GMEAN:0.386288297368298
SAMPLES:3982
AUC:{}
AVGP:{}
