

GENERAL_METRICS
ACC:0.9409411764705883
PREC:0.5134251679683656
REC:0.5634429911481041
TNR:0.5634429911481041
FPR:0.48657483203163443
FPDR:0.48657483203163443
F1:0.5147190146896726
BACC:0.0
CLSFE:0.05905882352941177
MCC:0.05836892366932351
GMEAN:0.41076799713456646
SAMPLES:4250.0
AUC:{'AUC macro OVO': 0.5134251679683656}
AVGP:{'avg_precision': 0.9490958635428756}


METRICS_PER_CLASSES
CLASS:0
ACC:0.9409411764705883
PREC:0.036036036036036036
REC:0.17777777777777778
TNR:0.9491082045184305
FPR:0.963963963963964
FPDR:0.963963963963964
F1:0.0599250936329588
BACC:0
CLSFE:0.963963963963964
MCC:0.05836892366932351
GMEAN:0.41076799713456646
SAMPLES:222
AUC:{}
AVGP:{}
CLASS:1
ACC:0.9409411764705883
PREC:0.9908142999006951
REC:0.9491082045184305
TNR:0.17777777777777778
FPR:0.009185700099304866
FPDR:0.009185700099304866
F1:0.9695129357463865
BACC:0
CLSFE:0.009185700099304866
MCC:0.05836892366932351
GMEAN:0.41076799713456646
SAMPLES:4028
AUC:{}
AVGP:{}
