

GENERAL_METRICS
ACC:0.9156923076923077
PREC:0.4955044955044955
REC:0.46168166304685077
TNR:0.46168166304685077
FPR:0.5044955044955045
FPDR:0.5044955044955045
F1:0.4779955027304851
BACC:0.0
CLSFE:0.0843076923076923
MCC:-0.026249590932670815
GMEAN:0.0
SAMPLES:3250.0
AUC:{'AUC macro OVO': 0.4955044955044955}
AVGP:{'avg_precision': 0.9233690504345174}


METRICS_PER_CLASSES
CLASS:0
ACC:0.9156923076923077
PREC:0.0
REC:0.0
TNR:0.9233633260937015
FPR:1.0
FPDR:1.0
F1:0.0
BACC:0
CLSFE:1.0
MCC:-0.026249590932670815
GMEAN:0
SAMPLES:247
AUC:{}
AVGP:{}
CLASS:1
ACC:0.9156923076923077
PREC:0.991008991008991
REC:0.9233633260937015
TNR:0.0
FPR:0.008991008991008992
FPDR:0.008991008991008992
F1:0.9559910054609702
BACC:0
CLSFE:0.008991008991008992
MCC:-0.026249590932670815
GMEAN:0
SAMPLES:3003
AUC:{}
AVGP:{}
