

GENERAL_METRICS
ACC:0.9175384615384615
PREC:0.49789083036113563
REC:0.48154466501240695
TNR:0.48154466501240695
FPR:0.5021091696388644
FPDR:0.5021091696388644
F1:0.4821948754533024
BACC:0.0
CLSFE:0.08246153846153846
MCC:-0.012478049884641783
GMEAN:0.18858050633036885
SAMPLES:3250.0
AUC:{'AUC macro OVO': 0.49789083036113563}
AVGP:{'avg_precision': 0.9246302473630077}


METRICS_PER_CLASSES
CLASS:0
ACC:0.9175384615384615
PREC:0.004098360655737705
REC:0.038461538461538464
TNR:0.9246277915632755
FPR:0.9959016393442623
FPDR:0.9959016393442623
F1:0.007407407407407408
BACC:0
CLSFE:0.9959016393442623
MCC:-0.012478049884641783
GMEAN:0.18858050633036885
SAMPLES:244
AUC:{}
AVGP:{}
CLASS:1
ACC:0.9175384615384615
PREC:0.9916833000665336
REC:0.9246277915632755
TNR:0.038461538461538464
FPR:0.0083166999334664
FPDR:0.0083166999334664
F1:0.9569823434991974
BACC:0
CLSFE:0.0083166999334664
MCC:-0.012478049884641783
GMEAN:0.18858050633036885
SAMPLES:3006
AUC:{}
AVGP:{}
