

GENERAL_METRICS
ACC:0.9203076923076923
PREC:0.49601990049751243
REC:0.4635771853688779
TNR:0.4635771853688779
FPR:0.5039800995024876
FPDR:0.5039800995024876
F1:0.4792501201730492
BACC:0.0
CLSFE:0.07969230769230769
MCC:-0.024080400859830046
GMEAN:0.0
SAMPLES:3250.0
AUC:{'AUC macro OVO': 0.49601990049751243}
AVGP:{'avg_precision': 0.9271586528229662}


METRICS_PER_CLASSES
CLASS:0
ACC:0.9203076923076923
PREC:0.0
REC:0.0
TNR:0.9271543707377558
FPR:1.0
FPDR:1.0
F1:0.0
BACC:0
CLSFE:1.0
MCC:-0.024080400859830046
GMEAN:0
SAMPLES:235
AUC:{}
AVGP:{}
CLASS:1
ACC:0.9203076923076923
PREC:0.9920398009950249
REC:0.9271543707377558
TNR:0.0
FPR:0.007960199004975124
FPDR:0.007960199004975124
F1:0.9585002403460984
BACC:0
CLSFE:0.007960199004975124
MCC:-0.024080400859830046
GMEAN:0
SAMPLES:3015
AUC:{}
AVGP:{}
