

GENERAL_METRICS
ACC:0.9126153846153846
PREC:0.49859655393543095
REC:0.49023266022827044
TNR:0.49023266022827044
FPR:0.501403446064569
FPDR:0.501403446064569
F1:0.4840854618301495
BACC:0.0
CLSFE:0.08738461538461538
MCC:-0.00740484559297288
GMEAN:0.23283947904647503
SAMPLES:3250.0
AUC:{'AUC macro OVO': 0.49859655393543095}
AVGP:{'avg_precision': 0.9216439738250312}


METRICS_PER_CLASSES
CLASS:0
ACC:0.9126153846153846
PREC:0.007874015748031496
REC:0.058823529411764705
TNR:0.9216417910447762
FPR:0.9921259842519685
FPDR:0.9921259842519685
F1:0.013888888888888888
BACC:0
CLSFE:0.9921259842519685
MCC:-0.00740484559297288
GMEAN:0.23283947904647503
SAMPLES:254
AUC:{}
AVGP:{}
CLASS:1
ACC:0.9126153846153846
PREC:0.9893190921228304
REC:0.9216417910447762
TNR:0.058823529411764705
FPR:0.010680907877169559
FPDR:0.010680907877169559
F1:0.9542820347714102
BACC:0
CLSFE:0.010680907877169559
MCC:-0.00740484559297288
GMEAN:0.23283947904647503
SAMPLES:2996
AUC:{}
AVGP:{}
