

GENERAL_METRICS
ACC:0.9125
PREC:0.5277333333333334
REC:0.5468245735361918
TNR:0.5468245735361918
FPR:0.47226666666666667
FPDR:0.47226666666666667
F1:0.5328294119924024
BACC:0.0
CLSFE:0.0875
MCC:0.07207222782932093
GMEAN:0.3791361720748428
SAMPLES:4000.0
AUC:{'AUC macro OVO': 0.5277333333333334}
AVGP:{'avg_precision': 0.9407616874135546}


METRICS_PER_CLASSES
CLASS:0
ACC:0.9125
PREC:0.088
REC:0.1527777777777778
TNR:0.9408713692946058
FPR:0.912
FPDR:0.912
F1:0.1116751269035533
BACC:0
CLSFE:0.912
MCC:0.07207222782932093
GMEAN:0.3791361720748428
SAMPLES:250
AUC:{}
AVGP:{}
CLASS:1
ACC:0.9125
PREC:0.9674666666666667
REC:0.9408713692946058
TNR:0.1527777777777778
FPR:0.03253333333333333
FPDR:0.03253333333333333
F1:0.9539836970812516
BACC:0
CLSFE:0.03253333333333333
MCC:0.07207222782932093
GMEAN:0.3791361720748428
SAMPLES:3750
AUC:{}
AVGP:{}
