

GENERAL_METRICS
ACC:0.9105
PREC:0.524403483406608
REC:0.5453195296571818
TNR:0.5453195296571818
FPR:0.4755965165933919
FPDR:0.4755965165933919
F1:0.5289473684210526
BACC:0.0
CLSFE:0.0895
MCC:0.06651178512066319
GMEAN:0.3790541642575141
SAMPLES:4000.0
AUC:{'AUC macro OVO': 0.524403483406608}
AVGP:{'avg_precision': 0.9372580246606563}


METRICS_PER_CLASSES
CLASS:0
ACC:0.9105
PREC:0.07984790874524715
REC:0.15328467153284672
TNR:0.9373543877815169
FPR:0.9201520912547528
FPDR:0.9201520912547528
F1:0.105
BACC:0
CLSFE:0.9201520912547528
MCC:0.06651178512066319
GMEAN:0.3790541642575141
SAMPLES:263
AUC:{}
AVGP:{}
CLASS:1
ACC:0.9105
PREC:0.968959058067969
REC:0.9373543877815169
TNR:0.15328467153284672
FPR:0.03104094193203104
FPDR:0.03104094193203104
F1:0.9528947368421052
BACC:0
CLSFE:0.03104094193203104
MCC:0.06651178512066319
GMEAN:0.3790541642575141
SAMPLES:3737
AUC:{}
AVGP:{}
