

GENERAL_METRICS
ACC:0.91975
PREC:0.5380763150546403
REC:0.5670340948262355
TNR:0.5670340948262355
FPR:0.46192368494535974
FPDR:0.46192368494535974
F1:0.5463473008194367
BACC:0.0
CLSFE:0.08025
MCC:0.10104278923320305
GMEAN:0.4229841341001805
SAMPLES:4000.0
AUC:{'AUC macro OVO': 0.5380763150546403}
AVGP:{'avg_precision': 0.9445483808680336}


METRICS_PER_CLASSES
CLASS:0
ACC:0.91975
PREC:0.10460251046025104
REC:0.1893939393939394
TNR:0.9446742502585316
FPR:0.895397489539749
FPDR:0.895397489539749
F1:0.1347708894878706
BACC:0
CLSFE:0.895397489539749
MCC:0.10104278923320305
GMEAN:0.4229841341001805
SAMPLES:239
AUC:{}
AVGP:{}
CLASS:1
ACC:0.91975
PREC:0.9715501196490295
REC:0.9446742502585316
TNR:0.1893939393939394
FPR:0.028449880350970486
FPDR:0.028449880350970486
F1:0.9579237121510028
BACC:0
CLSFE:0.028449880350970486
MCC:0.10104278923320305
GMEAN:0.4229841341001805
SAMPLES:3761
AUC:{}
AVGP:{}
