

GENERAL_METRICS
ACC:0.9325
PREC:0.5598451252470886
REC:0.6298073449579089
TNR:0.6298073449579089
FPR:0.4401548747529114
FPDR:0.4401548747529114
F1:0.5781981562572741
BACC:0.0
CLSFE:0.0675
MCC:0.17627633779946864
GMEAN:0.5429684904273879
SAMPLES:4000.0
AUC:{'AUC macro OVO': 0.5598451252470886}
AVGP:{'avg_precision': 0.9488091455094716}


METRICS_PER_CLASSES
CLASS:0
ACC:0.9325
PREC:0.13852813852813853
REC:0.3106796116504854
TNR:0.9489350782653323
FPR:0.8614718614718615
FPDR:0.8614718614718615
F1:0.19161676646706588
BACC:0
CLSFE:0.8614718614718615
MCC:0.17627633779946864
GMEAN:0.5429684904273879
SAMPLES:231
AUC:{}
AVGP:{}
CLASS:1
ACC:0.9325
PREC:0.9811621119660388
REC:0.9489350782653323
TNR:0.3106796116504854
FPR:0.01883788803396126
FPDR:0.01883788803396126
F1:0.9647795460474824
BACC:0
CLSFE:0.01883788803396126
MCC:0.17627633779946864
GMEAN:0.5429684904273879
SAMPLES:3769
AUC:{}
AVGP:{}
