

GENERAL_METRICS
ACC:0.92325
PREC:0.5596422547061538
REC:0.6264748104859053
TNR:0.6264748104859053
FPR:0.4403577452938462
FPDR:0.4403577452938462
F1:0.5769658599736327
BACC:0.0
CLSFE:0.07675
MCC:0.1737036886299528
GMEAN:0.5412010786421263
SAMPLES:4000.0
AUC:{'AUC macro OVO': 0.5596422547061538}
AVGP:{'avg_precision': 0.9418601708064794}


METRICS_PER_CLASSES
CLASS:0
ACC:0.92325
PREC:0.14122137404580154
REC:0.31092436974789917
TNR:0.9420252512239113
FPR:0.8587786259541985
FPDR:0.8587786259541985
F1:0.1942257217847769
BACC:0
CLSFE:0.8587786259541985
MCC:0.1737036886299528
GMEAN:0.5412010786421263
SAMPLES:262
AUC:{}
AVGP:{}
CLASS:1
ACC:0.92325
PREC:0.9780631353665061
REC:0.9420252512239113
TNR:0.31092436974789917
FPR:0.021936864633493848
FPDR:0.021936864633493848
F1:0.9597059981624885
BACC:0
CLSFE:0.021936864633493848
MCC:0.1737036886299528
GMEAN:0.5412010786421263
SAMPLES:3738
AUC:{}
AVGP:{}
