

GENERAL_METRICS
ACC:0.9205
PREC:0.5497226123740984
REC:0.5998784912946502
TNR:0.5998784912946502
FPR:0.4502773876259017
FPDR:0.4502773876259017
F1:0.5628980136601244
BACC:0.0
CLSFE:0.0795
MCC:0.14094281829385494
GMEAN:0.4929679611287371
SAMPLES:4000.0
AUC:{'AUC macro OVO': 0.5497226123740984}
AVGP:{'avg_precision': 0.9415402198236181}


METRICS_PER_CLASSES
CLASS:0
ACC:0.9205
PREC:0.12403100775193798
REC:0.25806451612903225
TNR:0.9416924664602683
FPR:0.875968992248062
FPDR:0.875968992248062
F1:0.16753926701570682
BACC:0
CLSFE:0.875968992248062
MCC:0.14094281829385494
GMEAN:0.4929679611287371
SAMPLES:258
AUC:{}
AVGP:{}
CLASS:1
ACC:0.9205
PREC:0.9754142169962586
REC:0.9416924664602683
TNR:0.25806451612903225
FPR:0.024585783003741316
FPDR:0.024585783003741316
F1:0.9582567603045419
BACC:0
CLSFE:0.024585783003741316
MCC:0.14094281829385494
GMEAN:0.4929679611287371
SAMPLES:3742
AUC:{}
AVGP:{}
