

GENERAL_METRICS
ACC:0.93
PREC:0.5584088432583827
REC:0.6602443876101165
TNR:0.6602443876101165
FPR:0.44159115674161725
FPDR:0.44159115674161725
F1:0.5794052790645974
BACC:0.0
CLSFE:0.07
MCC:0.19349097466243562
GMEAN:0.5967706977562514
SAMPLES:4000.0
AUC:{'AUC macro OVO': 0.5584088432583827}
AVGP:{'avg_precision': 0.9426030829964965}


METRICS_PER_CLASSES
CLASS:0
ACC:0.93
PREC:0.13178294573643412
REC:0.37777777777777777
TNR:0.9427109974424552
FPR:0.8682170542635659
FPDR:0.8682170542635659
F1:0.19540229885057472
BACC:0
CLSFE:0.8682170542635659
MCC:0.19349097466243562
GMEAN:0.5967706977562514
SAMPLES:258
AUC:{}
AVGP:{}
CLASS:1
ACC:0.93
PREC:0.9850347407803314
REC:0.9427109974424552
TNR:0.37777777777777777
FPR:0.014965259219668627
FPDR:0.014965259219668627
F1:0.96340825927862
BACC:0
CLSFE:0.014965259219668627
MCC:0.19349097466243562
GMEAN:0.5967706977562514
SAMPLES:3742
AUC:{}
AVGP:{}
