

GENERAL_METRICS
ACC:0.9190769230769231
PREC:0.5019505671679585
REC:0.532646123962564
TNR:0.532646123962564
FPR:0.49804943283204156
FPDR:0.49804943283204156
F1:0.48639325181722753
BACC:0.0
CLSFE:0.08092307692307692
MCC:0.015959756584920673
GMEAN:0.363010252721794
SAMPLES:3250.0
AUC:{'AUC macro OVO': 0.5019505671679584}
AVGP:{'avg_precision': 0.9224339789061667}


METRICS_PER_CLASSES
CLASS:0
ACC:0.9190769230769231
PREC:0.007905138339920948
REC:0.14285714285714285
TNR:0.9224351050679852
FPR:0.9920948616600791
FPDR:0.9920948616600791
F1:0.0149812734082397
BACC:0
CLSFE:0.9920948616600791
MCC:0.015959756584920673
GMEAN:0.363010252721794
SAMPLES:253
AUC:{}
AVGP:{}
CLASS:1
ACC:0.9190769230769231
PREC:0.995995995995996
REC:0.9224351050679852
TNR:0.14285714285714285
FPR:0.004004004004004004
FPDR:0.004004004004004004
F1:0.9578052302262153
BACC:0
CLSFE:0.004004004004004004
MCC:0.015959756584920673
GMEAN:0.363010252721794
SAMPLES:2997
AUC:{}
AVGP:{}
