

GENERAL_METRICS
ACC:0.9181538461538462
PREC:0.5068485557056179
REC:0.709592843923504
TNR:0.709592843923504
FPR:0.49315144429438207
FPDR:0.49315144429438207
F1:0.49323650995003293
BACC:0.0
CLSFE:0.08184615384615385
MCC:0.07577356444325427
GMEAN:0.6779327724217971
SAMPLES:3250.0
AUC:{'AUC macro OVO': 0.5068485557056179}
AVGP:{'avg_precision': 0.9191843046811995}


METRICS_PER_CLASSES
CLASS:0
ACC:0.9181538461538462
PREC:0.015037593984962405
REC:0.5
TNR:0.919185687847008
FPR:0.9849624060150376
FPDR:0.9849624060150376
F1:0.029197080291970802
BACC:0
CLSFE:0.9849624060150376
MCC:0.07577356444325427
GMEAN:0.6779327724217971
SAMPLES:266
AUC:{}
AVGP:{}
CLASS:1
ACC:0.9181538461538462
PREC:0.9986595174262735
REC:0.919185687847008
TNR:0.5
FPR:0.0013404825737265416
FPDR:0.0013404825737265416
F1:0.9572759396080951
BACC:0
CLSFE:0.0013404825737265416
MCC:0.07577356444325427
GMEAN:0.6779327724217971
SAMPLES:2984
AUC:{}
AVGP:{}
