

GENERAL_METRICS
ACC:0.916
PREC:0.5017935769831501
REC:0.5311010065336395
TNR:0.5311010065336395
FPR:0.49820642301685
FPDR:0.49820642301685
F1:0.4852854584512676
BACC:0.0
CLSFE:0.084
MCC:0.014937476289056997
GMEAN:0.36240168523144434
SAMPLES:3250.0
AUC:{'AUC macro OVO': 0.50179357698315}
AVGP:{'avg_precision': 0.9193437937569727}


METRICS_PER_CLASSES
CLASS:0
ACC:0.916
PREC:0.0076045627376425855
REC:0.14285714285714285
TNR:0.919344870210136
FPR:0.9923954372623575
FPDR:0.9923954372623575
F1:0.01444043321299639
BACC:0
CLSFE:0.9923954372623575
MCC:0.014937476289056997
GMEAN:0.36240168523144434
SAMPLES:263
AUC:{}
AVGP:{}
CLASS:1
ACC:0.916
PREC:0.9959825912286575
REC:0.919344870210136
TNR:0.14285714285714285
FPR:0.004017408771342484
FPDR:0.004017408771342484
F1:0.9561304836895388
BACC:0
CLSFE:0.004017408771342484
MCC:0.014937476289056997
GMEAN:0.36240168523144434
SAMPLES:2987
AUC:{}
AVGP:{}
