

GENERAL_METRICS
ACC:0.9224615384615384
PREC:0.506865850606692
REC:0.6439978669061719
TNR:0.6439978669061719
FPR:0.493134149393308
FPDR:0.493134149393308
F1:0.4951923076923077
BACC:0.0
CLSFE:0.07753846153846154
MCC:0.062886177872728
GMEAN:0.5797677811537933
SAMPLES:3250.0
AUC:{'AUC macro OVO': 0.506865850606692}
AVGP:{'avg_precision': 0.9243570965060237}


METRICS_PER_CLASSES
CLASS:0
ACC:0.9224615384615384
PREC:0.01606425702811245
REC:0.36363636363636365
TNR:0.9243593701759802
FPR:0.9839357429718876
FPDR:0.9839357429718876
F1:0.03076923076923077
BACC:0
CLSFE:0.9839357429718876
MCC:0.062886177872728
GMEAN:0.5797677811537933
SAMPLES:249
AUC:{}
AVGP:{}
CLASS:1
ACC:0.9224615384615384
PREC:0.9976674441852715
REC:0.9243593701759802
TNR:0.36363636363636365
FPR:0.0023325558147284237
FPDR:0.0023325558147284237
F1:0.9596153846153846
BACC:0
CLSFE:0.0023325558147284237
MCC:0.062886177872728
GMEAN:0.5797677811537933
SAMPLES:3001
AUC:{}
AVGP:{}
