

GENERAL_METRICS
ACC:0.8536
PREC:0.8163923672235693
REC:0.764394136525284
TNR:0.764394136525284
FPR:0.18360763277643072
FPDR:0.18360763277643072
F1:0.7847364750985977
BACC:0.0
CLSFE:0.1464
MCC:0.5784541009804189
GMEAN:0.7442729557297895
SAMPLES:1250.0
AUC:{'AUC macro OVO': 0.8163923672235693}
AVGP:{'avg_precision': 0.9226875379049292}


METRICS_PER_CLASSES
CLASS:0
ACC:0.8536
PREC:0.7563025210084033
REC:0.5901639344262295
TNR:0.9386243386243386
FPR:0.24369747899159663
FPDR:0.24369747899159663
F1:0.6629834254143646
BACC:0
CLSFE:0.24369747899159663
MCC:0.5784541009804189
GMEAN:0.7442729557297895
SAMPLES:238
AUC:{}
AVGP:{}
CLASS:1
ACC:0.8536
PREC:0.8764822134387352
REC:0.9386243386243386
TNR:0.5901639344262295
FPR:0.12351778656126482
FPDR:0.12351778656126482
F1:0.9064895247828308
BACC:0
CLSFE:0.12351778656126482
MCC:0.5784541009804189
GMEAN:0.7442729557297895
SAMPLES:1012
AUC:{}
AVGP:{}
