

GENERAL_METRICS
ACC:0.8688
PREC:0.8492488762959094
REC:0.7871457021040638
TNR:0.7871457021040638
FPR:0.15075112370409055
FPDR:0.15075112370409055
F1:0.8108220841684846
BACC:0.0
CLSFE:0.1312
MCC:0.6333571308291845
GMEAN:0.7695087111485385
SAMPLES:1250.0
AUC:{'AUC macro OVO': 0.8492488762959093}
AVGP:{'avg_precision': 0.9355193526216888}


METRICS_PER_CLASSES
CLASS:0
ACC:0.8688
PREC:0.8174273858921162
REC:0.6214511041009464
TNR:0.9528403001071811
FPR:0.1825726141078838
FPDR:0.1825726141078838
F1:0.7060931899641577
BACC:0
CLSFE:0.1825726141078838
MCC:0.6333571308291845
GMEAN:0.7695087111485385
SAMPLES:241
AUC:{}
AVGP:{}
CLASS:1
ACC:0.8688
PREC:0.8810703666997026
REC:0.9528403001071811
TNR:0.6214511041009464
FPR:0.11892963330029732
FPDR:0.11892963330029732
F1:0.9155509783728115
BACC:0
CLSFE:0.11892963330029732
MCC:0.6333571308291845
GMEAN:0.7695087111485385
SAMPLES:1009
AUC:{}
AVGP:{}
