

GENERAL_METRICS
ACC:0.86
PREC:0.8229205300918448
REC:0.7803118422510247
TNR:0.7803118422510247
FPR:0.17707946990815518
FPDR:0.17707946990815518
F1:0.7978749846384988
BACC:0.0
CLSFE:0.14
MCC:0.6017256806576315
GMEAN:0.7645327709231584
SAMPLES:1250.0
AUC:{'AUC macro OVO': 0.8229205300918448}
AVGP:{'avg_precision': 0.9206422015235575}


METRICS_PER_CLASSES
CLASS:0
ACC:0.86
PREC:0.7609561752988048
REC:0.6241830065359477
TNR:0.9364406779661016
FPR:0.23904382470119523
FPDR:0.23904382470119523
F1:0.6858168761220825
BACC:0
CLSFE:0.23904382470119523
MCC:0.6017256806576315
GMEAN:0.7645327709231584
SAMPLES:251
AUC:{}
AVGP:{}
CLASS:1
ACC:0.86
PREC:0.8848848848848849
REC:0.9364406779661016
TNR:0.6241830065359477
FPR:0.11511511511511512
FPDR:0.11511511511511512
F1:0.9099330931549151
BACC:0
CLSFE:0.11511511511511512
MCC:0.6017256806576315
GMEAN:0.7645327709231584
SAMPLES:999
AUC:{}
AVGP:{}
