

GENERAL_METRICS
ACC:0.8624
PREC:0.8299444498429047
REC:0.7808717291201368
TNR:0.7808717291201368
FPR:0.1700555501570952
FPDR:0.1700555501570952
F1:0.8005721261052015
BACC:0.0
CLSFE:0.1376
MCC:0.6088417467321665
GMEAN:0.7641483573936578
SAMPLES:1250.0
AUC:{'AUC macro OVO': 0.8299444498429047}
AVGP:{'avg_precision': 0.9254837177827967}


METRICS_PER_CLASSES
CLASS:0
ACC:0.8624
PREC:0.7764227642276422
REC:0.6201298701298701
TNR:0.9416135881104034
FPR:0.22357723577235772
FPDR:0.22357723577235772
F1:0.6895306859205776
BACC:0
CLSFE:0.22357723577235772
MCC:0.6088417467321665
GMEAN:0.7641483573936578
SAMPLES:246
AUC:{}
AVGP:{}
CLASS:1
ACC:0.8624
PREC:0.8834661354581673
REC:0.9416135881104034
TNR:0.6201298701298701
FPR:0.11653386454183266
FPDR:0.11653386454183266
F1:0.9116135662898253
BACC:0
CLSFE:0.11653386454183266
MCC:0.6088417467321665
GMEAN:0.7641483573936578
SAMPLES:1004
AUC:{}
AVGP:{}
