

GENERAL_METRICS
ACC:0.8073333333333333
PREC:0.6760215912604349
REC:0.6604360959199669
TNR:0.6604360959199669
FPR:0.32397840873956507
FPDR:0.32397840873956507
F1:0.6673753962146015
BACC:0.0
CLSFE:0.19266666666666668
MCC:0.33609651530144935
GMEAN:0.617624999109618
SAMPLES:1500.0
AUC:{'AUC macro OVO': 0.676021591260435}
AVGP:{'avg_precision': 0.8867217726003669}


METRICS_PER_CLASSES
CLASS:0
ACC:0.8073333333333333
PREC:0.4798387096774194
REC:0.4265232974910394
TNR:0.8943488943488943
FPR:0.5201612903225806
FPDR:0.5201612903225806
F1:0.45161290322580644
BACC:0
CLSFE:0.5201612903225806
MCC:0.33609651530144935
GMEAN:0.617624999109618
SAMPLES:248
AUC:{}
AVGP:{}
CLASS:1
ACC:0.8073333333333333
PREC:0.8722044728434505
REC:0.8943488943488943
TNR:0.4265232974910394
FPR:0.12779552715654952
FPDR:0.12779552715654952
F1:0.8831378892033966
BACC:0
CLSFE:0.12779552715654952
MCC:0.33609651530144935
GMEAN:0.617624999109618
SAMPLES:1252
AUC:{}
AVGP:{}
