

GENERAL_METRICS
ACC:0.802
PREC:0.6748000000000001
REC:0.6560807934190337
TNR:0.6560807934190337
FPR:0.3252
FPDR:0.3252
F1:0.6641484712535969
BACC:0.0
CLSFE:0.198
MCC:0.33035086008452946
GMEAN:0.6116251321365014
SAMPLES:1500.0
AUC:{'AUC macro OVO': 0.6748000000000001}
AVGP:{'avg_precision': 0.8853932287365813}


METRICS_PER_CLASSES
CLASS:0
ACC:0.802
PREC:0.484
REC:0.4186851211072664
TNR:0.893476465730801
FPR:0.516
FPDR:0.516
F1:0.4489795918367347
BACC:0
CLSFE:0.516
MCC:0.33035086008452946
GMEAN:0.6116251321365014
SAMPLES:250
AUC:{}
AVGP:{}
CLASS:1
ACC:0.802
PREC:0.8656
REC:0.893476465730801
TNR:0.4186851211072664
FPR:0.1344
FPDR:0.1344
F1:0.8793173506704591
BACC:0
CLSFE:0.1344
MCC:0.33035086008452946
GMEAN:0.6116251321365014
SAMPLES:1250
AUC:{}
AVGP:{}
