

GENERAL_METRICS
ACC:0.8033333333333333
PREC:0.6618078973131731
REC:0.6412987012987013
TNR:0.6412987012987013
FPR:0.338192102686827
FPDR:0.338192102686827
F1:0.6499073144449429
BACC:0.0
CLSFE:0.19666666666666666
MCC:0.30241194255667203
GMEAN:0.5880542425727342
SAMPLES:1500.0
AUC:{'AUC macro OVO': 0.6618078973131731}
AVGP:{'avg_precision': 0.8902376445846477}


METRICS_PER_CLASSES
CLASS:0
ACC:0.8033333333333333
PREC:0.45689655172413796
REC:0.38545454545454544
TNR:0.8971428571428571
FPR:0.5431034482758621
FPDR:0.5431034482758621
F1:0.4181459566074951
BACC:0
CLSFE:0.5431034482758621
MCC:0.30241194255667203
GMEAN:0.5880542425727342
SAMPLES:232
AUC:{}
AVGP:{}
CLASS:1
ACC:0.8033333333333333
PREC:0.8667192429022083
REC:0.8971428571428571
TNR:0.38545454545454544
FPR:0.1332807570977918
FPDR:0.1332807570977918
F1:0.8816686722823907
BACC:0
CLSFE:0.1332807570977918
MCC:0.30241194255667203
GMEAN:0.5880542425727342
SAMPLES:1268
AUC:{}
AVGP:{}
