

GENERAL_METRICS
ACC:0.798
PREC:0.6581327660018795
REC:0.6422595616144003
TNR:0.6422595616144003
FPR:0.3418672339981205
FPDR:0.3418672339981205
F1:0.6491623509904891
BACC:0.0
CLSFE:0.202
MCC:0.2999726518754663
GMEAN:0.592449286815142
SAMPLES:1500.0
AUC:{'AUC macro OVO': 0.6581327660018795}
AVGP:{'avg_precision': 0.8831332102223822}


METRICS_PER_CLASSES
CLASS:0
ACC:0.798
PREC:0.45081967213114754
REC:0.3942652329749104
TNR:0.8902538902538902
FPR:0.5491803278688525
FPDR:0.5491803278688525
F1:0.42065009560229444
BACC:0
CLSFE:0.5491803278688525
MCC:0.2999726518754663
GMEAN:0.592449286815142
SAMPLES:244
AUC:{}
AVGP:{}
CLASS:1
ACC:0.798
PREC:0.8654458598726115
REC:0.8902538902538902
TNR:0.3942652329749104
FPR:0.13455414012738853
FPDR:0.13455414012738853
F1:0.8776746063786839
BACC:0
CLSFE:0.13455414012738853
MCC:0.2999726518754663
GMEAN:0.592449286815142
SAMPLES:1256
AUC:{}
AVGP:{}
