

GENERAL_METRICS
ACC:0.8941818181818182
PREC:0.5601972762511819
REC:0.6516037735849056
TNR:0.6516037735849056
FPR:0.4398027237488181
FPDR:0.4398027237488181
F1:0.5773340115003177
BACC:0.0
CLSFE:0.10581818181818183
MCC:0.19106160513522533
GMEAN:0.5967838330553421
SAMPLES:2750.0
AUC:{'AUC macro OVO': 0.5601972762511819}
AVGP:{'avg_precision': 0.9129364591132747}


METRICS_PER_CLASSES
CLASS:0
ACC:0.8941818181818182
PREC:0.1449814126394052
REC:0.39
TNR:0.9132075471698113
FPR:0.8550185873605948
FPDR:0.8550185873605948
F1:0.21138211382113822
BACC:0
CLSFE:0.8550185873605948
MCC:0.19106160513522533
GMEAN:0.5967838330553421
SAMPLES:269
AUC:{}
AVGP:{}
CLASS:1
ACC:0.8941818181818182
PREC:0.9754131398629585
REC:0.9132075471698113
TNR:0.39
FPR:0.024586860137041516
FPDR:0.024586860137041516
F1:0.9432859091794972
BACC:0
CLSFE:0.024586860137041516
MCC:0.19106160513522533
GMEAN:0.5967838330553421
SAMPLES:2481
AUC:{}
AVGP:{}
