

GENERAL_METRICS
ACC:0.9032727272727272
PREC:0.5401532754473931
REC:0.6106741573033708
TNR:0.6106741573033708
FPR:0.45984672455260694
FPDR:0.45984672455260694
F1:0.5507871511000956
BACC:0.0
CLSFE:0.09672727272727273
MCC:0.13332561528994133
GMEAN:0.5257418514651677
SAMPLES:2750.0
AUC:{'AUC macro OVO': 0.5401532754473931}
AVGP:{'avg_precision': 0.9212049932525808}


METRICS_PER_CLASSES
CLASS:0
ACC:0.9032727272727272
PREC:0.10256410256410256
REC:0.3
TNR:0.9213483146067416
FPR:0.8974358974358975
FPDR:0.8974358974358975
F1:0.15286624203821655
BACC:0
CLSFE:0.8974358974358975
MCC:0.13332561528994133
GMEAN:0.5257418514651677
SAMPLES:234
AUC:{}
AVGP:{}
CLASS:1
ACC:0.9032727272727272
PREC:0.9777424483306836
REC:0.9213483146067416
TNR:0.3
FPR:0.022257551669316374
FPDR:0.022257551669316374
F1:0.9487080601619745
BACC:0
CLSFE:0.022257551669316374
MCC:0.13332561528994133
GMEAN:0.5257418514651677
SAMPLES:2516
AUC:{}
AVGP:{}
