

GENERAL_METRICS
ACC:0.8992727272727272
PREC:0.5624857558253762
REC:0.6529650321667129
TNR:0.6529650321667129
FPR:0.43751424417462376
FPDR:0.43751424417462376
F1:0.5807398462538479
BACC:0.0
CLSFE:0.10072727272727272
MCC:0.19553143634505468
GMEAN:0.5966800031801748
SAMPLES:2750.0
AUC:{'AUC macro OVO': 0.5624857558253762}
AVGP:{'avg_precision': 0.9179127842961392}


METRICS_PER_CLASSES
CLASS:0
ACC:0.8992727272727272
PREC:0.14901960784313725
REC:0.3877551020408163
TNR:0.9181749622926093
FPR:0.8509803921568627
FPDR:0.8509803921568627
F1:0.21529745042492918
BACC:0
CLSFE:0.8509803921568627
MCC:0.19553143634505468
GMEAN:0.5966800031801748
SAMPLES:255
AUC:{}
AVGP:{}
CLASS:1
ACC:0.8992727272727272
PREC:0.9759519038076152
REC:0.9181749622926093
TNR:0.3877551020408163
FPR:0.02404809619238477
FPDR:0.02404809619238477
F1:0.9461822420827667
BACC:0
CLSFE:0.02404809619238477
MCC:0.19553143634505468
GMEAN:0.5966800031801748
SAMPLES:2495
AUC:{}
AVGP:{}
