

GENERAL_METRICS
ACC:0.8912727272727273
PREC:0.5503385570134821
REC:0.6275828827696048
TNR:0.6275828827696048
FPR:0.44966144298651783
FPDR:0.44966144298651783
F1:0.5635177838965799
BACC:0.0
CLSFE:0.10872727272727273
MCC:0.16027898450192601
GMEAN:0.5595711593167083
SAMPLES:2750.0
AUC:{'AUC macro OVO': 0.5503385570134822}
AVGP:{'avg_precision': 0.9114908548641886}


METRICS_PER_CLASSES
CLASS:0
ACC:0.8912727272727273
PREC:0.12686567164179105
REC:0.3434343434343434
TNR:0.9117314221048661
FPR:0.8731343283582089
FPDR:0.8731343283582089
F1:0.18528610354223432
BACC:0
CLSFE:0.8731343283582089
MCC:0.16027898450192601
GMEAN:0.5595711593167083
SAMPLES:268
AUC:{}
AVGP:{}
CLASS:1
ACC:0.8912727272727273
PREC:0.9738114423851733
REC:0.9117314221048661
TNR:0.3434343434343434
FPR:0.026188557614826753
FPDR:0.026188557614826753
F1:0.9417494642509254
BACC:0
CLSFE:0.026188557614826753
MCC:0.16027898450192601
GMEAN:0.5595711593167083
SAMPLES:2482
AUC:{}
AVGP:{}
