

GENERAL_METRICS
ACC:0.9163076923076923
PREC:0.5043372941831157
REC:0.5410852713178295
TNR:0.5410852713178295
FPR:0.4956627058168843
FPDR:0.4956627058168843
F1:0.49242076251722555
BACC:0.0
CLSFE:0.08369230769230769
MCC:0.026698232772867196
GMEAN:0.3841188446584018
SAMPLES:3250.0
AUC:{'AUC macro OVO': 0.5043372941831157}
AVGP:{'avg_precision': 0.922166110681388}


METRICS_PER_CLASSES
CLASS:0
ACC:0.9163076923076923
PREC:0.01568627450980392
REC:0.16
TNR:0.9221705426356589
FPR:0.984313725490196
FPDR:0.984313725490196
F1:0.02857142857142857
BACC:0
CLSFE:0.984313725490196
MCC:0.026698232772867196
GMEAN:0.3841188446584018
SAMPLES:255
AUC:{}
AVGP:{}
CLASS:1
ACC:0.9163076923076923
PREC:0.9929883138564274
REC:0.9221705426356589
TNR:0.16
FPR:0.007011686143572621
FPDR:0.007011686143572621
F1:0.9562700964630225
BACC:0
CLSFE:0.007011686143572621
MCC:0.026698232772867196
GMEAN:0.3841188446584018
SAMPLES:2995
AUC:{}
AVGP:{}
