

GENERAL_METRICS
ACC:0.912
PREC:0.498201700325527
REC:0.4808342652349065
TNR:0.4808342652349065
FPR:0.501798299674473
FPDR:0.501798299674473
F1:0.4804522608571224
BACC:0.0
CLSFE:0.088
MCC:-0.011741504944274098
GMEAN:0.19980319334178817
SAMPLES:3250.0
AUC:{'AUC macro OVO': 0.498201700325527}
AVGP:{'avg_precision': 0.9181922689017381}


METRICS_PER_CLASSES
CLASS:0
ACC:0.912
PREC:0.0037735849056603774
REC:0.043478260869565216
TNR:0.9181902696002479
FPR:0.9962264150943396
FPDR:0.9962264150943396
F1:0.006944444444444444
BACC:0
CLSFE:0.9962264150943396
MCC:-0.011741504944274098
GMEAN:0.19980319334178817
SAMPLES:265
AUC:{}
AVGP:{}
CLASS:1
ACC:0.912
PREC:0.9926298157453937
REC:0.9181902696002479
TNR:0.043478260869565216
FPR:0.007370184254606365
FPDR:0.007370184254606365
F1:0.9539600772698004
BACC:0
CLSFE:0.007370184254606365
MCC:-0.011741504944274098
GMEAN:0.19980319334178817
SAMPLES:2985
AUC:{}
AVGP:{}
