

GENERAL_METRICS
ACC:0.9181538461538462
PREC:0.4971312778242244
REC:0.4794716852558899
TNR:0.4794716852558899
FPR:0.5028687221757756
FPDR:0.5028687221757756
F1:0.48238987986894794
BACC:0.0
CLSFE:0.08184615384615385
MCC:-0.01534796817011676
GMEAN:0.17289613757096042
SAMPLES:3250.0
AUC:{'AUC macro OVO': 0.4971312778242244}
AVGP:{'avg_precision': 0.9266892052696097}


METRICS_PER_CLASSES
CLASS:0
ACC:0.9181538461538462
PREC:0.004219409282700422
REC:0.03225806451612903
TNR:0.9266853059956508
FPR:0.9957805907172996
FPDR:0.9957805907172996
F1:0.007462686567164179
BACC:0
CLSFE:0.9957805907172996
MCC:-0.01534796817011676
GMEAN:0.17289613757096042
SAMPLES:237
AUC:{}
AVGP:{}
CLASS:1
ACC:0.9181538461538462
PREC:0.9900431463657484
REC:0.9266853059956508
TNR:0.03225806451612903
FPR:0.009956853634251576
FPDR:0.009956853634251576
F1:0.9573170731707317
BACC:0
CLSFE:0.009956853634251576
MCC:-0.01534796817011676
GMEAN:0.17289613757096042
SAMPLES:3013
AUC:{}
AVGP:{}
