

GENERAL_METRICS
ACC:0.9166153846153846
PREC:0.49786178733547154
REC:0.4810794044665012
TNR:0.4810794044665012
FPR:0.5021382126645284
FPDR:0.5021382126645284
F1:0.48190292657933576
BACC:0.0
CLSFE:0.08338461538461539
MCC:-0.01272104665350262
GMEAN:0.18848559121337713
SAMPLES:3250.0
AUC:{'AUC macro OVO': 0.49786178733547154}
AVGP:{'avg_precision': 0.9236997906973093}


METRICS_PER_CLASSES
CLASS:0
ACC:0.9166153846153846
PREC:0.004048582995951417
REC:0.038461538461538464
TNR:0.923697270471464
FPR:0.9959514170040485
FPDR:0.9959514170040485
F1:0.007326007326007326
BACC:0
CLSFE:0.9959514170040485
MCC:-0.01272104665350262
GMEAN:0.18848559121337713
SAMPLES:247
AUC:{}
AVGP:{}
CLASS:1
ACC:0.9166153846153846
PREC:0.9916749916749916
REC:0.923697270471464
TNR:0.038461538461538464
FPR:0.008325008325008326
FPDR:0.008325008325008326
F1:0.9564798458326642
BACC:0
CLSFE:0.008325008325008326
MCC:-0.01272104665350262
GMEAN:0.18848559121337713
SAMPLES:3003
AUC:{}
AVGP:{}
