

GENERAL_METRICS
ACC:0.8114285714285714
PREC:0.5978799083203599
REC:0.6028292671845895
TNR:0.6028292671845895
FPR:0.40212009167964025
FPDR:0.40212009167964025
F1:0.6002121125691927
BACC:0.0
CLSFE:0.18857142857142858
MCC:0.2006481422259115
GMEAN:0.5318124639781281
SAMPLES:1750.0
AUC:{'AUC macro OVO': 0.5978799083203599}
AVGP:{'avg_precision': 0.8838288000929073}


METRICS_PER_CLASSES
CLASS:0
ACC:0.8114285714285714
PREC:0.3008130081300813
REC:0.31896551724137934
TNR:0.8866930171277997
FPR:0.6991869918699187
FPDR:0.6991869918699187
F1:0.30962343096234307
BACC:0
CLSFE:0.6991869918699187
MCC:0.2006481422259115
GMEAN:0.5318124639781281
SAMPLES:246
AUC:{}
AVGP:{}
CLASS:1
ACC:0.8114285714285714
PREC:0.8949468085106383
REC:0.8866930171277997
TNR:0.31896551724137934
FPR:0.10505319148936171
FPDR:0.10505319148936171
F1:0.8908007941760424
BACC:0
CLSFE:0.10505319148936171
MCC:0.2006481422259115
GMEAN:0.5318124639781281
SAMPLES:1504
AUC:{}
AVGP:{}
