

GENERAL_METRICS
ACC:0.9083333333333333
PREC:0.5015798006277811
REC:0.5273897234714381
TNR:0.5273897234714381
FPR:0.498420199372219
FPDR:0.498420199372219
F1:0.4831341990365622
BACC:0.0
CLSFE:0.09166666666666666
MCC:0.013156033191646628
GMEAN:0.3609357489490207
SAMPLES:3000.0
AUC:{'AUC macro OVO': 0.501579800627781}
AVGP:{'avg_precision': 0.9119211824590318}


METRICS_PER_CLASSES
CLASS:0
ACC:0.9083333333333333
PREC:0.007547169811320755
REC:0.14285714285714285
TNR:0.9119223040857334
FPR:0.9924528301886792
FPDR:0.9924528301886792
F1:0.014336917562724014
BACC:0
CLSFE:0.9924528301886792
MCC:0.013156033191646628
GMEAN:0.3609357489490207
SAMPLES:265
AUC:{}
AVGP:{}
CLASS:1
ACC:0.9083333333333333
PREC:0.9956124314442413
REC:0.9119223040857334
TNR:0.14285714285714285
FPR:0.0043875685557586835
FPDR:0.0043875685557586835
F1:0.9519314805104003
BACC:0
CLSFE:0.0043875685557586835
MCC:0.013156033191646628
GMEAN:0.3609357489490207
SAMPLES:2735
AUC:{}
AVGP:{}
