

GENERAL_METRICS
ACC:0.9083333333333333
PREC:0.500577154221325
REC:0.5177139037433155
TNR:0.5177139037433155
FPR:0.49942284577867496
FPDR:0.49942284577867496
F1:0.4795842477406071
BACC:0.0
CLSFE:0.09166666666666666
MCC:0.006394889935440586
GMEAN:0.33734770776726625
SAMPLES:3000.0
AUC:{'AUC macro OVO': 0.500577154221325}
AVGP:{'avg_precision': 0.9104275653339129}


METRICS_PER_CLASSES
CLASS:0
ACC:0.9083333333333333
PREC:0.0037174721189591076
REC:0.125
TNR:0.910427807486631
FPR:0.9962825278810409
FPDR:0.9962825278810409
F1:0.007220216606498195
BACC:0
CLSFE:0.9962825278810409
MCC:0.006394889935440586
GMEAN:0.33734770776726625
SAMPLES:269
AUC:{}
AVGP:{}
CLASS:1
ACC:0.9083333333333333
PREC:0.997436836323691
REC:0.910427807486631
TNR:0.125
FPR:0.002563163676309044
FPDR:0.002563163676309044
F1:0.951948278874716
BACC:0
CLSFE:0.002563163676309044
MCC:0.006394889935440586
GMEAN:0.33734770776726625
SAMPLES:2731
AUC:{}
AVGP:{}
