

GENERAL_METRICS
ACC:0.9176666666666666
PREC:0.5040160642570282
REC:0.9588058705803869
TNR:0.9588058705803869
FPR:0.4959839357429719
FPDR:0.4959839357429719
F1:0.48648613062101914
BACC:0.0
CLSFE:0.08233333333333333
MCC:0.08585089068268444
GMEAN:0.9579205296687058
SAMPLES:3000.0
AUC:{'AUC macro OVO': 0.5040160642570282}
AVGP:{'avg_precision': 0.9176117411607738}


METRICS_PER_CLASSES
CLASS:0
ACC:0.9176666666666666
PREC:0.008032128514056224
REC:1.0
TNR:0.9176117411607738
FPR:0.9919678714859438
FPDR:0.9919678714859438
F1:0.01593625498007968
BACC:0
CLSFE:0.9919678714859438
MCC:0.08585089068268444
GMEAN:0.9579205296687058
SAMPLES:249
AUC:{}
AVGP:{}
CLASS:1
ACC:0.9176666666666666
PREC:1.0
REC:0.9176117411607738
TNR:1.0
FPR:0.0
FPDR:0.0
F1:0.9570360062619586
BACC:0
CLSFE:0.0
MCC:0.08585089068268444
GMEAN:0.9579205296687058
SAMPLES:2751
AUC:{}
AVGP:{}
