

GENERAL_METRICS
ACC:0.7746666666666666
PREC:0.759313725490196
REC:0.7437394890225079
TNR:0.7437394890225079
FPR:0.2406862745098039
FPDR:0.2406862745098039
F1:0.7496696824804328
BACC:0.0
CLSFE:0.22533333333333333
MCC:0.5028120720408501
GMEAN:0.7349966580807689
SAMPLES:750.0
AUC:{'AUC macro OVO': 0.759313725490196}
AVGP:{'avg_precision': 0.822301804579274}


METRICS_PER_CLASSES
CLASS:0
ACC:0.7746666666666666
PREC:0.7166666666666667
REC:0.63003663003663
TNR:0.8574423480083857
FPR:0.2833333333333333
FPDR:0.2833333333333333
F1:0.6705653021442495
BACC:0
CLSFE:0.2833333333333333
MCC:0.5028120720408501
GMEAN:0.7349966580807689
SAMPLES:240
AUC:{}
AVGP:{}
CLASS:1
ACC:0.7746666666666666
PREC:0.8019607843137255
REC:0.8574423480083857
TNR:0.63003663003663
FPR:0.1980392156862745
FPDR:0.1980392156862745
F1:0.828774062816616
BACC:0
CLSFE:0.1980392156862745
MCC:0.5028120720408501
GMEAN:0.7349966580807689
SAMPLES:510
AUC:{}
AVGP:{}
