

GENERAL_METRICS
ACC:0.7453333333333333
PREC:0.71935618729097
REC:0.7055567308370354
TNR:0.7055567308370354
FPR:0.2806438127090301
FPDR:0.2806438127090301
F1:0.7108508151685745
BACC:0.0
CLSFE:0.25466666666666665
MCC:0.4246887836918147
GMEAN:0.6933181991589473
SAMPLES:750.0
AUC:{'AUC macro OVO': 0.7193561872909698}
AVGP:{'avg_precision': 0.8058614126160139}


METRICS_PER_CLASSES
CLASS:0
ACC:0.7453333333333333
PREC:0.6521739130434783
REC:0.5747126436781609
TNR:0.83640081799591
FPR:0.34782608695652173
FPDR:0.34782608695652173
F1:0.6109979633401222
BACC:0
CLSFE:0.34782608695652173
MCC:0.4246887836918147
GMEAN:0.6933181991589473
SAMPLES:230
AUC:{}
AVGP:{}
CLASS:1
ACC:0.7453333333333333
PREC:0.7865384615384615
REC:0.83640081799591
TNR:0.5747126436781609
FPR:0.21346153846153845
FPDR:0.21346153846153845
F1:0.8107036669970268
BACC:0
CLSFE:0.21346153846153845
MCC:0.4246887836918147
GMEAN:0.6933181991589473
SAMPLES:520
AUC:{}
AVGP:{}
