

GENERAL_METRICS
ACC:0.764
PREC:0.7474538208502024
REC:0.7388472076995292
TNR:0.7388472076995292
FPR:0.2525461791497976
FPDR:0.2525461791497976
F1:0.7424385587424405
BACC:0.0
CLSFE:0.236
MCC:0.48622486215597965
GMEAN:0.7325513854671056
SAMPLES:750.0
AUC:{'AUC macro OVO': 0.7474538208502024}
AVGP:{'avg_precision': 0.7997380147392388}


METRICS_PER_CLASSES
CLASS:0
ACC:0.764
PREC:0.6953125
REC:0.6425992779783394
TNR:0.8350951374207188
FPR:0.3046875
FPDR:0.3046875
F1:0.6679174484052532
BACC:0
CLSFE:0.3046875
MCC:0.48622486215597965
GMEAN:0.7325513854671056
SAMPLES:256
AUC:{}
AVGP:{}
CLASS:1
ACC:0.764
PREC:0.7995951417004049
REC:0.8350951374207188
TNR:0.6425992779783394
FPR:0.20040485829959515
FPDR:0.20040485829959515
F1:0.8169596690796277
BACC:0
CLSFE:0.20040485829959515
MCC:0.48622486215597965
GMEAN:0.7325513854671056
SAMPLES:494
AUC:{}
AVGP:{}
