

GENERAL_METRICS
ACC:0.76
PREC:0.728
REC:0.7298683701122726
TNR:0.7298683701122726
FPR:0.272
FPDR:0.272
F1:0.728906952833826
BACC:0.0
CLSFE:0.24
MCC:0.4578645580762859
GMEAN:0.7245933262528179
SAMPLES:750.0
AUC:{'AUC macro OVO': 0.728}
AVGP:{'avg_precision': 0.7909206349206349}


METRICS_PER_CLASSES
CLASS:0
ACC:0.76
PREC:0.632
REC:0.6422764227642277
TNR:0.8174603174603174
FPR:0.368
FPDR:0.368
F1:0.6370967741935484
BACC:0
CLSFE:0.368
MCC:0.4578645580762859
GMEAN:0.7245933262528179
SAMPLES:250
AUC:{}
AVGP:{}
CLASS:1
ACC:0.76
PREC:0.824
REC:0.8174603174603174
TNR:0.6422764227642277
FPR:0.176
FPDR:0.176
F1:0.8207171314741036
BACC:0
CLSFE:0.176
MCC:0.4578645580762859
GMEAN:0.7245933262528179
SAMPLES:500
AUC:{}
AVGP:{}
