

GENERAL_METRICS
ACC:0.8446666666666667
PREC:0.6144874748631624
REC:0.6972059574126431
TNR:0.6972059574126431
FPR:0.3855125251368376
FPDR:0.3855125251368376
F1:0.6366093940890541
BACC:0.0
CLSFE:0.15533333333333332
MCC:0.30051696852022086
GMEAN:0.6742273138259867
SAMPLES:1500.0
AUC:{'AUC macro OVO': 0.6144874748631624}
AVGP:{'avg_precision': 0.8731127660499506}


METRICS_PER_CLASSES
CLASS:0
ACC:0.8446666666666667
PREC:0.2773109243697479
REC:0.5196850393700787
TNR:0.8747268754552076
FPR:0.7226890756302521
FPDR:0.7226890756302521
F1:0.36164383561643837
BACC:0
CLSFE:0.7226890756302521
MCC:0.30051696852022086
GMEAN:0.6742273138259867
SAMPLES:238
AUC:{}
AVGP:{}
CLASS:1
ACC:0.8446666666666667
PREC:0.9516640253565769
REC:0.8747268754552076
TNR:0.5196850393700787
FPR:0.04833597464342314
FPDR:0.04833597464342314
F1:0.9115749525616699
BACC:0
CLSFE:0.04833597464342314
MCC:0.30051696852022086
GMEAN:0.6742273138259867
SAMPLES:1262
AUC:{}
AVGP:{}
