

GENERAL_METRICS
ACC:0.8346666666666667
PREC:0.6277309287244998
REC:0.705194760033582
TNR:0.705194760033582
FPR:0.3722690712755003
FPDR:0.3722690712755003
F1:0.6496845277333082
BACC:0.0
CLSFE:0.16533333333333333
MCC:0.32378830904459954
GMEAN:0.686436152260796
SAMPLES:1500.0
AUC:{'AUC macro OVO': 0.6277309287244996}
AVGP:{'avg_precision': 0.8645280350130744}


METRICS_PER_CLASSES
CLASS:0
ACC:0.8346666666666667
PREC:0.3103448275862069
REC:0.5436241610738255
TNR:0.8667653589933383
FPR:0.6896551724137931
FPDR:0.6896551724137931
F1:0.3951219512195122
BACC:0
CLSFE:0.6896551724137931
MCC:0.32378830904459954
GMEAN:0.686436152260796
SAMPLES:261
AUC:{}
AVGP:{}
CLASS:1
ACC:0.8346666666666667
PREC:0.9451170298627926
REC:0.8667653589933383
TNR:0.5436241610738255
FPR:0.05488297013720742
FPDR:0.05488297013720742
F1:0.9042471042471042
BACC:0
CLSFE:0.05488297013720742
MCC:0.32378830904459954
GMEAN:0.686436152260796
SAMPLES:1239
AUC:{}
AVGP:{}
