

GENERAL_METRICS
ACC:0.85
PREC:0.6298394277117682
REC:0.7024995211645279
TNR:0.7024995211645279
FPR:0.37016057228823185
FPDR:0.37016057228823185
F1:0.652362544149957
BACC:0.0
CLSFE:0.15
MCC:0.32429876311764977
GMEAN:0.6788455335196812
SAMPLES:1500.0
AUC:{'AUC macro OVO': 0.6298394277117683}
AVGP:{'avg_precision': 0.8813220441361785}


METRICS_PER_CLASSES
CLASS:0
ACC:0.85
PREC:0.3116883116883117
REC:0.5217391304347826
TNR:0.8832599118942731
FPR:0.6883116883116883
FPDR:0.6883116883116883
F1:0.3902439024390244
BACC:0
CLSFE:0.6883116883116883
MCC:0.32429876311764977
GMEAN:0.6788455335196812
SAMPLES:231
AUC:{}
AVGP:{}
CLASS:1
ACC:0.85
PREC:0.9479905437352246
REC:0.8832599118942731
TNR:0.5217391304347826
FPR:0.05200945626477541
FPDR:0.05200945626477541
F1:0.9144811858608894
BACC:0
CLSFE:0.05200945626477541
MCC:0.32429876311764977
GMEAN:0.6788455335196812
SAMPLES:1269
AUC:{}
AVGP:{}
