

GENERAL_METRICS
ACC:0.8633333333333333
PREC:0.6656746031746033
REC:0.7549942740806719
TNR:0.7549942740806719
FPR:0.3343253968253968
FPDR:0.3343253968253968
F1:0.6945692930396563
BACC:0.0
CLSFE:0.13666666666666666
MCC:0.41107700091399574
GMEAN:0.7429526386214051
SAMPLES:1500.0
AUC:{'AUC macro OVO': 0.6656746031746033}
AVGP:{'avg_precision': 0.8871469571838575}


METRICS_PER_CLASSES
CLASS:0
ACC:0.8633333333333333
PREC:0.375
REC:0.6206896551724138
TNR:0.8892988929889298
FPR:0.625
FPDR:0.625
F1:0.4675324675324675
BACC:0
CLSFE:0.625
MCC:0.41107700091399574
GMEAN:0.7429526386214051
SAMPLES:240
AUC:{}
AVGP:{}
CLASS:1
ACC:0.8633333333333333
PREC:0.9563492063492064
REC:0.8892988929889298
TNR:0.6206896551724138
FPR:0.04365079365079365
FPDR:0.04365079365079365
F1:0.9216061185468452
BACC:0
CLSFE:0.04365079365079365
MCC:0.41107700091399574
GMEAN:0.7429526386214051
SAMPLES:1260
AUC:{}
AVGP:{}
