

GENERAL_METRICS
ACC:0.903
PREC:0.5945642766034985
REC:0.6563751327098228
TNR:0.6563751327098228
FPR:0.40543572339650147
FPDR:0.40543572339650147
F1:0.6147353788104458
BACC:0.0
CLSFE:0.097
MCC:0.24320774085937702
GMEAN:0.5965302132427407
SAMPLES:3000.0
AUC:{'AUC macro OVO': 0.5945642766034985}
AVGP:{'avg_precision': 0.9296791353109868}


METRICS_PER_CLASSES
CLASS:0
ACC:0.903
PREC:0.22265625
REC:0.3825503355704698
TNR:0.9301999298491758
FPR:0.77734375
FPDR:0.77734375
F1:0.2814814814814815
BACC:0
CLSFE:0.77734375
MCC:0.24320774085937702
GMEAN:0.5965302132427407
SAMPLES:256
AUC:{}
AVGP:{}
CLASS:1
ACC:0.903
PREC:0.9664723032069971
REC:0.9301999298491758
TNR:0.3825503355704698
FPR:0.033527696793002916
FPDR:0.033527696793002916
F1:0.9479892761394102
BACC:0
CLSFE:0.033527696793002916
MCC:0.24320774085937702
GMEAN:0.5965302132427407
SAMPLES:2744
AUC:{}
AVGP:{}
