

GENERAL_METRICS
ACC:0.9026666666666666
PREC:0.5839708561020036
REC:0.6478013674345389
TNR:0.6478013674345389
FPR:0.4160291438979964
FPDR:0.4160291438979964
F1:0.6033980995706196
BACC:0.0
CLSFE:0.09733333333333333
MCC:0.22280940156577803
GMEAN:0.5837333903017764
SAMPLES:3000.0
AUC:{'AUC macro OVO': 0.5839708561020036}
AVGP:{'avg_precision': 0.9282571814025564}


METRICS_PER_CLASSES
CLASS:0
ACC:0.9026666666666666
PREC:0.2
REC:0.3669064748201439
TNR:0.9286962600489339
FPR:0.8
FPDR:0.8
F1:0.25888324873096447
BACC:0
CLSFE:0.8
MCC:0.22280940156577803
GMEAN:0.5837333903017764
SAMPLES:255
AUC:{}
AVGP:{}
CLASS:1
ACC:0.9026666666666666
PREC:0.9679417122040073
REC:0.9286962600489339
TNR:0.3669064748201439
FPR:0.032058287795992714
FPDR:0.032058287795992714
F1:0.9479129504102747
BACC:0
CLSFE:0.032058287795992714
MCC:0.22280940156577803
GMEAN:0.5837333903017764
SAMPLES:2745
AUC:{}
AVGP:{}
