

GENERAL_METRICS
ACC:0.9096666666666666
PREC:0.6126842951510807
REC:0.6675998052580331
TNR:0.6675998052580331
FPR:0.38731570484891925
FPDR:0.38731570484891925
F1:0.6327871814270712
BACC:0.0
CLSFE:0.09033333333333333
MCC:0.2748517121864796
GMEAN:0.6104923938026061
SAMPLES:3000.0
AUC:{'AUC macro OVO': 0.6126842951510807}
AVGP:{'avg_precision': 0.9371702847222542}


METRICS_PER_CLASSES
CLASS:0
ACC:0.9096666666666666
PREC:0.2594142259414226
REC:0.3974358974358974
TNR:0.9377637130801688
FPR:0.7405857740585774
FPDR:0.7405857740585774
F1:0.3139240506329114
BACC:0
CLSFE:0.7405857740585774
MCC:0.2748517121864796
GMEAN:0.6104923938026061
SAMPLES:239
AUC:{}
AVGP:{}
CLASS:1
ACC:0.9096666666666666
PREC:0.9659543643607389
REC:0.9377637130801688
TNR:0.3974358974358974
FPR:0.034045635639261135
FPDR:0.034045635639261135
F1:0.9516503122212311
BACC:0
CLSFE:0.034045635639261135
MCC:0.2748517121864796
GMEAN:0.6104923938026061
SAMPLES:2761
AUC:{}
AVGP:{}
