

GENERAL_METRICS
ACC:0.897
PREC:0.5910840108767522
REC:0.6518311154387104
TNR:0.6518311154387104
FPR:0.4089159891232477
FPDR:0.4089159891232477
F1:0.6104503521705311
BACC:0.0
CLSFE:0.103
MCC:0.23519682795521643
GMEAN:0.591618645889834
SAMPLES:3000.0
AUC:{'AUC macro OVO': 0.5910840108767523}
AVGP:{'avg_precision': 0.924895844961576}


METRICS_PER_CLASSES
CLASS:0
ACC:0.897
PREC:0.2177121771217712
REC:0.3782051282051282
TNR:0.9254571026722925
FPR:0.7822878228782287
FPDR:0.7822878228782287
F1:0.27634660421545665
BACC:0
CLSFE:0.7822878228782287
MCC:0.23519682795521643
GMEAN:0.591618645889834
SAMPLES:271
AUC:{}
AVGP:{}
CLASS:1
ACC:0.897
PREC:0.9644558446317333
REC:0.9254571026722925
TNR:0.3782051282051282
FPR:0.035544155368266765
FPDR:0.035544155368266765
F1:0.9445541001256056
BACC:0
CLSFE:0.035544155368266765
MCC:0.23519682795521643
GMEAN:0.591618645889834
SAMPLES:2729
AUC:{}
AVGP:{}
