

GENERAL_METRICS
ACC:0.8846666666666667
PREC:0.6299218874541687
REC:0.6235541830432341
TNR:0.6235541830432341
FPR:0.37007811254583134
FPDR:0.37007811254583134
F1:0.626613869819897
BACC:0.0
CLSFE:0.11533333333333333
MCC:0.2533960746644258
GMEAN:0.5376347225491588
SAMPLES:3000.0
AUC:{'AUC macro OVO': 0.6299218874541687}
AVGP:{'avg_precision': 0.9380163160154572}


METRICS_PER_CLASSES
CLASS:0
ACC:0.8846666666666667
PREC:0.3252032520325203
REC:0.3076923076923077
TNR:0.9394160583941605
FPR:0.6747967479674797
FPDR:0.6747967479674797
F1:0.31620553359683795
BACC:0
CLSFE:0.6747967479674797
MCC:0.2533960746644258
GMEAN:0.5376347225491588
SAMPLES:246
AUC:{}
AVGP:{}
CLASS:1
ACC:0.8846666666666667
PREC:0.934640522875817
REC:0.9394160583941605
TNR:0.3076923076923077
FPR:0.06535947712418301
FPDR:0.06535947712418301
F1:0.9370222060429559
BACC:0
CLSFE:0.06535947712418301
MCC:0.2533960746644258
GMEAN:0.5376347225491588
SAMPLES:2754
AUC:{}
AVGP:{}
