

GENERAL_METRICS
ACC:0.88
PREC:0.6328751180140602
REC:0.6140333536651186
TNR:0.6140333536651186
FPR:0.36712488198593984
FPDR:0.36712488198593984
F1:0.6223137062356007
BACC:0.0
CLSFE:0.12
MCC:0.2461885076585964
GMEAN:0.5192058957953564
SAMPLES:3000.0
AUC:{'AUC macro OVO': 0.6328751180140602}
AVGP:{'avg_precision': 0.9402735995712225}


METRICS_PER_CLASSES
CLASS:0
ACC:0.88
PREC:0.3389121338912134
REC:0.2862190812720848
TNR:0.9418476260581524
FPR:0.6610878661087866
FPDR:0.6610878661087866
F1:0.3103448275862069
BACC:0
CLSFE:0.6610878661087866
MCC:0.2461885076585964
GMEAN:0.5192058957953564
SAMPLES:239
AUC:{}
AVGP:{}
CLASS:1
ACC:0.88
PREC:0.9268381021369069
REC:0.9418476260581524
TNR:0.2862190812720848
FPR:0.07316189786309309
FPDR:0.07316189786309309
F1:0.9342825848849945
BACC:0
CLSFE:0.07316189786309309
MCC:0.2461885076585964
GMEAN:0.5192058957953564
SAMPLES:2761
AUC:{}
AVGP:{}
