

GENERAL_METRICS
ACC:0.9288571428571428
PREC:0.4967909535452323
REC:0.46723196320781835
TNR:0.46723196320781835
FPR:0.5032090464547677
FPDR:0.5032090464547677
F1:0.48155828766108727
BACC:0.0
CLSFE:0.07114285714285715
MCC:-0.020508939738333523
GMEAN:0.0
SAMPLES:3500.0
AUC:{'AUC macro OVO': 0.4967909535452323}
AVGP:{'avg_precision': 0.9344664501152918}


METRICS_PER_CLASSES
CLASS:0
ACC:0.9288571428571428
PREC:0.0
REC:0.0
TNR:0.9344639264156367
FPR:1.0
FPDR:1.0
F1:0.0
BACC:0
CLSFE:1.0
MCC:-0.020508939738333523
GMEAN:0
SAMPLES:228
AUC:{}
AVGP:{}
CLASS:1
ACC:0.9288571428571428
PREC:0.9935819070904646
REC:0.9344639264156367
TNR:0.0
FPR:0.006418092909535452
FPDR:0.006418092909535452
F1:0.9631165753221745
BACC:0
CLSFE:0.006418092909535452
MCC:-0.020508939738333523
GMEAN:0
SAMPLES:3272
AUC:{}
AVGP:{}
