

GENERAL_METRICS
ACC:0.932
PREC:0.49951770418914276
REC:0.4947156745641754
TNR:0.4947156745641754
FPR:0.5004822958108572
FPDR:0.5004822958108572
F1:0.4865631163708087
BACC:0.0
CLSFE:0.068
MCC:-0.003192872074421125
GMEAN:0.22204785759416137
SAMPLES:3500.0
AUC:{'AUC macro OVO': 0.49951770418914276}
AVGP:{'avg_precision': 0.9368000851270547}


METRICS_PER_CLASSES
CLASS:0
ACC:0.932
PREC:0.004524886877828055
REC:0.05263157894736842
TNR:0.9367997701809825
FPR:0.995475113122172
FPDR:0.995475113122172
F1:0.008333333333333333
BACC:0
CLSFE:0.995475113122172
MCC:-0.003192872074421125
GMEAN:0.22204785759416137
SAMPLES:221
AUC:{}
AVGP:{}
CLASS:1
ACC:0.932
PREC:0.9945105215004575
REC:0.9367997701809825
TNR:0.05263157894736842
FPR:0.0054894784995425435
FPDR:0.0054894784995425435
F1:0.964792899408284
BACC:0
CLSFE:0.0054894784995425435
MCC:-0.003192872074421125
GMEAN:0.22204785759416137
SAMPLES:3279
AUC:{}
AVGP:{}
