

GENERAL_METRICS
ACC:0.9282857142857143
PREC:0.496637114032406
REC:0.46707878090856814
TNR:0.46707878090856814
FPR:0.503362885967594
FPDR:0.503362885967594
F1:0.4814046525411172
BACC:0.0
CLSFE:0.07171428571428572
MCC:-0.021043792977375932
GMEAN:0.0
SAMPLES:3500.0
AUC:{'AUC macro OVO': 0.496637114032406}
AVGP:{'avg_precision': 0.9341603453905372}


METRICS_PER_CLASSES
CLASS:0
ACC:0.9282857142857143
PREC:0.0
REC:0.0
TNR:0.9341575618171363
FPR:1.0
FPDR:1.0
F1:0.0
BACC:0
CLSFE:1.0
MCC:-0.021043792977375932
GMEAN:0
SAMPLES:229
AUC:{}
AVGP:{}
CLASS:1
ACC:0.9282857142857143
PREC:0.993274228064812
REC:0.9341575618171363
TNR:0.0
FPR:0.006725771935188016
FPDR:0.006725771935188016
F1:0.9628093050822344
BACC:0
CLSFE:0.006725771935188016
MCC:-0.021043792977375932
GMEAN:0
SAMPLES:3271
AUC:{}
AVGP:{}
