

GENERAL_METRICS
ACC:0.934
PREC:0.4984751448612382
REC:0.4683381088825215
TNR:0.4683381088825215
FPR:0.5015248551387618
FPDR:0.5015248551387618
F1:0.48293691830403307
BACC:0.0
CLSFE:0.066
MCC:-0.013896733051102948
GMEAN:0.0
SAMPLES:3500.0
AUC:{'AUC macro OVO': 0.4984751448612382}
AVGP:{'avg_precision': 0.9366767695341558}


METRICS_PER_CLASSES
CLASS:0
ACC:0.934
PREC:0.0
REC:0.0
TNR:0.936676217765043
FPR:1.0
FPDR:1.0
F1:0.0
BACC:0
CLSFE:1.0
MCC:-0.013896733051102948
GMEAN:0
SAMPLES:221
AUC:{}
AVGP:{}
CLASS:1
ACC:0.934
PREC:0.9969502897224763
REC:0.936676217765043
TNR:0.0
FPR:0.0030497102775236353
FPDR:0.0030497102775236353
F1:0.9658738366080661
BACC:0
CLSFE:0.0030497102775236353
MCC:-0.013896733051102948
GMEAN:0
SAMPLES:3279
AUC:{}
AVGP:{}
