

GENERAL_METRICS
ACC:0.8863333333333333
PREC:0.5476536168006222
REC:0.5683715808895426
TNR:0.5683715808895426
FPR:0.45234638319937776
FPDR:0.45234638319937776
F1:0.554651799089191
BACC:0.0
CLSFE:0.11366666666666667
MCC:0.11416046803973803
GMEAN:0.44183688718733133
SAMPLES:3000.0
AUC:{'AUC macro OVO': 0.5476536168006223}
AVGP:{'avg_precision': 0.9255400040387637}


METRICS_PER_CLASSES
CLASS:0
ACC:0.8863333333333333
PREC:0.14285714285714285
REC:0.21084337349397592
TNR:0.9258997882851094
FPR:0.8571428571428571
FPDR:0.8571428571428571
F1:0.170316301703163
BACC:0
CLSFE:0.8571428571428571
MCC:0.11416046803973803
GMEAN:0.44183688718733133
SAMPLES:245
AUC:{}
AVGP:{}
CLASS:1
ACC:0.8863333333333333
PREC:0.9524500907441016
REC:0.9258997882851094
TNR:0.21084337349397592
FPR:0.047549909255898366
FPDR:0.047549909255898366
F1:0.9389872964752192
BACC:0
CLSFE:0.047549909255898366
MCC:0.11416046803973803
GMEAN:0.44183688718733133
SAMPLES:2755
AUC:{}
AVGP:{}
