

GENERAL_METRICS
ACC:0.8793333333333333
PREC:0.5504259942740851
REC:0.5731431281783413
TNR:0.5731431281783413
FPR:0.44957400572591494
FPDR:0.44957400572591494
F1:0.5579320664518471
BACC:0.0
CLSFE:0.12066666666666667
MCC:0.12146299786699997
GMEAN:0.45604478811459775
SAMPLES:3000.0
AUC:{'AUC macro OVO': 0.550425994274085}
AVGP:{'avg_precision': 0.9198652224059226}


METRICS_PER_CLASSES
CLASS:0
ACC:0.8793333333333333
PREC:0.1509433962264151
REC:0.22598870056497175
TNR:0.9202975557917109
FPR:0.8490566037735849
FPDR:0.8490566037735849
F1:0.18099547511312217
BACC:0
CLSFE:0.8490566037735849
MCC:0.12146299786699997
GMEAN:0.45604478811459775
SAMPLES:265
AUC:{}
AVGP:{}
CLASS:1
ACC:0.8793333333333333
PREC:0.9499085923217551
REC:0.9202975557917109
TNR:0.22598870056497175
FPR:0.05009140767824497
FPDR:0.05009140767824497
F1:0.9348686577905722
BACC:0
CLSFE:0.05009140767824497
MCC:0.12146299786699997
GMEAN:0.45604478811459775
SAMPLES:2735
AUC:{}
AVGP:{}
