

GENERAL_METRICS
ACC:0.89
PREC:0.560320143670657
REC:0.5807643470988875
TNR:0.5807643470988875
FPR:0.439679856329343
FPDR:0.439679856329343
F1:0.5680439809764823
BACC:0.0
CLSFE:0.11
MCC:0.13959537270943767
GMEAN:0.4637905699787887
SAMPLES:3000.0
AUC:{'AUC macro OVO': 0.5603201436706571}
AVGP:{'avg_precision': 0.929866442342025}


METRICS_PER_CLASSES
CLASS:0
ACC:0.89
PREC:0.16877637130801687
REC:0.23121387283236994
TNR:0.930314821365405
FPR:0.8312236286919831
FPDR:0.8312236286919831
F1:0.1951219512195122
BACC:0
CLSFE:0.8312236286919831
MCC:0.13959537270943767
GMEAN:0.4637905699787887
SAMPLES:237
AUC:{}
AVGP:{}
CLASS:1
ACC:0.89
PREC:0.9518639160332971
REC:0.930314821365405
TNR:0.23121387283236994
FPR:0.04813608396670286
FPDR:0.04813608396670286
F1:0.9409660107334525
BACC:0
CLSFE:0.04813608396670286
MCC:0.13959537270943767
GMEAN:0.4637905699787887
SAMPLES:2763
AUC:{}
AVGP:{}
