

GENERAL_METRICS
ACC:0.8746666666666667
PREC:0.5317058857020229
REC:0.5412874906611967
TNR:0.5412874906611967
FPR:0.46829411429797707
FPDR:0.46829411429797707
F1:0.5350186981842645
BACC:0.0
CLSFE:0.12533333333333332
MCC:0.07236177056505026
GMEAN:0.3846271561895553
SAMPLES:3000.0
AUC:{'AUC macro OVO': 0.5317058857020229}
AVGP:{'avg_precision': 0.9218534238204172}


METRICS_PER_CLASSES
CLASS:0
ACC:0.8746666666666667
PREC:0.12048192771084337
REC:0.16042780748663102
TNR:0.9221471738357625
FPR:0.8795180722891566
FPDR:0.8795180722891566
F1:0.13761467889908258
BACC:0
CLSFE:0.8795180722891566
MCC:0.07236177056505026
GMEAN:0.3846271561895553
SAMPLES:249
AUC:{}
AVGP:{}
CLASS:1
ACC:0.8746666666666667
PREC:0.9429298436932024
REC:0.9221471738357625
TNR:0.16042780748663102
FPR:0.05707015630679753
FPDR:0.05707015630679753
F1:0.9324227174694465
BACC:0
CLSFE:0.05707015630679753
MCC:0.07236177056505026
GMEAN:0.3846271561895553
SAMPLES:2751
AUC:{}
AVGP:{}
