

GENERAL_METRICS
ACC:0.8586666666666667
PREC:0.8768659387152957
REC:0.8430769230769231
TNR:0.8430769230769231
FPR:0.12313406128470428
FPDR:0.12313406128470428
F1:0.8508207672503734
BACC:0.0
CLSFE:0.14133333333333334
MCC:0.7191495162118652
GMEAN:0.8349297529179879
SAMPLES:750.0
AUC:{'AUC macro OVO': 0.8768659387152956}
AVGP:{'avg_precision': 0.9067551978537893}


METRICS_PER_CLASSES
CLASS:0
ACC:0.8586666666666667
PREC:0.932806324110672
REC:0.7261538461538461
TNR:0.96
FPR:0.06719367588932806
FPDR:0.06719367588932806
F1:0.8166089965397924
BACC:0
CLSFE:0.06719367588932806
MCC:0.7191495162118652
GMEAN:0.8349297529179879
SAMPLES:253
AUC:{}
AVGP:{}
CLASS:1
ACC:0.8586666666666667
PREC:0.8209255533199196
REC:0.96
TNR:0.7261538461538461
FPR:0.1790744466800805
FPDR:0.1790744466800805
F1:0.8850325379609545
BACC:0
CLSFE:0.1790744466800805
MCC:0.7191495162118652
GMEAN:0.8349297529179879
SAMPLES:497
AUC:{}
AVGP:{}
