

GENERAL_METRICS
ACC:0.8573333333333333
PREC:0.8763216460556458
REC:0.8371924852451352
TNR:0.8371924852451352
FPR:0.12367835394435432
FPDR:0.12367835394435432
F1:0.8469898469898469
BACC:0.0
CLSFE:0.14266666666666666
MCC:0.712440400553038
GMEAN:0.8279859206891524
SAMPLES:750.0
AUC:{'AUC macro OVO': 0.8763216460556458}
AVGP:{'avg_precision': 0.9110861375966547}


METRICS_PER_CLASSES
CLASS:0
ACC:0.8573333333333333
PREC:0.9294605809128631
REC:0.7133757961783439
TNR:0.9610091743119266
FPR:0.07053941908713693
FPDR:0.07053941908713693
F1:0.8072072072072072
BACC:0
CLSFE:0.07053941908713693
MCC:0.712440400553038
GMEAN:0.8279859206891524
SAMPLES:241
AUC:{}
AVGP:{}
CLASS:1
ACC:0.8573333333333333
PREC:0.8231827111984283
REC:0.9610091743119266
TNR:0.7133757961783439
FPR:0.17681728880157171
FPDR:0.17681728880157171
F1:0.8867724867724868
BACC:0
CLSFE:0.17681728880157171
MCC:0.712440400553038
GMEAN:0.8279859206891524
SAMPLES:509
AUC:{}
AVGP:{}
