

GENERAL_METRICS
ACC:0.8453333333333334
PREC:0.8595657240998589
REC:0.8360853113175095
TNR:0.8360853113175095
FPR:0.14043427590014107
FPDR:0.14043427590014107
F1:0.8402332961156491
BACC:0.0
CLSFE:0.15466666666666667
MCC:0.6952546535571172
GMEAN:0.8294543363223992
SAMPLES:750.0
AUC:{'AUC macro OVO': 0.8595657240998589}
AVGP:{'avg_precision': 0.8819350799143187}


METRICS_PER_CLASSES
CLASS:0
ACC:0.8453333333333334
PREC:0.9124087591240876
REC:0.7309941520467836
TNR:0.9411764705882353
FPR:0.08759124087591241
FPDR:0.08759124087591241
F1:0.8116883116883117
BACC:0
CLSFE:0.08759124087591241
MCC:0.6952546535571172
GMEAN:0.8294543363223992
SAMPLES:274
AUC:{}
AVGP:{}
CLASS:1
ACC:0.8453333333333334
PREC:0.8067226890756303
REC:0.9411764705882353
TNR:0.7309941520467836
FPR:0.19327731092436976
FPDR:0.19327731092436976
F1:0.8687782805429864
BACC:0
CLSFE:0.19327731092436976
MCC:0.6952546535571172
GMEAN:0.8294543363223992
SAMPLES:476
AUC:{}
AVGP:{}
