

GENERAL_METRICS
ACC:0.86
PREC:0.879378653123446
REC:0.839931630923859
TNR:0.839931630923859
FPR:0.12062134687655399
FPDR:0.12062134687655399
F1:0.8498498498498499
BACC:0.0
CLSFE:0.14
MCC:0.718227830967166
GMEAN:0.8308217083336182
SAMPLES:750.0
AUC:{'AUC macro OVO': 0.8793786531234461}
AVGP:{'avg_precision': 0.9135333777929981}


METRICS_PER_CLASSES
CLASS:0
ACC:0.86
PREC:0.9336099585062241
REC:0.7165605095541401
TNR:0.963302752293578
FPR:0.06639004149377593
FPDR:0.06639004149377593
F1:0.8108108108108109
BACC:0
CLSFE:0.06639004149377593
MCC:0.718227830967166
GMEAN:0.8308217083336182
SAMPLES:241
AUC:{}
AVGP:{}
CLASS:1
ACC:0.86
PREC:0.825147347740668
REC:0.963302752293578
TNR:0.7165605095541401
FPR:0.17485265225933203
FPDR:0.17485265225933203
F1:0.8888888888888888
BACC:0
CLSFE:0.17485265225933203
MCC:0.718227830967166
GMEAN:0.8308217083336182
SAMPLES:509
AUC:{}
AVGP:{}
