

GENERAL_METRICS
ACC:0.9277333333333333
PREC:0.542305133898662
REC:0.6189848884043487
TNR:0.6189848884043487
FPR:0.457694866101338
FPDR:0.457694866101338
F1:0.5563658714502175
BACC:0.0
CLSFE:0.07226666666666667
MCC:0.14189674606365468
GMEAN:0.5282181032454937
SAMPLES:3750.0
AUC:{'AUC macro OVO': 0.542305133898662}
AVGP:{'avg_precision': 0.941590055572422}


METRICS_PER_CLASSES
CLASS:0
ACC:0.9277333333333333
PREC:0.10084033613445378
REC:0.2962962962962963
TNR:0.9416734805124012
FPR:0.8991596638655462
FPDR:0.8991596638655462
F1:0.15047021943573669
BACC:0
CLSFE:0.8991596638655462
MCC:0.14189674606365468
GMEAN:0.5282181032454937
SAMPLES:238
AUC:{}
AVGP:{}
CLASS:1
ACC:0.9277333333333333
PREC:0.9837699316628702
REC:0.9416734805124012
TNR:0.2962962962962963
FPR:0.01623006833712984
FPDR:0.01623006833712984
F1:0.9622615234646985
BACC:0
CLSFE:0.01623006833712984
MCC:0.14189674606365468
GMEAN:0.5282181032454937
SAMPLES:3512
AUC:{}
AVGP:{}
