

GENERAL_METRICS
ACC:0.9248
PREC:0.5715749425387326
REC:0.6904422575993181
TNR:0.6904422575993181
FPR:0.42842505746126736
FPDR:0.42842505746126736
F1:0.5970777756102319
BACC:0.0
CLSFE:0.0752
MCC:0.23350283633924213
GMEAN:0.6446942732914784
SAMPLES:3750.0
AUC:{'AUC macro OVO': 0.5715749425387326}
AVGP:{'avg_precision': 0.9374326230190182}


METRICS_PER_CLASSES
CLASS:0
ACC:0.9248
PREC:0.15867158671586715
REC:0.44329896907216493
TNR:0.9375855461264714
FPR:0.8413284132841329
FPDR:0.8413284132841329
F1:0.23369565217391305
BACC:0
CLSFE:0.8413284132841329
MCC:0.23350283633924213
GMEAN:0.6446942732914784
SAMPLES:271
AUC:{}
AVGP:{}
CLASS:1
ACC:0.9248
PREC:0.9844782983615982
REC:0.9375855461264714
TNR:0.44329896907216493
FPR:0.015521701638401839
FPDR:0.015521701638401839
F1:0.9604598990465507
BACC:0
CLSFE:0.015521701638401839
MCC:0.23350283633924213
GMEAN:0.6446942732914784
SAMPLES:3479
AUC:{}
AVGP:{}
