

GENERAL_METRICS
ACC:0.9224
PREC:0.5626466906587388
REC:0.653481648701819
TNR:0.653481648701819
FPR:0.43735330934126115
FPDR:0.43735330934126115
F1:0.5831440848861893
BACC:0.0
CLSFE:0.0776
MCC:0.19611340972015232
GMEAN:0.588276962590463
SAMPLES:3750.0
AUC:{'AUC macro OVO': 0.5626466906587388}
AVGP:{'avg_precision': 0.9378740492149963}


METRICS_PER_CLASSES
CLASS:0
ACC:0.9224
PREC:0.14393939393939395
REC:0.36893203883495146
TNR:0.9380312585686866
FPR:0.8560606060606061
FPDR:0.8560606060606061
F1:0.20708446866485014
BACC:0
CLSFE:0.8560606060606061
MCC:0.19611340972015232
GMEAN:0.588276962590463
SAMPLES:264
AUC:{}
AVGP:{}
CLASS:1
ACC:0.9224
PREC:0.9813539873780838
REC:0.9380312585686866
TNR:0.36893203883495146
FPR:0.018646012621916237
FPDR:0.018646012621916237
F1:0.9592037011075284
BACC:0
CLSFE:0.018646012621916237
MCC:0.19611340972015232
GMEAN:0.588276962590463
SAMPLES:3486
AUC:{}
AVGP:{}
