

GENERAL_METRICS
ACC:0.9205333333333333
PREC:0.5639206303370323
REC:0.6867959811938218
TNR:0.6867959811938218
FPR:0.4360793696629677
FPDR:0.4360793696629677
F1:0.5869677705499705
BACC:0.0
CLSFE:0.07946666666666667
MCC:0.21854168355106557
GMEAN:0.6412521490935426
SAMPLES:3750.0
AUC:{'AUC macro OVO': 0.5639206303370323}
AVGP:{'avg_precision': 0.9325926239741646}


METRICS_PER_CLASSES
CLASS:0
ACC:0.9205333333333333
PREC:0.14285714285714285
REC:0.44086021505376344
TNR:0.9327317473338802
FPR:0.8571428571428571
FPDR:0.8571428571428571
F1:0.21578947368421053
BACC:0
CLSFE:0.8571428571428571
MCC:0.21854168355106557
GMEAN:0.6412521490935426
SAMPLES:287
AUC:{}
AVGP:{}
CLASS:1
ACC:0.9205333333333333
PREC:0.9849841178169217
REC:0.9327317473338802
TNR:0.44086021505376344
FPR:0.015015882183078255
FPDR:0.015015882183078255
F1:0.9581460674157304
BACC:0
CLSFE:0.015015882183078255
MCC:0.21854168355106557
GMEAN:0.6412521490935426
SAMPLES:3463
AUC:{}
AVGP:{}
