

GENERAL_METRICS
ACC:0.9282857142857143
PREC:0.4964853300733496
REC:0.4672131147540984
TNR:0.4672131147540984
FPR:0.5035146699266504
FPDR:0.5035146699266504
F1:0.4814046525411172
BACC:0.0
CLSFE:0.07171428571428572
MCC:-0.021469520680472316
GMEAN:0.0
SAMPLES:3500.0
AUC:{'AUC macro OVO': 0.4964853300733496}
AVGP:{'avg_precision': 0.9344292585445739}


METRICS_PER_CLASSES
CLASS:0
ACC:0.9282857142857143
PREC:0.0
REC:0.0
TNR:0.9344262295081968
FPR:1.0
FPDR:1.0
F1:0.0
BACC:0
CLSFE:1.0
MCC:-0.021469520680472316
GMEAN:0
SAMPLES:228
AUC:{}
AVGP:{}
CLASS:1
ACC:0.9282857142857143
PREC:0.9929706601466992
REC:0.9344262295081968
TNR:0.0
FPR:0.007029339853300734
FPDR:0.007029339853300734
F1:0.9628093050822344
BACC:0
CLSFE:0.007029339853300734
MCC:-0.021469520680472316
GMEAN:0
SAMPLES:3272
AUC:{}
AVGP:{}
