

GENERAL_METRICS
ACC:0.9265714285714286
PREC:0.49451052150045743
REC:0.4681004618937644
TNR:0.4681004618937644
FPR:0.5054894784995425
FPDR:0.5054894784995425
F1:0.48094320035592464
BACC:0.0
CLSFE:0.07342857142857143
MCC:-0.02646596520662099
GMEAN:0.0
SAMPLES:3500.0
AUC:{'AUC macro OVO': 0.49451052150045743}
AVGP:{'avg_precision': 0.9362081283884761}


METRICS_PER_CLASSES
CLASS:0
ACC:0.9265714285714286
PREC:0.0
REC:0.0
TNR:0.9362009237875288
FPR:1.0
FPDR:1.0
F1:0.0
BACC:0
CLSFE:1.0
MCC:-0.02646596520662099
GMEAN:0
SAMPLES:221
AUC:{}
AVGP:{}
CLASS:1
ACC:0.9265714285714286
PREC:0.9890210430009149
REC:0.9362009237875288
TNR:0.0
FPR:0.010978956999085087
FPDR:0.010978956999085087
F1:0.9618864007118493
BACC:0
CLSFE:0.010978956999085087
MCC:-0.02646596520662099
GMEAN:0
SAMPLES:3279
AUC:{}
AVGP:{}
