

GENERAL_METRICS
ACC:0.9288571428571428
PREC:0.4969428309385509
REC:0.4670977011494253
TNR:0.4670977011494253
FPR:0.5030571690614491
FPDR:0.5030571690614491
F1:0.48155828766108727
BACC:0.0
CLSFE:0.07114285714285715
MCC:-0.02005870285901152
GMEAN:0.0
SAMPLES:3500.0
AUC:{'AUC macro OVO': 0.4969428309385509}
AVGP:{'avg_precision': 0.9341977014506242}


METRICS_PER_CLASSES
CLASS:0
ACC:0.9288571428571428
PREC:0.0
REC:0.0
TNR:0.9341954022988506
FPR:1.0
FPDR:1.0
F1:0.0
BACC:0
CLSFE:1.0
MCC:-0.02005870285901152
GMEAN:0
SAMPLES:229
AUC:{}
AVGP:{}
CLASS:1
ACC:0.9288571428571428
PREC:0.9938856618771018
REC:0.9341954022988506
TNR:0.0
FPR:0.006114338122898196
FPDR:0.006114338122898196
F1:0.9631165753221745
BACC:0
CLSFE:0.006114338122898196
MCC:-0.02005870285901152
GMEAN:0
SAMPLES:3271
AUC:{}
AVGP:{}
