

GENERAL_METRICS
ACC:0.9337142857142857
PREC:0.498322659347362
REC:0.46832903410719406
TNR:0.46832903410719406
FPR:0.501677340652638
FPDR:0.501677340652638
F1:0.48286052009456265
BACC:0.0
CLSFE:0.06628571428571428
MCC:-0.014577105144755588
GMEAN:0.0
SAMPLES:3500.0
AUC:{'AUC macro OVO': 0.498322659347362}
AVGP:{'avg_precision': 0.9366587360463705}


METRICS_PER_CLASSES
CLASS:0
ACC:0.9337142857142857
PREC:0.0
REC:0.0
TNR:0.9366580682143881
FPR:1.0
FPDR:1.0
F1:0.0
BACC:0
CLSFE:1.0
MCC:-0.014577105144755588
GMEAN:0
SAMPLES:221
AUC:{}
AVGP:{}
CLASS:1
ACC:0.9337142857142857
PREC:0.996645318694724
REC:0.9366580682143881
TNR:0.0
FPR:0.003354681305275999
FPDR:0.003354681305275999
F1:0.9657210401891253
BACC:0
CLSFE:0.003354681305275999
MCC:-0.014577105144755588
GMEAN:0
SAMPLES:3279
AUC:{}
AVGP:{}
