

GENERAL_METRICS
ACC:0.9218823529411765
PREC:0.566419493319545
REC:0.600075655114751
TNR:0.600075655114751
FPR:0.433580506680455
FPDR:0.433580506680455
F1:0.5785045065067433
BACC:0.0
CLSFE:0.07811764705882353
MCC:0.16305795664540018
GMEAN:0.4884765366879383
SAMPLES:4250.0
AUC:{'AUC macro OVO': 0.566419493319545}
AVGP:{'avg_precision': 0.9483833794125499}


METRICS_PER_CLASSES
CLASS:0
ACC:0.9218823529411765
PREC:0.16334661354581673
REC:0.25153374233128833
TNR:0.9486175678982138
FPR:0.8366533864541833
FPDR:0.8366533864541833
F1:0.19806763285024154
BACC:0
CLSFE:0.8366533864541833
MCC:0.16305795664540018
GMEAN:0.4884765366879383
SAMPLES:251
AUC:{}
AVGP:{}
CLASS:1
ACC:0.9218823529411765
PREC:0.9694923730932733
REC:0.9486175678982138
TNR:0.25153374233128833
FPR:0.030507626906726683
FPDR:0.030507626906726683
F1:0.9589413801632451
BACC:0
CLSFE:0.030507626906726683
MCC:0.16305795664540018
GMEAN:0.4884765366879383
SAMPLES:3999
AUC:{}
AVGP:{}
