

GENERAL_METRICS
ACC:0.9247058823529412
PREC:0.5795842166330795
REC:0.5996177996177996
TNR:0.5996177996177996
FPR:0.42041578336692054
FPDR:0.42041578336692054
F1:0.5880705223265776
BACC:0.0
CLSFE:0.07529411764705882
MCC:0.17807868536457322
GMEAN:0.48310805560805276
SAMPLES:4250.0
AUC:{'AUC macro OVO': 0.5795842166330795}
AVGP:{'avg_precision': 0.9545058248429705}


METRICS_PER_CLASSES
CLASS:0
ACC:0.9247058823529412
PREC:0.19298245614035087
REC:0.24444444444444444
TNR:0.9547911547911548
FPR:0.8070175438596491
FPDR:0.8070175438596491
F1:0.21568627450980393
BACC:0
CLSFE:0.8070175438596491
MCC:0.17807868536457322
GMEAN:0.48310805560805276
SAMPLES:228
AUC:{}
AVGP:{}
CLASS:1
ACC:0.9247058823529412
PREC:0.966185977125808
REC:0.9547911547911548
TNR:0.24444444444444444
FPR:0.03381402287419195
FPDR:0.03381402287419195
F1:0.9604547701433515
BACC:0
CLSFE:0.03381402287419195
MCC:0.17807868536457322
GMEAN:0.48310805560805276
SAMPLES:4022
AUC:{}
AVGP:{}
