

GENERAL_METRICS
ACC:0.9230588235294117
PREC:0.5692228792271331
REC:0.5975260143253773
TNR:0.5975260143253773
FPR:0.4307771207728669
FPDR:0.4307771207728669
F1:0.5800368606610804
BACC:0.0
CLSFE:0.07694117647058824
MCC:0.1643293219258116
GMEAN:0.4817575758277517
SAMPLES:4250.0
AUC:{'AUC macro OVO': 0.5692228792271331}
AVGP:{'avg_precision': 0.9507601574009851}


METRICS_PER_CLASSES
CLASS:0
ACC:0.9230588235294117
PREC:0.17012448132780084
REC:0.24404761904761904
TNR:0.9510044096031357
FPR:0.8298755186721992
FPDR:0.8298755186721992
F1:0.20048899755501223
BACC:0
CLSFE:0.8298755186721992
MCC:0.1643293219258116
GMEAN:0.4817575758277517
SAMPLES:241
AUC:{}
AVGP:{}
CLASS:1
ACC:0.9230588235294117
PREC:0.9683212771264654
REC:0.9510044096031357
TNR:0.24404761904761904
FPR:0.03167872287353455
FPDR:0.03167872287353455
F1:0.9595847237671487
BACC:0
CLSFE:0.03167872287353455
MCC:0.1643293219258116
GMEAN:0.4817575758277517
SAMPLES:4009
AUC:{}
AVGP:{}
