

GENERAL_METRICS
ACC:0.9254117647058824
PREC:0.5605636669440046
REC:0.5812947232058554
TNR:0.5812947232058554
FPR:0.43943633305599544
FPDR:0.43943633305599544
F1:0.5687799569500124
BACC:0.0
CLSFE:0.07458823529411765
MCC:0.14033540594653182
GMEAN:0.44608739850508666
SAMPLES:4250.0
AUC:{'AUC macro OVO': 0.5605636669440046}
AVGP:{'avg_precision': 0.9538007832819766}


METRICS_PER_CLASSES
CLASS:0
ACC:0.9254117647058824
PREC:0.15315315315315314
REC:0.2085889570552147
TNR:0.9540004893564962
FPR:0.8468468468468469
FPDR:0.8468468468468469
F1:0.17662337662337663
BACC:0
CLSFE:0.8468468468468469
MCC:0.14033540594653182
GMEAN:0.44608739850508666
SAMPLES:222
AUC:{}
AVGP:{}
CLASS:1
ACC:0.9254117647058824
PREC:0.967974180734856
REC:0.9540004893564962
TNR:0.2085889570552147
FPR:0.032025819265143994
FPDR:0.032025819265143994
F1:0.9609365372766482
BACC:0
CLSFE:0.032025819265143994
MCC:0.14033540594653182
GMEAN:0.44608739850508666
SAMPLES:4028
AUC:{}
AVGP:{}
