

GENERAL_METRICS
ACC:0.849
PREC:0.7678750753163286
REC:0.7946157386102163
TNR:0.7946157386102163
FPR:0.23212492468367144
FPDR:0.23212492468367144
F1:0.7796517914601206
BACC:0.0
CLSFE:0.151
MCC:0.561854832388536
GMEAN:0.7892513068742232
SAMPLES:1000.0
AUC:{'AUC macro OVO': 0.7678750753163286}
AVGP:{'avg_precision': 0.8771732105029805}


METRICS_PER_CLASSES
CLASS:0
ACC:0.849
PREC:0.6153846153846154
REC:0.7024390243902439
TNR:0.8867924528301887
FPR:0.38461538461538464
FPDR:0.38461538461538464
F1:0.6560364464692483
BACC:0
CLSFE:0.38461538461538464
MCC:0.561854832388536
GMEAN:0.7892513068742232
SAMPLES:234
AUC:{}
AVGP:{}
CLASS:1
ACC:0.849
PREC:0.9203655352480418
REC:0.8867924528301887
TNR:0.7024390243902439
FPR:0.07963446475195822
FPDR:0.07963446475195822
F1:0.903267136450993
BACC:0
CLSFE:0.07963446475195822
MCC:0.561854832388536
GMEAN:0.7892513068742232
SAMPLES:766
AUC:{}
AVGP:{}
