

GENERAL_METRICS
ACC:0.826
PREC:0.7582975068781801
REC:0.7894589588777412
TNR:0.7894589588777412
FPR:0.24170249312181993
FPDR:0.24170249312181993
F1:0.7710225029609159
BACC:0.0
CLSFE:0.174
MCC:0.5468693716845887
GMEAN:0.7864877184120321
SAMPLES:1000.0
AUC:{'AUC macro OVO': 0.75829750687818}
AVGP:{'avg_precision': 0.845761025785289}


METRICS_PER_CLASSES
CLASS:0
ACC:0.826
PREC:0.6064981949458483
REC:0.721030042918455
TNR:0.8578878748370273
FPR:0.3935018050541516
FPDR:0.3935018050541516
F1:0.6588235294117647
BACC:0
CLSFE:0.3935018050541516
MCC:0.5468693716845887
GMEAN:0.7864877184120321
SAMPLES:277
AUC:{}
AVGP:{}
CLASS:1
ACC:0.826
PREC:0.9100968188105117
REC:0.8578878748370273
TNR:0.721030042918455
FPR:0.08990318118948824
FPDR:0.08990318118948824
F1:0.8832214765100671
BACC:0
CLSFE:0.08990318118948824
MCC:0.5468693716845887
GMEAN:0.7864877184120321
SAMPLES:723
AUC:{}
AVGP:{}
