

GENERAL_METRICS
ACC:0.838
PREC:0.7601834691858145
REC:0.781987853651311
TNR:0.781987853651311
FPR:0.23981653081418552
FPDR:0.23981653081418552
F1:0.7699072811562585
BACC:0.0
CLSFE:0.162
MCC:0.5417326943475345
GMEAN:0.7757890273908217
SAMPLES:1000.0
AUC:{'AUC macro OVO': 0.7601834691858145}
AVGP:{'avg_precision': 0.8693913714827589}


METRICS_PER_CLASSES
CLASS:0
ACC:0.838
PREC:0.6099585062240664
REC:0.6837209302325581
TNR:0.8802547770700637
FPR:0.3900414937759336
FPDR:0.3900414937759336
F1:0.6447368421052632
BACC:0
CLSFE:0.3900414937759336
MCC:0.5417326943475345
GMEAN:0.7757890273908217
SAMPLES:241
AUC:{}
AVGP:{}
CLASS:1
ACC:0.838
PREC:0.9104084321475626
REC:0.8802547770700637
TNR:0.6837209302325581
FPR:0.08959156785243742
FPDR:0.08959156785243742
F1:0.8950777202072538
BACC:0
CLSFE:0.08959156785243742
MCC:0.5417326943475345
GMEAN:0.7757890273908217
SAMPLES:759
AUC:{}
AVGP:{}
