

GENERAL_METRICS
ACC:0.845
PREC:0.7705497878896006
REC:0.7820767195767195
TNR:0.7820767195767195
FPR:0.22945021211039937
FPDR:0.22945021211039937
F1:0.7760034683333936
BACC:0.0
CLSFE:0.155
MCC:0.5525062774306763
GMEAN:0.7741909926637568
SAMPLES:1000.0
AUC:{'AUC macro OVO': 0.7705497878896006}
AVGP:{'avg_precision': 0.8816355382619974}


METRICS_PER_CLASSES
CLASS:0
ACC:0.845
PREC:0.6331877729257642
REC:0.6712962962962963
TNR:0.8928571428571429
FPR:0.36681222707423583
FPDR:0.36681222707423583
F1:0.651685393258427
BACC:0
CLSFE:0.36681222707423583
MCC:0.5525062774306763
GMEAN:0.7741909926637568
SAMPLES:229
AUC:{}
AVGP:{}
CLASS:1
ACC:0.845
PREC:0.9079118028534371
REC:0.8928571428571429
TNR:0.6712962962962963
FPR:0.09208819714656291
FPDR:0.09208819714656291
F1:0.9003215434083601
BACC:0
CLSFE:0.09208819714656291
MCC:0.5525062774306763
GMEAN:0.7741909926637568
SAMPLES:771
AUC:{}
AVGP:{}
