

GENERAL_METRICS
ACC:0.9348235294117647
PREC:0.5152466621693649
REC:0.5717857142857143
TNR:0.5717857142857143
FPR:0.4847533378306351
FPDR:0.4847533378306351
F1:0.5167859668652062
BACC:0.0
CLSFE:0.0651764705882353
MCC:0.06616623109414155
GMEAN:0.4344125754559664
SAMPLES:4250.0
AUC:{'AUC macro OVO': 0.5152466621693649}
AVGP:{'avg_precision': 0.9435545504736994}


METRICS_PER_CLASSES
CLASS:0
ACC:0.9348235294117647
PREC:0.04048582995951417
REC:0.2
TNR:0.9435714285714286
FPR:0.9595141700404858
FPDR:0.9595141700404858
F1:0.06734006734006734
BACC:0
CLSFE:0.9595141700404858
MCC:0.06616623109414155
GMEAN:0.4344125754559664
SAMPLES:247
AUC:{}
AVGP:{}
CLASS:1
ACC:0.9348235294117647
PREC:0.9900074943792155
REC:0.9435714285714286
TNR:0.2
FPR:0.009992505620784412
FPDR:0.009992505620784412
F1:0.966231866390345
BACC:0
CLSFE:0.009992505620784412
MCC:0.06616623109414155
GMEAN:0.4344125754559664
SAMPLES:4003
AUC:{}
AVGP:{}
