

GENERAL_METRICS
ACC:0.9385882352941176
PREC:0.524875
REC:0.651465331945028
TNR:0.651465331945028
FPR:0.47512499999999996
FPDR:0.47512499999999996
F1:0.5325495927271164
BACC:0.0
CLSFE:0.06141176470588235
MCC:0.12276318881704844
GMEAN:0.5821134850327012
SAMPLES:4250.0
AUC:{'AUC macro OVO': 0.524875}
AVGP:{'avg_precision': 0.9439389309511503}


METRICS_PER_CLASSES
CLASS:0
ACC:0.9385882352941176
PREC:0.056
REC:0.358974358974359
TNR:0.9439563049156969
FPR:0.944
FPDR:0.944
F1:0.09688581314878893
BACC:0
CLSFE:0.944
MCC:0.12276318881704844
GMEAN:0.5821134850327012
SAMPLES:250
AUC:{}
AVGP:{}
CLASS:1
ACC:0.9385882352941176
PREC:0.99375
REC:0.9439563049156969
TNR:0.358974358974359
FPR:0.00625
FPDR:0.00625
F1:0.9682133723054439
BACC:0
CLSFE:0.00625
MCC:0.12276318881704844
GMEAN:0.5821134850327012
SAMPLES:4000
AUC:{}
AVGP:{}
