

GENERAL_METRICS
ACC:0.9352941176470588
PREC:0.5194929181149653
REC:0.6045580657946888
TNR:0.6045580657946888
FPR:0.4805070818850346
FPDR:0.4805070818850346
F1:0.5233675312456797
BACC:0.0
CLSFE:0.06470588235294118
MCC:0.09029156804032214
GMEAN:0.5013181198727241
SAMPLES:4250.0
AUC:{'AUC macro OVO': 0.5194929181149653}
AVGP:{'avg_precision': 0.942431179728375}


METRICS_PER_CLASSES
CLASS:0
ACC:0.9352941176470588
PREC:0.047244094488188976
REC:0.26666666666666666
TNR:0.9424494649227111
FPR:0.952755905511811
FPDR:0.952755905511811
F1:0.0802675585284281
BACC:0
CLSFE:0.952755905511811
MCC:0.09029156804032214
GMEAN:0.5013181198727241
SAMPLES:254
AUC:{}
AVGP:{}
CLASS:1
ACC:0.9352941176470588
PREC:0.9917417417417418
REC:0.9424494649227111
TNR:0.26666666666666666
FPR:0.008258258258258258
FPDR:0.008258258258258258
F1:0.9664675039629314
BACC:0
CLSFE:0.008258258258258258
MCC:0.09029156804032214
GMEAN:0.5013181198727241
SAMPLES:3996
AUC:{}
AVGP:{}
