

GENERAL_METRICS
ACC:0.9390588235294117
PREC:0.5107397793640494
REC:0.5548919022006512
TNR:0.5548919022006512
FPR:0.48926022063595065
FPDR:0.48926022063595065
F1:0.5099001723530714
BACC:0.0
CLSFE:0.060941176470588235
MCC:0.04856035084337702
GMEAN:0.3926342681643244
SAMPLES:4250.0
AUC:{'AUC macro OVO': 0.5107397793640494}
AVGP:{'avg_precision': 0.9469831596780566}


METRICS_PER_CLASSES
CLASS:0
ACC:0.9390588235294117
PREC:0.030434782608695653
REC:0.16279069767441862
TNR:0.9469931067268837
FPR:0.9695652173913043
FPDR:0.9695652173913043
F1:0.05128205128205128
BACC:0
CLSFE:0.9695652173913043
MCC:0.04856035084337702
GMEAN:0.3926342681643244
SAMPLES:230
AUC:{}
AVGP:{}
CLASS:1
ACC:0.9390588235294117
PREC:0.991044776119403
REC:0.9469931067268837
TNR:0.16279069767441862
FPR:0.008955223880597015
FPDR:0.008955223880597015
F1:0.9685182934240915
BACC:0
CLSFE:0.008955223880597015
MCC:0.04856035084337702
GMEAN:0.3926342681643244
SAMPLES:4020
AUC:{}
AVGP:{}
