

GENERAL_METRICS
ACC:0.8964444444444445
PREC:0.6833397922087509
REC:0.7284491568727645
TNR:0.7284491568727645
FPR:0.31666020779124915
FPDR:0.31666020779124915
F1:0.7023016892001243
BACC:0.0
CLSFE:0.10355555555555555
MCC:0.4093107423526383
GMEAN:0.6998430366393237
SAMPLES:2250.0
AUC:{'AUC macro OVO': 0.6833397922087509}
AVGP:{'avg_precision': 0.9288523662327485}


METRICS_PER_CLASSES
CLASS:0
ACC:0.8964444444444445
PREC:0.411522633744856
REC:0.5263157894736842
TNR:0.9305825242718446
FPR:0.588477366255144
FPDR:0.588477366255144
F1:0.4618937644341801
BACC:0
CLSFE:0.588477366255144
MCC:0.4093107423526383
GMEAN:0.6998430366393237
SAMPLES:243
AUC:{}
AVGP:{}
CLASS:1
ACC:0.8964444444444445
PREC:0.9551569506726457
REC:0.9305825242718446
TNR:0.5263157894736842
FPR:0.04484304932735426
FPDR:0.04484304932735426
F1:0.9427096139660683
BACC:0
CLSFE:0.04484304932735426
MCC:0.4093107423526383
GMEAN:0.6998430366393237
SAMPLES:2007
AUC:{}
AVGP:{}
