

GENERAL_METRICS
ACC:0.8871111111111111
PREC:0.6798239469505931
REC:0.7175892789874181
TNR:0.7175892789874181
FPR:0.32017605304940694
FPDR:0.32017605304940694
F1:0.6959854115554269
BACC:0.0
CLSFE:0.11288888888888889
MCC:0.39561477708321896
GMEAN:0.6867905303492563
SAMPLES:2250.0
AUC:{'AUC macro OVO': 0.6798239469505931}
AVGP:{'avg_precision': 0.9235032116713672}


METRICS_PER_CLASSES
CLASS:0
ACC:0.8871111111111111
PREC:0.4108527131782946
REC:0.5096153846153846
TNR:0.9255631733594515
FPR:0.5891472868217055
FPDR:0.5891472868217055
F1:0.45493562231759654
BACC:0
CLSFE:0.5891472868217055
MCC:0.39561477708321896
GMEAN:0.6867905303492563
SAMPLES:258
AUC:{}
AVGP:{}
CLASS:1
ACC:0.8871111111111111
PREC:0.9487951807228916
REC:0.9255631733594515
TNR:0.5096153846153846
FPR:0.05120481927710843
FPDR:0.05120481927710843
F1:0.9370352007932573
BACC:0
CLSFE:0.05120481927710843
MCC:0.39561477708321896
GMEAN:0.6867905303492563
SAMPLES:1992
AUC:{}
AVGP:{}
