

GENERAL_METRICS
ACC:0.8933333333333333
PREC:0.6701902489253551
REC:0.7191327496948525
TNR:0.7191327496948525
FPR:0.32980975107464494
FPDR:0.32980975107464494
F1:0.6901566200907038
BACC:0.0
CLSFE:0.10666666666666667
MCC:0.38623442217526116
GMEAN:0.6883155945313069
SAMPLES:2250.0
AUC:{'AUC macro OVO': 0.6701902489253551}
AVGP:{'avg_precision': 0.9257879411137353}


METRICS_PER_CLASSES
CLASS:0
ACC:0.8933333333333333
PREC:0.38524590163934425
REC:0.5108695652173914
TNR:0.9273959341723137
FPR:0.6147540983606558
FPDR:0.6147540983606558
F1:0.4392523364485981
BACC:0
CLSFE:0.6147540983606558
MCC:0.38623442217526116
GMEAN:0.6883155945313069
SAMPLES:244
AUC:{}
AVGP:{}
CLASS:1
ACC:0.8933333333333333
PREC:0.9551345962113659
REC:0.9273959341723137
TNR:0.5108695652173914
FPR:0.0448654037886341
FPDR:0.0448654037886341
F1:0.9410609037328095
BACC:0
CLSFE:0.0448654037886341
MCC:0.38623442217526116
GMEAN:0.6883155945313069
SAMPLES:2006
AUC:{}
AVGP:{}
