

GENERAL_METRICS
ACC:0.88
PREC:0.6416040100250626
REC:0.6885675021268242
TNR:0.6885675021268242
FPR:0.3583959899749373
FPDR:0.3583959899749373
F1:0.6599305866547246
BACC:0.0
CLSFE:0.12
MCC:0.3268144088718723
GMEAN:0.6493340509863186
SAMPLES:2250.0
AUC:{'AUC macro OVO': 0.6416040100250626}
AVGP:{'avg_precision': 0.916121215063486}


METRICS_PER_CLASSES
CLASS:0
ACC:0.88
PREC:0.3333333333333333
REC:0.4594594594594595
TNR:0.9176755447941889
FPR:0.6666666666666666
FPDR:0.6666666666666666
F1:0.38636363636363635
BACC:0
CLSFE:0.6666666666666666
MCC:0.3268144088718723
GMEAN:0.6493340509863186
SAMPLES:255
AUC:{}
AVGP:{}
CLASS:1
ACC:0.88
PREC:0.949874686716792
REC:0.9176755447941889
TNR:0.4594594594594595
FPR:0.05012531328320802
FPDR:0.05012531328320802
F1:0.9334975369458128
BACC:0
CLSFE:0.05012531328320802
MCC:0.3268144088718723
GMEAN:0.6493340509863186
SAMPLES:1995
AUC:{}
AVGP:{}
