

GENERAL_METRICS
ACC:0.9383529411764706
PREC:0.5047326849649474
REC:0.5951510146295422
TNR:0.5951510146295422
FPR:0.49526731503505256
FPDR:0.49526731503505256
F1:0.4952805215902992
BACC:0.0
CLSFE:0.06164705882352941
MCC:0.042441478595201025
GMEAN:0.4848458593354914
SAMPLES:4250.0
AUC:{'AUC macro OVO': 0.5047326849649474}
AVGP:{'avg_precision': 0.9403008184652961}


METRICS_PER_CLASSES
CLASS:0
ACC:0.9383529411764706
PREC:0.01171875
REC:0.25
TNR:0.9403020292590845
FPR:0.98828125
FPDR:0.98828125
F1:0.022388059701492536
BACC:0
CLSFE:0.98828125
MCC:0.042441478595201025
GMEAN:0.4848458593354914
SAMPLES:256
AUC:{}
AVGP:{}
CLASS:1
ACC:0.9383529411764706
PREC:0.9977466199298949
REC:0.9403020292590845
TNR:0.25
FPR:0.002253380070105158
FPDR:0.002253380070105158
F1:0.968172983479106
BACC:0
CLSFE:0.002253380070105158
MCC:0.042441478595201025
GMEAN:0.4848458593354914
SAMPLES:3994
AUC:{}
AVGP:{}
