

GENERAL_METRICS
ACC:0.9352941176470588
PREC:0.5017158280316175
REC:0.5221423329062433
TNR:0.5221423329062433
FPR:0.4982841719683825
FPDR:0.4982841719683825
F1:0.49044299959148246
BACC:0.0
CLSFE:0.06470588235294118
MCC:0.012327600818640927
GMEAN:0.3143952436893726
SAMPLES:4250.0
AUC:{'AUC macro OVO': 0.5017158280316175}
AVGP:{'avg_precision': 0.939020664400306}


METRICS_PER_CLASSES
CLASS:0
ACC:0.9352941176470588
PREC:0.007692307692307693
REC:0.10526315789473684
TNR:0.93902150791775
FPR:0.9923076923076923
FPDR:0.9923076923076923
F1:0.014336917562724014
BACC:0
CLSFE:0.9923076923076923
MCC:0.012327600818640927
GMEAN:0.3143952436893726
SAMPLES:260
AUC:{}
AVGP:{}
CLASS:1
ACC:0.9352941176470588
PREC:0.9957393483709274
REC:0.93902150791775
TNR:0.10526315789473684
FPR:0.004260651629072682
FPDR:0.004260651629072682
F1:0.9665490816202409
BACC:0
CLSFE:0.004260651629072682
MCC:0.012327600818640927
GMEAN:0.3143952436893726
SAMPLES:3990
AUC:{}
AVGP:{}
