

GENERAL_METRICS
ACC:0.9355294117647058
PREC:0.5032304315848772
REC:0.5325662565073355
TNR:0.5325662565073355
FPR:0.4967695684151227
FPDR:0.4967695684151227
F1:0.49404761904761907
BACC:0.0
CLSFE:0.06447058823529411
MCC:0.020513708940366016
GMEAN:0.3428068904307991
SAMPLES:4250.0
AUC:{'AUC macro OVO': 0.5032304315848772}
AVGP:{'avg_precision': 0.9401305791263939}


METRICS_PER_CLASSES
CLASS:0
ACC:0.9355294117647058
PREC:0.01171875
REC:0.125
TNR:0.940132513014671
FPR:0.98828125
FPDR:0.98828125
F1:0.02142857142857143
BACC:0
CLSFE:0.98828125
MCC:0.020513708940366016
GMEAN:0.3428068904307991
SAMPLES:256
AUC:{}
AVGP:{}
CLASS:1
ACC:0.9355294117647058
PREC:0.9947421131697546
REC:0.940132513014671
TNR:0.125
FPR:0.005257886830245368
FPDR:0.005257886830245368
F1:0.9666666666666667
BACC:0
CLSFE:0.005257886830245368
MCC:0.020513708940366016
GMEAN:0.3428068904307991
SAMPLES:3994
AUC:{}
AVGP:{}
