

GENERAL_METRICS
ACC:0.939764705882353
PREC:0.49887584311766175
REC:0.47087950954963453
TNR:0.47087950954963453
FPR:0.5011241568823382
FPDR:0.5011241568823382
F1:0.48447355652595825
BACC:0.0
CLSFE:0.06023529411764706
MCC:-0.01144307646690234
GMEAN:0.0
SAMPLES:4250.0
AUC:{'AUC macro OVO': 0.49887584311766175}
AVGP:{'avg_precision': 0.9417592963924435}


METRICS_PER_CLASSES
CLASS:0
ACC:0.939764705882353
PREC:0.0
REC:0.0
TNR:0.9417590190992691
FPR:1.0
FPDR:1.0
F1:0.0
BACC:0
CLSFE:1.0
MCC:-0.01144307646690234
GMEAN:0
SAMPLES:247
AUC:{}
AVGP:{}
CLASS:1
ACC:0.939764705882353
PREC:0.9977516862353235
REC:0.9417590190992691
TNR:0.0
FPR:0.0022483137646764927
FPDR:0.0022483137646764927
F1:0.9689471130519165
BACC:0
CLSFE:0.0022483137646764927
MCC:-0.01144307646690234
GMEAN:0
SAMPLES:4003
AUC:{}
AVGP:{}
