

GENERAL_METRICS
ACC:0.8468571428571429
PREC:0.5792867705883779
REC:0.6470835144737433
TNR:0.6470835144737433
FPR:0.42071322941162215
FPDR:0.42071322941162215
F1:0.5950263362403938
BACC:0.0
CLSFE:0.15314285714285714
MCC:0.21597941447658434
GMEAN:0.6038910215913091
SAMPLES:1750.0
AUC:{'AUC macro OVO': 0.5792867705883779}
AVGP:{'avg_precision': 0.8785424280072746}


METRICS_PER_CLASSES
CLASS:0
ACC:0.8468571428571429
PREC:0.20647773279352227
REC:0.4146341463414634
TNR:0.8795328826060234
FPR:0.7935222672064778
FPDR:0.7935222672064778
F1:0.2756756756756757
BACC:0
CLSFE:0.7935222672064778
MCC:0.21597941447658434
GMEAN:0.6038910215913091
SAMPLES:247
AUC:{}
AVGP:{}
CLASS:1
ACC:0.8468571428571429
PREC:0.9520958083832335
REC:0.8795328826060234
TNR:0.4146341463414634
FPR:0.04790419161676647
FPDR:0.04790419161676647
F1:0.9143769968051119
BACC:0
CLSFE:0.04790419161676647
MCC:0.21597941447658434
GMEAN:0.6038910215913091
SAMPLES:1503
AUC:{}
AVGP:{}
