

GENERAL_METRICS
ACC:0.8537142857142858
PREC:0.5681063122923588
REC:0.6597233264429957
TNR:0.6597233264429957
FPR:0.43189368770764125
FPDR:0.43189368770764125
F1:0.5830230826507818
BACC:0.0
CLSFE:0.1462857142857143
MCC:0.20859690075455137
GMEAN:0.6227979174540111
SAMPLES:1750.0
AUC:{'AUC macro OVO': 0.5681063122923588}
AVGP:{'avg_precision': 0.8767306962692335}


METRICS_PER_CLASSES
CLASS:0
ACC:0.8537142857142858
PREC:0.17142857142857143
REC:0.4421052631578947
TNR:0.8773413897280967
FPR:0.8285714285714286
FPDR:0.8285714285714286
F1:0.24705882352941178
BACC:0
CLSFE:0.8285714285714286
MCC:0.20859690075455137
GMEAN:0.6227979174540111
SAMPLES:245
AUC:{}
AVGP:{}
CLASS:1
ACC:0.8537142857142858
PREC:0.9647840531561461
REC:0.8773413897280967
TNR:0.4421052631578947
FPR:0.03521594684385382
FPDR:0.03521594684385382
F1:0.9189873417721519
BACC:0
CLSFE:0.03521594684385382
MCC:0.20859690075455137
GMEAN:0.6227979174540111
SAMPLES:1505
AUC:{}
AVGP:{}
