

GENERAL_METRICS
ACC:0.8537142857142858
PREC:0.5629805410536307
REC:0.6570902867502317
TNR:0.6570902867502317
FPR:0.43701945894636923
FPDR:0.43701945894636923
F1:0.5763369029471064
BACC:0.0
CLSFE:0.1462857142857143
MCC:0.19893346881608026
GMEAN:0.6195608695515097
SAMPLES:1750.0
AUC:{'AUC macro OVO': 0.5629805410536308}
AVGP:{'avg_precision': 0.8754474849038225}


METRICS_PER_CLASSES
CLASS:0
ACC:0.8537142857142858
PREC:0.15918367346938775
REC:0.43820224719101125
TNR:0.8759783263094522
FPR:0.8408163265306122
FPDR:0.8408163265306122
F1:0.23353293413173654
BACC:0
CLSFE:0.8408163265306122
MCC:0.19893346881608026
GMEAN:0.6195608695515097
SAMPLES:245
AUC:{}
AVGP:{}
CLASS:1
ACC:0.8537142857142858
PREC:0.9667774086378738
REC:0.8759783263094522
TNR:0.43820224719101125
FPR:0.03322259136212625
FPDR:0.03322259136212625
F1:0.9191408717624763
BACC:0
CLSFE:0.03322259136212625
MCC:0.19893346881608026
GMEAN:0.6195608695515097
SAMPLES:1505
AUC:{}
AVGP:{}
