

GENERAL_METRICS
ACC:0.8462857142857143
PREC:0.5721215798290451
REC:0.6428799361786997
TNR:0.6428799361786997
FPR:0.42787842017095484
FPDR:0.42787842017095484
F1:0.5866012253991505
BACC:0.0
CLSFE:0.15371428571428572
MCC:0.20302439974624684
GMEAN:0.5987088887483586
SAMPLES:1750.0
AUC:{'AUC macro OVO': 0.5721215798290452}
AVGP:{'avg_precision': 0.8762140614610838}


METRICS_PER_CLASSES
CLASS:0
ACC:0.8462857142857143
PREC:0.18951612903225806
REC:0.40869565217391307
TNR:0.8770642201834863
FPR:0.8104838709677419
FPDR:0.8104838709677419
F1:0.25895316804407714
BACC:0
CLSFE:0.8104838709677419
MCC:0.20302439974624684
GMEAN:0.5987088887483586
SAMPLES:248
AUC:{}
AVGP:{}
CLASS:1
ACC:0.8462857142857143
PREC:0.9547270306258322
REC:0.8770642201834863
TNR:0.40869565217391307
FPR:0.045272969374167776
FPDR:0.045272969374167776
F1:0.9142492827542238
BACC:0
CLSFE:0.045272969374167776
MCC:0.20302439974624684
GMEAN:0.5987088887483586
SAMPLES:1502
AUC:{}
AVGP:{}
