

GENERAL_METRICS
ACC:0.828
PREC:0.8266559614612605
REC:0.8277929067500283
TNR:0.8277929067500283
FPR:0.17334403853873948
FPDR:0.17334403853873948
F1:0.8271037056098817
BACC:0.0
CLSFE:0.172
MCC:0.6544478806279742
GMEAN:0.8277892354271391
SAMPLES:500.0
AUC:{'AUC macro OVO': 0.8266559614612605}
AVGP:{'avg_precision': 0.7557740406949736}


METRICS_PER_CLASSES
CLASS:0
ACC:0.828
PREC:0.8490566037735849
REC:0.8302583025830258
TNR:0.8253275109170306
FPR:0.1509433962264151
FPDR:0.1509433962264151
F1:0.8395522388059702
BACC:0
CLSFE:0.1509433962264151
MCC:0.6544478806279742
GMEAN:0.8277892354271391
SAMPLES:265
AUC:{}
AVGP:{}
CLASS:1
ACC:0.828
PREC:0.8042553191489362
REC:0.8253275109170306
TNR:0.8302583025830258
FPR:0.19574468085106383
FPDR:0.19574468085106383
F1:0.8146551724137931
BACC:0
CLSFE:0.19574468085106383
MCC:0.6544478806279742
GMEAN:0.8277892354271391
SAMPLES:235
AUC:{}
AVGP:{}
