

GENERAL_METRICS
ACC:0.854
PREC:0.8523942352394235
REC:0.8555577122153208
TNR:0.8555577122153208
FPR:0.14760576476057646
FPDR:0.14760576476057646
F1:0.853196101853751
BACC:0.0
CLSFE:0.146
MCC:0.707944879435107
GMEAN:0.8554265943873227
SAMPLES:500.0
AUC:{'AUC macro OVO': 0.8523942352394235}
AVGP:{'avg_precision': 0.7982697250448296}


METRICS_PER_CLASSES
CLASS:0
ACC:0.854
PREC:0.8888888888888888
REC:0.8405797101449275
TNR:0.8705357142857143
FPR:0.1111111111111111
FPDR:0.1111111111111111
F1:0.8640595903165735
BACC:0
CLSFE:0.1111111111111111
MCC:0.707944879435107
GMEAN:0.8554265943873227
SAMPLES:261
AUC:{}
AVGP:{}
CLASS:1
ACC:0.854
PREC:0.8158995815899581
REC:0.8705357142857143
TNR:0.8405797101449275
FPR:0.18410041841004185
FPDR:0.18410041841004185
F1:0.8423326133909287
BACC:0
CLSFE:0.18410041841004185
MCC:0.707944879435107
GMEAN:0.8554265943873227
SAMPLES:239
AUC:{}
AVGP:{}
