

GENERAL_METRICS
ACC:0.822
PREC:0.8227009975821045
REC:0.8227785252098148
TNR:0.8227785252098148
FPR:0.17729900241789565
FPDR:0.17729900241789565
F1:0.821999287997152
BACC:0.0
CLSFE:0.178
MCC:0.6454795181360526
GMEAN:0.82241875315929
SAMPLES:500.0
AUC:{'AUC macro OVO': 0.8227009975821045}
AVGP:{'avg_precision': 0.7797082676785542}


METRICS_PER_CLASSES
CLASS:0
ACC:0.822
PREC:0.8477366255144033
REC:0.7984496124031008
TNR:0.8471074380165289
FPR:0.1522633744855967
FPDR:0.1522633744855967
F1:0.8223552894211577
BACC:0
CLSFE:0.1522633744855967
MCC:0.6454795181360526
GMEAN:0.82241875315929
SAMPLES:243
AUC:{}
AVGP:{}
CLASS:1
ACC:0.822
PREC:0.7976653696498055
REC:0.8471074380165289
TNR:0.7984496124031008
FPR:0.20233463035019456
FPDR:0.20233463035019456
F1:0.8216432865731463
BACC:0
CLSFE:0.20233463035019456
MCC:0.6454795181360526
GMEAN:0.82241875315929
SAMPLES:257
AUC:{}
AVGP:{}
