

GENERAL_METRICS
ACC:0.85
PREC:0.8505057294667435
REC:0.8513660939179541
TNR:0.8513660939179541
FPR:0.14949427053325653
FPDR:0.14949427053325653
F1:0.8499513842484965
BACC:0.0
CLSFE:0.15
MCC:0.7018712960610166
GMEAN:0.8509606680065585
SAMPLES:500.0
AUC:{'AUC macro OVO': 0.8505057294667434}
AVGP:{'avg_precision': 0.8106949732549255}


METRICS_PER_CLASSES
CLASS:0
ACC:0.85
PREC:0.8821138211382114
REC:0.8250950570342205
TNR:0.8776371308016878
FPR:0.11788617886178862
FPDR:0.11788617886178862
F1:0.8526522593320236
BACC:0
CLSFE:0.11788617886178862
MCC:0.7018712960610166
GMEAN:0.8509606680065585
SAMPLES:246
AUC:{}
AVGP:{}
CLASS:1
ACC:0.85
PREC:0.8188976377952756
REC:0.8776371308016878
TNR:0.8250950570342205
FPR:0.18110236220472442
FPDR:0.18110236220472442
F1:0.8472505091649695
BACC:0
CLSFE:0.18110236220472442
MCC:0.7018712960610166
GMEAN:0.8509606680065585
SAMPLES:254
AUC:{}
AVGP:{}
