

GENERAL_METRICS
ACC:0.8964444444444445
PREC:0.7335568343804446
REC:0.7243379095467601
TNR:0.7243379095467601
FPR:0.26644316561955544
FPDR:0.26644316561955544
F1:0.7288089475200696
BACC:0.0
CLSFE:0.10355555555555555
MCC:0.45780193090579163
GMEAN:0.6900328038830764
SAMPLES:2250.0
AUC:{'AUC macro OVO': 0.7335568343804446}
AVGP:{'avg_precision': 0.9416406855437183}


METRICS_PER_CLASSES
CLASS:0
ACC:0.8964444444444445
PREC:0.5276595744680851
REC:0.5040650406504065
TNR:0.9446107784431138
FPR:0.4723404255319149
FPDR:0.4723404255319149
F1:0.5155925155925156
BACC:0
CLSFE:0.4723404255319149
MCC:0.45780193090579163
GMEAN:0.6900328038830764
SAMPLES:235
AUC:{}
AVGP:{}
CLASS:1
ACC:0.8964444444444445
PREC:0.939454094292804
REC:0.9446107784431138
TNR:0.5040650406504065
FPR:0.06054590570719603
FPDR:0.06054590570719603
F1:0.9420253794476238
BACC:0
CLSFE:0.06054590570719603
MCC:0.45780193090579163
GMEAN:0.6900328038830764
SAMPLES:2015
AUC:{}
AVGP:{}
