

GENERAL_METRICS
ACC:0.9031111111111111
PREC:0.7347462638425976
REC:0.7672990485851201
TNR:0.7672990485851201
FPR:0.26525373615740244
FPDR:0.26525373615740244
F1:0.7494708497458444
BACC:0.0
CLSFE:0.09688888888888889
MCC:0.500988834143189
GMEAN:0.7482402665251874
SAMPLES:2250.0
AUC:{'AUC macro OVO': 0.7347462638425976}
AVGP:{'avg_precision': 0.934794984443331}


METRICS_PER_CLASSES
CLASS:0
ACC:0.9031111111111111
PREC:0.5152671755725191
REC:0.5973451327433629
TNR:0.9372529644268774
FPR:0.4847328244274809
FPDR:0.4847328244274809
F1:0.5532786885245902
BACC:0
CLSFE:0.4847328244274809
MCC:0.500988834143189
GMEAN:0.7482402665251874
SAMPLES:262
AUC:{}
AVGP:{}
CLASS:1
ACC:0.9031111111111111
PREC:0.954225352112676
REC:0.9372529644268774
TNR:0.5973451327433629
FPR:0.045774647887323945
FPDR:0.045774647887323945
F1:0.9456630109670987
BACC:0
CLSFE:0.045774647887323945
MCC:0.500988834143189
GMEAN:0.7482402665251874
SAMPLES:1988
AUC:{}
AVGP:{}
