

GENERAL_METRICS
ACC:0.8951111111111111
PREC:0.718531623175586
REC:0.7383686150402347
TNR:0.7383686150402347
FPR:0.28146837682441395
FPDR:0.28146837682441395
F1:0.7278045359759361
BACC:0.0
CLSFE:0.10488888888888889
MCC:0.4564694090905058
GMEAN:0.7115359312565438
SAMPLES:2250.0
AUC:{'AUC macro OVO': 0.718531623175586}
AVGP:{'avg_precision': 0.9330111013045244}


METRICS_PER_CLASSES
CLASS:0
ACC:0.8951111111111111
PREC:0.49019607843137253
REC:0.5411255411255411
TNR:0.9356116889549282
FPR:0.5098039215686274
FPDR:0.5098039215686274
F1:0.51440329218107
BACC:0
CLSFE:0.5098039215686274
MCC:0.4564694090905058
GMEAN:0.7115359312565438
SAMPLES:255
AUC:{}
AVGP:{}
CLASS:1
ACC:0.8951111111111111
PREC:0.9468671679197995
REC:0.9356116889549282
TNR:0.5411255411255411
FPR:0.053132832080200504
FPDR:0.053132832080200504
F1:0.9412057797708022
BACC:0
CLSFE:0.053132832080200504
MCC:0.4564694090905058
GMEAN:0.7115359312565438
SAMPLES:1995
AUC:{}
AVGP:{}
