

GENERAL_METRICS
ACC:0.9022222222222223
PREC:0.7351512289104486
REC:0.7423309726430083
TNR:0.7423309726430083
FPR:0.2648487710895514
FPDR:0.2648487710895514
F1:0.7386621614487092
BACC:0.0
CLSFE:0.09777777777777778
MCC:0.47742821877248814
GMEAN:0.714542963909788
SAMPLES:2250.0
AUC:{'AUC macro OVO': 0.7351512289104487}
AVGP:{'avg_precision': 0.9409136222626306}


METRICS_PER_CLASSES
CLASS:0
ACC:0.9022222222222223
PREC:0.5230125523012552
REC:0.5411255411255411
TNR:0.9435364041604755
FPR:0.4769874476987448
FPDR:0.4769874476987448
F1:0.5319148936170213
BACC:0
CLSFE:0.4769874476987448
MCC:0.47742821877248814
GMEAN:0.714542963909788
SAMPLES:239
AUC:{}
AVGP:{}
CLASS:1
ACC:0.9022222222222223
PREC:0.947289905519642
REC:0.9435364041604755
TNR:0.5411255411255411
FPR:0.05271009448035803
FPDR:0.05271009448035803
F1:0.9454094292803971
BACC:0
CLSFE:0.05271009448035803
MCC:0.47742821877248814
GMEAN:0.714542963909788
SAMPLES:2011
AUC:{}
AVGP:{}
