

GENERAL_METRICS
ACC:0.905
PREC:0.4977639998215804
REC:0.48543634727845253
TNR:0.48543634727845253
FPR:0.5022360001784196
FPDR:0.5022360001784196
F1:0.481968567912709
BACC:0.0
CLSFE:0.095
MCC:-0.011413032915718917
GMEAN:0.2255015569053607
SAMPLES:3000.0
AUC:{'AUC macro OVO': 0.4977639998215804}
AVGP:{'avg_precision': 0.9153214651537415}


METRICS_PER_CLASSES
CLASS:0
ACC:0.905
PREC:0.007905138339920948
REC:0.05555555555555555
TNR:0.9153171390013495
FPR:0.9920948616600791
FPDR:0.9920948616600791
F1:0.01384083044982699
BACC:0
CLSFE:0.9920948616600791
MCC:-0.011413032915718917
GMEAN:0.2255015569053607
SAMPLES:253
AUC:{}
AVGP:{}
CLASS:1
ACC:0.905
PREC:0.98762286130324
REC:0.9153171390013495
TNR:0.05555555555555555
FPR:0.012377138696760102
FPDR:0.012377138696760102
F1:0.950096305375591
BACC:0
CLSFE:0.012377138696760102
MCC:-0.011413032915718917
GMEAN:0.2255015569053607
SAMPLES:2747
AUC:{}
AVGP:{}
