

GENERAL_METRICS
ACC:0.9096666666666666
PREC:0.5051328542085463
REC:0.5370198787061995
TNR:0.5370198787061995
FPR:0.4948671457914537
FPDR:0.4948671457914537
F1:0.4941006409925335
BACC:0.0
CLSFE:0.09033333333333333
MCC:0.027569377230324887
GMEAN:0.3786880637090207
SAMPLES:3000.0
AUC:{'AUC macro OVO': 0.5051328542085464}
AVGP:{'avg_precision': 0.9177820062491365}


METRICS_PER_CLASSES
CLASS:0
ACC:0.9096666666666666
PREC:0.020080321285140562
REC:0.15625
TNR:0.9177897574123989
FPR:0.9799196787148594
FPDR:0.9799196787148594
F1:0.03558718861209965
BACC:0
CLSFE:0.9799196787148594
MCC:0.027569377230324887
GMEAN:0.3786880637090207
SAMPLES:249
AUC:{}
AVGP:{}
CLASS:1
ACC:0.9096666666666666
PREC:0.990185387131952
REC:0.9177897574123989
TNR:0.15625
FPR:0.009814612868047983
FPDR:0.009814612868047983
F1:0.9526140933729673
BACC:0
CLSFE:0.009814612868047983
MCC:0.027569377230324887
GMEAN:0.3786880637090207
SAMPLES:2751
AUC:{}
AVGP:{}
