

GENERAL_METRICS
ACC:0.9096666666666666
PREC:0.5016363636363637
REC:0.5140150241058414
TNR:0.5140150241058414
FPR:0.49836363636363634
FPDR:0.49836363636363634
F1:0.48715393140983465
BACC:0.0
CLSFE:0.09033333333333333
MCC:0.009577823512585468
GMEAN:0.3191862808769568
SAMPLES:3000.0
AUC:{'AUC macro OVO': 0.5016363636363637}
AVGP:{'avg_precision': 0.9169167354676941}


METRICS_PER_CLASSES
CLASS:0
ACC:0.9096666666666666
PREC:0.012
REC:0.1111111111111111
TNR:0.9169189371005718
FPR:0.988
FPDR:0.988
F1:0.021660649819494584
BACC:0
CLSFE:0.988
MCC:0.009577823512585468
GMEAN:0.3191862808769568
SAMPLES:250
AUC:{}
AVGP:{}
CLASS:1
ACC:0.9096666666666666
PREC:0.9912727272727273
REC:0.9169189371005718
TNR:0.1111111111111111
FPR:0.008727272727272728
FPDR:0.008727272727272728
F1:0.9526472130001747
BACC:0
CLSFE:0.008727272727272728
MCC:0.009577823512585468
GMEAN:0.3191862808769568
SAMPLES:2750
AUC:{}
AVGP:{}
