

GENERAL_METRICS
ACC:0.9056666666666666
PREC:0.5079870859067939
REC:0.5519013782597988
TNR:0.5519013782597988
FPR:0.4920129140932061
FPDR:0.4920129140932061
F1:0.49875752085115577
BACC:0.0
CLSFE:0.09433333333333334
MCC:0.040720548465953646
GMEAN:0.41597475791767924
SAMPLES:3000.0
AUC:{'AUC macro OVO': 0.5079870859067939}
AVGP:{'avg_precision': 0.9145995501698564}


METRICS_PER_CLASSES
CLASS:0
ACC:0.9056666666666666
PREC:0.026923076923076925
REC:0.1891891891891892
TNR:0.9146135673304083
FPR:0.9730769230769231
FPDR:0.9730769230769231
F1:0.04713804713804714
BACC:0
CLSFE:0.9730769230769231
MCC:0.040720548465953646
GMEAN:0.41597475791767924
SAMPLES:260
AUC:{}
AVGP:{}
CLASS:1
ACC:0.9056666666666666
PREC:0.9890510948905109
REC:0.9146135673304083
TNR:0.1891891891891892
FPR:0.010948905109489052
FPDR:0.010948905109489052
F1:0.9503769945642644
BACC:0
CLSFE:0.010948905109489052
MCC:0.040720548465953646
GMEAN:0.41597475791767924
SAMPLES:2740
AUC:{}
AVGP:{}
