

GENERAL_METRICS
ACC:0.92325
PREC:0.5482912309152295
REC:0.6008602933342804
TNR:0.6008602933342804
FPR:0.45170876908477053
FPDR:0.45170876908477053
F1:0.5616338207360768
BACC:0.0
CLSFE:0.07675
MCC:0.1395803383802104
GMEAN:0.49386753869770034
SAMPLES:4000.0
AUC:{'AUC macro OVO': 0.5482912309152295}
AVGP:{'avg_precision': 0.9429657035903017}


METRICS_PER_CLASSES
CLASS:0
ACC:0.92325
PREC:0.11952191235059761
REC:0.25862068965517243
TNR:0.9430998970133883
FPR:0.8804780876494024
FPDR:0.8804780876494024
F1:0.16348773841961853
BACC:0
CLSFE:0.8804780876494024
MCC:0.1395803383802104
GMEAN:0.49386753869770034
SAMPLES:251
AUC:{}
AVGP:{}
CLASS:1
ACC:0.92325
PREC:0.9770605494798613
REC:0.9430998970133883
TNR:0.25862068965517243
FPR:0.022939450520138703
FPDR:0.022939450520138703
F1:0.959779903052535
BACC:0
CLSFE:0.022939450520138703
MCC:0.1395803383802104
GMEAN:0.49386753869770034
SAMPLES:3749
AUC:{}
AVGP:{}
