

GENERAL_METRICS
ACC:0.92325
PREC:0.5574827612336137
REC:0.6284299916027847
TNR:0.6284299916027847
FPR:0.4425172387663863
FPDR:0.4425172387663863
F1:0.5748450937019948
BACC:0.0
CLSFE:0.07675
MCC:0.17184307425715917
GMEAN:0.5451423308655104
SAMPLES:4000.0
AUC:{'AUC macro OVO': 0.5574827612336137}
AVGP:{'avg_precision': 0.9409176314108725}


METRICS_PER_CLASSES
CLASS:0
ACC:0.92325
PREC:0.13584905660377358
REC:0.3157894736842105
TNR:0.9410705095213587
FPR:0.8641509433962264
FPDR:0.8641509433962264
F1:0.18997361477572558
BACC:0
CLSFE:0.8641509433962264
MCC:0.17184307425715917
GMEAN:0.5451423308655104
SAMPLES:265
AUC:{}
AVGP:{}
CLASS:1
ACC:0.92325
PREC:0.9791164658634538
REC:0.9410705095213587
TNR:0.3157894736842105
FPR:0.020883534136546186
FPDR:0.020883534136546186
F1:0.959716572628264
BACC:0
CLSFE:0.020883534136546186
MCC:0.17184307425715917
GMEAN:0.5451423308655104
SAMPLES:3735
AUC:{}
AVGP:{}
