

GENERAL_METRICS
ACC:0.92675
PREC:0.5564582191632553
REC:0.6031034654948566
TNR:0.6031034654948566
FPR:0.44354178083674467
FPDR:0.44354178083674467
F1:0.5704679883205408
BACC:0.0
CLSFE:0.07325
MCC:0.15259145521817075
GMEAN:0.4946533265959442
SAMPLES:4000.0
AUC:{'AUC macro OVO': 0.5564582191632553}
AVGP:{'avg_precision': 0.9479862953578453}


METRICS_PER_CLASSES
CLASS:0
ACC:0.92675
PREC:0.13733905579399142
REC:0.25806451612903225
TNR:0.9481424148606811
FPR:0.8626609442060086
FPDR:0.8626609442060086
F1:0.1792717086834734
BACC:0
CLSFE:0.8626609442060086
MCC:0.15259145521817075
GMEAN:0.4946533265959442
SAMPLES:233
AUC:{}
AVGP:{}
CLASS:1
ACC:0.92675
PREC:0.9755773825325192
REC:0.9481424148606811
TNR:0.25806451612903225
FPR:0.024422617467480753
FPDR:0.024422617467480753
F1:0.9616642679576083
BACC:0
CLSFE:0.024422617467480753
MCC:0.15259145521817075
GMEAN:0.4946533265959442
SAMPLES:3767
AUC:{}
AVGP:{}
