

GENERAL_METRICS
ACC:0.93175
PREC:0.5821163618576592
REC:0.6649180485334312
TNR:0.6649180485334312
FPR:0.4178836381423408
FPDR:0.4178836381423408
F1:0.606093431607972
BACC:0.0
CLSFE:0.06825
MCC:0.23274423859876944
GMEAN:0.6014220959092993
SAMPLES:4000.0
AUC:{'AUC macro OVO': 0.5821163618576592}
AVGP:{'avg_precision': 0.9482910032030109}


METRICS_PER_CLASSES
CLASS:0
ACC:0.93175
PREC:0.1836734693877551
REC:0.3813559322033898
TNR:0.9484801648634724
FPR:0.8163265306122449
FPDR:0.8163265306122449
F1:0.24793388429752067
BACC:0
CLSFE:0.8163265306122449
MCC:0.23274423859876944
GMEAN:0.6014220959092993
SAMPLES:245
AUC:{}
AVGP:{}
CLASS:1
ACC:0.93175
PREC:0.9805592543275633
REC:0.9484801648634724
TNR:0.3813559322033898
FPR:0.01944074567243675
FPDR:0.01944074567243675
F1:0.9642529789184234
BACC:0
CLSFE:0.01944074567243675
MCC:0.23274423859876944
GMEAN:0.6014220959092993
SAMPLES:3755
AUC:{}
AVGP:{}
