

GENERAL_METRICS
ACC:0.9333333333333333
PREC:0.5448426446184751
REC:0.6965259950699445
TNR:0.6965259950699445
FPR:0.45515735538152496
FPDR:0.45515735538152496
F1:0.563180622832211
BACC:0.0
CLSFE:0.06666666666666667
MCC:0.18775244717674075
GMEAN:0.6525034986540403
SAMPLES:3750.0
AUC:{'AUC macro OVO': 0.544842644618475}
AVGP:{'avg_precision': 0.9401758388617777}


METRICS_PER_CLASSES
CLASS:0
ACC:0.9333333333333333
PREC:0.09795918367346938
REC:0.4528301886792453
TNR:0.9402218014606437
FPR:0.9020408163265307
FPDR:0.9020408163265307
F1:0.1610738255033557
BACC:0
CLSFE:0.9020408163265307
MCC:0.18775244717674075
GMEAN:0.6525034986540403
SAMPLES:245
AUC:{}
AVGP:{}
CLASS:1
ACC:0.9333333333333333
PREC:0.9917261055634807
REC:0.9402218014606437
TNR:0.4528301886792453
FPR:0.008273894436519259
FPDR:0.008273894436519259
F1:0.9652874201610664
BACC:0
CLSFE:0.008273894436519259
MCC:0.18775244717674075
GMEAN:0.6525034986540403
SAMPLES:3505
AUC:{}
AVGP:{}
