

GENERAL_METRICS
ACC:0.9325333333333333
PREC:0.5330696761971883
REC:0.6573811453268503
TNR:0.6573811453268503
FPR:0.46693032380281174
FPDR:0.46693032380281174
F1:0.544741093840197
BACC:0.0
CLSFE:0.06746666666666666
MCC:0.1442850444848886
GMEAN:0.5936420293368199
SAMPLES:3750.0
AUC:{'AUC macro OVO': 0.5330696761971883}
AVGP:{'avg_precision': 0.939727845307559}


METRICS_PER_CLASSES
CLASS:0
ACC:0.9325333333333333
PREC:0.07468879668049792
REC:0.375
TNR:0.9397622906537006
FPR:0.9253112033195021
FPDR:0.9253112033195021
F1:0.1245674740484429
BACC:0
CLSFE:0.9253112033195021
MCC:0.1442850444848886
GMEAN:0.5936420293368199
SAMPLES:241
AUC:{}
AVGP:{}
CLASS:1
ACC:0.9325333333333333
PREC:0.9914505557138786
REC:0.9397622906537006
TNR:0.375
FPR:0.008549444286121402
FPDR:0.008549444286121402
F1:0.9649147136319511
BACC:0
CLSFE:0.008549444286121402
MCC:0.1442850444848886
GMEAN:0.5936420293368199
SAMPLES:3509
AUC:{}
AVGP:{}
