

GENERAL_METRICS
ACC:0.9333333333333333
PREC:0.5431021890931708
REC:0.6833363395863397
TNR:0.6833363395863397
FPR:0.45689781090682924
FPDR:0.45689781090682924
F1:0.5603512312979276
BACC:0.0
CLSFE:0.06666666666666667
MCC:0.17778861129442655
GMEAN:0.6329995512940211
SAMPLES:3750.0
AUC:{'AUC macro OVO': 0.5431021890931708}
AVGP:{'avg_precision': 0.9407000934166556}


METRICS_PER_CLASSES
CLASS:0
ACC:0.9333333333333333
PREC:0.09504132231404959
REC:0.42592592592592593
TNR:0.9407467532467533
FPR:0.9049586776859504
FPDR:0.9049586776859504
F1:0.1554054054054054
BACC:0
CLSFE:0.9049586776859504
MCC:0.17778861129442655
GMEAN:0.6329995512940211
SAMPLES:242
AUC:{}
AVGP:{}
CLASS:1
ACC:0.9333333333333333
PREC:0.9911630558722919
REC:0.9407467532467533
TNR:0.42592592592592593
FPR:0.008836944127708095
FPDR:0.008836944127708095
F1:0.9652970571904498
BACC:0
CLSFE:0.008836944127708095
MCC:0.17778861129442655
GMEAN:0.6329995512940211
SAMPLES:3508
AUC:{}
AVGP:{}
