

GENERAL_METRICS
ACC:0.9253333333333333
PREC:0.525830068497261
REC:0.6478192611489968
TNR:0.6478192611489968
FPR:0.47416993150273906
FPDR:0.47416993150273906
F1:0.5318051453276829
BACC:0.0
CLSFE:0.07466666666666667
MCC:0.12358287325828109
GMEAN:0.5821596652783121
SAMPLES:3750.0
AUC:{'AUC macro OVO': 0.5258300684972609}
AVGP:{'avg_precision': 0.9319742646038491}


METRICS_PER_CLASSES
CLASS:0
ACC:0.9253333333333333
PREC:0.05970149253731343
REC:0.36363636363636365
TNR:0.9320021586616298
FPR:0.9402985074626866
FPDR:0.9402985074626866
F1:0.10256410256410256
BACC:0
CLSFE:0.9402985074626866
MCC:0.12358287325828109
GMEAN:0.5821596652783121
SAMPLES:268
AUC:{}
AVGP:{}
CLASS:1
ACC:0.9253333333333333
PREC:0.9919586444572085
REC:0.9320021586616298
TNR:0.36363636363636365
FPR:0.0080413555427915
FPDR:0.0080413555427915
F1:0.9610461880912632
BACC:0
CLSFE:0.0080413555427915
MCC:0.12358287325828109
GMEAN:0.5821596652783121
SAMPLES:3482
AUC:{}
AVGP:{}
