

GENERAL_METRICS
ACC:0.8737777777777778
PREC:0.5631486568986569
REC:0.6080914368650218
TNR:0.6080914368650218
FPR:0.4368513431013431
FPDR:0.4368513431013431
F1:0.5755574213021022
BACC:0.0
CLSFE:0.12622222222222224
MCC:0.16523715151589966
GMEAN:0.5287112243756905
SAMPLES:2250.0
AUC:{'AUC macro OVO': 0.5631486568986569}
AVGP:{'avg_precision': 0.9079329514824798}


METRICS_PER_CLASSES
CLASS:0
ACC:0.8737777777777778
PREC:0.17094017094017094
REC:0.3076923076923077
TNR:0.9084905660377358
FPR:0.8290598290598291
FPDR:0.8290598290598291
F1:0.21978021978021978
BACC:0
CLSFE:0.8290598290598291
MCC:0.16523715151589966
GMEAN:0.5287112243756905
SAMPLES:234
AUC:{}
AVGP:{}
CLASS:1
ACC:0.8737777777777778
PREC:0.9553571428571429
REC:0.9084905660377358
TNR:0.3076923076923077
FPR:0.044642857142857144
FPDR:0.044642857142857144
F1:0.9313346228239845
BACC:0
CLSFE:0.044642857142857144
MCC:0.16523715151589966
GMEAN:0.5287112243756905
SAMPLES:2016
AUC:{}
AVGP:{}
