

GENERAL_METRICS
ACC:0.9048888888888889
PREC:0.7081991447125284
REC:0.7460228336140745
TNR:0.7460228336140745
FPR:0.2918008552874716
FPDR:0.2918008552874716
F1:0.7248728644077482
BACC:0.0
CLSFE:0.0951111111111111
MCC:0.45264442353000656
GMEAN:0.7208454702826058
SAMPLES:2250.0
AUC:{'AUC macro OVO': 0.7081991447125283}
AVGP:{'avg_precision': 0.9363583102401091}


METRICS_PER_CLASSES
CLASS:0
ACC:0.9048888888888889
PREC:0.4595744680851064
REC:0.5538461538461539
TNR:0.9381995133819951
FPR:0.5404255319148936
FPDR:0.5404255319148936
F1:0.5023255813953489
BACC:0
CLSFE:0.5404255319148936
MCC:0.45264442353000656
GMEAN:0.7208454702826058
SAMPLES:235
AUC:{}
AVGP:{}
CLASS:1
ACC:0.9048888888888889
PREC:0.9568238213399504
REC:0.9381995133819951
TNR:0.5538461538461539
FPR:0.04317617866004963
FPDR:0.04317617866004963
F1:0.9474201474201475
BACC:0
CLSFE:0.04317617866004963
MCC:0.45264442353000656
GMEAN:0.7208454702826058
SAMPLES:2015
AUC:{}
AVGP:{}
