

GENERAL_METRICS
ACC:0.9142222222222223
PREC:0.7142130416599914
REC:0.7850225898611388
TNR:0.7850225898611388
FPR:0.2857869583400086
FPDR:0.2857869583400086
F1:0.7427323747238483
BACC:0.0
CLSFE:0.08577777777777777
MCC:0.49418844954516195
GMEAN:0.7700005220344291
SAMPLES:2250.0
AUC:{'AUC macro OVO': 0.7142130416599914}
AVGP:{'avg_precision': 0.9364583161270686}


METRICS_PER_CLASSES
CLASS:0
ACC:0.9142222222222223
PREC:0.4602510460251046
REC:0.632183908045977
TNR:0.9378612716763006
FPR:0.5397489539748954
FPDR:0.5397489539748954
F1:0.5326876513317191
BACC:0
CLSFE:0.5397489539748954
MCC:0.49418844954516195
GMEAN:0.7700005220344291
SAMPLES:239
AUC:{}
AVGP:{}
CLASS:1
ACC:0.9142222222222223
PREC:0.9681750372948782
REC:0.9378612716763006
TNR:0.632183908045977
FPR:0.03182496270512183
FPDR:0.03182496270512183
F1:0.9527770981159774
BACC:0
CLSFE:0.03182496270512183
MCC:0.49418844954516195
GMEAN:0.7700005220344291
SAMPLES:2011
AUC:{}
AVGP:{}
