

GENERAL_METRICS
ACC:0.9115555555555556
PREC:0.7212991690601624
REC:0.8017210915516
TNR:0.8017210915516
FPR:0.2787008309398375
FPDR:0.2787008309398375
F1:0.752855205440663
BACC:0.0
CLSFE:0.08844444444444445
MCC:0.5168002587007646
GMEAN:0.7908712854966685
SAMPLES:2250.0
AUC:{'AUC macro OVO': 0.7212991690601624}
AVGP:{'avg_precision': 0.9316494793349821}


METRICS_PER_CLASSES
CLASS:0
ACC:0.9115555555555556
PREC:0.4732824427480916
REC:0.6702702702702703
TNR:0.9331719128329298
FPR:0.5267175572519084
FPDR:0.5267175572519084
F1:0.5548098434004475
BACC:0
CLSFE:0.5267175572519084
MCC:0.5168002587007646
GMEAN:0.7908712854966685
SAMPLES:262
AUC:{}
AVGP:{}
CLASS:1
ACC:0.9115555555555556
PREC:0.9693158953722334
REC:0.9331719128329298
TNR:0.6702702702702703
FPR:0.0306841046277666
FPDR:0.0306841046277666
F1:0.9509005674808784
BACC:0
CLSFE:0.0306841046277666
MCC:0.5168002587007646
GMEAN:0.7908712854966685
SAMPLES:1988
AUC:{}
AVGP:{}
