

GENERAL_METRICS
ACC:0.9071111111111111
PREC:0.7047766475011057
REC:0.7795893719806763
TNR:0.7795893719806763
FPR:0.2952233524988943
FPDR:0.2952233524988943
F1:0.734062857869958
BACC:0.0
CLSFE:0.09288888888888888
MCC:0.47855354672656003
GMEAN:0.764665174289244
SAMPLES:2250.0
AUC:{'AUC macro OVO': 0.7047766475011057}
AVGP:{'avg_precision': 0.9298986112624558}


METRICS_PER_CLASSES
CLASS:0
ACC:0.9071111111111111
PREC:0.44313725490196076
REC:0.6277777777777778
TNR:0.9314009661835749
FPR:0.5568627450980392
FPDR:0.5568627450980392
F1:0.5195402298850574
BACC:0
CLSFE:0.5568627450980392
MCC:0.47855354672656003
GMEAN:0.764665174289244
SAMPLES:255
AUC:{}
AVGP:{}
CLASS:1
ACC:0.9071111111111111
PREC:0.9664160401002506
REC:0.9314009661835749
TNR:0.6277777777777778
FPR:0.033583959899749376
FPDR:0.033583959899749376
F1:0.9485854858548586
BACC:0
CLSFE:0.033583959899749376
MCC:0.47855354672656003
GMEAN:0.764665174289244
SAMPLES:1995
AUC:{}
AVGP:{}
