

GENERAL_METRICS
ACC:0.9026666666666666
PREC:0.5887827256734849
REC:0.6640551103813824
TNR:0.6640551103813824
FPR:0.41121727432651517
FPDR:0.41121727432651517
F1:0.6107351772754661
BACC:0.0
CLSFE:0.09733333333333333
MCC:0.24137323679582667
GMEAN:0.6099286195591195
SAMPLES:3000.0
AUC:{'AUC macro OVO': 0.5887827256734849}
AVGP:{'avg_precision': 0.9262011296707684}


METRICS_PER_CLASSES
CLASS:0
ACC:0.9026666666666666
PREC:0.20754716981132076
REC:0.40145985401459855
TNR:0.9266503667481663
FPR:0.7924528301886793
FPDR:0.7924528301886793
F1:0.2736318407960199
BACC:0
CLSFE:0.7924528301886793
MCC:0.24137323679582667
GMEAN:0.6099286195591195
SAMPLES:265
AUC:{}
AVGP:{}
CLASS:1
ACC:0.9026666666666666
PREC:0.970018281535649
REC:0.9266503667481663
TNR:0.40145985401459855
FPR:0.029981718464351007
FPDR:0.029981718464351007
F1:0.9478385137549125
BACC:0
CLSFE:0.029981718464351007
MCC:0.24137323679582667
GMEAN:0.6099286195591195
SAMPLES:2735
AUC:{}
AVGP:{}
