

GENERAL_METRICS
ACC:0.902
PREC:0.5888679201050262
REC:0.6401075547013602
TNR:0.6401075547013602
FPR:0.41113207989497375
FPDR:0.41113207989497375
F1:0.60625
BACC:0.0
CLSFE:0.098
MCC:0.2231686983186582
GMEAN:0.569921148980794
SAMPLES:3000.0
AUC:{'AUC macro OVO': 0.5888679201050262}
AVGP:{'avg_precision': 0.9310201579647897}


METRICS_PER_CLASSES
CLASS:0
ACC:0.902
PREC:0.21370967741935484
REC:0.34868421052631576
TNR:0.9315308988764045
FPR:0.7862903225806451
FPDR:0.7862903225806451
F1:0.265
BACC:0
CLSFE:0.7862903225806451
MCC:0.2231686983186582
GMEAN:0.569921148980794
SAMPLES:248
AUC:{}
AVGP:{}
CLASS:1
ACC:0.902
PREC:0.9640261627906976
REC:0.9315308988764045
TNR:0.34868421052631576
FPR:0.03597383720930233
FPDR:0.03597383720930233
F1:0.9475
BACC:0
CLSFE:0.03597383720930233
MCC:0.2231686983186582
GMEAN:0.569921148980794
SAMPLES:2752
AUC:{}
AVGP:{}
