

GENERAL_METRICS
ACC:0.8956666666666667
PREC:0.5746186346583999
REC:0.6116637323943662
TNR:0.6116637323943662
FPR:0.4253813653416001
FPDR:0.4253813653416001
F1:0.5874977101510268
BACC:0.0
CLSFE:0.10433333333333333
MCC:0.18256171835440796
GMEAN:0.5225546672662011
SAMPLES:3000.0
AUC:{'AUC macro OVO': 0.5746186346583999}
AVGP:{'avg_precision': 0.9290885726028284}


METRICS_PER_CLASSES
CLASS:0
ACC:0.8956666666666667
PREC:0.1902834008097166
REC:0.29375
TNR:0.9295774647887324
FPR:0.8097165991902834
FPDR:0.8097165991902834
F1:0.23095823095823095
BACC:0
CLSFE:0.8097165991902834
MCC:0.18256171835440796
GMEAN:0.5225546672662011
SAMPLES:247
AUC:{}
AVGP:{}
CLASS:1
ACC:0.8956666666666667
PREC:0.9589538685070832
REC:0.9295774647887324
TNR:0.29375
FPR:0.04104613149291682
FPDR:0.04104613149291682
F1:0.9440371893438226
BACC:0
CLSFE:0.04104613149291682
MCC:0.18256171835440796
GMEAN:0.5225546672662011
SAMPLES:2753
AUC:{}
AVGP:{}
