

GENERAL_METRICS
ACC:0.901
PREC:0.5929596458195512
REC:0.6509741936816876
TNR:0.6509741936816876
FPR:0.40704035418044887
FPDR:0.40704035418044887
F1:0.6121160830776826
BACC:0.0
CLSFE:0.099
MCC:0.23693465405079098
GMEAN:0.5884274154740521
SAMPLES:3000.0
AUC:{'AUC macro OVO': 0.5929596458195512}
AVGP:{'avg_precision': 0.9288602214008527}


METRICS_PER_CLASSES
CLASS:0
ACC:0.901
PREC:0.22093023255813954
REC:0.37254901960784315
TNR:0.9293993677555321
FPR:0.7790697674418605
FPDR:0.7790697674418605
F1:0.2773722627737226
BACC:0
CLSFE:0.7790697674418605
MCC:0.23693465405079098
GMEAN:0.5884274154740521
SAMPLES:258
AUC:{}
AVGP:{}
CLASS:1
ACC:0.901
PREC:0.9649890590809628
REC:0.9293993677555321
TNR:0.37254901960784315
FPR:0.0350109409190372
FPDR:0.0350109409190372
F1:0.9468599033816425
BACC:0
CLSFE:0.0350109409190372
MCC:0.23693465405079098
GMEAN:0.5884274154740521
SAMPLES:2742
AUC:{}
AVGP:{}
