

GENERAL_METRICS
ACC:0.8133333333333334
PREC:0.8154926668043793
REC:0.785863486287986
TNR:0.785863486287986
FPR:0.18450733319562074
FPDR:0.18450733319562074
F1:0.7950515689290371
BACC:0.0
CLSFE:0.18666666666666668
MCC:0.6006257857634612
GMEAN:0.7762361149292347
SAMPLES:750.0
AUC:{'AUC macro OVO': 0.8154926668043792}
AVGP:{'avg_precision': 0.8662844089091947}


METRICS_PER_CLASSES
CLASS:0
ACC:0.8133333333333334
PREC:0.8212765957446808
REC:0.6632302405498282
TNR:0.9084967320261438
FPR:0.17872340425531916
FPDR:0.17872340425531916
F1:0.7338403041825095
BACC:0
CLSFE:0.17872340425531916
MCC:0.6006257857634612
GMEAN:0.7762361149292347
SAMPLES:235
AUC:{}
AVGP:{}
CLASS:1
ACC:0.8133333333333334
PREC:0.8097087378640777
REC:0.9084967320261438
TNR:0.6632302405498282
FPR:0.19029126213592232
FPDR:0.19029126213592232
F1:0.8562628336755647
BACC:0
CLSFE:0.19029126213592232
MCC:0.6006257857634612
GMEAN:0.7762361149292347
SAMPLES:515
AUC:{}
AVGP:{}
