

GENERAL_METRICS
ACC:0.776
PREC:0.7772646761133604
REC:0.7565858798735512
TNR:0.7565858798735512
FPR:0.2227353238866397
FPDR:0.2227353238866397
F1:0.7619839206915311
BACC:0.0
CLSFE:0.224
MCC:0.533449907220544
GMEAN:0.7477085159481932
SAMPLES:750.0
AUC:{'AUC macro OVO': 0.7772646761133604}
AVGP:{'avg_precision': 0.8237459190653134}


METRICS_PER_CLASSES
CLASS:0
ACC:0.776
PREC:0.78125
REC:0.6410256410256411
TNR:0.8721461187214612
FPR:0.21875
FPDR:0.21875
F1:0.704225352112676
BACC:0
CLSFE:0.21875
MCC:0.533449907220544
GMEAN:0.7477085159481932
SAMPLES:256
AUC:{}
AVGP:{}
CLASS:1
ACC:0.776
PREC:0.7732793522267206
REC:0.8721461187214612
TNR:0.6410256410256411
FPR:0.22672064777327935
FPDR:0.22672064777327935
F1:0.8197424892703863
BACC:0
CLSFE:0.22672064777327935
MCC:0.533449907220544
GMEAN:0.7477085159481932
SAMPLES:494
AUC:{}
AVGP:{}
