

GENERAL_METRICS
ACC:0.816
PREC:0.8092918143929779
REC:0.7883011120354753
TNR:0.7883011120354753
FPR:0.19070818560702207
FPDR:0.19070818560702207
F1:0.7961571185479297
BACC:0.0
CLSFE:0.184
MCC:0.5972241590323196
GMEAN:0.781143153904502
SAMPLES:750.0
AUC:{'AUC macro OVO': 0.8092918143929779}
AVGP:{'avg_precision': 0.8576178974471425}


METRICS_PER_CLASSES
CLASS:0
ACC:0.816
PREC:0.7907949790794979
REC:0.6823104693140795
TNR:0.8942917547568711
FPR:0.20920502092050208
FPDR:0.20920502092050208
F1:0.7325581395348837
BACC:0
CLSFE:0.20920502092050208
MCC:0.5972241590323196
GMEAN:0.781143153904502
SAMPLES:239
AUC:{}
AVGP:{}
CLASS:1
ACC:0.816
PREC:0.8277886497064579
REC:0.8942917547568711
TNR:0.6823104693140795
FPR:0.17221135029354206
FPDR:0.17221135029354206
F1:0.8597560975609756
BACC:0
CLSFE:0.17221135029354206
MCC:0.5972241590323196
GMEAN:0.781143153904502
SAMPLES:511
AUC:{}
AVGP:{}
