

GENERAL_METRICS
ACC:0.8346666666666667
PREC:0.8374717081613634
REC:0.8064438130931512
TNR:0.8064438130931512
FPR:0.16252829183863665
FPDR:0.16252829183863665
F1:0.8168368311590093
BACC:0.0
CLSFE:0.16533333333333333
MCC:0.6431675273520183
GMEAN:0.7980133102306788
SAMPLES:750.0
AUC:{'AUC macro OVO': 0.8374717081613634}
AVGP:{'avg_precision': 0.8833200435260521}


METRICS_PER_CLASSES
CLASS:0
ACC:0.8346666666666667
PREC:0.8448275862068966
REC:0.6901408450704225
TNR:0.9227467811158798
FPR:0.15517241379310345
FPDR:0.15517241379310345
F1:0.7596899224806202
BACC:0
CLSFE:0.15517241379310345
MCC:0.6431675273520183
GMEAN:0.7980133102306788
SAMPLES:232
AUC:{}
AVGP:{}
CLASS:1
ACC:0.8346666666666667
PREC:0.8301158301158301
REC:0.9227467811158798
TNR:0.6901408450704225
FPR:0.16988416988416988
FPDR:0.16988416988416988
F1:0.8739837398373984
BACC:0
CLSFE:0.16988416988416988
MCC:0.6431675273520183
GMEAN:0.7980133102306788
SAMPLES:518
AUC:{}
AVGP:{}
