

GENERAL_METRICS
ACC:0.9231428571428572
PREC:0.49830351634793335
REC:0.46302665520206365
TNR:0.46302665520206365
FPR:0.5016964836520666
FPDR:0.5016964836520666
F1:0.4800178279601842
BACC:0.0
CLSFE:0.07685714285714286
MCC:-0.01583978219697754
GMEAN:0.0
SAMPLES:3500.0
AUC:{'AUC macro OVO': 0.49830351634793335}
AVGP:{'avg_precision': 0.9260540989428989}


METRICS_PER_CLASSES
CLASS:0
ACC:0.9231428571428572
PREC:0.0
REC:0.0
TNR:0.9260533104041273
FPR:1.0
FPDR:1.0
F1:0.0
BACC:0
CLSFE:1.0
MCC:-0.01583978219697754
GMEAN:0
SAMPLES:258
AUC:{}
AVGP:{}
CLASS:1
ACC:0.9231428571428572
PREC:0.9966070326958667
REC:0.9260533104041273
TNR:0.0
FPR:0.003392967304133251
FPDR:0.003392967304133251
F1:0.9600356559203684
BACC:0
CLSFE:0.003392967304133251
MCC:-0.01583978219697754
GMEAN:0
SAMPLES:3242
AUC:{}
AVGP:{}
