

GENERAL_METRICS
ACC:0.9268571428571428
PREC:0.49815724815724816
REC:0.4650229357798165
TNR:0.4650229357798165
FPR:0.5018427518427518
FPDR:0.5018427518427518
F1:0.48102016607354686
BACC:0.0
CLSFE:0.07314285714285715
MCC:-0.01605665588418618
GMEAN:0.0
SAMPLES:3500.0
AUC:{'AUC macro OVO': 0.49815724815724816}
AVGP:{'avg_precision': 0.930046755500884}


METRICS_PER_CLASSES
CLASS:0
ACC:0.9268571428571428
PREC:0.0
REC:0.0
TNR:0.930045871559633
FPR:1.0
FPDR:1.0
F1:0.0
BACC:0
CLSFE:1.0
MCC:-0.01605665588418618
GMEAN:0
SAMPLES:244
AUC:{}
AVGP:{}
CLASS:1
ACC:0.9268571428571428
PREC:0.9963144963144963
REC:0.930045871559633
TNR:0.0
FPR:0.0036855036855036856
FPDR:0.0036855036855036856
F1:0.9620403321470937
BACC:0
CLSFE:0.0036855036855036856
MCC:-0.01605665588418618
GMEAN:0
SAMPLES:3256
AUC:{}
AVGP:{}
