

GENERAL_METRICS
ACC:0.9237142857142857
PREC:0.49815100154083203
REC:0.4634461009174312
TNR:0.4634461009174312
FPR:0.501848998459168
FPDR:0.501848998459168
F1:0.4801722857567206
BACC:0.0
CLSFE:0.07628571428571429
MCC:-0.016442396793685584
GMEAN:0.0
SAMPLES:3500.0
AUC:{'AUC macro OVO': 0.49815100154083203}
AVGP:{'avg_precision': 0.9268931287574189}


METRICS_PER_CLASSES
CLASS:0
ACC:0.9237142857142857
PREC:0.0
REC:0.0
TNR:0.9268922018348624
FPR:1.0
FPDR:1.0
F1:0.0
BACC:0
CLSFE:1.0
MCC:-0.016442396793685584
GMEAN:0
SAMPLES:255
AUC:{}
AVGP:{}
CLASS:1
ACC:0.9237142857142857
PREC:0.9963020030816641
REC:0.9268922018348624
TNR:0.0
FPR:0.0036979969183359015
FPDR:0.0036979969183359015
F1:0.9603445715134412
BACC:0
CLSFE:0.0036979969183359015
MCC:-0.016442396793685584
GMEAN:0
SAMPLES:3245
AUC:{}
AVGP:{}
