

GENERAL_METRICS
ACC:0.9257142857142857
PREC:0.49830821285758226
REC:0.4643164230438521
TNR:0.4643164230438521
FPR:0.5016917871424177
FPDR:0.5016917871424177
F1:0.4807121661721068
BACC:0.0
CLSFE:0.07428571428571429
MCC:-0.015539500209451287
GMEAN:0.0
SAMPLES:3500.0
AUC:{'AUC macro OVO': 0.49830821285758226}
AVGP:{'avg_precision': 0.9286336050124855}


METRICS_PER_CLASSES
CLASS:0
ACC:0.9257142857142857
PREC:0.0
REC:0.0
TNR:0.9286328460877042
FPR:1.0
FPDR:1.0
F1:0.0
BACC:0
CLSFE:1.0
MCC:-0.015539500209451287
GMEAN:0
SAMPLES:249
AUC:{}
AVGP:{}
CLASS:1
ACC:0.9257142857142857
PREC:0.9966164257151645
REC:0.9286328460877042
TNR:0.0
FPR:0.003383574284835435
FPDR:0.003383574284835435
F1:0.9614243323442137
BACC:0
CLSFE:0.003383574284835435
MCC:-0.015539500209451287
GMEAN:0
SAMPLES:3251
AUC:{}
AVGP:{}
