

GENERAL_METRICS
ACC:0.88
PREC:0.815128573132266
REC:0.8056024151641681
TNR:0.8056024151641681
FPR:0.18487142686773397
FPDR:0.18487142686773397
F1:0.8102103780001944
BACC:0.0
CLSFE:0.12
MCC:0.6206578865573488
GMEAN:0.7959509535081355
SAMPLES:1250.0
AUC:{'AUC macro OVO': 0.8151285731322659}
AVGP:{'avg_precision': 0.9201991128889049}


METRICS_PER_CLASSES
CLASS:0
ACC:0.88
PREC:0.7095435684647303
REC:0.6812749003984063
TNR:0.92992992992993
FPR:0.29045643153526973
FPDR:0.29045643153526973
F1:0.6951219512195121
BACC:0
CLSFE:0.29045643153526973
MCC:0.6206578865573488
GMEAN:0.7959509535081355
SAMPLES:241
AUC:{}
AVGP:{}
CLASS:1
ACC:0.88
PREC:0.9207135777998018
REC:0.92992992992993
TNR:0.6812749003984063
FPR:0.07928642220019821
FPDR:0.07928642220019821
F1:0.9252988047808764
BACC:0
CLSFE:0.07928642220019821
MCC:0.6206578865573488
GMEAN:0.7959509535081355
SAMPLES:1009
AUC:{}
AVGP:{}
