

GENERAL_METRICS
ACC:0.8664
PREC:0.7937688909555918
REC:0.782178592935565
TNR:0.782178592935565
FPR:0.20623110904440828
FPDR:0.20623110904440828
F1:0.7877217227538924
BACC:0.0
CLSFE:0.1336
MCC:0.5758308511988232
GMEAN:0.769411713468849
SAMPLES:1250.0
AUC:{'AUC macro OVO': 0.7937688909555917}
AVGP:{'avg_precision': 0.9128447973665365}


METRICS_PER_CLASSES
CLASS:0
ACC:0.8664
PREC:0.6764705882352942
REC:0.6414342629482072
TNR:0.9229229229229229
FPR:0.3235294117647059
FPDR:0.3235294117647059
F1:0.6584867075664622
BACC:0
CLSFE:0.3235294117647059
MCC:0.5758308511988232
GMEAN:0.769411713468849
SAMPLES:238
AUC:{}
AVGP:{}
CLASS:1
ACC:0.8664
PREC:0.9110671936758893
REC:0.9229229229229229
TNR:0.6414342629482072
FPR:0.08893280632411067
FPDR:0.08893280632411067
F1:0.9169567379413227
BACC:0
CLSFE:0.08893280632411067
MCC:0.5758308511988232
GMEAN:0.769411713468849
SAMPLES:1012
AUC:{}
AVGP:{}
