

GENERAL_METRICS
ACC:0.8672
PREC:0.7961028757841506
REC:0.7926298157453936
TNR:0.7926298157453936
FPR:0.20389712421584932
FPDR:0.20389712421584932
F1:0.7943435048227687
BACC:0.0
CLSFE:0.1328
MCC:0.5887224472785022
GMEAN:0.782556905204182
SAMPLES:1250.0
AUC:{'AUC macro OVO': 0.7961028757841508}
AVGP:{'avg_precision': 0.9084344042534996}


METRICS_PER_CLASSES
CLASS:0
ACC:0.8672
PREC:0.6772908366533864
REC:0.6666666666666666
TNR:0.9185929648241206
FPR:0.32270916334661354
FPDR:0.32270916334661354
F1:0.6719367588932806
BACC:0
CLSFE:0.32270916334661354
MCC:0.5887224472785022
GMEAN:0.782556905204182
SAMPLES:251
AUC:{}
AVGP:{}
CLASS:1
ACC:0.8672
PREC:0.914914914914915
REC:0.9185929648241206
TNR:0.6666666666666666
FPR:0.08508508508508508
FPDR:0.08508508508508508
F1:0.9167502507522568
BACC:0
CLSFE:0.08508508508508508
MCC:0.5887224472785022
GMEAN:0.782556905204182
SAMPLES:999
AUC:{}
AVGP:{}
