

GENERAL_METRICS
ACC:0.8872
PREC:0.819295986784569
REC:0.8222749396201895
TNR:0.8222749396201895
FPR:0.18070401321543095
FPDR:0.18070401321543095
F1:0.820771035379035
BACC:0.0
CLSFE:0.1128
MCC:0.6415640104057142
GMEAN:0.8153846990150058
SAMPLES:1250.0
AUC:{'AUC macro OVO': 0.8192959867845688}
AVGP:{'avg_precision': 0.9198892074205659}


METRICS_PER_CLASSES
CLASS:0
ACC:0.8872
PREC:0.7073170731707317
REC:0.7160493827160493
TNR:0.9285004965243296
FPR:0.2926829268292683
FPDR:0.2926829268292683
F1:0.7116564417177914
BACC:0
CLSFE:0.2926829268292683
MCC:0.6415640104057142
GMEAN:0.8153846990150058
SAMPLES:246
AUC:{}
AVGP:{}
CLASS:1
ACC:0.8872
PREC:0.9312749003984063
REC:0.9285004965243296
TNR:0.7160493827160493
FPR:0.06872509960159362
FPDR:0.06872509960159362
F1:0.9298856290402785
BACC:0
CLSFE:0.06872509960159362
MCC:0.6415640104057142
GMEAN:0.8153846990150058
SAMPLES:1004
AUC:{}
AVGP:{}
