

GENERAL_METRICS
ACC:0.867
PREC:0.5208241272646928
REC:0.5965676229508197
TNR:0.5965676229508197
FPR:0.47917587273530715
FPDR:0.47917587273530715
F1:0.51476854824587
BACC:0.0
CLSFE:0.133
MCC:0.08968693260395846
GMEAN:0.524593665939899
SAMPLES:2000.0
AUC:{'AUC macro OVO': 0.5208241272646928}
AVGP:{'avg_precision': 0.8805479381877387}


METRICS_PER_CLASSES
CLASS:0
ACC:0.867
PREC:0.06048387096774194
REC:0.3125
TNR:0.8806352459016393
FPR:0.9395161290322581
FPDR:0.9395161290322581
F1:0.10135135135135136
BACC:0
CLSFE:0.9395161290322581
MCC:0.08968693260395846
GMEAN:0.524593665939899
SAMPLES:248
AUC:{}
AVGP:{}
CLASS:1
ACC:0.867
PREC:0.9811643835616438
REC:0.8806352459016393
TNR:0.3125
FPR:0.018835616438356163
FPDR:0.018835616438356163
F1:0.9281857451403888
BACC:0
CLSFE:0.018835616438356163
MCC:0.08968693260395846
GMEAN:0.524593665939899
SAMPLES:1752
AUC:{}
AVGP:{}
