

GENERAL_METRICS
ACC:0.8655
PREC:0.5206085866841015
REC:0.5988985848285779
TNR:0.5988985848285779
FPR:0.47939141331589846
FPDR:0.47939141331589846
F1:0.5138256947638665
BACC:0.0
CLSFE:0.1345
MCC:0.09029197214314726
GMEAN:0.5295466447681401
SAMPLES:2000.0
AUC:{'AUC macro OVO': 0.5206085866841015}
AVGP:{'avg_precision': 0.8785631399677314}


METRICS_PER_CLASSES
CLASS:0
ACC:0.8655
PREC:0.05952380952380952
REC:0.3191489361702128
TNR:0.8786482334869432
FPR:0.9404761904761905
FPDR:0.9404761904761905
F1:0.10033444816053512
BACC:0
CLSFE:0.9404761904761905
MCC:0.09029197214314726
GMEAN:0.5295466447681401
SAMPLES:252
AUC:{}
AVGP:{}
CLASS:1
ACC:0.8655
PREC:0.9816933638443935
REC:0.8786482334869432
TNR:0.3191489361702128
FPR:0.018306636155606407
FPDR:0.018306636155606407
F1:0.927316941367198
BACC:0
CLSFE:0.018306636155606407
MCC:0.09029197214314726
GMEAN:0.5295466447681401
SAMPLES:1748
AUC:{}
AVGP:{}
