

GENERAL_METRICS
ACC:0.8705
PREC:0.5140286534591135
REC:0.5699100426614063
TNR:0.5699100426614063
FPR:0.48597134654088653
FPDR:0.48597134654088653
F1:0.5043247189817797
BACC:0.0
CLSFE:0.1295
MCC:0.06263365746333865
GMEAN:0.47554295651658146
SAMPLES:2000.0
AUC:{'AUC macro OVO': 0.5140286534591135}
AVGP:{'avg_precision': 0.8839515369316583}


METRICS_PER_CLASSES
CLASS:0
ACC:0.8705
PREC:0.046218487394957986
REC:0.2558139534883721
TNR:0.8840061318344404
FPR:0.9537815126050421
FPDR:0.9537815126050421
F1:0.07829181494661921
BACC:0
CLSFE:0.9537815126050421
MCC:0.06263365746333865
GMEAN:0.47554295651658146
SAMPLES:238
AUC:{}
AVGP:{}
CLASS:1
ACC:0.8705
PREC:0.981838819523269
REC:0.8840061318344404
TNR:0.2558139534883721
FPR:0.018161180476730987
FPDR:0.018161180476730987
F1:0.93035762301694
BACC:0
CLSFE:0.018161180476730987
MCC:0.06263365746333865
GMEAN:0.47554295651658146
SAMPLES:1762
AUC:{}
AVGP:{}
