

GENERAL_METRICS
ACC:0.869
PREC:0.5117661508228937
REC:0.5455825815538046
TNR:0.5455825815538046
FPR:0.4882338491771064
FPDR:0.4882338491771064
F1:0.503479434193969
BACC:0.0
CLSFE:0.131
MCC:0.046317665289127605
GMEAN:0.42518135680538677
SAMPLES:2000.0
AUC:{'AUC macro OVO': 0.5117661508228936}
AVGP:{'avg_precision': 0.8874016612375958}


METRICS_PER_CLASSES
CLASS:0
ACC:0.869
PREC:0.04782608695652174
REC:0.2037037037037037
TNR:0.8874614594039054
FPR:0.9521739130434783
FPDR:0.9521739130434783
F1:0.07746478873239436
BACC:0
CLSFE:0.9521739130434783
MCC:0.046317665289127605
GMEAN:0.42518135680538677
SAMPLES:230
AUC:{}
AVGP:{}
CLASS:1
ACC:0.869
PREC:0.9757062146892655
REC:0.8874614594039054
TNR:0.2037037037037037
FPR:0.024293785310734464
FPDR:0.024293785310734464
F1:0.9294940796555436
BACC:0
CLSFE:0.024293785310734464
MCC:0.046317665289127605
GMEAN:0.42518135680538677
SAMPLES:1770
AUC:{}
AVGP:{}
