

GENERAL_METRICS
ACC:0.8845
PREC:0.634008843036109
REC:0.7054407627913282
TNR:0.7054407627913282
FPR:0.36599115696389095
FPDR:0.36599115696389095
F1:0.6585040258827338
BACC:0.0
CLSFE:0.1155
MCC:0.33184863377221624
GMEAN:0.6737892018753185
SAMPLES:2000.0
AUC:{'AUC macro OVO': 0.634008843036109}
AVGP:{'avg_precision': 0.9131829906081432}


METRICS_PER_CLASSES
CLASS:0
ACC:0.8845
PREC:0.30869565217391304
REC:0.4965034965034965
TNR:0.9143780290791599
FPR:0.691304347826087
FPDR:0.691304347826087
F1:0.3806970509383378
BACC:0
CLSFE:0.691304347826087
MCC:0.33184863377221624
GMEAN:0.6737892018753185
SAMPLES:230
AUC:{}
AVGP:{}
CLASS:1
ACC:0.8845
PREC:0.9593220338983051
REC:0.9143780290791599
TNR:0.4965034965034965
FPR:0.04067796610169491
FPDR:0.04067796610169491
F1:0.9363110008271298
BACC:0
CLSFE:0.04067796610169491
MCC:0.33184863377221624
GMEAN:0.6737892018753185
SAMPLES:1770
AUC:{}
AVGP:{}
