

GENERAL_METRICS
ACC:0.8695
PREC:0.6188512862579765
REC:0.668336829021984
TNR:0.668336829021984
FPR:0.3811487137420235
FPDR:0.3811487137420235
F1:0.636692397475221
BACC:0.0
CLSFE:0.1305
MCC:0.2828925495933173
GMEAN:0.6238482746421163
SAMPLES:2000.0
AUC:{'AUC macro OVO': 0.6188512862579765}
AVGP:{'avg_precision': 0.9066871300903182}


METRICS_PER_CLASSES
CLASS:0
ACC:0.8695
PREC:0.28991596638655465
REC:0.42857142857142855
TNR:0.9081022294725394
FPR:0.7100840336134454
FPDR:0.7100840336134454
F1:0.3458646616541353
BACC:0
CLSFE:0.7100840336134454
MCC:0.2828925495933173
GMEAN:0.6238482746421163
SAMPLES:238
AUC:{}
AVGP:{}
CLASS:1
ACC:0.8695
PREC:0.9477866061293984
REC:0.9081022294725394
TNR:0.42857142857142855
FPR:0.05221339387060159
FPDR:0.05221339387060159
F1:0.9275201332963066
BACC:0
CLSFE:0.05221339387060159
MCC:0.2828925495933173
GMEAN:0.6238482746421163
SAMPLES:1762
AUC:{}
AVGP:{}
