

GENERAL_METRICS
ACC:0.871
PREC:0.6426210453670408
REC:0.6956987639553429
TNR:0.6956987639553429
FPR:0.3573789546329592
FPDR:0.3573789546329592
F1:0.6624839091165975
BACC:0.0
CLSFE:0.129
MCC:0.3341302877163264
GMEAN:0.6623720009658295
SAMPLES:2000.0
AUC:{'AUC macro OVO': 0.6426210453670408}
AVGP:{'avg_precision': 0.9066498981291902}


METRICS_PER_CLASSES
CLASS:0
ACC:0.871
PREC:0.3373015873015873
REC:0.48295454545454547
TNR:0.9084429824561403
FPR:0.6626984126984127
FPDR:0.6626984126984127
F1:0.397196261682243
BACC:0
CLSFE:0.6626984126984127
MCC:0.3341302877163264
GMEAN:0.6623720009658295
SAMPLES:252
AUC:{}
AVGP:{}
CLASS:1
ACC:0.871
PREC:0.9479405034324943
REC:0.9084429824561403
TNR:0.48295454545454547
FPR:0.05205949656750572
FPDR:0.05205949656750572
F1:0.9277715565509519
BACC:0
CLSFE:0.05205949656750572
MCC:0.3341302877163264
GMEAN:0.6623720009658295
SAMPLES:1748
AUC:{}
AVGP:{}
