

GENERAL_METRICS
ACC:0.8605
PREC:0.626150758580056
REC:0.6616725314204306
TNR:0.6616725314204306
FPR:0.373849241419944
FPDR:0.373849241419944
F1:0.6401799100449775
BACC:0.0
CLSFE:0.1395
MCC:0.28562291560899133
GMEAN:0.6148177224042459
SAMPLES:2000.0
AUC:{'AUC macro OVO': 0.626150758580056}
AVGP:{'avg_precision': 0.9043518437363838}


METRICS_PER_CLASSES
CLASS:0
ACC:0.8605
PREC:0.31451612903225806
REC:0.41711229946524064
TNR:0.9062327633756205
FPR:0.6854838709677419
FPDR:0.6854838709677419
F1:0.3586206896551724
BACC:0
CLSFE:0.6854838709677419
MCC:0.28562291560899133
GMEAN:0.6148177224042459
SAMPLES:248
AUC:{}
AVGP:{}
CLASS:1
ACC:0.8605
PREC:0.9377853881278538
REC:0.9062327633756205
TNR:0.41711229946524064
FPR:0.062214611872146115
FPDR:0.062214611872146115
F1:0.9217391304347826
BACC:0
CLSFE:0.062214611872146115
MCC:0.28562291560899133
GMEAN:0.6148177224042459
SAMPLES:1752
AUC:{}
AVGP:{}
