

GENERAL_METRICS
ACC:0.92325
PREC:0.5332198183760684
REC:0.585827885976144
TNR:0.585827885976144
FPR:0.46678018162393164
FPDR:0.46678018162393164
F1:0.5426100799352205
BACC:0.0
CLSFE:0.07675
MCC:0.1067930107025625
GMEAN:0.4665854707152589
SAMPLES:4000.0
AUC:{'AUC macro OVO': 0.5332198183760684}
AVGP:{'avg_precision': 0.9399973352156451}


METRICS_PER_CLASSES
CLASS:0
ACC:0.92325
PREC:0.0859375
REC:0.23157894736842105
TNR:0.9400768245838669
FPR:0.9140625
FPDR:0.9140625
F1:0.12535612535612536
BACC:0
CLSFE:0.9140625
MCC:0.1067930107025625
GMEAN:0.4665854707152589
SAMPLES:256
AUC:{}
AVGP:{}
CLASS:1
ACC:0.92325
PREC:0.9805021367521367
REC:0.9400768245838669
TNR:0.23157894736842105
FPR:0.019497863247863248
FPDR:0.019497863247863248
F1:0.9598640345143156
BACC:0
CLSFE:0.019497863247863248
MCC:0.1067930107025625
GMEAN:0.4665854707152589
SAMPLES:3744
AUC:{}
AVGP:{}
