

GENERAL_METRICS
ACC:0.925
PREC:0.5345424065605815
REC:0.5845780803030183
TNR:0.5845780803030183
FPR:0.4654575934394185
FPDR:0.4654575934394185
F1:0.5443610118830648
BACC:0.0
CLSFE:0.075
MCC:0.10810236696650759
GMEAN:0.46230869335920793
SAMPLES:4000.0
AUC:{'AUC macro OVO': 0.5345424065605815}
AVGP:{'avg_precision': 0.9422700617369286}


METRICS_PER_CLASSES
CLASS:0
ACC:0.925
PREC:0.08906882591093117
REC:0.2268041237113402
TNR:0.9423520368946964
FPR:0.9109311740890689
FPDR:0.9109311740890689
F1:0.12790697674418605
BACC:0
CLSFE:0.9109311740890689
MCC:0.10810236696650759
GMEAN:0.46230869335920793
SAMPLES:247
AUC:{}
AVGP:{}
CLASS:1
ACC:0.925
PREC:0.9800159872102319
REC:0.9423520368946964
TNR:0.2268041237113402
FPR:0.019984012789768184
FPDR:0.019984012789768184
F1:0.9608150470219435
BACC:0
CLSFE:0.019984012789768184
MCC:0.10810236696650759
GMEAN:0.46230869335920793
SAMPLES:3753
AUC:{}
AVGP:{}
