

GENERAL_METRICS
ACC:0.9265
PREC:0.5296940715810994
REC:0.5814666492376799
TNR:0.5814666492376799
FPR:0.47030592841890057
FPDR:0.47030592841890057
F1:0.5380583366329167
BACC:0.0
CLSFE:0.0735
MCC:0.09836821669494641
GMEAN:0.4561983739817273
SAMPLES:4000.0
AUC:{'AUC macro OVO': 0.5296940715810994}
AVGP:{'avg_precision': 0.9419405444956822}


METRICS_PER_CLASSES
CLASS:0
ACC:0.9265
PREC:0.07723577235772358
REC:0.22093023255813954
TNR:0.9420030659172203
FPR:0.9227642276422764
FPDR:0.9227642276422764
F1:0.1144578313253012
BACC:0
CLSFE:0.9227642276422764
MCC:0.09836821669494641
GMEAN:0.4561983739817273
SAMPLES:246
AUC:{}
AVGP:{}
CLASS:1
ACC:0.9265
PREC:0.9821523708044753
REC:0.9420030659172203
TNR:0.22093023255813954
FPR:0.017847629195524774
FPDR:0.017847629195524774
F1:0.9616588419405321
BACC:0
CLSFE:0.017847629195524774
MCC:0.09836821669494641
GMEAN:0.4561983739817273
SAMPLES:3754
AUC:{}
AVGP:{}
