

GENERAL_METRICS
ACC:0.92325
PREC:0.5409333333333334
REC:0.590481680849007
TNR:0.590481680849007
FPR:0.4590666666666667
FPDR:0.4590666666666667
F1:0.552334404741464
BACC:0.0
CLSFE:0.07675
MCC:0.12171633912918489
GMEAN:0.4741309049851594
SAMPLES:4000.0
AUC:{'AUC macro OVO': 0.5409333333333333}
AVGP:{'avg_precision': 0.9423221065707188}


METRICS_PER_CLASSES
CLASS:0
ACC:0.92325
PREC:0.104
REC:0.23853211009174313
TNR:0.9424312516062708
FPR:0.896
FPDR:0.896
F1:0.14484679665738162
BACC:0
CLSFE:0.896
MCC:0.12171633912918489
GMEAN:0.4741309049851594
SAMPLES:250
AUC:{}
AVGP:{}
CLASS:1
ACC:0.92325
PREC:0.9778666666666667
REC:0.9424312516062708
TNR:0.23853211009174313
FPR:0.022133333333333335
FPDR:0.022133333333333335
F1:0.9598220128255464
BACC:0
CLSFE:0.022133333333333335
MCC:0.12171633912918489
GMEAN:0.4741309049851594
SAMPLES:3750
AUC:{}
AVGP:{}
