

GENERAL_METRICS
ACC:0.8226666666666667
PREC:0.5967724076842164
REC:0.5793391430646332
TNR:0.5793391430646332
FPR:0.40322759231578365
FPDR:0.40322759231578365
F1:0.5861184759201862
BACC:0.0
CLSFE:0.17733333333333334
MCC:0.17524656798884314
GMEAN:0.47319840150269
SAMPLES:2250.0
AUC:{'AUC macro OVO': 0.5967724076842164}
AVGP:{'avg_precision': 0.9110964217830186}


METRICS_PER_CLASSES
CLASS:0
ACC:0.8226666666666667
PREC:0.30864197530864196
REC:0.24509803921568626
TNR:0.9135802469135802
FPR:0.691358024691358
FPDR:0.691358024691358
F1:0.273224043715847
BACC:0
CLSFE:0.691358024691358
MCC:0.17524656798884314
GMEAN:0.47319840150269
SAMPLES:243
AUC:{}
AVGP:{}
CLASS:1
ACC:0.8226666666666667
PREC:0.8849028400597907
REC:0.9135802469135802
TNR:0.24509803921568626
FPR:0.11509715994020926
FPDR:0.11509715994020926
F1:0.8990129081245254
BACC:0
CLSFE:0.11509715994020926
MCC:0.17524656798884314
GMEAN:0.47319840150269
SAMPLES:2007
AUC:{}
AVGP:{}
