

GENERAL_METRICS
ACC:0.8271111111111111
PREC:0.5972956056952401
REC:0.5910374536746781
TNR:0.5910374536746781
FPR:0.40270439430475985
FPDR:0.40270439430475985
F1:0.5939410106821003
BACC:0.0
CLSFE:0.1728888888888889
MCC:0.18822905404033857
GMEAN:0.49983604929579234
SAMPLES:2250.0
AUC:{'AUC macro OVO': 0.5972956056952401}
AVGP:{'avg_precision': 0.9040950135087199}


METRICS_PER_CLASSES
CLASS:0
ACC:0.8271111111111111
PREC:0.29770992366412213
REC:0.2756183745583039
TNR:0.9064565327910523
FPR:0.7022900763358778
FPDR:0.7022900763358778
F1:0.28623853211009176
BACC:0
CLSFE:0.7022900763358778
MCC:0.18822905404033857
GMEAN:0.49983604929579234
SAMPLES:262
AUC:{}
AVGP:{}
CLASS:1
ACC:0.8271111111111111
PREC:0.8968812877263581
REC:0.9064565327910523
TNR:0.2756183745583039
FPR:0.10311871227364185
FPDR:0.10311871227364185
F1:0.9016434892541088
BACC:0
CLSFE:0.10311871227364185
MCC:0.18822905404033857
GMEAN:0.49983604929579234
SAMPLES:1988
AUC:{}
AVGP:{}
