

GENERAL_METRICS
ACC:0.8311111111111111
PREC:0.60575
REC:0.5935747961264016
TNR:0.5935747961264016
FPR:0.39425000000000004
FPDR:0.39425000000000004
F1:0.5988845707079711
BACC:0.0
CLSFE:0.1688888888888889
MCC:0.19895260430933767
GMEAN:0.5003980321921885
SAMPLES:2250.0
AUC:{'AUC macro OVO': 0.60575}
AVGP:{'avg_precision': 0.9103407237512742}


METRICS_PER_CLASSES
CLASS:0
ACC:0.8311111111111111
PREC:0.316
REC:0.2743055555555556
TNR:0.9128440366972477
FPR:0.684
FPDR:0.684
F1:0.2936802973977695
BACC:0
CLSFE:0.684
MCC:0.19895260430933767
GMEAN:0.5003980321921885
SAMPLES:250
AUC:{}
AVGP:{}
CLASS:1
ACC:0.8311111111111111
PREC:0.8955
REC:0.9128440366972477
TNR:0.2743055555555556
FPR:0.1045
FPDR:0.1045
F1:0.9040888440181727
BACC:0
CLSFE:0.1045
MCC:0.19895260430933767
GMEAN:0.5003980321921885
SAMPLES:2000
AUC:{}
AVGP:{}
