

GENERAL_METRICS
ACC:0.8355555555555556
PREC:0.592815170940171
REC:0.5819023569023569
TNR:0.5819023569023569
FPR:0.40718482905982906
FPDR:0.40718482905982906
F1:0.5866402116402116
BACC:0.0
CLSFE:0.16444444444444445
MCC:0.1743763889555595
GMEAN:0.4766743973692839
SAMPLES:2250.0
AUC:{'AUC macro OVO': 0.592815170940171}
AVGP:{'avg_precision': 0.913677258698092}


METRICS_PER_CLASSES
CLASS:0
ACC:0.8355555555555556
PREC:0.2863247863247863
REC:0.24814814814814815
TNR:0.9156565656565656
FPR:0.7136752136752137
FPDR:0.7136752136752137
F1:0.26587301587301587
BACC:0
CLSFE:0.7136752136752137
MCC:0.1743763889555595
GMEAN:0.4766743973692839
SAMPLES:234
AUC:{}
AVGP:{}
CLASS:1
ACC:0.8355555555555556
PREC:0.8993055555555556
REC:0.9156565656565656
TNR:0.24814814814814815
FPR:0.10069444444444445
FPDR:0.10069444444444445
F1:0.9074074074074074
BACC:0
CLSFE:0.10069444444444445
MCC:0.1743763889555595
GMEAN:0.4766743973692839
SAMPLES:2016
AUC:{}
AVGP:{}
