

GENERAL_METRICS
ACC:0.9133333333333333
PREC:0.5581188625792002
REC:0.585081676938678
TNR:0.585081676938678
FPR:0.44188113742079976
FPDR:0.44188113742079976
F1:0.5678024434277779
BACC:0.0
CLSFE:0.08666666666666667
MCC:0.14063925895719068
GMEAN:0.4622540981063235
SAMPLES:3750.0
AUC:{'AUC macro OVO': 0.5581188625792003}
AVGP:{'avg_precision': 0.943495572771463}


METRICS_PER_CLASSES
CLASS:0
ACC:0.9133333333333333
PREC:0.15126050420168066
REC:0.22641509433962265
TNR:0.9437482595377332
FPR:0.8487394957983193
FPDR:0.8487394957983193
F1:0.181360201511335
BACC:0
CLSFE:0.8487394957983193
MCC:0.14063925895719068
GMEAN:0.4622540981063235
SAMPLES:238
AUC:{}
AVGP:{}
CLASS:1
ACC:0.9133333333333333
PREC:0.9649772209567198
REC:0.9437482595377332
TNR:0.22641509433962265
FPR:0.03502277904328018
FPDR:0.03502277904328018
F1:0.9542446853442208
BACC:0
CLSFE:0.03502277904328018
MCC:0.14063925895719068
GMEAN:0.4622540981063235
SAMPLES:3512
AUC:{}
AVGP:{}
