

GENERAL_METRICS
ACC:0.9061333333333333
PREC:0.5581119823845551
REC:0.5937066537137345
TNR:0.5937066537137345
FPR:0.44188801761544494
FPDR:0.44188801761544494
F1:0.5695620358933088
BACC:0.0
CLSFE:0.09386666666666667
MCC:0.1475869833004001
GMEAN:0.48518582973951424
SAMPLES:3750.0
AUC:{'AUC macro OVO': 0.5581119823845551}
AVGP:{'avg_precision': 0.9355938967216283}


METRICS_PER_CLASSES
CLASS:0
ACC:0.9061333333333333
PREC:0.15129151291512916
REC:0.25153374233128833
TNR:0.9358795650961806
FPR:0.8487084870848709
FPDR:0.8487084870848709
F1:0.1889400921658986
BACC:0
CLSFE:0.8487084870848709
MCC:0.1475869833004001
GMEAN:0.48518582973951424
SAMPLES:271
AUC:{}
AVGP:{}
CLASS:1
ACC:0.9061333333333333
PREC:0.964932451853981
REC:0.9358795650961806
TNR:0.25153374233128833
FPR:0.03506754814601897
FPDR:0.03506754814601897
F1:0.950183979620719
BACC:0
CLSFE:0.03506754814601897
MCC:0.1475869833004001
GMEAN:0.48518582973951424
SAMPLES:3479
AUC:{}
AVGP:{}
