

GENERAL_METRICS
ACC:0.8989333333333334
PREC:0.5506277914559188
REC:0.5817625801084145
TNR:0.5817625801084145
FPR:0.4493722085440813
FPDR:0.4493722085440813
F1:0.5602321788441742
BACC:0.0
CLSFE:0.10106666666666667
MCC:0.12867725291793666
GMEAN:0.4652998584763666
SAMPLES:3750.0
AUC:{'AUC macro OVO': 0.5506277914559188}
AVGP:{'avg_precision': 0.9306811278924515}


METRICS_PER_CLASSES
CLASS:0
ACC:0.8989333333333334
PREC:0.13937282229965156
REC:0.23255813953488372
TNR:0.9309670206819453
FPR:0.8606271777003485
FPDR:0.8606271777003485
F1:0.17429193899782136
BACC:0
CLSFE:0.8606271777003485
MCC:0.12867725291793666
GMEAN:0.4652998584763666
SAMPLES:287
AUC:{}
AVGP:{}
CLASS:1
ACC:0.8989333333333334
PREC:0.9618827606121859
REC:0.9309670206819453
TNR:0.23255813953488372
FPR:0.038117239387814035
FPDR:0.038117239387814035
F1:0.9461724186905269
BACC:0
CLSFE:0.038117239387814035
MCC:0.12867725291793666
GMEAN:0.4652998584763666
SAMPLES:3463
AUC:{}
AVGP:{}
