

GENERAL_METRICS
ACC:0.9061333333333333
PREC:0.5573984248683044
REC:0.5877801706947435
TNR:0.5877801706947435
FPR:0.4426015751316956
FPDR:0.4426015751316956
F1:0.5676916305099666
BACC:0.0
CLSFE:0.09386666666666667
MCC:0.14196398884997805
GMEAN:0.47244679803637274
SAMPLES:3750.0
AUC:{'AUC macro OVO': 0.5573984248683044}
AVGP:{'avg_precision': 0.9371763100579714}


METRICS_PER_CLASSES
CLASS:0
ACC:0.9061333333333333
PREC:0.15151515151515152
REC:0.23809523809523808
TNR:0.937465103294249
FPR:0.8484848484848485
FPDR:0.8484848484848485
F1:0.18518518518518517
BACC:0
CLSFE:0.8484848484848485
MCC:0.14196398884997805
GMEAN:0.47244679803637274
SAMPLES:264
AUC:{}
AVGP:{}
CLASS:1
ACC:0.9061333333333333
PREC:0.9632816982214573
REC:0.937465103294249
TNR:0.23809523809523808
FPR:0.03671830177854274
FPDR:0.03671830177854274
F1:0.9501980758347481
BACC:0
CLSFE:0.03671830177854274
MCC:0.14196398884997805
GMEAN:0.47244679803637274
SAMPLES:3486
AUC:{}
AVGP:{}
