

GENERAL_METRICS
ACC:0.8791111111111111
PREC:0.5509635182936488
REC:0.6111845712258522
TNR:0.6111845712258522
FPR:0.4490364817063513
FPDR:0.4490364817063513
F1:0.5625771922601894
BACC:0.0
CLSFE:0.12088888888888889
MCC:0.15055041586977042
GMEAN:0.5356332302954298
SAMPLES:2250.0
AUC:{'AUC macro OVO': 0.5509635182936486}
AVGP:{'avg_precision': 0.905195647195437}


METRICS_PER_CLASSES
CLASS:0
ACC:0.8791111111111111
PREC:0.13617021276595745
REC:0.31683168316831684
TNR:0.9055374592833876
FPR:0.8638297872340426
FPDR:0.8638297872340426
F1:0.19047619047619047
BACC:0
CLSFE:0.8638297872340426
MCC:0.15055041586977042
GMEAN:0.5356332302954298
SAMPLES:235
AUC:{}
AVGP:{}
CLASS:1
ACC:0.8791111111111111
PREC:0.96575682382134
REC:0.9055374592833876
TNR:0.31683168316831684
FPR:0.03424317617866005
FPDR:0.03424317617866005
F1:0.9346781940441883
BACC:0
CLSFE:0.03424317617866005
MCC:0.15055041586977042
GMEAN:0.5356332302954298
SAMPLES:2015
AUC:{}
AVGP:{}
