

GENERAL_METRICS
ACC:0.8684444444444445
PREC:0.5530450665109747
REC:0.608639272210193
TNR:0.608639272210193
FPR:0.4469549334890253
FPDR:0.4469549334890253
F1:0.5641646489104116
BACC:0.0
CLSFE:0.13155555555555556
MCC:0.15182591900059186
GMEAN:0.5352857922258175
SAMPLES:2250.0
AUC:{'AUC macro OVO': 0.5530450665109747}
AVGP:{'avg_precision': 0.8978696647695056}


METRICS_PER_CLASSES
CLASS:0
ACC:0.8684444444444445
PREC:0.14566929133858267
REC:0.31896551724137934
TNR:0.8983130271790065
FPR:0.8543307086614174
FPDR:0.8543307086614174
F1:0.2
BACC:0
CLSFE:0.8543307086614174
MCC:0.15182591900059186
GMEAN:0.5352857922258175
SAMPLES:254
AUC:{}
AVGP:{}
CLASS:1
ACC:0.8684444444444445
PREC:0.9604208416833667
REC:0.8983130271790065
TNR:0.31896551724137934
FPR:0.039579158316633264
FPDR:0.039579158316633264
F1:0.9283292978208233
BACC:0
CLSFE:0.039579158316633264
MCC:0.15182591900059186
GMEAN:0.5352857922258175
SAMPLES:1996
AUC:{}
AVGP:{}
