

GENERAL_METRICS
ACC:0.8791111111111111
PREC:0.5453487484737485
REC:0.6034557799442897
TNR:0.6034557799442897
FPR:0.4546512515262515
FPDR:0.4546512515262515
F1:0.5552648790058862
BACC:0.0
CLSFE:0.12088888888888889
MCC:0.13699036671020431
GMEAN:0.5228130897097903
SAMPLES:2250.0
AUC:{'AUC macro OVO': 0.5453487484737485}
AVGP:{'avg_precision': 0.9045348281528645}


METRICS_PER_CLASSES
CLASS:0
ACC:0.8791111111111111
PREC:0.12393162393162394
REC:0.3020833333333333
TNR:0.9048282265552461
FPR:0.8760683760683761
FPDR:0.8760683760683761
F1:0.17575757575757575
BACC:0
CLSFE:0.8760683760683761
MCC:0.13699036671020431
GMEAN:0.5228130897097903
SAMPLES:234
AUC:{}
AVGP:{}
CLASS:1
ACC:0.8791111111111111
PREC:0.966765873015873
REC:0.9048282265552461
TNR:0.3020833333333333
FPR:0.033234126984126984
FPDR:0.033234126984126984
F1:0.9347721822541967
BACC:0
CLSFE:0.033234126984126984
MCC:0.13699036671020431
GMEAN:0.5228130897097903
SAMPLES:2016
AUC:{}
AVGP:{}
