

GENERAL_METRICS
ACC:0.8697777777777778
PREC:0.5546131619331267
REC:0.5988027979553403
TNR:0.5988027979553403
FPR:0.44538683806687335
FPDR:0.44538683806687335
F1:0.5653710317237942
BACC:0.0
CLSFE:0.1302222222222222
MCC:0.14691403206203274
GMEAN:0.515215532673523
SAMPLES:2250.0
AUC:{'AUC macro OVO': 0.5546131619331266}
AVGP:{'avg_precision': 0.9034645751369309}


METRICS_PER_CLASSES
CLASS:0
ACC:0.8697777777777778
PREC:0.15352697095435686
REC:0.29365079365079366
TNR:0.903954802259887
FPR:0.8464730290456431
FPDR:0.8464730290456431
F1:0.2016348773841962
BACC:0
CLSFE:0.8464730290456431
MCC:0.14691403206203274
GMEAN:0.515215532673523
SAMPLES:241
AUC:{}
AVGP:{}
CLASS:1
ACC:0.8697777777777778
PREC:0.9556993529118964
REC:0.903954802259887
TNR:0.29365079365079366
FPR:0.04430064708810354
FPDR:0.04430064708810354
F1:0.9291071860633922
BACC:0
CLSFE:0.04430064708810354
MCC:0.14691403206203274
GMEAN:0.515215532673523
SAMPLES:2009
AUC:{}
AVGP:{}
