

GENERAL_METRICS
ACC:0.824
PREC:0.8244670635682735
REC:0.8251331066777856
TNR:0.8251331066777856
FPR:0.17553293643172652
FPDR:0.17553293643172652
F1:0.8239549324627105
BACC:0.0
CLSFE:0.176
MCC:0.6495998287948398
GMEAN:0.824795357727251
SAMPLES:500.0
AUC:{'AUC macro OVO': 0.8244670635682735}
AVGP:{'avg_precision': 0.7562301247439955}


METRICS_PER_CLASSES
CLASS:0
ACC:0.824
PREC:0.7952755905511811
REC:0.8487394957983193
TNR:0.8015267175572519
FPR:0.2047244094488189
FPDR:0.2047244094488189
F1:0.8211382113821138
BACC:0
CLSFE:0.2047244094488189
MCC:0.6495998287948398
GMEAN:0.824795357727251
SAMPLES:254
AUC:{}
AVGP:{}
CLASS:1
ACC:0.824
PREC:0.8536585365853658
REC:0.8015267175572519
TNR:0.8487394957983193
FPR:0.14634146341463414
FPDR:0.14634146341463414
F1:0.8267716535433071
BACC:0
CLSFE:0.14634146341463414
MCC:0.6495998287948398
GMEAN:0.824795357727251
SAMPLES:246
AUC:{}
AVGP:{}
