

GENERAL_METRICS
ACC:0.852
PREC:0.8538929264731835
REC:0.8533939986222144
TNR:0.8533939986222144
FPR:0.1461070735268165
FPDR:0.1461070735268165
F1:0.8519905273937531
BACC:0.0
CLSFE:0.148
MCC:0.7072867491208233
GMEAN:0.8525150493419594
SAMPLES:500.0
AUC:{'AUC macro OVO': 0.8538929264731835}
AVGP:{'avg_precision': 0.7772985354251178}


METRICS_PER_CLASSES
CLASS:0
ACC:0.852
PREC:0.8174904942965779
REC:0.8921161825726142
TNR:0.8146718146718147
FPR:0.18250950570342206
FPDR:0.18250950570342206
F1:0.8531746031746031
BACC:0
CLSFE:0.18250950570342206
MCC:0.7072867491208233
GMEAN:0.8525150493419594
SAMPLES:263
AUC:{}
AVGP:{}
CLASS:1
ACC:0.852
PREC:0.890295358649789
REC:0.8146718146718147
TNR:0.8921161825726142
FPR:0.10970464135021098
FPDR:0.10970464135021098
F1:0.8508064516129032
BACC:0
CLSFE:0.10970464135021098
MCC:0.7072867491208233
GMEAN:0.8525150493419594
SAMPLES:237
AUC:{}
AVGP:{}
