

GENERAL_METRICS
ACC:0.822
PREC:0.822273666672007
REC:0.8218766001024065
TNR:0.8218766001024065
FPR:0.1777263333279931
FPDR:0.1777263333279931
F1:0.8219138062822406
BACC:0.0
CLSFE:0.178
MCC:0.6441501443946802
GMEAN:0.8217318392065602
SAMPLES:500.0
AUC:{'AUC macro OVO': 0.822273666672007}
AVGP:{'avg_precision': 0.751254450542096}


METRICS_PER_CLASSES
CLASS:0
ACC:0.822
PREC:0.8146718146718147
REC:0.8373015873015873
TNR:0.8064516129032258
FPR:0.18532818532818532
FPDR:0.18532818532818532
F1:0.8258317025440313
BACC:0
CLSFE:0.18532818532818532
MCC:0.6441501443946802
GMEAN:0.8217318392065602
SAMPLES:259
AUC:{}
AVGP:{}
CLASS:1
ACC:0.822
PREC:0.8298755186721992
REC:0.8064516129032258
TNR:0.8373015873015873
FPR:0.17012448132780084
FPDR:0.17012448132780084
F1:0.8179959100204499
BACC:0
CLSFE:0.17012448132780084
MCC:0.6441501443946802
GMEAN:0.8217318392065602
SAMPLES:241
AUC:{}
AVGP:{}
