

GENERAL_METRICS
ACC:0.79
PREC:0.7921065701148688
REC:0.7944415735417609
TNR:0.7944415735417609
FPR:0.20789342988513115
FPDR:0.20789342988513115
F1:0.7898108297467721
BACC:0.0
CLSFE:0.21
MCC:0.5865434959029336
GMEAN:0.7930932068992845
SAMPLES:500.0
AUC:{'AUC macro OVO': 0.7921065701148688}
AVGP:{'avg_precision': 0.7084145743102039}


METRICS_PER_CLASSES
CLASS:0
ACC:0.79
PREC:0.7335907335907336
REC:0.8407079646017699
TNR:0.7481751824817519
FPR:0.26640926640926643
FPDR:0.26640926640926643
F1:0.7835051546391752
BACC:0
CLSFE:0.26640926640926643
MCC:0.5865434959029336
GMEAN:0.7930932068992845
SAMPLES:259
AUC:{}
AVGP:{}
CLASS:1
ACC:0.79
PREC:0.8506224066390041
REC:0.7481751824817519
TNR:0.8407079646017699
FPR:0.14937759336099585
FPDR:0.14937759336099585
F1:0.7961165048543689
BACC:0
CLSFE:0.14937759336099585
MCC:0.5865434959029336
GMEAN:0.7930932068992845
SAMPLES:241
AUC:{}
AVGP:{}
