

GENERAL_METRICS
ACC:0.8931428571428571
PREC:0.5956695331695332
REC:0.5928605637657361
TNR:0.5928605637657361
FPR:0.4043304668304668
FPDR:0.4043304668304668
F1:0.5942323334523667
BACC:0.0
CLSFE:0.10685714285714286
MCC:0.1885091699130591
GMEAN:0.4779383459754586
SAMPLES:3500.0
AUC:{'AUC macro OVO': 0.5956695331695332}
AVGP:{'avg_precision': 0.9428732260865882}


METRICS_PER_CLASSES
CLASS:0
ACC:0.8931428571428571
PREC:0.25
REC:0.24206349206349206
TNR:0.9436576354679803
FPR:0.75
FPDR:0.75
F1:0.24596774193548387
BACC:0
CLSFE:0.75
MCC:0.1885091699130591
GMEAN:0.4779383459754586
SAMPLES:244
AUC:{}
AVGP:{}
CLASS:1
ACC:0.8931428571428571
PREC:0.9413390663390664
REC:0.9436576354679803
TNR:0.24206349206349206
FPR:0.05866093366093366
FPDR:0.05866093366093366
F1:0.9424969249692496
BACC:0
CLSFE:0.05866093366093366
MCC:0.1885091699130591
GMEAN:0.4779383459754586
SAMPLES:3256
AUC:{}
AVGP:{}
