

GENERAL_METRICS
ACC:0.8951428571428571
PREC:0.5994287082649152
REC:0.6028263278459438
TNR:0.6028263278459438
FPR:0.4005712917350848
FPDR:0.4005712917350848
F1:0.601083859346734
BACC:0.0
CLSFE:0.10485714285714286
MCC:0.20222649631882425
GMEAN:0.49816867458504965
SAMPLES:3500.0
AUC:{'AUC macro OVO': 0.5994287082649152}
AVGP:{'avg_precision': 0.941491288184146}


METRICS_PER_CLASSES
CLASS:0
ACC:0.8951428571428571
PREC:0.25396825396825395
REC:0.26337448559670784
TNR:0.9422781700951797
FPR:0.746031746031746
FPDR:0.746031746031746
F1:0.2585858585858586
BACC:0
CLSFE:0.746031746031746
MCC:0.20222649631882425
GMEAN:0.49816867458504965
SAMPLES:252
AUC:{}
AVGP:{}
CLASS:1
ACC:0.8951428571428571
PREC:0.9448891625615764
REC:0.9422781700951797
TNR:0.26337448559670784
FPR:0.05511083743842365
FPDR:0.05511083743842365
F1:0.9435818601076096
BACC:0
CLSFE:0.05511083743842365
MCC:0.20222649631882425
GMEAN:0.49816867458504965
SAMPLES:3248
AUC:{}
AVGP:{}
