

GENERAL_METRICS
ACC:0.8914285714285715
PREC:0.5854735575908496
REC:0.5780334848951911
TNR:0.5780334848951911
FPR:0.4145264424091504
FPDR:0.4145264424091504
F1:0.5814788335280139
BACC:0.0
CLSFE:0.10857142857142857
MCC:0.16333768169291263
GMEAN:0.446501117057851
SAMPLES:3500.0
AUC:{'AUC macro OVO': 0.5854735575908496}
AVGP:{'avg_precision': 0.9444238800769883}


METRICS_PER_CLASSES
CLASS:0
ACC:0.8914285714285715
PREC:0.23275862068965517
REC:0.2109375
TNR:0.9451294697903823
FPR:0.7672413793103449
FPDR:0.7672413793103449
F1:0.22131147540983606
BACC:0
CLSFE:0.7672413793103449
MCC:0.16333768169291263
GMEAN:0.446501117057851
SAMPLES:232
AUC:{}
AVGP:{}
CLASS:1
ACC:0.8914285714285715
PREC:0.9381884944920441
REC:0.9451294697903823
TNR:0.2109375
FPR:0.06181150550795594
FPDR:0.06181150550795594
F1:0.9416461916461917
BACC:0
CLSFE:0.06181150550795594
MCC:0.16333768169291263
GMEAN:0.446501117057851
SAMPLES:3268
AUC:{}
AVGP:{}
