

GENERAL_METRICS
ACC:0.8922857142857142
PREC:0.5989429175475687
REC:0.6121549079754601
TNR:0.6121549079754601
FPR:0.4010570824524313
FPDR:0.4010570824524313
F1:0.6049135046522595
BACC:0.0
CLSFE:0.10771428571428572
MCC:0.21068397008193204
GMEAN:0.5189728529373088
SAMPLES:3500.0
AUC:{'AUC macro OVO': 0.5989429175475687}
AVGP:{'avg_precision': 0.9359942522878747}


METRICS_PER_CLASSES
CLASS:0
ACC:0.8922857142857142
PREC:0.2509090909090909
REC:0.2875
TNR:0.9368098159509203
FPR:0.7490909090909091
FPDR:0.7490909090909091
F1:0.26796116504854367
BACC:0
CLSFE:0.7490909090909091
MCC:0.21068397008193204
GMEAN:0.5189728529373088
SAMPLES:275
AUC:{}
AVGP:{}
CLASS:1
ACC:0.8922857142857142
PREC:0.9469767441860465
REC:0.9368098159509203
TNR:0.2875
FPR:0.053023255813953486
FPDR:0.053023255813953486
F1:0.9418658442559753
BACC:0
CLSFE:0.053023255813953486
MCC:0.21068397008193204
GMEAN:0.5189728529373088
SAMPLES:3225
AUC:{}
AVGP:{}
