

GENERAL_METRICS
ACC:0.792
PREC:0.6607574373032795
REC:0.66704225589865
TNR:0.66704225589865
FPR:0.3392425626967205
FPDR:0.3392425626967205
F1:0.6637406933770367
BACC:0.0
CLSFE:0.208
MCC:0.3277394390647888
GMEAN:0.6365943300898496
SAMPLES:1250.0
AUC:{'AUC macro OVO': 0.6607574373032795}
AVGP:{'avg_precision': 0.8585898746190386}


METRICS_PER_CLASSES
CLASS:0
ACC:0.792
PREC:0.4448979591836735
REC:0.4678111587982833
TNR:0.8662733529990168
FPR:0.5551020408163265
FPDR:0.5551020408163265
F1:0.4560669456066946
BACC:0
CLSFE:0.5551020408163265
MCC:0.3277394390647888
GMEAN:0.6365943300898496
SAMPLES:245
AUC:{}
AVGP:{}
CLASS:1
ACC:0.792
PREC:0.8766169154228856
REC:0.8662733529990168
TNR:0.4678111587982833
FPR:0.12338308457711443
FPDR:0.12338308457711443
F1:0.8714144411473789
BACC:0
CLSFE:0.12338308457711443
MCC:0.3277394390647888
GMEAN:0.6365943300898496
SAMPLES:1005
AUC:{}
AVGP:{}
