

GENERAL_METRICS
ACC:0.8
PREC:0.6751227463842226
REC:0.6898623130222737
TNR:0.6898623130222737
FPR:0.32487725361577735
FPDR:0.32487725361577735
F1:0.6817252224358765
BACC:0.0
CLSFE:0.2
MCC:0.36468731643050895
GMEAN:0.6673725706348774
SAMPLES:1250.0
AUC:{'AUC macro OVO': 0.6751227463842226}
AVGP:{'avg_precision': 0.8566583189292664}


METRICS_PER_CLASSES
CLASS:0
ACC:0.8
PREC:0.46303501945525294
REC:0.5151515151515151
TNR:0.8645731108930323
FPR:0.5369649805447471
FPDR:0.5369649805447471
F1:0.48770491803278687
BACC:0
CLSFE:0.5369649805447471
MCC:0.36468731643050895
GMEAN:0.6673725706348774
SAMPLES:257
AUC:{}
AVGP:{}
CLASS:1
ACC:0.8
PREC:0.8872104733131924
REC:0.8645731108930323
TNR:0.5151515151515151
FPR:0.11278952668680765
FPDR:0.11278952668680765
F1:0.8757455268389662
BACC:0
CLSFE:0.11278952668680765
MCC:0.36468731643050895
GMEAN:0.6673725706348774
SAMPLES:993
AUC:{}
AVGP:{}
