

GENERAL_METRICS
ACC:0.7896
PREC:0.6992298424431196
REC:0.6865297565505034
TNR:0.6865297565505034
FPR:0.30077015755688047
FPDR:0.30077015755688047
F1:0.6922654969479289
BACC:0.0
CLSFE:0.2104
MCC:0.38555048441681533
GMEAN:0.6597068493822394
SAMPLES:1250.0
AUC:{'AUC macro OVO': 0.6992298424431195}
AVGP:{'avg_precision': 0.8641280424923117}


METRICS_PER_CLASSES
CLASS:0
ACC:0.7896
PREC:0.5440613026819924
REC:0.4965034965034965
TNR:0.8765560165975104
FPR:0.4559386973180077
FPDR:0.4559386973180077
F1:0.5191956124314442
BACC:0
CLSFE:0.4559386973180077
MCC:0.38555048441681533
GMEAN:0.6597068493822394
SAMPLES:261
AUC:{}
AVGP:{}
CLASS:1
ACC:0.7896
PREC:0.8543983822042467
REC:0.8765560165975104
TNR:0.4965034965034965
FPR:0.14560161779575329
FPDR:0.14560161779575329
F1:0.8653353814644137
BACC:0
CLSFE:0.14560161779575329
MCC:0.38555048441681533
GMEAN:0.6597068493822394
SAMPLES:989
AUC:{}
AVGP:{}
