

GENERAL_METRICS
ACC:0.804
PREC:0.6939190186202138
REC:0.6945
TNR:0.6945
FPR:0.3060809813797862
FPDR:0.3060809813797862
F1:0.6942083816359277
BACC:0.0
CLSFE:0.196
MCC:0.3884185841158046
GMEAN:0.6700925309239016
SAMPLES:1250.0
AUC:{'AUC macro OVO': 0.6939190186202138}
AVGP:{'avg_precision': 0.8674988988988989}


METRICS_PER_CLASSES
CLASS:0
ACC:0.804
PREC:0.5099601593625498
REC:0.512
TNR:0.877
FPR:0.4900398406374502
FPDR:0.4900398406374502
F1:0.5109780439121756
BACC:0
CLSFE:0.4900398406374502
MCC:0.3884185841158046
GMEAN:0.6700925309239016
SAMPLES:251
AUC:{}
AVGP:{}
CLASS:1
ACC:0.804
PREC:0.8778778778778779
REC:0.877
TNR:0.512
FPR:0.12212212212212212
FPDR:0.12212212212212212
F1:0.8774387193596799
BACC:0
CLSFE:0.12212212212212212
MCC:0.3884185841158046
GMEAN:0.6700925309239016
SAMPLES:999
AUC:{}
AVGP:{}
