

GENERAL_METRICS
ACC:0.887
PREC:0.533048196111045
REC:0.7120172764227642
TNR:0.7120172764227642
FPR:0.4669518038889549
FPDR:0.4669518038889549
F1:0.5351707116412999
BACC:0.0
CLSFE:0.113
MCC:0.16741312409902842
GMEAN:0.6886884591012012
SAMPLES:2000.0
AUC:{'AUC macro OVO': 0.5330481961110451}
AVGP:{'avg_precision': 0.892727121529116}


METRICS_PER_CLASSES
CLASS:0
ACC:0.887
PREC:0.07456140350877193
REC:0.53125
TNR:0.8927845528455285
FPR:0.9254385964912281
FPDR:0.9254385964912281
F1:0.13076923076923078
BACC:0
CLSFE:0.9254385964912281
MCC:0.16741312409902842
GMEAN:0.6886884591012012
SAMPLES:228
AUC:{}
AVGP:{}
CLASS:1
ACC:0.887
PREC:0.9915349887133182
REC:0.8927845528455285
TNR:0.53125
FPR:0.008465011286681716
FPDR:0.008465011286681716
F1:0.939572192513369
BACC:0
CLSFE:0.008465011286681716
MCC:0.16741312409902842
GMEAN:0.6886884591012012
SAMPLES:1772
AUC:{}
AVGP:{}
