

GENERAL_METRICS
ACC:0.8795
PREC:0.5381219234085157
REC:0.7264735443543391
TNR:0.7264735443543391
FPR:0.4618780765914843
FPDR:0.4618780765914843
F1:0.5417863298320865
BACC:0.0
CLSFE:0.1205
MCC:0.1858344113659384
GMEAN:0.7088813026086933
SAMPLES:2000.0
AUC:{'AUC macro OVO': 0.5381219234085157}
AVGP:{'avg_precision': 0.8853030830919328}


METRICS_PER_CLASSES
CLASS:0
ACC:0.8795
PREC:0.08536585365853659
REC:0.5675675675675675
TNR:0.8853795211411105
FPR:0.9146341463414634
FPDR:0.9146341463414634
F1:0.14840989399293286
BACC:0
CLSFE:0.9146341463414634
MCC:0.1858344113659384
GMEAN:0.7088813026086933
SAMPLES:246
AUC:{}
AVGP:{}
CLASS:1
ACC:0.8795
PREC:0.9908779931584949
REC:0.8853795211411105
TNR:0.5675675675675675
FPR:0.009122006841505131
FPDR:0.009122006841505131
F1:0.9351627656712402
BACC:0
CLSFE:0.009122006841505131
MCC:0.1858344113659384
GMEAN:0.7088813026086933
SAMPLES:1754
AUC:{}
AVGP:{}
