

GENERAL_METRICS
ACC:0.872
PREC:0.5302912984273622
REC:0.7036682424750165
TNR:0.7036682424750165
FPR:0.4697087015726377
FPDR:0.4697087015726377
F1:0.5271238787663844
BACC:0.0
CLSFE:0.128
MCC:0.15709074464126915
GMEAN:0.6817504495219449
SAMPLES:2000.0
AUC:{'AUC macro OVO': 0.5302912984273623}
AVGP:{'avg_precision': 0.8778611177619999}


METRICS_PER_CLASSES
CLASS:0
ACC:0.872
PREC:0.06976744186046512
REC:0.5294117647058824
TNR:0.8779247202441506
FPR:0.9302325581395349
FPDR:0.9302325581395349
F1:0.1232876712328767
BACC:0
CLSFE:0.9302325581395349
MCC:0.15709074464126915
GMEAN:0.6817504495219449
SAMPLES:258
AUC:{}
AVGP:{}
CLASS:1
ACC:0.872
PREC:0.9908151549942594
REC:0.8779247202441506
TNR:0.5294117647058824
FPR:0.009184845005740528
FPDR:0.009184845005740528
F1:0.9309600862998921
BACC:0
CLSFE:0.009184845005740528
MCC:0.15709074464126915
GMEAN:0.6817504495219449
SAMPLES:1742
AUC:{}
AVGP:{}
