

GENERAL_METRICS
ACC:0.874
PREC:0.5262489454997172
REC:0.651912656258383
TNR:0.651912656258383
FPR:0.4737510545002827
FPDR:0.4737510545002827
F1:0.5224306008277869
BACC:0.0
CLSFE:0.126
MCC:0.12629405425187007
GMEAN:0.6096669257839652
SAMPLES:2000.0
AUC:{'AUC macro OVO': 0.5262489454997173}
AVGP:{'avg_precision': 0.8827002755896818}


METRICS_PER_CLASSES
CLASS:0
ACC:0.874
PREC:0.06504065040650407
REC:0.42105263157894735
TNR:0.8827726809378186
FPR:0.9349593495934959
FPDR:0.9349593495934959
F1:0.11267605633802817
BACC:0
CLSFE:0.9349593495934959
MCC:0.12629405425187007
GMEAN:0.6096669257839652
SAMPLES:246
AUC:{}
AVGP:{}
CLASS:1
ACC:0.874
PREC:0.9874572405929305
REC:0.8827726809378186
TNR:0.42105263157894735
FPR:0.012542759407069556
FPDR:0.012542759407069556
F1:0.9321851453175457
BACC:0
CLSFE:0.012542759407069556
MCC:0.12629405425187007
GMEAN:0.6096669257839652
SAMPLES:1754
AUC:{}
AVGP:{}
