

GENERAL_METRICS
ACC:0.8555
PREC:0.6282831550868683
REC:0.6575
TNR:0.6575
FPR:0.3717168449131317
FPDR:0.3717168449131317
F1:0.6402768001563365
BACC:0.0
CLSFE:0.1445
MCC:0.28428575009086726
GMEAN:0.6091387362497972
SAMPLES:2000.0
AUC:{'AUC macro OVO': 0.6282831550868682}
AVGP:{'avg_precision': 0.9028723526044649}


METRICS_PER_CLASSES
CLASS:0
ACC:0.8555
PREC:0.3241106719367589
REC:0.41
TNR:0.905
FPR:0.6758893280632411
FPDR:0.6758893280632411
F1:0.3620309050772627
BACC:0
CLSFE:0.6758893280632411
MCC:0.28428575009086726
GMEAN:0.6091387362497972
SAMPLES:253
AUC:{}
AVGP:{}
CLASS:1
ACC:0.8555
PREC:0.9324556382369776
REC:0.905
TNR:0.41
FPR:0.06754436176302232
FPDR:0.06754436176302232
F1:0.9185226952354102
BACC:0
CLSFE:0.06754436176302232
MCC:0.28428575009086726
GMEAN:0.6091387362497972
SAMPLES:1747
AUC:{}
AVGP:{}
