

GENERAL_METRICS
ACC:0.8535
PREC:0.619426102551561
REC:0.6576184937481826
TNR:0.6576184937481826
FPR:0.3805738974484389
FPDR:0.3805738974484389
F1:0.6338870635305908
BACC:0.0
CLSFE:0.1465
MCC:0.27439943439003694
GMEAN:0.6115397030238736
SAMPLES:2000.0
AUC:{'AUC macro OVO': 0.619426102551561}
AVGP:{'avg_precision': 0.8975359703773363}


METRICS_PER_CLASSES
CLASS:0
ACC:0.8535
PREC:0.30268199233716475
REC:0.41578947368421054
TNR:0.8994475138121547
FPR:0.6973180076628352
FPDR:0.6973180076628352
F1:0.35033259423503327
BACC:0
CLSFE:0.6973180076628352
MCC:0.27439943439003694
GMEAN:0.6115397030238736
SAMPLES:261
AUC:{}
AVGP:{}
CLASS:1
ACC:0.8535
PREC:0.9361702127659575
REC:0.8994475138121547
TNR:0.41578947368421054
FPR:0.06382978723404255
FPDR:0.06382978723404255
F1:0.9174415328261483
BACC:0
CLSFE:0.06382978723404255
MCC:0.27439943439003694
GMEAN:0.6115397030238736
SAMPLES:1739
AUC:{}
AVGP:{}
