

GENERAL_METRICS
ACC:0.8385
PREC:0.5999613114294182
REC:0.6165579756025494
TNR:0.6165579756025494
FPR:0.4000386885705817
FPDR:0.4000386885705817
F1:0.607002174871865
BACC:0.0
CLSFE:0.1615
MCC:0.21588226512420128
GMEAN:0.5484666905176682
SAMPLES:2000.0
AUC:{'AUC macro OVO': 0.5999613114294182}
AVGP:{'avg_precision': 0.8962159284884667}


METRICS_PER_CLASSES
CLASS:0
ACC:0.8385
PREC:0.28063241106719367
REC:0.33490566037735847
TNR:0.8982102908277405
FPR:0.7193675889328063
FPDR:0.7193675889328063
F1:0.3053763440860215
BACC:0
CLSFE:0.7193675889328063
MCC:0.21588226512420128
GMEAN:0.5484666905176682
SAMPLES:253
AUC:{}
AVGP:{}
CLASS:1
ACC:0.8385
PREC:0.9192902117916428
REC:0.8982102908277405
TNR:0.33490566037735847
FPR:0.08070978820835718
FPDR:0.08070978820835718
F1:0.9086280056577086
BACC:0
CLSFE:0.08070978820835718
MCC:0.21588226512420128
GMEAN:0.5484666905176682
SAMPLES:1747
AUC:{}
AVGP:{}
