

GENERAL_METRICS
ACC:0.847
PREC:0.6247260329572206
REC:0.6423871744972662
TNR:0.6423871744972662
FPR:0.3752739670427795
FPDR:0.3752739670427795
F1:0.6324801106883431
BACC:0.0
CLSFE:0.153
MCC:0.2665287032875187
GMEAN:0.5866846422297308
SAMPLES:2000.0
AUC:{'AUC macro OVO': 0.6247260329572206}
AVGP:{'avg_precision': 0.9016403728001667}


METRICS_PER_CLASSES
CLASS:0
ACC:0.847
PREC:0.32677165354330706
REC:0.38073394495412843
TNR:0.9040404040404041
FPR:0.6732283464566929
FPDR:0.6732283464566929
F1:0.3516949152542373
BACC:0
CLSFE:0.6732283464566929
MCC:0.2665287032875187
GMEAN:0.5866846422297308
SAMPLES:254
AUC:{}
AVGP:{}
CLASS:1
ACC:0.847
PREC:0.9226804123711341
REC:0.9040404040404041
TNR:0.38073394495412843
FPR:0.07731958762886598
FPDR:0.07731958762886598
F1:0.9132653061224489
BACC:0
CLSFE:0.07731958762886598
MCC:0.2665287032875187
GMEAN:0.5866846422297308
SAMPLES:1746
AUC:{}
AVGP:{}
