

GENERAL_METRICS
ACC:0.8595
PREC:0.5788499779054352
REC:0.6360738754840631
TNR:0.6360738754840631
FPR:0.4211500220945647
FPDR:0.4211500220945647
F1:0.5943149227862914
BACC:0.0
CLSFE:0.1405
MCC:0.20716584733421026
GMEAN:0.5812685274320472
SAMPLES:2000.0
AUC:{'AUC macro OVO': 0.5788499779054352}
AVGP:{'avg_precision': 0.8934892210510852}


METRICS_PER_CLASSES
CLASS:0
ACC:0.8595
PREC:0.2056451612903226
REC:0.37777777777777777
TNR:0.8943699731903485
FPR:0.7943548387096774
FPDR:0.7943548387096774
F1:0.26631853785900783
BACC:0
CLSFE:0.7943548387096774
MCC:0.20716584733421026
GMEAN:0.5812685274320472
SAMPLES:248
AUC:{}
AVGP:{}
CLASS:1
ACC:0.8595
PREC:0.952054794520548
REC:0.8943699731903485
TNR:0.37777777777777777
FPR:0.04794520547945205
FPDR:0.04794520547945205
F1:0.9223113077135748
BACC:0
CLSFE:0.04794520547945205
MCC:0.20716584733421026
GMEAN:0.5812685274320472
SAMPLES:1752
AUC:{}
AVGP:{}
