

GENERAL_METRICS
ACC:0.8505
PREC:0.5769962919632766
REC:0.6291062641308685
TNR:0.6291062641308685
FPR:0.42300370803672344
FPDR:0.42300370803672344
F1:0.5910694491267828
BACC:0.0
CLSFE:0.1495
MCC:0.19940615444171475
GMEAN:0.5732081896431922
SAMPLES:2000.0
AUC:{'AUC macro OVO': 0.5769962919632765}
AVGP:{'avg_precision': 0.8873523004516601}


METRICS_PER_CLASSES
CLASS:0
ACC:0.8505
PREC:0.20689655172413793
REC:0.3698630136986301
TNR:0.8883495145631068
FPR:0.7931034482758621
FPDR:0.7931034482758621
F1:0.26535626535626533
BACC:0
CLSFE:0.7931034482758621
MCC:0.19940615444171475
GMEAN:0.5732081896431922
SAMPLES:261
AUC:{}
AVGP:{}
CLASS:1
ACC:0.8505
PREC:0.9470960322024152
REC:0.8883495145631068
TNR:0.3698630136986301
FPR:0.05290396779758482
FPDR:0.05290396779758482
F1:0.9167826328973003
BACC:0
CLSFE:0.05290396779758482
MCC:0.19940615444171475
GMEAN:0.5732081896431922
SAMPLES:1739
AUC:{}
AVGP:{}
