

GENERAL_METRICS
ACC:0.851
PREC:0.5928008264912186
REC:0.6441084980697719
TNR:0.6441084980697719
FPR:0.4071991735087815
FPDR:0.4071991735087815
F1:0.6085447585719503
BACC:0.0
CLSFE:0.149
MCC:0.2312867287613624
GMEAN:0.5950358513344888
SAMPLES:2000.0
AUC:{'AUC macro OVO': 0.5928008264912185}
AVGP:{'avg_precision': 0.8894043255872992}


METRICS_PER_CLASSES
CLASS:0
ACC:0.851
PREC:0.24150943396226415
REC:0.39751552795031053
TNR:0.8907014681892332
FPR:0.7584905660377359
FPDR:0.7584905660377359
F1:0.3004694835680751
BACC:0
CLSFE:0.7584905660377359
MCC:0.2312867287613624
GMEAN:0.5950358513344888
SAMPLES:265
AUC:{}
AVGP:{}
CLASS:1
ACC:0.851
PREC:0.9440922190201729
REC:0.8907014681892332
TNR:0.39751552795031053
FPR:0.05590778097982709
FPDR:0.05590778097982709
F1:0.9166200335758254
BACC:0
CLSFE:0.05590778097982709
MCC:0.2312867287613624
GMEAN:0.5950358513344888
SAMPLES:1735
AUC:{}
AVGP:{}
