

GENERAL_METRICS
ACC:0.865
PREC:0.5866498081001323
REC:0.6458941515241783
TNR:0.6458941515241783
FPR:0.41335019189986766
FPDR:0.41335019189986766
F1:0.6037057911793715
BACC:0.0
CLSFE:0.135
MCC:0.22487063154179723
GMEAN:0.5941528214323034
SAMPLES:2000.0
AUC:{'AUC macro OVO': 0.5866498081001323}
AVGP:{'avg_precision': 0.8982775477170645}


METRICS_PER_CLASSES
CLASS:0
ACC:0.865
PREC:0.21991701244813278
REC:0.3925925925925926
TNR:0.8991957104557641
FPR:0.7800829875518672
FPDR:0.7800829875518672
F1:0.28191489361702127
BACC:0
CLSFE:0.7800829875518672
MCC:0.22487063154179723
GMEAN:0.5941528214323034
SAMPLES:241
AUC:{}
AVGP:{}
CLASS:1
ACC:0.865
PREC:0.9533826037521319
REC:0.8991957104557641
TNR:0.3925925925925926
FPR:0.046617396247868106
FPDR:0.046617396247868106
F1:0.9254966887417219
BACC:0
CLSFE:0.046617396247868106
MCC:0.22487063154179723
GMEAN:0.5941528214323034
SAMPLES:1759
AUC:{}
AVGP:{}
