

GENERAL_METRICS
ACC:0.8853333333333333
PREC:0.8128
REC:0.7909884378609447
TNR:0.7909884378609447
FPR:0.18719999999999998
FPDR:0.18719999999999998
F1:0.8011444215614942
BACC:0.0
CLSFE:0.11466666666666667
MCC:0.6033943432379973
GMEAN:0.7768945180036775
SAMPLES:1500.0
AUC:{'AUC macro OVO': 0.8128}
AVGP:{'avg_precision': 0.9313065796628602}


METRICS_PER_CLASSES
CLASS:0
ACC:0.8853333333333333
PREC:0.704
REC:0.6423357664233577
TNR:0.9396411092985318
FPR:0.296
FPDR:0.296
F1:0.6717557251908397
BACC:0
CLSFE:0.296
MCC:0.6033943432379973
GMEAN:0.7768945180036775
SAMPLES:250
AUC:{}
AVGP:{}
CLASS:1
ACC:0.8853333333333333
PREC:0.9216
REC:0.9396411092985318
TNR:0.6423357664233577
FPR:0.0784
FPDR:0.0784
F1:0.9305331179321487
BACC:0
CLSFE:0.0784
MCC:0.6033943432379973
GMEAN:0.7768945180036775
SAMPLES:1250
AUC:{}
AVGP:{}
