

GENERAL_METRICS
ACC:0.878
PREC:0.7799433026222538
REC:0.7844
TNR:0.7844
FPR:0.2200566973777463
FPDR:0.2200566973777463
F1:0.782138534494732
BACC:0.0
CLSFE:0.122
MCC:0.564325704769042
GMEAN:0.7717325961756443
SAMPLES:1500.0
AUC:{'AUC macro OVO': 0.7799433026222538}
AVGP:{'avg_precision': 0.9180231325301205}


METRICS_PER_CLASSES
CLASS:0
ACC:0.878
PREC:0.6313725490196078
REC:0.644
TNR:0.9248
FPR:0.3686274509803922
FPDR:0.3686274509803922
F1:0.6376237623762376
BACC:0
CLSFE:0.3686274509803922
MCC:0.564325704769042
GMEAN:0.7717325961756443
SAMPLES:255
AUC:{}
AVGP:{}
CLASS:1
ACC:0.878
PREC:0.9285140562248996
REC:0.9248
TNR:0.644
FPR:0.0714859437751004
FPDR:0.0714859437751004
F1:0.9266533066132264
BACC:0
CLSFE:0.0714859437751004
MCC:0.564325704769042
GMEAN:0.7717325961756443
SAMPLES:1245
AUC:{}
AVGP:{}
