

GENERAL_METRICS
ACC:0.8773333333333333
PREC:0.7825831126802001
REC:0.7895397909967845
TNR:0.7895397909967845
FPR:0.21741688731979994
FPDR:0.21741688731979994
F1:0.7859801488833746
BACC:0.0
CLSFE:0.12266666666666666
MCC:0.572080607553327
GMEAN:0.7782075000816169
SAMPLES:1500.0
AUC:{'AUC macro OVO': 0.7825831126802}
AVGP:{'avg_precision': 0.9157931716250949}


METRICS_PER_CLASSES
CLASS:0
ACC:0.8773333333333333
PREC:0.6363636363636364
REC:0.65625
TNR:0.9228295819935691
FPR:0.36363636363636365
FPDR:0.36363636363636365
F1:0.6461538461538462
BACC:0
CLSFE:0.36363636363636365
MCC:0.572080607553327
GMEAN:0.7782075000816169
SAMPLES:264
AUC:{}
AVGP:{}
CLASS:1
ACC:0.8773333333333333
PREC:0.9288025889967637
REC:0.9228295819935691
TNR:0.65625
FPR:0.07119741100323625
FPDR:0.07119741100323625
F1:0.9258064516129032
BACC:0
CLSFE:0.07119741100323625
MCC:0.572080607553327
GMEAN:0.7782075000816169
SAMPLES:1236
AUC:{}
AVGP:{}
