

GENERAL_METRICS
ACC:0.884
PREC:0.8000487774331865
REC:0.7832455455340226
TNR:0.7832455455340226
FPR:0.19995122256681355
FPDR:0.19995122256681355
F1:0.7912
BACC:0.0
CLSFE:0.116
MCC:0.5830522434598101
GMEAN:0.7679764220285762
SAMPLES:1500.0
AUC:{'AUC macro OVO': 0.8000487774331865}
AVGP:{'avg_precision': 0.9296890373196947}


METRICS_PER_CLASSES
CLASS:0
ACC:0.884
PREC:0.6763485477178424
REC:0.6293436293436293
TNR:0.9371474617244158
FPR:0.3236514522821577
FPDR:0.3236514522821577
F1:0.652
BACC:0
CLSFE:0.3236514522821577
MCC:0.5830522434598101
GMEAN:0.7679764220285762
SAMPLES:241
AUC:{}
AVGP:{}
CLASS:1
ACC:0.884
PREC:0.9237490071485306
REC:0.9371474617244158
TNR:0.6293436293436293
FPR:0.07625099285146943
FPDR:0.07625099285146943
F1:0.9304
BACC:0
CLSFE:0.07625099285146943
MCC:0.5830522434598101
GMEAN:0.7679764220285762
SAMPLES:1259
AUC:{}
AVGP:{}
