

GENERAL_METRICS
ACC:0.8908571428571429
PREC:0.5902586996336996
REC:0.5764671383183094
TNR:0.5764671383183094
FPR:0.40974130036630035
FPDR:0.40974130036630035
F1:0.5824401237251463
BACC:0.0
CLSFE:0.10914285714285714
MCC:0.16615443983620606
GMEAN:0.4410133843290716
SAMPLES:3500.0
AUC:{'AUC macro OVO': 0.5902586996336997}
AVGP:{'avg_precision': 0.9469490058209117}


METRICS_PER_CLASSES
CLASS:0
ACC:0.8908571428571429
PREC:0.24553571428571427
REC:0.20522388059701493
TNR:0.9477103960396039
FPR:0.7544642857142857
FPDR:0.7544642857142857
F1:0.22357723577235772
BACC:0
CLSFE:0.7544642857142857
MCC:0.16615443983620606
GMEAN:0.4410133843290716
SAMPLES:224
AUC:{}
AVGP:{}
CLASS:1
ACC:0.8908571428571429
PREC:0.934981684981685
REC:0.9477103960396039
TNR:0.20522388059701493
FPR:0.06501831501831502
FPDR:0.06501831501831502
F1:0.9413030116779348
BACC:0
CLSFE:0.06501831501831502
MCC:0.16615443983620606
GMEAN:0.4410133843290716
SAMPLES:3276
AUC:{}
AVGP:{}
