

GENERAL_METRICS
ACC:0.8757142857142857
PREC:0.5498710779978113
REC:0.5453147719959
TNR:0.5453147719959
FPR:0.4501289220021887
FPDR:0.4501289220021887
F1:0.5473652196326657
BACC:0.0
CLSFE:0.12428571428571429
MCC:0.09507673803114124
GMEAN:0.37963208710654145
SAMPLES:3500.0
AUC:{'AUC macro OVO': 0.5498710779978113}
AVGP:{'avg_precision': 0.9362815575938194}


METRICS_PER_CLASSES
CLASS:0
ACC:0.8757142857142857
PREC:0.17073170731707318
REC:0.15384615384615385
TNR:0.9367833901456462
FPR:0.8292682926829268
FPDR:0.8292682926829268
F1:0.16184971098265896
BACC:0
CLSFE:0.8292682926829268
MCC:0.09507673803114124
GMEAN:0.37963208710654145
SAMPLES:246
AUC:{}
AVGP:{}
CLASS:1
ACC:0.8757142857142857
PREC:0.9290104486785494
REC:0.9367833901456462
TNR:0.15384615384615385
FPR:0.07098955132145052
FPDR:0.07098955132145052
F1:0.9328807282826724
BACC:0
CLSFE:0.07098955132145052
MCC:0.09507673803114124
GMEAN:0.37963208710654145
SAMPLES:3254
AUC:{}
AVGP:{}
