

GENERAL_METRICS
ACC:0.8722857142857143
PREC:0.5622594963057397
REC:0.5528182889050048
TNR:0.5528182889050048
FPR:0.43774050369426026
FPDR:0.43774050369426026
F1:0.5567726247814672
BACC:0.0
CLSFE:0.12771428571428572
MCC:0.11468984371698554
GMEAN:0.39668325887402867
SAMPLES:3500.0
AUC:{'AUC macro OVO': 0.5622594963057397}
AVGP:{'avg_precision': 0.9371652273729147}


METRICS_PER_CLASSES
CLASS:0
ACC:0.8722857142857143
PREC:0.20080321285140562
REC:0.16778523489932887
TNR:0.9378513429106808
FPR:0.7991967871485943
FPDR:0.7991967871485943
F1:0.18281535648994515
BACC:0
CLSFE:0.7991967871485943
MCC:0.11468984371698554
GMEAN:0.39668325887402867
SAMPLES:249
AUC:{}
AVGP:{}
CLASS:1
ACC:0.8722857142857143
PREC:0.9237157797600738
REC:0.9378513429106808
TNR:0.16778523489932887
FPR:0.07628422023992618
FPDR:0.07628422023992618
F1:0.9307298930729893
BACC:0
CLSFE:0.07628422023992618
MCC:0.11468984371698554
GMEAN:0.39668325887402867
SAMPLES:3251
AUC:{}
AVGP:{}
