

GENERAL_METRICS
ACC:0.8728571428571429
PREC:0.5581383415435139
REC:0.5512791776538046
TNR:0.5512791776538046
FPR:0.44186165845648606
FPDR:0.44186165845648606
F1:0.5542765271287481
BACC:0.0
CLSFE:0.12714285714285714
MCC:0.10920231397745057
GMEAN:0.3943830656561576
SAMPLES:3500.0
AUC:{'AUC macro OVO': 0.5581383415435139}
AVGP:{'avg_precision': 0.9358400395500075}


METRICS_PER_CLASSES
CLASS:0
ACC:0.8728571428571429
PREC:0.19047619047619047
REC:0.16608996539792387
TNR:0.9364683899096855
FPR:0.8095238095238095
FPDR:0.8095238095238095
F1:0.17744916820702403
BACC:0
CLSFE:0.8095238095238095
MCC:0.10920231397745057
GMEAN:0.3943830656561576
SAMPLES:252
AUC:{}
AVGP:{}
CLASS:1
ACC:0.8728571428571429
PREC:0.9258004926108374
REC:0.9364683899096855
TNR:0.16608996539792387
FPR:0.07419950738916256
FPDR:0.07419950738916256
F1:0.9311038860504722
BACC:0
CLSFE:0.07419950738916256
MCC:0.10920231397745057
GMEAN:0.3943830656561576
SAMPLES:3248
AUC:{}
AVGP:{}
