

GENERAL_METRICS
ACC:0.8685
PREC:0.6319934879274112
REC:0.6891713714173068
TNR:0.6891713714173068
FPR:0.3680065120725889
FPDR:0.3680065120725889
F1:0.6523626452426885
BACC:0.0
CLSFE:0.1315
MCC:0.31603410657321207
GMEAN:0.6545136725716332
SAMPLES:2000.0
AUC:{'AUC macro OVO': 0.6319934879274112}
AVGP:{'avg_precision': 0.9033403359977678}


METRICS_PER_CLASSES
CLASS:0
ACC:0.8685
PREC:0.31496062992125984
REC:0.47337278106508873
TNR:0.9049699617695248
FPR:0.6850393700787402
FPDR:0.6850393700787402
F1:0.37825059101654845
BACC:0
CLSFE:0.6850393700787402
MCC:0.31603410657321207
GMEAN:0.6545136725716332
SAMPLES:254
AUC:{}
AVGP:{}
CLASS:1
ACC:0.8685
PREC:0.9490263459335624
REC:0.9049699617695248
TNR:0.47337278106508873
FPR:0.05097365406643757
FPDR:0.05097365406643757
F1:0.9264746994688287
BACC:0
CLSFE:0.05097365406643757
MCC:0.31603410657321207
GMEAN:0.6545136725716332
SAMPLES:1746
AUC:{}
AVGP:{}
