

GENERAL_METRICS
ACC:0.8825
PREC:0.6471183802385116
REC:0.7343243243243244
TNR:0.7343243243243244
FPR:0.35288161976148835
FPDR:0.35288161976148835
F1:0.6757706139179948
BACC:0.0
CLSFE:0.1175
MCC:0.37134035625058726
GMEAN:0.7133324913693777
SAMPLES:2000.0
AUC:{'AUC macro OVO': 0.6471183802385116}
AVGP:{'avg_precision': 0.9073207661009607}


METRICS_PER_CLASSES
CLASS:0
ACC:0.8825
PREC:0.33201581027667987
REC:0.56
TNR:0.9086486486486487
FPR:0.6679841897233202
FPDR:0.6679841897233202
F1:0.41687344913151364
BACC:0
CLSFE:0.6679841897233202
MCC:0.37134035625058726
GMEAN:0.7133324913693777
SAMPLES:253
AUC:{}
AVGP:{}
CLASS:1
ACC:0.8825
PREC:0.9622209502003435
REC:0.9086486486486487
TNR:0.56
FPR:0.03777904979965655
FPDR:0.03777904979965655
F1:0.9346677787044759
BACC:0
CLSFE:0.03777904979965655
MCC:0.37134035625058726
GMEAN:0.7133324913693777
SAMPLES:1747
AUC:{}
AVGP:{}
