

GENERAL_METRICS
ACC:0.872
PREC:0.6235516514313286
REC:0.7084859187656846
TNR:0.7084859187656846
FPR:0.3764483485686714
FPDR:0.3764483485686714
F1:0.6491141502942781
BACC:0.0
CLSFE:0.128
MCC:0.32099083827223573
GMEAN:0.6821860620225036
SAMPLES:2000.0
AUC:{'AUC macro OVO': 0.6235516514313286}
AVGP:{'avg_precision': 0.8985135910125873}


METRICS_PER_CLASSES
CLASS:0
ACC:0.872
PREC:0.28735632183908044
REC:0.5172413793103449
TNR:0.8997304582210243
FPR:0.7126436781609196
FPDR:0.7126436781609196
F1:0.3694581280788177
BACC:0
CLSFE:0.7126436781609196
MCC:0.32099083827223573
GMEAN:0.6821860620225036
SAMPLES:261
AUC:{}
AVGP:{}
CLASS:1
ACC:0.872
PREC:0.9597469810235768
REC:0.8997304582210243
TNR:0.5172413793103449
FPR:0.04025301897642323
FPDR:0.04025301897642323
F1:0.9287701725097385
BACC:0
CLSFE:0.04025301897642323
MCC:0.32099083827223573
GMEAN:0.6821860620225036
SAMPLES:1739
AUC:{}
AVGP:{}
