

GENERAL_METRICS
ACC:0.8745
PREC:0.6374688624881502
REC:0.7063858695652174
TNR:0.7063858695652174
FPR:0.3625311375118498
FPDR:0.3625311375118498
F1:0.661138453292796
BACC:0.0
CLSFE:0.1255
MCC:0.3368776081769649
GMEAN:0.6774412376249195
SAMPLES:2000.0
AUC:{'AUC macro OVO': 0.6374688624881502}
AVGP:{'avg_precision': 0.9050284836116573}


METRICS_PER_CLASSES
CLASS:0
ACC:0.8745
PREC:0.3201581027667984
REC:0.50625
TNR:0.9065217391304348
FPR:0.6798418972332015
FPDR:0.6798418972332015
F1:0.3922518159806295
BACC:0
CLSFE:0.6798418972332015
MCC:0.3368776081769649
GMEAN:0.6774412376249195
SAMPLES:253
AUC:{}
AVGP:{}
CLASS:1
ACC:0.8745
PREC:0.954779622209502
REC:0.9065217391304348
TNR:0.50625
FPR:0.045220377790498
FPDR:0.045220377790498
F1:0.9300250906049624
BACC:0
CLSFE:0.045220377790498
MCC:0.3368776081769649
GMEAN:0.6774412376249195
SAMPLES:1747
AUC:{}
AVGP:{}
