

GENERAL_METRICS
ACC:0.9122857142857143
PREC:0.588164226208465
REC:0.6057982102285899
TNR:0.6057982102285899
FPR:0.4118357737915351
FPDR:0.4118357737915351
F1:0.5958385475614715
BACC:0.0
CLSFE:0.08771428571428572
MCC:0.19315918139238564
GMEAN:0.4999850960559163
SAMPLES:3500.0
AUC:{'AUC macro OVO': 0.588164226208465}
AVGP:{'avg_precision': 0.9474105062610975}


METRICS_PER_CLASSES
CLASS:0
ACC:0.9122857142857143
PREC:0.2171945701357466
REC:0.26373626373626374
TNR:0.9478601567209162
FPR:0.7828054298642534
FPDR:0.7828054298642534
F1:0.23821339950372208
BACC:0
CLSFE:0.7828054298642534
MCC:0.19315918139238564
GMEAN:0.4999850960559163
SAMPLES:221
AUC:{}
AVGP:{}
CLASS:1
ACC:0.9122857142857143
PREC:0.9591338822811832
REC:0.9478601567209162
TNR:0.26373626373626374
FPR:0.040866117718816715
FPDR:0.040866117718816715
F1:0.9534636956192208
BACC:0
CLSFE:0.040866117718816715
MCC:0.19315918139238564
GMEAN:0.4999850960559163
SAMPLES:3279
AUC:{}
AVGP:{}
