

GENERAL_METRICS
ACC:0.9017142857142857
PREC:0.5758264702780421
REC:0.5833248979316394
TNR:0.5833248979316394
FPR:0.4241735297219578
FPDR:0.4241735297219578
F1:0.5793010527257378
BACC:0.0
CLSFE:0.09828571428571428
MCC:0.15897462560338818
GMEAN:0.4581187555017335
SAMPLES:3500.0
AUC:{'AUC macro OVO': 0.5758264702780422}
AVGP:{'avg_precision': 0.9439424500225273}


METRICS_PER_CLASSES
CLASS:0
ACC:0.9017142857142857
PREC:0.20087336244541484
REC:0.2222222222222222
TNR:0.9444275736410568
FPR:0.7991266375545851
FPDR:0.7991266375545851
F1:0.21100917431192662
BACC:0
CLSFE:0.7991266375545851
MCC:0.15897462560338818
GMEAN:0.4581187555017335
SAMPLES:229
AUC:{}
AVGP:{}
CLASS:1
ACC:0.9017142857142857
PREC:0.9507795781106695
REC:0.9444275736410568
TNR:0.2222222222222222
FPR:0.04922042188933048
FPDR:0.04922042188933048
F1:0.947592931139549
BACC:0
CLSFE:0.04922042188933048
MCC:0.15897462560338818
GMEAN:0.4581187555017335
SAMPLES:3271
AUC:{}
AVGP:{}
