

GENERAL_METRICS
ACC:0.9077142857142857
PREC:0.5772846262862946
REC:0.5890523135633646
TNR:0.5890523135633646
FPR:0.4227153737137054
FPDR:0.4227153737137054
F1:0.5825454131877246
BACC:0.0
CLSFE:0.09228571428571429
MCC:0.1659201587954226
GMEAN:0.4681831058203705
SAMPLES:3500.0
AUC:{'AUC macro OVO': 0.5772846262862946}
AVGP:{'avg_precision': 0.9460951807075091}


METRICS_PER_CLASSES
CLASS:0
ACC:0.9077142857142857
PREC:0.19909502262443438
REC:0.23157894736842105
TNR:0.9465256797583081
FPR:0.8009049773755657
FPDR:0.8009049773755657
F1:0.2141119221411192
BACC:0
CLSFE:0.8009049773755657
MCC:0.1659201587954226
GMEAN:0.4681831058203705
SAMPLES:221
AUC:{}
AVGP:{}
CLASS:1
ACC:0.9077142857142857
PREC:0.9554742299481549
REC:0.9465256797583081
TNR:0.23157894736842105
FPR:0.044525770051845076
FPDR:0.044525770051845076
F1:0.95097890423433
BACC:0
CLSFE:0.044525770051845076
MCC:0.1659201587954226
GMEAN:0.4681831058203705
SAMPLES:3279
AUC:{}
AVGP:{}
