

GENERAL_METRICS
ACC:0.9031428571428571
PREC:0.5728054089992708
REC:0.5826824214985865
TNR:0.5826824214985865
FPR:0.4271945910007292
FPDR:0.4271945910007292
F1:0.5772571847573157
BACC:0.0
CLSFE:0.09685714285714286
MCC:0.15517380596292266
GMEAN:0.456925545521067
SAMPLES:3500.0
AUC:{'AUC macro OVO': 0.5728054089992708}
AVGP:{'avg_precision': 0.9438139190454782}


METRICS_PER_CLASSES
CLASS:0
ACC:0.9031428571428571
PREC:0.19298245614035087
REC:0.22110552763819097
TNR:0.9442593153589821
FPR:0.8070175438596491
FPDR:0.8070175438596491
F1:0.20608899297423888
BACC:0
CLSFE:0.8070175438596491
MCC:0.15517380596292266
GMEAN:0.456925545521067
SAMPLES:228
AUC:{}
AVGP:{}
CLASS:1
ACC:0.9031428571428571
PREC:0.9526283618581907
REC:0.9442593153589821
TNR:0.22110552763819097
FPR:0.047371638141809294
FPDR:0.047371638141809294
F1:0.9484253765403925
BACC:0
CLSFE:0.047371638141809294
MCC:0.15517380596292266
GMEAN:0.456925545521067
SAMPLES:3272
AUC:{}
AVGP:{}
