

GENERAL_METRICS
ACC:0.9128
PREC:0.5819168845200313
REC:0.6019599838506576
TNR:0.6019599838506576
FPR:0.41808311547996874
FPDR:0.41808311547996874
F1:0.5903721675550705
BACC:0.0
CLSFE:0.0872
MCC:0.1827812268561361
GMEAN:0.4930929495237174
SAMPLES:3750.0
AUC:{'AUC macro OVO': 0.5819168845200312}
AVGP:{'avg_precision': 0.9468332376866244}


METRICS_PER_CLASSES
CLASS:0
ACC:0.9128
PREC:0.2033898305084746
REC:0.25668449197860965
TNR:0.9472354757227056
FPR:0.7966101694915254
FPDR:0.7966101694915254
F1:0.22695035460992907
BACC:0
CLSFE:0.7966101694915254
MCC:0.1827812268561361
GMEAN:0.4930929495237174
SAMPLES:236
AUC:{}
AVGP:{}
CLASS:1
ACC:0.9128
PREC:0.9604439385315879
REC:0.9472354757227056
TNR:0.25668449197860965
FPR:0.03955606146841206
FPDR:0.03955606146841206
F1:0.9537939805002119
BACC:0
CLSFE:0.03955606146841206
MCC:0.1827812268561361
GMEAN:0.4930929495237174
SAMPLES:3514
AUC:{}
AVGP:{}
