

GENERAL_METRICS
ACC:0.9048
PREC:0.601741984347387
REC:0.6119997529644269
TNR:0.6119997529644269
FPR:0.398258015652613
FPDR:0.398258015652613
F1:0.6065132889022786
BACC:0.0
CLSFE:0.0952
MCC:0.21349545300092865
GMEAN:0.512993231276952
SAMPLES:3750.0
AUC:{'AUC macro OVO': 0.601741984347387}
AVGP:{'avg_precision': 0.9450861002731173}


METRICS_PER_CLASSES
CLASS:0
ACC:0.9048
PREC:0.25098039215686274
REC:0.2782608695652174
TNR:0.9457386363636363
FPR:0.7490196078431373
FPDR:0.7490196078431373
F1:0.2639175257731959
BACC:0
CLSFE:0.7490196078431373
MCC:0.21349545300092865
GMEAN:0.512993231276952
SAMPLES:255
AUC:{}
AVGP:{}
CLASS:1
ACC:0.9048
PREC:0.9525035765379113
REC:0.9457386363636363
TNR:0.2782608695652174
FPR:0.0474964234620887
FPDR:0.0474964234620887
F1:0.9491090520313614
BACC:0
CLSFE:0.0474964234620887
MCC:0.21349545300092865
GMEAN:0.512993231276952
SAMPLES:3495
AUC:{}
AVGP:{}
