

GENERAL_METRICS
ACC:0.9021333333333333
PREC:0.5946982799801017
REC:0.6065155632411068
TNR:0.6065155632411068
FPR:0.40530172001989834
FPDR:0.40530172001989834
F1:0.6000922875127963
BACC:0.0
CLSFE:0.09786666666666667
MCC:0.20086652911866176
GMEAN:0.5043070422722407
SAMPLES:3750.0
AUC:{'AUC macro OVO': 0.5946982799801017}
AVGP:{'avg_precision': 0.9428367681544595}


METRICS_PER_CLASSES
CLASS:0
ACC:0.9021333333333333
PREC:0.23754789272030652
REC:0.26956521739130435
TNR:0.9434659090909091
FPR:0.7624521072796935
FPDR:0.7624521072796935
F1:0.2525458248472505
BACC:0
CLSFE:0.7624521072796935
MCC:0.20086652911866176
GMEAN:0.5043070422722407
SAMPLES:261
AUC:{}
AVGP:{}
CLASS:1
ACC:0.9021333333333333
PREC:0.9518486672398968
REC:0.9434659090909091
TNR:0.26956521739130435
FPR:0.04815133276010318
FPDR:0.04815133276010318
F1:0.9476387501783421
BACC:0
CLSFE:0.04815133276010318
MCC:0.20086652911866176
GMEAN:0.5043070422722407
SAMPLES:3489
AUC:{}
AVGP:{}
