

GENERAL_METRICS
ACC:0.8968
PREC:0.5862348848025186
REC:0.5891474167312922
TNR:0.5891474167312922
FPR:0.4137651151974814
FPDR:0.4137651151974814
F1:0.5876534419323703
BACC:0.0
CLSFE:0.1032
MCC:0.17535811600567683
GMEAN:0.47068589431066843
SAMPLES:3750.0
AUC:{'AUC macro OVO': 0.5862348848025186}
AVGP:{'avg_precision': 0.9428417716370677}


METRICS_PER_CLASSES
CLASS:0
ACC:0.8968
PREC:0.2265625
REC:0.23481781376518218
TNR:0.9434770196974023
FPR:0.7734375
FPDR:0.7734375
F1:0.23061630218687873
BACC:0
CLSFE:0.7734375
MCC:0.17535811600567683
GMEAN:0.47068589431066843
SAMPLES:256
AUC:{}
AVGP:{}
CLASS:1
ACC:0.8968
PREC:0.9459072696050372
REC:0.9434770196974023
TNR:0.23481781376518218
FPR:0.05409273039496279
FPDR:0.05409273039496279
F1:0.9446905816778619
BACC:0
CLSFE:0.05409273039496279
MCC:0.17535811600567683
GMEAN:0.47068589431066843
SAMPLES:3494
AUC:{}
AVGP:{}
