

GENERAL_METRICS
ACC:0.8376
PREC:0.7693674484719261
REC:0.7442010309278351
TNR:0.7442010309278351
FPR:0.2306325515280739
FPDR:0.2306325515280739
F1:0.7552742616033755
BACC:0.0
CLSFE:0.1624
MCC:0.5129514932827268
GMEAN:0.7247111049011256
SAMPLES:1250.0
AUC:{'AUC macro OVO': 0.769367448471926}
AVGP:{'avg_precision': 0.9004479868697749}


METRICS_PER_CLASSES
CLASS:0
ACC:0.8376
PREC:0.6571428571428571
REC:0.575
TNR:0.9134020618556701
FPR:0.34285714285714286
FPDR:0.34285714285714286
F1:0.6133333333333333
BACC:0
CLSFE:0.34285714285714286
MCC:0.5129514932827268
GMEAN:0.7247111049011256
SAMPLES:245
AUC:{}
AVGP:{}
CLASS:1
ACC:0.8376
PREC:0.881592039800995
REC:0.9134020618556701
TNR:0.575
FPR:0.11840796019900497
FPDR:0.11840796019900497
F1:0.8972151898734178
BACC:0
CLSFE:0.11840796019900497
MCC:0.5129514932827268
GMEAN:0.7247111049011256
SAMPLES:1005
AUC:{}
AVGP:{}
