

GENERAL_METRICS
ACC:0.8568
PREC:0.8161689022002817
REC:0.7735909687875486
TNR:0.7735909687875486
FPR:0.18383109779971823
FPDR:0.18383109779971823
F1:0.7911024097679114
BACC:0.0
CLSFE:0.1432
MCC:0.5882208981444667
GMEAN:0.7566500846508735
SAMPLES:1250.0
AUC:{'AUC macro OVO': 0.8161689022002818}
AVGP:{'avg_precision': 0.9191781179667747}


METRICS_PER_CLASSES
CLASS:0
ACC:0.8568
PREC:0.7489878542510121
REC:0.6125827814569537
TNR:0.9345991561181435
FPR:0.25101214574898784
FPDR:0.25101214574898784
F1:0.6739526411657559
BACC:0
CLSFE:0.25101214574898784
MCC:0.5882208981444667
GMEAN:0.7566500846508735
SAMPLES:247
AUC:{}
AVGP:{}
CLASS:1
ACC:0.8568
PREC:0.8833499501495513
REC:0.9345991561181435
TNR:0.6125827814569537
FPR:0.11665004985044865
FPDR:0.11665004985044865
F1:0.9082521783700667
BACC:0
CLSFE:0.11665004985044865
MCC:0.5882208981444667
GMEAN:0.7566500846508735
SAMPLES:1003
AUC:{}
AVGP:{}
