

GENERAL_METRICS
ACC:0.8448
PREC:0.7733389980881452
REC:0.7486784216090856
TNR:0.7486784216090856
FPR:0.22666100191185473
FPDR:0.22666100191185473
F1:0.7596544574434767
BACC:0.0
CLSFE:0.1552
MCC:0.5214346003432025
GMEAN:0.7294120106260409
SAMPLES:1250.0
AUC:{'AUC macro OVO': 0.7733389980881452}
AVGP:{'avg_precision': 0.9054918789679126}


METRICS_PER_CLASSES
CLASS:0
ACC:0.8448
PREC:0.6582278481012658
REC:0.5799256505576208
TNR:0.9174311926605505
FPR:0.34177215189873417
FPDR:0.34177215189873417
F1:0.616600790513834
BACC:0
CLSFE:0.34177215189873417
MCC:0.5214346003432025
GMEAN:0.7294120106260409
SAMPLES:237
AUC:{}
AVGP:{}
CLASS:1
ACC:0.8448
PREC:0.8884501480750246
REC:0.9174311926605505
TNR:0.5799256505576208
FPR:0.11154985192497532
FPDR:0.11154985192497532
F1:0.9027081243731193
BACC:0
CLSFE:0.11154985192497532
MCC:0.5214346003432025
GMEAN:0.7294120106260409
SAMPLES:1013
AUC:{}
AVGP:{}
