

GENERAL_METRICS
ACC:0.8496
PREC:0.781197073369013
REC:0.7523482384411952
TNR:0.7523482384411952
FPR:0.21880292663098705
FPDR:0.21880292663098705
F1:0.765
BACC:0.0
CLSFE:0.1504
MCC:0.5327648115988516
GMEAN:0.7328300291733452
SAMPLES:1250.0
AUC:{'AUC macro OVO': 0.781197073369013}
AVGP:{'avg_precision': 0.9107020370600074}


METRICS_PER_CLASSES
CLASS:0
ACC:0.8496
PREC:0.6724137931034483
REC:0.582089552238806
TNR:0.9226069246435845
FPR:0.3275862068965517
FPDR:0.3275862068965517
F1:0.624
BACC:0
CLSFE:0.3275862068965517
MCC:0.5327648115988516
GMEAN:0.7328300291733452
SAMPLES:232
AUC:{}
AVGP:{}
CLASS:1
ACC:0.8496
PREC:0.8899803536345776
REC:0.9226069246435845
TNR:0.582089552238806
FPR:0.1100196463654224
FPDR:0.1100196463654224
F1:0.906
BACC:0
CLSFE:0.1100196463654224
MCC:0.5327648115988516
GMEAN:0.7328300291733452
SAMPLES:1018
AUC:{}
AVGP:{}
