

GENERAL_METRICS
ACC:0.8944
PREC:0.5500566496564175
REC:0.5550426424114739
TNR:0.5550426424114739
FPR:0.44994335034358246
FPDR:0.44994335034358246
F1:0.5523354523793446
BACC:0.0
CLSFE:0.1056
MCC:0.1049809557463566
GMEAN:0.39942376044749195
SAMPLES:3750.0
AUC:{'AUC macro OVO': 0.5500566496564175}
AVGP:{'avg_precision': 0.9400931725263224}


METRICS_PER_CLASSES
CLASS:0
ACC:0.8944
PREC:0.1532258064516129
REC:0.16964285714285715
TNR:0.9404424276800908
FPR:0.8467741935483871
FPDR:0.8467741935483871
F1:0.16101694915254236
BACC:0
CLSFE:0.8467741935483871
MCC:0.1049809557463566
GMEAN:0.39942376044749195
SAMPLES:248
AUC:{}
AVGP:{}
CLASS:1
ACC:0.8944
PREC:0.9468874928612222
REC:0.9404424276800908
TNR:0.16964285714285715
FPR:0.05311250713877784
FPDR:0.05311250713877784
F1:0.9436539556061468
BACC:0
CLSFE:0.05311250713877784
MCC:0.1049809557463566
GMEAN:0.39942376044749195
SAMPLES:3502
AUC:{}
AVGP:{}
