

GENERAL_METRICS
ACC:0.896
PREC:0.5373958141815285
REC:0.5367756370978273
TNR:0.5367756370978273
FPR:0.4626041858184715
FPDR:0.4626041858184715
F1:0.5370804128514707
BACC:0.0
CLSFE:0.104
MCC:0.07416885846007538
GMEAN:0.3482684602634176
SAMPLES:3750.0
AUC:{'AUC macro OVO': 0.5373958141815285}
AVGP:{'avg_precision': 0.9449851731309248}


METRICS_PER_CLASSES
CLASS:0
ACC:0.896
PREC:0.13063063063063063
REC:0.12831858407079647
TNR:0.9452326901248581
FPR:0.8693693693693694
FPDR:0.8693693693693694
F1:0.12946428571428573
BACC:0
CLSFE:0.8693693693693694
MCC:0.07416885846007538
GMEAN:0.3482684602634176
SAMPLES:222
AUC:{}
AVGP:{}
CLASS:1
ACC:0.896
PREC:0.9441609977324263
REC:0.9452326901248581
TNR:0.12831858407079647
FPR:0.0558390022675737
FPDR:0.0558390022675737
F1:0.9446965399886557
BACC:0
CLSFE:0.0558390022675737
MCC:0.07416885846007538
GMEAN:0.3482684602634176
SAMPLES:3528
AUC:{}
AVGP:{}
