

GENERAL_METRICS
ACC:0.8970666666666667
PREC:0.5512024968747355
REC:0.5550904015724911
TNR:0.5550904015724911
FPR:0.4487975031252644
FPDR:0.4487975031252644
F1:0.553020009881423
BACC:0.0
CLSFE:0.10293333333333334
MCC:0.10622177016682421
GMEAN:0.397287861834673
SAMPLES:3750.0
AUC:{'AUC macro OVO': 0.5512024968747355}
AVGP:{'avg_precision': 0.9424196949462453}


METRICS_PER_CLASSES
CLASS:0
ACC:0.8970666666666667
PREC:0.15481171548117154
REC:0.167420814479638
TNR:0.9427599886653443
FPR:0.8451882845188284
FPDR:0.8451882845188284
F1:0.1608695652173913
BACC:0
CLSFE:0.8451882845188284
MCC:0.10622177016682421
GMEAN:0.397287861834673
SAMPLES:239
AUC:{}
AVGP:{}
CLASS:1
ACC:0.8970666666666667
PREC:0.9475932782682996
REC:0.9427599886653443
TNR:0.167420814479638
FPR:0.05240672173170037
FPDR:0.05240672173170037
F1:0.9451704545454546
BACC:0
CLSFE:0.05240672173170037
MCC:0.10622177016682421
GMEAN:0.397287861834673
SAMPLES:3511
AUC:{}
AVGP:{}
