

GENERAL_METRICS
ACC:0.8994666666666666
PREC:0.5746170948616601
REC:0.5714345683713131
TNR:0.5714345683713131
FPR:0.4253829051383399
FPDR:0.4253829051383399
F1:0.5729702152955046
BACC:0.0
CLSFE:0.10053333333333334
MCC:0.1460169848279852
GMEAN:0.4299419739057963
SAMPLES:3750.0
AUC:{'AUC macro OVO': 0.5746170948616601}
AVGP:{'avg_precision': 0.9473423517016849}


METRICS_PER_CLASSES
CLASS:0
ACC:0.8994666666666666
PREC:0.20434782608695654
REC:0.1950207468879668
TNR:0.9478483898546595
FPR:0.7956521739130434
FPDR:0.7956521739130434
F1:0.19957537154989385
BACC:0
CLSFE:0.7956521739130434
MCC:0.1460169848279852
GMEAN:0.4299419739057963
SAMPLES:230
AUC:{}
AVGP:{}
CLASS:1
ACC:0.8994666666666666
PREC:0.9448863636363637
REC:0.9478483898546595
TNR:0.1950207468879668
FPR:0.055113636363636365
FPDR:0.055113636363636365
F1:0.9463650590411153
BACC:0
CLSFE:0.055113636363636365
MCC:0.1460169848279852
GMEAN:0.4299419739057963
SAMPLES:3520
AUC:{}
AVGP:{}
