NAME: MOON
DIMENSIONS: 2
SAMPLES_COUNT: 200
TOTAL_SIZE: 200
SIZES: dict_values([100, 100])
IMBALANCED: False
IMBALANCED_RATIO: {0: 1.0, 1: 1.0}
NO_LABELS: 6
MEAN: 0.5095022663747415
ST_DEV: 0.44924206748822504
NOISE: 10
