

GENERAL_METRICS
ACC:0.8978181818181818
PREC:0.5262
REC:0.5910931737139868
TNR:0.5910931737139868
FPR:0.4738
FPDR:0.4738
F1:0.5296744817898359
BACC:0.0
CLSFE:0.10218181818181818
MCC:0.0977065228386817
GMEAN:0.49540475473861667
SAMPLES:2750.0
AUC:{'AUC macro OVO': 0.5262}
AVGP:{'avg_precision': 0.9134426320604478}


METRICS_PER_CLASSES
CLASS:0
ACC:0.8978181818181818
PREC:0.072
REC:0.26865671641791045
TNR:0.9135296310100633
FPR:0.928
FPDR:0.928
F1:0.11356466876971609
BACC:0
CLSFE:0.928
MCC:0.0977065228386817
GMEAN:0.49540475473861667
SAMPLES:250
AUC:{}
AVGP:{}
CLASS:1
ACC:0.8978181818181818
PREC:0.9804
REC:0.9135296310100633
TNR:0.26865671641791045
FPR:0.0196
FPDR:0.0196
F1:0.9457842948099556
BACC:0
CLSFE:0.0196
MCC:0.0977065228386817
GMEAN:0.49540475473861667
SAMPLES:2500
AUC:{}
AVGP:{}
