

GENERAL_METRICS
ACC:0.9029090909090909
PREC:0.5100787753138948
REC:0.5566420664206642
TNR:0.5566420664206642
FPR:0.48992122468610527
FPDR:0.48992122468610527
F1:0.5026791320303087
BACC:0.0
CLSFE:0.09709090909090909
MCC:0.04778630183508984
GMEAN:0.4273836994648552
SAMPLES:2750.0
AUC:{'AUC macro OVO': 0.5100787753138947}
AVGP:{'avg_precision': 0.9132631002866579}


METRICS_PER_CLASSES
CLASS:0
ACC:0.9029090909090909
PREC:0.03292181069958848
REC:0.2
TNR:0.9132841328413284
FPR:0.9670781893004116
FPDR:0.9670781893004116
F1:0.05653710247349823
BACC:0
CLSFE:0.9670781893004116
MCC:0.04778630183508984
GMEAN:0.4273836994648552
SAMPLES:243
AUC:{}
AVGP:{}
CLASS:1
ACC:0.9029090909090909
PREC:0.987235739928201
REC:0.9132841328413284
TNR:0.2
FPR:0.012764260071798962
FPDR:0.012764260071798962
F1:0.948821161587119
BACC:0
CLSFE:0.012764260071798962
MCC:0.04778630183508984
GMEAN:0.4273836994648552
SAMPLES:2507
AUC:{}
AVGP:{}
