

GENERAL_METRICS
ACC:0.9083636363636364
PREC:0.5163406534261801
REC:0.6093730830572935
TNR:0.6093730830572935
FPR:0.48365934657382
FPDR:0.48365934657382
F1:0.5126637112381295
BACC:0.0
CLSFE:0.09163636363636364
MCC:0.08455123049115343
GMEAN:0.5267728689673435
SAMPLES:2750.0
AUC:{'AUC macro OVO': 0.51634065342618}
AVGP:{'avg_precision': 0.9156918193001949}


METRICS_PER_CLASSES
CLASS:0
ACC:0.9083636363636364
PREC:0.04184100418410042
REC:0.30303030303030304
TNR:0.9157158630842841
FPR:0.9581589958158996
FPDR:0.9581589958158996
F1:0.07352941176470588
BACC:0
CLSFE:0.9581589958158996
MCC:0.08455123049115343
GMEAN:0.5267728689673435
SAMPLES:239
AUC:{}
AVGP:{}
CLASS:1
ACC:0.9083636363636364
PREC:0.9908403026682596
REC:0.9157158630842841
TNR:0.30303030303030304
FPR:0.009159697331740343
FPDR:0.009159697331740343
F1:0.9517980107115531
BACC:0
CLSFE:0.009159697331740343
MCC:0.08455123049115343
GMEAN:0.5267728689673435
SAMPLES:2511
AUC:{}
AVGP:{}
