

GENERAL_METRICS
ACC:0.8981818181818182
PREC:0.5219651308604021
REC:0.5641262842971302
TNR:0.5641262842971302
FPR:0.4780348691395979
FPDR:0.4780348691395979
F1:0.5242967004724908
BACC:0.0
CLSFE:0.10181818181818182
MCC:0.075061101142411
GMEAN:0.43955150654533187
SAMPLES:2750.0
AUC:{'AUC macro OVO': 0.5219651308604021}
AVGP:{'avg_precision': 0.9176416600930214}


METRICS_PER_CLASSES
CLASS:0
ACC:0.8981818181818182
PREC:0.06779661016949153
REC:0.21052631578947367
TNR:0.9177262528047868
FPR:0.9322033898305084
FPDR:0.9322033898305084
F1:0.10256410256410256
BACC:0
CLSFE:0.9322033898305084
MCC:0.075061101142411
GMEAN:0.43955150654533187
SAMPLES:236
AUC:{}
AVGP:{}
CLASS:1
ACC:0.8981818181818182
PREC:0.9761336515513126
REC:0.9177262528047868
TNR:0.21052631578947367
FPR:0.02386634844868735
FPDR:0.02386634844868735
F1:0.9460292983808789
BACC:0
CLSFE:0.02386634844868735
MCC:0.075061101142411
GMEAN:0.43955150654533187
SAMPLES:2514
AUC:{}
AVGP:{}
