

GENERAL_METRICS
ACC:0.911
PREC:0.5301598998471493
REC:0.5522787244510041
TNR:0.5522787244510041
FPR:0.4698401001528507
FPDR:0.4698401001528507
F1:0.5359725546014318
BACC:0.0
CLSFE:0.089
MCC:0.0794158949727067
GMEAN:0.3942427484347836
SAMPLES:4000.0
AUC:{'AUC macro OVO': 0.5301598998471493}
AVGP:{'avg_precision': 0.9389176159401674}


METRICS_PER_CLASSES
CLASS:0
ACC:0.911
PREC:0.09266409266409266
REC:0.16551724137931034
TNR:0.9390402075226978
FPR:0.9073359073359073
FPDR:0.9073359073359073
F1:0.1188118811881188
BACC:0
CLSFE:0.9073359073359073
MCC:0.0794158949727067
GMEAN:0.3942427484347836
SAMPLES:259
AUC:{}
AVGP:{}
CLASS:1
ACC:0.911
PREC:0.9676557070302059
REC:0.9390402075226978
TNR:0.16551724137931034
FPR:0.03234429296979417
FPDR:0.03234429296979417
F1:0.9531332280147446
BACC:0
CLSFE:0.03234429296979417
MCC:0.0794158949727067
GMEAN:0.3942427484347836
SAMPLES:3741
AUC:{}
AVGP:{}
