

GENERAL_METRICS
ACC:0.92
PREC:0.5206008761749704
REC:0.541122488948576
TNR:0.541122488948576
FPR:0.47939912382502964
FPDR:0.47939912382502964
F1:0.5245340433624952
BACC:0.0
CLSFE:0.08
MCC:0.05821200229630312
GMEAN:0.36223740341567123
SAMPLES:4000.0
AUC:{'AUC macro OVO': 0.5206008761749703}
AVGP:{'avg_precision': 0.9430523348316997}


METRICS_PER_CLASSES
CLASS:0
ACC:0.92
PREC:0.06751054852320675
REC:0.1391304347826087
TNR:0.9431145431145431
FPR:0.9324894514767933
FPDR:0.9324894514767933
F1:0.09090909090909091
BACC:0
CLSFE:0.9324894514767933
MCC:0.05821200229630312
GMEAN:0.36223740341567123
SAMPLES:237
AUC:{}
AVGP:{}
CLASS:1
ACC:0.92
PREC:0.973691203826734
REC:0.9431145431145431
TNR:0.1391304347826087
FPR:0.02630879617326601
FPDR:0.02630879617326601
F1:0.9581589958158996
BACC:0
CLSFE:0.02630879617326601
MCC:0.05821200229630312
GMEAN:0.36223740341567123
SAMPLES:3763
AUC:{}
AVGP:{}
