

GENERAL_METRICS
ACC:0.8634285714285714
PREC:0.6754734765974637
REC:0.7201620597355101
TNR:0.7201620597355101
FPR:0.3245265234025363
FPDR:0.3245265234025363
F1:0.6935203646832873
BACC:0.0
CLSFE:0.13657142857142857
MCC:0.3931035590612144
GMEAN:0.696238535619392
SAMPLES:1750.0
AUC:{'AUC macro OVO': 0.6754734765974637}
AVGP:{'avg_precision': 0.9013069915078045}


METRICS_PER_CLASSES
CLASS:0
ACC:0.8634285714285714
PREC:0.41106719367588934
REC:0.5360824742268041
TNR:0.9042416452442159
FPR:0.5889328063241107
FPDR:0.5889328063241107
F1:0.465324384787472
BACC:0
CLSFE:0.5889328063241107
MCC:0.3931035590612144
GMEAN:0.696238535619392
SAMPLES:253
AUC:{}
AVGP:{}
CLASS:1
ACC:0.8634285714285714
PREC:0.9398797595190381
REC:0.9042416452442159
TNR:0.5360824742268041
FPR:0.06012024048096192
FPDR:0.06012024048096192
F1:0.9217163445791026
BACC:0
CLSFE:0.06012024048096192
MCC:0.3931035590612144
GMEAN:0.696238535619392
SAMPLES:1497
AUC:{}
AVGP:{}
