

GENERAL_METRICS
ACC:0.8548571428571429
PREC:0.6781953263238345
REC:0.6889795343018492
TNR:0.6889795343018492
FPR:0.32180467367616555
FPDR:0.32180467367616555
F1:0.683304406806711
BACC:0.0
CLSFE:0.14514285714285713
MCC:0.3670164562165805
GMEAN:0.652025134258997
SAMPLES:1750.0
AUC:{'AUC macro OVO': 0.6781953263238345}
AVGP:{'avg_precision': 0.9077982574414997}


METRICS_PER_CLASSES
CLASS:0
ACC:0.8548571428571429
PREC:0.4351464435146444
REC:0.4663677130044843
TNR:0.9115913555992141
FPR:0.5648535564853556
FPDR:0.5648535564853556
F1:0.45021645021645024
BACC:0
CLSFE:0.5648535564853556
MCC:0.3670164562165805
GMEAN:0.652025134258997
SAMPLES:239
AUC:{}
AVGP:{}
CLASS:1
ACC:0.8548571428571429
PREC:0.9212442091330245
REC:0.9115913555992141
TNR:0.4663677130044843
FPR:0.07875579086697551
FPDR:0.07875579086697551
F1:0.9163923633969717
BACC:0
CLSFE:0.07875579086697551
MCC:0.3670164562165805
GMEAN:0.652025134258997
SAMPLES:1511
AUC:{}
AVGP:{}
