

GENERAL_METRICS
ACC:0.8554285714285714
PREC:0.6603591246337053
REC:0.7054169536873421
TNR:0.7054169536873421
FPR:0.33964087536629467
FPDR:0.33964087536629467
F1:0.6780231823308722
BACC:0.0
CLSFE:0.14457142857142857
MCC:0.36299026366129755
GMEAN:0.6786537015931132
SAMPLES:1750.0
AUC:{'AUC macro OVO': 0.6603591246337053}
AVGP:{'avg_precision': 0.8950259440384499}


METRICS_PER_CLASSES
CLASS:0
ACC:0.8554285714285714
PREC:0.38372093023255816
REC:0.5129533678756477
TNR:0.8978805394990366
FPR:0.6162790697674418
FPDR:0.6162790697674418
F1:0.43902439024390244
BACC:0
CLSFE:0.6162790697674418
MCC:0.36299026366129755
GMEAN:0.6786537015931132
SAMPLES:258
AUC:{}
AVGP:{}
CLASS:1
ACC:0.8554285714285714
PREC:0.9369973190348525
REC:0.8978805394990366
TNR:0.5129533678756477
FPR:0.06300268096514745
FPDR:0.06300268096514745
F1:0.917021974417842
BACC:0
CLSFE:0.06300268096514745
MCC:0.36299026366129755
GMEAN:0.6786537015931132
SAMPLES:1492
AUC:{}
AVGP:{}
