

GENERAL_METRICS
ACC:0.8571428571428571
PREC:0.6669596248115345
REC:0.7199976040013178
TNR:0.7199976040013178
FPR:0.3330403751884655
FPDR:0.3330403751884655
F1:0.6871424485125858
BACC:0.0
CLSFE:0.14285714285714285
MCC:0.38330519132146673
GMEAN:0.6981661563769831
SAMPLES:1750.0
AUC:{'AUC macro OVO': 0.6669596248115344}
AVGP:{'avg_precision': 0.8930743126198207}


METRICS_PER_CLASSES
CLASS:0
ACC:0.8571428571428571
PREC:0.39325842696629215
REC:0.5440414507772021
TNR:0.8959537572254336
FPR:0.6067415730337079
FPDR:0.6067415730337079
F1:0.45652173913043476
BACC:0
CLSFE:0.6067415730337079
MCC:0.38330519132146673
GMEAN:0.6981661563769831
SAMPLES:267
AUC:{}
AVGP:{}
CLASS:1
ACC:0.8571428571428571
PREC:0.9406608226567768
REC:0.8959537572254336
TNR:0.5440414507772021
FPR:0.05933917734322319
FPDR:0.05933917734322319
F1:0.9177631578947368
BACC:0
CLSFE:0.05933917734322319
MCC:0.38330519132146673
GMEAN:0.6981661563769831
SAMPLES:1483
AUC:{}
AVGP:{}
