

GENERAL_METRICS
ACC:0.8596
PREC:0.5901785714285714
REC:0.6042769016338435
TNR:0.6042769016338435
FPR:0.40982142857142856
FPDR:0.40982142857142856
F1:0.5962991094657393
BACC:0.0
CLSFE:0.1404
MCC:0.19394372402671528
GMEAN:0.5186056407808015
SAMPLES:2500.0
AUC:{'AUC macro OVO': 0.5901785714285714}
AVGP:{'avg_precision': 0.9131522096157463}


METRICS_PER_CLASSES
CLASS:0
ACC:0.8596
PREC:0.25
REC:0.29411764705882354
TNR:0.9144361562088635
FPR:0.75
FPDR:0.75
F1:0.2702702702702703
BACC:0
CLSFE:0.75
MCC:0.19394372402671528
GMEAN:0.5186056407808015
SAMPLES:260
AUC:{}
AVGP:{}
CLASS:1
ACC:0.8596
PREC:0.9303571428571429
REC:0.9144361562088635
TNR:0.29411764705882354
FPR:0.06964285714285715
FPDR:0.06964285714285715
F1:0.9223279486612083
BACC:0
CLSFE:0.06964285714285715
MCC:0.19394372402671528
GMEAN:0.5186056407808015
SAMPLES:2240
AUC:{}
AVGP:{}
