

GENERAL_METRICS
ACC:0.9074285714285715
PREC:0.5256273412011118
REC:0.5501972386587771
TNR:0.5501972386587771
FPR:0.4743726587988883
FPDR:0.4743726587988883
F1:0.5305327583808597
BACC:0.0
CLSFE:0.09257142857142857
MCC:0.07173344443039427
GMEAN:0.39448865861409493
SAMPLES:3500.0
AUC:{'AUC macro OVO': 0.5256273412011117}
AVGP:{'avg_precision': 0.9336220951605567}


METRICS_PER_CLASSES
CLASS:0
ACC:0.9074285714285715
PREC:0.08196721311475409
REC:0.16666666666666666
TNR:0.9337278106508876
FPR:0.9180327868852459
FPDR:0.9180327868852459
F1:0.10989010989010989
BACC:0
CLSFE:0.9180327868852459
MCC:0.07173344443039427
GMEAN:0.39448865861409493
SAMPLES:244
AUC:{}
AVGP:{}
CLASS:1
ACC:0.9074285714285715
PREC:0.9692874692874693
REC:0.9337278106508876
TNR:0.16666666666666666
FPR:0.030712530712530713
FPDR:0.030712530712530713
F1:0.9511754068716094
BACC:0
CLSFE:0.030712530712530713
MCC:0.07173344443039427
GMEAN:0.39448865861409493
SAMPLES:3256
AUC:{}
AVGP:{}
