

GENERAL_METRICS
ACC:0.9097142857142857
PREC:0.5285694150810429
REC:0.5893389184481561
TNR:0.5893389184481561
FPR:0.471430584918957
FPDR:0.471430584918957
F1:0.5348712022191606
BACC:0.0
CLSFE:0.09028571428571429
MCC:0.10104178628739341
GMEAN:0.4839468949604489
SAMPLES:3500.0
AUC:{'AUC macro OVO': 0.528569415081043}
AVGP:{'avg_precision': 0.925584329022596}


METRICS_PER_CLASSES
CLASS:0
ACC:0.9097142857142857
PREC:0.07636363636363637
REC:0.25301204819277107
TNR:0.9256657887035411
FPR:0.9236363636363636
FPDR:0.9236363636363636
F1:0.11731843575418995
BACC:0
CLSFE:0.9236363636363636
MCC:0.10104178628739341
GMEAN:0.4839468949604489
SAMPLES:275
AUC:{}
AVGP:{}
CLASS:1
ACC:0.9097142857142857
PREC:0.9807751937984496
REC:0.9256657887035411
TNR:0.25301204819277107
FPR:0.019224806201550388
FPDR:0.019224806201550388
F1:0.9524239686841313
BACC:0
CLSFE:0.019224806201550388
MCC:0.10104178628739341
GMEAN:0.4839468949604489
SAMPLES:3225
AUC:{}
AVGP:{}
