

GENERAL_METRICS
ACC:0.9165714285714286
PREC:0.5248570252817287
REC:0.5588635824140128
TNR:0.5588635824140128
FPR:0.4751429747182712
FPDR:0.4751429747182712
F1:0.5302713027939205
BACC:0.0
CLSFE:0.08342857142857144
MCC:0.0765029033759698
GMEAN:0.4116248772149645
SAMPLES:3500.0
AUC:{'AUC macro OVO': 0.5248570252817287}
AVGP:{'avg_precision': 0.9368016029025027}


METRICS_PER_CLASSES
CLASS:0
ACC:0.9165714285714286
PREC:0.07327586206896551
REC:0.18085106382978725
TNR:0.9368761009982384
FPR:0.9267241379310345
FPDR:0.9267241379310345
F1:0.10429447852760736
BACC:0
CLSFE:0.9267241379310345
MCC:0.0765029033759698
GMEAN:0.4116248772149645
SAMPLES:232
AUC:{}
AVGP:{}
CLASS:1
ACC:0.9165714285714286
PREC:0.976438188494492
REC:0.9368761009982384
TNR:0.18085106382978725
FPR:0.023561811505507957
FPDR:0.023561811505507957
F1:0.9562481270602338
BACC:0
CLSFE:0.023561811505507957
MCC:0.0765029033759698
GMEAN:0.4116248772149645
SAMPLES:3268
AUC:{}
AVGP:{}
