

GENERAL_METRICS
ACC:0.9114285714285715
PREC:0.534995894909688
REC:0.5796188612534884
TNR:0.5796188612534884
FPR:0.465004105090312
FPDR:0.465004105090312
F1:0.5437027616706955
BACC:0.0
CLSFE:0.08857142857142856
MCC:0.10557146018230705
GMEAN:0.4595705858283864
SAMPLES:3500.0
AUC:{'AUC macro OVO': 0.534995894909688}
AVGP:{'avg_precision': 0.9327008746237203}


METRICS_PER_CLASSES
CLASS:0
ACC:0.9114285714285715
PREC:0.09523809523809523
REC:0.22641509433962265
TNR:0.9328226281673542
FPR:0.9047619047619048
FPDR:0.9047619047619048
F1:0.1340782122905028
BACC:0
CLSFE:0.9047619047619048
MCC:0.10557146018230705
GMEAN:0.4595705858283864
SAMPLES:252
AUC:{}
AVGP:{}
CLASS:1
ACC:0.9114285714285715
PREC:0.9747536945812808
REC:0.9328226281673542
TNR:0.22641509433962265
FPR:0.025246305418719212
FPDR:0.025246305418719212
F1:0.9533273110508883
BACC:0
CLSFE:0.025246305418719212
MCC:0.10557146018230705
GMEAN:0.4595705858283864
SAMPLES:3248
AUC:{}
AVGP:{}
