

GENERAL_METRICS
ACC:0.778
PREC:0.7711978898610397
REC:0.7845859141617864
TNR:0.7845859141617864
FPR:0.22880211013896037
FPDR:0.22880211013896037
F1:0.7728900255754476
BACC:0.0
CLSFE:0.222
MCC:0.5556225315980315
GMEAN:0.7840540029119185
SAMPLES:500.0
AUC:{'AUC macro OVO': 0.7711978898610397}
AVGP:{'avg_precision': 0.7004958013221368}


METRICS_PER_CLASSES
CLASS:0
ACC:0.778
PREC:0.8656716417910447
REC:0.755700325732899
TNR:0.8134715025906736
FPR:0.13432835820895522
FPDR:0.13432835820895522
F1:0.8069565217391305
BACC:0
CLSFE:0.13432835820895522
MCC:0.5556225315980315
GMEAN:0.7840540029119185
SAMPLES:268
AUC:{}
AVGP:{}
CLASS:1
ACC:0.778
PREC:0.6767241379310345
REC:0.8134715025906736
TNR:0.755700325732899
FPR:0.3232758620689655
FPDR:0.3232758620689655
F1:0.7388235294117647
BACC:0
CLSFE:0.3232758620689655
MCC:0.5556225315980315
GMEAN:0.7840540029119185
SAMPLES:232
AUC:{}
AVGP:{}
