

GENERAL_METRICS
ACC:0.752
PREC:0.7496757457846952
REC:0.7578338156262918
TNR:0.7578338156262918
FPR:0.2503242542153048
FPDR:0.2503242542153048
F1:0.7492883022774327
BACC:0.0
CLSFE:0.248
MCC:0.5074439878647022
GMEAN:0.7571404614597583
SAMPLES:500.0
AUC:{'AUC macro OVO': 0.7496757457846952}
AVGP:{'avg_precision': 0.688829268292683}


METRICS_PER_CLASSES
CLASS:0
ACC:0.752
PREC:0.8326848249027238
REC:0.7254237288135593
TNR:0.7902439024390244
FPR:0.16731517509727625
FPDR:0.16731517509727625
F1:0.7753623188405797
BACC:0
CLSFE:0.16731517509727625
MCC:0.5074439878647022
GMEAN:0.7571404614597583
SAMPLES:257
AUC:{}
AVGP:{}
CLASS:1
ACC:0.752
PREC:0.6666666666666666
REC:0.7902439024390244
TNR:0.7254237288135593
FPR:0.3333333333333333
FPDR:0.3333333333333333
F1:0.7232142857142857
BACC:0
CLSFE:0.3333333333333333
MCC:0.5074439878647022
GMEAN:0.7571404614597583
SAMPLES:243
AUC:{}
AVGP:{}
