

GENERAL_METRICS
ACC:0.778
PREC:0.7822993374083522
REC:0.7868414188836724
TNR:0.7868414188836724
FPR:0.21770066259164783
FPDR:0.21770066259164783
F1:0.7776076999827696
BACC:0.0
CLSFE:0.222
MCC:0.5691226317486674
GMEAN:0.7841511729737836
SAMPLES:500.0
AUC:{'AUC macro OVO': 0.7822993374083521}
AVGP:{'avg_precision': 0.753972398253767}


METRICS_PER_CLASSES
CLASS:0
ACC:0.778
PREC:0.8649789029535865
REC:0.721830985915493
TNR:0.8518518518518519
FPR:0.1350210970464135
FPDR:0.1350210970464135
F1:0.7869481765834933
BACC:0
CLSFE:0.1350210970464135
MCC:0.5691226317486674
GMEAN:0.7841511729737836
SAMPLES:237
AUC:{}
AVGP:{}
CLASS:1
ACC:0.778
PREC:0.6996197718631179
REC:0.8518518518518519
TNR:0.721830985915493
FPR:0.30038022813688214
FPDR:0.30038022813688214
F1:0.7682672233820459
BACC:0
CLSFE:0.30038022813688214
MCC:0.5691226317486674
GMEAN:0.7841511729737836
SAMPLES:263
AUC:{}
AVGP:{}
