

GENERAL_METRICS
ACC:0.736
PREC:0.736922116784817
REC:0.7421929953705976
TNR:0.7421929953705976
FPR:0.263077883215183
FPDR:0.263077883215183
F1:0.7347735930944688
BACC:0.0
CLSFE:0.264
MCC:0.47908611807756385
GMEAN:0.7410124660882362
SAMPLES:500.0
AUC:{'AUC macro OVO': 0.736922116784817}
AVGP:{'avg_precision': 0.6895267679860454}


METRICS_PER_CLASSES
CLASS:0
ACC:0.736
PREC:0.8137651821862348
REC:0.7003484320557491
TNR:0.784037558685446
FPR:0.1862348178137652
FPDR:0.1862348178137652
F1:0.7528089887640449
BACC:0
CLSFE:0.1862348178137652
MCC:0.47908611807756385
GMEAN:0.7410124660882362
SAMPLES:247
AUC:{}
AVGP:{}
CLASS:1
ACC:0.736
PREC:0.6600790513833992
REC:0.784037558685446
TNR:0.7003484320557491
FPR:0.33992094861660077
FPDR:0.33992094861660077
F1:0.7167381974248928
BACC:0
CLSFE:0.33992094861660077
MCC:0.47908611807756385
GMEAN:0.7410124660882362
SAMPLES:253
AUC:{}
AVGP:{}
