

GENERAL_METRICS
ACC:0.922
PREC:0.5036363636363637
REC:0.9609777015437393
TNR:0.9609777015437393
FPR:0.49636363636363634
FPDR:0.49636363636363634
F1:0.4869167806404116
BACC:0.0
CLSFE:0.078
MCC:0.0818848594324529
GMEAN:0.9601850879322583
SAMPLES:3500.0
AUC:{'AUC macro OVO': 0.5036363636363637}
AVGP:{'avg_precision': 0.9219554030874786}


METRICS_PER_CLASSES
CLASS:0
ACC:0.922
PREC:0.007272727272727273
REC:1.0
TNR:0.9219554030874786
FPR:0.9927272727272727
FPDR:0.9927272727272727
F1:0.01444043321299639
BACC:0
CLSFE:0.9927272727272727
MCC:0.0818848594324529
GMEAN:0.9601850879322583
SAMPLES:275
AUC:{}
AVGP:{}
CLASS:1
ACC:0.922
PREC:1.0
REC:0.9219554030874786
TNR:1.0
FPR:0.0
FPDR:0.0
F1:0.9593931280678268
BACC:0
CLSFE:0.0
MCC:0.0818848594324529
GMEAN:0.9601850879322583
SAMPLES:3225
AUC:{}
AVGP:{}
