

GENERAL_METRICS
ACC:0.926
PREC:0.5007525998905309
REC:0.5196059709093224
TNR:0.5196059709093224
FPR:0.4992474001094691
FPDR:0.4992474001094691
F1:0.48461491665998624
BACC:0.0
CLSFE:0.074
MCC:0.007682565082082554
GMEAN:0.32112663315748086
SAMPLES:3500.0
AUC:{'AUC macro OVO': 0.5007525998905309}
AVGP:{'avg_precision': 0.9281005823560373}


METRICS_PER_CLASSES
CLASS:0
ACC:0.926
PREC:0.003968253968253968
REC:0.1111111111111111
TNR:0.9281008307075337
FPR:0.996031746031746
FPDR:0.996031746031746
F1:0.007662835249042145
BACC:0
CLSFE:0.996031746031746
MCC:0.007682565082082554
GMEAN:0.32112663315748086
SAMPLES:252
AUC:{}
AVGP:{}
CLASS:1
ACC:0.926
PREC:0.9975369458128078
REC:0.9281008307075337
TNR:0.1111111111111111
FPR:0.0024630541871921183
FPDR:0.0024630541871921183
F1:0.9615669980709304
BACC:0
CLSFE:0.0024630541871921183
MCC:0.007682565082082554
GMEAN:0.32112663315748086
SAMPLES:3248
AUC:{}
AVGP:{}
