

GENERAL_METRICS
ACC:0.9291428571428572
PREC:0.49938574938574937
REC:0.46510297482837526
TNR:0.46510297482837526
FPR:0.5006142506142506
FPDR:0.5006142506142506
F1:0.4816350710900474
BACC:0.0
CLSFE:0.07085714285714285
MCC:-0.009259701754849262
GMEAN:0.0
SAMPLES:3500.0
AUC:{'AUC macro OVO': 0.49938574938574937}
AVGP:{'avg_precision': 0.9302060476476952}


METRICS_PER_CLASSES
CLASS:0
ACC:0.9291428571428572
PREC:0.0
REC:0.0
TNR:0.9302059496567505
FPR:1.0
FPDR:1.0
F1:0.0
BACC:0
CLSFE:1.0
MCC:-0.009259701754849262
GMEAN:0
SAMPLES:244
AUC:{}
AVGP:{}
CLASS:1
ACC:0.9291428571428572
PREC:0.9987714987714987
REC:0.9302059496567505
TNR:0.0
FPR:0.0012285012285012285
FPDR:0.0012285012285012285
F1:0.9632701421800948
BACC:0
CLSFE:0.0012285012285012285
MCC:-0.009259701754849262
GMEAN:0
SAMPLES:3256
AUC:{}
AVGP:{}
