

GENERAL_METRICS
ACC:0.9325714285714286
PREC:0.49938800489596086
REC:0.4668192219679634
TNR:0.4668192219679634
FPR:0.5006119951040392
FPDR:0.5006119951040392
F1:0.48255470136014195
BACC:0.0
CLSFE:0.06742857142857143
MCC:-0.009012540974401564
GMEAN:0.0
SAMPLES:3500.0
AUC:{'AUC macro OVO': 0.49938800489596086}
AVGP:{'avg_precision': 0.9336385367655209}


METRICS_PER_CLASSES
CLASS:0
ACC:0.9325714285714286
PREC:0.0
REC:0.0
TNR:0.9336384439359268
FPR:1.0
FPDR:1.0
F1:0.0
BACC:0
CLSFE:1.0
MCC:-0.009012540974401564
GMEAN:0
SAMPLES:232
AUC:{}
AVGP:{}
CLASS:1
ACC:0.9325714285714286
PREC:0.9987760097919217
REC:0.9336384439359268
TNR:0.0
FPR:0.0012239902080783353
FPDR:0.0012239902080783353
F1:0.9651094027202839
BACC:0
CLSFE:0.0012239902080783353
MCC:-0.009012540974401564
GMEAN:0
SAMPLES:3268
AUC:{}
AVGP:{}
