

GENERAL_METRICS
ACC:0.769
PREC:0.6576315190632822
REC:0.6972508235233208
TNR:0.6972508235233208
FPR:0.3423684809367178
FPDR:0.3423684809367178
F1:0.6703724790986185
BACC:0.0
CLSFE:0.231
MCC:0.35266384531712036
GMEAN:0.687517079917436
SAMPLES:1000.0
AUC:{'AUC macro OVO': 0.6576315190632822}
AVGP:{'avg_precision': 0.8051818130047802}


METRICS_PER_CLASSES
CLASS:0
ACC:0.769
PREC:0.42366412213740456
REC:0.581151832460733
TNR:0.8133498145859085
FPR:0.5763358778625954
FPDR:0.5763358778625954
F1:0.4900662251655629
BACC:0
CLSFE:0.5763358778625954
MCC:0.35266384531712036
GMEAN:0.687517079917436
SAMPLES:262
AUC:{}
AVGP:{}
CLASS:1
ACC:0.769
PREC:0.8915989159891599
REC:0.8133498145859085
TNR:0.581151832460733
FPR:0.10840108401084012
FPDR:0.10840108401084012
F1:0.8506787330316742
BACC:0
CLSFE:0.10840108401084012
MCC:0.35266384531712036
GMEAN:0.687517079917436
SAMPLES:738
AUC:{}
AVGP:{}
