

GENERAL_METRICS
ACC:0.755
PREC:0.6473333333333333
REC:0.6659368448873431
TNR:0.6659368448873431
FPR:0.35266666666666663
FPDR:0.35266666666666663
F1:0.6546761778713676
BACC:0.0
CLSFE:0.245
MCC:0.312717306716904
GMEAN:0.6478646574862968
SAMPLES:1000.0
AUC:{'AUC macro OVO': 0.6473333333333333}
AVGP:{'avg_precision': 0.8104085340092945}


METRICS_PER_CLASSES
CLASS:0
ACC:0.755
PREC:0.432
REC:0.5118483412322274
TNR:0.8200253485424588
FPR:0.568
FPDR:0.568
F1:0.4685466377440347
BACC:0
CLSFE:0.568
MCC:0.312717306716904
GMEAN:0.6478646574862968
SAMPLES:250
AUC:{}
AVGP:{}
CLASS:1
ACC:0.755
PREC:0.8626666666666667
REC:0.8200253485424588
TNR:0.5118483412322274
FPR:0.13733333333333334
FPDR:0.13733333333333334
F1:0.8408057179987004
BACC:0
CLSFE:0.13733333333333334
MCC:0.312717306716904
GMEAN:0.6478646574862968
SAMPLES:750
AUC:{}
AVGP:{}
