

GENERAL_METRICS
ACC:0.77
PREC:0.6607708061813442
REC:0.6988053516154613
TNR:0.6988053516154613
FPR:0.33922919381865574
FPDR:0.33922919381865574
F1:0.6733251522588856
BACC:0.0
CLSFE:0.23
MCC:0.3575589274644577
GMEAN:0.6890544164625444
SAMPLES:1000.0
AUC:{'AUC macro OVO': 0.6607708061813442}
AVGP:{'avg_precision': 0.8066702777945893}


METRICS_PER_CLASSES
CLASS:0
ACC:0.77
PREC:0.4312977099236641
REC:0.5824742268041238
TNR:0.815136476426799
FPR:0.5687022900763359
FPDR:0.5687022900763359
F1:0.4956140350877193
BACC:0
CLSFE:0.5687022900763359
MCC:0.3575589274644577
GMEAN:0.6890544164625444
SAMPLES:262
AUC:{}
AVGP:{}
CLASS:1
ACC:0.77
PREC:0.8902439024390244
REC:0.815136476426799
TNR:0.5824742268041238
FPR:0.10975609756097561
FPDR:0.10975609756097561
F1:0.8510362694300518
BACC:0
CLSFE:0.10975609756097561
MCC:0.3575589274644577
GMEAN:0.6890544164625444
SAMPLES:738
AUC:{}
AVGP:{}
