

GENERAL_METRICS
ACC:0.779
PREC:0.6609790015296899
REC:0.686545998349835
TNR:0.686545998349835
FPR:0.33902099847031014
FPDR:0.33902099847031014
F1:0.6709698647105502
BACC:0.0
CLSFE:0.221
MCC:0.34658325726275707
GMEAN:0.6699396246379714
SAMPLES:1000.0
AUC:{'AUC macro OVO': 0.6609790015296899}
AVGP:{'avg_precision': 0.8282998123341745}


METRICS_PER_CLASSES
CLASS:0
ACC:0.779
PREC:0.43829787234042555
REC:0.5364583333333334
TNR:0.8366336633663366
FPR:0.5617021276595745
FPDR:0.5617021276595745
F1:0.48243559718969553
BACC:0
CLSFE:0.5617021276595745
MCC:0.34658325726275707
GMEAN:0.6699396246379714
SAMPLES:235
AUC:{}
AVGP:{}
CLASS:1
ACC:0.779
PREC:0.8836601307189542
REC:0.8366336633663366
TNR:0.5364583333333334
FPR:0.11633986928104575
FPDR:0.11633986928104575
F1:0.859504132231405
BACC:0
CLSFE:0.11633986928104575
MCC:0.34658325726275707
GMEAN:0.6699396246379714
SAMPLES:765
AUC:{}
AVGP:{}
