

GENERAL_METRICS
ACC:0.8573333333333333
PREC:0.5785935358525234
REC:0.6200105789381392
TNR:0.6200105789381392
FPR:0.4214064641474765
FPDR:0.4214064641474765
F1:0.5915510879246724
BACC:0.0
CLSFE:0.14266666666666666
MCC:0.19423754259624199
GMEAN:0.5538440309782449
SAMPLES:2250.0
AUC:{'AUC macro OVO': 0.5785935358525234}
AVGP:{'avg_precision': 0.8977150744388191}


METRICS_PER_CLASSES
CLASS:0
ACC:0.8573333333333333
PREC:0.2126865671641791
REC:0.3413173652694611
TNR:0.8987037926068171
FPR:0.7873134328358209
FPDR:0.7873134328358209
F1:0.2620689655172414
BACC:0
CLSFE:0.7873134328358209
MCC:0.19423754259624199
GMEAN:0.5538440309782449
SAMPLES:268
AUC:{}
AVGP:{}
CLASS:1
ACC:0.8573333333333333
PREC:0.9445005045408678
REC:0.8987037926068171
TNR:0.3413173652694611
FPR:0.055499495459132187
FPDR:0.055499495459132187
F1:0.9210332103321033
BACC:0
CLSFE:0.055499495459132187
MCC:0.19423754259624199
GMEAN:0.5538440309782449
SAMPLES:1982
AUC:{}
AVGP:{}
