

GENERAL_METRICS
ACC:0.8586666666666667
PREC:0.5597740597740598
REC:0.5932388222464557
TNR:0.5932388222464557
FPR:0.4402259402259402
FPDR:0.4402259402259402
F1:0.5695370613248752
BACC:0.0
CLSFE:0.14133333333333334
MCC:0.1493085789125673
GMEAN:0.5073075592291484
SAMPLES:2250.0
AUC:{'AUC macro OVO': 0.5597740597740598}
AVGP:{'avg_precision': 0.9000606713583812}


METRICS_PER_CLASSES
CLASS:0
ACC:0.8586666666666667
PREC:0.1746031746031746
REC:0.2857142857142857
TNR:0.9007633587786259
FPR:0.8253968253968254
FPDR:0.8253968253968254
F1:0.21674876847290642
BACC:0
CLSFE:0.8253968253968254
MCC:0.1493085789125673
GMEAN:0.5073075592291484
SAMPLES:252
AUC:{}
AVGP:{}
CLASS:1
ACC:0.8586666666666667
PREC:0.944944944944945
REC:0.9007633587786259
TNR:0.2857142857142857
FPR:0.055055055055055056
FPDR:0.055055055055055056
F1:0.9223253541768441
BACC:0
CLSFE:0.055055055055055056
MCC:0.1493085789125673
GMEAN:0.5073075592291484
SAMPLES:1998
AUC:{}
AVGP:{}
