

GENERAL_METRICS
ACC:0.8662222222222222
PREC:0.565547263681592
REC:0.601006551689991
TNR:0.601006551689991
FPR:0.434452736318408
FPDR:0.434452736318408
F1:0.5765014423025815
BACC:0.0
CLSFE:0.13377777777777777
MCC:0.16273540582420531
GMEAN:0.5174491380388501
SAMPLES:2250.0
AUC:{'AUC macro OVO': 0.565547263681592}
AVGP:{'avg_precision': 0.9060122519245751}


METRICS_PER_CLASSES
CLASS:0
ACC:0.8662222222222222
PREC:0.18333333333333332
REC:0.2953020134228188
TNR:0.9067110899571632
FPR:0.8166666666666667
FPDR:0.8166666666666667
F1:0.2262210796915167
BACC:0
CLSFE:0.8166666666666667
MCC:0.16273540582420531
GMEAN:0.5174491380388501
SAMPLES:240
AUC:{}
AVGP:{}
CLASS:1
ACC:0.8662222222222222
PREC:0.9477611940298507
REC:0.9067110899571632
TNR:0.2953020134228188
FPR:0.05223880597014925
FPDR:0.05223880597014925
F1:0.9267818049136464
BACC:0
CLSFE:0.05223880597014925
MCC:0.16273540582420531
GMEAN:0.5174491380388501
SAMPLES:2010
AUC:{}
AVGP:{}
