

GENERAL_METRICS
ACC:0.8648888888888889
PREC:0.5688056534741133
REC:0.5996805189147325
TNR:0.5996805189147325
FPR:0.43119434652588673
FPDR:0.43119434652588673
F1:0.5791245791245792
BACC:0.0
CLSFE:0.1351111111111111
MCC:0.16563312763534807
GMEAN:0.5142168844796434
SAMPLES:2250.0
AUC:{'AUC macro OVO': 0.5688056534741133}
AVGP:{'avg_precision': 0.907442496919904}


METRICS_PER_CLASSES
CLASS:0
ACC:0.8648888888888889
PREC:0.19327731092436976
REC:0.2911392405063291
TNR:0.9082217973231358
FPR:0.8067226890756303
FPDR:0.8067226890756303
F1:0.23232323232323232
BACC:0
CLSFE:0.8067226890756303
MCC:0.16563312763534807
GMEAN:0.5142168844796434
SAMPLES:238
AUC:{}
AVGP:{}
CLASS:1
ACC:0.8648888888888889
PREC:0.9443339960238568
REC:0.9082217973231358
TNR:0.2911392405063291
FPR:0.055666003976143144
FPDR:0.055666003976143144
F1:0.9259259259259259
BACC:0
CLSFE:0.055666003976143144
MCC:0.16563312763534807
GMEAN:0.5142168844796434
SAMPLES:2012
AUC:{}
AVGP:{}
