

GENERAL_METRICS
ACC:0.846
PREC:0.8482971640740029
REC:0.8769202791873777
TNR:0.8769202791873777
FPR:0.15170283592599704
FPDR:0.15170283592599704
F1:0.8433526599532093
BACC:0.0
CLSFE:0.154
MCC:0.7246523699621635
GMEAN:0.8697347042689308
SAMPLES:500.0
AUC:{'AUC macro OVO': 0.848297164074003}
AVGP:{'avg_precision': 0.8469373993996607}


METRICS_PER_CLASSES
CLASS:0
ACC:0.846
PREC:0.991869918699187
REC:0.7648902821316614
TNR:0.988950276243094
FPR:0.008130081300813009
FPDR:0.008130081300813009
F1:0.863716814159292
BACC:0
CLSFE:0.008130081300813009
MCC:0.7246523699621635
GMEAN:0.8697347042689308
SAMPLES:246
AUC:{}
AVGP:{}
CLASS:1
ACC:0.846
PREC:0.7047244094488189
REC:0.988950276243094
TNR:0.7648902821316614
FPR:0.2952755905511811
FPDR:0.2952755905511811
F1:0.8229885057471265
BACC:0
CLSFE:0.2952755905511811
MCC:0.7246523699621635
GMEAN:0.8697347042689308
SAMPLES:254
AUC:{}
AVGP:{}
