

GENERAL_METRICS
ACC:0.834
PREC:0.8267125154298722
REC:0.8746323529411765
TNR:0.8746323529411765
FPR:0.17328748457012777
FPDR:0.17328748457012777
F1:0.826938394238508
BACC:0.0
CLSFE:0.166
MCC:0.6997058764676011
GMEAN:0.8673192301908355
SAMPLES:500.0
AUC:{'AUC macro OVO': 0.8267125154298723}
AVGP:{'avg_precision': 0.8148242677824268}


METRICS_PER_CLASSES
CLASS:0
ACC:0.834
PREC:0.9923371647509579
REC:0.7617647058823529
TNR:0.9875
FPR:0.007662835249042145
FPDR:0.007662835249042145
F1:0.8618968386023295
BACC:0
CLSFE:0.007662835249042145
MCC:0.6997058764676011
GMEAN:0.8673192301908355
SAMPLES:261
AUC:{}
AVGP:{}
CLASS:1
ACC:0.834
PREC:0.6610878661087866
REC:0.9875
TNR:0.7617647058823529
FPR:0.3389121338912134
FPDR:0.3389121338912134
F1:0.7919799498746867
BACC:0
CLSFE:0.3389121338912134
MCC:0.6997058764676011
GMEAN:0.8673192301908355
SAMPLES:239
AUC:{}
AVGP:{}
