

GENERAL_METRICS
ACC:0.822
PREC:0.8262878096427599
REC:0.8555202735710796
TNR:0.8555202735710796
FPR:0.1737121903572401
FPDR:0.1737121903572401
F1:0.8189400874783848
BACC:0.0
CLSFE:0.178
MCC:0.6811811252437999
GMEAN:0.8475661295249644
SAMPLES:500.0
AUC:{'AUC macro OVO': 0.8262878096427599}
AVGP:{'avg_precision': 0.8222429939229661}


METRICS_PER_CLASSES
CLASS:0
ACC:0.822
PREC:0.9794238683127572
REC:0.7391304347826086
TNR:0.9719101123595506
FPR:0.0205761316872428
FPDR:0.0205761316872428
F1:0.8424778761061947
BACC:0
CLSFE:0.0205761316872428
MCC:0.6811811252437999
GMEAN:0.8475661295249644
SAMPLES:243
AUC:{}
AVGP:{}
CLASS:1
ACC:0.822
PREC:0.6731517509727627
REC:0.9719101123595506
TNR:0.7391304347826086
FPR:0.32684824902723736
FPDR:0.32684824902723736
F1:0.7954022988505747
BACC:0
CLSFE:0.32684824902723736
MCC:0.6811811252437999
GMEAN:0.8475661295249644
SAMPLES:257
AUC:{}
AVGP:{}
