

GENERAL_METRICS
ACC:0.818
PREC:0.8083099156965075
REC:0.8529411764705882
TNR:0.8529411764705882
FPR:0.19169008430349257
FPDR:0.19169008430349257
F1:0.8096035150120305
BACC:0.0
CLSFE:0.182
MCC:0.6597431753750037
GMEAN:0.8474008704822751
SAMPLES:500.0
AUC:{'AUC macro OVO': 0.8083099156965075}
AVGP:{'avg_precision': 0.780468085106383}


METRICS_PER_CLASSES
CLASS:0
ACC:0.818
PREC:0.969811320754717
REC:0.7558823529411764
TNR:0.95
FPR:0.03018867924528302
FPDR:0.03018867924528302
F1:0.8495867768595041
BACC:0
CLSFE:0.03018867924528302
MCC:0.6597431753750037
GMEAN:0.8474008704822751
SAMPLES:265
AUC:{}
AVGP:{}
CLASS:1
ACC:0.818
PREC:0.6468085106382979
REC:0.95
TNR:0.7558823529411764
FPR:0.35319148936170214
FPDR:0.35319148936170214
F1:0.769620253164557
BACC:0
CLSFE:0.35319148936170214
MCC:0.6597431753750037
GMEAN:0.8474008704822751
SAMPLES:235
AUC:{}
AVGP:{}
