

GENERAL_METRICS
ACC:0.8742222222222222
PREC:0.6378732654495529
REC:0.6624003407605988
TNR:0.6624003407605988
FPR:0.36212673455044697
FPDR:0.36212673455044697
F1:0.6485327795965206
BACC:0.0
CLSFE:0.12577777777777777
MCC:0.29927021429326306
GMEAN:0.6098958288480091
SAMPLES:2250.0
AUC:{'AUC macro OVO': 0.6378732654495529}
AVGP:{'avg_precision': 0.9190921911570828}


METRICS_PER_CLASSES
CLASS:0
ACC:0.8742222222222222
PREC:0.3360655737704918
REC:0.4039408866995074
TNR:0.9208597948216902
FPR:0.6639344262295082
FPDR:0.6639344262295082
F1:0.3668903803131991
BACC:0
CLSFE:0.6639344262295082
MCC:0.29927021429326306
GMEAN:0.6098958288480091
SAMPLES:244
AUC:{}
AVGP:{}
CLASS:1
ACC:0.8742222222222222
PREC:0.9396809571286141
REC:0.9208597948216902
TNR:0.4039408866995074
FPR:0.06031904287138584
FPDR:0.06031904287138584
F1:0.9301751788798421
BACC:0
CLSFE:0.06031904287138584
MCC:0.29927021429326306
GMEAN:0.6098958288480091
SAMPLES:2006
AUC:{}
AVGP:{}
