

GENERAL_METRICS
ACC:0.8613333333333333
PREC:0.615686274509804
REC:0.6379671284129883
TNR:0.6379671284129883
FPR:0.38431372549019605
FPDR:0.38431372549019605
F1:0.6251409726256792
BACC:0.0
CLSFE:0.13866666666666666
MCC:0.2526729355583168
GMEAN:0.5759728191786367
SAMPLES:2250.0
AUC:{'AUC macro OVO': 0.615686274509804}
AVGP:{'avg_precision': 0.91058914475475}


METRICS_PER_CLASSES
CLASS:0
ACC:0.8613333333333333
PREC:0.2980392156862745
REC:0.36363636363636365
TNR:0.912297893189613
FPR:0.7019607843137254
FPDR:0.7019607843137254
F1:0.3275862068965517
BACC:0
CLSFE:0.7019607843137254
MCC:0.2526729355583168
GMEAN:0.5759728191786367
SAMPLES:255
AUC:{}
AVGP:{}
CLASS:1
ACC:0.8613333333333333
PREC:0.9333333333333333
REC:0.912297893189613
TNR:0.36363636363636365
FPR:0.06666666666666667
FPDR:0.06666666666666667
F1:0.9226957383548068
BACC:0
CLSFE:0.06666666666666667
MCC:0.2526729355583168
GMEAN:0.5759728191786367
SAMPLES:1995
AUC:{}
AVGP:{}
