

GENERAL_METRICS
ACC:0.8935
PREC:0.7280619384298129
REC:0.7561105784017513
TNR:0.7561105784017513
FPR:0.2719380615701871
FPDR:0.2719380615701871
F1:0.7408404434913538
BACC:0.0
CLSFE:0.1065
MCC:0.48335938994782746
GMEAN:0.7354693019895142
SAMPLES:2000.0
AUC:{'AUC macro OVO': 0.7280619384298129}
AVGP:{'avg_precision': 0.9286893427781918}


METRICS_PER_CLASSES
CLASS:0
ACC:0.8935
PREC:0.5080645161290323
REC:0.5806451612903226
TNR:0.93157599551318
FPR:0.49193548387096775
FPDR:0.49193548387096775
F1:0.5419354838709678
BACC:0
CLSFE:0.49193548387096775
MCC:0.48335938994782746
GMEAN:0.7354693019895142
SAMPLES:248
AUC:{}
AVGP:{}
CLASS:1
ACC:0.8935
PREC:0.9480593607305936
REC:0.93157599551318
TNR:0.5806451612903226
FPR:0.05194063926940639
FPDR:0.05194063926940639
F1:0.9397454031117397
BACC:0
CLSFE:0.05194063926940639
MCC:0.48335938994782746
GMEAN:0.7354693019895142
SAMPLES:1752
AUC:{}
AVGP:{}
