

GENERAL_METRICS
ACC:0.885
PREC:0.682170414631097
REC:0.7256214959141518
TNR:0.7256214959141518
FPR:0.31782958536890304
FPDR:0.31782958536890304
F1:0.7003452543808221
BACC:0.0
CLSFE:0.115
MCC:0.4054704006971133
GMEAN:0.6985027308001955
SAMPLES:2000.0
AUC:{'AUC macro OVO': 0.682170414631097}
AVGP:{'avg_precision': 0.9199848850229583}


METRICS_PER_CLASSES
CLASS:0
ACC:0.885
PREC:0.4149377593360996
REC:0.5291005291005291
TNR:0.9221424627277747
FPR:0.5850622406639004
FPDR:0.5850622406639004
F1:0.46511627906976744
BACC:0
CLSFE:0.5850622406639004
MCC:0.4054704006971133
GMEAN:0.6985027308001955
SAMPLES:241
AUC:{}
AVGP:{}
CLASS:1
ACC:0.885
PREC:0.9494030699260944
REC:0.9221424627277747
TNR:0.5291005291005291
FPR:0.05059693007390563
FPDR:0.05059693007390563
F1:0.9355742296918768
BACC:0
CLSFE:0.05059693007390563
MCC:0.4054704006971133
GMEAN:0.6985027308001955
SAMPLES:1759
AUC:{}
AVGP:{}
