

GENERAL_METRICS
ACC:0.884
PREC:0.717329128378011
REC:0.748272546344954
TNR:0.748272546344954
FPR:0.282670871621989
FPDR:0.282670871621989
F1:0.7311603674759666
BACC:0.0
CLSFE:0.116
MCC:0.46457230264981664
GMEAN:0.7273799546493738
SAMPLES:2000.0
AUC:{'AUC macro OVO': 0.717329128378011}
AVGP:{'avg_precision': 0.9207070246785354}


METRICS_PER_CLASSES
CLASS:0
ACC:0.884
PREC:0.49056603773584906
REC:0.5726872246696035
TNR:0.9238578680203046
FPR:0.5094339622641509
FPDR:0.5094339622641509
F1:0.5284552845528455
BACC:0
CLSFE:0.5094339622641509
MCC:0.46457230264981664
GMEAN:0.7273799546493738
SAMPLES:265
AUC:{}
AVGP:{}
CLASS:1
ACC:0.884
PREC:0.9440922190201729
REC:0.9238578680203046
TNR:0.5726872246696035
FPR:0.05590778097982709
FPDR:0.05590778097982709
F1:0.9338654503990877
BACC:0
CLSFE:0.05590778097982709
MCC:0.46457230264981664
GMEAN:0.7273799546493738
SAMPLES:1735
AUC:{}
AVGP:{}
