

GENERAL_METRICS
ACC:0.871
PREC:0.6929886599732528
REC:0.7127548207359046
TNR:0.7127548207359046
FPR:0.3070113400267472
FPDR:0.3070113400267472
F1:0.7020723294479562
BACC:0.0
CLSFE:0.129
MCC:0.4052617315102517
GMEAN:0.6822409459507801
SAMPLES:2000.0
AUC:{'AUC macro OVO': 0.6929886599732529}
AVGP:{'avg_precision': 0.9157936872500865}


METRICS_PER_CLASSES
CLASS:0
ACC:0.871
PREC:0.4521072796934866
REC:0.5064377682403434
TNR:0.9190718732314658
FPR:0.5478927203065134
FPDR:0.5478927203065134
F1:0.4777327935222672
BACC:0
CLSFE:0.5478927203065134
MCC:0.4052617315102517
GMEAN:0.6822409459507801
SAMPLES:261
AUC:{}
AVGP:{}
CLASS:1
ACC:0.871
PREC:0.933870040253019
REC:0.9190718732314658
TNR:0.5064377682403434
FPR:0.06612995974698102
FPDR:0.06612995974698102
F1:0.9264118653736452
BACC:0
CLSFE:0.06612995974698102
MCC:0.4052617315102517
GMEAN:0.6822409459507801
SAMPLES:1739
AUC:{}
AVGP:{}
