

GENERAL_METRICS
ACC:0.801
PREC:0.7104149689713534
REC:0.7419584452093057
TNR:0.7419584452093057
FPR:0.28958503102864663
FPDR:0.28958503102864663
F1:0.7228562793942948
BACC:0.0
CLSFE:0.199
MCC:0.45127232904787307
GMEAN:0.7348932689169247
SAMPLES:1000.0
AUC:{'AUC macro OVO': 0.7104149689713534}
AVGP:{'avg_precision': 0.833648119869226}


METRICS_PER_CLASSES
CLASS:0
ACC:0.801
PREC:0.5232558139534884
REC:0.6398104265402843
TNR:0.844106463878327
FPR:0.47674418604651164
FPDR:0.47674418604651164
F1:0.5756929637526652
BACC:0
CLSFE:0.47674418604651164
MCC:0.45127232904787307
GMEAN:0.7348932689169247
SAMPLES:258
AUC:{}
AVGP:{}
CLASS:1
ACC:0.801
PREC:0.8975741239892183
REC:0.844106463878327
TNR:0.6398104265402843
FPR:0.10242587601078167
FPDR:0.10242587601078167
F1:0.8700195950359242
BACC:0
CLSFE:0.10242587601078167
MCC:0.45127232904787307
GMEAN:0.7348932689169247
SAMPLES:742
AUC:{}
AVGP:{}
