

GENERAL_METRICS
ACC:0.804
PREC:0.706698427402457
REC:0.7291824606881709
TNR:0.7291824606881709
FPR:0.29330157259754297
FPDR:0.29330157259754297
F1:0.716297274137891
BACC:0.0
CLSFE:0.196
MCC:0.435300605156806
GMEAN:0.7179950291618681
SAMPLES:1000.0
AUC:{'AUC macro OVO': 0.706698427402457}
AVGP:{'avg_precision': 0.846262149850916}


METRICS_PER_CLASSES
CLASS:0
ACC:0.804
PREC:0.5210084033613446
REC:0.6019417475728155
TNR:0.8564231738035264
FPR:0.4789915966386555
FPDR:0.4789915966386555
F1:0.5585585585585585
BACC:0
CLSFE:0.4789915966386555
MCC:0.435300605156806
GMEAN:0.7179950291618681
SAMPLES:238
AUC:{}
AVGP:{}
CLASS:1
ACC:0.804
PREC:0.8923884514435696
REC:0.8564231738035264
TNR:0.6019417475728155
FPR:0.10761154855643044
FPDR:0.10761154855643044
F1:0.8740359897172236
BACC:0
CLSFE:0.10761154855643044
MCC:0.435300605156806
GMEAN:0.7179950291618681
SAMPLES:762
AUC:{}
AVGP:{}
