

GENERAL_METRICS
ACC:0.823
PREC:0.7403765258663111
REC:0.770082756652636
TNR:0.770082756652636
FPR:0.2596234741336889
FPDR:0.2596234741336889
F1:0.7527625640617339
BACC:0.0
CLSFE:0.177
MCC:0.5095941708479679
GMEAN:0.7645056306152026
SAMPLES:1000.0
AUC:{'AUC macro OVO': 0.7403765258663111}
AVGP:{'avg_precision': 0.851917931267053}


METRICS_PER_CLASSES
CLASS:0
ACC:0.823
PREC:0.5731225296442688
REC:0.677570093457944
TNR:0.8625954198473282
FPR:0.4268774703557312
FPDR:0.4268774703557312
F1:0.6209850107066381
BACC:0
CLSFE:0.4268774703557312
MCC:0.5095941708479679
GMEAN:0.7645056306152026
SAMPLES:253
AUC:{}
AVGP:{}
CLASS:1
ACC:0.823
PREC:0.9076305220883534
REC:0.8625954198473282
TNR:0.677570093457944
FPR:0.09236947791164658
FPDR:0.09236947791164658
F1:0.8845401174168297
BACC:0
CLSFE:0.09236947791164658
MCC:0.5095941708479679
GMEAN:0.7645056306152026
SAMPLES:747
AUC:{}
AVGP:{}
