

GENERAL_METRICS
ACC:0.822
PREC:0.7289473684210527
REC:0.7590635003349959
TNR:0.7590635003349959
FPR:0.2710526315789474
FPDR:0.2710526315789474
F1:0.7415180153230444
BACC:0.0
CLSFE:0.178
MCC:0.48708071879574044
GMEAN:0.7516823979945091
SAMPLES:1000.0
AUC:{'AUC macro OVO': 0.7289473684210527}
AVGP:{'avg_precision': 0.8550217649386624}


METRICS_PER_CLASSES
CLASS:0
ACC:0.822
PREC:0.55
REC:0.6534653465346535
TNR:0.8646616541353384
FPR:0.45
FPDR:0.45
F1:0.5972850678733032
BACC:0
CLSFE:0.45
MCC:0.48708071879574044
GMEAN:0.7516823979945091
SAMPLES:240
AUC:{}
AVGP:{}
CLASS:1
ACC:0.822
PREC:0.9078947368421053
REC:0.8646616541353384
TNR:0.6534653465346535
FPR:0.09210526315789473
FPDR:0.09210526315789473
F1:0.8857509627727856
BACC:0
CLSFE:0.09210526315789473
MCC:0.48708071879574044
GMEAN:0.7516823979945091
SAMPLES:760
AUC:{}
AVGP:{}
