

GENERAL_METRICS
ACC:0.759
PREC:0.6939376073150045
REC:0.6898116512029318
TNR:0.6898116512029318
FPR:0.3060623926849956
FPDR:0.3060623926849956
F1:0.6917807781192489
BACC:0.0
CLSFE:0.241
MCC:0.3837270773599735
GMEAN:0.6730669343328459
SAMPLES:1000.0
AUC:{'AUC macro OVO': 0.6939376073150044}
AVGP:{'avg_precision': 0.823452793855785}


METRICS_PER_CLASSES
CLASS:0
ACC:0.759
PREC:0.5572519083969466
REC:0.5387453874538746
TNR:0.840877914951989
FPR:0.44274809160305345
FPDR:0.44274809160305345
F1:0.5478424015009381
BACC:0
CLSFE:0.44274809160305345
MCC:0.3837270773599735
GMEAN:0.6730669343328459
SAMPLES:262
AUC:{}
AVGP:{}
CLASS:1
ACC:0.759
PREC:0.8306233062330624
REC:0.840877914951989
TNR:0.5387453874538746
FPR:0.16937669376693767
FPDR:0.16937669376693767
F1:0.8357191547375596
BACC:0
CLSFE:0.16937669376693767
MCC:0.3837270773599735
GMEAN:0.6730669343328459
SAMPLES:738
AUC:{}
AVGP:{}
