

GENERAL_METRICS
ACC:0.763
PREC:0.7064947557872525
REC:0.6967709981223296
TNR:0.6967709981223296
FPR:0.2935052442127475
FPDR:0.2935052442127475
F1:0.7011255083703773
BACC:0.0
CLSFE:0.237
MCC:0.4031485046643946
GMEAN:0.6798548672816529
SAMPLES:1000.0
AUC:{'AUC macro OVO': 0.7064947557872525}
AVGP:{'avg_precision': 0.8299048542368269}


METRICS_PER_CLASSES
CLASS:0
ACC:0.763
PREC:0.5877862595419847
REC:0.5441696113074205
TNR:0.8493723849372385
FPR:0.4122137404580153
FPDR:0.4122137404580153
F1:0.5651376146788991
BACC:0
CLSFE:0.4122137404580153
MCC:0.4031485046643946
GMEAN:0.6798548672816529
SAMPLES:262
AUC:{}
AVGP:{}
CLASS:1
ACC:0.763
PREC:0.8252032520325203
REC:0.8493723849372385
TNR:0.5441696113074205
FPR:0.17479674796747968
FPDR:0.17479674796747968
F1:0.8371134020618557
BACC:0
CLSFE:0.17479674796747968
MCC:0.4031485046643946
GMEAN:0.6798548672816529
SAMPLES:738
AUC:{}
AVGP:{}
