

GENERAL_METRICS
ACC:0.768
PREC:0.6986666666666668
REC:0.6926498272616314
TNR:0.6926498272616314
FPR:0.30133333333333334
FPDR:0.30133333333333334
F1:0.6954805107526882
BACC:0.0
CLSFE:0.232
MCC:0.3912702340632491
GMEAN:0.6743184043253474
SAMPLES:1000.0
AUC:{'AUC macro OVO': 0.6986666666666668}
AVGP:{'avg_precision': 0.8345275519421861}


METRICS_PER_CLASSES
CLASS:0
ACC:0.768
PREC:0.56
REC:0.5343511450381679
TNR:0.8509485094850948
FPR:0.44
FPDR:0.44
F1:0.546875
BACC:0
CLSFE:0.44
MCC:0.3912702340632491
GMEAN:0.6743184043253474
SAMPLES:250
AUC:{}
AVGP:{}
CLASS:1
ACC:0.768
PREC:0.8373333333333334
REC:0.8509485094850948
TNR:0.5343511450381679
FPR:0.16266666666666665
FPDR:0.16266666666666665
F1:0.8440860215053764
BACC:0
CLSFE:0.16266666666666665
MCC:0.3912702340632491
GMEAN:0.6743184043253474
SAMPLES:750
AUC:{}
AVGP:{}
