

GENERAL_METRICS
ACC:0.773
PREC:0.7071756362119316
REC:0.6907613038044703
TNR:0.6907613038044703
FPR:0.2928243637880684
FPDR:0.2928243637880684
F1:0.6977359490491999
BACC:0.0
CLSFE:0.227
MCC:0.39759826196958503
GMEAN:0.6680361941099607
SAMPLES:1000.0
AUC:{'AUC macro OVO': 0.7071756362119317}
AVGP:{'avg_precision': 0.8493718544638564}


METRICS_PER_CLASSES
CLASS:0
ACC:0.773
PREC:0.5829787234042553
REC:0.5150375939849624
TNR:0.8664850136239782
FPR:0.41702127659574467
FPDR:0.41702127659574467
F1:0.5469061876247505
BACC:0
CLSFE:0.41702127659574467
MCC:0.39759826196958503
GMEAN:0.6680361941099607
SAMPLES:235
AUC:{}
AVGP:{}
CLASS:1
ACC:0.773
PREC:0.8313725490196079
REC:0.8664850136239782
TNR:0.5150375939849624
FPR:0.16862745098039217
FPDR:0.16862745098039217
F1:0.8485657104736491
BACC:0
CLSFE:0.16862745098039217
MCC:0.39759826196958503
GMEAN:0.6680361941099607
SAMPLES:765
AUC:{}
AVGP:{}
