

GENERAL_METRICS
ACC:0.8365
PREC:0.4882519587074213
REC:0.44774480018695956
TNR:0.44774480018695956
FPR:0.5117480412925788
FPDR:0.5117480412925788
F1:0.46147974496866456
BACC:0.0
CLSFE:0.1635
MCC:-0.04955385939179928
GMEAN:0.17675107961715103
SAMPLES:2000.0
AUC:{'AUC macro OVO': 0.4882519587074213}
AVGP:{'avg_precision': 0.8592143189450014}


METRICS_PER_CLASSES
CLASS:0
ACC:0.8365
PREC:0.007246376811594203
REC:0.03636363636363636
TNR:0.8591259640102827
FPR:0.9927536231884058
FPDR:0.9927536231884058
F1:0.012084592145015106
BACC:0
CLSFE:0.9927536231884058
MCC:-0.04955385939179928
GMEAN:0.17675107961715103
SAMPLES:276
AUC:{}
AVGP:{}
CLASS:1
ACC:0.8365
PREC:0.9692575406032483
REC:0.8591259640102827
TNR:0.03636363636363636
FPR:0.03074245939675174
FPDR:0.03074245939675174
F1:0.910874897792314
BACC:0
CLSFE:0.03074245939675174
MCC:-0.04955385939179928
GMEAN:0.17675107961715103
SAMPLES:1724
AUC:{}
AVGP:{}
