

GENERAL_METRICS
ACC:0.855
PREC:0.4950238135115435
REC:0.4815794758948297
TNR:0.4815794758948297
FPR:0.5049761864884565
FPDR:0.5049761864884565
F1:0.4774774774774775
BACC:0.0
CLSFE:0.145
MCC:-0.019148259781237166
GMEAN:0.2728402383897194
SAMPLES:2000.0
AUC:{'AUC macro OVO': 0.4950238135115435}
AVGP:{'avg_precision': 0.8784465533698923}


METRICS_PER_CLASSES
CLASS:0
ACC:0.855
PREC:0.02074688796680498
REC:0.0847457627118644
TNR:0.878413189077795
FPR:0.979253112033195
FPDR:0.979253112033195
F1:0.03333333333333333
BACC:0
CLSFE:0.979253112033195
MCC:-0.019148259781237166
GMEAN:0.2728402383897194
SAMPLES:241
AUC:{}
AVGP:{}
CLASS:1
ACC:0.855
PREC:0.969300739056282
REC:0.878413189077795
TNR:0.0847457627118644
FPR:0.030699260943718023
FPDR:0.030699260943718023
F1:0.9216216216216216
BACC:0
CLSFE:0.030699260943718023
MCC:-0.019148259781237166
GMEAN:0.2728402383897194
SAMPLES:1759
AUC:{}
AVGP:{}
