

GENERAL_METRICS
ACC:0.84
PREC:0.49029465158497415
REC:0.46410123966942146
TNR:0.46410123966942146
FPR:0.5097053484150258
FPDR:0.5097053484150258
F1:0.4686221372017642
BACC:0.0
CLSFE:0.16
MCC:-0.03733148680006048
GMEAN:0.23260783511884908
SAMPLES:2000.0
AUC:{'AUC macro OVO': 0.49029465158497415}
AVGP:{'avg_precision': 0.8657818867349659}


METRICS_PER_CLASSES
CLASS:0
ACC:0.84
PREC:0.015151515151515152
REC:0.0625
TNR:0.8657024793388429
FPR:0.9848484848484849
FPDR:0.9848484848484849
F1:0.024390243902439025
BACC:0
CLSFE:0.9848484848484849
MCC:-0.03733148680006048
GMEAN:0.23260783511884908
SAMPLES:264
AUC:{}
AVGP:{}
CLASS:1
ACC:0.84
PREC:0.9654377880184332
REC:0.8657024793388429
TNR:0.0625
FPR:0.03456221198156682
FPDR:0.03456221198156682
F1:0.9128540305010894
BACC:0
CLSFE:0.03456221198156682
MCC:-0.03733148680006048
GMEAN:0.23260783511884908
SAMPLES:1736
AUC:{}
AVGP:{}
