

GENERAL_METRICS
ACC:0.8525
PREC:0.48848945552327494
REC:0.4557836949553503
TNR:0.4557836949553503
FPR:0.5115105444767251
FPDR:0.5115105444767251
F1:0.4668348697224559
BACC:0.0
CLSFE:0.1475
MCC:-0.04512000646333654
GMEAN:0.17536725079976762
SAMPLES:2000.0
AUC:{'AUC macro OVO': 0.48848945552327494}
AVGP:{'avg_precision': 0.8765585205079698}


METRICS_PER_CLASSES
CLASS:0
ACC:0.8525
PREC:0.008264462809917356
REC:0.03508771929824561
TNR:0.876479670612455
FPR:0.9917355371900827
FPDR:0.9917355371900827
F1:0.013377926421404682
BACC:0
CLSFE:0.9917355371900827
MCC:-0.04512000646333654
GMEAN:0.17536725079976762
SAMPLES:242
AUC:{}
AVGP:{}
CLASS:1
ACC:0.8525
PREC:0.9687144482366326
REC:0.876479670612455
TNR:0.03508771929824561
FPR:0.03128555176336746
FPDR:0.03128555176336746
F1:0.9202918130235072
BACC:0
CLSFE:0.03128555176336746
MCC:-0.04512000646333654
GMEAN:0.17536725079976762
SAMPLES:1758
AUC:{}
AVGP:{}
