

GENERAL_METRICS
ACC:0.8753333333333333
PREC:0.7452190067786227
REC:0.7686781137485363
TNR:0.7686781137485363
FPR:0.2547809932213773
FPDR:0.2547809932213773
F1:0.7560018754365653
BACC:0.0
CLSFE:0.12466666666666666
MCC:0.5133613939383049
GMEAN:0.7541067692185535
SAMPLES:1500.0
AUC:{'AUC macro OVO': 0.7452190067786227}
AVGP:{'avg_precision': 0.9127403967752621}


METRICS_PER_CLASSES
CLASS:0
ACC:0.8753333333333333
PREC:0.5546218487394958
REC:0.6197183098591549
TNR:0.9176379176379177
FPR:0.44537815126050423
FPDR:0.44537815126050423
F1:0.5853658536585366
BACC:0
CLSFE:0.44537815126050423
MCC:0.5133613939383049
GMEAN:0.7541067692185535
SAMPLES:238
AUC:{}
AVGP:{}
CLASS:1
ACC:0.8753333333333333
PREC:0.9358161648177497
REC:0.9176379176379177
TNR:0.6197183098591549
FPR:0.06418383518225039
FPDR:0.06418383518225039
F1:0.926637897214594
BACC:0
CLSFE:0.06418383518225039
MCC:0.5133613939383049
GMEAN:0.7541067692185535
SAMPLES:1262
AUC:{}
AVGP:{}
