

GENERAL_METRICS
ACC:0.9053333333333333
PREC:0.5284548890738558
REC:0.5402836913199026
TNR:0.5402836913199026
FPR:0.4715451109261441
FPDR:0.4715451109261441
F1:0.5323530868560392
BACC:0.0
CLSFE:0.09466666666666666
MCC:0.06771315878005632
GMEAN:0.3631454728044977
SAMPLES:3750.0
AUC:{'AUC macro OVO': 0.528454889073856}
AVGP:{'avg_precision': 0.9401820595607836}


METRICS_PER_CLASSES
CLASS:0
ACC:0.9053333333333333
PREC:0.0970464135021097
REC:0.1402439024390244
TNR:0.9403234802007808
FPR:0.9029535864978903
FPDR:0.9029535864978903
F1:0.11471321695760599
BACC:0
CLSFE:0.9029535864978903
MCC:0.06771315878005632
GMEAN:0.3631454728044977
SAMPLES:237
AUC:{}
AVGP:{}
CLASS:1
ACC:0.9053333333333333
PREC:0.9598633646456021
REC:0.9403234802007808
TNR:0.1402439024390244
FPR:0.04013663535439795
FPDR:0.04013663535439795
F1:0.9499929567544725
BACC:0
CLSFE:0.04013663535439795
MCC:0.06771315878005632
GMEAN:0.3631454728044977
SAMPLES:3513
AUC:{}
AVGP:{}
