

GENERAL_METRICS
ACC:0.8997333333333334
PREC:0.5332318006929423
REC:0.5406610103991006
TNR:0.5406610103991006
FPR:0.46676819930705765
FPDR:0.46676819930705765
F1:0.536199467122792
BACC:0.0
CLSFE:0.10026666666666667
MCC:0.07351839480175196
GMEAN:0.36371076221325516
SAMPLES:3750.0
AUC:{'AUC macro OVO': 0.5332318006929424}
AVGP:{'avg_precision': 0.9405014033632061}


METRICS_PER_CLASSES
CLASS:0
ACC:0.8997333333333334
PREC:0.1134453781512605
REC:0.140625
TNR:0.9406970207982013
FPR:0.8865546218487395
FPDR:0.8865546218487395
F1:0.12558139534883722
BACC:0
CLSFE:0.8865546218487395
MCC:0.07351839480175196
GMEAN:0.36371076221325516
SAMPLES:238
AUC:{}
AVGP:{}
CLASS:1
ACC:0.8997333333333334
PREC:0.9530182232346242
REC:0.9406970207982013
TNR:0.140625
FPR:0.046981776765375856
FPDR:0.046981776765375856
F1:0.9468175388967468
BACC:0
CLSFE:0.046981776765375856
MCC:0.07351839480175196
GMEAN:0.36371076221325516
SAMPLES:3512
AUC:{}
AVGP:{}
