

GENERAL_METRICS
ACC:0.8941333333333333
PREC:0.5195030028694452
REC:0.5276377217553688
TNR:0.5276377217553688
FPR:0.48049699713055477
FPDR:0.48049699713055477
F1:0.5217664909851176
BACC:0.0
CLSFE:0.10586666666666666
MCC:0.0464335467824669
GMEAN:0.3376978503891981
SAMPLES:3750.0
AUC:{'AUC macro OVO': 0.5195030028694453}
AVGP:{'avg_precision': 0.9329330696795771}


METRICS_PER_CLASSES
CLASS:0
ACC:0.8941333333333333
PREC:0.0842911877394636
REC:0.12222222222222222
TNR:0.9330532212885154
FPR:0.9157088122605364
FPDR:0.9157088122605364
F1:0.09977324263038549
BACC:0
CLSFE:0.9157088122605364
MCC:0.0464335467824669
GMEAN:0.3376978503891981
SAMPLES:261
AUC:{}
AVGP:{}
CLASS:1
ACC:0.8941333333333333
PREC:0.9547148179994268
REC:0.9330532212885154
TNR:0.12222222222222222
FPR:0.04528518200057323
FPDR:0.04528518200057323
F1:0.9437597393398498
BACC:0
CLSFE:0.04528518200057323
MCC:0.0464335467824669
GMEAN:0.3376978503891981
SAMPLES:3489
AUC:{}
AVGP:{}
