

GENERAL_METRICS
ACC:0.8968
PREC:0.5282532825517628
REC:0.5390574951953876
TNR:0.5390574951953876
FPR:0.4717467174482372
FPDR:0.4717467174482372
F1:0.5318214621106859
BACC:0.0
CLSFE:0.1032
MCC:0.06643801464581561
GMEAN:0.36552464203303175
SAMPLES:3750.0
AUC:{'AUC macro OVO': 0.5282532825517627}
AVGP:{'avg_precision': 0.9350885305524567}


METRICS_PER_CLASSES
CLASS:0
ACC:0.8968
PREC:0.10116731517509728
REC:0.14285714285714285
TNR:0.9352578475336323
FPR:0.8988326848249028
FPDR:0.8988326848249028
F1:0.11845102505694761
BACC:0
CLSFE:0.8988326848249028
MCC:0.06643801464581561
GMEAN:0.36552464203303175
SAMPLES:257
AUC:{}
AVGP:{}
CLASS:1
ACC:0.8968
PREC:0.9553392499284283
REC:0.9352578475336323
TNR:0.14285714285714285
FPR:0.04466075007157171
FPDR:0.04466075007157171
F1:0.9451918991644243
BACC:0
CLSFE:0.04466075007157171
MCC:0.06643801464581561
GMEAN:0.36552464203303175
SAMPLES:3493
AUC:{}
AVGP:{}
