

GENERAL_METRICS
ACC:0.852
PREC:0.6662788285484933
REC:0.6662788285484933
TNR:0.6662788285484933
FPR:0.3337211714515067
FPDR:0.3337211714515067
F1:0.6662788285484933
BACC:0.0
CLSFE:0.148
MCC:0.3325576570969866
GMEAN:0.6180197330763878
SAMPLES:2000.0
AUC:{'AUC macro OVO': 0.6662788285484933}
AVGP:{'avg_precision': 0.9116547802274944}


METRICS_PER_CLASSES
CLASS:0
ACC:0.852
PREC:0.41732283464566927
REC:0.41732283464566927
TNR:0.9152348224513173
FPR:0.5826771653543307
FPDR:0.5826771653543307
F1:0.41732283464566927
BACC:0
CLSFE:0.5826771653543307
MCC:0.3325576570969866
GMEAN:0.6180197330763878
SAMPLES:254
AUC:{}
AVGP:{}
CLASS:1
ACC:0.852
PREC:0.9152348224513173
REC:0.9152348224513173
TNR:0.41732283464566927
FPR:0.08476517754868271
FPDR:0.08476517754868271
F1:0.9152348224513173
BACC:0
CLSFE:0.08476517754868271
MCC:0.3325576570969866
GMEAN:0.6180197330763878
SAMPLES:1746
AUC:{}
AVGP:{}
