

GENERAL_METRICS
ACC:0.82
PREC:0.8239104002992892
REC:0.8038360591017758
TNR:0.8038360591017758
FPR:0.1760895997007108
FPDR:0.1760895997007108
F1:0.8098845036624225
BACC:0.0
CLSFE:0.18
MCC:0.6274254044235528
GMEAN:0.7978685755330834
SAMPLES:750.0
AUC:{'AUC macro OVO': 0.8239104002992892}
AVGP:{'avg_precision': 0.8535948997560998}


METRICS_PER_CLASSES
CLASS:0
ACC:0.82
PREC:0.8371212121212122
REC:0.7060702875399361
TNR:0.9016018306636155
FPR:0.16287878787878787
FPDR:0.16287878787878787
F1:0.7660311958405546
BACC:0
CLSFE:0.16287878787878787
MCC:0.6274254044235528
GMEAN:0.7978685755330834
SAMPLES:264
AUC:{}
AVGP:{}
CLASS:1
ACC:0.82
PREC:0.8106995884773662
REC:0.9016018306636155
TNR:0.7060702875399361
FPR:0.18930041152263374
FPDR:0.18930041152263374
F1:0.8537378114842904
BACC:0
CLSFE:0.18930041152263374
MCC:0.6274254044235528
GMEAN:0.7978685755330834
SAMPLES:486
AUC:{}
AVGP:{}
