

GENERAL_METRICS
ACC:0.8133333333333334
PREC:0.8151711509774981
REC:0.7942162460858353
TNR:0.7942162460858353
FPR:0.1848288490225018
FPDR:0.1848288490225018
F1:0.8008179741860095
BACC:0.0
CLSFE:0.18666666666666668
MCC:0.6090270040487583
GMEAN:0.7875855697354754
SAMPLES:750.0
AUC:{'AUC macro OVO': 0.8151711509774983}
AVGP:{'avg_precision': 0.8510028184850074}


METRICS_PER_CLASSES
CLASS:0
ACC:0.8133333333333334
PREC:0.8210116731517509
REC:0.6918032786885245
TNR:0.8966292134831461
FPR:0.17898832684824903
FPDR:0.17898832684824903
F1:0.7508896797153025
BACC:0
CLSFE:0.17898832684824903
MCC:0.6090270040487583
GMEAN:0.7875855697354754
SAMPLES:257
AUC:{}
AVGP:{}
CLASS:1
ACC:0.8133333333333334
PREC:0.8093306288032455
REC:0.8966292134831461
TNR:0.6918032786885245
FPR:0.19066937119675456
FPDR:0.19066937119675456
F1:0.8507462686567164
BACC:0
CLSFE:0.19066937119675456
MCC:0.6090270040487583
GMEAN:0.7875855697354754
SAMPLES:493
AUC:{}
AVGP:{}
