

GENERAL_METRICS
ACC:0.824
PREC:0.831304029711868
REC:0.8051256509606017
TNR:0.8051256509606017
FPR:0.16869597028813194
FPDR:0.16869597028813194
F1:0.8124659028914347
BACC:0.0
CLSFE:0.176
MCC:0.6358910527180086
GMEAN:0.7974940425756548
SAMPLES:750.0
AUC:{'AUC macro OVO': 0.831304029711868}
AVGP:{'avg_precision': 0.8673476546446485}


METRICS_PER_CLASSES
CLASS:0
ACC:0.824
PREC:0.8537549407114624
REC:0.6945337620578779
TNR:0.9157175398633257
FPR:0.14624505928853754
FPDR:0.14624505928853754
F1:0.7659574468085106
BACC:0
CLSFE:0.14624505928853754
MCC:0.6358910527180086
GMEAN:0.7974940425756548
SAMPLES:253
AUC:{}
AVGP:{}
CLASS:1
ACC:0.824
PREC:0.8088531187122736
REC:0.9157175398633257
TNR:0.6945337620578779
FPR:0.19114688128772636
FPDR:0.19114688128772636
F1:0.8589743589743589
BACC:0
CLSFE:0.19114688128772636
MCC:0.6358910527180086
GMEAN:0.7974940425756548
SAMPLES:497
AUC:{}
AVGP:{}
