

GENERAL_METRICS
ACC:0.804
PREC:0.806815691431076
REC:0.78
TNR:0.78
FPR:0.19318430856892393
FPDR:0.19318430856892393
F1:0.78783837614091
BACC:0.0
CLSFE:0.196
MCC:0.5862026734865725
GMEAN:0.7707139547199078
SAMPLES:750.0
AUC:{'AUC macro OVO': 0.806815691431076}
AVGP:{'avg_precision': 0.8549349112426036}


METRICS_PER_CLASSES
CLASS:0
ACC:0.804
PREC:0.8148148148148148
REC:0.66
TNR:0.9
FPR:0.18518518518518517
FPDR:0.18518518518518517
F1:0.7292817679558011
BACC:0
CLSFE:0.18518518518518517
MCC:0.5862026734865725
GMEAN:0.7707139547199078
SAMPLES:243
AUC:{}
AVGP:{}
CLASS:1
ACC:0.804
PREC:0.7988165680473372
REC:0.9
TNR:0.66
FPR:0.20118343195266272
FPDR:0.20118343195266272
F1:0.8463949843260188
BACC:0
CLSFE:0.20118343195266272
MCC:0.5862026734865725
GMEAN:0.7707139547199078
SAMPLES:507
AUC:{}
AVGP:{}
