

GENERAL_METRICS
ACC:0.8144
PREC:0.7246417925614795
REC:0.7005102040816327
TNR:0.7005102040816327
FPR:0.2753582074385204
FPDR:0.2753582074385204
F1:0.7108662447307865
BACC:0.0
CLSFE:0.1856
MCC:0.42446659077843124
GMEAN:0.6712005691904862
SAMPLES:1250.0
AUC:{'AUC macro OVO': 0.7246417925614794}
AVGP:{'avg_precision': 0.8895334188685298}


METRICS_PER_CLASSES
CLASS:0
ACC:0.8144
PREC:0.5818965517241379
REC:0.5
TNR:0.9010204081632653
FPR:0.41810344827586204
FPDR:0.41810344827586204
F1:0.5378486055776892
BACC:0
CLSFE:0.41810344827586204
MCC:0.42446659077843124
GMEAN:0.6712005691904862
SAMPLES:232
AUC:{}
AVGP:{}
CLASS:1
ACC:0.8144
PREC:0.8673870333988212
REC:0.9010204081632653
TNR:0.5
FPR:0.13261296660117877
FPDR:0.13261296660117877
F1:0.8838838838838838
BACC:0
CLSFE:0.13261296660117877
MCC:0.42446659077843124
GMEAN:0.6712005691904862
SAMPLES:1018
AUC:{}
AVGP:{}
