

GENERAL_METRICS
ACC:0.8216
PREC:0.7454095204265745
REC:0.7227228767364164
TNR:0.7227228767364164
FPR:0.25459047957342545
FPDR:0.25459047957342545
F1:0.7326546838419847
BACC:0.0
CLSFE:0.1784
MCC:0.4675823536786264
GMEAN:0.6999051657732914
SAMPLES:1250.0
AUC:{'AUC macro OVO': 0.7454095204265745}
AVGP:{'avg_precision': 0.8899677957861952}


METRICS_PER_CLASSES
CLASS:0
ACC:0.8216
PREC:0.6194331983805668
REC:0.5425531914893617
TNR:0.9028925619834711
FPR:0.3805668016194332
FPDR:0.3805668016194332
F1:0.5784499054820416
BACC:0
CLSFE:0.3805668016194332
MCC:0.4675823536786264
GMEAN:0.6999051657732914
SAMPLES:247
AUC:{}
AVGP:{}
CLASS:1
ACC:0.8216
PREC:0.8713858424725822
REC:0.9028925619834711
TNR:0.5425531914893617
FPR:0.12861415752741776
FPDR:0.12861415752741776
F1:0.8868594622019279
BACC:0
CLSFE:0.12861415752741776
MCC:0.4675823536786264
GMEAN:0.6999051657732914
SAMPLES:1003
AUC:{}
AVGP:{}
