

GENERAL_METRICS
ACC:0.8096
PREC:0.7164585237079906
REC:0.701969388644468
TNR:0.701969388644468
FPR:0.2835414762920093
FPDR:0.2835414762920093
F1:0.708563054220007
BACC:0.0
CLSFE:0.1904
MCC:0.4181769754550671
GMEAN:0.676059026679956
SAMPLES:1250.0
AUC:{'AUC macro OVO': 0.7164585237079907}
AVGP:{'avg_precision': 0.8795967603369493}


METRICS_PER_CLASSES
CLASS:0
ACC:0.8096
PREC:0.563265306122449
REC:0.5130111524163569
TNR:0.890927624872579
FPR:0.43673469387755104
FPDR:0.43673469387755104
F1:0.5369649805447471
BACC:0
CLSFE:0.43673469387755104
MCC:0.4181769754550671
GMEAN:0.676059026679956
SAMPLES:245
AUC:{}
AVGP:{}
CLASS:1
ACC:0.8096
PREC:0.8696517412935323
REC:0.890927624872579
TNR:0.5130111524163569
FPR:0.13034825870646766
FPDR:0.13034825870646766
F1:0.8801611278952669
BACC:0
CLSFE:0.13034825870646766
MCC:0.4181769754550671
GMEAN:0.676059026679956
SAMPLES:1005
AUC:{}
AVGP:{}
