

GENERAL_METRICS
ACC:0.816
PREC:0.7280959342888442
REC:0.7064064920526631
TNR:0.7064064920526631
FPR:0.27190406571115583
FPDR:0.27190406571115583
F1:0.7158911235493154
BACC:0.0
CLSFE:0.184
MCC:0.4339607431463592
GMEAN:0.6793903329432345
SAMPLES:1250.0
AUC:{'AUC macro OVO': 0.7280959342888441}
AVGP:{'avg_precision': 0.8882357455227095}


METRICS_PER_CLASSES
CLASS:0
ACC:0.816
PREC:0.5864978902953587
REC:0.5129151291512916
TNR:0.8998978549540347
FPR:0.41350210970464135
FPDR:0.41350210970464135
F1:0.547244094488189
BACC:0
CLSFE:0.41350210970464135
MCC:0.4339607431463592
GMEAN:0.6793903329432345
SAMPLES:237
AUC:{}
AVGP:{}
CLASS:1
ACC:0.816
PREC:0.8696939782823297
REC:0.8998978549540347
TNR:0.5129151291512916
FPR:0.13030602171767028
FPDR:0.13030602171767028
F1:0.8845381526104418
BACC:0
CLSFE:0.13030602171767028
MCC:0.4339607431463592
GMEAN:0.6793903329432345
SAMPLES:1013
AUC:{}
AVGP:{}
