

GENERAL_METRICS
ACC:0.8751111111111111
PREC:0.631623385782347
REC:0.6741635798548917
TNR:0.6741635798548917
FPR:0.36837661421765294
FPDR:0.36837661421765294
F1:0.648212742683131
BACC:0.0
CLSFE:0.12488888888888888
MCC:0.30281347434006317
GMEAN:0.6296121310009544
SAMPLES:2250.0
AUC:{'AUC macro OVO': 0.631623385782347}
AVGP:{'avg_precision': 0.9136331201824356}


METRICS_PER_CLASSES
CLASS:0
ACC:0.8751111111111111
PREC:0.31640625
REC:0.43315508021390375
TNR:0.9151720794958798
FPR:0.68359375
FPDR:0.68359375
F1:0.3656884875846501
BACC:0
CLSFE:0.68359375
MCC:0.30281347434006317
GMEAN:0.6296121310009544
SAMPLES:256
AUC:{}
AVGP:{}
CLASS:1
ACC:0.8751111111111111
PREC:0.9468405215646941
REC:0.9151720794958798
TNR:0.43315508021390375
FPR:0.05315947843530592
FPDR:0.05315947843530592
F1:0.930736997781612
BACC:0
CLSFE:0.05315947843530592
MCC:0.30281347434006317
GMEAN:0.6296121310009544
SAMPLES:1994
AUC:{}
AVGP:{}
