

GENERAL_METRICS
ACC:0.8844444444444445
PREC:0.60075
REC:0.685464037464656
TNR:0.685464037464656
FPR:0.39925
FPDR:0.39925
F1:0.6245465677780088
BACC:0.0
CLSFE:0.11555555555555555
MCC:0.2733898445411906
GMEAN:0.647648655237915
SAMPLES:2250.0
AUC:{'AUC macro OVO': 0.60075}
AVGP:{'avg_precision': 0.9092625667609174}


METRICS_PER_CLASSES
CLASS:0
ACC:0.8844444444444445
PREC:0.236
REC:0.4609375
TNR:0.909990574929312
FPR:0.764
FPDR:0.764
F1:0.31216931216931215
BACC:0
CLSFE:0.764
MCC:0.2733898445411906
GMEAN:0.647648655237915
SAMPLES:250
AUC:{}
AVGP:{}
CLASS:1
ACC:0.8844444444444445
PREC:0.9655
REC:0.909990574929312
TNR:0.4609375
FPR:0.0345
FPDR:0.0345
F1:0.9369238233867054
BACC:0
CLSFE:0.0345
MCC:0.2733898445411906
GMEAN:0.647648655237915
SAMPLES:2000
AUC:{}
AVGP:{}
