

GENERAL_METRICS
ACC:0.8831111111111111
PREC:0.6223312521041207
REC:0.6751011068539804
TNR:0.6751011068539804
FPR:0.37766874789587934
FPDR:0.37766874789587934
F1:0.6416006143816422
BACC:0.0
CLSFE:0.11688888888888889
MCC:0.29271376903907237
GMEAN:0.6298502731117552
SAMPLES:2250.0
AUC:{'AUC macro OVO': 0.6223312521041207}
AVGP:{'avg_precision': 0.916948774575712}


METRICS_PER_CLASSES
CLASS:0
ACC:0.8831111111111111
PREC:0.29045643153526973
REC:0.43209876543209874
TNR:0.9181034482758621
FPR:0.7095435684647303
FPDR:0.7095435684647303
F1:0.34739454094292804
BACC:0
CLSFE:0.7095435684647303
MCC:0.29271376903907237
GMEAN:0.6298502731117552
SAMPLES:241
AUC:{}
AVGP:{}
CLASS:1
ACC:0.8831111111111111
PREC:0.9542060726729716
REC:0.9181034482758621
TNR:0.43209876543209874
FPR:0.045793927327028375
FPDR:0.045793927327028375
F1:0.9358066878203564
BACC:0
CLSFE:0.045793927327028375
MCC:0.29271376903907237
GMEAN:0.6298502731117552
SAMPLES:2009
AUC:{}
AVGP:{}
