

GENERAL_METRICS
ACC:0.8737777777777778
PREC:0.6104027617951668
REC:0.686891637914107
TNR:0.686891637914107
FPR:0.3895972382048331
FPDR:0.3895972382048331
F1:0.6333520004406661
BACC:0.0
CLSFE:0.12622222222222224
MCC:0.2872862891412657
GMEAN:0.651945519388959
SAMPLES:2250.0
AUC:{'AUC macro OVO': 0.6104027617951668}
AVGP:{'avg_precision': 0.902152611023584}


METRICS_PER_CLASSES
CLASS:0
ACC:0.8737777777777778
PREC:0.26181818181818184
REC:0.47058823529411764
TNR:0.9031950405340964
FPR:0.7381818181818182
FPDR:0.7381818181818182
F1:0.3364485981308411
BACC:0
CLSFE:0.7381818181818182
MCC:0.2872862891412657
GMEAN:0.651945519388959
SAMPLES:275
AUC:{}
AVGP:{}
CLASS:1
ACC:0.8737777777777778
PREC:0.958987341772152
REC:0.9031950405340964
TNR:0.47058823529411764
FPR:0.0410126582278481
FPDR:0.0410126582278481
F1:0.9302554027504911
BACC:0
CLSFE:0.0410126582278481
MCC:0.2872862891412657
GMEAN:0.651945519388959
SAMPLES:1975
AUC:{}
AVGP:{}
