

GENERAL_METRICS
ACC:0.8504
PREC:0.7658021440454811
REC:0.7895
TNR:0.7895
FPR:0.2341978559545189
FPDR:0.2341978559545189
F1:0.7764311039569065
BACC:0.0
CLSFE:0.1496
MCC:0.5547962534162133
GMEAN:0.7829482741535356
SAMPLES:1250.0
AUC:{'AUC macro OVO': 0.7658021440454812}
AVGP:{'avg_precision': 0.8816786377708978}


METRICS_PER_CLASSES
CLASS:0
ACC:0.8504
PREC:0.6120996441281139
REC:0.688
TNR:0.891
FPR:0.3879003558718861
FPDR:0.3879003558718861
F1:0.647834274952919
BACC:0
CLSFE:0.3879003558718861
MCC:0.5547962534162133
GMEAN:0.7829482741535356
SAMPLES:281
AUC:{}
AVGP:{}
CLASS:1
ACC:0.8504
PREC:0.9195046439628483
REC:0.891
TNR:0.688
FPR:0.0804953560371517
FPDR:0.0804953560371517
F1:0.9050279329608939
BACC:0
CLSFE:0.0804953560371517
MCC:0.5547962534162133
GMEAN:0.7829482741535356
SAMPLES:969
AUC:{}
AVGP:{}
