

GENERAL_METRICS
ACC:0.8664
PREC:0.7773768154682349
REC:0.8031595081634035
TNR:0.8031595081634035
FPR:0.22262318453176513
FPDR:0.22262318453176513
F1:0.7890244185917241
BACC:0.0
CLSFE:0.1336
MCC:0.5799635124842983
GMEAN:0.7968376287711113
SAMPLES:1250.0
AUC:{'AUC macro OVO': 0.7773768154682348}
AVGP:{'avg_precision': 0.8958816831909352}


METRICS_PER_CLASSES
CLASS:0
ACC:0.8664
PREC:0.6245210727969349
REC:0.7025862068965517
TNR:0.9037328094302554
FPR:0.37547892720306514
FPDR:0.37547892720306514
F1:0.6612576064908722
BACC:0
CLSFE:0.37547892720306514
MCC:0.5799635124842983
GMEAN:0.7968376287711113
SAMPLES:261
AUC:{}
AVGP:{}
CLASS:1
ACC:0.8664
PREC:0.9302325581395349
REC:0.9037328094302554
TNR:0.7025862068965517
FPR:0.06976744186046512
FPDR:0.06976744186046512
F1:0.916791230692576
BACC:0
CLSFE:0.06976744186046512
MCC:0.5799635124842983
GMEAN:0.7968376287711113
SAMPLES:989
AUC:{}
AVGP:{}
