

GENERAL_METRICS
ACC:0.856
PREC:0.769553650605971
REC:0.7794941581767136
TNR:0.7794941581767136
FPR:0.23044634939402897
FPDR:0.23044634939402897
F1:0.77432206347869
BACC:0.0
CLSFE:0.144
MCC:0.5489578149897344
GMEAN:0.7693782034948712
SAMPLES:1250.0
AUC:{'AUC macro OVO': 0.769553650605971}
AVGP:{'avg_precision': 0.8954934034621969}


METRICS_PER_CLASSES
CLASS:0
ACC:0.856
PREC:0.6235294117647059
REC:0.654320987654321
TNR:0.9046673286991063
FPR:0.3764705882352941
FPDR:0.3764705882352941
F1:0.6385542168674698
BACC:0
CLSFE:0.3764705882352941
MCC:0.5489578149897344
GMEAN:0.7693782034948712
SAMPLES:255
AUC:{}
AVGP:{}
CLASS:1
ACC:0.856
PREC:0.9155778894472362
REC:0.9046673286991063
TNR:0.654320987654321
FPR:0.08442211055276382
FPDR:0.08442211055276382
F1:0.9100899100899101
BACC:0
CLSFE:0.08442211055276382
MCC:0.5489578149897344
GMEAN:0.7693782034948712
SAMPLES:995
AUC:{}
AVGP:{}
