

GENERAL_METRICS
ACC:0.8624
PREC:0.7816975304708376
REC:0.7709776421019938
TNR:0.7709776421019938
FPR:0.21830246952916235
FPDR:0.21830246952916235
F1:0.7761172271025196
BACC:0.0
CLSFE:0.1376
MCC:0.5525711993687046
GMEAN:0.7563285049403728
SAMPLES:1250.0
AUC:{'AUC macro OVO': 0.7816975304708377}
AVGP:{'avg_precision': 0.9110440740137974}


METRICS_PER_CLASSES
CLASS:0
ACC:0.8624
PREC:0.6536796536796536
REC:0.6213991769547325
TNR:0.9205561072492552
FPR:0.3463203463203463
FPDR:0.3463203463203463
F1:0.6371308016877637
BACC:0
CLSFE:0.3463203463203463
MCC:0.5525711993687046
GMEAN:0.7563285049403728
SAMPLES:231
AUC:{}
AVGP:{}
CLASS:1
ACC:0.8624
PREC:0.9097154072620216
REC:0.9205561072492552
TNR:0.6213991769547325
FPR:0.09028459273797841
FPDR:0.09028459273797841
F1:0.9151036525172754
BACC:0
CLSFE:0.09028459273797841
MCC:0.5525711993687046
GMEAN:0.7563285049403728
SAMPLES:1019
AUC:{}
AVGP:{}
