

GENERAL_METRICS
ACC:0.912235294117647
PREC:0.573532906999912
REC:0.5820042860365441
TNR:0.5820042860365441
FPR:0.426467093000088
FPDR:0.426467093000088
F1:0.5774256673022498
BACC:0.0
CLSFE:0.08776470588235294
MCC:0.1553063236152267
GMEAN:0.4505930122754702
SAMPLES:4250.0
AUC:{'AUC macro OVO': 0.573532906999912}
AVGP:{'avg_precision': 0.9500052973698423}


METRICS_PER_CLASSES
CLASS:0
ACC:0.912235294117647
PREC:0.1902834008097166
REC:0.21363636363636362
TNR:0.9503722084367245
FPR:0.8097165991902834
FPDR:0.8097165991902834
F1:0.2012847965738758
BACC:0
CLSFE:0.8097165991902834
MCC:0.1553063236152267
GMEAN:0.4505930122754702
SAMPLES:247
AUC:{}
AVGP:{}
CLASS:1
ACC:0.912235294117647
PREC:0.9567824131901074
REC:0.9503722084367245
TNR:0.21363636363636362
FPR:0.04321758680989258
FPDR:0.04321758680989258
F1:0.9535665380306236
BACC:0
CLSFE:0.04321758680989258
MCC:0.1553063236152267
GMEAN:0.4505930122754702
SAMPLES:4003
AUC:{}
AVGP:{}
