

GENERAL_METRICS
ACC:0.8775
PREC:0.6869573168179184
REC:0.7276571085164836
TNR:0.7276571085164836
FPR:0.3130426831820816
FPDR:0.3130426831820816
F1:0.7041132485406443
BACC:0.0
CLSFE:0.1225
MCC:0.41261198316465525
GMEAN:0.7026307023224603
SAMPLES:2000.0
AUC:{'AUC macro OVO': 0.6869573168179184}
AVGP:{'avg_precision': 0.9142386146594923}


METRICS_PER_CLASSES
CLASS:0
ACC:0.8775
PREC:0.42911877394636017
REC:0.5384615384615384
TNR:0.9168526785714286
FPR:0.5708812260536399
FPDR:0.5708812260536399
F1:0.47761194029850745
BACC:0
CLSFE:0.5708812260536399
MCC:0.41261198316465525
GMEAN:0.7026307023224603
SAMPLES:261
AUC:{}
AVGP:{}
CLASS:1
ACC:0.8775
PREC:0.9447958596894767
REC:0.9168526785714286
TNR:0.5384615384615384
FPR:0.055204140310523286
FPDR:0.055204140310523286
F1:0.930614556782781
BACC:0
CLSFE:0.055204140310523286
MCC:0.41261198316465525
GMEAN:0.7026307023224603
SAMPLES:1739
AUC:{}
AVGP:{}
