

GENERAL_METRICS
ACC:0.8675
PREC:0.672250693432427
REC:0.6889535767488524
TNR:0.6889535767488524
FPR:0.327749306567573
FPDR:0.327749306567573
F1:0.67995922801335
BACC:0.0
CLSFE:0.1325
MCC:0.36081787439941015
GMEAN:0.6496071744097345
SAMPLES:2000.0
AUC:{'AUC macro OVO': 0.672250693432427}
AVGP:{'avg_precision': 0.9155762032883369}


METRICS_PER_CLASSES
CLASS:0
ACC:0.8675
PREC:0.41295546558704455
REC:0.4594594594594595
TNR:0.9184476940382452
FPR:0.5870445344129555
FPDR:0.5870445344129555
F1:0.4349680170575693
BACC:0
CLSFE:0.5870445344129555
MCC:0.36081787439941015
GMEAN:0.6496071744097345
SAMPLES:247
AUC:{}
AVGP:{}
CLASS:1
ACC:0.8675
PREC:0.9315459212778094
REC:0.9184476940382452
TNR:0.4594594594594595
FPR:0.06845407872219053
FPDR:0.06845407872219053
F1:0.9249504389691305
BACC:0
CLSFE:0.06845407872219053
MCC:0.36081787439941015
GMEAN:0.6496071744097345
SAMPLES:1753
AUC:{}
AVGP:{}
