

GENERAL_METRICS
ACC:0.8665
PREC:0.6661728495278296
REC:0.6920265780730896
TNR:0.6920265780730896
FPR:0.3338271504721704
FPDR:0.3338271504721704
F1:0.6775438259606205
BACC:0.0
CLSFE:0.1335
MCC:0.3572651881361159
GMEAN:0.6553637624476716
SAMPLES:2000.0
AUC:{'AUC macro OVO': 0.6661728495278296}
AVGP:{'avg_precision': 0.9115900834560627}


METRICS_PER_CLASSES
CLASS:0
ACC:0.8665
PREC:0.39763779527559057
REC:0.4697674418604651
TNR:0.9142857142857143
FPR:0.6023622047244095
FPDR:0.6023622047244095
F1:0.43070362473347545
BACC:0
CLSFE:0.6023622047244095
MCC:0.3572651881361159
GMEAN:0.6553637624476716
SAMPLES:254
AUC:{}
AVGP:{}
CLASS:1
ACC:0.8665
PREC:0.9347079037800687
REC:0.9142857142857143
TNR:0.4697674418604651
FPR:0.06529209621993128
FPDR:0.06529209621993128
F1:0.9243840271877655
BACC:0
CLSFE:0.06529209621993128
MCC:0.3572651881361159
GMEAN:0.6553637624476716
SAMPLES:1746
AUC:{}
AVGP:{}
