

GENERAL_METRICS
ACC:0.872
PREC:0.7081438260179496
REC:0.7067214276114524
TNR:0.7067214276114524
FPR:0.29185617398205044
FPDR:0.29185617398205044
F1:0.7074285714285714
BACC:0.0
CLSFE:0.128
MCC:0.4148628152193942
GMEAN:0.6713880002188898
SAMPLES:2000.0
AUC:{'AUC macro OVO': 0.7081438260179496}
AVGP:{'avg_precision': 0.9235644437761449}


METRICS_PER_CLASSES
CLASS:0
ACC:0.872
PREC:0.4899598393574297
REC:0.4860557768924303
TNR:0.9273870783304745
FPR:0.5100401606425703
FPDR:0.5100401606425703
F1:0.488
BACC:0
CLSFE:0.5100401606425703
MCC:0.4148628152193942
GMEAN:0.6713880002188898
SAMPLES:249
AUC:{}
AVGP:{}
CLASS:1
ACC:0.872
PREC:0.9263278126784694
REC:0.9273870783304745
TNR:0.4860557768924303
FPR:0.07367218732153055
FPDR:0.07367218732153055
F1:0.9268571428571428
BACC:0
CLSFE:0.07367218732153055
MCC:0.4148628152193942
GMEAN:0.6713880002188898
SAMPLES:1751
AUC:{}
AVGP:{}
