

GENERAL_METRICS
ACC:0.94
PREC:0.5044876008644776
REC:0.5508137336559182
TNR:0.5508137336559182
FPR:0.4955123991355224
FPDR:0.4955123991355224
F1:0.4967192385362079
BACC:0.0
CLSFE:0.06
MCC:0.030201440699518526
GMEAN:0.38601869271681605
SAMPLES:4000.0
AUC:{'AUC macro OVO': 0.5044876008644775}
AVGP:{'avg_precision': 0.9437306833752399}


METRICS_PER_CLASSES
CLASS:0
ACC:0.94
PREC:0.013215859030837005
REC:0.15789473684210525
TNR:0.9437327304697313
FPR:0.986784140969163
FPDR:0.986784140969163
F1:0.024390243902439025
BACC:0
CLSFE:0.986784140969163
MCC:0.030201440699518526
GMEAN:0.38601869271681605
SAMPLES:227
AUC:{}
AVGP:{}
CLASS:1
ACC:0.94
PREC:0.9957593426981182
REC:0.9437327304697313
TNR:0.15789473684210525
FPR:0.004240657301881791
FPDR:0.004240657301881791
F1:0.9690482331699768
BACC:0
CLSFE:0.004240657301881791
MCC:0.030201440699518526
GMEAN:0.38601869271681605
SAMPLES:3773
AUC:{}
AVGP:{}
