

GENERAL_METRICS
ACC:0.934
PREC:0.5001384532790822
REC:0.5009357502425312
TNR:0.5009357502425312
FPR:0.49986154672091776
FPDR:0.49986154672091776
F1:0.4903907776173453
BACC:0.0
CLSFE:0.066
MCC:0.0007198824611850346
GMEAN:0.23884386175009203
SAMPLES:4000.0
AUC:{'AUC macro OVO': 0.5001384532790822}
AVGP:{'avg_precision': 0.94126531275118}


METRICS_PER_CLASSES
CLASS:0
ACC:0.934
PREC:0.00851063829787234
REC:0.06060606060606061
TNR:0.9412654398790018
FPR:0.9914893617021276
FPDR:0.9914893617021276
F1:0.014925373134328358
BACC:0
CLSFE:0.9914893617021276
MCC:0.0007198824611850346
GMEAN:0.23884386175009203
SAMPLES:235
AUC:{}
AVGP:{}
CLASS:1
ACC:0.934
PREC:0.9917662682602921
REC:0.9412654398790018
TNR:0.06060606060606061
FPR:0.008233731739707836
FPDR:0.008233731739707836
F1:0.9658561821003622
BACC:0
CLSFE:0.008233731739707836
MCC:0.0007198824611850346
GMEAN:0.23884386175009203
SAMPLES:3765
AUC:{}
AVGP:{}
