

GENERAL_METRICS
ACC:0.9305
PREC:0.5055080358758414
REC:0.5333022611487646
TNR:0.5333022611487646
FPR:0.4944919641241586
FPDR:0.4944919641241586
F1:0.4993372521899493
BACC:0.0
CLSFE:0.0695
MCC:0.027087270010396743
GMEAN:0.3468538808017446
SAMPLES:4000.0
AUC:{'AUC macro OVO': 0.5055080358758414}
AVGP:{'avg_precision': 0.9383935078223018}


METRICS_PER_CLASSES
CLASS:0
ACC:0.9305
PREC:0.020080321285140562
REC:0.1282051282051282
TNR:0.9383993940924009
FPR:0.9799196787148594
FPDR:0.9799196787148594
F1:0.034722222222222224
BACC:0
CLSFE:0.9799196787148594
MCC:0.027087270010396743
GMEAN:0.3468538808017446
SAMPLES:249
AUC:{}
AVGP:{}
CLASS:1
ACC:0.9305
PREC:0.9909357504665423
REC:0.9383993940924009
TNR:0.1282051282051282
FPR:0.009064249533457745
FPDR:0.009064249533457745
F1:0.9639522821576764
BACC:0
CLSFE:0.009064249533457745
MCC:0.027087270010396743
GMEAN:0.3468538808017446
SAMPLES:3751
AUC:{}
AVGP:{}
