

GENERAL_METRICS
ACC:0.93575
PREC:0.5113207673112844
REC:0.580141129032258
TNR:0.580141129032258
FPR:0.4886792326887156
FPDR:0.4886792326887156
F1:0.5092045628697974
BACC:0.0
CLSFE:0.06425
MCC:0.06024148317688771
GMEAN:0.45382836122438724
SAMPLES:4000.0
AUC:{'AUC macro OVO': 0.5113207673112844}
AVGP:{'avg_precision': 0.9415237346793491}


METRICS_PER_CLASSES
CLASS:0
ACC:0.93575
PREC:0.029288702928870293
REC:0.21875
TNR:0.9415322580645161
FPR:0.9707112970711297
FPDR:0.9707112970711297
F1:0.05166051660516605
BACC:0
CLSFE:0.9707112970711297
MCC:0.06024148317688771
GMEAN:0.45382836122438724
SAMPLES:239
AUC:{}
AVGP:{}
CLASS:1
ACC:0.93575
PREC:0.9933528316936985
REC:0.9415322580645161
TNR:0.21875
FPR:0.006647168306301516
FPDR:0.006647168306301516
F1:0.9667486091344287
BACC:0
CLSFE:0.006647168306301516
MCC:0.06024148317688771
GMEAN:0.45382836122438724
SAMPLES:3761
AUC:{}
AVGP:{}
