

GENERAL_METRICS
ACC:0.9094285714285715
PREC:0.5792757881481704
REC:0.6140096045532697
TNR:0.6140096045532697
FPR:0.4207242118518297
FPDR:0.4207242118518297
F1:0.5921602128486259
BACC:0.0
CLSFE:0.09057142857142857
MCC:0.1901389098256502
GMEAN:0.5199522942850108
SAMPLES:3500.0
AUC:{'AUC macro OVO': 0.5792757881481703}
AVGP:{'avg_precision': 0.9401961820029575}


METRICS_PER_CLASSES
CLASS:0
ACC:0.9094285714285715
PREC:0.1951219512195122
REC:0.2874251497005988
TNR:0.9405940594059405
FPR:0.8048780487804879
FPDR:0.8048780487804879
F1:0.2324455205811138
BACC:0
CLSFE:0.8048780487804879
MCC:0.1901389098256502
GMEAN:0.5199522942850108
SAMPLES:246
AUC:{}
AVGP:{}
CLASS:1
ACC:0.9094285714285715
PREC:0.9634296250768285
REC:0.9405940594059405
TNR:0.2874251497005988
FPR:0.03657037492317148
FPDR:0.03657037492317148
F1:0.9518749051161378
BACC:0
CLSFE:0.03657037492317148
MCC:0.1901389098256502
GMEAN:0.5199522942850108
SAMPLES:3254
AUC:{}
AVGP:{}
