

GENERAL_METRICS
ACC:0.9088571428571428
PREC:0.5891639092197982
REC:0.6356042416966786
TNR:0.6356042416966786
FPR:0.4108360907802018
FPDR:0.4108360907802018
F1:0.6056496819943495
BACC:0.0
CLSFE:0.09114285714285714
MCC:0.21991820567167444
GMEAN:0.5591288313260263
SAMPLES:3500.0
AUC:{'AUC macro OVO': 0.5891639092197982}
AVGP:{'avg_precision': 0.9374247278151296}


METRICS_PER_CLASSES
CLASS:0
ACC:0.9088571428571428
PREC:0.21292775665399238
REC:0.3333333333333333
TNR:0.937875150060024
FPR:0.7870722433460076
FPDR:0.7870722433460076
F1:0.25986078886310904
BACC:0
CLSFE:0.7870722433460076
MCC:0.21991820567167444
GMEAN:0.5591288313260263
SAMPLES:263
AUC:{}
AVGP:{}
CLASS:1
ACC:0.9088571428571428
PREC:0.965400061785604
REC:0.937875150060024
TNR:0.3333333333333333
FPR:0.034599938214396046
FPDR:0.034599938214396046
F1:0.9514385751255899
BACC:0
CLSFE:0.034599938214396046
MCC:0.21991820567167444
GMEAN:0.5591288313260263
SAMPLES:3237
AUC:{}
AVGP:{}
