

GENERAL_METRICS
ACC:0.9108571428571428
PREC:0.5897407483013035
REC:0.6448225684698777
TNR:0.6448225684698777
FPR:0.4102592516986965
FPDR:0.4102592516986965
F1:0.608352843960887
BACC:0.0
CLSFE:0.08914285714285715
MCC:0.2280042601830378
GMEAN:0.5746032660766945
SAMPLES:3500.0
AUC:{'AUC macro OVO': 0.5897407483013035}
AVGP:{'avg_precision': 0.9370249328729835}


METRICS_PER_CLASSES
CLASS:0
ACC:0.9108571428571428
PREC:0.21132075471698114
REC:0.3522012578616352
TNR:0.9374438790781203
FPR:0.7886792452830189
FPDR:0.7886792452830189
F1:0.2641509433962264
BACC:0
CLSFE:0.7886792452830189
MCC:0.2280042601830378
GMEAN:0.5746032660766945
SAMPLES:265
AUC:{}
AVGP:{}
CLASS:1
ACC:0.9108571428571428
PREC:0.968160741885626
REC:0.9374438790781203
TNR:0.3522012578616352
FPR:0.03183925811437403
FPDR:0.03183925811437403
F1:0.9525547445255474
BACC:0
CLSFE:0.03183925811437403
MCC:0.2280042601830378
GMEAN:0.5746032660766945
SAMPLES:3235
AUC:{}
AVGP:{}
