

GENERAL_METRICS
ACC:0.9171428571428571
PREC:0.5939317464273846
REC:0.637028535933156
TNR:0.637028535933156
FPR:0.4060682535726155
FPDR:0.4060682535726155
F1:0.6100299527732826
BACC:0.0
CLSFE:0.08285714285714285
MCC:0.22690376542128132
GMEAN:0.5576683130521004
SAMPLES:3500.0
AUC:{'AUC macro OVO': 0.5939317464273844}
AVGP:{'avg_precision': 0.9445413701686539}


METRICS_PER_CLASSES
CLASS:0
ACC:0.9171428571428571
PREC:0.22033898305084745
REC:0.3291139240506329
TNR:0.9449431478156792
FPR:0.7796610169491526
FPDR:0.7796610169491526
F1:0.2639593908629442
BACC:0
CLSFE:0.7796610169491526
MCC:0.22690376542128132
GMEAN:0.5576683130521004
SAMPLES:236
AUC:{}
AVGP:{}
CLASS:1
ACC:0.9171428571428571
PREC:0.9675245098039216
REC:0.9449431478156792
TNR:0.3291139240506329
FPR:0.032475490196078434
FPDR:0.032475490196078434
F1:0.956100514683621
BACC:0
CLSFE:0.032475490196078434
MCC:0.22690376542128132
GMEAN:0.5576683130521004
SAMPLES:3264
AUC:{}
AVGP:{}
