

GENERAL_METRICS
ACC:0.9272727272727272
PREC:0.7669447018844608
REC:0.7912840634817901
TNR:0.7912840634817901
FPR:0.2330552981155391
FPDR:0.2330552981155391
F1:0.7784030839844254
BACC:0.0
CLSFE:0.07272727272727272
MCC:0.5576979020575238
GMEAN:0.7740672995217414
SAMPLES:2750.0
AUC:{'AUC macro OVO': 0.766944701884461}
AVGP:{'avg_precision': 0.9536825935404306}


METRICS_PER_CLASSES
CLASS:0
ACC:0.9272727272727272
PREC:0.5692307692307692
REC:0.6271186440677966
TNR:0.9554494828957836
FPR:0.4307692307692308
FPDR:0.4307692307692308
F1:0.5967741935483871
BACC:0
CLSFE:0.4307692307692308
MCC:0.5576979020575238
GMEAN:0.7740672995217414
SAMPLES:260
AUC:{}
AVGP:{}
CLASS:1
ACC:0.9272727272727272
PREC:0.9646586345381526
REC:0.9554494828957836
TNR:0.6271186440677966
FPR:0.035341365461847386
FPDR:0.035341365461847386
F1:0.9600319744204636
BACC:0
CLSFE:0.035341365461847386
MCC:0.5576979020575238
GMEAN:0.7740672995217414
SAMPLES:2490
AUC:{}
AVGP:{}
