

GENERAL_METRICS
ACC:0.9218181818181819
PREC:0.7662
REC:0.7633595096724766
TNR:0.7633595096724766
FPR:0.2338
FPDR:0.2338
F1:0.764769398418375
BACC:0.0
CLSFE:0.07818181818181819
MCC:0.5295518916019968
GMEAN:0.7382466796333161
SAMPLES:2750.0
AUC:{'AUC macro OVO': 0.7662}
AVGP:{'avg_precision': 0.9554362835402482}


METRICS_PER_CLASSES
CLASS:0
ACC:0.9218181818181819
PREC:0.576
REC:0.5691699604743083
TNR:0.9575490588706448
FPR:0.424
FPDR:0.424
F1:0.5725646123260437
BACC:0
CLSFE:0.424
MCC:0.5295518916019968
GMEAN:0.7382466796333161
SAMPLES:250
AUC:{}
AVGP:{}
CLASS:1
ACC:0.9218181818181819
PREC:0.9564
REC:0.9575490588706448
TNR:0.5691699604743083
FPR:0.0436
FPDR:0.0436
F1:0.9569741845107064
BACC:0
CLSFE:0.0436
MCC:0.5295518916019968
GMEAN:0.7382466796333161
SAMPLES:2500
AUC:{}
AVGP:{}
