

GENERAL_METRICS
ACC:0.932
PREC:0.7692445179145349
REC:0.7966023776941498
TNR:0.7966023776941498
FPR:0.23075548208546506
FPDR:0.23075548208546506
F1:0.7820548844498862
BACC:0.0
CLSFE:0.068
MCC:0.5651851526520002
GMEAN:0.7800664572511506
SAMPLES:2750.0
AUC:{'AUC macro OVO': 0.7692445179145349}
AVGP:{'avg_precision': 0.9565199151122221}


METRICS_PER_CLASSES
CLASS:0
ACC:0.932
PREC:0.5708502024291497
REC:0.6351351351351351
TNR:0.9580696202531646
FPR:0.4291497975708502
FPDR:0.4291497975708502
F1:0.6012793176972282
BACC:0
CLSFE:0.4291497975708502
MCC:0.5651851526520002
GMEAN:0.7800664572511506
SAMPLES:247
AUC:{}
AVGP:{}
CLASS:1
ACC:0.932
PREC:0.9676388333999201
REC:0.9580696202531646
TNR:0.6351351351351351
FPR:0.032361166600079906
FPDR:0.032361166600079906
F1:0.9628304512025442
BACC:0
CLSFE:0.032361166600079906
MCC:0.5651851526520002
GMEAN:0.7800664572511506
SAMPLES:2503
AUC:{}
AVGP:{}
