

GENERAL_METRICS
ACC:0.9225454545454546
PREC:0.8019193928854161
REC:0.7635548079618728
TNR:0.7635548079618728
FPR:0.1980806071145839
FPDR:0.1980806071145839
F1:0.7809444277610258
BACC:0.0
CLSFE:0.07745454545454546
MCC:0.5641712775811298
GMEAN:0.7364912762932563
SAMPLES:2750.0
AUC:{'AUC macro OVO': 0.801919392885416}
AVGP:{'avg_precision': 0.9622180053329741}


METRICS_PER_CLASSES
CLASS:0
ACC:0.9225454545454546
PREC:0.6546184738955824
REC:0.5620689655172414
TNR:0.9650406504065041
FPR:0.3453815261044177
FPDR:0.3453815261044177
F1:0.6048237476808905
BACC:0
CLSFE:0.3453815261044177
MCC:0.5641712775811298
GMEAN:0.7364912762932563
SAMPLES:249
AUC:{}
AVGP:{}
CLASS:1
ACC:0.9225454545454546
PREC:0.9492203118752499
REC:0.9650406504065041
TNR:0.5620689655172414
FPR:0.0507796881247501
FPDR:0.0507796881247501
F1:0.9570651078411611
BACC:0
CLSFE:0.0507796881247501
MCC:0.5641712775811298
GMEAN:0.7364912762932563
SAMPLES:2501
AUC:{}
AVGP:{}
