

GENERAL_METRICS
ACC:0.7893333333333333
PREC:0.7544429213861434
REC:0.7635002199882119
TNR:0.7635002199882119
FPR:0.24555707861385662
FPDR:0.24555707861385662
F1:0.7584964416437732
BACC:0.0
CLSFE:0.21066666666666667
MCC:0.5178639425937747
GMEAN:0.760446215695915
SAMPLES:750.0
AUC:{'AUC macro OVO': 0.7544429213861434}
AVGP:{'avg_precision': 0.8085194253659027}


METRICS_PER_CLASSES
CLASS:0
ACC:0.7893333333333333
PREC:0.6506024096385542
REC:0.6952789699570815
TNR:0.8317214700193424
FPR:0.3493975903614458
FPDR:0.3493975903614458
F1:0.6721991701244814
BACC:0
CLSFE:0.3493975903614458
MCC:0.5178639425937747
GMEAN:0.760446215695915
SAMPLES:249
AUC:{}
AVGP:{}
CLASS:1
ACC:0.7893333333333333
PREC:0.8582834331337326
REC:0.8317214700193424
TNR:0.6952789699570815
FPR:0.14171656686626746
FPDR:0.14171656686626746
F1:0.8447937131630648
BACC:0
CLSFE:0.14171656686626746
MCC:0.5178639425937747
GMEAN:0.760446215695915
SAMPLES:501
AUC:{}
AVGP:{}
