

GENERAL_METRICS
ACC:0.7773333333333333
PREC:0.7447303921568628
REC:0.7441937245758912
TNR:0.7441937245758912
FPR:0.25526960784313724
FPDR:0.25526960784313724
F1:0.7444602449509221
BACC:0.0
CLSFE:0.22266666666666668
MCC:0.4889238221960668
GMEAN:0.7383923919951548
SAMPLES:750.0
AUC:{'AUC macro OVO': 0.7447303921568628}
AVGP:{'avg_precision': 0.8110870218421357}


METRICS_PER_CLASSES
CLASS:0
ACC:0.7773333333333333
PREC:0.6541666666666667
REC:0.6514522821576764
TNR:0.8369351669941061
FPR:0.3458333333333333
FPDR:0.3458333333333333
F1:0.6528066528066528
BACC:0
CLSFE:0.3458333333333333
MCC:0.4889238221960668
GMEAN:0.7383923919951548
SAMPLES:240
AUC:{}
AVGP:{}
CLASS:1
ACC:0.7773333333333333
PREC:0.8352941176470589
REC:0.8369351669941061
TNR:0.6514522821576764
FPR:0.16470588235294117
FPDR:0.16470588235294117
F1:0.8361138370951914
BACC:0
CLSFE:0.16470588235294117
MCC:0.4889238221960668
GMEAN:0.7383923919951548
SAMPLES:510
AUC:{}
AVGP:{}
