

GENERAL_METRICS
ACC:0.7853333333333333
PREC:0.7298412698412698
REC:0.7452663149526632
TNR:0.7452663149526632
FPR:0.27015873015873015
FPDR:0.27015873015873015
F1:0.7364521106748354
BACC:0.0
CLSFE:0.21466666666666667
MCC:0.47485712073426434
GMEAN:0.740188405393376
SAMPLES:750.0
AUC:{'AUC macro OVO': 0.7298412698412698}
AVGP:{'avg_precision': 0.8147528675703858}


METRICS_PER_CLASSES
CLASS:0
ACC:0.7853333333333333
PREC:0.5911111111111111
REC:0.6584158415841584
TNR:0.8321167883211679
FPR:0.4088888888888889
FPDR:0.4088888888888889
F1:0.6229508196721312
BACC:0
CLSFE:0.4088888888888889
MCC:0.47485712073426434
GMEAN:0.740188405393376
SAMPLES:225
AUC:{}
AVGP:{}
CLASS:1
ACC:0.7853333333333333
PREC:0.8685714285714285
REC:0.8321167883211679
TNR:0.6584158415841584
FPR:0.13142857142857142
FPDR:0.13142857142857142
F1:0.8499534016775396
BACC:0
CLSFE:0.13142857142857142
MCC:0.47485712073426434
GMEAN:0.740188405393376
SAMPLES:525
AUC:{}
AVGP:{}
