

GENERAL_METRICS
ACC:0.796
PREC:0.7601156069364161
REC:0.7607441471571906
TNR:0.7607441471571906
FPR:0.2398843930635838
FPDR:0.2398843930635838
F1:0.7604279102006559
BACC:0.0
CLSFE:0.204
MCC:0.5208593748524101
GMEAN:0.7552602599108925
SAMPLES:750.0
AUC:{'AUC macro OVO': 0.7601156069364163}
AVGP:{'avg_precision': 0.8285046687416628}


METRICS_PER_CLASSES
CLASS:0
ACC:0.796
PREC:0.6666666666666666
REC:0.6695652173913044
TNR:0.8519230769230769
FPR:0.3333333333333333
FPDR:0.3333333333333333
F1:0.6681127982646421
BACC:0
CLSFE:0.3333333333333333
MCC:0.5208593748524101
GMEAN:0.7552602599108925
SAMPLES:231
AUC:{}
AVGP:{}
CLASS:1
ACC:0.796
PREC:0.8535645472061657
REC:0.8519230769230769
TNR:0.6695652173913044
FPR:0.1464354527938343
FPDR:0.1464354527938343
F1:0.8527430221366699
BACC:0
CLSFE:0.1464354527938343
MCC:0.5208593748524101
GMEAN:0.7552602599108925
SAMPLES:519
AUC:{}
AVGP:{}
