

GENERAL_METRICS
ACC:0.8173333333333334
PREC:0.830314667278042
REC:0.7952010888654724
TNR:0.7952010888654724
FPR:0.1696853327219579
FPDR:0.1696853327219579
F1:0.8034993373481303
BACC:0.0
CLSFE:0.18266666666666667
MCC:0.6245294210802699
GMEAN:0.7842126386332997
SAMPLES:750.0
AUC:{'AUC macro OVO': 0.8303146672780422}
AVGP:{'avg_precision': 0.8764733846250078}


METRICS_PER_CLASSES
CLASS:0
ACC:0.8173333333333334
PREC:0.8661087866108786
REC:0.6634615384615384
TNR:0.9269406392694064
FPR:0.13389121338912133
FPDR:0.13389121338912133
F1:0.7513611615245009
BACC:0
CLSFE:0.13389121338912133
MCC:0.6245294210802699
GMEAN:0.7842126386332997
SAMPLES:239
AUC:{}
AVGP:{}
CLASS:1
ACC:0.8173333333333334
PREC:0.7945205479452054
REC:0.9269406392694064
TNR:0.6634615384615384
FPR:0.2054794520547945
FPDR:0.2054794520547945
F1:0.8556375131717597
BACC:0
CLSFE:0.2054794520547945
MCC:0.6245294210802699
GMEAN:0.7842126386332997
SAMPLES:511
AUC:{}
AVGP:{}
