

GENERAL_METRICS
ACC:0.816
PREC:0.8267987865198181
REC:0.7917770711888359
TNR:0.7917770711888359
FPR:0.17320121348018203
FPDR:0.17320121348018203
F1:0.8006686747452025
BACC:0.0
CLSFE:0.184
MCC:0.6175836552203049
GMEAN:0.7807561516912292
SAMPLES:750.0
AUC:{'AUC macro OVO': 0.826798786519818}
AVGP:{'avg_precision': 0.8752495530550005}


METRICS_PER_CLASSES
CLASS:0
ACC:0.816
PREC:0.8559322033898306
REC:0.6601307189542484
TNR:0.9234234234234234
FPR:0.1440677966101695
FPDR:0.1440677966101695
F1:0.7453874538745388
BACC:0
CLSFE:0.1440677966101695
MCC:0.6175836552203049
GMEAN:0.7807561516912292
SAMPLES:236
AUC:{}
AVGP:{}
CLASS:1
ACC:0.816
PREC:0.7976653696498055
REC:0.9234234234234234
TNR:0.6601307189542484
FPR:0.20233463035019456
FPDR:0.20233463035019456
F1:0.8559498956158664
BACC:0
CLSFE:0.20233463035019456
MCC:0.6175836552203049
GMEAN:0.7807561516912292
SAMPLES:514
AUC:{}
AVGP:{}
