

GENERAL_METRICS
ACC:0.812
PREC:0.8256576815913951
REC:0.7924379404897847
TNR:0.7924379404897847
FPR:0.17434231840860492
FPDR:0.17434231840860492
F1:0.7995378470649118
BACC:0.0
CLSFE:0.188
MCC:0.6172022738430752
GMEAN:0.7815356388197986
SAMPLES:750.0
AUC:{'AUC macro OVO': 0.825657681591395}
AVGP:{'avg_precision': 0.8703373164714838}


METRICS_PER_CLASSES
CLASS:0
ACC:0.812
PREC:0.8647540983606558
REC:0.6614420062695925
TNR:0.9234338747099768
FPR:0.13524590163934427
FPDR:0.13524590163934427
F1:0.7495559502664298
BACC:0
CLSFE:0.13524590163934427
MCC:0.6172022738430752
GMEAN:0.7815356388197986
SAMPLES:244
AUC:{}
AVGP:{}
CLASS:1
ACC:0.812
PREC:0.7865612648221344
REC:0.9234338747099768
TNR:0.6614420062695925
FPR:0.2134387351778656
FPDR:0.2134387351778656
F1:0.8495197438633938
BACC:0
CLSFE:0.2134387351778656
MCC:0.6172022738430752
GMEAN:0.7815356388197986
SAMPLES:506
AUC:{}
AVGP:{}
