

GENERAL_METRICS
ACC:0.8306666666666667
PREC:0.8433628457014142
REC:0.8169541329444296
TNR:0.8169541329444296
FPR:0.1566371542985859
FPDR:0.1566371542985859
F1:0.8226980058411932
BACC:0.0
CLSFE:0.16933333333333334
MCC:0.6597886723629731
GMEAN:0.8092698752442046
SAMPLES:750.0
AUC:{'AUC macro OVO': 0.8433628457014142}
AVGP:{'avg_precision': 0.8734681022286256}


METRICS_PER_CLASSES
CLASS:0
ACC:0.8306666666666667
PREC:0.8854961832061069
REC:0.7051671732522796
TNR:0.9287410926365796
FPR:0.11450381679389313
FPDR:0.11450381679389313
F1:0.7851099830795262
BACC:0
CLSFE:0.11450381679389313
MCC:0.6597886723629731
GMEAN:0.8092698752442046
SAMPLES:262
AUC:{}
AVGP:{}
CLASS:1
ACC:0.8306666666666667
PREC:0.8012295081967213
REC:0.9287410926365796
TNR:0.7051671732522796
FPR:0.1987704918032787
FPDR:0.1987704918032787
F1:0.8602860286028603
BACC:0
CLSFE:0.1987704918032787
MCC:0.6597886723629731
GMEAN:0.8092698752442046
SAMPLES:488
AUC:{}
AVGP:{}
