

GENERAL_METRICS
ACC:0.8981818181818182
PREC:0.5010349273945041
REC:0.5060957731558986
TNR:0.5060957731558986
FPR:0.49896507260549594
FPDR:0.49896507260549594
F1:0.487027799096103
BACC:0.0
CLSFE:0.10181818181818182
MCC:0.005023418210629815
GMEAN:0.3054425026672958
SAMPLES:2750.0
AUC:{'AUC macro OVO': 0.5010349273945041}
AVGP:{'avg_precision': 0.9096250241394338}


METRICS_PER_CLASSES
CLASS:0
ACC:0.8981818181818182
PREC:0.01606425702811245
REC:0.10256410256410256
TNR:0.9096274437476946
FPR:0.9839357429718876
FPDR:0.9839357429718876
F1:0.027777777777777776
BACC:0
CLSFE:0.9839357429718876
MCC:0.005023418210629815
GMEAN:0.3054425026672958
SAMPLES:249
AUC:{}
AVGP:{}
CLASS:1
ACC:0.8981818181818182
PREC:0.9860055977608957
REC:0.9096274437476946
TNR:0.10256410256410256
FPR:0.013994402239104359
FPDR:0.013994402239104359
F1:0.9462778204144282
BACC:0
CLSFE:0.013994402239104359
MCC:0.005023418210629815
GMEAN:0.3054425026672958
SAMPLES:2501
AUC:{}
AVGP:{}
