

GENERAL_METRICS
ACC:0.8898181818181818
PREC:0.5047483551571872
REC:0.5244340611892425
TNR:0.5244340611892425
FPR:0.4952516448428128
FPDR:0.4952516448428128
F1:0.4928518433534529
BACC:0.0
CLSFE:0.11018181818181819
MCC:0.021542664687449146
GMEAN:0.36289471393562345
SAMPLES:2750.0
AUC:{'AUC macro OVO': 0.5047483551571872}
AVGP:{'avg_precision': 0.9030206931945284}


METRICS_PER_CLASSES
CLASS:0
ACC:0.8898181818181818
PREC:0.026022304832713755
REC:0.14583333333333334
TNR:0.9030347890451518
FPR:0.9739776951672863
FPDR:0.9739776951672863
F1:0.04416403785488959
BACC:0
CLSFE:0.9739776951672863
MCC:0.021542664687449146
GMEAN:0.36289471393562345
SAMPLES:269
AUC:{}
AVGP:{}
CLASS:1
ACC:0.8898181818181818
PREC:0.9834744054816607
REC:0.9030347890451518
TNR:0.14583333333333334
FPR:0.01652559451833938
FPDR:0.01652559451833938
F1:0.9415396488520162
BACC:0
CLSFE:0.01652559451833938
MCC:0.021542664687449146
GMEAN:0.36289471393562345
SAMPLES:2481
AUC:{}
AVGP:{}
