

GENERAL_METRICS
ACC:0.893090909090909
PREC:0.5027559841633068
REC:0.5176700046576619
TNR:0.5176700046576619
FPR:0.49724401583669314
FPDR:0.49724401583669314
F1:0.4881563753494591
BACC:0.0
CLSFE:0.10690909090909091
MCC:0.013956826716997496
GMEAN:0.34484189015190686
SAMPLES:2750.0
AUC:{'AUC macro OVO': 0.5027559841633069}
AVGP:{'avg_precision': 0.9037545744089607}


METRICS_PER_CLASSES
CLASS:0
ACC:0.893090909090909
PREC:0.018796992481203006
REC:0.13157894736842105
TNR:0.9037610619469026
FPR:0.981203007518797
FPDR:0.981203007518797
F1:0.03289473684210526
BACC:0
CLSFE:0.981203007518797
MCC:0.013956826716997496
GMEAN:0.34484189015190686
SAMPLES:266
AUC:{}
AVGP:{}
CLASS:1
ACC:0.893090909090909
PREC:0.9867149758454107
REC:0.9037610619469026
TNR:0.13157894736842105
FPR:0.013285024154589372
FPDR:0.013285024154589372
F1:0.9434180138568129
BACC:0
CLSFE:0.013285024154589372
MCC:0.013956826716997496
GMEAN:0.34484189015190686
SAMPLES:2484
AUC:{}
AVGP:{}
