

GENERAL_METRICS
ACC:0.8927272727272727
PREC:0.4990255019843609
REC:0.4952195904268443
TNR:0.4952195904268443
FPR:0.5009744980156391
FPDR:0.5009744980156391
F1:0.4848195614250669
BACC:0.0
CLSFE:0.10727272727272727
MCC:-0.004316711546064887
GMEAN:0.274940273441396
SAMPLES:2750.0
AUC:{'AUC macro OVO': 0.4990255019843609}
AVGP:{'avg_precision': 0.9071087904899362}


METRICS_PER_CLASSES
CLASS:0
ACC:0.8927272727272727
PREC:0.01568627450980392
REC:0.08333333333333333
TNR:0.9071058475203553
FPR:0.984313725490196
FPDR:0.984313725490196
F1:0.026402640264026403
BACC:0
CLSFE:0.984313725490196
MCC:-0.004316711546064887
GMEAN:0.274940273441396
SAMPLES:255
AUC:{}
AVGP:{}
CLASS:1
ACC:0.8927272727272727
PREC:0.9823647294589178
REC:0.9071058475203553
TNR:0.08333333333333333
FPR:0.017635270541082163
FPDR:0.017635270541082163
F1:0.9432364825861074
BACC:0
CLSFE:0.017635270541082163
MCC:-0.004316711546064887
GMEAN:0.274940273441396
SAMPLES:2495
AUC:{}
AVGP:{}
