

GENERAL_METRICS
ACC:0.8306666666666667
PREC:0.6428678425645059
REC:0.6926767676767677
TNR:0.6926767676767677
FPR:0.35713215743549415
FPDR:0.35713215743549415
F1:0.6604750141691529
BACC:0.0
CLSFE:0.16933333333333334
MCC:0.33182714843895644
GMEAN:0.6684571914752783
SAMPLES:1500.0
AUC:{'AUC macro OVO': 0.6428678425645058}
AVGP:{'avg_precision': 0.8709659883862783}


METRICS_PER_CLASSES
CLASS:0
ACC:0.8306666666666667
PREC:0.35658914728682173
REC:0.5111111111111111
TNR:0.8742424242424243
FPR:0.6434108527131783
FPDR:0.6434108527131783
F1:0.4200913242009132
BACC:0
CLSFE:0.6434108527131783
MCC:0.33182714843895644
GMEAN:0.6684571914752783
SAMPLES:258
AUC:{}
AVGP:{}
CLASS:1
ACC:0.8306666666666667
PREC:0.92914653784219
REC:0.8742424242424243
TNR:0.5111111111111111
FPR:0.07085346215780998
FPDR:0.07085346215780998
F1:0.9008587041373927
BACC:0
CLSFE:0.07085346215780998
MCC:0.33182714843895644
GMEAN:0.6684571914752783
SAMPLES:1242
AUC:{}
AVGP:{}
