

GENERAL_METRICS
ACC:0.8273333333333334
PREC:0.6280707196029777
REC:0.6854805018619925
TNR:0.6854805018619925
FPR:0.37192928039702233
FPDR:0.37192928039702233
F1:0.6463909578026543
BACC:0.0
CLSFE:0.17266666666666666
MCC:0.30825068594108146
GMEAN:0.6607436715111814
SAMPLES:1500.0
AUC:{'AUC macro OVO': 0.6280707196029777}
AVGP:{'avg_precision': 0.865202534504594}


METRICS_PER_CLASSES
CLASS:0
ACC:0.8273333333333334
PREC:0.3230769230769231
REC:0.5029940119760479
TNR:0.867966991747937
FPR:0.676923076923077
FPDR:0.676923076923077
F1:0.39344262295081966
BACC:0
CLSFE:0.676923076923077
MCC:0.30825068594108146
GMEAN:0.6607436715111814
SAMPLES:260
AUC:{}
AVGP:{}
CLASS:1
ACC:0.8273333333333334
PREC:0.9330645161290323
REC:0.867966991747937
TNR:0.5029940119760479
FPR:0.06693548387096775
FPDR:0.06693548387096775
F1:0.899339292654489
BACC:0
CLSFE:0.06693548387096775
MCC:0.30825068594108146
GMEAN:0.6607436715111814
SAMPLES:1240
AUC:{}
AVGP:{}
