

GENERAL_METRICS
ACC:0.8373333333333334
PREC:0.6441238249371578
REC:0.7068204176792701
TNR:0.7068204176792701
FPR:0.3558761750628422
FPDR:0.3558761750628422
F1:0.6649039024961912
BACC:0.0
CLSFE:0.16266666666666665
MCC:0.34529841975333153
GMEAN:0.6865895982818395
SAMPLES:1500.0
AUC:{'AUC macro OVO': 0.6441238249371578}
AVGP:{'avg_precision': 0.8718659001033444}


METRICS_PER_CLASSES
CLASS:0
ACC:0.8373333333333334
PREC:0.35019455252918286
REC:0.5389221556886228
TNR:0.8747186796699175
FPR:0.6498054474708171
FPDR:0.6498054474708171
F1:0.42452830188679247
BACC:0
CLSFE:0.6498054474708171
MCC:0.34529841975333153
GMEAN:0.6865895982818395
SAMPLES:257
AUC:{}
AVGP:{}
CLASS:1
ACC:0.8373333333333334
PREC:0.9380530973451328
REC:0.8747186796699175
TNR:0.5389221556886228
FPR:0.061946902654867256
FPDR:0.061946902654867256
F1:0.90527950310559
BACC:0
CLSFE:0.061946902654867256
MCC:0.34529841975333153
GMEAN:0.6865895982818395
SAMPLES:1243
AUC:{}
AVGP:{}
