

GENERAL_METRICS
ACC:0.846
PREC:0.6570436507936508
REC:0.706864107400325
TNR:0.706864107400325
FPR:0.3429563492063492
FPDR:0.3429563492063492
F1:0.6756926745854435
BACC:0.0
CLSFE:0.154
MCC:0.36048131515692683
GMEAN:0.6833368295947212
SAMPLES:1500.0
AUC:{'AUC macro OVO': 0.6570436507936508}
AVGP:{'avg_precision': 0.8846112845540125}


METRICS_PER_CLASSES
CLASS:0
ACC:0.846
PREC:0.37916666666666665
REC:0.5260115606936416
TNR:0.8877166541070083
FPR:0.6208333333333333
FPDR:0.6208333333333333
F1:0.4406779661016949
BACC:0
CLSFE:0.6208333333333333
MCC:0.36048131515692683
GMEAN:0.6833368295947212
SAMPLES:240
AUC:{}
AVGP:{}
CLASS:1
ACC:0.846
PREC:0.9349206349206349
REC:0.8877166541070083
TNR:0.5260115606936416
FPR:0.06507936507936508
FPDR:0.06507936507936508
F1:0.9107073830691921
BACC:0
CLSFE:0.06507936507936508
MCC:0.36048131515692683
GMEAN:0.6833368295947212
SAMPLES:1260
AUC:{}
AVGP:{}
