

GENERAL_METRICS
ACC:0.9338823529411765
PREC:0.5885519152878482
REC:0.6851928207858545
TNR:0.6851928207858545
FPR:0.4114480847121517
FPDR:0.4114480847121517
F1:0.6158499181841546
BACC:0.0
CLSFE:0.06611764705882353
MCC:0.25611855831350183
GMEAN:0.632415021904339
SAMPLES:4250.0
AUC:{'AUC macro OVO': 0.5885519152878482}
AVGP:{'avg_precision': 0.948712943783411}


METRICS_PER_CLASSES
CLASS:0
ACC:0.9338823529411765
PREC:0.1946564885496183
REC:0.4214876033057851
TNR:0.948898038265924
FPR:0.8053435114503816
FPDR:0.8053435114503816
F1:0.26631853785900783
BACC:0
CLSFE:0.8053435114503816
MCC:0.25611855831350183
GMEAN:0.632415021904339
SAMPLES:262
AUC:{}
AVGP:{}
CLASS:1
ACC:0.9338823529411765
PREC:0.9824473420260782
REC:0.948898038265924
TNR:0.4214876033057851
FPR:0.017552657973921765
FPDR:0.017552657973921765
F1:0.9653812985093014
BACC:0
CLSFE:0.017552657973921765
MCC:0.25611855831350183
GMEAN:0.632415021904339
SAMPLES:3988
AUC:{}
AVGP:{}
