

GENERAL_METRICS
ACC:0.9261176470588235
PREC:0.5881897643875049
REC:0.6492016284496753
TNR:0.6492016284496753
FPR:0.411810235612495
FPDR:0.411810235612495
F1:0.6085265814704732
BACC:0.0
CLSFE:0.07388235294117647
MCC:0.2294171437291374
GMEAN:0.5764800879492266
SAMPLES:4250.0
AUC:{'AUC macro OVO': 0.5881897643875049}
AVGP:{'avg_precision': 0.947482366074726}


METRICS_PER_CLASSES
CLASS:0
ACC:0.9261176470588235
PREC:0.20149253731343283
REC:0.35064935064935066
TNR:0.94775390625
FPR:0.7985074626865671
FPDR:0.7985074626865671
F1:0.2559241706161137
BACC:0
CLSFE:0.7985074626865671
MCC:0.2294171437291374
GMEAN:0.5764800879492266
SAMPLES:268
AUC:{}
AVGP:{}
CLASS:1
ACC:0.9261176470588235
PREC:0.9748869914615771
REC:0.94775390625
TNR:0.35064935064935066
FPR:0.025113008538422903
FPDR:0.025113008538422903
F1:0.9611289923248328
BACC:0
CLSFE:0.025113008538422903
MCC:0.2294171437291374
GMEAN:0.5764800879492266
SAMPLES:3982
AUC:{}
AVGP:{}
