

GENERAL_METRICS
ACC:0.9378823529411765
PREC:0.6288581282374728
REC:0.6680242528172464
TNR:0.6680242528172464
FPR:0.37114187176252716
FPDR:0.37114187176252716
F1:0.6452622593189794
BACC:0.0
CLSFE:0.06211764705882353
MCC:0.29428755132713513
GMEAN:0.6003275685931263
SAMPLES:4250.0
AUC:{'AUC macro OVO': 0.6288581282374728}
AVGP:{'avg_precision': 0.9607022298216887}


METRICS_PER_CLASSES
CLASS:0
ACC:0.9378823529411765
PREC:0.28378378378378377
REC:0.375
TNR:0.9610485056344928
FPR:0.7162162162162162
FPDR:0.7162162162162162
F1:0.3230769230769231
BACC:0
CLSFE:0.7162162162162162
MCC:0.29428755132713513
GMEAN:0.6003275685931263
SAMPLES:222
AUC:{}
AVGP:{}
CLASS:1
ACC:0.9378823529411765
PREC:0.9739324726911619
REC:0.9610485056344928
TNR:0.375
FPR:0.026067527308838132
FPDR:0.026067527308838132
F1:0.9674475955610358
BACC:0
CLSFE:0.026067527308838132
MCC:0.29428755132713513
GMEAN:0.6003275685931263
SAMPLES:4028
AUC:{}
AVGP:{}
