

GENERAL_METRICS
ACC:0.9310588235294117
PREC:0.5900927868752756
REC:0.6706583862112416
TNR:0.6706583862112416
FPR:0.4099072131247244
FPDR:0.4099072131247244
F1:0.6147478930631107
BACC:0.0
CLSFE:0.06894117647058824
MCC:0.2479926580962256
GMEAN:0.6102967191577371
SAMPLES:4250.0
AUC:{'AUC macro OVO': 0.5900927868752757}
AVGP:{'avg_precision': 0.9485011417453761}


METRICS_PER_CLASSES
CLASS:0
ACC:0.9310588235294117
PREC:0.20075757575757575
REC:0.3925925925925926
TNR:0.9487241798298907
FPR:0.7992424242424242
FPDR:0.7992424242424242
F1:0.2656641604010025
BACC:0
CLSFE:0.7992424242424242
MCC:0.2479926580962256
GMEAN:0.6102967191577371
SAMPLES:264
AUC:{}
AVGP:{}
CLASS:1
ACC:0.9310588235294117
PREC:0.9794279979929754
REC:0.9487241798298907
TNR:0.3925925925925926
FPR:0.020572002007024585
FPDR:0.020572002007024585
F1:0.9638316257252191
BACC:0
CLSFE:0.020572002007024585
MCC:0.2479926580962256
GMEAN:0.6102967191577371
SAMPLES:3986
AUC:{}
AVGP:{}
