

GENERAL_METRICS
ACC:0.8255
PREC:0.5828840156811291
REC:0.5900607896716962
TNR:0.5900607896716962
FPR:0.41711598431887087
FPDR:0.41711598431887087
F1:0.5861395895429689
BACC:0.0
CLSFE:0.1745
MCC:0.17279583216505814
GMEAN:0.5051367753935324
SAMPLES:2000.0
AUC:{'AUC macro OVO': 0.5828840156811291}
AVGP:{'avg_precision': 0.8931201841232721}


METRICS_PER_CLASSES
CLASS:0
ACC:0.8255
PREC:0.2589641434262948
REC:0.2850877192982456
TNR:0.8950338600451467
FPR:0.7410358565737052
FPDR:0.7410358565737052
F1:0.27139874739039666
BACC:0
CLSFE:0.7410358565737052
MCC:0.17279583216505814
GMEAN:0.5051367753935324
SAMPLES:251
AUC:{}
AVGP:{}
CLASS:1
ACC:0.8255
PREC:0.9068038879359634
REC:0.8950338600451467
TNR:0.2850877192982456
FPR:0.0931961120640366
FPDR:0.0931961120640366
F1:0.900880431695541
BACC:0
CLSFE:0.0931961120640366
MCC:0.17279583216505814
GMEAN:0.5051367753935324
SAMPLES:1749
AUC:{}
AVGP:{}
