

GENERAL_METRICS
ACC:0.8385
PREC:0.6058219925612315
REC:0.6302607076350093
TNR:0.6302607076350093
FPR:0.39417800743876846
FPDR:0.39417800743876846
F1:0.6155839642576397
BACC:0.0
CLSFE:0.1615
MCC:0.23481437463982233
GMEAN:0.572491695271261
SAMPLES:2000.0
AUC:{'AUC macro OVO': 0.6058219925612316}
AVGP:{'avg_precision': 0.8917553939788592}


METRICS_PER_CLASSES
CLASS:0
ACC:0.8385
PREC:0.2883895131086142
REC:0.36666666666666664
TNR:0.8938547486033519
FPR:0.7116104868913857
FPDR:0.7116104868913857
F1:0.3228511530398323
BACC:0
CLSFE:0.7116104868913857
MCC:0.23481437463982233
GMEAN:0.572491695271261
SAMPLES:267
AUC:{}
AVGP:{}
CLASS:1
ACC:0.8385
PREC:0.9232544720138488
REC:0.8938547486033519
TNR:0.36666666666666664
FPR:0.07674552798615118
FPDR:0.07674552798615118
F1:0.9083167754754471
BACC:0
CLSFE:0.07674552798615118
MCC:0.23481437463982233
GMEAN:0.572491695271261
SAMPLES:1733
AUC:{}
AVGP:{}
