

GENERAL_METRICS
ACC:0.8211428571428572
PREC:0.6191944923996799
REC:0.6300339640950994
TNR:0.6300339640950994
FPR:0.38080550760032006
FPDR:0.38080550760032006
F1:0.6241107156067309
BACC:0.0
CLSFE:0.17885714285714285
MCC:0.24899262916828357
GMEAN:0.5744013612652625
SAMPLES:1750.0
AUC:{'AUC macro OVO': 0.6191944923996799}
AVGP:{'avg_precision': 0.8856131058483999}


METRICS_PER_CLASSES
CLASS:0
ACC:0.8211428571428572
PREC:0.3346456692913386
REC:0.37117903930131
TNR:0.8888888888888888
FPR:0.6653543307086615
FPDR:0.6653543307086615
F1:0.35196687370600416
BACC:0
CLSFE:0.6653543307086615
MCC:0.24899262916828357
GMEAN:0.5744013612652625
SAMPLES:254
AUC:{}
AVGP:{}
CLASS:1
ACC:0.8211428571428572
PREC:0.9037433155080213
REC:0.8888888888888888
TNR:0.37117903930131
FPR:0.0962566844919786
FPDR:0.0962566844919786
F1:0.8962545575074577
BACC:0
CLSFE:0.0962566844919786
MCC:0.24899262916828357
GMEAN:0.5744013612652625
SAMPLES:1496
AUC:{}
AVGP:{}
