

GENERAL_METRICS
ACC:0.8068571428571428
PREC:0.6267716021161256
REC:0.6138371911166719
TNR:0.6138371911166719
FPR:0.37322839788387435
FPDR:0.37322839788387435
F1:0.6194957144217235
BACC:0.0
CLSFE:0.19314285714285714
MCC:0.24026088402617754
GMEAN:0.5447592036194134
SAMPLES:1750.0
AUC:{'AUC macro OVO': 0.6267716021161257}
AVGP:{'avg_precision': 0.8922722031130138}


METRICS_PER_CLASSES
CLASS:0
ACC:0.8068571428571428
PREC:0.3770491803278688
REC:0.33093525179856115
TNR:0.8967391304347826
FPR:0.6229508196721312
FPDR:0.6229508196721312
F1:0.3524904214559387
BACC:0
CLSFE:0.6229508196721312
MCC:0.24026088402617754
GMEAN:0.5447592036194134
SAMPLES:244
AUC:{}
AVGP:{}
CLASS:1
ACC:0.8068571428571428
PREC:0.8764940239043825
REC:0.8967391304347826
TNR:0.33093525179856115
FPR:0.12350597609561753
FPDR:0.12350597609561753
F1:0.8865010073875084
BACC:0
CLSFE:0.12350597609561753
MCC:0.24026088402617754
GMEAN:0.5447592036194134
SAMPLES:1506
AUC:{}
AVGP:{}
