

GENERAL_METRICS
ACC:0.8062857142857143
PREC:0.6096254787913179
REC:0.6165657888002671
TNR:0.6165657888002671
FPR:0.3903745212086821
FPDR:0.3903745212086821
F1:0.6128447443796412
BACC:0.0
CLSFE:0.19371428571428573
MCC:0.22608476647414294
GMEAN:0.5570262372340883
SAMPLES:1750.0
AUC:{'AUC macro OVO': 0.6096254787913178}
AVGP:{'avg_precision': 0.8773571634807653}


METRICS_PER_CLASSES
CLASS:0
ACC:0.8062857142857143
PREC:0.32706766917293234
REC:0.3522267206477733
TNR:0.8809048569527611
FPR:0.6729323308270677
FPDR:0.6729323308270677
F1:0.3391812865497076
BACC:0
CLSFE:0.6729323308270677
MCC:0.22608476647414294
GMEAN:0.5570262372340883
SAMPLES:266
AUC:{}
AVGP:{}
CLASS:1
ACC:0.8062857142857143
PREC:0.8921832884097035
REC:0.8809048569527611
TNR:0.3522267206477733
FPR:0.1078167115902965
FPDR:0.1078167115902965
F1:0.8865082022095748
BACC:0
CLSFE:0.1078167115902965
MCC:0.22608476647414294
GMEAN:0.5570262372340883
SAMPLES:1484
AUC:{}
AVGP:{}
