

GENERAL_METRICS
ACC:0.9096666666666666
PREC:0.5740365287308519
REC:0.6686651862817665
TNR:0.6686651862817665
FPR:0.42596347126914813
FPDR:0.42596347126914813
F1:0.5964361289438689
BACC:0.0
CLSFE:0.09033333333333333
MCC:0.22349393647295665
GMEAN:0.6164080452080587
SAMPLES:3000.0
AUC:{'AUC macro OVO': 0.5740365287308519}
AVGP:{'avg_precision': 0.9275401849798754}


METRICS_PER_CLASSES
CLASS:0
ACC:0.9096666666666666
PREC:0.17063492063492064
REC:0.4095238095238095
TNR:0.9278065630397236
FPR:0.8293650793650794
FPDR:0.8293650793650794
F1:0.24089635854341737
BACC:0
CLSFE:0.8293650793650794
MCC:0.22349393647295665
GMEAN:0.6164080452080587
SAMPLES:252
AUC:{}
AVGP:{}
CLASS:1
ACC:0.9096666666666666
PREC:0.9774381368267832
REC:0.9278065630397236
TNR:0.4095238095238095
FPR:0.022561863173216887
FPDR:0.022561863173216887
F1:0.9519758993443204
BACC:0
CLSFE:0.022561863173216887
MCC:0.22349393647295665
GMEAN:0.6164080452080587
SAMPLES:2748
AUC:{}
AVGP:{}
