

GENERAL_METRICS
ACC:0.904
PREC:0.5582230561259067
REC:0.6307199782911378
TNR:0.6307199782911378
FPR:0.44177694387409333
FPDR:0.44177694387409333
F1:0.574468085106383
BACC:0.0
CLSFE:0.096
MCC:0.17448113517308644
GMEAN:0.5578638237366961
SAMPLES:3000.0
AUC:{'AUC macro OVO': 0.5582230561259066}
AVGP:{'avg_precision': 0.9247503489440743}


METRICS_PER_CLASSES
CLASS:0
ACC:0.904
PREC:0.1422924901185771
REC:0.3364485981308411
TNR:0.9249913584514345
FPR:0.857707509881423
FPDR:0.857707509881423
F1:0.2
BACC:0
CLSFE:0.857707509881423
MCC:0.17448113517308644
GMEAN:0.5578638237366961
SAMPLES:253
AUC:{}
AVGP:{}
CLASS:1
ACC:0.904
PREC:0.9741536221332363
REC:0.9249913584514345
TNR:0.3364485981308411
FPR:0.02584637786676374
FPDR:0.02584637786676374
F1:0.948936170212766
BACC:0
CLSFE:0.02584637786676374
MCC:0.17448113517308644
GMEAN:0.5578638237366961
SAMPLES:2747
AUC:{}
AVGP:{}
