

GENERAL_METRICS
ACC:0.909
PREC:0.5676263205102651
REC:0.628747654241931
TNR:0.628747654241931
FPR:0.4323736794897349
FPDR:0.4323736794897349
F1:0.5847275046787874
BACC:0.0
CLSFE:0.091
MCC:0.18661972168781754
GMEAN:0.5503917903732861
SAMPLES:3000.0
AUC:{'AUC macro OVO': 0.5676263205102651}
AVGP:{'avg_precision': 0.9324223713256302}


METRICS_PER_CLASSES
CLASS:0
ACC:0.909
PREC:0.16379310344827586
REC:0.3247863247863248
TNR:0.9327089836975373
FPR:0.8362068965517241
FPDR:0.8362068965517241
F1:0.2177650429799427
BACC:0
CLSFE:0.8362068965517241
MCC:0.18661972168781754
GMEAN:0.5503917903732861
SAMPLES:232
AUC:{}
AVGP:{}
CLASS:1
ACC:0.909
PREC:0.9714595375722543
REC:0.9327089836975373
TNR:0.3247863247863248
FPR:0.028540462427745664
FPDR:0.028540462427745664
F1:0.9516899663776323
BACC:0
CLSFE:0.028540462427745664
MCC:0.18661972168781754
GMEAN:0.5503917903732861
SAMPLES:2768
AUC:{}
AVGP:{}
