

GENERAL_METRICS
ACC:0.9043333333333333
PREC:0.5878181818181818
REC:0.6497696709904519
TNR:0.6497696709904519
FPR:0.4121818181818182
FPDR:0.4121818181818182
F1:0.6074084443206229
BACC:0.0
CLSFE:0.09566666666666666
MCC:0.22936870054903985
GMEAN:0.5858783841225433
SAMPLES:3000.0
AUC:{'AUC macro OVO': 0.5878181818181818}
AVGP:{'avg_precision': 0.930289389169767}


METRICS_PER_CLASSES
CLASS:0
ACC:0.9043333333333333
PREC:0.208
REC:0.36879432624113473
TNR:0.9307450157397692
FPR:0.792
FPDR:0.792
F1:0.2659846547314578
BACC:0
CLSFE:0.792
MCC:0.22936870054903985
GMEAN:0.5858783841225433
SAMPLES:250
AUC:{}
AVGP:{}
CLASS:1
ACC:0.9043333333333333
PREC:0.9676363636363636
REC:0.9307450157397692
TNR:0.36879432624113473
FPR:0.032363636363636365
FPDR:0.032363636363636365
F1:0.9488322339097879
BACC:0
CLSFE:0.032363636363636365
MCC:0.22936870054903985
GMEAN:0.5858783841225433
SAMPLES:2750
AUC:{}
AVGP:{}
