

GENERAL_METRICS
ACC:0.8544
PREC:0.7609335038363172
REC:0.7574828386836261
TNR:0.7574828386836261
FPR:0.23906649616368286
FPDR:0.23906649616368286
F1:0.7591838290088747
BACC:0.0
CLSFE:0.1456
MCC:0.5184048582929746
GMEAN:0.7414718039813339
SAMPLES:1250.0
AUC:{'AUC macro OVO': 0.7609335038363171}
AVGP:{'avg_precision': 0.9036120194534507}


METRICS_PER_CLASSES
CLASS:0
ACC:0.8544
PREC:0.6130434782608696
REC:0.6025641025641025
TNR:0.9124015748031497
FPR:0.3869565217391304
FPDR:0.3869565217391304
F1:0.6077586206896551
BACC:0
CLSFE:0.3869565217391304
MCC:0.5184048582929746
GMEAN:0.7414718039813339
SAMPLES:230
AUC:{}
AVGP:{}
CLASS:1
ACC:0.8544
PREC:0.9088235294117647
REC:0.9124015748031497
TNR:0.6025641025641025
FPR:0.09117647058823529
FPDR:0.09117647058823529
F1:0.9106090373280943
BACC:0
CLSFE:0.09117647058823529
MCC:0.5184048582929746
GMEAN:0.7414718039813339
SAMPLES:1020
AUC:{}
AVGP:{}
