

GENERAL_METRICS
ACC:0.8392
PREC:0.7332381037407374
REC:0.771869918699187
TNR:0.771869918699187
FPR:0.26676189625926255
FPDR:0.26676189625926255
F1:0.749126060036006
BACC:0.0
CLSFE:0.1608
MCC:0.5036285309691929
GMEAN:0.7646668863985622
SAMPLES:1250.0
AUC:{'AUC macro OVO': 0.7332381037407374}
AVGP:{'avg_precision': 0.8695367356137627}


METRICS_PER_CLASSES
CLASS:0
ACC:0.8392
PREC:0.5434782608695652
REC:0.6666666666666666
TNR:0.8770731707317073
FPR:0.45652173913043476
FPDR:0.45652173913043476
F1:0.5988023952095808
BACC:0
CLSFE:0.45652173913043476
MCC:0.5036285309691929
GMEAN:0.7646668863985622
SAMPLES:276
AUC:{}
AVGP:{}
CLASS:1
ACC:0.8392
PREC:0.9229979466119097
REC:0.8770731707317073
TNR:0.6666666666666666
FPR:0.07700205338809035
FPDR:0.07700205338809035
F1:0.8994497248624312
BACC:0
CLSFE:0.07700205338809035
MCC:0.5036285309691929
GMEAN:0.7646668863985622
SAMPLES:974
AUC:{}
AVGP:{}
