

GENERAL_METRICS
ACC:0.8512
PREC:0.7684869454752115
REC:0.757
TNR:0.757
FPR:0.23151305452478854
FPDR:0.23151305452478854
F1:0.7624652126472715
BACC:0.0
CLSFE:0.1488
MCC:0.5253613803359716
GMEAN:0.7405403432629447
SAMPLES:1250.0
AUC:{'AUC macro OVO': 0.7684869454752115}
AVGP:{'avg_precision': 0.9038619329388561}


METRICS_PER_CLASSES
CLASS:0
ACC:0.8512
PREC:0.635593220338983
REC:0.6
TNR:0.914
FPR:0.3644067796610169
FPDR:0.3644067796610169
F1:0.6172839506172839
BACC:0
CLSFE:0.3644067796610169
MCC:0.5253613803359716
GMEAN:0.7405403432629447
SAMPLES:236
AUC:{}
AVGP:{}
CLASS:1
ACC:0.8512
PREC:0.9013806706114399
REC:0.914
TNR:0.6
FPR:0.09861932938856016
FPDR:0.09861932938856016
F1:0.9076464746772592
BACC:0
CLSFE:0.09861932938856016
MCC:0.5253613803359716
GMEAN:0.7405403432629447
SAMPLES:1014
AUC:{}
AVGP:{}
