

GENERAL_METRICS
ACC:0.8416
PREC:0.7574581678982907
REC:0.7690800584637207
TNR:0.7690800584637207
FPR:0.24254183210170926
FPDR:0.24254183210170926
F1:0.7629537400632123
BACC:0.0
CLSFE:0.1584
MCC:0.5264099500200752
GMEAN:0.7591537104796157
SAMPLES:1250.0
AUC:{'AUC macro OVO': 0.7574581678982908}
AVGP:{'avg_precision': 0.8819399262596621}


METRICS_PER_CLASSES
CLASS:0
ACC:0.8416
PREC:0.608058608058608
REC:0.6459143968871596
TNR:0.892245720040282
FPR:0.39194139194139194
FPDR:0.39194139194139194
F1:0.6264150943396226
BACC:0
CLSFE:0.39194139194139194
MCC:0.5264099500200752
GMEAN:0.7591537104796157
SAMPLES:273
AUC:{}
AVGP:{}
CLASS:1
ACC:0.8416
PREC:0.9068577277379734
REC:0.892245720040282
TNR:0.6459143968871596
FPR:0.0931422722620266
FPDR:0.0931422722620266
F1:0.899492385786802
BACC:0
CLSFE:0.0931422722620266
MCC:0.5264099500200752
GMEAN:0.7591537104796157
SAMPLES:977
AUC:{}
AVGP:{}
