

GENERAL_METRICS
ACC:0.9381176470588235
PREC:0.5771925155738135
REC:0.7381823911918373
TNR:0.7381823911918373
FPR:0.4228074844261865
FPDR:0.4228074844261865
F1:0.6092191760371906
BACC:0.0
CLSFE:0.06188235294117647
MCC:0.27118921764320963
GMEAN:0.7082538277899139
SAMPLES:4250.0
AUC:{'AUC macro OVO': 0.5771925155738136}
AVGP:{'avg_precision': 0.9461531849774528}


METRICS_PER_CLASSES
CLASS:0
ACC:0.9381176470588235
PREC:0.16417910447761194
REC:0.5301204819277109
TNR:0.9462443004559635
FPR:0.835820895522388
FPDR:0.835820895522388
F1:0.25071225071225073
BACC:0
CLSFE:0.835820895522388
MCC:0.27118921764320963
GMEAN:0.7082538277899139
SAMPLES:268
AUC:{}
AVGP:{}
CLASS:1
ACC:0.9381176470588235
PREC:0.9902059266700151
REC:0.9462443004559635
TNR:0.5301204819277109
FPR:0.009794073329984932
FPDR:0.009794073329984932
F1:0.9677261013621303
BACC:0
CLSFE:0.009794073329984932
MCC:0.27118921764320963
GMEAN:0.7082538277899139
SAMPLES:3982
AUC:{}
AVGP:{}
