

GENERAL_METRICS
ACC:0.9411764705882353
PREC:0.5947368421052631
REC:0.7515716830831609
TNR:0.7515716830831609
FPR:0.4052631578947369
FPDR:0.4052631578947369
F1:0.6315477007882973
BACC:0.0
CLSFE:0.058823529411764705
MCC:0.30875949746302367
GMEAN:0.7249174391277201
SAMPLES:4250.0
AUC:{'AUC macro OVO': 0.5947368421052631}
AVGP:{'avg_precision': 0.9498347363057476}


METRICS_PER_CLASSES
CLASS:0
ACC:0.9411764705882353
PREC:0.2
REC:0.5531914893617021
TNR:0.9499518768046198
FPR:0.8
FPDR:0.8
F1:0.2937853107344633
BACC:0
CLSFE:0.8
MCC:0.30875949746302367
GMEAN:0.7249174391277201
SAMPLES:260
AUC:{}
AVGP:{}
CLASS:1
ACC:0.9411764705882353
PREC:0.9894736842105263
REC:0.9499518768046198
TNR:0.5531914893617021
FPR:0.010526315789473684
FPDR:0.010526315789473684
F1:0.9693100908421312
BACC:0
CLSFE:0.010526315789473684
MCC:0.30875949746302367
GMEAN:0.7249174391277201
SAMPLES:3990
AUC:{}
AVGP:{}
