

GENERAL_METRICS
ACC:0.9449411764705883
PREC:0.5922421685554511
REC:0.7498408283627103
TNR:0.7498408283627103
FPR:0.4077578314445489
FPDR:0.4077578314445489
F1:0.6289755023100891
BACC:0.0
CLSFE:0.055058823529411764
MCC:0.3036172577563182
GMEAN:0.7217468421279775
SAMPLES:4250.0
AUC:{'AUC macro OVO': 0.5922421685554511}
AVGP:{'avg_precision': 0.953071641341829}


METRICS_PER_CLASSES
CLASS:0
ACC:0.9449411764705883
PREC:0.19421487603305784
REC:0.5465116279069767
TNR:0.9531700288184438
FPR:0.8057851239669421
FPDR:0.8057851239669421
F1:0.2865853658536585
BACC:0
CLSFE:0.8057851239669421
MCC:0.3036172577563182
GMEAN:0.7217468421279775
SAMPLES:242
AUC:{}
AVGP:{}
CLASS:1
ACC:0.9449411764705883
PREC:0.9902694610778443
REC:0.9531700288184438
TNR:0.5465116279069767
FPR:0.009730538922155689
FPDR:0.009730538922155689
F1:0.9713656387665198
BACC:0
CLSFE:0.009730538922155689
MCC:0.3036172577563182
GMEAN:0.7217468421279775
SAMPLES:4008
AUC:{}
AVGP:{}
