

GENERAL_METRICS
ACC:0.9458823529411765
PREC:0.5849757097375498
REC:0.7667139121880501
TNR:0.7667139121880501
FPR:0.4150242902624503
FPDR:0.4150242902624503
F1:0.6220241409604415
BACC:0.0
CLSFE:0.05411764705882353
MCC:0.3010927032331276
GMEAN:0.7439023290445571
SAMPLES:4250.0
AUC:{'AUC macro OVO': 0.5849757097375496}
AVGP:{'avg_precision': 0.9522749055922413}


METRICS_PER_CLASSES
CLASS:0
ACC:0.9458823529411765
PREC:0.17768595041322313
REC:0.581081081081081
TNR:0.9523467432950191
FPR:0.8223140495867769
FPDR:0.8223140495867769
F1:0.2721518987341772
BACC:0
CLSFE:0.8223140495867769
MCC:0.3010927032331276
GMEAN:0.7439023290445571
SAMPLES:242
AUC:{}
AVGP:{}
CLASS:1
ACC:0.9458823529411765
PREC:0.9922654690618763
REC:0.9523467432950191
TNR:0.581081081081081
FPR:0.007734530938123752
FPDR:0.007734530938123752
F1:0.9718963831867058
BACC:0
CLSFE:0.007734530938123752
MCC:0.3010927032331276
GMEAN:0.7439023290445571
SAMPLES:4008
AUC:{}
AVGP:{}
