

GENERAL_METRICS
ACC:0.9272
PREC:0.5015507137300004
REC:0.6305044035228182
TNR:0.6305044035228182
FPR:0.4984492862699997
FPDR:0.4984492862699997
F1:0.48474363007234983
BACC:0.0
CLSFE:0.0728
MCC:0.02845171139796963
GMEAN:0.5560801721911158
SAMPLES:3750.0
AUC:{'AUC macro OVO': 0.5015507137300004}
AVGP:{'avg_precision': 0.9276753536392465}


METRICS_PER_CLASSES
CLASS:0
ACC:0.9272
PREC:0.003676470588235294
REC:0.3333333333333333
TNR:0.9276754737123032
FPR:0.9963235294117647
FPDR:0.9963235294117647
F1:0.007272727272727273
BACC:0
CLSFE:0.9963235294117647
MCC:0.02845171139796963
GMEAN:0.5560801721911158
SAMPLES:272
AUC:{}
AVGP:{}
CLASS:1
ACC:0.9272
PREC:0.9994249568717654
REC:0.9276754737123032
TNR:0.3333333333333333
FPR:0.0005750431282346176
FPDR:0.0005750431282346176
F1:0.9622145328719723
BACC:0
CLSFE:0.0005750431282346176
MCC:0.02845171139796963
GMEAN:0.5560801721911158
SAMPLES:3478
AUC:{}
AVGP:{}
