

GENERAL_METRICS
ACC:0.9314666666666667
PREC:0.49957093821510296
REC:0.4661062183079797
TNR:0.4661062183079797
FPR:0.500429061784897
FPDR:0.500429061784897
F1:0.48225873256937735
BACC:0.0
CLSFE:0.06853333333333333
MCC:-0.007626932927380006
GMEAN:0.0
SAMPLES:3750.0
AUC:{'AUC macro OVO': 0.49957093821510296}
AVGP:{'avg_precision': 0.9322124831520441}


METRICS_PER_CLASSES
CLASS:0
ACC:0.9314666666666667
PREC:0.0
REC:0.0
TNR:0.9322124366159594
FPR:1.0
FPDR:1.0
F1:0.0
BACC:0
CLSFE:1.0
MCC:-0.007626932927380006
GMEAN:0
SAMPLES:254
AUC:{}
AVGP:{}
CLASS:1
ACC:0.9314666666666667
PREC:0.9991418764302059
REC:0.9322124366159594
TNR:0.0
FPR:0.0008581235697940503
FPDR:0.0008581235697940503
F1:0.9645174651387547
BACC:0
CLSFE:0.0008581235697940503
MCC:-0.007626932927380006
GMEAN:0
SAMPLES:3496
AUC:{}
AVGP:{}
