

GENERAL_METRICS
ACC:0.9344
PREC:0.4997147746719909
REC:0.46744930629669157
TNR:0.46744930629669157
FPR:0.5002852253280091
FPDR:0.5002852253280091
F1:0.48304383788254757
BACC:0.0
CLSFE:0.0656
MCC:-0.006094024052611142
GMEAN:0.0
SAMPLES:3750.0
AUC:{'AUC macro OVO': 0.4997147746719909}
AVGP:{'avg_precision': 0.9348986323998519}


METRICS_PER_CLASSES
CLASS:0
ACC:0.9344
PREC:0.0
REC:0.0
TNR:0.9348986125933831
FPR:1.0
FPDR:1.0
F1:0.0
BACC:0
CLSFE:1.0
MCC:-0.006094024052611142
GMEAN:0
SAMPLES:244
AUC:{}
AVGP:{}
CLASS:1
ACC:0.9344
PREC:0.9994295493439818
REC:0.9348986125933831
TNR:0.0
FPR:0.0005704506560182544
FPDR:0.0005704506560182544
F1:0.9660876757650951
BACC:0
CLSFE:0.0005704506560182544
MCC:-0.006094024052611142
GMEAN:0
SAMPLES:3506
AUC:{}
AVGP:{}
