

GENERAL_METRICS
ACC:0.9344
PREC:0.49942987457240595
REC:0.46769887880405764
TNR:0.46769887880405764
FPR:0.500570125427594
FPDR:0.500570125427594
F1:0.48304383788254757
BACC:0.0
CLSFE:0.0656
MCC:-0.008582701330840898
GMEAN:0.0
SAMPLES:3750.0
AUC:{'AUC macro OVO': 0.49942987457240595}
AVGP:{'avg_precision': 0.9353978361817282}


METRICS_PER_CLASSES
CLASS:0
ACC:0.9344
PREC:0.0
REC:0.0
TNR:0.9353977576081153
FPR:1.0
FPDR:1.0
F1:0.0
BACC:0
CLSFE:1.0
MCC:-0.008582701330840898
GMEAN:0
SAMPLES:242
AUC:{}
AVGP:{}
CLASS:1
ACC:0.9344
PREC:0.9988597491448119
REC:0.9353977576081153
TNR:0.0
FPR:0.0011402508551881414
FPDR:0.0011402508551881414
F1:0.9660876757650951
BACC:0
CLSFE:0.0011402508551881414
MCC:-0.008582701330840898
GMEAN:0
SAMPLES:3508
AUC:{}
AVGP:{}
