

GENERAL_METRICS
ACC:0.8817142857142857
PREC:0.781691114129207
REC:0.7589976931498279
TNR:0.7589976931498279
FPR:0.21830888587079303
FPDR:0.21830888587079303
F1:0.7695110707857111
BACC:0.0
CLSFE:0.11828571428571429
MCC:0.5402123609850834
GMEAN:0.7373788157966104
SAMPLES:1750.0
AUC:{'AUC macro OVO': 0.7816911141292069}
AVGP:{'avg_precision': 0.9324360070274593}


METRICS_PER_CLASSES
CLASS:0
ACC:0.8817142857142857
PREC:0.6414342629482072
REC:0.579136690647482
TNR:0.938858695652174
FPR:0.35856573705179284
FPDR:0.35856573705179284
F1:0.6086956521739131
BACC:0
CLSFE:0.35856573705179284
MCC:0.5402123609850834
GMEAN:0.7373788157966104
SAMPLES:251
AUC:{}
AVGP:{}
CLASS:1
ACC:0.8817142857142857
PREC:0.9219479653102068
REC:0.938858695652174
TNR:0.579136690647482
FPR:0.0780520346897932
FPDR:0.0780520346897932
F1:0.9303264893975093
BACC:0
CLSFE:0.0780520346897932
MCC:0.5402123609850834
GMEAN:0.7373788157966104
SAMPLES:1499
AUC:{}
AVGP:{}
