

GENERAL_METRICS
ACC:0.8697142857142857
PREC:0.7713204272918095
REC:0.7426693371500799
TNR:0.7426693371500799
FPR:0.22867957270819045
FPDR:0.22867957270819045
F1:0.7555272890365937
BACC:0.0
CLSFE:0.13028571428571428
MCC:0.5131906010292078
GMEAN:0.7174232908796528
SAMPLES:1750.0
AUC:{'AUC macro OVO': 0.7713204272918096}
AVGP:{'avg_precision': 0.927345184403937}


METRICS_PER_CLASSES
CLASS:0
ACC:0.8697142857142857
PREC:0.6317829457364341
REC:0.5506756756756757
TNR:0.9346629986244842
FPR:0.3682170542635659
FPDR:0.3682170542635659
F1:0.5884476534296029
BACC:0
CLSFE:0.3682170542635659
MCC:0.5131906010292078
GMEAN:0.7174232908796528
SAMPLES:258
AUC:{}
AVGP:{}
CLASS:1
ACC:0.8697142857142857
PREC:0.910857908847185
REC:0.9346629986244842
TNR:0.5506756756756757
FPR:0.08914209115281502
FPDR:0.08914209115281502
F1:0.9226069246435845
BACC:0
CLSFE:0.08914209115281502
MCC:0.5131906010292078
GMEAN:0.7174232908796528
SAMPLES:1492
AUC:{}
AVGP:{}
