

GENERAL_METRICS
ACC:0.8857142857142857
PREC:0.7621879414191782
REC:0.7438019011417227
TNR:0.7438019011417227
FPR:0.23781205858082174
FPDR:0.23781205858082174
F1:0.7524479362645384
BACC:0.0
CLSFE:0.11428571428571428
MCC:0.5056556874966612
GMEAN:0.7173828377422491
SAMPLES:1750.0
AUC:{'AUC macro OVO': 0.7621879414191781}
AVGP:{'avg_precision': 0.935401292859598}


METRICS_PER_CLASSES
CLASS:0
ACC:0.8857142857142857
PREC:0.5964125560538116
REC:0.5473251028806584
TNR:0.940278699402787
FPR:0.40358744394618834
FPDR:0.40358744394618834
F1:0.5708154506437768
BACC:0
CLSFE:0.40358744394618834
MCC:0.5056556874966612
GMEAN:0.7173828377422491
SAMPLES:223
AUC:{}
AVGP:{}
CLASS:1
ACC:0.8857142857142857
PREC:0.9279633267845449
REC:0.940278699402787
TNR:0.5473251028806584
FPR:0.07203667321545514
FPDR:0.07203667321545514
F1:0.9340804218852999
BACC:0
CLSFE:0.07203667321545514
MCC:0.5056556874966612
GMEAN:0.7173828377422491
SAMPLES:1527
AUC:{}
AVGP:{}
