

GENERAL_METRICS
ACC:0.8817142857142857
PREC:0.7501800669237659
REC:0.7597406181015453
TNR:0.7597406181015453
FPR:0.2498199330762341
FPDR:0.2498199330762341
F1:0.7548088930763717
BACC:0.0
CLSFE:0.11828571428571429
MCC:0.5098310513080384
GMEAN:0.740916293276362
SAMPLES:1750.0
AUC:{'AUC macro OVO': 0.7501800669237658}
AVGP:{'avg_precision': 0.9231569125553901}


METRICS_PER_CLASSES
CLASS:0
ACC:0.8817142857142857
PREC:0.5657370517928287
REC:0.5916666666666667
TNR:0.9278145695364238
FPR:0.4342629482071713
FPDR:0.4342629482071713
F1:0.5784114052953157
BACC:0
CLSFE:0.4342629482071713
MCC:0.5098310513080384
GMEAN:0.740916293276362
SAMPLES:251
AUC:{}
AVGP:{}
CLASS:1
ACC:0.8817142857142857
PREC:0.9346230820547031
REC:0.9278145695364238
TNR:0.5916666666666667
FPR:0.06537691794529686
FPDR:0.06537691794529686
F1:0.9312063808574277
BACC:0
CLSFE:0.06537691794529686
MCC:0.5098310513080384
GMEAN:0.740916293276362
SAMPLES:1499
AUC:{}
AVGP:{}
