

GENERAL_METRICS
ACC:0.8026666666666666
PREC:0.796
REC:0.7788160115746323
TNR:0.7788160115746323
FPR:0.20400000000000001
FPDR:0.20400000000000001
F1:0.7851768130302843
BACC:0.0
CLSFE:0.19733333333333333
MCC:0.57455909853066
GMEAN:0.7723051656366555
SAMPLES:750.0
AUC:{'AUC macro OVO': 0.796}
AVGP:{'avg_precision': 0.840183908045977}


METRICS_PER_CLASSES
CLASS:0
ACC:0.8026666666666666
PREC:0.776
REC:0.6783216783216783
TNR:0.8793103448275862
FPR:0.224
FPDR:0.224
F1:0.7238805970149254
BACC:0
CLSFE:0.224
MCC:0.57455909853066
GMEAN:0.7723051656366555
SAMPLES:250
AUC:{}
AVGP:{}
CLASS:1
ACC:0.8026666666666666
PREC:0.816
REC:0.8793103448275862
TNR:0.6783216783216783
FPR:0.184
FPDR:0.184
F1:0.8464730290456431
BACC:0
CLSFE:0.184
MCC:0.57455909853066
GMEAN:0.7723051656366555
SAMPLES:500
AUC:{}
AVGP:{}
