

GENERAL_METRICS
ACC:0.816
PREC:0.80542346742064
REC:0.7915414340918849
TNR:0.7915414340918849
FPR:0.19457653257935997
FPDR:0.19457653257935997
F1:0.7972639447147591
BACC:0.0
CLSFE:0.184
MCC:0.5968034708247917
GMEAN:0.7863148937068813
SAMPLES:750.0
AUC:{'AUC macro OVO': 0.8054234674206401}
AVGP:{'avg_precision': 0.8475569096164361}


METRICS_PER_CLASSES
CLASS:0
ACC:0.816
PREC:0.7741935483870968
REC:0.7007299270072993
TNR:0.8823529411764706
FPR:0.22580645161290322
FPDR:0.22580645161290322
F1:0.735632183908046
BACC:0
CLSFE:0.22580645161290322
MCC:0.5968034708247917
GMEAN:0.7863148937068813
SAMPLES:248
AUC:{}
AVGP:{}
CLASS:1
ACC:0.816
PREC:0.8366533864541833
REC:0.8823529411764706
TNR:0.7007299270072993
FPR:0.16334661354581673
FPDR:0.16334661354581673
F1:0.8588957055214724
BACC:0
CLSFE:0.16334661354581673
MCC:0.5968034708247917
GMEAN:0.7863148937068813
SAMPLES:502
AUC:{}
AVGP:{}
