

GENERAL_METRICS
ACC:0.8106666666666666
PREC:0.8022738704500635
REC:0.7872735964306581
TNR:0.7872735964306581
FPR:0.1977261295499365
FPDR:0.1977261295499365
F1:0.7931942459454422
BACC:0.0
CLSFE:0.18933333333333333
MCC:0.5893566046841405
GMEAN:0.7817227482920802
SAMPLES:750.0
AUC:{'AUC macro OVO': 0.8022738704500635}
AVGP:{'avg_precision': 0.8434974625868652}


METRICS_PER_CLASSES
CLASS:0
ACC:0.8106666666666666
PREC:0.7768924302788844
REC:0.693950177935943
TNR:0.8805970149253731
FPR:0.22310756972111553
FPDR:0.22310756972111553
F1:0.7330827067669173
BACC:0
CLSFE:0.22310756972111553
MCC:0.5893566046841405
GMEAN:0.7817227482920802
SAMPLES:251
AUC:{}
AVGP:{}
CLASS:1
ACC:0.8106666666666666
PREC:0.8276553106212425
REC:0.8805970149253731
TNR:0.693950177935943
FPR:0.17234468937875752
FPDR:0.17234468937875752
F1:0.8533057851239669
BACC:0
CLSFE:0.17234468937875752
MCC:0.5893566046841405
GMEAN:0.7817227482920802
SAMPLES:499
AUC:{}
AVGP:{}
