

GENERAL_METRICS
ACC:0.7893333333333333
PREC:0.7851317342944137
REC:0.7713236163670767
TNR:0.7713236163670767
FPR:0.21486826570558626
FPDR:0.21486826570558626
F1:0.7761515444598924
BACC:0.0
CLSFE:0.21066666666666667
MCC:0.5562840040474892
GMEAN:0.7657551645864513
SAMPLES:750.0
AUC:{'AUC macro OVO': 0.7851317342944136}
AVGP:{'avg_precision': 0.8200478035222354}


METRICS_PER_CLASSES
CLASS:0
ACC:0.7893333333333333
PREC:0.7706766917293233
REC:0.6788079470198676
TNR:0.8638392857142857
FPR:0.22932330827067668
FPDR:0.22932330827067668
F1:0.721830985915493
BACC:0
CLSFE:0.22932330827067668
MCC:0.5562840040474892
GMEAN:0.7657551645864513
SAMPLES:266
AUC:{}
AVGP:{}
CLASS:1
ACC:0.7893333333333333
PREC:0.7995867768595041
REC:0.8638392857142857
TNR:0.6788079470198676
FPR:0.20041322314049587
FPDR:0.20041322314049587
F1:0.8304721030042919
BACC:0
CLSFE:0.20041322314049587
MCC:0.5562840040474892
GMEAN:0.7657551645864513
SAMPLES:484
AUC:{}
AVGP:{}
