

GENERAL_METRICS
ACC:0.93075
PREC:0.49990112800055025
REC:0.4992972324709154
TNR:0.4992972324709154
FPR:0.5000988719994498
FPDR:0.5000988719994498
F1:0.48917469902569755
BACC:0.0
CLSFE:0.06925
MCC:-0.0005271964747566634
GMEAN:0.23842772926183683
SAMPLES:4000.0
AUC:{'AUC macro OVO': 0.49990112800055025}
AVGP:{'avg_precision': 0.9379885001421643}


METRICS_PER_CLASSES
CLASS:0
ACC:0.93075
PREC:0.008064516129032258
REC:0.06060606060606061
TNR:0.9379884043357701
FPR:0.9919354838709677
FPDR:0.9919354838709677
F1:0.014234875444839857
BACC:0
CLSFE:0.9919354838709677
MCC:-0.0005271964747566634
GMEAN:0.23842772926183683
SAMPLES:248
AUC:{}
AVGP:{}
CLASS:1
ACC:0.93075
PREC:0.9917377398720683
REC:0.9379884043357701
TNR:0.06060606060606061
FPR:0.00826226012793177
FPDR:0.00826226012793177
F1:0.9641145226065553
BACC:0
CLSFE:0.00826226012793177
MCC:-0.0005271964747566634
GMEAN:0.23842772926183683
SAMPLES:3752
AUC:{}
AVGP:{}
