

GENERAL_METRICS
ACC:0.9285
PREC:0.5018922254216371
REC:0.5144909274193548
TNR:0.5144909274193548
FPR:0.49810777457836286
FPDR:0.49810777457836286
F1:0.49172181899609724
BACC:0.0
CLSFE:0.0715
MCC:0.01047284130425026
GMEAN:0.29610468822889147
SAMPLES:4000.0
AUC:{'AUC macro OVO': 0.5018922254216371}
AVGP:{'avg_precision': 0.9352300570338106}


METRICS_PER_CLASSES
CLASS:0
ACC:0.9285
PREC:0.011538461538461539
REC:0.09375
TNR:0.9352318548387096
FPR:0.9884615384615385
FPDR:0.9884615384615385
F1:0.02054794520547945
BACC:0
CLSFE:0.9884615384615385
MCC:0.01047284130425026
GMEAN:0.29610468822889147
SAMPLES:260
AUC:{}
AVGP:{}
CLASS:1
ACC:0.9285
PREC:0.9922459893048128
REC:0.9352318548387096
TNR:0.09375
FPR:0.007754010695187166
FPDR:0.007754010695187166
F1:0.962895692786715
BACC:0
CLSFE:0.007754010695187166
MCC:0.01047284130425026
GMEAN:0.29610468822889147
SAMPLES:3740
AUC:{}
AVGP:{}
