

GENERAL_METRICS
ACC:0.9315
PREC:0.49508370980600586
REC:0.47009841029523086
TNR:0.47009841029523086
FPR:0.5049162901939942
FPDR:0.5049162901939942
F1:0.4822676676158426
BACC:0.0
CLSFE:0.0685
MCC:-0.024249114808618723
GMEAN:0.0
SAMPLES:4000.0
AUC:{'AUC macro OVO': 0.49508370980600586}
AVGP:{'avg_precision': 0.940202259771475}


METRICS_PER_CLASSES
CLASS:0
ACC:0.9315
PREC:0.0
REC:0.0
TNR:0.9401968205904617
FPR:1.0
FPDR:1.0
F1:0.0
BACC:0
CLSFE:1.0
MCC:-0.024249114808618723
GMEAN:0
SAMPLES:237
AUC:{}
AVGP:{}
CLASS:1
ACC:0.9315
PREC:0.9901674196120117
REC:0.9401968205904617
TNR:0.0
FPR:0.009832580387988307
FPDR:0.009832580387988307
F1:0.9645353352316852
BACC:0
CLSFE:0.009832580387988307
MCC:-0.024249114808618723
GMEAN:0
SAMPLES:3763
AUC:{}
AVGP:{}
