

GENERAL_METRICS
ACC:0.93575
PREC:0.4997186178795186
REC:0.49842583490528436
TNR:0.49842583490528436
FPR:0.5002813821204815
FPDR:0.5002813821204815
F1:0.49105862281849555
BACC:0.0
CLSFE:0.06425
MCC:-0.0013310776270960248
GMEAN:0.22292553522635739
SAMPLES:4000.0
AUC:{'AUC macro OVO': 0.4997186178795186}
AVGP:{'avg_precision': 0.9442203759383724}


METRICS_PER_CLASSES
CLASS:0
ACC:0.93575
PREC:0.008968609865470852
REC:0.05263157894736842
TNR:0.9442200908632004
FPR:0.9910313901345291
FPDR:0.9910313901345291
F1:0.01532567049808429
BACC:0
CLSFE:0.9910313901345291
MCC:-0.0013310776270960248
GMEAN:0.22292553522635739
SAMPLES:223
AUC:{}
AVGP:{}
CLASS:1
ACC:0.93575
PREC:0.9904686258935663
REC:0.9442200908632004
TNR:0.05263157894736842
FPR:0.009531374106433678
FPDR:0.009531374106433678
F1:0.9667915751389068
BACC:0
CLSFE:0.009531374106433678
MCC:-0.0013310776270960248
GMEAN:0.22292553522635739
SAMPLES:3777
AUC:{}
AVGP:{}
