

GENERAL_METRICS
ACC:0.926
PREC:0.5222970215465013
REC:0.621505687295161
TNR:0.621505687295161
FPR:0.47770297845349874
FPDR:0.47770297845349874
F1:0.5263288526603179
BACC:0.0
CLSFE:0.074
MCC:0.1041002387632738
GMEAN:0.53752825719444
SAMPLES:3500.0
AUC:{'AUC macro OVO': 0.5222970215465013}
AVGP:{'avg_precision': 0.9334616000808331}


METRICS_PER_CLASSES
CLASS:0
ACC:0.926
PREC:0.053497942386831275
REC:0.30952380952380953
TNR:0.9334875650665124
FPR:0.9465020576131687
FPDR:0.9465020576131687
F1:0.0912280701754386
BACC:0
CLSFE:0.9465020576131687
MCC:0.1041002387632738
GMEAN:0.53752825719444
SAMPLES:243
AUC:{}
AVGP:{}
CLASS:1
ACC:0.926
PREC:0.9910961007061713
REC:0.9334875650665124
TNR:0.30952380952380953
FPR:0.008903899293828677
FPDR:0.008903899293828677
F1:0.9614296351451973
BACC:0
CLSFE:0.008903899293828677
MCC:0.1041002387632738
GMEAN:0.53752825719444
SAMPLES:3257
AUC:{}
AVGP:{}
