

GENERAL_METRICS
ACC:0.9311428571428572
PREC:0.5266321829490994
REC:0.652870260573444
TNR:0.652870260573444
FPR:0.4733678170509006
FPDR:0.4733678170509006
F1:0.534142366313771
BACC:0.0
CLSFE:0.06885714285714285
MCC:0.12761298910484722
GMEAN:0.5876463436817099
SAMPLES:3500.0
AUC:{'AUC macro OVO': 0.5266321829490994}
AVGP:{'avg_precision': 0.9372950979908774}


METRICS_PER_CLASSES
CLASS:0
ACC:0.9311428571428572
PREC:0.06060606060606061
REC:0.3684210526315789
TNR:0.9373194685153091
FPR:0.9393939393939394
FPDR:0.9393939393939394
F1:0.10408921933085502
BACC:0
CLSFE:0.9393939393939394
MCC:0.12761298910484722
GMEAN:0.5876463436817099
SAMPLES:231
AUC:{}
AVGP:{}
CLASS:1
ACC:0.9311428571428572
PREC:0.9926583052921383
REC:0.9373194685153091
TNR:0.3684210526315789
FPR:0.007341694707861731
FPDR:0.007341694707861731
F1:0.964195513296687
BACC:0
CLSFE:0.007341694707861731
MCC:0.12761298910484722
GMEAN:0.5876463436817099
SAMPLES:3269
AUC:{}
AVGP:{}
