

GENERAL_METRICS
ACC:0.9225714285714286
PREC:0.5194001692897006
REC:0.626643825459881
TNR:0.626643825459881
FPR:0.48059983071029944
FPDR:0.48059983071029944
F1:0.5204691666982646
BACC:0.0
CLSFE:0.07742857142857143
MCC:0.09913448750897909
GMEAN:0.5488947105047943
SAMPLES:3500.0
AUC:{'AUC macro OVO': 0.5194001692897006}
AVGP:{'avg_precision': 0.92894267875221}


METRICS_PER_CLASSES
CLASS:0
ACC:0.9225714285714286
PREC:0.046511627906976744
REC:0.32432432432432434
TNR:0.9289633265954375
FPR:0.9534883720930233
FPDR:0.9534883720930233
F1:0.08135593220338982
BACC:0
CLSFE:0.9534883720930233
MCC:0.09913448750897909
GMEAN:0.5488947105047943
SAMPLES:258
AUC:{}
AVGP:{}
CLASS:1
ACC:0.9225714285714286
PREC:0.9922887106724244
REC:0.9289633265954375
TNR:0.32432432432432434
FPR:0.0077112893275755705
FPDR:0.0077112893275755705
F1:0.9595824011931394
BACC:0
CLSFE:0.0077112893275755705
MCC:0.09913448750897909
GMEAN:0.5488947105047943
SAMPLES:3242
AUC:{}
AVGP:{}
