

GENERAL_METRICS
ACC:0.9231428571428572
PREC:0.5287078340010811
REC:0.6671004434162329
TNR:0.6671004434162329
FPR:0.4712921659989188
FPDR:0.4712921659989188
F1:0.5360219910299228
BACC:0.0
CLSFE:0.07685714285714286
MCC:0.13852208186567613
GMEAN:0.6133526658806058
SAMPLES:3500.0
AUC:{'AUC macro OVO': 0.5287078340010812}
AVGP:{'avg_precision': 0.9294080279902739}


METRICS_PER_CLASSES
CLASS:0
ACC:0.9231428571428572
PREC:0.06513409961685823
REC:0.40476190476190477
TNR:0.929438982070561
FPR:0.9348659003831418
FPDR:0.9348659003831418
F1:0.11221122112211221
BACC:0
CLSFE:0.9348659003831418
MCC:0.13852208186567613
GMEAN:0.6133526658806058
SAMPLES:261
AUC:{}
AVGP:{}
CLASS:1
ACC:0.9231428571428572
PREC:0.9922815683853041
REC:0.929438982070561
TNR:0.40476190476190477
FPR:0.007718431614695894
FPDR:0.007718431614695894
F1:0.9598327609377333
BACC:0
CLSFE:0.007718431614695894
MCC:0.13852208186567613
GMEAN:0.6133526658806058
SAMPLES:3239
AUC:{}
AVGP:{}
