

GENERAL_METRICS
ACC:0.9246153846153846
PREC:0.5823435159706015
REC:0.6783876069410688
TNR:0.6783876069410688
FPR:0.4176564840293984
FPDR:0.4176564840293984
F1:0.6078086588952444
BACC:0.0
CLSFE:0.07538461538461538
MCC:0.242396887447915
GMEAN:0.6255232459087677
SAMPLES:3250.0
AUC:{'AUC macro OVO': 0.5823435159706016}
AVGP:{'avg_precision': 0.9407171634507977}


METRICS_PER_CLASSES
CLASS:0
ACC:0.9246153846153846
PREC:0.18421052631578946
REC:0.4158415841584158
TNR:0.9409336297237219
FPR:0.8157894736842105
FPDR:0.8157894736842105
F1:0.2553191489361702
BACC:0
CLSFE:0.8157894736842105
MCC:0.242396887447915
GMEAN:0.6255232459087677
SAMPLES:228
AUC:{}
AVGP:{}
CLASS:1
ACC:0.9246153846153846
PREC:0.9804765056254137
REC:0.9409336297237219
TNR:0.4158415841584158
FPR:0.019523494374586368
FPDR:0.019523494374586368
F1:0.9602981688543186
BACC:0
CLSFE:0.019523494374586368
MCC:0.242396887447915
GMEAN:0.6255232459087677
SAMPLES:3022
AUC:{}
AVGP:{}
