

GENERAL_METRICS
ACC:0.9246153846153846
PREC:0.5866236194911965
REC:0.6948412698412698
TNR:0.6948412698412698
FPR:0.4133763805088035
FPDR:0.4133763805088035
F1:0.6144581230102528
BACC:0.0
CLSFE:0.07538461538461538
MCC:0.25982960585669757
GMEAN:0.6502746672423453
SAMPLES:3250.0
AUC:{'AUC macro OVO': 0.5866236194911966}
AVGP:{'avg_precision': 0.9394638123991358}


METRICS_PER_CLASSES
CLASS:0
ACC:0.9246153846153846
PREC:0.19148936170212766
REC:0.45
TNR:0.9396825396825397
FPR:0.8085106382978723
FPDR:0.8085106382978723
F1:0.26865671641791045
BACC:0
CLSFE:0.8085106382978723
MCC:0.25982960585669757
GMEAN:0.6502746672423453
SAMPLES:235
AUC:{}
AVGP:{}
CLASS:1
ACC:0.9246153846153846
PREC:0.9817578772802653
REC:0.9396825396825397
TNR:0.45
FPR:0.01824212271973466
FPDR:0.01824212271973466
F1:0.9602595296025953
BACC:0
CLSFE:0.01824212271973466
MCC:0.25982960585669757
GMEAN:0.6502746672423453
SAMPLES:3015
AUC:{}
AVGP:{}
