

GENERAL_METRICS
ACC:0.9252307692307692
PREC:0.5798255303246553
REC:0.7127385117455091
TNR:0.7127385117455091
FPR:0.4201744696753446
FPDR:0.4201744696753446
F1:0.6087578787171717
BACC:0.0
CLSFE:0.07476923076923077
MCC:0.2606297336879519
GMEAN:0.676502694950252
SAMPLES:3250.0
AUC:{'AUC macro OVO': 0.5798255303246554}
AVGP:{'avg_precision': 0.9369402956484367}


METRICS_PER_CLASSES
CLASS:0
ACC:0.9252307692307692
PREC:0.17427385892116182
REC:0.4883720930232558
TNR:0.9371049304677623
FPR:0.8257261410788381
FPDR:0.8257261410788381
F1:0.25688073394495414
BACC:0
CLSFE:0.8257261410788381
MCC:0.2606297336879519
GMEAN:0.676502694950252
SAMPLES:241
AUC:{}
AVGP:{}
CLASS:1
ACC:0.9252307692307692
PREC:0.9853772017281489
REC:0.9371049304677623
TNR:0.4883720930232558
FPR:0.014622798271851114
FPDR:0.014622798271851114
F1:0.9606350234893892
BACC:0
CLSFE:0.014622798271851114
MCC:0.2606297336879519
GMEAN:0.676502694950252
SAMPLES:3009
AUC:{}
AVGP:{}
