

GENERAL_METRICS
ACC:0.912
PREC:0.5657551507507091
REC:0.6553410553410554
TNR:0.6553410553410554
FPR:0.43424484924929085
FPDR:0.43424484924929085
F1:0.585976934082361
BACC:0.0
CLSFE:0.088
MCC:0.20213336698056905
GMEAN:0.5951325517754462
SAMPLES:3250.0
AUC:{'AUC macro OVO': 0.5657551507507091}
AVGP:{'avg_precision': 0.9295114519002108}


METRICS_PER_CLASSES
CLASS:0
ACC:0.912
PREC:0.1532567049808429
REC:0.38095238095238093
TNR:0.9297297297297298
FPR:0.8467432950191571
FPDR:0.8467432950191571
F1:0.2185792349726776
BACC:0
CLSFE:0.8467432950191571
MCC:0.20213336698056905
GMEAN:0.5951325517754462
SAMPLES:261
AUC:{}
AVGP:{}
CLASS:1
ACC:0.912
PREC:0.9782535965205754
REC:0.9297297297297298
TNR:0.38095238095238093
FPR:0.021746403479424557
FPDR:0.021746403479424557
F1:0.9533746331920443
BACC:0
CLSFE:0.021746403479424557
MCC:0.20213336698056905
GMEAN:0.5951325517754462
SAMPLES:2989
AUC:{}
AVGP:{}
