

GENERAL_METRICS
ACC:0.8836363636363637
PREC:0.6630006631885399
REC:0.6531138332420761
TNR:0.6531138332420761
FPR:0.33699933681146016
FPDR:0.33699933681146016
F1:0.6578197518882128
BACC:0.0
CLSFE:0.11636363636363636
MCC:0.315959847840183
GMEAN:0.587128714018448
SAMPLES:2750.0
AUC:{'AUC macro OVO': 0.6630006631885399}
AVGP:{'avg_precision': 0.9371773936491379}


METRICS_PER_CLASSES
CLASS:0
ACC:0.8836363636363637
PREC:0.39357429718875503
REC:0.36704119850187267
TNR:0.9391864679822794
FPR:0.606425702811245
FPDR:0.606425702811245
F1:0.3798449612403101
BACC:0
CLSFE:0.606425702811245
MCC:0.315959847840183
GMEAN:0.587128714018448
SAMPLES:249
AUC:{}
AVGP:{}
CLASS:1
ACC:0.8836363636363637
PREC:0.9324270291883247
REC:0.9391864679822794
TNR:0.36704119850187267
FPR:0.06757297081167533
FPDR:0.06757297081167533
F1:0.9357945425361156
BACC:0
CLSFE:0.06757297081167533
MCC:0.315959847840183
GMEAN:0.587128714018448
SAMPLES:2501
AUC:{}
AVGP:{}
