

GENERAL_METRICS
ACC:0.833
PREC:0.8138914934909178
REC:0.7736657493619266
TNR:0.7736657493619266
FPR:0.18610850650908217
FPDR:0.18610850650908217
F1:0.7889151375653952
BACC:0.0
CLSFE:0.167
MCC:0.5861786443893238
GMEAN:0.7591663438976521
SAMPLES:1000.0
AUC:{'AUC macro OVO': 0.8138914934909177}
AVGP:{'avg_precision': 0.8981869047753858}


METRICS_PER_CLASSES
CLASS:0
ACC:0.833
PREC:0.7768595041322314
REC:0.6245847176079734
TNR:0.9227467811158798
FPR:0.2231404958677686
FPDR:0.2231404958677686
F1:0.6924493554327809
BACC:0
CLSFE:0.2231404958677686
MCC:0.5861786443893238
GMEAN:0.7591663438976521
SAMPLES:242
AUC:{}
AVGP:{}
CLASS:1
ACC:0.833
PREC:0.8509234828496042
REC:0.9227467811158798
TNR:0.6245847176079734
FPR:0.14907651715039577
FPDR:0.14907651715039577
F1:0.8853809196980096
BACC:0
CLSFE:0.14907651715039577
MCC:0.5861786443893238
GMEAN:0.7591663438976521
SAMPLES:758
AUC:{}
AVGP:{}
