

GENERAL_METRICS
ACC:0.835
PREC:0.787157622310334
REC:0.7712499216448316
TNR:0.7712499216448316
FPR:0.21284237768966605
FPDR:0.21284237768966605
F1:0.778516057585825
BACC:0.0
CLSFE:0.165
MCC:0.5581809117173187
GMEAN:0.7599194631155753
SAMPLES:1000.0
AUC:{'AUC macro OVO': 0.7871576223103339}
AVGP:{'avg_precision': 0.8859050103683501}


METRICS_PER_CLASSES
CLASS:0
ACC:0.835
PREC:0.6962025316455697
REC:0.6395348837209303
TNR:0.9029649595687331
FPR:0.3037974683544304
FPDR:0.3037974683544304
F1:0.6666666666666666
BACC:0
CLSFE:0.3037974683544304
MCC:0.5581809117173187
GMEAN:0.7599194631155753
SAMPLES:237
AUC:{}
AVGP:{}
CLASS:1
ACC:0.835
PREC:0.8781127129750983
REC:0.9029649595687331
TNR:0.6395348837209303
FPR:0.1218872870249017
FPDR:0.1218872870249017
F1:0.8903654485049833
BACC:0
CLSFE:0.1218872870249017
MCC:0.5581809117173187
GMEAN:0.7599194631155753
SAMPLES:763
AUC:{}
AVGP:{}
