

GENERAL_METRICS
ACC:0.818
PREC:0.8074188165832371
REC:0.7695836766301534
TNR:0.7695836766301534
FPR:0.19258118341676295
FPDR:0.19258118341676295
F1:0.7829188116355517
BACC:0.0
CLSFE:0.182
MCC:0.5757606962612152
GMEAN:0.7558081162419752
SAMPLES:1000.0
AUC:{'AUC macro OVO': 0.8074188165832372}
AVGP:{'avg_precision': 0.8840082509765526}


METRICS_PER_CLASSES
CLASS:0
ACC:0.818
PREC:0.7849056603773585
REC:0.6246246246246246
TNR:0.9145427286356822
FPR:0.21509433962264152
FPDR:0.21509433962264152
F1:0.6956521739130435
BACC:0
CLSFE:0.21509433962264152
MCC:0.5757606962612152
GMEAN:0.7558081162419752
SAMPLES:265
AUC:{}
AVGP:{}
CLASS:1
ACC:0.818
PREC:0.8299319727891157
REC:0.9145427286356822
TNR:0.6246246246246246
FPR:0.17006802721088435
FPDR:0.17006802721088435
F1:0.8701854493580599
BACC:0
CLSFE:0.17006802721088435
MCC:0.5757606962612152
GMEAN:0.7558081162419752
SAMPLES:735
AUC:{}
AVGP:{}
