

GENERAL_METRICS
ACC:0.824
PREC:0.7949447495533647
REC:0.759786304031083
TNR:0.759786304031083
FPR:0.20505525044663536
FPDR:0.20505525044663536
F1:0.7735507246376812
BACC:0.0
CLSFE:0.176
MCC:0.5536157742689131
GMEAN:0.7442445508250191
SAMPLES:1000.0
AUC:{'AUC macro OVO': 0.7949447495533647}
AVGP:{'avg_precision': 0.8901339691693468}


METRICS_PER_CLASSES
CLASS:0
ACC:0.824
PREC:0.7394957983193278
REC:0.6068965517241379
TNR:0.9126760563380282
FPR:0.2605042016806723
FPDR:0.2605042016806723
F1:0.6666666666666666
BACC:0
CLSFE:0.2605042016806723
MCC:0.5536157742689131
GMEAN:0.7442445508250191
SAMPLES:238
AUC:{}
AVGP:{}
CLASS:1
ACC:0.824
PREC:0.8503937007874016
REC:0.9126760563380282
TNR:0.6068965517241379
FPR:0.14960629921259844
FPDR:0.14960629921259844
F1:0.8804347826086957
BACC:0
CLSFE:0.14960629921259844
MCC:0.5536157742689131
GMEAN:0.7442445508250191
SAMPLES:762
AUC:{}
AVGP:{}
