

GENERAL_METRICS
ACC:0.864
PREC:0.7417124442510605
REC:0.7400251144326974
TNR:0.7400251144326974
FPR:0.2582875557489394
FPDR:0.2582875557489394
F1:0.7408633147138826
BACC:0.0
CLSFE:0.136
MCC:0.4817346036612599
GMEAN:0.7177510375446418
SAMPLES:1500.0
AUC:{'AUC macro OVO': 0.7417124442510606}
AVGP:{'avg_precision': 0.9141380088806494}


METRICS_PER_CLASSES
CLASS:0
ACC:0.864
PREC:0.5646551724137931
REC:0.5598290598290598
TNR:0.9202211690363349
FPR:0.4353448275862069
FPDR:0.4353448275862069
F1:0.5622317596566524
BACC:0
CLSFE:0.4353448275862069
MCC:0.4817346036612599
GMEAN:0.7177510375446418
SAMPLES:232
AUC:{}
AVGP:{}
CLASS:1
ACC:0.864
PREC:0.918769716088328
REC:0.9202211690363349
TNR:0.5598290598290598
FPR:0.08123028391167192
FPDR:0.08123028391167192
F1:0.9194948697711128
BACC:0
CLSFE:0.08123028391167192
MCC:0.4817346036612599
GMEAN:0.7177510375446418
SAMPLES:1268
AUC:{}
AVGP:{}
