

GENERAL_METRICS
ACC:0.8526666666666667
PREC:0.7144955168504586
REC:0.7321568627450981
TNR:0.7321568627450981
FPR:0.28550448314954135
FPDR:0.28550448314954135
F1:0.7226570376090443
BACC:0.0
CLSFE:0.14733333333333334
MCC:0.44630306413866705
GMEAN:0.7116288964583365
SAMPLES:1500.0
AUC:{'AUC macro OVO': 0.7144955168504586}
AVGP:{'avg_precision': 0.8988064900081438}


METRICS_PER_CLASSES
CLASS:0
ACC:0.8526666666666667
PREC:0.5080645161290323
REC:0.56
TNR:0.9043137254901961
FPR:0.49193548387096775
FPDR:0.49193548387096775
F1:0.53276955602537
BACC:0
CLSFE:0.49193548387096775
MCC:0.44630306413866705
GMEAN:0.7116288964583365
SAMPLES:248
AUC:{}
AVGP:{}
CLASS:1
ACC:0.8526666666666667
PREC:0.920926517571885
REC:0.9043137254901961
TNR:0.56
FPR:0.07907348242811502
FPDR:0.07907348242811502
F1:0.9125445191927186
BACC:0
CLSFE:0.07907348242811502
MCC:0.44630306413866705
GMEAN:0.7116288964583365
SAMPLES:1252
AUC:{}
AVGP:{}
