

GENERAL_METRICS
ACC:0.8613333333333333
PREC:0.7312000000000001
REC:0.7509342743223906
TNR:0.7509342743223906
FPR:0.26880000000000004
FPDR:0.26880000000000004
F1:0.7403081676410659
BACC:0.0
CLSFE:0.13866666666666666
MCC:0.4817302324884196
GMEAN:0.7341211652927949
SAMPLES:1500.0
AUC:{'AUC macro OVO': 0.7312000000000001}
AVGP:{'avg_precision': 0.9033829408686551}


METRICS_PER_CLASSES
CLASS:0
ACC:0.8613333333333333
PREC:0.536
REC:0.5929203539823009
TNR:0.9089481946624803
FPR:0.464
FPDR:0.464
F1:0.5630252100840336
BACC:0
CLSFE:0.464
MCC:0.4817302324884196
GMEAN:0.7341211652927949
SAMPLES:250
AUC:{}
AVGP:{}
CLASS:1
ACC:0.8613333333333333
PREC:0.9264
REC:0.9089481946624803
TNR:0.5929203539823009
FPR:0.0736
FPDR:0.0736
F1:0.9175911251980983
BACC:0
CLSFE:0.0736
MCC:0.4817302324884196
GMEAN:0.7341211652927949
SAMPLES:1250
AUC:{}
AVGP:{}
