

GENERAL_METRICS
ACC:0.8513333333333334
PREC:0.6965842643834186
REC:0.7250916305188473
TNR:0.7250916305188473
FPR:0.3034157356165814
FPDR:0.3034157356165814
F1:0.7090289744510911
BACC:0.0
CLSFE:0.14866666666666667
MCC:0.420711172204456
GMEAN:0.7038139132307788
SAMPLES:1500.0
AUC:{'AUC macro OVO': 0.6965842643834186}
AVGP:{'avg_precision': 0.8948585819774287}


METRICS_PER_CLASSES
CLASS:0
ACC:0.8513333333333334
PREC:0.4672131147540984
REC:0.5507246376811594
TNR:0.8994586233565351
FPR:0.5327868852459017
FPDR:0.5327868852459017
F1:0.5055432372505543
BACC:0
CLSFE:0.5327868852459017
MCC:0.420711172204456
GMEAN:0.7038139132307788
SAMPLES:244
AUC:{}
AVGP:{}
CLASS:1
ACC:0.8513333333333334
PREC:0.9259554140127388
REC:0.8994586233565351
TNR:0.5507246376811594
FPR:0.07404458598726114
FPDR:0.07404458598726114
F1:0.9125147116516281
BACC:0
CLSFE:0.07404458598726114
MCC:0.420711172204456
GMEAN:0.7038139132307788
SAMPLES:1256
AUC:{}
AVGP:{}
