

GENERAL_METRICS
ACC:0.82
PREC:0.6775
REC:0.7157005711508081
TNR:0.7157005711508081
FPR:0.3225
FPDR:0.3225
F1:0.6924464856885097
BACC:0.0
CLSFE:0.18
MCC:0.391340523734859
GMEAN:0.6994607578732301
SAMPLES:1250.0
AUC:{'AUC macro OVO': 0.6775}
AVGP:{'avg_precision': 0.8615781990521326}


METRICS_PER_CLASSES
CLASS:0
ACC:0.82
PREC:0.44
REC:0.5641025641025641
TNR:0.8672985781990521
FPR:0.56
FPDR:0.56
F1:0.4943820224719101
BACC:0
CLSFE:0.56
MCC:0.391340523734859
GMEAN:0.6994607578732301
SAMPLES:250
AUC:{}
AVGP:{}
CLASS:1
ACC:0.82
PREC:0.915
REC:0.8672985781990521
TNR:0.5641025641025641
FPR:0.085
FPDR:0.085
F1:0.8905109489051095
BACC:0
CLSFE:0.085
MCC:0.391340523734859
GMEAN:0.6994607578732301
SAMPLES:1000
AUC:{}
AVGP:{}
