

GENERAL_METRICS
ACC:0.8128
PREC:0.6816201815134554
REC:0.7072447948616173
TNR:0.7072447948616173
FPR:0.3183798184865446
FPDR:0.3183798184865446
F1:0.6924212598425197
BACC:0.0
CLSFE:0.1872
MCC:0.3880197791890808
GMEAN:0.6887886979748636
SAMPLES:1250.0
AUC:{'AUC macro OVO': 0.6816201815134554}
AVGP:{'avg_precision': 0.8608497945449752}


METRICS_PER_CLASSES
CLASS:0
ACC:0.8128
PREC:0.46062992125984253
REC:0.5467289719626168
TNR:0.8677606177606177
FPR:0.5393700787401575
FPDR:0.5393700787401575
F1:0.5
BACC:0
CLSFE:0.5393700787401575
MCC:0.3880197791890808
GMEAN:0.6887886979748636
SAMPLES:254
AUC:{}
AVGP:{}
CLASS:1
ACC:0.8128
PREC:0.9026104417670683
REC:0.8677606177606177
TNR:0.5467289719626168
FPR:0.09738955823293173
FPDR:0.09738955823293173
F1:0.8848425196850394
BACC:0
CLSFE:0.09738955823293173
MCC:0.3880197791890808
GMEAN:0.6887886979748636
SAMPLES:996
AUC:{}
AVGP:{}
