

GENERAL_METRICS
ACC:0.828
PREC:0.6918745033314995
REC:0.7482931146146963
TNR:0.7482931146146963
FPR:0.30812549666850053
FPDR:0.30812549666850053
F1:0.7121515427070715
BACC:0.0
CLSFE:0.172
MCC:0.43653690816390733
GMEAN:0.739436900072182
SAMPLES:1250.0
AUC:{'AUC macro OVO': 0.6918745033314995}
AVGP:{'avg_precision': 0.8576805238873918}


METRICS_PER_CLASSES
CLASS:0
ACC:0.828
PREC:0.4548872180451128
REC:0.6335078534031413
TNR:0.8630783758262511
FPR:0.5451127819548872
FPDR:0.5451127819548872
F1:0.5295404814004376
BACC:0
CLSFE:0.5451127819548872
MCC:0.43653690816390733
GMEAN:0.739436900072182
SAMPLES:266
AUC:{}
AVGP:{}
CLASS:1
ACC:0.828
PREC:0.9288617886178862
REC:0.8630783758262511
TNR:0.6335078534031413
FPR:0.07113821138211382
FPDR:0.07113821138211382
F1:0.8947626040137053
BACC:0
CLSFE:0.07113821138211382
MCC:0.43653690816390733
GMEAN:0.739436900072182
SAMPLES:984
AUC:{}
AVGP:{}
