

GENERAL_METRICS
ACC:0.84
PREC:0.7153515883619237
REC:0.7555765711086332
TNR:0.7555765711086332
FPR:0.2846484116380763
FPDR:0.2846484116380763
F1:0.7317780753252996
BACC:0.0
CLSFE:0.16
MCC:0.46920707810662143
GMEAN:0.7451592305053888
SAMPLES:1250.0
AUC:{'AUC macro OVO': 0.7153515883619237}
AVGP:{'avg_precision': 0.8743666912868502}


METRICS_PER_CLASSES
CLASS:0
ACC:0.84
PREC:0.5059288537549407
REC:0.6305418719211823
TNR:0.8806112702960841
FPR:0.49407114624505927
FPDR:0.49407114624505927
F1:0.5614035087719298
BACC:0
CLSFE:0.49407114624505927
MCC:0.46920707810662143
GMEAN:0.7451592305053888
SAMPLES:253
AUC:{}
AVGP:{}
CLASS:1
ACC:0.84
PREC:0.9247743229689067
REC:0.8806112702960841
TNR:0.6305418719211823
FPR:0.07522567703109329
FPDR:0.07522567703109329
F1:0.9021526418786693
BACC:0
CLSFE:0.07522567703109329
MCC:0.46920707810662143
GMEAN:0.7451592305053888
SAMPLES:997
AUC:{}
AVGP:{}
