

GENERAL_METRICS
ACC:0.92225
PREC:0.5597184141793469
REC:0.6042059138637004
TNR:0.6042059138637004
FPR:0.4402815858206531
FPDR:0.4402815858206531
F1:0.5735799165738587
BACC:0.0
CLSFE:0.07775
MCC:0.1577721385295871
GMEAN:0.498486554618756
SAMPLES:4000.0
AUC:{'AUC macro OVO': 0.559718414179347}
AVGP:{'avg_precision': 0.9454460569869662}


METRICS_PER_CLASSES
CLASS:0
ACC:0.92225
PREC:0.14634146341463414
REC:0.26277372262773724
TNR:0.9456381050996635
FPR:0.8536585365853658
FPDR:0.8536585365853658
F1:0.18798955613577023
BACC:0
CLSFE:0.8536585365853658
MCC:0.1577721385295871
GMEAN:0.498486554618756
SAMPLES:246
AUC:{}
AVGP:{}
CLASS:1
ACC:0.92225
PREC:0.9730953649440597
REC:0.9456381050996635
TNR:0.26277372262773724
FPR:0.026904635055940332
FPDR:0.026904635055940332
F1:0.959170277011947
BACC:0
CLSFE:0.026904635055940332
MCC:0.1577721385295871
GMEAN:0.498486554618756
SAMPLES:3754
AUC:{}
AVGP:{}
