

GENERAL_METRICS
ACC:0.896
PREC:0.6191304225885389
REC:0.7003218732314658
TNR:0.7003218732314658
FPR:0.38086957741146116
FPDR:0.38086957741146116
F1:0.6451182466002328
BACC:0.0
CLSFE:0.104
MCC:0.3089623239930217
GMEAN:0.6644855910670375
SAMPLES:2500.0
AUC:{'AUC macro OVO': 0.6191304225885388}
AVGP:{'avg_precision': 0.9207064738369061}


METRICS_PER_CLASSES
CLASS:0
ACC:0.896
PREC:0.27165354330708663
REC:0.4791666666666667
TNR:0.9214770797962648
FPR:0.7283464566929134
FPDR:0.7283464566929134
F1:0.34673366834170855
BACC:0
CLSFE:0.7283464566929134
MCC:0.3089623239930217
GMEAN:0.6644855910670375
SAMPLES:254
AUC:{}
AVGP:{}
CLASS:1
ACC:0.896
PREC:0.9666073018699911
REC:0.9214770797962648
TNR:0.4791666666666667
FPR:0.033392698130008905
FPDR:0.033392698130008905
F1:0.943502824858757
BACC:0
CLSFE:0.033392698130008905
MCC:0.3089623239930217
GMEAN:0.6644855910670375
SAMPLES:2246
AUC:{}
AVGP:{}
