

GENERAL_METRICS
ACC:0.902
PREC:0.6148007141085665
REC:0.6912636731810096
TNR:0.6912636731810096
FPR:0.38519928589143354
FPDR:0.38519928589143354
F1:0.6397717829267704
BACC:0.0
CLSFE:0.098
MCC:0.29635928373653064
GMEAN:0.6497158472567884
SAMPLES:2500.0
AUC:{'AUC macro OVO': 0.6148007141085665}
AVGP:{'avg_precision': 0.9266432306521479}


METRICS_PER_CLASSES
CLASS:0
ACC:0.902
PREC:0.26180257510729615
REC:0.4552238805970149
TNR:0.9273034657650042
FPR:0.7381974248927039
FPDR:0.7381974248927039
F1:0.33242506811989103
BACC:0
CLSFE:0.7381974248927039
MCC:0.29635928373653064
GMEAN:0.6497158472567884
SAMPLES:233
AUC:{}
AVGP:{}
CLASS:1
ACC:0.902
PREC:0.9677988531098368
REC:0.9273034657650042
TNR:0.4552238805970149
FPR:0.032201146890163214
FPDR:0.032201146890163214
F1:0.9471184977336499
BACC:0
CLSFE:0.032201146890163214
MCC:0.29635928373653064
GMEAN:0.6497158472567884
SAMPLES:2267
AUC:{}
AVGP:{}
