

GENERAL_METRICS
ACC:0.8988
PREC:0.6048383689768358
REC:0.687987457841484
TNR:0.687987457841484
FPR:0.39516163102316415
FPDR:0.39516163102316415
F1:0.629865657326407
BACC:0.0
CLSFE:0.1012
MCC:0.28077249486516925
GMEAN:0.6466578446472638
SAMPLES:2500.0
AUC:{'AUC macro OVO': 0.6048383689768358}
AVGP:{'avg_precision': 0.922253415418334}


METRICS_PER_CLASSES
CLASS:0
ACC:0.8988
PREC:0.24066390041493776
REC:0.453125
TNR:0.9228499156829679
FPR:0.7593360995850622
FPDR:0.7593360995850622
F1:0.3143631436314363
BACC:0
CLSFE:0.7593360995850622
MCC:0.28077249486516925
GMEAN:0.6466578446472638
SAMPLES:241
AUC:{}
AVGP:{}
CLASS:1
ACC:0.8988
PREC:0.9690128375387339
REC:0.9228499156829679
TNR:0.453125
FPR:0.03098716246126605
FPDR:0.03098716246126605
F1:0.9453681710213777
BACC:0
CLSFE:0.03098716246126605
MCC:0.28077249486516925
GMEAN:0.6466578446472638
SAMPLES:2259
AUC:{}
AVGP:{}
