

GENERAL_METRICS
ACC:0.8976
PREC:0.6078810621965802
REC:0.6839558374442095
TNR:0.6839558374442095
FPR:0.3921189378034198
FPDR:0.3921189378034198
F1:0.6318928071854524
BACC:0.0
CLSFE:0.1024
MCC:0.2817470577716315
GMEAN:0.6406480158381215
SAMPLES:2500.0
AUC:{'AUC macro OVO': 0.6078810621965802}
AVGP:{'avg_precision': 0.9228076278395929}


METRICS_PER_CLASSES
CLASS:0
ACC:0.8976
PREC:0.24896265560165975
REC:0.4444444444444444
TNR:0.9234672304439746
FPR:0.7510373443983402
FPDR:0.7510373443983402
F1:0.3191489361702128
BACC:0
CLSFE:0.7510373443983402
MCC:0.2817470577716315
GMEAN:0.6406480158381215
SAMPLES:241
AUC:{}
AVGP:{}
CLASS:1
ACC:0.8976
PREC:0.9667994687915007
REC:0.9234672304439746
TNR:0.4444444444444444
FPR:0.033200531208499334
FPDR:0.033200531208499334
F1:0.9446366782006921
BACC:0
CLSFE:0.033200531208499334
MCC:0.2817470577716315
GMEAN:0.6406480158381215
SAMPLES:2259
AUC:{}
AVGP:{}
