

GENERAL_METRICS
ACC:0.9117333333333333
PREC:0.5474028811329934
REC:0.5827187350772006
TNR:0.5827187350772006
FPR:0.4525971188670066
FPDR:0.4525971188670066
F1:0.5577192029146884
BACC:0.0
CLSFE:0.08826666666666666
MCC:0.1252374762814408
GMEAN:0.46150837876431605
SAMPLES:3750.0
AUC:{'AUC macro OVO': 0.5474028811329934}
AVGP:{'avg_precision': 0.9382931713431906}


METRICS_PER_CLASSES
CLASS:0
ACC:0.9117333333333333
PREC:0.12598425196850394
REC:0.22695035460992907
TNR:0.9384871155444722
FPR:0.8740157480314961
FPDR:0.8740157480314961
F1:0.1620253164556962
BACC:0
CLSFE:0.8740157480314961
MCC:0.1252374762814408
GMEAN:0.46150837876431605
SAMPLES:254
AUC:{}
AVGP:{}
CLASS:1
ACC:0.9117333333333333
PREC:0.9688215102974829
REC:0.9384871155444722
TNR:0.22695035460992907
FPR:0.031178489702517163
FPDR:0.031178489702517163
F1:0.9534130893736805
BACC:0
CLSFE:0.031178489702517163
MCC:0.1252374762814408
GMEAN:0.46150837876431605
SAMPLES:3496
AUC:{}
AVGP:{}
