

GENERAL_METRICS
ACC:0.8985
PREC:0.7631359520552408
REC:0.7373682528041821
TNR:0.7373682528041821
FPR:0.2368640479447593
FPDR:0.2368640479447593
F1:0.7492513051593088
BACC:0.0
CLSFE:0.1015
MCC:0.49984045930403637
GMEAN:0.7060622262093369
SAMPLES:2000.0
AUC:{'AUC macro OVO': 0.7631359520552408}
AVGP:{'avg_precision': 0.9462423001054802}


METRICS_PER_CLASSES
CLASS:0
ACC:0.8985
PREC:0.5906976744186047
REC:0.5247933884297521
TNR:0.949943117178612
FPR:0.40930232558139534
FPDR:0.40930232558139534
F1:0.5557986870897156
BACC:0
CLSFE:0.40930232558139534
MCC:0.49984045930403637
GMEAN:0.7060622262093369
SAMPLES:215
AUC:{}
AVGP:{}
CLASS:1
ACC:0.8985
PREC:0.9355742296918768
REC:0.949943117178612
TNR:0.5247933884297521
FPR:0.06442577030812324
FPDR:0.06442577030812324
F1:0.9427039232289021
BACC:0
CLSFE:0.06442577030812324
MCC:0.49984045930403637
GMEAN:0.7060622262093369
SAMPLES:1785
AUC:{}
AVGP:{}
