

GENERAL_METRICS
ACC:0.904
PREC:0.7670918411377876
REC:0.7631008158635548
TNR:0.7631008158635548
FPR:0.23290815886221242
FPDR:0.23290815886221242
F1:0.7650738182111839
BACC:0.0
CLSFE:0.096
MCC:0.5301776355669895
GMEAN:0.7406595372070376
SAMPLES:2000.0
AUC:{'AUC macro OVO': 0.7670918411377876}
AVGP:{'avg_precision': 0.9434102574426633}


METRICS_PER_CLASSES
CLASS:0
ACC:0.904
PREC:0.5895196506550219
REC:0.5793991416309013
TNR:0.9468024900962083
FPR:0.4104803493449782
FPDR:0.4104803493449782
F1:0.5844155844155844
BACC:0
CLSFE:0.4104803493449782
MCC:0.5301776355669895
GMEAN:0.7406595372070376
SAMPLES:229
AUC:{}
AVGP:{}
CLASS:1
ACC:0.904
PREC:0.9446640316205533
REC:0.9468024900962083
TNR:0.5793991416309013
FPR:0.05533596837944664
FPDR:0.05533596837944664
F1:0.9457320520067835
BACC:0
CLSFE:0.05533596837944664
MCC:0.5301776355669895
GMEAN:0.7406595372070376
SAMPLES:1771
AUC:{}
AVGP:{}
