

GENERAL_METRICS
ACC:0.905
PREC:0.7543827330286597
REC:0.7605366608858368
TNR:0.7605366608858368
FPR:0.24561726697134031
FPDR:0.24561726697134031
F1:0.7574055158324822
BACC:0.0
CLSFE:0.095
MCC:0.5148826190513728
GMEAN:0.7378182963108859
SAMPLES:2000.0
AUC:{'AUC macro OVO': 0.7543827330286598}
AVGP:{'avg_precision': 0.9421094132637039}


METRICS_PER_CLASSES
CLASS:0
ACC:0.905
PREC:0.5605381165919282
REC:0.576036866359447
TNR:0.9450364554122266
FPR:0.43946188340807174
FPDR:0.43946188340807174
F1:0.5681818181818182
BACC:0
CLSFE:0.43946188340807174
MCC:0.5148826190513728
GMEAN:0.7378182963108859
SAMPLES:223
AUC:{}
AVGP:{}
CLASS:1
ACC:0.905
PREC:0.9482273494653911
REC:0.9450364554122266
TNR:0.576036866359447
FPR:0.05177265053460889
FPDR:0.05177265053460889
F1:0.9466292134831461
BACC:0
CLSFE:0.05177265053460889
MCC:0.5148826190513728
GMEAN:0.7378182963108859
SAMPLES:1777
AUC:{}
AVGP:{}
