

GENERAL_METRICS
ACC:0.881
PREC:0.718965245524747
REC:0.7236742424242424
TNR:0.7236742424242424
FPR:0.28103475447525283
FPDR:0.28103475447525283
F1:0.7212794910891414
BACC:0.0
CLSFE:0.119
MCC:0.44261443903237524
GMEAN:0.6934351251034755
SAMPLES:2000.0
AUC:{'AUC macro OVO': 0.7189652455247473}
AVGP:{'avg_precision': 0.9271315953146055}


METRICS_PER_CLASSES
CLASS:0
ACC:0.881
PREC:0.5040650406504065
REC:0.5166666666666667
TNR:0.9306818181818182
FPR:0.4959349593495935
FPDR:0.4959349593495935
F1:0.5102880658436214
BACC:0
CLSFE:0.4959349593495935
MCC:0.44261443903237524
GMEAN:0.6934351251034755
SAMPLES:246
AUC:{}
AVGP:{}
CLASS:1
ACC:0.881
PREC:0.9338654503990877
REC:0.9306818181818182
TNR:0.5166666666666667
FPR:0.0661345496009122
FPDR:0.0661345496009122
F1:0.9322709163346613
BACC:0
CLSFE:0.0661345496009122
MCC:0.44261443903237524
GMEAN:0.6934351251034755
SAMPLES:1754
AUC:{}
AVGP:{}
