

GENERAL_METRICS
ACC:0.9244705882352942
PREC:0.5515480811795553
REC:0.5792767846768426
TNR:0.5792767846768426
FPR:0.4484519188204447
FPDR:0.4484519188204447
F1:0.5611666325164186
BACC:0.0
CLSFE:0.07552941176470589
MCC:0.12785251084239224
GMEAN:0.4446965349435866
SAMPLES:4250.0
AUC:{'AUC macro OVO': 0.5515480811795552}
AVGP:{'avg_precision': 0.9503365496946191}


METRICS_PER_CLASSES
CLASS:0
ACC:0.9244705882352942
PREC:0.13247863247863248
REC:0.2080536912751678
TNR:0.9504998780785174
FPR:0.8675213675213675
FPDR:0.8675213675213675
F1:0.1618798955613577
BACC:0
CLSFE:0.8675213675213675
MCC:0.12785251084239224
GMEAN:0.4446965349435866
SAMPLES:234
AUC:{}
AVGP:{}
CLASS:1
ACC:0.9244705882352942
PREC:0.9706175298804781
REC:0.9504998780785174
TNR:0.2080536912751678
FPR:0.029382470119521914
FPDR:0.029382470119521914
F1:0.9604533694714796
BACC:0
CLSFE:0.029382470119521914
MCC:0.12785251084239224
GMEAN:0.4446965349435866
SAMPLES:4016
AUC:{}
AVGP:{}
