

GENERAL_METRICS
ACC:0.81
PREC:0.549698265984264
REC:0.6183804477568489
TNR:0.6183804477568489
FPR:0.45030173401573603
FPDR:0.45030173401573603
F1:0.5533993362103818
BACC:0.0
CLSFE:0.19
MCC:0.15340538425956424
GMEAN:0.5777619271878738
SAMPLES:1500.0
AUC:{'AUC macro OVO': 0.549698265984264}
AVGP:{'avg_precision': 0.8380627366726924}


METRICS_PER_CLASSES
CLASS:0
ACC:0.81
PREC:0.1471698113207547
REC:0.3979591836734694
TNR:0.8388017118402282
FPR:0.8528301886792453
FPDR:0.8528301886792453
F1:0.21487603305785125
BACC:0
CLSFE:0.8528301886792453
MCC:0.15340538425956424
GMEAN:0.5777619271878738
SAMPLES:265
AUC:{}
AVGP:{}
CLASS:1
ACC:0.81
PREC:0.9522267206477733
REC:0.8388017118402282
TNR:0.3979591836734694
FPR:0.04777327935222672
FPDR:0.04777327935222672
F1:0.8919226393629124
BACC:0
CLSFE:0.04777327935222672
MCC:0.15340538425956424
GMEAN:0.5777619271878738
SAMPLES:1235
AUC:{}
AVGP:{}
