

GENERAL_METRICS
ACC:0.7973333333333333
PREC:0.539528717547616
REC:0.5863315283704549
TNR:0.5863315283704549
FPR:0.46047128245238406
FPDR:0.46047128245238406
F1:0.5399125833908442
BACC:0.0
CLSFE:0.20266666666666666
MCC:0.11683449148962313
GMEAN:0.5318213474595359
SAMPLES:1500.0
AUC:{'AUC macro OVO': 0.539528717547616}
AVGP:{'avg_precision': 0.8324796623997487}


METRICS_PER_CLASSES
CLASS:0
ACC:0.7973333333333333
PREC:0.137546468401487
REC:0.3394495412844037
TNR:0.8332135154565061
FPR:0.862453531598513
FPDR:0.862453531598513
F1:0.19576719576719576
BACC:0
CLSFE:0.862453531598513
MCC:0.11683449148962313
GMEAN:0.5318213474595359
SAMPLES:269
AUC:{}
AVGP:{}
CLASS:1
ACC:0.7973333333333333
PREC:0.9415109666937449
REC:0.8332135154565061
TNR:0.3394495412844037
FPR:0.05848903330625508
FPDR:0.05848903330625508
F1:0.8840579710144928
BACC:0
CLSFE:0.05848903330625508
MCC:0.11683449148962313
GMEAN:0.5318213474595359
SAMPLES:1231
AUC:{}
AVGP:{}
