

GENERAL_METRICS
ACC:0.8013333333333333
PREC:0.5532150333045421
REC:0.6007272727272728
TNR:0.6007272727272728
FPR:0.44678496669545786
FPDR:0.44678496669545786
F1:0.5589349710298227
BACC:0.0
CLSFE:0.19866666666666666
MCC:0.14642684416264004
GMEAN:0.5503849892244849
SAMPLES:1500.0
AUC:{'AUC macro OVO': 0.5532150333045421}
AVGP:{'avg_precision': 0.8403688297689914}


METRICS_PER_CLASSES
CLASS:0
ACC:0.8013333333333333
PREC:0.17110266159695817
REC:0.36
TNR:0.8414545454545455
FPR:0.8288973384030418
FPDR:0.8288973384030418
F1:0.23195876288659795
BACC:0
CLSFE:0.8288973384030418
MCC:0.14642684416264004
GMEAN:0.5503849892244849
SAMPLES:263
AUC:{}
AVGP:{}
CLASS:1
ACC:0.8013333333333333
PREC:0.9353274050121261
REC:0.8414545454545455
TNR:0.36
FPR:0.0646725949878739
FPDR:0.0646725949878739
F1:0.8859111791730475
BACC:0
CLSFE:0.0646725949878739
MCC:0.14642684416264004
GMEAN:0.5503849892244849
SAMPLES:1237
AUC:{}
AVGP:{}
