

GENERAL_METRICS
ACC:0.81
PREC:0.5381216524600017
REC:0.5940124752964426
TNR:0.5940124752964426
FPR:0.4618783475399983
FPDR:0.4618783475399983
F1:0.53793724377134
BACC:0.0
CLSFE:0.19
MCC:0.11973154822611261
GMEAN:0.5405951192934991
SAMPLES:1500.0
AUC:{'AUC macro OVO': 0.5381216524600017}
AVGP:{'avg_precision': 0.8396422008703284}


METRICS_PER_CLASSES
CLASS:0
ACC:0.81
PREC:0.1245136186770428
REC:0.34782608695652173
TNR:0.8401988636363636
FPR:0.8754863813229572
FPDR:0.8754863813229572
F1:0.1833810888252149
BACC:0
CLSFE:0.8754863813229572
MCC:0.11973154822611261
GMEAN:0.5405951192934991
SAMPLES:257
AUC:{}
AVGP:{}
CLASS:1
ACC:0.81
PREC:0.9517296862429606
REC:0.8401988636363636
TNR:0.34782608695652173
FPR:0.04827031375703942
FPDR:0.04827031375703942
F1:0.8924933987174651
BACC:0
CLSFE:0.04827031375703942
MCC:0.11973154822611261
GMEAN:0.5405951192934991
SAMPLES:1243
AUC:{}
AVGP:{}
