

GENERAL_METRICS
ACC:0.9355
PREC:0.5032456363725714
REC:0.528125120978669
TNR:0.528125120978669
FPR:0.49675436362742864
FPDR:0.49675436362742864
F1:0.4946883519789414
BACC:0.0
CLSFE:0.0645
MCC:0.019108523295256277
GMEAN:0.3294865982869391
SAMPLES:4000.0
AUC:{'AUC macro OVO': 0.5032456363725714}
AVGP:{'avg_precision': 0.9408633912162174}


METRICS_PER_CLASSES
CLASS:0
ACC:0.9355
PREC:0.012605042016806723
REC:0.11538461538461539
TNR:0.9408656265727227
FPR:0.9873949579831933
FPDR:0.9873949579831933
F1:0.022727272727272728
BACC:0
CLSFE:0.9873949579831933
MCC:0.019108523295256277
GMEAN:0.3294865982869391
SAMPLES:238
AUC:{}
AVGP:{}
CLASS:1
ACC:0.9355
PREC:0.993886230728336
REC:0.9408656265727227
TNR:0.11538461538461539
FPR:0.006113769271664009
FPDR:0.006113769271664009
F1:0.9666494312306101
BACC:0
CLSFE:0.006113769271664009
MCC:0.019108523295256277
GMEAN:0.3294865982869391
SAMPLES:3762
AUC:{}
AVGP:{}
