

GENERAL_METRICS
ACC:0.934
PREC:0.5122270923526991
REC:0.5640871931402107
TNR:0.5640871931402107
FPR:0.48777290764730086
FPDR:0.48777290764730086
F1:0.5114729829755736
BACC:0.0
CLSFE:0.066
MCC:0.05598571350445118
GMEAN:0.41866407128689026
SAMPLES:4000.0
AUC:{'AUC macro OVO': 0.5122270923526991}
AVGP:{'avg_precision': 0.9421150589169742}


METRICS_PER_CLASSES
CLASS:0
ACC:0.934
PREC:0.03375527426160337
REC:0.18604651162790697
TNR:0.9421278746525146
FPR:0.9662447257383966
FPDR:0.9662447257383966
F1:0.05714285714285714
BACC:0
CLSFE:0.9662447257383966
MCC:0.05598571350445118
GMEAN:0.41866407128689026
SAMPLES:237
AUC:{}
AVGP:{}
CLASS:1
ACC:0.934
PREC:0.9906989104437949
REC:0.9421278746525146
TNR:0.18604651162790697
FPR:0.009301089556205155
FPDR:0.009301089556205155
F1:0.9658031088082901
BACC:0
CLSFE:0.009301089556205155
MCC:0.05598571350445118
GMEAN:0.41866407128689026
SAMPLES:3763
AUC:{}
AVGP:{}
