

GENERAL_METRICS
ACC:0.92875
PREC:0.5091029281085416
REC:0.5556818181818182
TNR:0.5556818181818182
FPR:0.4908970718914584
FPDR:0.4908970718914584
F1:0.5049072808595853
BACC:0.0
CLSFE:0.07125
MCC:0.04502743998328017
GMEAN:0.4048007366144933
SAMPLES:4000.0
AUC:{'AUC macro OVO': 0.5091029281085416}
AVGP:{'avg_precision': 0.9363538127870527}


METRICS_PER_CLASSES
CLASS:0
ACC:0.92875
PREC:0.02702702702702703
REC:0.175
TNR:0.9363636363636364
FPR:0.972972972972973
FPDR:0.972972972972973
F1:0.046822742474916385
BACC:0
CLSFE:0.972972972972973
MCC:0.04502743998328017
GMEAN:0.4048007366144933
SAMPLES:259
AUC:{}
AVGP:{}
CLASS:1
ACC:0.92875
PREC:0.9911788291900562
REC:0.9363636363636364
TNR:0.175
FPR:0.008821170809943865
FPDR:0.008821170809943865
F1:0.962991819244254
BACC:0
CLSFE:0.008821170809943865
MCC:0.04502743998328017
GMEAN:0.4048007366144933
SAMPLES:3741
AUC:{}
AVGP:{}
