

GENERAL_METRICS
ACC:0.92725
PREC:0.5016668288884564
REC:0.512558150193643
TNR:0.512558150193643
FPR:0.4983331711115437
FPDR:0.4983331711115437
F1:0.49121226545606655
BACC:0.0
CLSFE:0.07275
MCC:0.009150363386956219
GMEAN:0.29142396630061396
SAMPLES:4000.0
AUC:{'AUC macro OVO': 0.5016668288884563}
AVGP:{'avg_precision': 0.9342055455905223}


METRICS_PER_CLASSES
CLASS:0
ACC:0.92725
PREC:0.011363636363636364
REC:0.09090909090909091
TNR:0.9342072094781951
FPR:0.9886363636363636
FPDR:0.9886363636363636
F1:0.020202020202020204
BACC:0
CLSFE:0.9886363636363636
MCC:0.009150363386956219
GMEAN:0.29142396630061396
SAMPLES:264
AUC:{}
AVGP:{}
CLASS:1
ACC:0.92725
PREC:0.9919700214132763
REC:0.9342072094781951
TNR:0.09090909090909091
FPR:0.008029978586723769
FPDR:0.008029978586723769
F1:0.9622225107101129
BACC:0
CLSFE:0.008029978586723769
MCC:0.009150363386956219
GMEAN:0.29142396630061396
SAMPLES:3736
AUC:{}
AVGP:{}
