

GENERAL_METRICS
ACC:0.917
PREC:0.6114863808362261
REC:0.62003367003367
TNR:0.62003367003367
FPR:0.38851361916377397
FPDR:0.38851361916377397
F1:0.61554450825016
BACC:0.0
CLSFE:0.083
MCC:0.23136222207217522
GMEAN:0.5225955038134759
SAMPLES:4000.0
AUC:{'AUC macro OVO': 0.6114863808362261}
AVGP:{'avg_precision': 0.9531526719436076}


METRICS_PER_CLASSES
CLASS:0
ACC:0.917
PREC:0.2647058823529412
REC:0.2863636363636364
TNR:0.9537037037037037
FPR:0.7352941176470589
FPDR:0.7352941176470589
F1:0.27510917030567683
BACC:0
CLSFE:0.7352941176470589
MCC:0.23136222207217522
GMEAN:0.5225955038134759
SAMPLES:238
AUC:{}
AVGP:{}
CLASS:1
ACC:0.917
PREC:0.9582668793195109
REC:0.9537037037037037
TNR:0.2863636363636364
FPR:0.0417331206804891
FPDR:0.0417331206804891
F1:0.9559798461946434
BACC:0
CLSFE:0.0417331206804891
MCC:0.23136222207217522
GMEAN:0.5225955038134759
SAMPLES:3762
AUC:{}
AVGP:{}
