

GENERAL_METRICS
ACC:0.9345
PREC:0.49973262032085564
REC:0.46748374187093544
TNR:0.46748374187093544
FPR:0.5002673796791444
FPDR:0.5002673796791444
F1:0.48307056086844147
BACC:0.0
CLSFE:0.0655
MCC:-0.005897181247180817
GMEAN:0.0
SAMPLES:4000.0
AUC:{'AUC macro OVO': 0.49973262032085564}
AVGP:{'avg_precision': 0.9349675011302442}


METRICS_PER_CLASSES
CLASS:0
ACC:0.9345
PREC:0.0
REC:0.0
TNR:0.9349674837418709
FPR:1.0
FPDR:1.0
F1:0.0
BACC:0
CLSFE:1.0
MCC:-0.005897181247180817
GMEAN:0
SAMPLES:260
AUC:{}
AVGP:{}
CLASS:1
ACC:0.9345
PREC:0.9994652406417113
REC:0.9349674837418709
TNR:0.0
FPR:0.0005347593582887701
FPDR:0.0005347593582887701
F1:0.9661411217368829
BACC:0
CLSFE:0.0005347593582887701
MCC:-0.005897181247180817
GMEAN:0
SAMPLES:3740
AUC:{}
AVGP:{}
