

GENERAL_METRICS
ACC:0.796
PREC:0.796
REC:0.7960189452124935
TNR:0.7960189452124935
FPR:0.20400000000000001
FPDR:0.20400000000000001
F1:0.7959967359477751
BACC:0.0
CLSFE:0.204
MCC:0.5920189449093605
GMEAN:0.7960154225863917
SAMPLES:500.0
AUC:{'AUC macro OVO': 0.7960000000000002}
AVGP:{'avg_precision': 0.7363225806451613}


METRICS_PER_CLASSES
CLASS:0
ACC:0.796
PREC:0.8
REC:0.7936507936507936
TNR:0.7983870967741935
FPR:0.2
FPDR:0.2
F1:0.796812749003984
BACC:0
CLSFE:0.2
MCC:0.5920189449093605
GMEAN:0.7960154225863917
SAMPLES:250
AUC:{}
AVGP:{}
CLASS:1
ACC:0.796
PREC:0.792
REC:0.7983870967741935
TNR:0.7936507936507936
FPR:0.208
FPDR:0.208
F1:0.7951807228915663
BACC:0
CLSFE:0.208
MCC:0.5920189449093605
GMEAN:0.7960154225863917
SAMPLES:250
AUC:{}
AVGP:{}
