

GENERAL_METRICS
ACC:0.792
PREC:0.7947665717182446
REC:0.7932939424508815
TNR:0.7932939424508815
FPR:0.20523342828175542
FPDR:0.20523342828175542
F1:0.7918801229508197
BACC:0.0
CLSFE:0.208
MCC:0.5880586702769527
GMEAN:0.7919467841286882
SAMPLES:500.0
AUC:{'AUC macro OVO': 0.7947665717182447}
AVGP:{'avg_precision': 0.7666515214098857}


METRICS_PER_CLASSES
CLASS:0
ACC:0.792
PREC:0.8311688311688312
REC:0.7470817120622568
TNR:0.8395061728395061
FPR:0.16883116883116883
FPDR:0.16883116883116883
F1:0.7868852459016393
BACC:0
CLSFE:0.16883116883116883
MCC:0.5880586702769527
GMEAN:0.7919467841286882
SAMPLES:231
AUC:{}
AVGP:{}
CLASS:1
ACC:0.792
PREC:0.758364312267658
REC:0.8395061728395061
TNR:0.7470817120622568
FPR:0.241635687732342
FPDR:0.241635687732342
F1:0.796875
BACC:0
CLSFE:0.241635687732342
MCC:0.5880586702769527
GMEAN:0.7919467841286882
SAMPLES:269
AUC:{}
AVGP:{}
