

GENERAL_METRICS
ACC:0.812
PREC:0.8118802255492903
REC:0.8095728255275347
TNR:0.8095728255275347
FPR:0.1881197744507097
FPDR:0.1881197744507097
F1:0.810395184844524
BACC:0.0
CLSFE:0.188
MCC:0.6214487674763178
GMEAN:0.8088706600715918
SAMPLES:500.0
AUC:{'AUC macro OVO': 0.8118802255492904}
AVGP:{'avg_precision': 0.7130773532152842}


METRICS_PER_CLASSES
CLASS:0
ACC:0.812
PREC:0.8129496402877698
REC:0.8432835820895522
TNR:0.7758620689655172
FPR:0.18705035971223022
FPDR:0.18705035971223022
F1:0.8278388278388278
BACC:0
CLSFE:0.18705035971223022
MCC:0.6214487674763178
GMEAN:0.8088706600715918
SAMPLES:278
AUC:{}
AVGP:{}
CLASS:1
ACC:0.812
PREC:0.8108108108108109
REC:0.7758620689655172
TNR:0.8432835820895522
FPR:0.1891891891891892
FPDR:0.1891891891891892
F1:0.7929515418502202
BACC:0
CLSFE:0.1891891891891892
MCC:0.6214487674763178
GMEAN:0.8088706600715918
SAMPLES:222
AUC:{}
AVGP:{}
