

GENERAL_METRICS
ACC:0.794
PREC:0.7953908265111584
REC:0.7959360554699537
TNR:0.7959360554699537
FPR:0.20460917348884156
FPDR:0.20460917348884156
F1:0.793979397939794
BACC:0.0
CLSFE:0.206
MCC:0.5913266306187188
GMEAN:0.7951848541277723
SAMPLES:500.0
AUC:{'AUC macro OVO': 0.7953908265111584}
AVGP:{'avg_precision': 0.7544928996793404}


METRICS_PER_CLASSES
CLASS:0
ACC:0.794
PREC:0.8340248962655602
REC:0.7613636363636364
TNR:0.8305084745762712
FPR:0.16597510373443983
FPDR:0.16597510373443983
F1:0.7960396039603961
BACC:0
CLSFE:0.16597510373443983
MCC:0.5913266306187188
GMEAN:0.7951848541277723
SAMPLES:241
AUC:{}
AVGP:{}
CLASS:1
ACC:0.794
PREC:0.7567567567567568
REC:0.8305084745762712
TNR:0.7613636363636364
FPR:0.24324324324324326
FPDR:0.24324324324324326
F1:0.7919191919191919
BACC:0
CLSFE:0.24324324324324326
MCC:0.5913266306187188
GMEAN:0.7951848541277723
SAMPLES:259
AUC:{}
AVGP:{}
