

GENERAL_METRICS
ACC:0.789
PREC:0.6917389932566484
REC:0.7161241711874624
TNR:0.7161241711874624
FPR:0.30826100674335155
FPDR:0.30826100674335155
F1:0.7016904678087257
BACC:0.0
CLSFE:0.211
MCC:0.40713354566732307
GMEAN:0.705015186717357
SAMPLES:1000.0
AUC:{'AUC macro OVO': 0.6917389932566484}
AVGP:{'avg_precision': 0.8313774713883599}


METRICS_PER_CLASSES
CLASS:0
ACC:0.789
PREC:0.4979919678714859
REC:0.5904761904761905
TNR:0.8417721518987342
FPR:0.5020080321285141
FPDR:0.5020080321285141
F1:0.5403050108932462
BACC:0
CLSFE:0.5020080321285141
MCC:0.40713354566732307
GMEAN:0.705015186717357
SAMPLES:249
AUC:{}
AVGP:{}
CLASS:1
ACC:0.789
PREC:0.8854860186418109
REC:0.8417721518987342
TNR:0.5904761904761905
FPR:0.11451398135818908
FPDR:0.11451398135818908
F1:0.863075924724205
BACC:0
CLSFE:0.11451398135818908
MCC:0.40713354566732307
GMEAN:0.705015186717357
SAMPLES:751
AUC:{}
AVGP:{}
