

GENERAL_METRICS
ACC:0.79
PREC:0.6961378233440283
REC:0.6999111286659425
TNR:0.6999111286659425
FPR:0.30386217665597165
FPDR:0.30386217665597165
F1:0.6979703608247423
BACC:0.0
CLSFE:0.21
MCC:0.3960309767621011
GMEAN:0.6810356949920199
SAMPLES:1000.0
AUC:{'AUC macro OVO': 0.6961378233440284}
AVGP:{'avg_precision': 0.8497012190970279}


METRICS_PER_CLASSES
CLASS:0
ACC:0.79
PREC:0.5242290748898678
REC:0.5384615384615384
TNR:0.8613607188703466
FPR:0.47577092511013214
FPDR:0.47577092511013214
F1:0.53125
BACC:0
CLSFE:0.47577092511013214
MCC:0.3960309767621011
GMEAN:0.6810356949920199
SAMPLES:227
AUC:{}
AVGP:{}
CLASS:1
ACC:0.79
PREC:0.8680465717981889
REC:0.8613607188703466
TNR:0.5384615384615384
FPR:0.13195342820181113
FPDR:0.13195342820181113
F1:0.8646907216494846
BACC:0
CLSFE:0.13195342820181113
MCC:0.3960309767621011
GMEAN:0.6810356949920199
SAMPLES:773
AUC:{}
AVGP:{}
