

GENERAL_METRICS
ACC:0.789
PREC:0.6925218906460222
REC:0.7068730558435787
TNR:0.7068730558435787
FPR:0.3074781093539778
FPDR:0.3074781093539778
F1:0.6989116583974395
BACC:0.0
CLSFE:0.211
MCC:0.3991370282733784
GMEAN:0.6920330852943759
SAMPLES:1000.0
AUC:{'AUC macro OVO': 0.6925218906460222}
AVGP:{'avg_precision': 0.8399819114967317}


METRICS_PER_CLASSES
CLASS:0
ACC:0.789
PREC:0.5084033613445378
REC:0.5627906976744186
TNR:0.8509554140127389
FPR:0.49159663865546216
FPDR:0.49159663865546216
F1:0.5342163355408388
BACC:0
CLSFE:0.49159663865546216
MCC:0.3991370282733784
GMEAN:0.6920330852943759
SAMPLES:238
AUC:{}
AVGP:{}
CLASS:1
ACC:0.789
PREC:0.8766404199475065
REC:0.8509554140127389
TNR:0.5627906976744186
FPR:0.12335958005249344
FPDR:0.12335958005249344
F1:0.8636069812540401
BACC:0
CLSFE:0.12335958005249344
MCC:0.3991370282733784
GMEAN:0.6920330852943759
SAMPLES:762
AUC:{}
AVGP:{}
