

GENERAL_METRICS
ACC:0.796
PREC:0.6948461253244346
REC:0.6988629196475231
TNR:0.6988629196475231
FPR:0.30515387467556543
FPDR:0.30515387467556543
F1:0.6967967468074481
BACC:0.0
CLSFE:0.204
MCC:0.3936885538799636
GMEAN:0.6783554725080456
SAMPLES:1000.0
AUC:{'AUC macro OVO': 0.6948461253244346}
AVGP:{'avg_precision': 0.8563095581486823}


METRICS_PER_CLASSES
CLASS:0
ACC:0.796
PREC:0.5161290322580645
REC:0.5308056872037915
TNR:0.8669201520912547
FPR:0.4838709677419355
FPDR:0.4838709677419355
F1:0.5233644859813084
BACC:0
CLSFE:0.4838709677419355
MCC:0.3936885538799636
GMEAN:0.6783554725080456
SAMPLES:217
AUC:{}
AVGP:{}
CLASS:1
ACC:0.796
PREC:0.8735632183908046
REC:0.8669201520912547
TNR:0.5308056872037915
FPR:0.12643678160919541
FPDR:0.12643678160919541
F1:0.8702290076335878
BACC:0
CLSFE:0.12643678160919541
MCC:0.3936885538799636
GMEAN:0.6783554725080456
SAMPLES:783
AUC:{}
AVGP:{}
