

GENERAL_METRICS
ACC:0.9355294117647058
PREC:0.498870765370138
REC:0.46875736854515443
TNR:0.46875736854515443
FPR:0.501129234629862
FPDR:0.501129234629862
F1:0.48334548991004134
BACC:0.0
CLSFE:0.06447058823529411
MCC:-0.011879437927246701
GMEAN:0.0
SAMPLES:4250.0
AUC:{'AUC macro OVO': 0.498870765370138}
AVGP:{'avg_precision': 0.9375150359348757}


METRICS_PER_CLASSES
CLASS:0
ACC:0.9355294117647058
PREC:0.0
REC:0.0
TNR:0.9375147370903089
FPR:1.0
FPDR:1.0
F1:0.0
BACC:0
CLSFE:1.0
MCC:-0.011879437927246701
GMEAN:0
SAMPLES:265
AUC:{}
AVGP:{}
CLASS:1
ACC:0.9355294117647058
PREC:0.997741530740276
REC:0.9375147370903089
TNR:0.0
FPR:0.002258469259723965
FPDR:0.002258469259723965
F1:0.9666909798200827
BACC:0
CLSFE:0.002258469259723965
MCC:-0.011879437927246701
GMEAN:0
SAMPLES:3985
AUC:{}
AVGP:{}
