

GENERAL_METRICS
ACC:0.9456470588235294
PREC:0.49962705121829937
REC:0.47315752295738167
TNR:0.47315752295738167
FPR:0.5003729487817007
FPDR:0.5003729487817007
F1:0.48603216833958157
BACC:0.0
CLSFE:0.05435294117647059
MCC:-0.0063279915015341396
GMEAN:0.0
SAMPLES:4250.0
AUC:{'AUC macro OVO': 0.49962705121829937}
AVGP:{'avg_precision': 0.9463150741807467}


METRICS_PER_CLASSES
CLASS:0
ACC:0.9456470588235294
PREC:0.0
REC:0.0
TNR:0.9463150459147633
FPR:1.0
FPDR:1.0
F1:0.0
BACC:0
CLSFE:1.0
MCC:-0.0063279915015341396
GMEAN:0
SAMPLES:228
AUC:{}
AVGP:{}
CLASS:1
ACC:0.9456470588235294
PREC:0.9992541024365987
REC:0.9463150459147633
TNR:0.0
FPR:0.0007458975634012929
FPDR:0.0007458975634012929
F1:0.9720643366791631
BACC:0
CLSFE:0.0007458975634012929
MCC:-0.0063279915015341396
GMEAN:0
SAMPLES:4022
AUC:{}
AVGP:{}
