

GENERAL_METRICS
ACC:0.9447058823529412
PREC:0.4998754980079681
REC:0.4724641092021652
TNR:0.4724641092021652
FPR:0.5001245019920318
FPDR:0.5001245019920318
F1:0.48578342407743497
BACC:0.0
CLSFE:0.05529411764705883
MCC:-0.0037031193643751415
GMEAN:0.0
SAMPLES:4250.0
AUC:{'AUC macro OVO': 0.4998754980079681}
AVGP:{'avg_precision': 0.9449282216309405}


METRICS_PER_CLASSES
CLASS:0
ACC:0.9447058823529412
PREC:0.0
REC:0.0
TNR:0.9449282184043304
FPR:1.0
FPDR:1.0
F1:0.0
BACC:0
CLSFE:1.0
MCC:-0.0037031193643751415
GMEAN:0
SAMPLES:234
AUC:{}
AVGP:{}
CLASS:1
ACC:0.9447058823529412
PREC:0.9997509960159362
REC:0.9449282184043304
TNR:0.0
FPR:0.000249003984063745
FPDR:0.000249003984063745
F1:0.9715668481548699
BACC:0
CLSFE:0.000249003984063745
MCC:-0.0037031193643751415
GMEAN:0
SAMPLES:4016
AUC:{}
AVGP:{}
