

GENERAL_METRICS
ACC:0.812
PREC:0.7271373430436044
REC:0.7300650239561943
TNR:0.7300650239561943
FPR:0.2728626569563956
FPDR:0.2728626569563956
F1:0.7285749793716985
BACC:0.0
CLSFE:0.188
MCC:0.45719299324759205
GMEAN:0.7151676378102659
SAMPLES:1250.0
AUC:{'AUC macro OVO': 0.7271373430436046}
AVGP:{'avg_precision': 0.8647393129520261}


METRICS_PER_CLASSES
CLASS:0
ACC:0.812
PREC:0.5729537366548043
REC:0.5833333333333334
TNR:0.8767967145790554
FPR:0.42704626334519574
FPDR:0.42704626334519574
F1:0.578096947935368
BACC:0
CLSFE:0.42704626334519574
MCC:0.45719299324759205
GMEAN:0.7151676378102659
SAMPLES:281
AUC:{}
AVGP:{}
CLASS:1
ACC:0.812
PREC:0.8813209494324046
REC:0.8767967145790554
TNR:0.5833333333333334
FPR:0.11867905056759546
FPDR:0.11867905056759546
F1:0.8790530108080288
BACC:0
CLSFE:0.11867905056759546
MCC:0.45719299324759205
GMEAN:0.7151676378102659
SAMPLES:969
AUC:{}
AVGP:{}
