

GENERAL_METRICS
ACC:0.8216
PREC:0.7435707951522318
REC:0.7275405007363771
TNR:0.7275405007363771
FPR:0.25642920484776827
FPDR:0.25642920484776827
F1:0.7348457825021997
BACC:0.0
CLSFE:0.1784
MCC:0.4708384890541397
GMEAN:0.7073046184420925
SAMPLES:1250.0
AUC:{'AUC macro OVO': 0.7435707951522319}
AVGP:{'avg_precision': 0.8852342951872766}


METRICS_PER_CLASSES
CLASS:0
ACC:0.8216
PREC:0.611764705882353
REC:0.5571428571428572
TNR:0.8979381443298969
FPR:0.38823529411764707
FPDR:0.38823529411764707
F1:0.5831775700934579
BACC:0
CLSFE:0.38823529411764707
MCC:0.4708384890541397
GMEAN:0.7073046184420925
SAMPLES:255
AUC:{}
AVGP:{}
CLASS:1
ACC:0.8216
PREC:0.8753768844221106
REC:0.8979381443298969
TNR:0.5571428571428572
FPR:0.12462311557788945
FPDR:0.12462311557788945
F1:0.8865139949109415
BACC:0
CLSFE:0.12462311557788945
MCC:0.4708384890541397
GMEAN:0.7073046184420925
SAMPLES:995
AUC:{}
AVGP:{}
