

GENERAL_METRICS
ACC:0.8088
PREC:0.7153456618618542
REC:0.6915721844293272
TNR:0.6915721844293272
FPR:0.2846543381381458
FPDR:0.2846543381381458
F1:0.7016971559632112
BACC:0.0
CLSFE:0.1912
MCC:0.4062227903515739
GMEAN:0.6600579465617772
SAMPLES:1250.0
AUC:{'AUC macro OVO': 0.7153456618618542}
AVGP:{'avg_precision': 0.8866701488053513}


METRICS_PER_CLASSES
CLASS:0
ACC:0.8088
PREC:0.5670995670995671
REC:0.48518518518518516
TNR:0.8979591836734694
FPR:0.4329004329004329
FPDR:0.4329004329004329
F1:0.5229540918163673
BACC:0
CLSFE:0.4329004329004329
MCC:0.4062227903515739
GMEAN:0.6600579465617772
SAMPLES:231
AUC:{}
AVGP:{}
CLASS:1
ACC:0.8088
PREC:0.8635917566241413
REC:0.8979591836734694
TNR:0.48518518518518516
FPR:0.1364082433758587
FPDR:0.1364082433758587
F1:0.8804402201100551
BACC:0
CLSFE:0.1364082433758587
MCC:0.4062227903515739
GMEAN:0.6600579465617772
SAMPLES:1019
AUC:{}
AVGP:{}
