

GENERAL_METRICS
ACC:0.828
PREC:0.7249069263817703
REC:0.7395008250825083
TNR:0.7395008250825083
FPR:0.27509307361822966
FPDR:0.27509307361822966
F1:0.7316522532723447
BACC:0.0
CLSFE:0.172
MCC:0.46417838999766003
GMEAN:0.7254110021995883
SAMPLES:1250.0
AUC:{'AUC macro OVO': 0.7249069263817702}
AVGP:{'avg_precision': 0.8741481684669984}


METRICS_PER_CLASSES
CLASS:0
ACC:0.828
PREC:0.5478927203065134
REC:0.5958333333333333
TNR:0.8831683168316832
FPR:0.4521072796934866
FPDR:0.4521072796934866
F1:0.5708582834331337
BACC:0
CLSFE:0.4521072796934866
MCC:0.46417838999766003
GMEAN:0.7254110021995883
SAMPLES:261
AUC:{}
AVGP:{}
CLASS:1
ACC:0.828
PREC:0.9019211324570273
REC:0.8831683168316832
TNR:0.5958333333333333
FPR:0.0980788675429727
FPDR:0.0980788675429727
F1:0.8924462231115557
BACC:0
CLSFE:0.0980788675429727
MCC:0.46417838999766003
GMEAN:0.7254110021995883
SAMPLES:989
AUC:{}
AVGP:{}
