

GENERAL_METRICS
ACC:0.8651428571428571
PREC:0.6833851656726017
REC:0.6938916815961798
TNR:0.6938916815961798
FPR:0.3166148343273983
FPDR:0.3166148343273983
F1:0.6883903133903134
BACC:0.0
CLSFE:0.13485714285714287
MCC:0.37713052463068936
GMEAN:0.6564024632019778
SAMPLES:1750.0
AUC:{'AUC macro OVO': 0.6833851656726018}
AVGP:{'avg_precision': 0.9155173204739824}


METRICS_PER_CLASSES
CLASS:0
ACC:0.8651428571428571
PREC:0.43946188340807174
REC:0.4688995215311005
TNR:0.9188838416612589
FPR:0.5605381165919282
FPDR:0.5605381165919282
F1:0.4537037037037037
BACC:0
CLSFE:0.5605381165919282
MCC:0.37713052463068936
GMEAN:0.6564024632019778
SAMPLES:223
AUC:{}
AVGP:{}
CLASS:1
ACC:0.8651428571428571
PREC:0.9273084479371316
REC:0.9188838416612589
TNR:0.4688995215311005
FPR:0.07269155206286837
FPDR:0.07269155206286837
F1:0.9230769230769231
BACC:0
CLSFE:0.07269155206286837
MCC:0.37713052463068936
GMEAN:0.6564024632019778
SAMPLES:1527
AUC:{}
AVGP:{}
