

GENERAL_METRICS
ACC:0.8508571428571429
PREC:0.6894627635711081
REC:0.7058184194567592
TNR:0.7058184194567592
FPR:0.31053723642889186
FPDR:0.31053723642889186
F1:0.6970131164962179
BACC:0.0
CLSFE:0.14914285714285713
MCC:0.3949426618845583
GMEAN:0.6770247589231544
SAMPLES:1750.0
AUC:{'AUC macro OVO': 0.6894627635711081}
AVGP:{'avg_precision': 0.9008965536460113}


METRICS_PER_CLASSES
CLASS:0
ACC:0.8508571428571429
PREC:0.4583333333333333
REC:0.5062761506276151
TNR:0.9053606882859033
FPR:0.5416666666666666
FPDR:0.5416666666666666
F1:0.48111332007952284
BACC:0
CLSFE:0.5416666666666666
MCC:0.3949426618845583
GMEAN:0.6770247589231544
SAMPLES:264
AUC:{}
AVGP:{}
CLASS:1
ACC:0.8508571428571429
PREC:0.9205921938088829
REC:0.9053606882859033
TNR:0.5062761506276151
FPR:0.07940780619111709
FPDR:0.07940780619111709
F1:0.9129129129129129
BACC:0
CLSFE:0.07940780619111709
MCC:0.3949426618845583
GMEAN:0.6770247589231544
SAMPLES:1486
AUC:{}
AVGP:{}
