

GENERAL_METRICS
ACC:0.8514285714285714
PREC:0.6625236991784285
REC:0.6753276266949473
TNR:0.6753276266949473
FPR:0.3374763008215715
FPDR:0.3374763008215715
F1:0.668488160291439
BACC:0.0
CLSFE:0.14857142857142858
MCC:0.33760861635116735
GMEAN:0.6336880051269947
SAMPLES:1750.0
AUC:{'AUC macro OVO': 0.6625236991784285}
AVGP:{'avg_precision': 0.9053824712392132}


METRICS_PER_CLASSES
CLASS:0
ACC:0.8514285714285714
PREC:0.40425531914893614
REC:0.4418604651162791
TNR:0.9087947882736156
FPR:0.5957446808510638
FPDR:0.5957446808510638
F1:0.4222222222222222
BACC:0
CLSFE:0.5957446808510638
MCC:0.33760861635116735
GMEAN:0.6336880051269947
SAMPLES:235
AUC:{}
AVGP:{}
CLASS:1
ACC:0.8514285714285714
PREC:0.9207920792079208
REC:0.9087947882736156
TNR:0.4418604651162791
FPR:0.07920792079207921
FPDR:0.07920792079207921
F1:0.9147540983606557
BACC:0
CLSFE:0.07920792079207921
MCC:0.33760861635116735
GMEAN:0.6336880051269947
SAMPLES:1515
AUC:{}
AVGP:{}
