

GENERAL_METRICS
ACC:0.8577142857142858
PREC:0.7004196996524362
REC:0.7123210395269219
TNR:0.7123210395269219
FPR:0.2995803003475638
FPDR:0.2995803003475638
F1:0.7060611109574617
BACC:0.0
CLSFE:0.1422857142857143
MCC:0.41256911649748446
GMEAN:0.6837505273791415
SAMPLES:1750.0
AUC:{'AUC macro OVO': 0.7004196996524363}
AVGP:{'avg_precision': 0.9075559979473024}


METRICS_PER_CLASSES
CLASS:0
ACC:0.8577142857142858
PREC:0.47843137254901963
REC:0.5126050420168067
TNR:0.9120370370370371
FPR:0.5215686274509804
FPDR:0.5215686274509804
F1:0.4949290060851927
BACC:0
CLSFE:0.5215686274509804
MCC:0.41256911649748446
GMEAN:0.6837505273791415
SAMPLES:255
AUC:{}
AVGP:{}
CLASS:1
ACC:0.8577142857142858
PREC:0.9224080267558529
REC:0.9120370370370371
TNR:0.5126050420168067
FPR:0.07759197324414716
FPDR:0.07759197324414716
F1:0.9171932158297307
BACC:0
CLSFE:0.07759197324414716
MCC:0.41256911649748446
GMEAN:0.6837505273791415
SAMPLES:1495
AUC:{}
AVGP:{}
