

GENERAL_METRICS
ACC:0.9250666666666667
PREC:0.49528840662478585
REC:0.4666397632499327
TNR:0.4666397632499327
FPR:0.5047115933752142
FPDR:0.5047115933752142
F1:0.48053747056379
BACC:0.0
CLSFE:0.07493333333333334
MCC:-0.025074279289119594
GMEAN:0.0
SAMPLES:3750.0
AUC:{'AUC macro OVO': 0.49528840662478585}
AVGP:{'avg_precision': 0.933285059231306}


METRICS_PER_CLASSES
CLASS:0
ACC:0.9250666666666667
PREC:0.0
REC:0.0
TNR:0.9332795264998655
FPR:1.0
FPDR:1.0
F1:0.0
BACC:0
CLSFE:1.0
MCC:-0.025074279289119594
GMEAN:0
SAMPLES:248
AUC:{}
AVGP:{}
CLASS:1
ACC:0.9250666666666667
PREC:0.9905768132495717
REC:0.9332795264998655
TNR:0.0
FPR:0.009423186750428327
FPDR:0.009423186750428327
F1:0.96107494112758
BACC:0
CLSFE:0.009423186750428327
MCC:-0.025074279289119594
GMEAN:0
SAMPLES:3502
AUC:{}
AVGP:{}
