

GENERAL_METRICS
ACC:0.9349333333333333
PREC:0.49688208616780044
REC:0.47022532188841204
TNR:0.47022532188841204
FPR:0.5031179138321995
FPDR:0.5031179138321995
F1:0.48318632855567806
BACC:0.0
CLSFE:0.06506666666666666
MCC:-0.01927017184494308
GMEAN:0.0
SAMPLES:3750.0
AUC:{'AUC macro OVO': 0.49688208616780044}
AVGP:{'avg_precision': 0.9404528223020253}


METRICS_PER_CLASSES
CLASS:0
ACC:0.9349333333333333
PREC:0.0
REC:0.0
TNR:0.9404506437768241
FPR:1.0
FPDR:1.0
F1:0.0
BACC:0
CLSFE:1.0
MCC:-0.01927017184494308
GMEAN:0
SAMPLES:222
AUC:{}
AVGP:{}
CLASS:1
ACC:0.9349333333333333
PREC:0.9937641723356009
REC:0.9404506437768241
TNR:0.0
FPR:0.006235827664399093
FPDR:0.006235827664399093
F1:0.9663726571113561
BACC:0
CLSFE:0.006235827664399093
MCC:-0.01927017184494308
GMEAN:0
SAMPLES:3528
AUC:{}
AVGP:{}
