

GENERAL_METRICS
ACC:0.9296
PREC:0.49643976075192253
REC:0.4679194630872483
TNR:0.4679194630872483
FPR:0.5035602392480775
FPDR:0.5035602392480775
F1:0.48175787728026537
BACC:0.0
CLSFE:0.0704
MCC:-0.021374226219087005
GMEAN:0.0
SAMPLES:3750.0
AUC:{'AUC macro OVO': 0.49643976075192253}
AVGP:{'avg_precision': 0.9358419718914731}


METRICS_PER_CLASSES
CLASS:0
ACC:0.9296
PREC:0.0
REC:0.0
TNR:0.9358389261744966
FPR:1.0
FPDR:1.0
F1:0.0
BACC:0
CLSFE:1.0
MCC:-0.021374226219087005
GMEAN:0
SAMPLES:239
AUC:{}
AVGP:{}
CLASS:1
ACC:0.9296
PREC:0.9928795215038451
REC:0.9358389261744966
TNR:0.0
FPR:0.007120478496154941
FPDR:0.007120478496154941
F1:0.9635157545605307
BACC:0
CLSFE:0.007120478496154941
MCC:-0.021374226219087005
GMEAN:0
SAMPLES:3511
AUC:{}
AVGP:{}
