

GENERAL_METRICS
ACC:0.9314666666666667
PREC:0.4961647727272727
REC:0.4691109320440505
TNR:0.4691109320440505
FPR:0.5038352272727272
FPDR:0.5038352272727272
F1:0.48225873256937735
BACC:0.0
CLSFE:0.06853333333333333
MCC:-0.021768472234291833
GMEAN:0.0
SAMPLES:3750.0
AUC:{'AUC macro OVO': 0.4961647727272727}
AVGP:{'avg_precision': 0.9382252759260616}


METRICS_PER_CLASSES
CLASS:0
ACC:0.9314666666666667
PREC:0.0
REC:0.0
TNR:0.938221864088101
FPR:1.0
FPDR:1.0
F1:0.0
BACC:0
CLSFE:1.0
MCC:-0.021768472234291833
GMEAN:0
SAMPLES:230
AUC:{}
AVGP:{}
CLASS:1
ACC:0.9314666666666667
PREC:0.9923295454545454
REC:0.938221864088101
TNR:0.0
FPR:0.007670454545454545
FPDR:0.007670454545454545
F1:0.9645174651387547
BACC:0
CLSFE:0.007670454545454545
MCC:-0.021768472234291833
GMEAN:0
SAMPLES:3520
AUC:{}
AVGP:{}
