

GENERAL_METRICS
ACC:0.9093333333333333
PREC:0.5869845470120265
REC:0.6839399301736094
TNR:0.6839399301736094
FPR:0.4130154529879735
FPDR:0.4130154529879735
F1:0.6121901560934622
BACC:0.0
CLSFE:0.09066666666666667
MCC:0.252981671301106
GMEAN:0.638826099351075
SAMPLES:3000.0
AUC:{'AUC macro OVO': 0.5869845470120265}
AVGP:{'avg_precision': 0.9278874870889062}


METRICS_PER_CLASSES
CLASS:0
ACC:0.9093333333333333
PREC:0.19767441860465115
REC:0.4396551724137931
TNR:0.9282246879334258
FPR:0.8023255813953488
FPDR:0.8023255813953488
F1:0.2727272727272727
BACC:0
CLSFE:0.8023255813953488
MCC:0.252981671301106
GMEAN:0.638826099351075
SAMPLES:258
AUC:{}
AVGP:{}
CLASS:1
ACC:0.9093333333333333
PREC:0.9762946754194018
REC:0.9282246879334258
TNR:0.4396551724137931
FPR:0.023705324580598104
FPDR:0.023705324580598104
F1:0.9516530394596516
BACC:0
CLSFE:0.023705324580598104
MCC:0.252981671301106
GMEAN:0.638826099351075
SAMPLES:2742
AUC:{}
AVGP:{}
