

GENERAL_METRICS
ACC:0.9106666666666666
PREC:0.5772635226054462
REC:0.6667259035475488
TNR:0.6667259035475488
FPR:0.4227364773945537
FPDR:0.4227364773945537
F1:0.5998534786867231
BACC:0.0
CLSFE:0.08933333333333333
MCC:0.22699630497133189
GMEAN:0.6126376394481386
SAMPLES:3000.0
AUC:{'AUC macro OVO': 0.5772635226054463}
AVGP:{'avg_precision': 0.9294960300114308}


METRICS_PER_CLASSES
CLASS:0
ACC:0.9106666666666666
PREC:0.17813765182186234
REC:0.4036697247706422
TNR:0.9297820823244553
FPR:0.8218623481781376
FPDR:0.8218623481781376
F1:0.24719101123595505
BACC:0
CLSFE:0.8218623481781376
MCC:0.22699630497133189
GMEAN:0.6126376394481386
SAMPLES:247
AUC:{}
AVGP:{}
CLASS:1
ACC:0.9106666666666666
PREC:0.9763893933890302
REC:0.9297820823244553
TNR:0.4036697247706422
FPR:0.02361060661096985
FPDR:0.02361060661096985
F1:0.9525159461374911
BACC:0
CLSFE:0.02361060661096985
MCC:0.22699630497133189
GMEAN:0.6126376394481386
SAMPLES:2753
AUC:{}
AVGP:{}
