

GENERAL_METRICS
ACC:0.9146666666666666
PREC:0.5921031039009752
REC:0.6977351368354828
TNR:0.6977351368354828
FPR:0.40789689609902474
FPDR:0.40789689609902474
F1:0.6197711101297333
BACC:0.0
CLSFE:0.08533333333333333
MCC:0.2699038336358492
GMEAN:0.657291476866616
SAMPLES:3000.0
AUC:{'AUC macro OVO': 0.5921031039009752}
AVGP:{'avg_precision': 0.931523032845149}


METRICS_PER_CLASSES
CLASS:0
ACC:0.9146666666666666
PREC:0.2056451612903226
REC:0.4636363636363636
TNR:0.931833910034602
FPR:0.7943548387096774
FPDR:0.7943548387096774
F1:0.2849162011173184
BACC:0
CLSFE:0.7943548387096774
MCC:0.2699038336358492
GMEAN:0.657291476866616
SAMPLES:248
AUC:{}
AVGP:{}
CLASS:1
ACC:0.9146666666666666
PREC:0.9785610465116279
REC:0.931833910034602
TNR:0.4636363636363636
FPR:0.021438953488372093
FPDR:0.021438953488372093
F1:0.9546260191421482
BACC:0
CLSFE:0.021438953488372093
MCC:0.2699038336358492
GMEAN:0.657291476866616
SAMPLES:2752
AUC:{}
AVGP:{}
