

GENERAL_METRICS
ACC:0.9123333333333333
PREC:0.5974923252043738
REC:0.7184532053818757
TNR:0.7184532053818757
FPR:0.40250767479562627
FPDR:0.40250767479562627
F1:0.6278075411192473
BACC:0.0
CLSFE:0.08766666666666667
MCC:0.2918733351371974
GMEAN:0.687222261055494
SAMPLES:3000.0
AUC:{'AUC macro OVO': 0.5974923252043737}
AVGP:{'avg_precision': 0.927649826722102}


METRICS_PER_CLASSES
CLASS:0
ACC:0.9123333333333333
PREC:0.21509433962264152
REC:0.5089285714285714
TNR:0.9279778393351801
FPR:0.7849056603773585
FPDR:0.7849056603773585
F1:0.30238726790450926
BACC:0
CLSFE:0.7849056603773585
MCC:0.2918733351371974
GMEAN:0.687222261055494
SAMPLES:265
AUC:{}
AVGP:{}
CLASS:1
ACC:0.9123333333333333
PREC:0.979890310786106
REC:0.9279778393351801
TNR:0.5089285714285714
FPR:0.02010968921389397
FPDR:0.02010968921389397
F1:0.9532278143339854
BACC:0
CLSFE:0.02010968921389397
MCC:0.2918733351371974
GMEAN:0.687222261055494
SAMPLES:2735
AUC:{}
AVGP:{}
