

GENERAL_METRICS
ACC:0.8244444444444444
PREC:0.5873533442776029
REC:0.5854315304948217
TNR:0.5854315304948217
FPR:0.4126466557223971
FPDR:0.4126466557223971
F1:0.5863683771817759
BACC:0.0
CLSFE:0.17555555555555555
MCC:0.17277418667702285
GMEAN:0.49260398714108655
SAMPLES:2250.0
AUC:{'AUC macro OVO': 0.5873533442776029}
AVGP:{'avg_precision': 0.8996543235107528}


METRICS_PER_CLASSES
CLASS:0
ACC:0.8244444444444444
PREC:0.27611940298507465
REC:0.2690909090909091
TNR:0.9017721518987342
FPR:0.7238805970149254
FPDR:0.7238805970149254
F1:0.27255985267034993
BACC:0
CLSFE:0.7238805970149254
MCC:0.17277418667702285
GMEAN:0.49260398714108655
SAMPLES:268
AUC:{}
AVGP:{}
CLASS:1
ACC:0.8244444444444444
PREC:0.8985872855701312
REC:0.9017721518987342
TNR:0.2690909090909091
FPR:0.10141271442986882
FPDR:0.10141271442986882
F1:0.900176901693202
BACC:0
CLSFE:0.10141271442986882
MCC:0.17277418667702285
GMEAN:0.49260398714108655
SAMPLES:1982
AUC:{}
AVGP:{}
