

GENERAL_METRICS
ACC:0.8271111111111111
PREC:0.5730099502487562
REC:0.566092563366855
TNR:0.566092563366855
FPR:0.42699004975124377
FPDR:0.42699004975124377
F1:0.5691435395652005
BACC:0.0
CLSFE:0.1728888888888889
MCC:0.1389304108282539
GMEAN:0.4503126050746382
SAMPLES:2250.0
AUC:{'AUC macro OVO': 0.5730099502487562}
AVGP:{'avg_precision': 0.9074935536016703}


METRICS_PER_CLASSES
CLASS:0
ACC:0.8271111111111111
PREC:0.25
REC:0.22304832713754646
TNR:0.9091367995961636
FPR:0.75
FPDR:0.75
F1:0.2357563850687623
BACC:0
CLSFE:0.75
MCC:0.1389304108282539
GMEAN:0.4503126050746382
SAMPLES:240
AUC:{}
AVGP:{}
CLASS:1
ACC:0.8271111111111111
PREC:0.8960199004975125
REC:0.9091367995961636
TNR:0.22304832713754646
FPR:0.10398009950248756
FPDR:0.10398009950248756
F1:0.9025306940616387
BACC:0
CLSFE:0.10398009950248756
MCC:0.1389304108282539
GMEAN:0.4503126050746382
SAMPLES:2010
AUC:{}
AVGP:{}
