

GENERAL_METRICS
ACC:0.8266666666666667
PREC:0.5863328432764756
REC:0.5735992622448834
TNR:0.5735992622448834
FPR:0.4136671567235244
FPDR:0.4136671567235244
F1:0.578818329826286
BACC:0.0
CLSFE:0.17333333333333334
MCC:0.1594243842409529
GMEAN:0.4624595878961734
SAMPLES:2250.0
AUC:{'AUC macro OVO': 0.5863328432764756}
AVGP:{'avg_precision': 0.9108962025538554}


METRICS_PER_CLASSES
CLASS:0
ACC:0.8266666666666667
PREC:0.2815126050420168
REC:0.23426573426573427
TNR:0.9129327902240326
FPR:0.7184873949579832
FPDR:0.7184873949579832
F1:0.25572519083969464
BACC:0
CLSFE:0.7184873949579832
MCC:0.1594243842409529
GMEAN:0.4624595878961734
SAMPLES:238
AUC:{}
AVGP:{}
CLASS:1
ACC:0.8266666666666667
PREC:0.8911530815109344
REC:0.9129327902240326
TNR:0.23426573426573427
FPR:0.10884691848906561
FPDR:0.10884691848906561
F1:0.9019114688128773
BACC:0
CLSFE:0.10884691848906561
MCC:0.1594243842409529
GMEAN:0.4624595878961734
SAMPLES:2012
AUC:{}
AVGP:{}
