

GENERAL_METRICS
ACC:0.8164444444444444
PREC:0.5568068068068068
REC:0.5529940469242441
TNR:0.5529940469242441
FPR:0.44319319319319317
FPDR:0.44319319319319317
F1:0.5547169811320755
BACC:0.0
CLSFE:0.18355555555555556
MCC:0.10973463601864991
GMEAN:0.42987413512002126
SAMPLES:2250.0
AUC:{'AUC macro OVO': 0.5568068068068067}
AVGP:{'avg_precision': 0.8994631940995117}


METRICS_PER_CLASSES
CLASS:0
ACC:0.8164444444444444
PREC:0.2222222222222222
REC:0.20512820512820512
TNR:0.9008598887202832
FPR:0.7777777777777778
FPDR:0.7777777777777778
F1:0.21333333333333335
BACC:0
CLSFE:0.7777777777777778
MCC:0.10973463601864991
GMEAN:0.42987413512002126
SAMPLES:252
AUC:{}
AVGP:{}
CLASS:1
ACC:0.8164444444444444
PREC:0.8913913913913913
REC:0.9008598887202832
TNR:0.20512820512820512
FPR:0.1086086086086086
FPDR:0.1086086086086086
F1:0.8961006289308177
BACC:0
CLSFE:0.1086086086086086
MCC:0.10973463601864991
GMEAN:0.42987413512002126
SAMPLES:1998
AUC:{}
AVGP:{}
