

GENERAL_METRICS
ACC:0.8764444444444445
PREC:0.505223880597015
REC:0.521250758955677
TNR:0.521250758955677
FPR:0.4947761194029851
FPDR:0.4947761194029851
F1:0.4941628577251157
BACC:0.0
CLSFE:0.12355555555555556
MCC:0.021072392116739114
GMEAN:0.36400109274626485
SAMPLES:2250.0
AUC:{'AUC macro OVO': 0.505223880597015}
AVGP:{'avg_precision': 0.8943300256459052}


METRICS_PER_CLASSES
CLASS:0
ACC:0.8764444444444445
PREC:0.03333333333333333
REC:0.14814814814814814
TNR:0.8943533697632058
FPR:0.9666666666666667
FPDR:0.9666666666666667
F1:0.05442176870748299
BACC:0
CLSFE:0.9666666666666667
MCC:0.021072392116739114
GMEAN:0.36400109274626485
SAMPLES:240
AUC:{}
AVGP:{}
CLASS:1
ACC:0.8764444444444445
PREC:0.9771144278606965
REC:0.8943533697632058
TNR:0.14814814814814814
FPR:0.022885572139303482
FPDR:0.022885572139303482
F1:0.9339039467427485
BACC:0
CLSFE:0.022885572139303482
MCC:0.021072392116739114
GMEAN:0.36400109274626485
SAMPLES:2010
AUC:{}
AVGP:{}
