

GENERAL_METRICS
ACC:0.8733333333333333
PREC:0.516016016016016
REC:0.5603913756562244
TNR:0.5603913756562244
FPR:0.48398398398398396
FPDR:0.48398398398398396
F1:0.5106945200075389
BACC:0.0
CLSFE:0.12666666666666668
MCC:0.062200618638059584
GMEAN:0.45227736601316015
SAMPLES:2250.0
AUC:{'AUC macro OVO': 0.516016016016016}
AVGP:{'avg_precision': 0.8911975255291837}


METRICS_PER_CLASSES
CLASS:0
ACC:0.8733333333333333
PREC:0.05555555555555555
REC:0.22950819672131148
TNR:0.8912745545911375
FPR:0.9444444444444444
FPDR:0.9444444444444444
F1:0.08945686900958466
BACC:0
CLSFE:0.9444444444444444
MCC:0.062200618638059584
GMEAN:0.45227736601316015
SAMPLES:252
AUC:{}
AVGP:{}
CLASS:1
ACC:0.8733333333333333
PREC:0.9764764764764765
REC:0.8912745545911375
TNR:0.22950819672131148
FPR:0.023523523523523524
FPDR:0.023523523523523524
F1:0.9319321710054932
BACC:0
CLSFE:0.023523523523523524
MCC:0.062200618638059584
GMEAN:0.45227736601316015
SAMPLES:1998
AUC:{}
AVGP:{}
