

GENERAL_METRICS
ACC:0.8755555555555555
PREC:0.5006766125933475
REC:0.5027322404371585
TNR:0.5027322404371585
FPR:0.4993233874066525
FPDR:0.4993233874066525
F1:0.4872779832282932
BACC:0.0
CLSFE:0.12444444444444444
MCC:0.002719314831228366
GMEAN:0.31523419332356095
SAMPLES:2250.0
AUC:{'AUC macro OVO': 0.5006766125933475}
AVGP:{'avg_precision': 0.8943502409948324}


METRICS_PER_CLASSES
CLASS:0
ACC:0.8755555555555555
PREC:0.025210084033613446
REC:0.1111111111111111
TNR:0.8943533697632058
FPR:0.9747899159663865
FPDR:0.9747899159663865
F1:0.0410958904109589
BACC:0
CLSFE:0.9747899159663865
MCC:0.002719314831228366
GMEAN:0.31523419332356095
SAMPLES:238
AUC:{}
AVGP:{}
CLASS:1
ACC:0.8755555555555555
PREC:0.9761431411530815
REC:0.8943533697632058
TNR:0.1111111111111111
FPR:0.02385685884691849
FPDR:0.02385685884691849
F1:0.9334600760456274
BACC:0
CLSFE:0.02385685884691849
MCC:0.002719314831228366
GMEAN:0.31523419332356095
SAMPLES:2012
AUC:{}
AVGP:{}
