

GENERAL_METRICS
ACC:0.8657777777777778
PREC:0.49948981128665454
REC:0.4972080276930685
TNR:0.4972080276930685
FPR:0.5005101887133455
FPDR:0.5005101887133455
F1:0.4799702446550584
BACC:0.0
CLSFE:0.13422222222222221
MCC:-0.0023869920477199796
GMEAN:0.3163678260114348
SAMPLES:2250.0
AUC:{'AUC macro OVO': 0.4994898112866546}
AVGP:{'avg_precision': 0.8807818404321273}


METRICS_PER_CLASSES
CLASS:0
ACC:0.8657777777777778
PREC:0.018656716417910446
REC:0.11363636363636363
TNR:0.8807796917497733
FPR:0.9813432835820896
FPDR:0.9813432835820896
F1:0.03205128205128205
BACC:0
CLSFE:0.9813432835820896
MCC:-0.0023869920477199796
GMEAN:0.3163678260114348
SAMPLES:268
AUC:{}
AVGP:{}
CLASS:1
ACC:0.8657777777777778
PREC:0.9803229061553986
REC:0.8807796917497733
TNR:0.11363636363636363
FPR:0.019677093844601413
FPDR:0.019677093844601413
F1:0.9278892072588347
BACC:0
CLSFE:0.019677093844601413
MCC:-0.0023869920477199796
GMEAN:0.3163678260114348
SAMPLES:1982
AUC:{}
AVGP:{}
