

GENERAL_METRICS
ACC:0.816
PREC:0.5407066052227343
REC:0.5537426253687315
TNR:0.5537426253687315
FPR:0.4592933947772658
FPDR:0.4592933947772658
F1:0.5445724921785275
BACC:0.0
CLSFE:0.184
MCC:0.09354527961406196
GMEAN:0.44864389239450353
SAMPLES:2000.0
AUC:{'AUC macro OVO': 0.5407066052227343}
AVGP:{'avg_precision': 0.8774388891154521}


METRICS_PER_CLASSES
CLASS:0
ACC:0.816
PREC:0.16666666666666666
REC:0.22916666666666666
TNR:0.8783185840707964
FPR:0.8333333333333334
FPDR:0.8333333333333334
F1:0.19298245614035087
BACC:0
CLSFE:0.8333333333333334
MCC:0.09354527961406196
GMEAN:0.44864389239450353
SAMPLES:264
AUC:{}
AVGP:{}
CLASS:1
ACC:0.816
PREC:0.9147465437788018
REC:0.8783185840707964
TNR:0.22916666666666666
FPR:0.08525345622119816
FPDR:0.08525345622119816
F1:0.8961625282167043
BACC:0
CLSFE:0.08525345622119816
MCC:0.09354527961406196
GMEAN:0.44864389239450353
SAMPLES:1736
AUC:{}
AVGP:{}
