

GENERAL_METRICS
ACC:0.8255
PREC:0.5637886291802321
REC:0.5769520503078737
TNR:0.5769520503078737
FPR:0.43621137081976785
FPDR:0.43621137081976785
F1:0.5689098793132945
BACC:0.0
CLSFE:0.1745
MCC:0.14012374248138718
GMEAN:0.4851556440482985
SAMPLES:2000.0
AUC:{'AUC macro OVO': 0.5637886291802322}
AVGP:{'avg_precision': 0.8878503460593598}


METRICS_PER_CLASSES
CLASS:0
ACC:0.8255
PREC:0.2134387351778656
REC:0.2647058823529412
TNR:0.8891982182628062
FPR:0.7865612648221344
FPDR:0.7865612648221344
F1:0.2363238512035011
BACC:0
CLSFE:0.7865612648221344
MCC:0.14012374248138718
GMEAN:0.4851556440482985
SAMPLES:253
AUC:{}
AVGP:{}
CLASS:1
ACC:0.8255
PREC:0.9141385231825987
REC:0.8891982182628062
TNR:0.2647058823529412
FPR:0.08586147681740126
FPDR:0.08586147681740126
F1:0.9014959074230878
BACC:0
CLSFE:0.08586147681740126
MCC:0.14012374248138718
GMEAN:0.4851556440482985
SAMPLES:1747
AUC:{}
AVGP:{}
