

GENERAL_METRICS
ACC:0.8245
PREC:0.5615064208066015
REC:0.5906898656898657
TNR:0.5906898656898657
FPR:0.43849357919339843
FPDR:0.43849357919339843
F1:0.5697155770929323
BACC:0.0
CLSFE:0.1755
MCC:0.1493721398657066
GMEAN:0.5173131958619871
SAMPLES:2000.0
AUC:{'AUC macro OVO': 0.5615064208066016}
AVGP:{'avg_precision': 0.8746371356973451}


METRICS_PER_CLASSES
CLASS:0
ACC:0.8245
PREC:0.19572953736654805
REC:0.3055555555555556
TNR:0.8758241758241758
FPR:0.8042704626334519
FPDR:0.8042704626334519
F1:0.2386117136659436
BACC:0
CLSFE:0.8042704626334519
MCC:0.1493721398657066
GMEAN:0.5173131958619871
SAMPLES:281
AUC:{}
AVGP:{}
CLASS:1
ACC:0.8245
PREC:0.9272833042466551
REC:0.8758241758241758
TNR:0.3055555555555556
FPR:0.07271669575334497
FPDR:0.07271669575334497
F1:0.9008194405199209
BACC:0
CLSFE:0.07271669575334497
MCC:0.1493721398657066
GMEAN:0.5173131958619871
SAMPLES:1719
AUC:{}
AVGP:{}
