

GENERAL_METRICS
ACC:0.814
PREC:0.5550637901376148
REC:0.562282755196141
TNR:0.562282755196141
FPR:0.4449362098623853
FPDR:0.4449362098623853
F1:0.5580677581917843
BACC:0.0
CLSFE:0.186
MCC:0.11712428546313937
GMEAN:0.4598708146920999
SAMPLES:2000.0
AUC:{'AUC macro OVO': 0.5550637901376148}
AVGP:{'avg_precision': 0.8844869067398684}


METRICS_PER_CLASSES
CLASS:0
ACC:0.814
PREC:0.20703125
REC:0.23873873873873874
TNR:0.8858267716535433
FPR:0.79296875
FPDR:0.79296875
F1:0.2217573221757322
BACC:0
CLSFE:0.79296875
MCC:0.11712428546313937
GMEAN:0.4598708146920999
SAMPLES:256
AUC:{}
AVGP:{}
CLASS:1
ACC:0.814
PREC:0.9030963302752294
REC:0.8858267716535433
TNR:0.23873873873873874
FPR:0.09690366972477064
FPDR:0.09690366972477064
F1:0.8943781942078365
BACC:0
CLSFE:0.09690366972477064
MCC:0.11712428546313937
GMEAN:0.4598708146920999
SAMPLES:1744
AUC:{}
AVGP:{}
