

GENERAL_METRICS
ACC:0.9084705882352941
PREC:0.5406975646948697
REC:0.5567650415053811
TNR:0.5567650415053811
FPR:0.4593024353051303
FPDR:0.4593024353051303
F1:0.5464696782780853
BACC:0.0
CLSFE:0.09152941176470589
MCC:0.09612905802247755
GMEAN:0.40158127837529584
SAMPLES:4250.0
AUC:{'AUC macro OVO': 0.5406975646948697}
AVGP:{'avg_precision': 0.9422127421821176}


METRICS_PER_CLASSES
CLASS:0
ACC:0.9084705882352941
PREC:0.12030075187969924
REC:0.1711229946524064
TNR:0.9424070883583558
FPR:0.8796992481203008
FPDR:0.8796992481203008
F1:0.141280353200883
BACC:0
CLSFE:0.8796992481203008
MCC:0.09612905802247755
GMEAN:0.40158127837529584
SAMPLES:266
AUC:{}
AVGP:{}
CLASS:1
ACC:0.9084705882352941
PREC:0.9610943775100401
REC:0.9424070883583558
TNR:0.1711229946524064
FPR:0.03890562248995984
FPDR:0.03890562248995984
F1:0.9516590033552876
BACC:0
CLSFE:0.03890562248995984
MCC:0.09612905802247755
GMEAN:0.40158127837529584
SAMPLES:3984
AUC:{}
AVGP:{}
