

GENERAL_METRICS
ACC:0.916235294117647
PREC:0.5523064710122477
REC:0.5666766397393703
TNR:0.5666766397393703
FPR:0.4476935289877523
FPDR:0.4476935289877523
F1:0.5581480650798546
BACC:0.0
CLSFE:0.08376470588235294
MCC:0.11811214541648897
GMEAN:0.4177504935777797
SAMPLES:4250.0
AUC:{'AUC macro OVO': 0.5523064710122477}
AVGP:{'avg_precision': 0.9493509658366416}


METRICS_PER_CLASSES
CLASS:0
ACC:0.916235294117647
PREC:0.14225941422594143
REC:0.1837837837837838
TNR:0.949569495694957
FPR:0.8577405857740585
FPDR:0.8577405857740585
F1:0.16037735849056603
BACC:0
CLSFE:0.8577405857740585
MCC:0.11811214541648897
GMEAN:0.4177504935777797
SAMPLES:239
AUC:{}
AVGP:{}
CLASS:1
ACC:0.916235294117647
PREC:0.962353527798554
REC:0.949569495694957
TNR:0.1837837837837838
FPR:0.03764647220144603
FPDR:0.03764647220144603
F1:0.9559187716691432
BACC:0
CLSFE:0.03764647220144603
MCC:0.11811214541648897
GMEAN:0.4177504935777797
SAMPLES:4011
AUC:{}
AVGP:{}
