

GENERAL_METRICS
ACC:0.9224
PREC:0.5828011007569848
REC:0.6731996476292306
TNR:0.6731996476292306
FPR:0.41719889924301523
FPDR:0.41719889924301523
F1:0.6074102242069866
BACC:0.0
CLSFE:0.0776
MCC:0.23950884304695041
GMEAN:0.6181191080979928
SAMPLES:3750.0
AUC:{'AUC macro OVO': 0.5828011007569847}
AVGP:{'avg_precision': 0.9396570284738227}


METRICS_PER_CLASSES
CLASS:0
ACC:0.9224
PREC:0.1865671641791045
REC:0.4065040650406504
TNR:0.9398952302178109
FPR:0.8134328358208955
FPDR:0.8134328358208955
F1:0.2557544757033248
BACC:0
CLSFE:0.8134328358208955
MCC:0.23950884304695041
GMEAN:0.6181191080979928
SAMPLES:268
AUC:{}
AVGP:{}
CLASS:1
ACC:0.9224
PREC:0.979035037334865
REC:0.9398952302178109
TNR:0.4065040650406504
FPR:0.02096496266513498
FPDR:0.02096496266513498
F1:0.9590659727106485
BACC:0
CLSFE:0.02096496266513498
MCC:0.23950884304695041
GMEAN:0.6181191080979928
SAMPLES:3482
AUC:{}
AVGP:{}
