

GENERAL_METRICS
ACC:0.9237333333333333
PREC:0.5725955784652789
REC:0.6349666246189425
TNR:0.6349666246189425
FPR:0.42740442153472114
FPDR:0.42740442153472114
F1:0.5913625667536395
BACC:0.0
CLSFE:0.07626666666666666
MCC:0.19796949449567505
GMEAN:0.554390795188332
SAMPLES:3750.0
AUC:{'AUC macro OVO': 0.5725955784652789}
AVGP:{'avg_precision': 0.9443166606256026}


METRICS_PER_CLASSES
CLASS:0
ACC:0.9237333333333333
PREC:0.16942148760330578
REC:0.3253968253968254
TNR:0.9445364238410596
FPR:0.8305785123966942
FPDR:0.8305785123966942
F1:0.22282608695652173
BACC:0
CLSFE:0.8305785123966942
MCC:0.19796949449567505
GMEAN:0.554390795188332
SAMPLES:242
AUC:{}
AVGP:{}
CLASS:1
ACC:0.9237333333333333
PREC:0.975769669327252
REC:0.9445364238410596
TNR:0.3253968253968254
FPR:0.024230330672748004
FPDR:0.024230330672748004
F1:0.9598990465507572
BACC:0
CLSFE:0.024230330672748004
MCC:0.19796949449567505
GMEAN:0.554390795188332
SAMPLES:3508
AUC:{}
AVGP:{}
