

GENERAL_METRICS
ACC:0.9269333333333334
PREC:0.5774840606713442
REC:0.6591711022068059
TNR:0.6591711022068059
FPR:0.42251593932865583
FPDR:0.42251593932865583
F1:0.6002567693744164
BACC:0.0
CLSFE:0.07306666666666667
MCC:0.22211009288654002
GMEAN:0.5942511101503785
SAMPLES:3750.0
AUC:{'AUC macro OVO': 0.5774840606713442}
AVGP:{'avg_precision': 0.944228618970345}


METRICS_PER_CLASSES
CLASS:0
ACC:0.9269333333333334
PREC:0.17551020408163265
REC:0.3739130434782609
TNR:0.9444291609353508
FPR:0.8244897959183674
FPDR:0.8244897959183674
F1:0.2388888888888889
BACC:0
CLSFE:0.8244897959183674
MCC:0.22211009288654002
GMEAN:0.5942511101503785
SAMPLES:245
AUC:{}
AVGP:{}
CLASS:1
ACC:0.9269333333333334
PREC:0.9794579172610557
REC:0.9444291609353508
TNR:0.3739130434782609
FPR:0.020542082738944364
FPDR:0.020542082738944364
F1:0.961624649859944
BACC:0
CLSFE:0.020542082738944364
MCC:0.22211009288654002
GMEAN:0.5942511101503785
SAMPLES:3505
AUC:{}
AVGP:{}
