

GENERAL_METRICS
ACC:0.9256
PREC:0.5680088781781052
REC:0.6387513751375138
TNR:0.6387513751375138
FPR:0.43199112182189486
FPDR:0.43199112182189486
F1:0.5875181107639539
BACC:0.0
CLSFE:0.0744
MCC:0.19428150059922578
GMEAN:0.5610019063965511
SAMPLES:3750.0
AUC:{'AUC macro OVO': 0.5680088781781052}
AVGP:{'avg_precision': 0.9439867032471272}


METRICS_PER_CLASSES
CLASS:0
ACC:0.9256
PREC:0.15767634854771784
REC:0.3333333333333333
TNR:0.9441694169416942
FPR:0.8423236514522822
FPDR:0.8423236514522822
F1:0.2140845070422535
BACC:0
CLSFE:0.8423236514522822
MCC:0.19428150059922578
GMEAN:0.5610019063965511
SAMPLES:241
AUC:{}
AVGP:{}
CLASS:1
ACC:0.9256
PREC:0.9783414078084924
REC:0.9441694169416942
TNR:0.3333333333333333
FPR:0.021658592191507554
FPDR:0.021658592191507554
F1:0.9609517144856543
BACC:0
CLSFE:0.021658592191507554
MCC:0.19428150059922578
GMEAN:0.5610019063965511
SAMPLES:3509
AUC:{}
AVGP:{}
