

GENERAL_METRICS
ACC:0.515
PREC:0.515
REC:0.515001500150015
TNR:0.515001500150015
FPR:0.485
FPDR:0.485
F1:0.5149878746968675
BACC:0.0
CLSFE:0.485
MCC:0.030001500112509374
GMEAN:0.5150014783010484
SAMPLES:1000.0
AUC:0.515
AVGP:0.5077227722772277


METRICS_PER_CLASSES

======>> CLASS:0
ACC:0.515
PREC:0.51
REC:0.5151515151515151
TNR:0.5148514851485149
FPR:0.49
FPDR:0.49
F1:0.5125628140703518
BACC:0
CLSFE:0.49
MCC:0.030001500112509374
GMEAN:0.5150014783010484
SAMPLES:500
AUC:0.515
AVGP:0.5077227722772277

======>> CLASS:1
ACC:0.515
PREC:0.52
REC:0.5148514851485149
TNR:0.5151515151515151
FPR:0.48
FPDR:0.48
F1:0.5174129353233831
BACC:0
CLSFE:0.48
MCC:0.030001500112509374
GMEAN:0.5150014783010484
SAMPLES:500
AUC:{}
AVGP:{}
