

GENERAL_METRICS
ACC:0.9389473684210526
PREC:0.9296590070622958
REC:0.9390688821674164
TNR:0.9390688821674164
FPR:0.07034099293770422
FPDR:0.07034099293770422
F1:0.9339766230114435
BACC:0.0
CLSFE:0.061052631578947365
MCC:0.8686769248552749
GMEAN:0.9390687903593128
SAMPLES:2850.0
AUC:0.9296590070622958
AVGP:0.9280695082017456


METRICS_PER_CLASSES

======>> CLASS:0
ACC:0.9389473684210526
PREC:0.8933962264150943
REC:0.939484126984127
TNR:0.9386536373507057
FPR:0.10660377358490566
FPDR:0.10660377358490566
F1:0.9158607350096711
BACC:0
CLSFE:0.10660377358490566
MCC:0.8686769248552749
GMEAN:0.9390687903593128
SAMPLES:1060
AUC:0.9296590070622958
AVGP:0.9280695082017456

======>> CLASS:1
ACC:0.9389473684210526
PREC:0.9659217877094972
REC:0.9386536373507057
TNR:0.939484126984127
FPR:0.03407821229050279
FPDR:0.03407821229050279
F1:0.9520925110132159
BACC:0
CLSFE:0.03407821229050279
MCC:0.8686769248552749
GMEAN:0.9390687903593128
SAMPLES:1790
AUC:{}
AVGP:{}
