

GENERAL_METRICS
ACC:0.856
PREC:0.8533153647462739
REC:0.859404324765402
TNR:0.859404324765402
FPR:0.14668463525372608
FPDR:0.14668463525372608
F1:0.8546605516439507
BACC:0.0
CLSFE:0.144
MCC:0.7126936792083293
GMEAN:0.8590602401019565
SAMPLES:500.0
AUC:{'AUC macro OVO': 0.8533153647462739}
AVGP:{'avg_precision': 0.8024682563045824}


METRICS_PER_CLASSES
CLASS:0
ACC:0.856
PREC:0.9049429657794676
REC:0.8350877192982457
TNR:0.8837209302325582
FPR:0.09505703422053231
FPDR:0.09505703422053231
F1:0.8686131386861314
BACC:0
CLSFE:0.09505703422053231
MCC:0.7126936792083293
GMEAN:0.8590602401019565
SAMPLES:263
AUC:{}
AVGP:{}
CLASS:1
ACC:0.856
PREC:0.8016877637130801
REC:0.8837209302325582
TNR:0.8350877192982457
FPR:0.19831223628691982
FPDR:0.19831223628691982
F1:0.8407079646017699
BACC:0
CLSFE:0.19831223628691982
MCC:0.7126936792083293
GMEAN:0.8590602401019565
SAMPLES:237
AUC:{}
AVGP:{}
