

GENERAL_METRICS
ACC:0.82
PREC:0.8176036142841122
REC:0.8251037242329327
TNR:0.8251037242329327
FPR:0.1823963857158878
FPDR:0.1823963857158878
F1:0.8183256895549383
BACC:0.0
CLSFE:0.18
MCC:0.642663575546661
GMEAN:0.8244548545827826
SAMPLES:500.0
AUC:{'AUC macro OVO': 0.8176036142841122}
AVGP:{'avg_precision': 0.7642547835834104}


METRICS_PER_CLASSES
CLASS:0
ACC:0.82
PREC:0.8841698841698842
REC:0.7923875432525952
TNR:0.8578199052132701
FPR:0.11583011583011583
FPDR:0.11583011583011583
F1:0.8357664233576643
BACC:0
CLSFE:0.11583011583011583
MCC:0.642663575546661
GMEAN:0.8244548545827826
SAMPLES:259
AUC:{}
AVGP:{}
CLASS:1
ACC:0.82
PREC:0.7510373443983402
REC:0.8578199052132701
TNR:0.7923875432525952
FPR:0.24896265560165975
FPDR:0.24896265560165975
F1:0.8008849557522124
BACC:0
CLSFE:0.24896265560165975
MCC:0.642663575546661
GMEAN:0.8244548545827826
SAMPLES:241
AUC:{}
AVGP:{}
