

GENERAL_METRICS
ACC:0.804
PREC:0.8020154119739182
REC:0.8069726921886958
TNR:0.8069726921886958
FPR:0.1979845880260818
FPDR:0.1979845880260818
F1:0.8026071963776407
BACC:0.0
CLSFE:0.196
MCC:0.6089679272214975
GMEAN:0.8066583897355185
SAMPLES:500.0
AUC:{'AUC macro OVO': 0.8020154119739182}
AVGP:{'avg_precision': 0.7415384056446832}


METRICS_PER_CLASSES
CLASS:0
ACC:0.804
PREC:0.8571428571428571
REC:0.784452296819788
TNR:0.8294930875576036
FPR:0.14285714285714285
FPDR:0.14285714285714285
F1:0.8191881918819188
BACC:0
CLSFE:0.14285714285714285
MCC:0.6089679272214975
GMEAN:0.8066583897355185
SAMPLES:259
AUC:{}
AVGP:{}
CLASS:1
ACC:0.804
PREC:0.7468879668049793
REC:0.8294930875576036
TNR:0.784452296819788
FPR:0.25311203319502074
FPDR:0.25311203319502074
F1:0.7860262008733624
BACC:0
CLSFE:0.25311203319502074
MCC:0.6089679272214975
GMEAN:0.8066583897355185
SAMPLES:241
AUC:{}
AVGP:{}
