

GENERAL_METRICS
ACC:0.842
PREC:0.8407752384610461
REC:0.8501044081619231
TNR:0.8501044081619231
FPR:0.15922476153895398
FPDR:0.15922476153895398
F1:0.8407097489666298
BACC:0.0
CLSFE:0.158
MCC:0.6908166563644589
GMEAN:0.8486668679386566
SAMPLES:500.0
AUC:{'AUC macro OVO': 0.8407752384610461}
AVGP:{'avg_precision': 0.8034392188897966}


METRICS_PER_CLASSES
CLASS:0
ACC:0.842
PREC:0.9173228346456693
REC:0.8006872852233677
TNR:0.8995215311004785
FPR:0.08267716535433071
FPDR:0.08267716535433071
F1:0.8550458715596331
BACC:0
CLSFE:0.08267716535433071
MCC:0.6908166563644589
GMEAN:0.8486668679386566
SAMPLES:254
AUC:{}
AVGP:{}
CLASS:1
ACC:0.842
PREC:0.7642276422764228
REC:0.8995215311004785
TNR:0.8006872852233677
FPR:0.23577235772357724
FPDR:0.23577235772357724
F1:0.8263736263736263
BACC:0
CLSFE:0.23577235772357724
MCC:0.6908166563644589
GMEAN:0.8486668679386566
SAMPLES:246
AUC:{}
AVGP:{}
