

GENERAL_METRICS
ACC:0.788
PREC:0.7862448770491803
REC:0.7935960591133004
TNR:0.7935960591133004
FPR:0.21375512295081966
FPDR:0.21375512295081966
F1:0.786190314824676
BACC:0.0
CLSFE:0.212
MCC:0.5797943354087226
GMEAN:0.7928249671720918
SAMPLES:500.0
AUC:{'AUC macro OVO': 0.7862448770491803}
AVGP:{'avg_precision': 0.7308665105386417}


METRICS_PER_CLASSES
CLASS:0
ACC:0.788
PREC:0.859375
REC:0.7586206896551724
TNR:0.8285714285714286
FPR:0.140625
FPDR:0.140625
F1:0.8058608058608059
BACC:0
CLSFE:0.140625
MCC:0.5797943354087226
GMEAN:0.7928249671720918
SAMPLES:256
AUC:{}
AVGP:{}
CLASS:1
ACC:0.788
PREC:0.7131147540983607
REC:0.8285714285714286
TNR:0.7586206896551724
FPR:0.28688524590163933
FPDR:0.28688524590163933
F1:0.7665198237885462
BACC:0
CLSFE:0.28688524590163933
MCC:0.5797943354087226
GMEAN:0.7928249671720918
SAMPLES:244
AUC:{}
AVGP:{}
