

GENERAL_METRICS
ACC:0.818
PREC:0.8183570937134994
REC:0.828528498778152
TNR:0.828528498778152
FPR:0.18164290628650057
FPDR:0.18164290628650057
F1:0.8166438982716169
BACC:0.0
CLSFE:0.182
MCC:0.6468056217228525
GMEAN:0.8263660928172419
SAMPLES:500.0
AUC:{'AUC macro OVO': 0.8183570937134994}
AVGP:{'avg_precision': 0.7836811201794763}


METRICS_PER_CLASSES
CLASS:0
ACC:0.818
PREC:0.9076305220883534
REC:0.7687074829931972
TNR:0.8883495145631068
FPR:0.09236947791164658
FPDR:0.09236947791164658
F1:0.8324125230202578
BACC:0
CLSFE:0.09236947791164658
MCC:0.6468056217228525
GMEAN:0.8263660928172419
SAMPLES:249
AUC:{}
AVGP:{}
CLASS:1
ACC:0.818
PREC:0.7290836653386454
REC:0.8883495145631068
TNR:0.7687074829931972
FPR:0.27091633466135456
FPDR:0.27091633466135456
F1:0.8008752735229759
BACC:0
CLSFE:0.27091633466135456
MCC:0.6468056217228525
GMEAN:0.8263660928172419
SAMPLES:251
AUC:{}
AVGP:{}
