

GENERAL_METRICS
ACC:0.762
PREC:0.7665318438623523
REC:0.7704075817036036
TNR:0.7704075817036036
FPR:0.23346815613764765
FPDR:0.23346815613764765
F1:0.7616558310199929
BACC:0.0
CLSFE:0.238
MCC:0.536925437452245
GMEAN:0.7677701099209133
SAMPLES:500.0
AUC:{'AUC macro OVO': 0.7665318438623523}
AVGP:{'avg_precision': 0.7378649629939953}


METRICS_PER_CLASSES
CLASS:0
ACC:0.762
PREC:0.847457627118644
REC:0.7067137809187279
TNR:0.8341013824884793
FPR:0.15254237288135594
FPDR:0.15254237288135594
F1:0.7707129094412332
BACC:0
CLSFE:0.15254237288135594
MCC:0.536925437452245
GMEAN:0.7677701099209133
SAMPLES:236
AUC:{}
AVGP:{}
CLASS:1
ACC:0.762
PREC:0.6856060606060606
REC:0.8341013824884793
TNR:0.7067137809187279
FPR:0.3143939393939394
FPDR:0.3143939393939394
F1:0.7525987525987526
BACC:0
CLSFE:0.3143939393939394
MCC:0.536925437452245
GMEAN:0.7677701099209133
SAMPLES:264
AUC:{}
AVGP:{}
