

GENERAL_METRICS
ACC:0.796
PREC:0.7943455430327868
REC:0.8011333857442349
TNR:0.8011333857442349
FPR:0.20565445696721313
FPDR:0.20565445696721313
F1:0.794407894736842
BACC:0.0
CLSFE:0.204
MCC:0.5954402403337835
GMEAN:0.8004212236192427
SAMPLES:500.0
AUC:{'AUC macro OVO': 0.7943455430327868}
AVGP:{'avg_precision': 0.7396487782245592}


METRICS_PER_CLASSES
CLASS:0
ACC:0.796
PREC:0.86328125
REC:0.7673611111111112
TNR:0.8349056603773585
FPR:0.13671875
FPDR:0.13671875
F1:0.8125
BACC:0
CLSFE:0.13671875
MCC:0.5954402403337835
GMEAN:0.8004212236192427
SAMPLES:256
AUC:{}
AVGP:{}
CLASS:1
ACC:0.796
PREC:0.7254098360655737
REC:0.8349056603773585
TNR:0.7673611111111112
FPR:0.27459016393442626
FPDR:0.27459016393442626
F1:0.7763157894736842
BACC:0
CLSFE:0.27459016393442626
MCC:0.5954402403337835
GMEAN:0.8004212236192427
SAMPLES:244
AUC:{}
AVGP:{}
