

GENERAL_METRICS
ACC:0.922
PREC:0.4972265023112481
REC:0.4633831131533601
TNR:0.4633831131533601
FPR:0.5027734976887519
FPDR:0.5027734976887519
F1:0.4797086368366285
BACC:0.0
CLSFE:0.078
MCC:-0.02015508382899426
GMEAN:0.0
SAMPLES:3500.0
AUC:{'AUC macro OVO': 0.4972265023112481}
AVGP:{'avg_precision': 0.9267683154762273}


METRICS_PER_CLASSES
CLASS:0
ACC:0.922
PREC:0.0
REC:0.0
TNR:0.9267662263067202
FPR:1.0
FPDR:1.0
F1:0.0
BACC:0
CLSFE:1.0
MCC:-0.02015508382899426
GMEAN:0
SAMPLES:255
AUC:{}
AVGP:{}
CLASS:1
ACC:0.922
PREC:0.9944530046224962
REC:0.9267662263067202
TNR:0.0
FPR:0.005546995377503852
FPDR:0.005546995377503852
F1:0.959417273673257
BACC:0
CLSFE:0.005546995377503852
MCC:-0.02015508382899426
GMEAN:0
SAMPLES:3245
AUC:{}
AVGP:{}
