

GENERAL_METRICS
ACC:0.9317142857142857
PREC:0.4960450258594463
REC:0.46934369602763387
TNR:0.46934369602763387
FPR:0.5039549741405537
FPDR:0.5039549741405537
F1:0.48232509983730215
BACC:0.0
CLSFE:0.06828571428571428
MCC:-0.022022251424925806
GMEAN:0.0
SAMPLES:3500.0
AUC:{'AUC macro OVO': 0.4960450258594463}
AVGP:{'avg_precision': 0.9386909947605545}


METRICS_PER_CLASSES
CLASS:0
ACC:0.9317142857142857
PREC:0.0
REC:0.0
TNR:0.9386873920552677
FPR:1.0
FPDR:1.0
F1:0.0
BACC:0
CLSFE:1.0
MCC:-0.022022251424925806
GMEAN:0
SAMPLES:213
AUC:{}
AVGP:{}
CLASS:1
ACC:0.9317142857142857
PREC:0.9920900517188926
REC:0.9386873920552677
TNR:0.0
FPR:0.007909948281107393
FPDR:0.007909948281107393
F1:0.9646501996746043
BACC:0
CLSFE:0.007909948281107393
MCC:-0.022022251424925806
GMEAN:0
SAMPLES:3287
AUC:{}
AVGP:{}
