

GENERAL_METRICS
ACC:0.9257142857142857
PREC:0.4973902364138778
REC:0.46511627906976744
TNR:0.46511627906976744
FPR:0.5026097635861222
FPDR:0.5026097635861222
F1:0.4807121661721068
BACC:0.0
CLSFE:0.07428571428571429
MCC:-0.019082794830125878
GMEAN:0.0
SAMPLES:3500.0
AUC:{'AUC macro OVO': 0.4973902364138778}
AVGP:{'avg_precision': 0.930234326882962}


METRICS_PER_CLASSES
CLASS:0
ACC:0.9257142857142857
PREC:0.0
REC:0.0
TNR:0.9302325581395349
FPR:1.0
FPDR:1.0
F1:0.0
BACC:0
CLSFE:1.0
MCC:-0.019082794830125878
GMEAN:0
SAMPLES:243
AUC:{}
AVGP:{}
CLASS:1
ACC:0.9257142857142857
PREC:0.9947804728277556
REC:0.9302325581395349
TNR:0.0
FPR:0.0052195271722443965
FPDR:0.0052195271722443965
F1:0.9614243323442137
BACC:0
CLSFE:0.0052195271722443965
MCC:-0.019082794830125878
GMEAN:0
SAMPLES:3257
AUC:{}
AVGP:{}
