

GENERAL_METRICS
ACC:0.9245714285714286
PREC:0.4961668199938669
REC:0.4656115107913669
TNR:0.4656115107913669
FPR:0.5038331800061331
FPDR:0.5038331800061331
F1:0.4804038004750594
BACC:0.0
CLSFE:0.07542857142857143
MCC:-0.022962340409954367
GMEAN:0.0
SAMPLES:3500.0
AUC:{'AUC macro OVO': 0.4961668199938669}
AVGP:{'avg_precision': 0.9312267877904274}


METRICS_PER_CLASSES
CLASS:0
ACC:0.9245714285714286
PREC:0.0
REC:0.0
TNR:0.9312230215827338
FPR:1.0
FPDR:1.0
F1:0.0
BACC:0
CLSFE:1.0
MCC:-0.022962340409954367
GMEAN:0
SAMPLES:239
AUC:{}
AVGP:{}
CLASS:1
ACC:0.9245714285714286
PREC:0.9923336399877338
REC:0.9312230215827338
TNR:0.0
FPR:0.007666360012266176
FPDR:0.007666360012266176
F1:0.9608076009501187
BACC:0
CLSFE:0.007666360012266176
MCC:-0.022962340409954367
GMEAN:0
SAMPLES:3261
AUC:{}
AVGP:{}
