

GENERAL_METRICS
ACC:0.8745714285714286
PREC:0.593335024802339
REC:0.5794269115277428
TNR:0.5794269115277428
FPR:0.4066649751976611
FPDR:0.4066649751976611
F1:0.5854099934944582
BACC:0.0
CLSFE:0.12542857142857142
MCC:0.17220119346177662
GMEAN:0.45427373761864026
SAMPLES:3500.0
AUC:{'AUC macro OVO': 0.593335024802339}
AVGP:{'avg_precision': 0.9380299448797169}


METRICS_PER_CLASSES
CLASS:0
ACC:0.8745714285714286
PREC:0.2623574144486692
REC:0.2197452229299363
TNR:0.9391086001255493
FPR:0.7376425855513308
FPDR:0.7376425855513308
F1:0.2391681109185442
BACC:0
CLSFE:0.7376425855513308
MCC:0.17220119346177662
GMEAN:0.45427373761864026
SAMPLES:263
AUC:{}
AVGP:{}
CLASS:1
ACC:0.8745714285714286
PREC:0.9243126351560087
REC:0.9391086001255493
TNR:0.2197452229299363
FPR:0.07568736484399136
FPDR:0.07568736484399136
F1:0.9316518760703721
BACC:0
CLSFE:0.07568736484399136
MCC:0.17220119346177662
GMEAN:0.45427373761864026
SAMPLES:3237
AUC:{}
AVGP:{}
