

GENERAL_METRICS
ACC:0.8728571428571429
PREC:0.5671231404999975
REC:0.55546763622249
TNR:0.55546763622249
FPR:0.4328768595000025
FPDR:0.4328768595000025
F1:0.560226891864381
BACC:0.0
CLSFE:0.12714285714285714
MCC:0.1220354364824405
GMEAN:0.40150106863104945
SAMPLES:3500.0
AUC:{'AUC macro OVO': 0.5671231404999975}
AVGP:{'avg_precision': 0.9385773116880445}


METRICS_PER_CLASSES
CLASS:0
ACC:0.8728571428571429
PREC:0.21138211382113822
REC:0.1716171617161716
TNR:0.9393181107288082
FPR:0.7886178861788617
FPDR:0.7886178861788617
F1:0.1894353369763206
BACC:0
CLSFE:0.7886178861788617
MCC:0.1220354364824405
GMEAN:0.40150106863104945
SAMPLES:246
AUC:{}
AVGP:{}
CLASS:1
ACC:0.8728571428571429
PREC:0.9228641671788568
REC:0.9393181107288082
TNR:0.1716171617161716
FPR:0.07713583282114321
FPDR:0.07713583282114321
F1:0.9310184467524415
BACC:0
CLSFE:0.07713583282114321
MCC:0.1220354364824405
GMEAN:0.40150106863104945
SAMPLES:3254
AUC:{}
AVGP:{}
