

GENERAL_METRICS
ACC:0.8731428571428571
PREC:0.5935901548511271
REC:0.5790671295771622
TNR:0.5790671295771622
FPR:0.40640984514887285
FPDR:0.40640984514887285
F1:0.5852620161923957
BACC:0.0
CLSFE:0.12685714285714286
MCC:0.17204539983109973
GMEAN:0.4538546042484383
SAMPLES:3500.0
AUC:{'AUC macro OVO': 0.5935901548511271}
AVGP:{'avg_precision': 0.9375891594973995}


METRICS_PER_CLASSES
CLASS:0
ACC:0.8731428571428571
PREC:0.2641509433962264
REC:0.219435736677116
TNR:0.9386985224772084
FPR:0.7358490566037735
FPDR:0.7358490566037735
F1:0.23972602739726026
BACC:0
CLSFE:0.7358490566037735
MCC:0.17204539983109973
GMEAN:0.4538546042484383
SAMPLES:265
AUC:{}
AVGP:{}
CLASS:1
ACC:0.8731428571428571
PREC:0.9230293663060278
REC:0.9386985224772084
TNR:0.219435736677116
FPR:0.07697063369397218
FPDR:0.07697063369397218
F1:0.9307980049875312
BACC:0
CLSFE:0.07697063369397218
MCC:0.17204539983109973
GMEAN:0.4538546042484383
SAMPLES:3235
AUC:{}
AVGP:{}
