

GENERAL_METRICS
ACC:0.8728571428571429
PREC:0.5859115362246594
REC:0.5634339123841731
TNR:0.5634339123841731
FPR:0.41408846377534064
FPDR:0.41408846377534064
F1:0.5716181556889521
BACC:0.0
CLSFE:0.12714285714285714
MCC:0.14764423269013593
GMEAN:0.4150285457131541
SAMPLES:3500.0
AUC:{'AUC macro OVO': 0.5859115362246594}
AVGP:{'avg_precision': 0.9435141671458871}


METRICS_PER_CLASSES
CLASS:0
ACC:0.8728571428571429
PREC:0.2542372881355932
REC:0.182370820668693
TNR:0.9444970040996531
FPR:0.7457627118644068
FPDR:0.7457627118644068
F1:0.21238938053097345
BACC:0
CLSFE:0.7457627118644068
MCC:0.14764423269013593
GMEAN:0.4150285457131541
SAMPLES:236
AUC:{}
AVGP:{}
CLASS:1
ACC:0.8728571428571429
PREC:0.9175857843137255
REC:0.9444970040996531
TNR:0.182370820668693
FPR:0.08241421568627451
FPDR:0.08241421568627451
F1:0.9308469308469308
BACC:0
CLSFE:0.08241421568627451
MCC:0.14764423269013593
GMEAN:0.4150285457131541
SAMPLES:3264
AUC:{}
AVGP:{}
