

GENERAL_METRICS
ACC:0.872
PREC:0.5856412809714472
REC:0.6198550261785172
TNR:0.6198550261785172
FPR:0.41435871902855287
FPDR:0.41435871902855287
F1:0.5979705553634749
BACC:0.0
CLSFE:0.128
MCC:0.20262811229239186
GMEAN:0.5456894753903192
SAMPLES:2500.0
AUC:{'AUC macro OVO': 0.5856412809714471}
AVGP:{'avg_precision': 0.912953848730792}


METRICS_PER_CLASSES
CLASS:0
ACC:0.872
PREC:0.2248062015503876
REC:0.3258426966292135
TNR:0.9138673557278209
FPR:0.7751937984496124
FPDR:0.7751937984496124
F1:0.26605504587155965
BACC:0
CLSFE:0.7751937984496124
MCC:0.20262811229239186
GMEAN:0.5456894753903192
SAMPLES:258
AUC:{}
AVGP:{}
CLASS:1
ACC:0.872
PREC:0.9464763603925067
REC:0.9138673557278209
TNR:0.3258426966292135
FPR:0.05352363960749331
FPDR:0.05352363960749331
F1:0.92988606485539
BACC:0
CLSFE:0.05352363960749331
MCC:0.20262811229239186
GMEAN:0.5456894753903192
SAMPLES:2242
AUC:{}
AVGP:{}
