

GENERAL_METRICS
ACC:0.8856
PREC:0.5886725930877589
REC:0.6426619946746229
TNR:0.6426619946746229
FPR:0.4113274069122412
FPDR:0.4113274069122412
F1:0.6060093764258052
BACC:0.0
CLSFE:0.1144
MCC:0.2249462958385477
GMEAN:0.5807030733468126
SAMPLES:2500.0
AUC:{'AUC macro OVO': 0.5886725930877588}
AVGP:{'avg_precision': 0.9172845225207586}


METRICS_PER_CLASSES
CLASS:0
ACC:0.8856
PREC:0.21862348178137653
REC:0.3673469387755102
TNR:0.9179770505737357
FPR:0.7813765182186235
FPDR:0.7813765182186235
F1:0.27411167512690354
BACC:0
CLSFE:0.7813765182186235
MCC:0.2249462958385477
GMEAN:0.5807030733468126
SAMPLES:247
AUC:{}
AVGP:{}
CLASS:1
ACC:0.8856
PREC:0.9587217043941412
REC:0.9179770505737357
TNR:0.3673469387755102
FPR:0.041278295605858856
FPDR:0.041278295605858856
F1:0.9379070777247069
BACC:0
CLSFE:0.041278295605858856
MCC:0.2249462958385477
GMEAN:0.5807030733468126
SAMPLES:2253
AUC:{}
AVGP:{}
