

GENERAL_METRICS
ACC:0.88
PREC:0.5926092680896929
REC:0.6467478839896659
TNR:0.6467478839896659
FPR:0.407390731910307
FPDR:0.407390731910307
F1:0.6101060511540861
BACC:0.0
CLSFE:0.12
MCC:0.23315414755044891
GMEAN:0.5890613427480296
SAMPLES:2500.0
AUC:{'AUC macro OVO': 0.592609268089693}
AVGP:{'avg_precision': 0.9129366915226402}


METRICS_PER_CLASSES
CLASS:0
ACC:0.88
PREC:0.22900763358778625
REC:0.379746835443038
TNR:0.9137489325362937
FPR:0.7709923664122137
FPDR:0.7709923664122137
F1:0.2857142857142857
BACC:0
CLSFE:0.7709923664122137
MCC:0.23315414755044891
GMEAN:0.5890613427480296
SAMPLES:262
AUC:{}
AVGP:{}
CLASS:1
ACC:0.88
PREC:0.9562109025915997
REC:0.9137489325362937
TNR:0.379746835443038
FPR:0.043789097408400354
FPDR:0.043789097408400354
F1:0.9344978165938864
BACC:0
CLSFE:0.043789097408400354
MCC:0.23315414755044891
GMEAN:0.5890613427480296
SAMPLES:2238
AUC:{}
AVGP:{}
