

GENERAL_METRICS
ACC:0.8764
PREC:0.5756151652761643
REC:0.6377672351850014
TNR:0.6377672351850014
FPR:0.4243848347238357
FPDR:0.4243848347238357
F1:0.5922258451218334
BACC:0.0
CLSFE:0.1236
MCC:0.2041302746596309
GMEAN:0.5782738283285829
SAMPLES:2500.0
AUC:{'AUC macro OVO': 0.5756151652761643}
AVGP:{'avg_precision': 0.9061193753553183}


METRICS_PER_CLASSES
CLASS:0
ACC:0.8764
PREC:0.19117647058823528
REC:0.36879432624113473
TNR:0.9067401441288682
FPR:0.8088235294117647
FPDR:0.8088235294117647
F1:0.25181598062953997
BACC:0
CLSFE:0.8088235294117647
MCC:0.2041302746596309
GMEAN:0.5782738283285829
SAMPLES:272
AUC:{}
AVGP:{}
CLASS:1
ACC:0.8764
PREC:0.9600538599640933
REC:0.9067401441288682
TNR:0.36879432624113473
FPR:0.039946140035906644
FPDR:0.039946140035906644
F1:0.9326357096141269
BACC:0
CLSFE:0.039946140035906644
MCC:0.2041302746596309
GMEAN:0.5782738283285829
SAMPLES:2228
AUC:{}
AVGP:{}
