

GENERAL_METRICS
ACC:0.8916
PREC:0.6737759228172128
REC:0.7041324606614189
TNR:0.7041324606614189
FPR:0.3262240771827872
FPDR:0.3262240771827872
F1:0.6871477526126049
BACC:0.0
CLSFE:0.1084
MCC:0.3766871738107707
GMEAN:0.6665152183734144
SAMPLES:2500.0
AUC:{'AUC macro OVO': 0.6737759228172129}
AVGP:{'avg_precision': 0.9293880705319884}


METRICS_PER_CLASSES
CLASS:0
ACC:0.8916
PREC:0.39846743295019155
REC:0.47706422018348627
TNR:0.9312007011393515
FPR:0.6015325670498084
FPDR:0.6015325670498084
F1:0.4342379958246347
BACC:0
CLSFE:0.6015325670498084
MCC:0.3766871738107707
GMEAN:0.6665152183734144
SAMPLES:261
AUC:{}
AVGP:{}
CLASS:1
ACC:0.8916
PREC:0.949084412684234
REC:0.9312007011393515
TNR:0.47706422018348627
FPR:0.05091558731576597
FPDR:0.05091558731576597
F1:0.9400575094005751
BACC:0
CLSFE:0.05091558731576597
MCC:0.3766871738107707
GMEAN:0.6665152183734144
SAMPLES:2239
AUC:{}
AVGP:{}
