

GENERAL_METRICS
ACC:0.9
PREC:0.6736539834437262
REC:0.7180933311085155
TNR:0.7180933311085155
FPR:0.3263460165562738
FPDR:0.3263460165562738
F1:0.6922825446904215
BACC:0.0
CLSFE:0.1
MCC:0.38921857976980107
GMEAN:0.6849855354863884
SAMPLES:2500.0
AUC:{'AUC macro OVO': 0.6736539834437263}
AVGP:{'avg_precision': 0.9321551571245451}


METRICS_PER_CLASSES
CLASS:0
ACC:0.9
PREC:0.3904382470119522
REC:0.5025641025641026
TNR:0.9336225596529284
FPR:0.6095617529880478
FPDR:0.6095617529880478
F1:0.43946188340807174
BACC:0
CLSFE:0.6095617529880478
MCC:0.38921857976980107
GMEAN:0.6849855354863884
SAMPLES:251
AUC:{}
AVGP:{}
CLASS:1
ACC:0.9
PREC:0.9568697198755002
REC:0.9336225596529284
TNR:0.5025641025641026
FPR:0.04313028012449978
FPDR:0.04313028012449978
F1:0.9451032059727712
BACC:0
CLSFE:0.04313028012449978
MCC:0.38921857976980107
GMEAN:0.6849855354863884
SAMPLES:2249
AUC:{}
AVGP:{}
