

GENERAL_METRICS
ACC:0.8992
PREC:0.6787192996738046
REC:0.6971548748065552
TNR:0.6971548748065552
FPR:0.3212807003261954
FPDR:0.3212807003261954
F1:0.6872884233181578
BACC:0.0
CLSFE:0.1008
MCC:0.3754217955990525
GMEAN:0.6535790607624424
SAMPLES:2500.0
AUC:{'AUC macro OVO': 0.6787192996738046}
AVGP:{'avg_precision': 0.9381066287078357}


METRICS_PER_CLASSES
CLASS:0
ACC:0.8992
PREC:0.40772532188841204
REC:0.45454545454545453
TNR:0.939764295067656
FPR:0.592274678111588
FPDR:0.592274678111588
F1:0.4298642533936652
BACC:0
CLSFE:0.592274678111588
MCC:0.3754217955990525
GMEAN:0.6535790607624424
SAMPLES:233
AUC:{}
AVGP:{}
CLASS:1
ACC:0.8992
PREC:0.9497132774591972
REC:0.939764295067656
TNR:0.45454545454545453
FPR:0.050286722540802825
FPDR:0.050286722540802825
F1:0.9447125932426503
BACC:0
CLSFE:0.050286722540802825
MCC:0.3754217955990525
GMEAN:0.6535790607624424
SAMPLES:2267
AUC:{}
AVGP:{}
