

GENERAL_METRICS
ACC:0.9056
PREC:0.6949432796649375
REC:0.7398263142746467
TNR:0.7398263142746467
FPR:0.3050567203350625
FPDR:0.3050567203350625
F1:0.7141312205530931
BACC:0.0
CLSFE:0.0944
MCC:0.43244665915996466
GMEAN:0.7129669065451985
SAMPLES:2500.0
AUC:{'AUC macro OVO': 0.6949432796649375}
AVGP:{'avg_precision': 0.9357851240443736}


METRICS_PER_CLASSES
CLASS:0
ACC:0.9056
PREC:0.4308300395256917
REC:0.5422885572139303
TNR:0.9373640713353631
FPR:0.5691699604743083
FPDR:0.5691699604743083
F1:0.4801762114537445
BACC:0
CLSFE:0.5691699604743083
MCC:0.43244665915996466
GMEAN:0.7129669065451985
SAMPLES:253
AUC:{}
AVGP:{}
CLASS:1
ACC:0.9056
PREC:0.9590565198041834
REC:0.9373640713353631
TNR:0.5422885572139303
FPR:0.040943480195816645
FPDR:0.040943480195816645
F1:0.9480862296524417
BACC:0
CLSFE:0.040943480195816645
MCC:0.43244665915996466
GMEAN:0.7129669065451985
SAMPLES:2247
AUC:{}
AVGP:{}
