

GENERAL_METRICS
ACC:0.8884
PREC:0.6676576313464445
REC:0.6762030516431925
TNR:0.6762030516431925
FPR:0.33234236865355543
FPDR:0.33234236865355543
F1:0.6717707298548403
BACC:0.0
CLSFE:0.1116
MCC:0.34375448374974193
GMEAN:0.6244128697623733
SAMPLES:2500.0
AUC:{'AUC macro OVO': 0.6676576313464446}
AVGP:{'avg_precision': 0.9338472077262155}


METRICS_PER_CLASSES
CLASS:0
ACC:0.8884
PREC:0.3941908713692946
REC:0.4166666666666667
TNR:0.9357394366197183
FPR:0.6058091286307054
FPDR:0.6058091286307054
F1:0.4051172707889126
BACC:0
CLSFE:0.6058091286307054
MCC:0.34375448374974193
GMEAN:0.6244128697623733
SAMPLES:241
AUC:{}
AVGP:{}
CLASS:1
ACC:0.8884
PREC:0.9411243913235945
REC:0.9357394366197183
TNR:0.4166666666666667
FPR:0.05887560867640549
FPDR:0.05887560867640549
F1:0.9384241889207681
BACC:0
CLSFE:0.05887560867640549
MCC:0.34375448374974193
GMEAN:0.6244128697623733
SAMPLES:2259
AUC:{}
AVGP:{}
