

GENERAL_METRICS
ACC:0.8724
PREC:0.6397473812120724
REC:0.6372223450154629
TNR:0.6372223450154629
FPR:0.3602526187879276
FPDR:0.3602526187879276
F1:0.6384661171351647
BACC:0.0
CLSFE:0.1276
MCC:0.2769582160521
GMEAN:0.5658170492537616
SAMPLES:2500.0
AUC:{'AUC macro OVO': 0.6397473812120724}
AVGP:{'avg_precision': 0.9283697625093519}


METRICS_PER_CLASSES
CLASS:0
ACC:0.8724
PREC:0.3512396694214876
REC:0.3441295546558704
TNR:0.9303151353750555
FPR:0.6487603305785123
FPDR:0.6487603305785123
F1:0.3476482617586912
BACC:0
CLSFE:0.6487603305785123
MCC:0.2769582160521
GMEAN:0.5658170492537616
SAMPLES:242
AUC:{}
AVGP:{}
CLASS:1
ACC:0.8724
PREC:0.9282550930026572
REC:0.9303151353750555
TNR:0.3441295546558704
FPR:0.07174490699734277
FPDR:0.07174490699734277
F1:0.9292839725116382
BACC:0
CLSFE:0.07174490699734277
MCC:0.2769582160521
GMEAN:0.5658170492537616
SAMPLES:2258
AUC:{}
AVGP:{}
