

GENERAL_METRICS
ACC:0.8812
PREC:0.6560276574118654
REC:0.6808861350734828
TNR:0.6808861350734828
FPR:0.3439723425881346
FPDR:0.3439723425881346
F1:0.6670366259711431
BACC:0.0
CLSFE:0.1188
MCC:0.33599547564693066
GMEAN:0.6353716290549587
SAMPLES:2500.0
AUC:{'AUC macro OVO': 0.6560276574118654}
AVGP:{'avg_precision': 0.9237651129749735}


METRICS_PER_CLASSES
CLASS:0
ACC:0.8812
PREC:0.3694029850746269
REC:0.43612334801762115
TNR:0.9256489221293445
FPR:0.6305970149253731
FPDR:0.6305970149253731
F1:0.4
BACC:0
CLSFE:0.6305970149253731
MCC:0.33599547564693066
GMEAN:0.6353716290549587
SAMPLES:268
AUC:{}
AVGP:{}
CLASS:1
ACC:0.8812
PREC:0.942652329749104
REC:0.9256489221293445
TNR:0.43612334801762115
FPR:0.05734767025089606
FPDR:0.05734767025089606
F1:0.9340732519422863
BACC:0
CLSFE:0.05734767025089606
MCC:0.33599547564693066
GMEAN:0.6353716290549587
SAMPLES:2232
AUC:{}
AVGP:{}
