

GENERAL_METRICS
ACC:0.8752
PREC:0.6364951584254855
REC:0.6448792799367512
TNR:0.6448792799367512
FPR:0.3635048415745144
FPDR:0.3635048415745144
F1:0.6404867256637168
BACC:0.0
CLSFE:0.1248
MCC:0.281249499679819
GMEAN:0.5795581176635184
SAMPLES:2500.0
AUC:{'AUC macro OVO': 0.6364951584254857}
AVGP:{'avg_precision': 0.9259224274092243}


METRICS_PER_CLASSES
CLASS:0
ACC:0.8752
PREC:0.3387096774193548
REC:0.3620689655172414
TNR:0.927689594356261
FPR:0.6612903225806451
FPDR:0.6612903225806451
F1:0.35
BACC:0
CLSFE:0.6612903225806451
MCC:0.281249499679819
GMEAN:0.5795581176635184
SAMPLES:248
AUC:{}
AVGP:{}
CLASS:1
ACC:0.8752
PREC:0.9342806394316163
REC:0.927689594356261
TNR:0.3620689655172414
FPR:0.06571936056838366
FPDR:0.06571936056838366
F1:0.9309734513274336
BACC:0
CLSFE:0.06571936056838366
MCC:0.281249499679819
GMEAN:0.5795581176635184
SAMPLES:2252
AUC:{}
AVGP:{}
