

GENERAL_METRICS
ACC:0.9666666666666667
PREC:0.9697231005078087
REC:0.9332753044383569
TNR:0.9826260655471164
FPR:0.030276899492191242
FPDR:0.030276899492191242
F1:0.9500263873665409
BACC:0.0
CLSFE:0.03333333333333333
MCC:0.9264085326355076
GMEAN:0.9572243493846434
SAMPLES:900.0
AUC:0.9918192189152585
AVGP:0.978190876914082


METRICS_PER_CLASSES

======>> CLASS:0
ACC:0.9666666666666667
PREC:1.0
REC:0.9090909090909091
TNR:1.0
FPR:0.0
FPDR:0.0
F1:0.9523809523809523
BACC:0
CLSFE:0.0
MCC:0.9293203772845852
GMEAN:0.9534625892455924
SAMPLES:300
AUC:0.9906944444444444
AVGP:0.964552902605197

======>> CLASS:1
ACC:0.9666666666666667
PREC:0.9295774647887324
REC:0.9850746268656716
TNR:0.9557522123893806
FPR:0.07042253521126761
FPDR:0.07042253521126761
F1:0.9565217391304348
BACC:0
CLSFE:0.07042253521126761
MCC:0.9305589659702708
GMEAN:0.9703026610267073
SAMPLES:355
AUC:0.9841064737046129
AVGP:0.9812955078902754

======>> CLASS:2
ACC:0.9666666666666667
PREC:0.9795918367346939
REC:0.9056603773584906
TNR:0.9921259842519685
FPR:0.02040816326530612
FPDR:0.02040816326530612
F1:0.9411764705882353
BACC:0
CLSFE:0.02040816326530612
MCC:0.9193462546516669
GMEAN:0.9479077978816304
SAMPLES:245
AUC:1.0
AVGP:1.0
