

GENERAL_METRICS
ACC:0.828
PREC:0.7277272216604875
REC:0.7394770719942639
TNR:0.7394770719942639
FPR:0.2722727783395124
FPDR:0.2722727783395124
F1:0.7332440010918384
BACC:0.0
CLSFE:0.172
MCC:0.4670565201627841
GMEAN:0.7250786223379653
SAMPLES:1250.0
AUC:{'AUC macro OVO': 0.7277272216604876}
AVGP:{'avg_precision': 0.8753332108461466}


METRICS_PER_CLASSES
CLASS:0
ACC:0.828
PREC:0.5555555555555556
REC:0.5942622950819673
TNR:0.8846918489065606
FPR:0.4444444444444444
FPDR:0.4444444444444444
F1:0.5742574257425742
BACC:0
CLSFE:0.4444444444444444
MCC:0.4670565201627841
GMEAN:0.7250786223379653
SAMPLES:261
AUC:{}
AVGP:{}
CLASS:1
ACC:0.828
PREC:0.8998988877654196
REC:0.8846918489065606
TNR:0.5942622950819673
FPR:0.10010111223458039
FPDR:0.10010111223458039
F1:0.8922305764411027
BACC:0
CLSFE:0.10010111223458039
MCC:0.4670565201627841
GMEAN:0.7250786223379653
SAMPLES:989
AUC:{}
AVGP:{}
