

GENERAL_METRICS
ACC:0.8376
PREC:0.7288572967771385
REC:0.7388290932811481
TNR:0.7388290932811481
FPR:0.2711427032228615
FPDR:0.2711427032228615
F1:0.7336067079668129
BACC:0.0
CLSFE:0.1624
MCC:0.46758007091859083
GMEAN:0.7222807610042614
SAMPLES:1250.0
AUC:{'AUC macro OVO': 0.7288572967771386}
AVGP:{'avg_precision': 0.8861218194759881}


METRICS_PER_CLASSES
CLASS:0
ACC:0.8376
PREC:0.5518672199170125
REC:0.5833333333333334
TNR:0.8943248532289628
FPR:0.44813278008298757
FPDR:0.44813278008298757
F1:0.5671641791044776
BACC:0
CLSFE:0.44813278008298757
MCC:0.46758007091859083
GMEAN:0.7222807610042614
SAMPLES:241
AUC:{}
AVGP:{}
CLASS:1
ACC:0.8376
PREC:0.9058473736372646
REC:0.8943248532289628
TNR:0.5833333333333334
FPR:0.09415262636273539
FPDR:0.09415262636273539
F1:0.9000492368291482
BACC:0
CLSFE:0.09415262636273539
MCC:0.46758007091859083
GMEAN:0.7222807610042614
SAMPLES:1009
AUC:{}
AVGP:{}
