

GENERAL_METRICS
ACC:0.8821818181818182
PREC:0.6446068607803843
REC:0.6477360862883762
TNR:0.6477360862883762
FPR:0.35539313921961574
FPDR:0.35539313921961574
F1:0.6461454878188265
BACC:0.0
CLSFE:0.11781818181818182
MCC:0.2923261990458061
GMEAN:0.5810334756269354
SAMPLES:2750.0
AUC:{'AUC macro OVO': 0.6446068607803843}
AVGP:{'avg_precision': 0.9323214466445159}


METRICS_PER_CLASSES
CLASS:0
ACC:0.8821818181818182
PREC:0.35294117647058826
REC:0.3614457831325301
TNR:0.9340263894442223
FPR:0.6470588235294118
FPDR:0.6470588235294118
F1:0.35714285714285715
BACC:0
CLSFE:0.6470588235294118
MCC:0.2923261990458061
GMEAN:0.5810334756269354
SAMPLES:255
AUC:{}
AVGP:{}
CLASS:1
ACC:0.8821818181818182
PREC:0.9362725450901803
REC:0.9340263894442223
TNR:0.3614457831325301
FPR:0.06372745490981964
FPDR:0.06372745490981964
F1:0.9351481184947958
BACC:0
CLSFE:0.06372745490981964
MCC:0.2923261990458061
GMEAN:0.5810334756269354
SAMPLES:2495
AUC:{}
AVGP:{}
