

GENERAL_METRICS
ACC:0.868
PREC:0.5854235802601295
REC:0.5844610853210599
TNR:0.5844610853210599
FPR:0.41457641973987047
FPDR:0.41457641973987047
F1:0.5849374173357078
BACC:0.0
CLSFE:0.132
MCC:0.1698819390139071
GMEAN:0.47265024691128316
SAMPLES:2750.0
AUC:{'AUC macro OVO': 0.5854235802601295}
AVGP:{'avg_precision': 0.9271798141629335}


METRICS_PER_CLASSES
CLASS:0
ACC:0.868
PREC:0.24369747899159663
REC:0.24066390041493776
TNR:0.9282582702271821
FPR:0.7563025210084033
FPDR:0.7563025210084033
F1:0.24217118997912318
BACC:0
CLSFE:0.7563025210084033
MCC:0.1698819390139071
GMEAN:0.47265024691128316
SAMPLES:238
AUC:{}
AVGP:{}
CLASS:1
ACC:0.868
PREC:0.9271496815286624
REC:0.9282582702271821
TNR:0.24066390041493776
FPR:0.07285031847133758
FPDR:0.07285031847133758
F1:0.9277036446922924
BACC:0
CLSFE:0.07285031847133758
MCC:0.1698819390139071
GMEAN:0.47265024691128316
SAMPLES:2512
AUC:{}
AVGP:{}
