

GENERAL_METRICS
ACC:0.8723636363636363
PREC:0.6053374771861426
REC:0.6011078234186844
TNR:0.6011078234186844
FPR:0.3946625228138574
FPDR:0.3946625228138574
F1:0.6031493149417726
BACC:0.0
CLSFE:0.12763636363636363
MCC:0.20640196745870623
GMEAN:0.5018017612631683
SAMPLES:2750.0
AUC:{'AUC macro OVO': 0.6053374771861426}
AVGP:{'avg_precision': 0.9307408875056017}


METRICS_PER_CLASSES
CLASS:0
ACC:0.8723636363636363
PREC:0.28270042194092826
REC:0.2701612903225806
TNR:0.9320543565147882
FPR:0.7172995780590717
FPDR:0.7172995780590717
F1:0.27628865979381445
BACC:0
CLSFE:0.7172995780590717
MCC:0.20640196745870623
GMEAN:0.5018017612631683
SAMPLES:237
AUC:{}
AVGP:{}
CLASS:1
ACC:0.8723636363636363
PREC:0.927974532431357
REC:0.9320543565147882
TNR:0.2701612903225806
FPR:0.07202546756864306
FPDR:0.07202546756864306
F1:0.9300099700897309
BACC:0
CLSFE:0.07202546756864306
MCC:0.20640196745870623
GMEAN:0.5018017612631683
SAMPLES:2513
AUC:{}
AVGP:{}
