

GENERAL_METRICS
ACC:0.8723636363636363
PREC:0.6027203674262498
REC:0.5978194587547574
TNR:0.5978194587547574
FPR:0.3972796325737502
FPDR:0.3972796325737502
F1:0.6001680102098512
BACC:0.0
CLSFE:0.12763636363636363
MCC:0.20047993161137673
GMEAN:0.49536829009830036
SAMPLES:2750.0
AUC:{'AUC macro OVO': 0.6027203674262498}
AVGP:{'avg_precision': 0.9312099211831767}


METRICS_PER_CLASSES
CLASS:0
ACC:0.8723636363636363
PREC:0.2777777777777778
REC:0.2631578947368421
TNR:0.9324810227726728
FPR:0.7222222222222222
FPDR:0.7222222222222222
F1:0.2702702702702703
BACC:0
CLSFE:0.7222222222222222
MCC:0.20047993161137673
GMEAN:0.49536829009830036
SAMPLES:234
AUC:{}
AVGP:{}
CLASS:1
ACC:0.8723636363636363
PREC:0.9276629570747218
REC:0.9324810227726728
TNR:0.2631578947368421
FPR:0.07233704292527822
FPDR:0.07233704292527822
F1:0.9300657501494322
BACC:0
CLSFE:0.07233704292527822
MCC:0.20047993161137673
GMEAN:0.49536829009830036
SAMPLES:2516
AUC:{}
AVGP:{}
