

GENERAL_METRICS
ACC:0.876
PREC:0.610764248893231
REC:0.6154197510888179
TNR:0.6154197510888179
FPR:0.389235751106769
FPDR:0.389235751106769
F1:0.6130134767463502
BACC:0.0
CLSFE:0.124
MCC:0.2261360832489728
GMEAN:0.5289477688926092
SAMPLES:2750.0
AUC:{'AUC macro OVO': 0.610764248893231}
AVGP:{'avg_precision': 0.9286861366996041}


METRICS_PER_CLASSES
CLASS:0
ACC:0.876
PREC:0.2874493927125506
REC:0.3008474576271186
TNR:0.9299920445505171
FPR:0.7125506072874493
FPDR:0.7125506072874493
F1:0.2939958592132505
BACC:0
CLSFE:0.7125506072874493
MCC:0.2261360832489728
GMEAN:0.5289477688926092
SAMPLES:247
AUC:{}
AVGP:{}
CLASS:1
ACC:0.876
PREC:0.9340791050739113
REC:0.9299920445505171
TNR:0.3008474576271186
FPR:0.0659208949260887
FPDR:0.0659208949260887
F1:0.9320310942794499
BACC:0
CLSFE:0.0659208949260887
MCC:0.2261360832489728
GMEAN:0.5289477688926092
SAMPLES:2503
AUC:{}
AVGP:{}
