

GENERAL_METRICS
ACC:0.932
PREC:0.5
REC:0.466
TNR:0.466
FPR:0.5
FPDR:0.5
F1:0.4824016563146998
BACC:0.0
CLSFE:0.068
MCC:0.0
GMEAN:0.0
SAMPLES:3750.0
AUC:{'AUC macro OVO': 0.5}
AVGP:{'avg_precision': 0.932}


METRICS_PER_CLASSES
CLASS:0
ACC:0.932
PREC:0.0
REC:0
TNR:0.932
FPR:1.0
FPDR:1.0
F1:0.0
BACC:0
CLSFE:1.0
MCC:0
GMEAN:0
SAMPLES:255
AUC:{}
AVGP:{}
CLASS:1
ACC:0.932
PREC:1.0
REC:0.932
TNR:0
FPR:0.0
FPDR:0.0
F1:0.9648033126293996
BACC:0
CLSFE:0.0
MCC:0
GMEAN:0
SAMPLES:3495
AUC:{}
AVGP:{}
