

GENERAL_METRICS
ACC:0.876
PREC:0.5237671128301695
REC:0.5765072083879423
TNR:0.5765072083879423
FPR:0.47623288716983053
FPDR:0.47623288716983053
F1:0.5238095238095238
BACC:0.0
CLSFE:0.124
MCC:0.08528435856773536
GMEAN:0.47996559509725717
SAMPLES:2250.0
AUC:{'AUC macro OVO': 0.5237671128301695}
AVGP:{'avg_precision': 0.8957480966289678}


METRICS_PER_CLASSES
CLASS:0
ACC:0.876
PREC:0.07346938775510205
REC:0.2571428571428571
TNR:0.8958715596330276
FPR:0.926530612244898
FPDR:0.926530612244898
F1:0.11428571428571428
BACC:0
CLSFE:0.926530612244898
MCC:0.08528435856773536
GMEAN:0.47996559509725717
SAMPLES:245
AUC:{}
AVGP:{}
CLASS:1
ACC:0.876
PREC:0.9740648379052369
REC:0.8958715596330276
TNR:0.2571428571428571
FPR:0.02593516209476309
FPDR:0.02593516209476309
F1:0.9333333333333333
BACC:0
CLSFE:0.02593516209476309
MCC:0.08528435856773536
GMEAN:0.47996559509725717
SAMPLES:2005
AUC:{}
AVGP:{}
