

GENERAL_METRICS
ACC:0.8822222222222222
PREC:0.5414979067226526
REC:0.6216046094998305
TNR:0.6216046094998305
FPR:0.4585020932773474
FPDR:0.4585020932773474
F1:0.5503430967013094
BACC:0.0
CLSFE:0.11777777777777777
MCC:0.1420751454979873
GMEAN:0.5552228435014787
SAMPLES:2250.0
AUC:{'AUC macro OVO': 0.5414979067226525}
AVGP:{'avg_precision': 0.90089949922273}


METRICS_PER_CLASSES
CLASS:0
ACC:0.8822222222222222
PREC:0.1078838174273859
REC:0.34210526315789475
TNR:0.9011039558417663
FPR:0.8921161825726142
FPDR:0.8921161825726142
F1:0.1640378548895899
BACC:0
CLSFE:0.8921161825726142
MCC:0.1420751454979873
GMEAN:0.5552228435014787
SAMPLES:241
AUC:{}
AVGP:{}
CLASS:1
ACC:0.8822222222222222
PREC:0.9751119960179193
REC:0.9011039558417663
TNR:0.34210526315789475
FPR:0.024888003982080638
FPDR:0.024888003982080638
F1:0.936648338513029
BACC:0
CLSFE:0.024888003982080638
MCC:0.1420751454979873
GMEAN:0.5552228435014787
SAMPLES:2009
AUC:{}
AVGP:{}
