

GENERAL_METRICS
ACC:0.8684444444444445
PREC:0.5198606152156001
REC:0.5722402597402597
TNR:0.5722402597402597
FPR:0.4801393847843999
FPDR:0.4801393847843999
F1:0.5160235448005233
BACC:0.0
CLSFE:0.13155555555555556
MCC:0.07575581830529736
GMEAN:0.4779593768775396
SAMPLES:2250.0
AUC:{'AUC macro OVO': 0.5198606152156001}
AVGP:{'avg_precision': 0.8868001966143959}


METRICS_PER_CLASSES
CLASS:0
ACC:0.8684444444444445
PREC:0.06439393939393939
REC:0.25757575757575757
TNR:0.8869047619047619
FPR:0.9356060606060606
FPDR:0.9356060606060606
F1:0.10303030303030303
BACC:0
CLSFE:0.9356060606060606
MCC:0.07575581830529736
GMEAN:0.4779593768775396
SAMPLES:264
AUC:{}
AVGP:{}
CLASS:1
ACC:0.8684444444444445
PREC:0.9753272910372608
REC:0.8869047619047619
TNR:0.25757575757575757
FPR:0.024672708962739175
FPDR:0.024672708962739175
F1:0.9290167865707434
BACC:0
CLSFE:0.024672708962739175
MCC:0.07575581830529736
GMEAN:0.4779593768775396
SAMPLES:1986
AUC:{}
AVGP:{}
