

GENERAL_METRICS
ACC:0.8737777777777778
PREC:0.5169513530820908
REC:0.5719196521018844
TNR:0.5719196521018844
FPR:0.48304864691790916
FPDR:0.48304864691790916
F1:0.5109653956358827
BACC:0.0
CLSFE:0.12622222222222224
MCC:0.0698322394405386
GMEAN:0.47577905290770495
SAMPLES:2250.0
AUC:{'AUC macro OVO': 0.5169513530820908}
AVGP:{'avg_precision': 0.8892215170205312}


METRICS_PER_CLASSES
CLASS:0
ACC:0.8737777777777778
PREC:0.054474708171206226
REC:0.2545454545454545
TNR:0.8892938496583144
FPR:0.9455252918287937
FPDR:0.9455252918287937
F1:0.08974358974358974
BACC:0
CLSFE:0.9455252918287937
MCC:0.0698322394405386
GMEAN:0.47577905290770495
SAMPLES:257
AUC:{}
AVGP:{}
CLASS:1
ACC:0.8737777777777778
PREC:0.9794279979929754
REC:0.8892938496583144
TNR:0.2545454545454545
FPR:0.020572002007024585
FPDR:0.020572002007024585
F1:0.9321872015281757
BACC:0
CLSFE:0.020572002007024585
MCC:0.0698322394405386
GMEAN:0.47577905290770495
SAMPLES:1993
AUC:{}
AVGP:{}
