

GENERAL_METRICS
ACC:0.8786666666666667
PREC:0.7321428571428572
REC:0.7820409803133789
TNR:0.7820409803133789
FPR:0.26785714285714285
FPDR:0.26785714285714285
F1:0.7529635327119718
BACC:0.0
CLSFE:0.12133333333333333
MCC:0.5117569696694715
GMEAN:0.7712595553557838
SAMPLES:1500.0
AUC:{'AUC macro OVO': 0.7321428571428571}
AVGP:{'avg_precision': 0.9077077426390403}


METRICS_PER_CLASSES
CLASS:0
ACC:0.8786666666666667
PREC:0.5166666666666667
REC:0.6526315789473685
TNR:0.9114503816793893
FPR:0.48333333333333334
FPDR:0.48333333333333334
F1:0.5767441860465117
BACC:0
CLSFE:0.48333333333333334
MCC:0.5117569696694715
GMEAN:0.7712595553557838
SAMPLES:240
AUC:{}
AVGP:{}
CLASS:1
ACC:0.8786666666666667
PREC:0.9476190476190476
REC:0.9114503816793893
TNR:0.6526315789473685
FPR:0.05238095238095238
FPDR:0.05238095238095238
F1:0.9291828793774319
BACC:0
CLSFE:0.05238095238095238
MCC:0.5117569696694715
GMEAN:0.7712595553557838
SAMPLES:1260
AUC:{}
AVGP:{}
