

GENERAL_METRICS
ACC:0.8693333333333333
PREC:0.7489079113141566
REC:0.7915632240979809
TNR:0.7915632240979809
FPR:0.2510920886858435
FPDR:0.2510920886858435
F1:0.7670298043367323
BACC:0.0
CLSFE:0.13066666666666665
MCC:0.5387852749519042
GMEAN:0.7836369114606848
SAMPLES:1500.0
AUC:{'AUC macro OVO': 0.7489079113141566}
AVGP:{'avg_precision': 0.8980069841171808}


METRICS_PER_CLASSES
CLASS:0
ACC:0.8693333333333333
PREC:0.5575539568345323
REC:0.6798245614035088
TNR:0.9033018867924528
FPR:0.44244604316546765
FPDR:0.44244604316546765
F1:0.6126482213438735
BACC:0
CLSFE:0.44244604316546765
MCC:0.5387852749519042
GMEAN:0.7836369114606848
SAMPLES:278
AUC:{}
AVGP:{}
CLASS:1
ACC:0.8693333333333333
PREC:0.9402618657937807
REC:0.9033018867924528
TNR:0.6798245614035088
FPR:0.05973813420621931
FPDR:0.05973813420621931
F1:0.921411387329591
BACC:0
CLSFE:0.05973813420621931
MCC:0.5387852749519042
GMEAN:0.7836369114606848
SAMPLES:1222
AUC:{}
AVGP:{}
