

GENERAL_METRICS
ACC:0.8786666666666667
PREC:0.7566013071895425
REC:0.7623966721204538
TNR:0.7623966721204538
FPR:0.24339869281045753
FPDR:0.24339869281045753
F1:0.759442541132682
BACC:0.0
CLSFE:0.12133333333333333
MCC:0.5189656214752351
GMEAN:0.7444994564458599
SAMPLES:1500.0
AUC:{'AUC macro OVO': 0.7566013071895425}
AVGP:{'avg_precision': 0.921331557759716}


METRICS_PER_CLASSES
CLASS:0
ACC:0.8786666666666667
PREC:0.5822222222222222
REC:0.5981735159817352
TNR:0.9266198282591726
FPR:0.4177777777777778
FPDR:0.4177777777777778
F1:0.5900900900900901
BACC:0
CLSFE:0.4177777777777778
MCC:0.5189656214752351
GMEAN:0.7444994564458599
SAMPLES:225
AUC:{}
AVGP:{}
CLASS:1
ACC:0.8786666666666667
PREC:0.9309803921568628
REC:0.9266198282591726
TNR:0.5981735159817352
FPR:0.06901960784313725
FPDR:0.06901960784313725
F1:0.9287949921752738
BACC:0
CLSFE:0.06901960784313725
MCC:0.5189656214752351
GMEAN:0.7444994564458599
SAMPLES:1275
AUC:{}
AVGP:{}
