

GENERAL_METRICS
ACC:0.86
PREC:0.7305510875212728
REC:0.7564392274657319
TNR:0.7564392274657319
FPR:0.26944891247872715
FPDR:0.26944891247872715
F1:0.7421845074987478
BACC:0.0
CLSFE:0.14
MCC:0.48630172845812314
GMEAN:0.7417177160325902
SAMPLES:1500.0
AUC:{'AUC macro OVO': 0.730551087521273}
AVGP:{'avg_precision': 0.8993826309311832}


METRICS_PER_CLASSES
CLASS:0
ACC:0.86
PREC:0.5328185328185329
REC:0.6079295154185022
TNR:0.9049489395129615
FPR:0.4671814671814672
FPDR:0.4671814671814672
F1:0.5679012345679012
BACC:0
CLSFE:0.4671814671814672
MCC:0.48630172845812314
GMEAN:0.7417177160325902
SAMPLES:259
AUC:{}
AVGP:{}
CLASS:1
ACC:0.86
PREC:0.9282836422240129
REC:0.9049489395129615
TNR:0.6079295154185022
FPR:0.0717163577759871
FPDR:0.0717163577759871
F1:0.9164677804295943
BACC:0
CLSFE:0.0717163577759871
MCC:0.48630172845812314
GMEAN:0.7417177160325902
SAMPLES:1241
AUC:{}
AVGP:{}
