

GENERAL_METRICS
ACC:0.8872
PREC:0.5711735737085999
REC:0.6119008224170346
TNR:0.6119008224170346
FPR:0.4288264262914001
FPDR:0.4288264262914001
F1:0.5843268217098141
BACC:0.0
CLSFE:0.1128
MCC:0.17848676625847376
GMEAN:0.5277140985339369
SAMPLES:2500.0
AUC:{'AUC macro OVO': 0.5711735737085999}
AVGP:{'avg_precision': 0.9211123520814943}


METRICS_PER_CLASSES
CLASS:0
ACC:0.8872
PREC:0.18502202643171806
REC:0.302158273381295
TNR:0.9216433714527742
FPR:0.8149779735682819
FPDR:0.8149779735682819
F1:0.22950819672131148
BACC:0
CLSFE:0.8149779735682819
MCC:0.17848676625847376
GMEAN:0.5277140985339369
SAMPLES:227
AUC:{}
AVGP:{}
CLASS:1
ACC:0.8872
PREC:0.9573251209854817
REC:0.9216433714527742
TNR:0.302158273381295
FPR:0.04267487901451826
FPDR:0.04267487901451826
F1:0.9391454466983168
BACC:0
CLSFE:0.04267487901451826
MCC:0.17848676625847376
GMEAN:0.5277140985339369
SAMPLES:2273
AUC:{}
AVGP:{}
