

GENERAL_METRICS
ACC:0.8876
PREC:0.5716670659399892
REC:0.6233876502792108
TNR:0.6233876502792108
FPR:0.42833293406001083
FPDR:0.42833293406001083
F1:0.586840289805806
BACC:0.0
CLSFE:0.1124
MCC:0.18807265477724855
GMEAN:0.5490924789475634
SAMPLES:2500.0
AUC:{'AUC macro OVO': 0.5716670659399892}
AVGP:{'avg_precision': 0.9180284063738482}


METRICS_PER_CLASSES
CLASS:0
ACC:0.8876
PREC:0.18220338983050846
REC:0.3282442748091603
TNR:0.9185310257492613
FPR:0.8177966101694916
FPDR:0.8177966101694916
F1:0.23433242506811988
BACC:0
CLSFE:0.8177966101694916
MCC:0.18807265477724855
GMEAN:0.5490924789475634
SAMPLES:236
AUC:{}
AVGP:{}
CLASS:1
ACC:0.8876
PREC:0.9611307420494699
REC:0.9185310257492613
TNR:0.3282442748091603
FPR:0.038869257950530034
FPDR:0.038869257950530034
F1:0.9393481545434923
BACC:0
CLSFE:0.038869257950530034
MCC:0.18807265477724855
GMEAN:0.5490924789475634
SAMPLES:2264
AUC:{}
AVGP:{}
