

GENERAL_METRICS
ACC:0.8792
PREC:0.5740813397366813
REC:0.6441955410051589
TNR:0.6441955410051589
FPR:0.4259186602633186
FPDR:0.4259186602633186
F1:0.5915377440764857
BACC:0.0
CLSFE:0.1208
MCC:0.20670944692217375
GMEAN:0.5882798357513682
SAMPLES:2500.0
AUC:{'AUC macro OVO': 0.5740813397366814}
AVGP:{'avg_precision': 0.9061625463947456}


METRICS_PER_CLASSES
CLASS:0
ACC:0.8792
PREC:0.18450184501845018
REC:0.3816793893129771
TNR:0.9067116926973406
FPR:0.8154981549815498
FPDR:0.8154981549815498
F1:0.24875621890547264
BACC:0
CLSFE:0.8154981549815498
MCC:0.20670944692217375
GMEAN:0.5882798357513682
SAMPLES:271
AUC:{}
AVGP:{}
CLASS:1
ACC:0.8792
PREC:0.9636608344549125
REC:0.9067116926973406
TNR:0.3816793893129771
FPR:0.03633916554508748
FPDR:0.03633916554508748
F1:0.9343192692474989
BACC:0
CLSFE:0.03633916554508748
MCC:0.20670944692217375
GMEAN:0.5882798357513682
SAMPLES:2229
AUC:{}
AVGP:{}
