

GENERAL_METRICS
ACC:0.8784
PREC:0.5429915650570393
REC:0.5917010648480499
TNR:0.5917010648480499
FPR:0.45700843494296073
FPDR:0.45700843494296073
F1:0.5518984177297287
BACC:0.0
CLSFE:0.1216
MCC:0.12557662672989287
GMEAN:0.5009375930418053
SAMPLES:2500.0
AUC:{'AUC macro OVO': 0.5429915650570393}
AVGP:{'avg_precision': 0.9063200976685147}


METRICS_PER_CLASSES
CLASS:0
ACC:0.8784
PREC:0.1220472440944882
REC:0.2767857142857143
TNR:0.9066164154103853
FPR:0.8779527559055118
FPDR:0.8779527559055118
F1:0.16939890710382513
BACC:0
CLSFE:0.8779527559055118
MCC:0.12557662672989287
GMEAN:0.5009375930418053
SAMPLES:254
AUC:{}
AVGP:{}
CLASS:1
ACC:0.8784
PREC:0.9639358860195903
REC:0.9066164154103853
TNR:0.2767857142857143
FPR:0.036064113980409616
FPDR:0.036064113980409616
F1:0.9343979283556323
BACC:0
CLSFE:0.036064113980409616
MCC:0.12557662672989287
GMEAN:0.5009375930418053
SAMPLES:2246
AUC:{}
AVGP:{}
