

GENERAL_METRICS
ACC:0.9230588235294117
PREC:0.6518981181051265
REC:0.6368591533237641
TNR:0.6368591533237641
FPR:0.34810188189487346
FPDR:0.34810188189487346
F1:0.643866704285208
BACC:0.0
CLSFE:0.07694117647058824
MCC:0.28836537819468366
GMEAN:0.5473485462795825
SAMPLES:4250.0
AUC:{'AUC macro OVO': 0.6518981181051265}
AVGP:{'avg_precision': 0.9617054819595399}


METRICS_PER_CLASSES
CLASS:0
ACC:0.9230588235294117
PREC:0.34782608695652173
REC:0.311284046692607
TNR:0.9624342599549212
FPR:0.6521739130434783
FPDR:0.6521739130434783
F1:0.32854209445585214
BACC:0
CLSFE:0.6521739130434783
MCC:0.28836537819468366
GMEAN:0.5473485462795825
SAMPLES:230
AUC:{}
AVGP:{}
CLASS:1
ACC:0.9230588235294117
PREC:0.9559701492537314
REC:0.9624342599549212
TNR:0.311284046692607
FPR:0.04402985074626865
FPDR:0.04402985074626865
F1:0.9591913141145638
BACC:0
CLSFE:0.04402985074626865
MCC:0.28836537819468366
GMEAN:0.5473485462795825
SAMPLES:4020
AUC:{}
AVGP:{}
