

GENERAL_METRICS
ACC:0.9192941176470588
PREC:0.630875
REC:0.633379194374379
TNR:0.633379194374379
FPR:0.369125
FPDR:0.369125
F1:0.6321112436040606
BACC:0.0
CLSFE:0.08070588235294118
MCC:0.2642423286587283
GMEAN:0.5447265831320426
SAMPLES:4250.0
AUC:{'AUC macro OVO': 0.630875}
AVGP:{'avg_precision': 0.9559045935228023}


METRICS_PER_CLASSES
CLASS:0
ACC:0.9192941176470588
PREC:0.304
REC:0.31020408163265306
TNR:0.9565543071161049
FPR:0.696
FPDR:0.696
F1:0.30707070707070705
BACC:0
CLSFE:0.696
MCC:0.2642423286587283
GMEAN:0.5447265831320426
SAMPLES:250
AUC:{}
AVGP:{}
CLASS:1
ACC:0.9192941176470588
PREC:0.95775
REC:0.9565543071161049
TNR:0.31020408163265306
FPR:0.04225
FPDR:0.04225
F1:0.9571517801374141
BACC:0
CLSFE:0.04225
MCC:0.2642423286587283
GMEAN:0.5447265831320426
SAMPLES:4000
AUC:{}
AVGP:{}
