

GENERAL_METRICS
ACC:0.9221176470588235
PREC:0.6072697501165624
REC:0.6261537509991246
TNR:0.6261537509991246
FPR:0.39273024988343763
FPDR:0.39273024988343763
F1:0.615691952547142
BACC:0.0
CLSFE:0.07788235294117647
MCC:0.23265838773569394
GMEAN:0.5333236492701031
SAMPLES:4250.0
AUC:{'AUC macro OVO': 0.6072697501165624}
AVGP:{'avg_precision': 0.9537802064524024}


METRICS_PER_CLASSES
CLASS:0
ACC:0.9221176470588235
PREC:0.25101214574898784
REC:0.2980769230769231
TNR:0.9542305789213261
FPR:0.7489878542510121
FPDR:0.7489878542510121
F1:0.2725274725274725
BACC:0
CLSFE:0.7489878542510121
MCC:0.23265838773569394
GMEAN:0.5333236492701031
SAMPLES:247
AUC:{}
AVGP:{}
CLASS:1
ACC:0.9221176470588235
PREC:0.9635273544841368
REC:0.9542305789213261
TNR:0.2980769230769231
FPR:0.0364726455158631
FPDR:0.0364726455158631
F1:0.9588564325668116
BACC:0
CLSFE:0.0364726455158631
MCC:0.23265838773569394
GMEAN:0.5333236492701031
SAMPLES:4003
AUC:{}
AVGP:{}
