

GENERAL_METRICS
ACC:0.8653333333333333
PREC:0.6139547206905556
REC:0.6509246851391796
TNR:0.6509246851391796
FPR:0.3860452793094445
FPDR:0.3860452793094445
F1:0.6281277767686636
BACC:0.0
CLSFE:0.13466666666666666
MCC:0.26228671594532
GMEAN:0.5975010832243778
SAMPLES:2250.0
AUC:{'AUC macro OVO': 0.6139547206905556}
AVGP:{'avg_precision': 0.9076840702083093}


METRICS_PER_CLASSES
CLASS:0
ACC:0.8653333333333333
PREC:0.2862595419847328
REC:0.39267015706806285
TNR:0.9091792132102963
FPR:0.7137404580152672
FPDR:0.7137404580152672
F1:0.33112582781456956
BACC:0
CLSFE:0.7137404580152672
MCC:0.26228671594532
GMEAN:0.5975010832243778
SAMPLES:262
AUC:{}
AVGP:{}
CLASS:1
ACC:0.8653333333333333
PREC:0.9416498993963782
REC:0.9091792132102963
TNR:0.39267015706806285
FPR:0.05835010060362173
FPDR:0.05835010060362173
F1:0.9251297257227576
BACC:0
CLSFE:0.05835010060362173
MCC:0.26228671594532
GMEAN:0.5975010832243778
SAMPLES:1988
AUC:{}
AVGP:{}
