

GENERAL_METRICS
ACC:0.8768888888888889
PREC:0.6385454822954824
REC:0.6586940844824195
TNR:0.6586940844824195
FPR:0.3614545177045177
FPDR:0.3614545177045177
F1:0.6475378546888917
BACC:0.0
CLSFE:0.12311111111111112
MCC:0.29655588661874055
GMEAN:0.6027462610800469
SAMPLES:2250.0
AUC:{'AUC macro OVO': 0.6385454822954824}
AVGP:{'avg_precision': 0.9226375157839286}


METRICS_PER_CLASSES
CLASS:0
ACC:0.8768888888888889
PREC:0.33760683760683763
REC:0.39303482587064675
TNR:0.9243533430941923
FPR:0.6623931623931624
FPDR:0.6623931623931624
F1:0.3632183908045977
BACC:0
CLSFE:0.6623931623931624
MCC:0.29655588661874055
GMEAN:0.6027462610800469
SAMPLES:234
AUC:{}
AVGP:{}
CLASS:1
ACC:0.8768888888888889
PREC:0.939484126984127
REC:0.9243533430941923
TNR:0.39303482587064675
FPR:0.060515873015873016
FPDR:0.060515873015873016
F1:0.9318573185731858
BACC:0
CLSFE:0.060515873015873016
MCC:0.29655588661874055
GMEAN:0.6027462610800469
SAMPLES:2016
AUC:{}
AVGP:{}
