

GENERAL_METRICS
ACC:0.8755555555555555
PREC:0.6137592500322944
REC:0.654403722576749
TNR:0.654403722576749
FPR:0.38624074996770563
FPDR:0.38624074996770563
F1:0.629181420929707
BACC:0.0
CLSFE:0.12444444444444444
MCC:0.26506491040894414
GMEAN:0.5999546349469362
SAMPLES:2250.0
AUC:{'AUC macro OVO': 0.6137592500322944}
AVGP:{'avg_precision': 0.914501656335709}


METRICS_PER_CLASSES
CLASS:0
ACC:0.8755555555555555
PREC:0.27983539094650206
REC:0.3930635838150289
TNR:0.915743861338469
FPR:0.720164609053498
FPDR:0.720164609053498
F1:0.3269230769230769
BACC:0
CLSFE:0.720164609053498
MCC:0.26506491040894414
GMEAN:0.5999546349469362
SAMPLES:243
AUC:{}
AVGP:{}
CLASS:1
ACC:0.8755555555555555
PREC:0.9476831091180867
REC:0.915743861338469
TNR:0.3930635838150289
FPR:0.052316890881913304
FPDR:0.052316890881913304
F1:0.931439764936337
BACC:0
CLSFE:0.052316890881913304
MCC:0.26506491040894414
GMEAN:0.5999546349469362
SAMPLES:2007
AUC:{}
AVGP:{}
