

GENERAL_METRICS
ACC:0.8768888888888889
PREC:0.6507499999999999
REC:0.6782332035157165
TNR:0.6782332035157165
FPR:0.34925
FPDR:0.34925
F1:0.6626798026250629
BACC:0.0
CLSFE:0.12311111111111112
MCC:0.32783322241648577
GMEAN:0.6330340324445031
SAMPLES:2250.0
AUC:{'AUC macro OVO': 0.6507499999999999}
AVGP:{'avg_precision': 0.9197652961331375}


METRICS_PER_CLASSES
CLASS:0
ACC:0.8768888888888889
PREC:0.36
REC:0.43478260869565216
TNR:0.9216837983357807
FPR:0.64
FPDR:0.64
F1:0.3938730853391685
BACC:0
CLSFE:0.64
MCC:0.32783322241648577
GMEAN:0.6330340324445031
SAMPLES:250
AUC:{}
AVGP:{}
CLASS:1
ACC:0.8768888888888889
PREC:0.9415
REC:0.9216837983357807
TNR:0.43478260869565216
FPR:0.0585
FPDR:0.0585
F1:0.9314865199109572
BACC:0
CLSFE:0.0585
MCC:0.32783322241648577
GMEAN:0.6330340324445031
SAMPLES:2000
AUC:{}
AVGP:{}
