

GENERAL_METRICS
ACC:0.8213333333333334
PREC:0.7908110443551346
REC:0.7961414897767742
TNR:0.7961414897767742
FPR:0.20918895564486545
FPDR:0.20918895564486545
F1:0.7933476447800232
BACC:0.0
CLSFE:0.17866666666666667
MCC:0.5869283292493866
GMEAN:0.7933569999960448
SAMPLES:750.0
AUC:{'AUC macro OVO': 0.7908110443551344}
AVGP:{'avg_precision': 0.8398948596443894}


METRICS_PER_CLASSES
CLASS:0
ACC:0.8213333333333334
PREC:0.7053941908713693
REC:0.7296137339055794
TNR:0.8626692456479691
FPR:0.2946058091286307
FPDR:0.2946058091286307
F1:0.7172995780590717
BACC:0
CLSFE:0.2946058091286307
MCC:0.5869283292493866
GMEAN:0.7933569999960448
SAMPLES:241
AUC:{}
AVGP:{}
CLASS:1
ACC:0.8213333333333334
PREC:0.8762278978388998
REC:0.8626692456479691
TNR:0.7296137339055794
FPR:0.1237721021611002
FPDR:0.1237721021611002
F1:0.8693957115009746
BACC:0
CLSFE:0.1237721021611002
MCC:0.5869283292493866
GMEAN:0.7933569999960448
SAMPLES:509
AUC:{}
AVGP:{}
