

GENERAL_METRICS
ACC:0.8053333333333333
PREC:0.7815892780469853
REC:0.7926467775865367
TNR:0.7926467775865367
FPR:0.2184107219530148
FPDR:0.2184107219530148
F1:0.7862680647402815
BACC:0.0
CLSFE:0.19466666666666665
MCC:0.5741295840604959
GMEAN:0.7917025235712151
SAMPLES:750.0
AUC:{'AUC macro OVO': 0.7815892780469852}
AVGP:{'avg_precision': 0.805710100907833}


METRICS_PER_CLASSES
CLASS:0
ACC:0.8053333333333333
PREC:0.6934306569343066
REC:0.753968253968254
TNR:0.8313253012048193
FPR:0.30656934306569344
FPDR:0.30656934306569344
F1:0.7224334600760456
BACC:0
CLSFE:0.30656934306569344
MCC:0.5741295840604959
GMEAN:0.7917025235712151
SAMPLES:274
AUC:{}
AVGP:{}
CLASS:1
ACC:0.8053333333333333
PREC:0.8697478991596639
REC:0.8313253012048193
TNR:0.753968253968254
FPR:0.13025210084033614
FPDR:0.13025210084033614
F1:0.8501026694045175
BACC:0
CLSFE:0.13025210084033614
MCC:0.5741295840604959
GMEAN:0.7917025235712151
SAMPLES:476
AUC:{}
AVGP:{}
