

GENERAL_METRICS
ACC:0.8346666666666667
PREC:0.8017265975918937
REC:0.8133333333333334
TNR:0.8133333333333334
FPR:0.19827340240810637
FPDR:0.19827340240810637
F1:0.8069914744191066
BACC:0.0
CLSFE:0.16533333333333333
MCC:0.6149504063867047
GMEAN:0.8115828156551042
SAMPLES:750.0
AUC:{'AUC macro OVO': 0.8017265975918936}
AVGP:{'avg_precision': 0.8467216764898494}


METRICS_PER_CLASSES
CLASS:0
ACC:0.8346666666666667
PREC:0.7095435684647303
REC:0.76
TNR:0.8666666666666667
FPR:0.29045643153526973
FPDR:0.29045643153526973
F1:0.7339055793991416
BACC:0
CLSFE:0.29045643153526973
MCC:0.6149504063867047
GMEAN:0.8115828156551042
SAMPLES:241
AUC:{}
AVGP:{}
CLASS:1
ACC:0.8346666666666667
PREC:0.8939096267190569
REC:0.8666666666666667
TNR:0.76
FPR:0.10609037328094302
FPDR:0.10609037328094302
F1:0.8800773694390716
BACC:0
CLSFE:0.10609037328094302
MCC:0.6149504063867047
GMEAN:0.8115828156551042
SAMPLES:509
AUC:{}
AVGP:{}
