

GENERAL_METRICS
ACC:0.804
PREC:0.7764333033775777
REC:0.7815314585628199
TNR:0.7815314585628199
FPR:0.2235666966224223
FPDR:0.2235666966224223
F1:0.7788325165349024
BACC:0.0
CLSFE:0.196
MCC:0.5579414703899611
GMEAN:0.778880331869429
SAMPLES:750.0
AUC:{'AUC macro OVO': 0.7764333033775777}
AVGP:{'avg_precision': 0.8204179384608044}


METRICS_PER_CLASSES
CLASS:0
ACC:0.804
PREC:0.691699604743083
REC:0.7172131147540983
TNR:0.8458498023715415
FPR:0.308300395256917
FPDR:0.308300395256917
F1:0.704225352112676
BACC:0
CLSFE:0.308300395256917
MCC:0.5579414703899611
GMEAN:0.778880331869429
SAMPLES:253
AUC:{}
AVGP:{}
CLASS:1
ACC:0.804
PREC:0.8611670020120724
REC:0.8458498023715415
TNR:0.7172131147540983
FPR:0.13883299798792756
FPDR:0.13883299798792756
F1:0.8534396809571286
BACC:0
CLSFE:0.13883299798792756
MCC:0.5579414703899611
GMEAN:0.778880331869429
SAMPLES:497
AUC:{}
AVGP:{}
