

GENERAL_METRICS
ACC:0.9334117647058824
PREC:0.49774153074027605
REC:0.46869092627599246
TNR:0.46869092627599246
FPR:0.502258469259724
FPDR:0.502258469259724
F1:0.48277960326153097
BACC:0.0
CLSFE:0.06658823529411764
MCC:-0.01681791670286215
GMEAN:0.0
SAMPLES:4250.0
AUC:{'AUC macro OVO': 0.49774153074027605}
AVGP:{'avg_precision': 0.9373830504724084}


METRICS_PER_CLASSES
CLASS:0
ACC:0.9334117647058824
PREC:0.0
REC:0.0
TNR:0.9373818525519849
FPR:1.0
FPDR:1.0
F1:0.0
BACC:0
CLSFE:1.0
MCC:-0.01681791670286215
GMEAN:0
SAMPLES:265
AUC:{}
AVGP:{}
CLASS:1
ACC:0.9334117647058824
PREC:0.9954830614805521
REC:0.9373818525519849
TNR:0.0
FPR:0.00451693851944793
FPDR:0.00451693851944793
F1:0.9655592065230619
BACC:0
CLSFE:0.00451693851944793
MCC:-0.01681791670286215
GMEAN:0
SAMPLES:3985
AUC:{}
AVGP:{}
