

GENERAL_METRICS
ACC:0.9404705882352942
PREC:0.49689209348582797
REC:0.4730177514792899
TNR:0.4730177514792899
FPR:0.503107906514172
FPDR:0.503107906514172
F1:0.48466108888080517
BACC:0.0
CLSFE:0.05952941176470588
MCC:-0.018314836165745415
GMEAN:0.0
SAMPLES:4250.0
AUC:{'AUC macro OVO': 0.49689209348582797}
AVGP:{'avg_precision': 0.9460374760951903}


METRICS_PER_CLASSES
CLASS:0
ACC:0.9404705882352942
PREC:0.0
REC:0.0
TNR:0.9460355029585799
FPR:1.0
FPDR:1.0
F1:0.0
BACC:0
CLSFE:1.0
MCC:-0.018314836165745415
GMEAN:0
SAMPLES:228
AUC:{}
AVGP:{}
CLASS:1
ACC:0.9404705882352942
PREC:0.9937841869716559
REC:0.9460355029585799
TNR:0.0
FPR:0.006215813028344107
FPDR:0.006215813028344107
F1:0.9693221777616103
BACC:0
CLSFE:0.006215813028344107
MCC:-0.018314836165745415
GMEAN:0
SAMPLES:4022
AUC:{}
AVGP:{}
