

GENERAL_METRICS
ACC:0.9341176470588235
PREC:0.4971199599298773
REC:0.4696001892595221
TNR:0.4696001892595221
FPR:0.5028800400701228
FPDR:0.5028800400701228
F1:0.4829683698296837
BACC:0.0
CLSFE:0.06588235294117648
MCC:-0.01871391707331452
GMEAN:0.0
SAMPLES:4250.0
AUC:{'AUC macro OVO': 0.4971199599298773}
AVGP:{'avg_precision': 0.939202273776908}


METRICS_PER_CLASSES
CLASS:0
ACC:0.9341176470588235
PREC:0.0
REC:0.0
TNR:0.9392003785190443
FPR:1.0
FPDR:1.0
F1:0.0
BACC:0
CLSFE:1.0
MCC:-0.01871391707331452
GMEAN:0
SAMPLES:257
AUC:{}
AVGP:{}
CLASS:1
ACC:0.9341176470588235
PREC:0.9942399198597546
REC:0.9392003785190443
TNR:0.0
FPR:0.00576008014024543
FPDR:0.00576008014024543
F1:0.9659367396593674
BACC:0
CLSFE:0.00576008014024543
MCC:-0.01871391707331452
GMEAN:0
SAMPLES:3993
AUC:{}
AVGP:{}
