

GENERAL_METRICS
ACC:0.8608
PREC:0.6303101485388327
REC:0.6303101485388327
TNR:0.6303101485388327
FPR:0.3696898514611673
FPDR:0.3696898514611673
F1:0.6303101485388327
BACC:0.0
CLSFE:0.1392
MCC:0.2606202970776655
GMEAN:0.5586422150187541
SAMPLES:2500.0
AUC:{'AUC macro OVO': 0.6303101485388327}
AVGP:{'avg_precision': 0.9200846658855846}


METRICS_PER_CLASSES
CLASS:0
ACC:0.8608
PREC:0.33840304182509506
REC:0.33840304182509506
TNR:0.9222172552525704
FPR:0.6615969581749049
FPDR:0.6615969581749049
F1:0.33840304182509506
BACC:0
CLSFE:0.6615969581749049
MCC:0.2606202970776655
GMEAN:0.5586422150187541
SAMPLES:263
AUC:{}
AVGP:{}
CLASS:1
ACC:0.8608
PREC:0.9222172552525704
REC:0.9222172552525704
TNR:0.33840304182509506
FPR:0.07778274474742959
FPDR:0.07778274474742959
F1:0.9222172552525704
BACC:0
CLSFE:0.07778274474742959
MCC:0.2606202970776655
GMEAN:0.5586422150187541
SAMPLES:2237
AUC:{}
AVGP:{}
