

GENERAL_METRICS
ACC:0.8612
PREC:0.6053444114819962
REC:0.6144802968390399
TNR:0.6144802968390399
FPR:0.39465558851800375
FPDR:0.39465558851800375
F1:0.6095773489154351
BACC:0.0
CLSFE:0.1388
MCC:0.21963478319057667
GMEAN:0.5341030564107594
SAMPLES:2500.0
AUC:{'AUC macro OVO': 0.6053444114819964}
AVGP:{'avg_precision': 0.916767161140026}


METRICS_PER_CLASSES
CLASS:0
ACC:0.8612
PREC:0.28294573643410853
REC:0.31063829787234043
TNR:0.9183222958057395
FPR:0.7170542635658915
FPDR:0.7170542635658915
F1:0.2961460446247465
BACC:0
CLSFE:0.7170542635658915
MCC:0.21963478319057667
GMEAN:0.5341030564107594
SAMPLES:258
AUC:{}
AVGP:{}
CLASS:1
ACC:0.8612
PREC:0.927743086529884
REC:0.9183222958057395
TNR:0.31063829787234043
FPR:0.07225691347011597
FPDR:0.07225691347011597
F1:0.9230086532061238
BACC:0
CLSFE:0.07225691347011597
MCC:0.21963478319057667
GMEAN:0.5341030564107594
SAMPLES:2242
AUC:{}
AVGP:{}
