

GENERAL_METRICS
ACC:0.8584
PREC:0.6182497316838953
REC:0.6142445886116966
TNR:0.6142445886116966
FPR:0.38175026831610465
FPDR:0.38175026831610465
F1:0.6161859377466602
BACC:0.0
CLSFE:0.1416
MCC:0.23245981975102828
GMEAN:0.5309204640690842
SAMPLES:2500.0
AUC:{'AUC macro OVO': 0.6182497316838953}
AVGP:{'avg_precision': 0.9212070042202144}


METRICS_PER_CLASSES
CLASS:0
ACC:0.8584
PREC:0.31746031746031744
REC:0.3053435114503817
TNR:0.9231456657730116
FPR:0.6825396825396826
FPDR:0.6825396825396826
F1:0.311284046692607
BACC:0
CLSFE:0.6825396825396826
MCC:0.23245981975102828
GMEAN:0.5309204640690842
SAMPLES:252
AUC:{}
AVGP:{}
CLASS:1
ACC:0.8584
PREC:0.9190391459074733
REC:0.9231456657730116
TNR:0.3053435114503817
FPR:0.0809608540925267
FPDR:0.0809608540925267
F1:0.9210878288007134
BACC:0
CLSFE:0.0809608540925267
MCC:0.23245981975102828
GMEAN:0.5309204640690842
SAMPLES:2248
AUC:{}
AVGP:{}
