

GENERAL_METRICS
ACC:0.8544
PREC:0.6229604664847804
REC:0.621369732812335
TNR:0.621369732812335
FPR:0.3770395335152196
FPDR:0.3770395335152196
F1:0.6221557880750705
BACC:0.0
CLSFE:0.1456
MCC:0.24432502093512953
GMEAN:0.5453361238846349
SAMPLES:2500.0
AUC:{'AUC macro OVO': 0.6229604664847803}
AVGP:{'avg_precision': 0.917032880961114}


METRICS_PER_CLASSES
CLASS:0
ACC:0.8544
PREC:0.3283582089552239
REC:0.3235294117647059
TNR:0.9192100538599641
FPR:0.6716417910447762
FPDR:0.6716417910447762
F1:0.32592592592592595
BACC:0
CLSFE:0.6716417910447762
MCC:0.24432502093512953
GMEAN:0.5453361238846349
SAMPLES:268
AUC:{}
AVGP:{}
CLASS:1
ACC:0.8544
PREC:0.9175627240143369
REC:0.9192100538599641
TNR:0.3235294117647059
FPR:0.08243727598566308
FPDR:0.08243727598566308
F1:0.9183856502242153
BACC:0
CLSFE:0.08243727598566308
MCC:0.24432502093512953
GMEAN:0.5453361238846349
SAMPLES:2232
AUC:{}
AVGP:{}
