

GENERAL_METRICS
ACC:0.9272941176470588
PREC:0.5148093523342527
REC:0.5338655161589394
TNR:0.5338655161589394
FPR:0.48519064766574727
FPDR:0.48519064766574727
F1:0.5171184408358401
BACC:0.0
CLSFE:0.07270588235294118
MCC:0.04478956846316174
GMEAN:0.3387175297833227
SAMPLES:4250.0
AUC:{'AUC macro OVO': 0.5148093523342527}
AVGP:{'avg_precision': 0.9464847320934918}


METRICS_PER_CLASSES
CLASS:0
ACC:0.9272941176470588
PREC:0.05128205128205128
REC:0.12121212121212122
TNR:0.9465189111057577
FPR:0.9487179487179487
FPDR:0.9487179487179487
F1:0.07207207207207207
BACC:0
CLSFE:0.9487179487179487
MCC:0.04478956846316174
GMEAN:0.3387175297833227
SAMPLES:234
AUC:{}
AVGP:{}
CLASS:1
ACC:0.9272941176470588
PREC:0.9783366533864541
REC:0.9465189111057577
TNR:0.12121212121212122
FPR:0.02166334661354582
FPDR:0.02166334661354582
F1:0.9621648095996082
BACC:0
CLSFE:0.02166334661354582
MCC:0.04478956846316174
GMEAN:0.3387175297833227
SAMPLES:4016
AUC:{}
AVGP:{}
