

GENERAL_METRICS
ACC:0.9225882352941176
PREC:0.5237497332393947
REC:0.5544825366167713
TNR:0.5544825366167713
FPR:0.4762502667606054
FPDR:0.4762502667606054
F1:0.5290938023591617
BACC:0.0
CLSFE:0.07741176470588235
MCC:0.07194291378179973
GMEAN:0.3962950093400277
SAMPLES:4250.0
AUC:{'AUC macro OVO': 0.5237497332393947}
AVGP:{'avg_precision': 0.9422359949635212}


METRICS_PER_CLASSES
CLASS:0
ACC:0.9225882352941176
PREC:0.07003891050583658
REC:0.16666666666666666
TNR:0.9422984065668759
FPR:0.9299610894941635
FPDR:0.9299610894941635
F1:0.09863013698630137
BACC:0
CLSFE:0.9299610894941635
MCC:0.07194291378179973
GMEAN:0.3962950093400277
SAMPLES:257
AUC:{}
AVGP:{}
CLASS:1
ACC:0.9225882352941176
PREC:0.9774605559729527
REC:0.9422984065668759
TNR:0.16666666666666666
FPR:0.022539444027047332
FPDR:0.022539444027047332
F1:0.9595574677320221
BACC:0
CLSFE:0.022539444027047332
MCC:0.07194291378179973
GMEAN:0.3962950093400277
SAMPLES:3993
AUC:{}
AVGP:{}
