

GENERAL_METRICS
ACC:0.9232941176470588
PREC:0.5099595180038352
REC:0.5311455214709393
TNR:0.5311455214709393
FPR:0.49004048199616485
FPDR:0.49004048199616485
F1:0.5089115452396852
BACC:0.0
CLSFE:0.07670588235294118
MCC:0.03522467213920681
GMEAN:0.3404489143923303
SAMPLES:4250.0
AUC:{'AUC macro OVO': 0.5099595180038351}
AVGP:{'avg_precision': 0.9388131008049618}


METRICS_PER_CLASSES
CLASS:0
ACC:0.9232941176470588
PREC:0.03773584905660377
REC:0.12345679012345678
TNR:0.9388342528184217
FPR:0.9622641509433962
FPDR:0.9622641509433962
F1:0.057803468208092484
BACC:0
CLSFE:0.9622641509433962
MCC:0.03522467213920681
GMEAN:0.3404489143923303
SAMPLES:265
AUC:{}
AVGP:{}
CLASS:1
ACC:0.9232941176470588
PREC:0.9821831869510665
REC:0.9388342528184217
TNR:0.12345679012345678
FPR:0.0178168130489335
FPDR:0.0178168130489335
F1:0.9600196222712779
BACC:0
CLSFE:0.0178168130489335
MCC:0.03522467213920681
GMEAN:0.3404489143923303
SAMPLES:3985
AUC:{}
AVGP:{}
