

GENERAL_METRICS
ACC:0.9244705882352942
PREC:0.5070565835274412
REC:0.5140848749208257
TNR:0.5140848749208257
FPR:0.4929434164725588
FPDR:0.4929434164725588
F1:0.5068819650550374
BACC:0.0
CLSFE:0.07552941176470589
MCC:0.019939016661046003
GMEAN:0.2771118422997273
SAMPLES:4250.0
AUC:{'AUC macro OVO': 0.5070565835274412}
AVGP:{'avg_precision': 0.9470700103285516}


METRICS_PER_CLASSES
CLASS:0
ACC:0.9244705882352942
PREC:0.039473684210526314
REC:0.08108108108108109
TNR:0.9470886687605702
FPR:0.9605263157894737
FPDR:0.9605263157894737
F1:0.05309734513274336
BACC:0
CLSFE:0.9605263157894737
MCC:0.019939016661046003
GMEAN:0.2771118422997273
SAMPLES:228
AUC:{}
AVGP:{}
CLASS:1
ACC:0.9244705882352942
PREC:0.9746394828443561
REC:0.9470886687605702
TNR:0.08108108108108109
FPR:0.02536051715564396
FPDR:0.02536051715564396
F1:0.9606665849773313
BACC:0
CLSFE:0.02536051715564396
MCC:0.019939016661046003
GMEAN:0.2771118422997273
SAMPLES:4022
AUC:{}
AVGP:{}
