

GENERAL_METRICS
ACC:0.772
PREC:0.7722523560376966
REC:0.7764994556297632
TNR:0.7764994556297632
FPR:0.2277476439623034
FPDR:0.2277476439623034
F1:0.7711762344439984
BACC:0.0
CLSFE:0.228
MCC:0.5487353760724512
GMEAN:0.7756511688227271
SAMPLES:500.0
AUC:{'AUC macro OVO': 0.7722523560376966}
AVGP:{'avg_precision': 0.7223976059233386}


METRICS_PER_CLASSES
CLASS:0
ACC:0.772
PREC:0.8353413654618473
REC:0.7402135231316725
TNR:0.8127853881278538
FPR:0.1646586345381526
FPDR:0.1646586345381526
F1:0.7849056603773585
BACC:0
CLSFE:0.1646586345381526
MCC:0.5487353760724512
GMEAN:0.7756511688227271
SAMPLES:249
AUC:{}
AVGP:{}
CLASS:1
ACC:0.772
PREC:0.7091633466135459
REC:0.8127853881278538
TNR:0.7402135231316725
FPR:0.2908366533864542
FPDR:0.2908366533864542
F1:0.7574468085106383
BACC:0
CLSFE:0.2908366533864542
MCC:0.5487353760724512
GMEAN:0.7756511688227271
SAMPLES:251
AUC:{}
AVGP:{}
