

GENERAL_METRICS
ACC:0.774
PREC:0.7762325663320042
REC:0.7818606627017842
TNR:0.7818606627017842
FPR:0.2237674336679957
FPDR:0.2237674336679957
F1:0.7732371698393395
BACC:0.0
CLSFE:0.226
MCC:0.5580648500171044
GMEAN:0.7799527249686781
SAMPLES:500.0
AUC:{'AUC macro OVO': 0.7762325663320043}
AVGP:{'avg_precision': 0.7385848212662279}


METRICS_PER_CLASSES
CLASS:0
ACC:0.774
PREC:0.8559670781893004
REC:0.7272727272727273
TNR:0.8364485981308412
FPR:0.1440329218106996
FPDR:0.1440329218106996
F1:0.7863894139886578
BACC:0
CLSFE:0.1440329218106996
MCC:0.5580648500171044
GMEAN:0.7799527249686781
SAMPLES:243
AUC:{}
AVGP:{}
CLASS:1
ACC:0.774
PREC:0.6964980544747081
REC:0.8364485981308412
TNR:0.7272727272727273
FPR:0.3035019455252918
FPDR:0.3035019455252918
F1:0.7600849256900213
BACC:0
CLSFE:0.3035019455252918
MCC:0.5580648500171044
GMEAN:0.7799527249686781
SAMPLES:257
AUC:{}
AVGP:{}
