

GENERAL_METRICS
ACC:0.77
PREC:0.7693292370711725
REC:0.77752221727589
TNR:0.77752221727589
FPR:0.23067076292882743
FPDR:0.23067076292882743
F1:0.7681217864704104
BACC:0.0
CLSFE:0.23
MCC:0.5467900769005071
GMEAN:0.7762912798852413
SAMPLES:500.0
AUC:{'AUC macro OVO': 0.7693292370711726}
AVGP:{'avg_precision': 0.7189577684276142}


METRICS_PER_CLASSES
CLASS:0
ACC:0.77
PREC:0.8531746031746031
REC:0.7337883959044369
TNR:0.821256038647343
FPR:0.14682539682539683
FPDR:0.14682539682539683
F1:0.7889908256880734
BACC:0
CLSFE:0.14682539682539683
MCC:0.5467900769005071
GMEAN:0.7762912798852413
SAMPLES:252
AUC:{}
AVGP:{}
CLASS:1
ACC:0.77
PREC:0.6854838709677419
REC:0.821256038647343
TNR:0.7337883959044369
FPR:0.31451612903225806
FPDR:0.31451612903225806
F1:0.7472527472527473
BACC:0
CLSFE:0.31451612903225806
MCC:0.5467900769005071
GMEAN:0.7762912798852413
SAMPLES:248
AUC:{}
AVGP:{}
