

GENERAL_METRICS
ACC:0.77
PREC:0.7719364296127782
REC:0.773703560371517
TNR:0.773703560371517
FPR:0.22806357038722183
FPDR:0.22806357038722183
F1:0.7698444148244212
BACC:0.0
CLSFE:0.23
MCC:0.5456371284278071
GMEAN:0.7725580724011614
SAMPLES:500.0
AUC:{'AUC macro OVO': 0.7719364296127781}
AVGP:{'avg_precision': 0.7318565332249543}


METRICS_PER_CLASSES
CLASS:0
ACC:0.77
PREC:0.8257261410788381
REC:0.7316176470588235
TNR:0.8157894736842105
FPR:0.17427385892116182
FPDR:0.17427385892116182
F1:0.7758284600389863
BACC:0
CLSFE:0.17427385892116182
MCC:0.5456371284278071
GMEAN:0.7725580724011614
SAMPLES:241
AUC:{}
AVGP:{}
CLASS:1
ACC:0.77
PREC:0.7181467181467182
REC:0.8157894736842105
TNR:0.7316176470588235
FPR:0.28185328185328185
FPDR:0.28185328185328185
F1:0.7638603696098563
BACC:0
CLSFE:0.28185328185328185
MCC:0.5456371284278071
GMEAN:0.7725580724011614
SAMPLES:259
AUC:{}
AVGP:{}
