

GENERAL_METRICS
ACC:0.9202666666666667
PREC:0.6270662901394509
REC:0.6566429892159453
TNR:0.6566429892159453
FPR:0.3729337098605491
FPDR:0.3729337098605491
F1:0.6398190952255672
BACC:0.0
CLSFE:0.07973333333333334
MCC:0.2821633818625243
GMEAN:0.5869495541789154
SAMPLES:3750.0
AUC:{'AUC macro OVO': 0.6270662901394509}
AVGP:{'avg_precision': 0.9504571142171419}


METRICS_PER_CLASSES
CLASS:0
ACC:0.9202666666666667
PREC:0.2897959183673469
REC:0.3622448979591837
TNR:0.9510410804727069
FPR:0.710204081632653
FPDR:0.710204081632653
F1:0.3219954648526077
BACC:0
CLSFE:0.710204081632653
MCC:0.2821633818625243
GMEAN:0.5869495541789154
SAMPLES:245
AUC:{}
AVGP:{}
CLASS:1
ACC:0.9202666666666667
PREC:0.9643366619115549
REC:0.9510410804727069
TNR:0.3622448979591837
FPR:0.03566333808844508
FPDR:0.03566333808844508
F1:0.9576427255985267
BACC:0
CLSFE:0.03566333808844508
MCC:0.2821633818625243
GMEAN:0.5869495541789154
SAMPLES:3505
AUC:{}
AVGP:{}
