

GENERAL_METRICS
ACC:0.906
PREC:0.5830684935613953
REC:0.6084260731319555
TNR:0.6084260731319555
FPR:0.41693150643860466
FPDR:0.41693150643860466
F1:0.593287603060003
BACC:0.0
CLSFE:0.094
MCC:0.1898082248781567
GMEAN:0.5093716319736107
SAMPLES:3500.0
AUC:{'AUC macro OVO': 0.5830684935613953}
AVGP:{'avg_precision': 0.9407044568288286}


METRICS_PER_CLASSES
CLASS:0
ACC:0.906
PREC:0.2073170731707317
REC:0.2756756756756757
TNR:0.9411764705882353
FPR:0.7926829268292683
FPDR:0.7926829268292683
F1:0.23665893271461716
BACC:0
CLSFE:0.7926829268292683
MCC:0.1898082248781567
GMEAN:0.5093716319736107
SAMPLES:246
AUC:{}
AVGP:{}
CLASS:1
ACC:0.906
PREC:0.958819913952059
REC:0.9411764705882353
TNR:0.2756756756756757
FPR:0.041180086047940996
FPDR:0.041180086047940996
F1:0.949916273405389
BACC:0
CLSFE:0.041180086047940996
MCC:0.1898082248781567
GMEAN:0.5093716319736107
SAMPLES:3254
AUC:{}
AVGP:{}
