

GENERAL_METRICS
ACC:0.9117142857142857
PREC:0.5969175805915586
REC:0.622989533962317
TNR:0.622989533962317
FPR:0.4030824194084413
FPDR:0.4030824194084413
F1:0.6077882411904669
BACC:0.0
CLSFE:0.08828571428571429
MCC:0.2183561134450886
GMEAN:0.5330538582526781
SAMPLES:3500.0
AUC:{'AUC macro OVO': 0.5969175805915587}
AVGP:{'avg_precision': 0.9449282593954073}


METRICS_PER_CLASSES
CLASS:0
ACC:0.9117142857142857
PREC:0.2330508474576271
REC:0.3005464480874317
TNR:0.9454326198372023
FPR:0.7669491525423728
FPDR:0.7669491525423728
F1:0.26252983293556087
BACC:0
CLSFE:0.7669491525423728
MCC:0.2183561134450886
GMEAN:0.5330538582526781
SAMPLES:236
AUC:{}
AVGP:{}
CLASS:1
ACC:0.9117142857142857
PREC:0.9607843137254902
REC:0.9454326198372023
TNR:0.3005464480874317
FPR:0.0392156862745098
FPDR:0.0392156862745098
F1:0.9530466494453731
BACC:0
CLSFE:0.0392156862745098
MCC:0.2183561134450886
GMEAN:0.5330538582526781
SAMPLES:3264
AUC:{}
AVGP:{}
