

GENERAL_METRICS
ACC:0.9037142857142857
PREC:0.5928056924557464
REC:0.6252645102781136
TNR:0.6252645102781136
FPR:0.4071943075442536
FPDR:0.4071943075442536
F1:0.6055383156235253
BACC:0.0
CLSFE:0.09628571428571428
MCC:0.2156409944003255
GMEAN:0.5414185709077783
SAMPLES:3500.0
AUC:{'AUC macro OVO': 0.5928056924557463}
AVGP:{'avg_precision': 0.9374682426805835}


METRICS_PER_CLASSES
CLASS:0
ACC:0.9037142857142857
PREC:0.22641509433962265
REC:0.3125
TNR:0.9380290205562273
FPR:0.7735849056603774
FPDR:0.7735849056603774
F1:0.26258205689277897
BACC:0
CLSFE:0.7735849056603774
MCC:0.2156409944003255
GMEAN:0.5414185709077783
SAMPLES:265
AUC:{}
AVGP:{}
CLASS:1
ACC:0.9037142857142857
PREC:0.9591962905718702
REC:0.9380290205562273
TNR:0.3125
FPR:0.04080370942812983
FPDR:0.04080370942812983
F1:0.9484945743542718
BACC:0
CLSFE:0.04080370942812983
MCC:0.2156409944003255
GMEAN:0.5414185709077783
SAMPLES:3235
AUC:{}
AVGP:{}
