

GENERAL_METRICS
ACC:0.9068571428571428
PREC:0.5950693678486981
REC:0.6333344865249558
TNR:0.6333344865249558
FPR:0.40493063215130193
FPDR:0.40493063215130193
F1:0.6096588397733353
BACC:0.0
CLSFE:0.09314285714285714
MCC:0.22517571224586644
GMEAN:0.5548002507448271
SAMPLES:3500.0
AUC:{'AUC macro OVO': 0.595069367848698}
AVGP:{'avg_precision': 0.9382703132812718}


METRICS_PER_CLASSES
CLASS:0
ACC:0.9068571428571428
PREC:0.22813688212927757
REC:0.32786885245901637
TNR:0.9388001205908953
FPR:0.7718631178707225
FPDR:0.7718631178707225
F1:0.26905829596412556
BACC:0
CLSFE:0.7718631178707225
MCC:0.22517571224586644
GMEAN:0.5548002507448271
SAMPLES:263
AUC:{}
AVGP:{}
CLASS:1
ACC:0.9068571428571428
PREC:0.9620018535681186
REC:0.9388001205908953
TNR:0.32786885245901637
FPR:0.037998146431881374
FPDR:0.037998146431881374
F1:0.950259383582545
BACC:0
CLSFE:0.037998146431881374
MCC:0.22517571224586644
GMEAN:0.5548002507448271
SAMPLES:3237
AUC:{}
AVGP:{}
