

GENERAL_METRICS
ACC:0.9190769230769231
PREC:0.5071274831516178
REC:0.5393302180685358
TNR:0.5393302180685358
FPR:0.4928725168483822
FPDR:0.4928725168483822
F1:0.5006936838262139
BACC:0.0
CLSFE:0.08092307692307692
MCC:0.033485845764020535
GMEAN:0.37322790011005436
SAMPLES:3250.0
AUC:{'AUC macro OVO': 0.5071274831516178}
AVGP:{'avg_precision': 0.9286495186023711}


METRICS_PER_CLASSES
CLASS:0
ACC:0.9190769230769231
PREC:0.02553191489361702
REC:0.15
TNR:0.9286604361370716
FPR:0.9744680851063829
FPDR:0.9744680851063829
F1:0.04363636363636364
BACC:0
CLSFE:0.9744680851063829
MCC:0.033485845764020535
GMEAN:0.37322790011005436
SAMPLES:235
AUC:{}
AVGP:{}
CLASS:1
ACC:0.9190769230769231
PREC:0.9887230514096186
REC:0.9286604361370716
TNR:0.15
FPR:0.011276948590381426
FPDR:0.011276948590381426
F1:0.9577510040160643
BACC:0
CLSFE:0.011276948590381426
MCC:0.033485845764020535
GMEAN:0.37322790011005436
SAMPLES:3015
AUC:{}
AVGP:{}
