

GENERAL_METRICS
ACC:0.9095384615384615
PREC:0.505458108150817
REC:0.5328154808503522
TNR:0.5328154808503522
FPR:0.494541891849183
FPDR:0.494541891849183
F1:0.4958751986425826
BACC:0.0
CLSFE:0.09046153846153847
MCC:0.02676642998251999
GMEAN:0.3667835471785619
SAMPLES:3250.0
AUC:{'AUC macro OVO': 0.505458108150817}
AVGP:{'avg_precision': 0.919279790214426}


METRICS_PER_CLASSES
CLASS:0
ACC:0.9095384615384615
PREC:0.022641509433962263
REC:0.14634146341463414
TNR:0.9192894982860704
FPR:0.9773584905660377
FPDR:0.9773584905660377
F1:0.0392156862745098
BACC:0
CLSFE:0.9773584905660377
MCC:0.02676642998251999
GMEAN:0.3667835471785619
SAMPLES:265
AUC:{}
AVGP:{}
CLASS:1
ACC:0.9095384615384615
PREC:0.9882747068676717
REC:0.9192894982860704
TNR:0.14634146341463414
FPR:0.011725293132328308
FPDR:0.011725293132328308
F1:0.9525347110106555
BACC:0
CLSFE:0.011725293132328308
MCC:0.02676642998251999
GMEAN:0.3667835471785619
SAMPLES:2985
AUC:{}
AVGP:{}
