

GENERAL_METRICS
ACC:0.9187692307692308
PREC:0.5091257154300423
REC:0.5495291444033169
TNR:0.5495291444033169
FPR:0.49087428456995774
FPDR:0.49087428456995774
F1:0.5039648127207009
BACC:0.0
CLSFE:0.08123076923076923
MCC:0.04252006008077316
GMEAN:0.39811403166119974
SAMPLES:3250.0
AUC:{'AUC macro OVO': 0.5091257154300423}
AVGP:{'avg_precision': 0.9283124798015322}


METRICS_PER_CLASSES
CLASS:0
ACC:0.9187692307692308
PREC:0.029535864978902954
REC:0.17073170731707318
TNR:0.9283265814895606
FPR:0.9704641350210971
FPDR:0.9704641350210971
F1:0.050359712230215826
BACC:0
CLSFE:0.9704641350210971
MCC:0.04252006008077316
GMEAN:0.39811403166119974
SAMPLES:237
AUC:{}
AVGP:{}
CLASS:1
ACC:0.9187692307692308
PREC:0.9887155658811816
REC:0.9283265814895606
TNR:0.17073170731707318
FPR:0.011284434118818453
FPDR:0.011284434118818453
F1:0.9575699132111861
BACC:0
CLSFE:0.011284434118818453
MCC:0.04252006008077316
GMEAN:0.39811403166119974
SAMPLES:3013
AUC:{}
AVGP:{}
