

GENERAL_METRICS
ACC:0.9138461538461539
PREC:0.5057676602694978
REC:0.5304400839335337
TNR:0.5304400839335337
FPR:0.49423233973050223
FPDR:0.49423233973050223
F1:0.4979963988137269
BACC:0.0
CLSFE:0.08615384615384615
MCC:0.026500419823362747
GMEAN:0.3550639887599195
SAMPLES:3250.0
AUC:{'AUC macro OVO': 0.5057676602694978}
AVGP:{'avg_precision': 0.924506098290632}


METRICS_PER_CLASSES
CLASS:0
ACC:0.9138461538461539
PREC:0.024193548387096774
REC:0.13636363636363635
TNR:0.924516531503431
FPR:0.9758064516129032
FPDR:0.9758064516129032
F1:0.0410958904109589
BACC:0
CLSFE:0.9758064516129032
MCC:0.026500419823362747
GMEAN:0.3550639887599195
SAMPLES:248
AUC:{}
AVGP:{}
CLASS:1
ACC:0.9138461538461539
PREC:0.9873417721518988
REC:0.924516531503431
TNR:0.13636363636363635
FPR:0.012658227848101266
FPDR:0.012658227848101266
F1:0.9548969072164949
BACC:0
CLSFE:0.012658227848101266
MCC:0.026500419823362747
GMEAN:0.3550639887599195
SAMPLES:3002
AUC:{}
AVGP:{}
