

GENERAL_METRICS
ACC:0.924
PREC:0.4998454404945904
REC:0.4621320377250643
TNR:0.4621320377250643
FPR:0.5001545595054095
FPDR:0.5001545595054095
F1:0.4802494802494803
BACC:0.0
CLSFE:0.076
MCC:-0.004838534290498641
GMEAN:0.0
SAMPLES:3500.0
AUC:{'AUC macro OVO': 0.4998454404945904}
AVGP:{'avg_precision': 0.924264082139104}


METRICS_PER_CLASSES
CLASS:0
ACC:0.924
PREC:0.0
REC:0.0
TNR:0.9242640754501286
FPR:1.0
FPDR:1.0
F1:0.0
BACC:0
CLSFE:1.0
MCC:-0.004838534290498641
GMEAN:0
SAMPLES:265
AUC:{}
AVGP:{}
CLASS:1
ACC:0.924
PREC:0.9996908809891808
REC:0.9242640754501286
TNR:0.0
FPR:0.0003091190108191654
FPDR:0.0003091190108191654
F1:0.9604989604989606
BACC:0
CLSFE:0.0003091190108191654
MCC:-0.004838534290498641
GMEAN:0
SAMPLES:3235
AUC:{}
AVGP:{}
