

GENERAL_METRICS
ACC:0.9322857142857143
PREC:0.49984681372549017
REC:0.4662760788796799
TNR:0.4662760788796799
FPR:0.5001531862745098
FPDR:0.5001531862745098
F1:0.48247819015229926
BACC:0.0
CLSFE:0.06771428571428571
MCC:-0.004545785669511631
GMEAN:0.0
SAMPLES:3500.0
AUC:{'AUC macro OVO': 0.49984681372549017}
AVGP:{'avg_precision': 0.9325521636634077}


METRICS_PER_CLASSES
CLASS:0
ACC:0.9322857142857143
PREC:0.0
REC:0.0
TNR:0.9325521577593598
FPR:1.0
FPDR:1.0
F1:0.0
BACC:0
CLSFE:1.0
MCC:-0.004545785669511631
GMEAN:0
SAMPLES:236
AUC:{}
AVGP:{}
CLASS:1
ACC:0.9322857142857143
PREC:0.9996936274509803
REC:0.9325521577593598
TNR:0.0
FPR:0.00030637254901960784
FPDR:0.00030637254901960784
F1:0.9649563803045985
BACC:0
CLSFE:0.00030637254901960784
MCC:-0.004545785669511631
GMEAN:0
SAMPLES:3264
AUC:{}
AVGP:{}
