

GENERAL_METRICS
ACC:0.9277142857142857
PREC:0.4989244007375538
REC:0.4647867162897223
TNR:0.4647867162897223
FPR:0.5010755992624463
FPDR:0.5010755992624463
F1:0.48125092633763156
BACC:0.0
CLSFE:0.07228571428571429
MCC:-0.012308595693593024
GMEAN:0.0
SAMPLES:3500.0
AUC:{'AUC macro OVO': 0.4989244007375538}
AVGP:{'avg_precision': 0.9295737355825004}


METRICS_PER_CLASSES
CLASS:0
ACC:0.9277142857142857
PREC:0.0
REC:0.0
TNR:0.9295734325794446
FPR:1.0
FPDR:1.0
F1:0.0
BACC:0
CLSFE:1.0
MCC:-0.012308595693593024
GMEAN:0
SAMPLES:246
AUC:{}
AVGP:{}
CLASS:1
ACC:0.9277142857142857
PREC:0.9978488014751076
REC:0.9295734325794446
TNR:0.0
FPR:0.0021511985248924403
FPDR:0.0021511985248924403
F1:0.9625018526752631
BACC:0
CLSFE:0.0021511985248924403
MCC:-0.012308595693593024
GMEAN:0
SAMPLES:3254
AUC:{}
AVGP:{}
