

GENERAL_METRICS
ACC:0.924
PREC:0.4995366079703429
REC:0.4623963397197598
TNR:0.4623963397197598
FPR:0.5004633920296571
FPDR:0.5004633920296571
F1:0.4802494802494803
BACC:0.0
CLSFE:0.076
MCC:-0.00834870923192231
GMEAN:0.0
SAMPLES:3500.0
AUC:{'AUC macro OVO': 0.4995366079703429}
AVGP:{'avg_precision': 0.9247927391831874}


METRICS_PER_CLASSES
CLASS:0
ACC:0.924
PREC:0.0
REC:0.0
TNR:0.9247926794395196
FPR:1.0
FPDR:1.0
F1:0.0
BACC:0
CLSFE:1.0
MCC:-0.00834870923192231
GMEAN:0
SAMPLES:263
AUC:{}
AVGP:{}
CLASS:1
ACC:0.924
PREC:0.9990732159406858
REC:0.9247926794395196
TNR:0.0
FPR:0.0009267840593141798
FPDR:0.0009267840593141798
F1:0.9604989604989606
BACC:0
CLSFE:0.0009267840593141798
MCC:-0.00834870923192231
GMEAN:0
SAMPLES:3237
AUC:{}
AVGP:{}
