

GENERAL_METRICS
ACC:0.9221333333333334
PREC:0.6033887449416285
REC:0.6518477597185474
TNR:0.6518477597185474
FPR:0.39661125505837147
FPDR:0.39661125505837147
F1:0.6215702863209582
BACC:0.0
CLSFE:0.07786666666666667
MCC:0.25059408851366466
GMEAN:0.5807563468989454
SAMPLES:3750.0
AUC:{'AUC macro OVO': 0.6033887449416285}
AVGP:{'avg_precision': 0.9474718445551716}


METRICS_PER_CLASSES
CLASS:0
ACC:0.9221333333333334
PREC:0.23673469387755103
REC:0.3558282208588957
TNR:0.9478672985781991
FPR:0.763265306122449
FPDR:0.763265306122449
F1:0.28431372549019607
BACC:0
CLSFE:0.763265306122449
MCC:0.25059408851366466
GMEAN:0.5807563468989454
SAMPLES:245
AUC:{}
AVGP:{}
CLASS:1
ACC:0.9221333333333334
PREC:0.9700427960057061
REC:0.9478672985781991
TNR:0.3558282208588957
FPR:0.029957203994293864
FPDR:0.029957203994293864
F1:0.9588268471517203
BACC:0
CLSFE:0.029957203994293864
MCC:0.25059408851366466
GMEAN:0.5807563468989454
SAMPLES:3505
AUC:{}
AVGP:{}
