

GENERAL_METRICS
ACC:0.9258666666666666
PREC:0.6083603475409218
REC:0.6661135027375295
TNR:0.6661135027375295
FPR:0.3916396524590782
FPDR:0.3916396524590782
F1:0.6294234575484575
BACC:0.0
CLSFE:0.07413333333333333
MCC:0.2683290285293677
GMEAN:0.6030092137045237
SAMPLES:3750.0
AUC:{'AUC macro OVO': 0.6083603475409217}
AVGP:{'avg_precision': 0.9487406445102015}


METRICS_PER_CLASSES
CLASS:0
ACC:0.9258666666666666
PREC:0.24380165289256198
REC:0.38311688311688313
TNR:0.9491101223581757
FPR:0.756198347107438
FPDR:0.756198347107438
F1:0.29797979797979796
BACC:0
CLSFE:0.756198347107438
MCC:0.2683290285293677
GMEAN:0.6030092137045237
SAMPLES:242
AUC:{}
AVGP:{}
CLASS:1
ACC:0.9258666666666666
PREC:0.9729190421892816
REC:0.9491101223581757
TNR:0.38311688311688313
FPR:0.02708095781071836
FPDR:0.02708095781071836
F1:0.9608671171171171
BACC:0
CLSFE:0.02708095781071836
MCC:0.2683290285293677
GMEAN:0.6030092137045237
SAMPLES:3508
AUC:{}
AVGP:{}
