

GENERAL_METRICS
ACC:0.9221333333333334
PREC:0.6067665692216688
REC:0.6821772329656827
TNR:0.6821772329656827
FPR:0.39323343077833117
FPDR:0.39323343077833117
F1:0.6317594834543987
BACC:0.0
CLSFE:0.07786666666666667
MCC:0.2789296553186315
GMEAN:0.6302219606831658
SAMPLES:3750.0
AUC:{'AUC macro OVO': 0.6067665692216688}
AVGP:{'avg_precision': 0.942928592511614}


METRICS_PER_CLASSES
CLASS:0
ACC:0.9221333333333334
PREC:0.23880597014925373
REC:0.42105263157894735
TNR:0.943301834352418
FPR:0.7611940298507462
FPDR:0.7611940298507462
F1:0.3047619047619048
BACC:0
CLSFE:0.7611940298507462
MCC:0.2789296553186315
GMEAN:0.6302219606831658
SAMPLES:268
AUC:{}
AVGP:{}
CLASS:1
ACC:0.9221333333333334
PREC:0.9747271682940839
REC:0.943301834352418
TNR:0.42105263157894735
FPR:0.02527283170591614
FPDR:0.02527283170591614
F1:0.9587570621468926
BACC:0
CLSFE:0.02527283170591614
MCC:0.2789296553186315
GMEAN:0.6302219606831658
SAMPLES:3482
AUC:{}
AVGP:{}
