

GENERAL_METRICS
ACC:0.9253333333333333
PREC:0.6045781505529941
REC:0.6606976401903547
TNR:0.6606976401903547
FPR:0.3954218494470058
FPDR:0.3954218494470058
F1:0.6249683901928877
BACC:0.0
CLSFE:0.07466666666666667
MCC:0.2592717648286276
GMEAN:0.5945517170183762
SAMPLES:3750.0
AUC:{'AUC macro OVO': 0.6045781505529941}
AVGP:{'avg_precision': 0.9484875143966351}


METRICS_PER_CLASSES
CLASS:0
ACC:0.9253333333333333
PREC:0.23651452282157676
REC:0.37254901960784315
TNR:0.9488462607728663
FPR:0.7634854771784232
FPDR:0.7634854771784232
F1:0.2893401015228426
BACC:0
CLSFE:0.7634854771784232
MCC:0.2592717648286276
GMEAN:0.5945517170183762
SAMPLES:241
AUC:{}
AVGP:{}
CLASS:1
ACC:0.9253333333333333
PREC:0.9726417782844116
REC:0.9488462607728663
TNR:0.37254901960784315
FPR:0.027358221715588486
FPDR:0.027358221715588486
F1:0.9605966788629328
BACC:0
CLSFE:0.027358221715588486
MCC:0.2592717648286276
GMEAN:0.5945517170183762
SAMPLES:3509
AUC:{}
AVGP:{}
