

GENERAL_METRICS
ACC:0.9254285714285714
PREC:0.5529783099977484
REC:0.7086312372159358
TNR:0.7086312372159358
FPR:0.44702169000225156
FPDR:0.44702169000225156
F1:0.5739190908035088
BACC:0.0
CLSFE:0.07457142857142857
MCC:0.21026583517480568
GMEAN:0.6720424477844852
SAMPLES:3500.0
AUC:{'AUC macro OVO': 0.5529783099977484}
AVGP:{'avg_precision': 0.9333185266794213}


METRICS_PER_CLASSES
CLASS:0
ACC:0.9254285714285714
PREC:0.11583011583011583
REC:0.4838709677419355
TNR:0.933391506689936
FPR:0.8841698841698842
FPDR:0.8841698841698842
F1:0.18691588785046728
BACC:0
CLSFE:0.8841698841698842
MCC:0.21026583517480568
GMEAN:0.6720424477844852
SAMPLES:259
AUC:{}
AVGP:{}
CLASS:1
ACC:0.9254285714285714
PREC:0.9901265041653811
REC:0.933391506689936
TNR:0.4838709677419355
FPR:0.009873495834618945
FPDR:0.009873495834618945
F1:0.9609222937565504
BACC:0
CLSFE:0.009873495834618945
MCC:0.21026583517480568
GMEAN:0.6720424477844852
SAMPLES:3241
AUC:{}
AVGP:{}
