

GENERAL_METRICS
ACC:0.9217142857142857
PREC:0.555240451199067
REC:0.7078277115041821
TNR:0.7078277115041821
FPR:0.444759548800933
FPDR:0.444759548800933
F1:0.5764882529588412
BACC:0.0
CLSFE:0.07828571428571429
MCC:0.21429415815799124
GMEAN:0.6719366553316469
SAMPLES:3500.0
AUC:{'AUC macro OVO': 0.5552404511990671}
AVGP:{'avg_precision': 0.9302737447393582}


METRICS_PER_CLASSES
CLASS:0
ACC:0.9217142857142857
PREC:0.1213235294117647
REC:0.4852941176470588
TNR:0.9303613053613053
FPR:0.8786764705882353
FPDR:0.8786764705882353
F1:0.19411764705882353
BACC:0
CLSFE:0.8786764705882353
MCC:0.21429415815799124
GMEAN:0.6719366553316469
SAMPLES:272
AUC:{}
AVGP:{}
CLASS:1
ACC:0.9217142857142857
PREC:0.9891573729863693
REC:0.9303613053613053
TNR:0.4852941176470588
FPR:0.01084262701363073
FPDR:0.01084262701363073
F1:0.9588588588588589
BACC:0
CLSFE:0.01084262701363073
MCC:0.21429415815799124
GMEAN:0.6719366553316469
SAMPLES:3228
AUC:{}
AVGP:{}
