

GENERAL_METRICS
ACC:0.9288571428571428
PREC:0.5616633750274304
REC:0.7048104956268222
TNR:0.7048104956268222
FPR:0.4383366249725697
FPDR:0.4383366249725697
F1:0.5861381201695338
BACC:0.0
CLSFE:0.07114285714285715
MCC:0.22476037374404426
GMEAN:0.6650494058363248
SAMPLES:3500.0
AUC:{'AUC macro OVO': 0.5616633750274304}
AVGP:{'avg_precision': 0.9380992955444192}


METRICS_PER_CLASSES
CLASS:0
ACC:0.9288571428571428
PREC:0.1346938775510204
REC:0.4714285714285714
TNR:0.9381924198250728
FPR:0.8653061224489796
FPDR:0.8653061224489796
F1:0.20952380952380953
BACC:0
CLSFE:0.8653061224489796
MCC:0.22476037374404426
GMEAN:0.6650494058363248
SAMPLES:245
AUC:{}
AVGP:{}
CLASS:1
ACC:0.9288571428571428
PREC:0.9886328725038402
REC:0.9381924198250728
TNR:0.4714285714285714
FPR:0.011367127496159755
FPDR:0.011367127496159755
F1:0.9627524308152581
BACC:0
CLSFE:0.011367127496159755
MCC:0.22476037374404426
GMEAN:0.6650494058363248
SAMPLES:3255
AUC:{}
AVGP:{}
