

GENERAL_METRICS
ACC:0.9208571428571428
PREC:0.5415954415954416
REC:0.6523405402350323
TNR:0.6523405402350323
FPR:0.4584045584045584
FPDR:0.4584045584045584
F1:0.5556973169067367
BACC:0.0
CLSFE:0.07914285714285714
MCC:0.15920643258316297
GMEAN:0.5895693951381197
SAMPLES:3500.0
AUC:{'AUC macro OVO': 0.5415954415954416}
AVGP:{'avg_precision': 0.9314711460659612}


METRICS_PER_CLASSES
CLASS:0
ACC:0.9208571428571428
PREC:0.09615384615384616
REC:0.373134328358209
TNR:0.9315467521118556
FPR:0.9038461538461539
FPDR:0.9038461538461539
F1:0.1529051987767584
BACC:0
CLSFE:0.9038461538461539
MCC:0.15920643258316297
GMEAN:0.5895693951381197
SAMPLES:260
AUC:{}
AVGP:{}
CLASS:1
ACC:0.9208571428571428
PREC:0.987037037037037
REC:0.9315467521118556
TNR:0.373134328358209
FPR:0.012962962962962963
FPDR:0.012962962962962963
F1:0.9584894350367151
BACC:0
CLSFE:0.012962962962962963
MCC:0.15920643258316297
GMEAN:0.5895693951381197
SAMPLES:3240
AUC:{}
AVGP:{}
