

GENERAL_METRICS
ACC:0.864
PREC:0.6257896168005355
REC:0.7284425451092118
TNR:0.7284425451092118
FPR:0.37421038319946454
FPDR:0.37421038319946454
F1:0.6534953294664577
BACC:0.0
CLSFE:0.136
MCC:0.3390321531077947
GMEAN:0.7108306070695173
SAMPLES:1750.0
AUC:{'AUC macro OVO': 0.6257896168005355}
AVGP:{'avg_precision': 0.8863821376039136}


METRICS_PER_CLASSES
CLASS:0
ACC:0.864
PREC:0.2890625
REC:0.5692307692307692
TNR:0.8876543209876543
FPR:0.7109375
FPDR:0.7109375
F1:0.38341968911917096
BACC:0
CLSFE:0.7109375
MCC:0.3390321531077947
GMEAN:0.7108306070695173
SAMPLES:256
AUC:{}
AVGP:{}
CLASS:1
ACC:0.864
PREC:0.9625167336010709
REC:0.8876543209876543
TNR:0.5692307692307692
FPR:0.03748326639892905
FPDR:0.03748326639892905
F1:0.9235709698137444
BACC:0
CLSFE:0.03748326639892905
MCC:0.3390321531077947
GMEAN:0.7108306070695173
SAMPLES:1494
AUC:{}
AVGP:{}
