

GENERAL_METRICS
ACC:0.8594285714285714
PREC:0.6192107600558305
REC:0.7170574617259735
TNR:0.7170574617259735
FPR:0.3807892399441695
FPDR:0.3807892399441695
F1:0.6450655453870888
BACC:0.0
CLSFE:0.14057142857142857
MCC:0.3217177955173921
GMEAN:0.6972342055862372
SAMPLES:1750.0
AUC:{'AUC macro OVO': 0.6192107600558305}
AVGP:{'avg_precision': 0.883210687638286}


METRICS_PER_CLASSES
CLASS:0
ACC:0.8594285714285714
PREC:0.277992277992278
REC:0.549618320610687
TNR:0.8844966028412601
FPR:0.722007722007722
FPDR:0.722007722007722
F1:0.36923076923076925
BACC:0
CLSFE:0.722007722007722
MCC:0.3217177955173921
GMEAN:0.6972342055862372
SAMPLES:259
AUC:{}
AVGP:{}
CLASS:1
ACC:0.8594285714285714
PREC:0.960429242119383
REC:0.8844966028412601
TNR:0.549618320610687
FPR:0.039570757880617036
FPDR:0.039570757880617036
F1:0.9209003215434084
BACC:0
CLSFE:0.039570757880617036
MCC:0.3217177955173921
GMEAN:0.6972342055862372
SAMPLES:1491
AUC:{}
AVGP:{}
