

GENERAL_METRICS
ACC:0.8748571428571429
PREC:0.6578755059452589
REC:0.7722049689440994
TNR:0.7722049689440994
FPR:0.3421244940547411
FPDR:0.3421244940547411
F1:0.6915986896263697
BACC:0.0
CLSFE:0.12514285714285714
MCC:0.41460582336895924
GMEAN:0.7624739075059088
SAMPLES:1750.0
AUC:{'AUC macro OVO': 0.6578755059452589}
AVGP:{'avg_precision': 0.892976702860313}


METRICS_PER_CLASSES
CLASS:0
ACC:0.8748571428571429
PREC:0.3486590038314176
REC:0.65
TNR:0.8944099378881988
FPR:0.6513409961685823
FPDR:0.6513409961685823
F1:0.4538653366583541
BACC:0
CLSFE:0.6513409961685823
MCC:0.41460582336895924
GMEAN:0.7624739075059088
SAMPLES:261
AUC:{}
AVGP:{}
CLASS:1
ACC:0.8748571428571429
PREC:0.9670920080591001
REC:0.8944099378881988
TNR:0.65
FPR:0.03290799194089993
FPDR:0.03290799194089993
F1:0.9293320425943853
BACC:0
CLSFE:0.03290799194089993
MCC:0.41460582336895924
GMEAN:0.7624739075059088
SAMPLES:1489
AUC:{}
AVGP:{}
