

GENERAL_METRICS
ACC:0.8685714285714285
PREC:0.639503154800222
REC:0.7455108359133127
TNR:0.7455108359133127
FPR:0.360496845199778
FPDR:0.360496845199778
F1:0.6696313660599374
BACC:0.0
CLSFE:0.13142857142857142
MCC:0.37013260406263465
GMEAN:0.7311723484213385
SAMPLES:1750.0
AUC:{'AUC macro OVO': 0.639503154800222}
AVGP:{'avg_precision': 0.8896516410209164}


METRICS_PER_CLASSES
CLASS:0
ACC:0.8685714285714285
PREC:0.3151750972762646
REC:0.6
TNR:0.8910216718266254
FPR:0.6848249027237354
FPDR:0.6848249027237354
F1:0.413265306122449
BACC:0
CLSFE:0.6848249027237354
MCC:0.37013260406263465
GMEAN:0.7311723484213385
SAMPLES:257
AUC:{}
AVGP:{}
CLASS:1
ACC:0.8685714285714285
PREC:0.9638312123241795
REC:0.8910216718266254
TNR:0.6
FPR:0.0361687876758205
FPDR:0.0361687876758205
F1:0.925997425997426
BACC:0
CLSFE:0.0361687876758205
MCC:0.37013260406263465
GMEAN:0.7311723484213385
SAMPLES:1493
AUC:{}
AVGP:{}
