

GENERAL_METRICS
ACC:0.8634285714285714
PREC:0.6785734213161596
REC:0.6895889454255213
TNR:0.6895889454255213
FPR:0.32142657868384034
FPDR:0.32142657868384034
F1:0.6838000542813056
BACC:0.0
CLSFE:0.13657142857142857
MCC:0.36799753601543594
GMEAN:0.6507886680420615
SAMPLES:1750.0
AUC:{'AUC macro OVO': 0.6785734213161596}
AVGP:{'avg_precision': 0.9143338523099556}


METRICS_PER_CLASSES
CLASS:0
ACC:0.8634285714285714
PREC:0.4304932735426009
REC:0.46153846153846156
TNR:0.917639429312581
FPR:0.5695067264573991
FPDR:0.5695067264573991
F1:0.44547563805104406
BACC:0
CLSFE:0.5695067264573991
MCC:0.36799753601543594
GMEAN:0.6507886680420615
SAMPLES:223
AUC:{}
AVGP:{}
CLASS:1
ACC:0.8634285714285714
PREC:0.9266535690897184
REC:0.917639429312581
TNR:0.46153846153846156
FPR:0.0733464309102816
FPDR:0.0733464309102816
F1:0.9221244705115673
BACC:0
CLSFE:0.0733464309102816
MCC:0.36799753601543594
GMEAN:0.6507886680420615
SAMPLES:1527
AUC:{}
AVGP:{}
