

GENERAL_METRICS
ACC:0.852
PREC:0.6664489853240643
REC:0.6774378997293219
TNR:0.6774378997293219
FPR:0.3335510146759357
FPDR:0.3335510146759357
F1:0.6716272148409285
BACC:0.0
CLSFE:0.148
MCC:0.34371126468580393
GMEAN:0.6362966321433264
SAMPLES:1750.0
AUC:{'AUC macro OVO': 0.6664489853240644}
AVGP:{'avg_precision': 0.9063909161524135}


METRICS_PER_CLASSES
CLASS:0
ACC:0.852
PREC:0.4127659574468085
REC:0.44495412844036697
TNR:0.9099216710182768
FPR:0.5872340425531914
FPDR:0.5872340425531914
F1:0.4282560706401766
BACC:0
CLSFE:0.5872340425531914
MCC:0.34371126468580393
GMEAN:0.6362966321433264
SAMPLES:235
AUC:{}
AVGP:{}
CLASS:1
ACC:0.852
PREC:0.9201320132013201
REC:0.9099216710182768
TNR:0.44495412844036697
FPR:0.07986798679867987
FPDR:0.07986798679867987
F1:0.9149983590416804
BACC:0
CLSFE:0.07986798679867987
MCC:0.34371126468580393
GMEAN:0.6362966321433264
SAMPLES:1515
AUC:{}
AVGP:{}
