

GENERAL_METRICS
ACC:0.8485714285714285
PREC:0.6834444716342428
REC:0.7006966347910235
TNR:0.7006966347910235
FPR:0.3165555283657571
FPDR:0.3165555283657571
F1:0.6913475483178358
BACC:0.0
CLSFE:0.15142857142857144
MCC:0.3837535048856748
GMEAN:0.670705123503247
SAMPLES:1750.0
AUC:{'AUC macro OVO': 0.6834444716342428}
AVGP:{'avg_precision': 0.8991497750763014}


METRICS_PER_CLASSES
CLASS:0
ACC:0.8485714285714285
PREC:0.44696969696969696
REC:0.4978902953586498
TNR:0.9035029742233972
FPR:0.553030303030303
FPDR:0.553030303030303
F1:0.47105788423153694
BACC:0
CLSFE:0.553030303030303
MCC:0.3837535048856748
GMEAN:0.670705123503247
SAMPLES:264
AUC:{}
AVGP:{}
CLASS:1
ACC:0.8485714285714285
PREC:0.9199192462987887
REC:0.9035029742233972
TNR:0.4978902953586498
FPR:0.0800807537012113
FPDR:0.0800807537012113
F1:0.9116372124041348
BACC:0
CLSFE:0.0800807537012113
MCC:0.3837535048856748
GMEAN:0.670705123503247
SAMPLES:1486
AUC:{}
AVGP:{}
