

GENERAL_METRICS
ACC:0.8582857142857143
PREC:0.690996130893829
REC:0.7122040072859745
TNR:0.7122040072859745
FPR:0.3090038691061709
FPDR:0.3090038691061709
F1:0.70060706401766
BACC:0.0
CLSFE:0.1417142857142857
MCC:0.40264199657654715
GMEAN:0.6845173003118544
SAMPLES:1750.0
AUC:{'AUC macro OVO': 0.690996130893829}
AVGP:{'avg_precision': 0.9048740140828523}


METRICS_PER_CLASSES
CLASS:0
ACC:0.8582857142857143
PREC:0.4549019607843137
REC:0.5155555555555555
TNR:0.9088524590163934
FPR:0.5450980392156862
FPDR:0.5450980392156862
F1:0.48333333333333334
BACC:0
CLSFE:0.5450980392156862
MCC:0.40264199657654715
GMEAN:0.6845173003118544
SAMPLES:255
AUC:{}
AVGP:{}
CLASS:1
ACC:0.8582857142857143
PREC:0.9270903010033444
REC:0.9088524590163934
TNR:0.5155555555555555
FPR:0.07290969899665552
FPDR:0.07290969899665552
F1:0.9178807947019868
BACC:0
CLSFE:0.07290969899665552
MCC:0.40264199657654715
GMEAN:0.6845173003118544
SAMPLES:1495
AUC:{}
AVGP:{}
