

GENERAL_METRICS
ACC:0.8382857142857143
PREC:0.5316723894113293
REC:0.6463599710066141
TNR:0.6463599710066141
FPR:0.46832761058867073
FPDR:0.46832761058867073
F1:0.5252856673175118
BACC:0.0
CLSFE:0.16171428571428573
MCC:0.13617004069842015
GMEAN:0.6133056983898394
SAMPLES:1750.0
AUC:{'AUC macro OVO': 0.5316723894113293}
AVGP:{'avg_precision': 0.8502410066941671}


METRICS_PER_CLASSES
CLASS:0
ACC:0.8382857142857143
PREC:0.08303249097472924
REC:0.4423076923076923
TNR:0.850412249705536
FPR:0.9169675090252708
FPDR:0.9169675090252708
F1:0.1398176291793313
BACC:0
CLSFE:0.9169675090252708
MCC:0.13617004069842015
GMEAN:0.6133056983898394
SAMPLES:277
AUC:{}
AVGP:{}
CLASS:1
ACC:0.8382857142857143
PREC:0.9803122878479293
REC:0.850412249705536
TNR:0.4423076923076923
FPR:0.019687712152070606
FPDR:0.019687712152070606
F1:0.9107537054556922
BACC:0
CLSFE:0.019687712152070606
MCC:0.13617004069842015
GMEAN:0.6133056983898394
SAMPLES:1473
AUC:{}
AVGP:{}
