

GENERAL_METRICS
ACC:0.8502857142857143
PREC:0.5336497389653536
REC:0.6167424092735296
TNR:0.6167424092735296
FPR:0.4663502610346464
FPDR:0.4663502610346464
F1:0.5336352244246981
BACC:0.0
CLSFE:0.14971428571428572
MCC:0.12535312677776722
GMEAN:0.5630603090108944
SAMPLES:1750.0
AUC:{'AUC macro OVO': 0.5336497389653536}
AVGP:{'avg_precision': 0.8681820527110777}


METRICS_PER_CLASSES
CLASS:0
ACC:0.8502857142857143
PREC:0.09387755102040816
REC:0.36507936507936506
TNR:0.8684054534676942
FPR:0.9061224489795918
FPDR:0.9061224489795918
F1:0.14935064935064934
BACC:0
CLSFE:0.9061224489795918
MCC:0.12535312677776722
GMEAN:0.5630603090108944
SAMPLES:245
AUC:{}
AVGP:{}
CLASS:1
ACC:0.8502857142857143
PREC:0.973421926910299
REC:0.8684054534676942
TNR:0.36507936507936506
FPR:0.026578073089700997
FPDR:0.026578073089700997
F1:0.9179197994987469
BACC:0
CLSFE:0.026578073089700997
MCC:0.12535312677776722
GMEAN:0.5630603090108944
SAMPLES:1505
AUC:{}
AVGP:{}
