

GENERAL_METRICS
ACC:0.82
PREC:0.5140098972066185
REC:0.5551933083053415
TNR:0.5551933083053415
FPR:0.48599010279338145
FPDR:0.48599010279338145
F1:0.49872646969761725
BACC:0.0
CLSFE:0.18
MCC:0.05561483887780449
GMEAN:0.4762497493242689
SAMPLES:1750.0
AUC:{'AUC macro OVO': 0.5140098972066186}
AVGP:{'avg_precision': 0.8404204832194765}


METRICS_PER_CLASSES
CLASS:0
ACC:0.82
PREC:0.05944055944055944
REC:0.2698412698412698
TNR:0.8405453467694132
FPR:0.9405594405594405
FPDR:0.9405594405594405
F1:0.09742120343839542
BACC:0
CLSFE:0.9405594405594405
MCC:0.05561483887780449
GMEAN:0.4762497493242689
SAMPLES:286
AUC:{}
AVGP:{}
CLASS:1
ACC:0.82
PREC:0.9685792349726776
REC:0.8405453467694132
TNR:0.2698412698412698
FPR:0.031420765027322405
FPDR:0.031420765027322405
F1:0.900031735956839
BACC:0
CLSFE:0.031420765027322405
MCC:0.05561483887780449
GMEAN:0.4762497493242689
SAMPLES:1464
AUC:{}
AVGP:{}
