

GENERAL_METRICS
ACC:0.8434285714285714
PREC:0.5258316369233856
REC:0.5949587009482767
TNR:0.5949587009482767
FPR:0.47416836307661436
FPDR:0.47416836307661436
F1:0.5206936397695331
BACC:0.0
CLSFE:0.15657142857142858
MCC:0.09905430198860096
GMEAN:0.5316379112403902
SAMPLES:1750.0
AUC:{'AUC macro OVO': 0.5258316369233856}
AVGP:{'avg_precision': 0.8618672407545929}


METRICS_PER_CLASSES
CLASS:0
ACC:0.8434285714285714
PREC:0.07905138339920949
REC:0.32786885245901637
TNR:0.8620485494375371
FPR:0.9209486166007905
FPDR:0.9209486166007905
F1:0.12738853503184713
BACC:0
CLSFE:0.9209486166007905
MCC:0.09905430198860096
GMEAN:0.5316379112403902
SAMPLES:253
AUC:{}
AVGP:{}
CLASS:1
ACC:0.8434285714285714
PREC:0.9726118904475618
REC:0.8620485494375371
TNR:0.32786885245901637
FPR:0.02738810955243821
FPDR:0.02738810955243821
F1:0.9139987445072191
BACC:0
CLSFE:0.02738810955243821
MCC:0.09905430198860096
GMEAN:0.5316379112403902
SAMPLES:1497
AUC:{}
AVGP:{}
