

GENERAL_METRICS
ACC:0.7613333333333333
PREC:0.7423179233168227
REC:0.7434399981569793
TNR:0.7434399981569793
FPR:0.25768207668317744
FPDR:0.25768207668317744
F1:0.7428648589635298
BACC:0.0
CLSFE:0.23866666666666667
MCC:0.48575662550561405
GMEAN:0.7405237700680725
SAMPLES:750.0
AUC:{'AUC macro OVO': 0.7423179233168227}
AVGP:{'avg_precision': 0.7763219135065326}


METRICS_PER_CLASSES
CLASS:0
ACC:0.7613333333333333
PREC:0.6702898550724637
REC:0.6776556776556777
TNR:0.8092243186582809
FPR:0.32971014492753625
FPDR:0.32971014492753625
F1:0.6739526411657559
BACC:0
CLSFE:0.32971014492753625
MCC:0.48575662550561405
GMEAN:0.7405237700680725
SAMPLES:276
AUC:{}
AVGP:{}
CLASS:1
ACC:0.7613333333333333
PREC:0.8143459915611815
REC:0.8092243186582809
TNR:0.6776556776556777
FPR:0.18565400843881857
FPDR:0.18565400843881857
F1:0.8117770767613038
BACC:0
CLSFE:0.18565400843881857
MCC:0.48575662550561405
GMEAN:0.7405237700680725
SAMPLES:474
AUC:{}
AVGP:{}
