

GENERAL_METRICS
ACC:0.744
PREC:0.7132349969690848
REC:0.7098162095100246
TNR:0.7098162095100246
FPR:0.28676500303091534
FPDR:0.28676500303091534
F1:0.7114205324291176
BACC:0.0
CLSFE:0.256
MCC:0.4230373921957014
GMEAN:0.7019962174893951
SAMPLES:750.0
AUC:{'AUC macro OVO': 0.7132349969690847}
AVGP:{'avg_precision': 0.7868584443957475}


METRICS_PER_CLASSES
CLASS:0
ACC:0.744
PREC:0.6244897959183674
REC:0.6047430830039525
TNR:0.8148893360160966
FPR:0.37551020408163266
FPDR:0.37551020408163266
F1:0.6144578313253012
BACC:0
CLSFE:0.37551020408163266
MCC:0.4230373921957014
GMEAN:0.7019962174893951
SAMPLES:245
AUC:{}
AVGP:{}
CLASS:1
ACC:0.744
PREC:0.801980198019802
REC:0.8148893360160966
TNR:0.6047430830039525
FPR:0.19801980198019803
FPDR:0.19801980198019803
F1:0.8083832335329342
BACC:0
CLSFE:0.19801980198019803
MCC:0.4230373921957014
GMEAN:0.7019962174893951
SAMPLES:505
AUC:{}
AVGP:{}
