

GENERAL_METRICS
ACC:0.7653333333333333
PREC:0.7385260177666791
REC:0.7376114081996434
TNR:0.7376114081996434
FPR:0.26147398223332086
FPDR:0.26147398223332086
F1:0.7380619761239522
BACC:0.0
CLSFE:0.23466666666666666
MCC:0.47613654753145684
GMEAN:0.732506420835788
SAMPLES:750.0
AUC:{'AUC macro OVO': 0.738526017766679}
AVGP:{'avg_precision': 0.7953083348576305}


METRICS_PER_CLASSES
CLASS:0
ACC:0.7653333333333333
PREC:0.6561264822134387
REC:0.6509803921568628
TNR:0.8242424242424242
FPR:0.3438735177865613
FPDR:0.3438735177865613
F1:0.6535433070866141
BACC:0
CLSFE:0.3438735177865613
MCC:0.47613654753145684
GMEAN:0.732506420835788
SAMPLES:253
AUC:{}
AVGP:{}
CLASS:1
ACC:0.7653333333333333
PREC:0.8209255533199196
REC:0.8242424242424242
TNR:0.6509803921568628
FPR:0.1790744466800805
FPDR:0.1790744466800805
F1:0.8225806451612904
BACC:0
CLSFE:0.1790744466800805
MCC:0.47613654753145684
GMEAN:0.732506420835788
SAMPLES:497
AUC:{}
AVGP:{}
