

GENERAL_METRICS
ACC:0.76
PREC:0.7354721212651403
REC:0.7319888113203112
TNR:0.7319888113203112
FPR:0.2645278787348597
FPDR:0.2645278787348597
F1:0.7336248332688771
BACC:0.0
CLSFE:0.24
MCC:0.46744795437084574
GMEAN:0.7261662751726663
SAMPLES:750.0
AUC:{'AUC macro OVO': 0.7354721212651402}
AVGP:{'avg_precision': 0.7935923763439532}


METRICS_PER_CLASSES
CLASS:0
ACC:0.76
PREC:0.6600790513833992
REC:0.6398467432950191
TNR:0.8241308793456033
FPR:0.33992094861660077
FPDR:0.33992094861660077
F1:0.6498054474708171
BACC:0
CLSFE:0.33992094861660077
MCC:0.46744795437084574
GMEAN:0.7261662751726663
SAMPLES:253
AUC:{}
AVGP:{}
CLASS:1
ACC:0.76
PREC:0.8108651911468813
REC:0.8241308793456033
TNR:0.6398467432950191
FPR:0.1891348088531187
FPDR:0.1891348088531187
F1:0.8174442190669371
BACC:0
CLSFE:0.1891348088531187
MCC:0.46744795437084574
GMEAN:0.7261662751726663
SAMPLES:497
AUC:{}
AVGP:{}
