

GENERAL_METRICS
ACC:0.9048888888888889
PREC:0.6981268987207447
REC:0.7617473410433951
TNR:0.7617473410433951
FPR:0.3018731012792552
FPDR:0.3018731012792552
F1:0.7237229862475443
BACC:0.0
CLSFE:0.0951111111111111
MCC:0.45545225404790346
GMEAN:0.742400866149884
SAMPLES:2250.0
AUC:{'AUC macro OVO': 0.6981268987207447}
AVGP:{'avg_precision': 0.9307786419827859}


METRICS_PER_CLASSES
CLASS:0
ACC:0.9048888888888889
PREC:0.4331983805668016
REC:0.5911602209944752
TNR:0.9323344610923151
FPR:0.5668016194331984
FPDR:0.5668016194331984
F1:0.5
BACC:0
CLSFE:0.5668016194331984
MCC:0.45545225404790346
GMEAN:0.742400866149884
SAMPLES:247
AUC:{}
AVGP:{}
CLASS:1
ACC:0.9048888888888889
PREC:0.963055416874688
REC:0.9323344610923151
TNR:0.5911602209944752
FPR:0.036944583125312035
FPDR:0.036944583125312035
F1:0.9474459724950884
BACC:0
CLSFE:0.036944583125312035
MCC:0.45545225404790346
GMEAN:0.742400866149884
SAMPLES:2003
AUC:{}
AVGP:{}
