

GENERAL_METRICS
ACC:0.8955555555555555
PREC:0.6663112636743469
REC:0.7495692944522813
TNR:0.7495692944522813
FPR:0.33368873632565316
FPDR:0.33368873632565316
F1:0.6959758413635002
BACC:0.0
CLSFE:0.10444444444444445
MCC:0.407461334286698
GMEAN:0.7297434449557679
SAMPLES:2250.0
AUC:{'AUC macro OVO': 0.6663112636743469}
AVGP:{'avg_precision': 0.9195293210546682}


METRICS_PER_CLASSES
CLASS:0
ACC:0.8955555555555555
PREC:0.367816091954023
REC:0.5783132530120482
TNR:0.9208253358925144
FPR:0.632183908045977
FPDR:0.632183908045977
F1:0.4496487119437939
BACC:0
CLSFE:0.632183908045977
MCC:0.407461334286698
GMEAN:0.7297434449557679
SAMPLES:261
AUC:{}
AVGP:{}
CLASS:1
ACC:0.8955555555555555
PREC:0.9648064353946707
REC:0.9208253358925144
TNR:0.5783132530120482
FPR:0.03519356460532931
FPDR:0.03519356460532931
F1:0.9423029707832065
BACC:0
CLSFE:0.03519356460532931
MCC:0.407461334286698
GMEAN:0.7297434449557679
SAMPLES:1989
AUC:{}
AVGP:{}
