

GENERAL_METRICS
ACC:0.8951111111111111
PREC:0.6517322609193608
REC:0.7022032467682631
TNR:0.7022032467682631
FPR:0.3482677390806393
FPDR:0.3482677390806393
F1:0.6717691826496324
BACC:0.0
CLSFE:0.10488888888888889
MCC:0.35031845967567266
GMEAN:0.6647389534155896
SAMPLES:2250.0
AUC:{'AUC macro OVO': 0.6517322609193608}
AVGP:{'avg_precision': 0.9272191251321832}


METRICS_PER_CLASSES
CLASS:0
ACC:0.8951111111111111
PREC:0.34649122807017546
REC:0.4759036144578313
TNR:0.9285028790786948
FPR:0.6535087719298246
FPDR:0.6535087719298246
F1:0.4010152284263959
BACC:0
CLSFE:0.6535087719298246
MCC:0.35031845967567266
GMEAN:0.6647389534155896
SAMPLES:228
AUC:{}
AVGP:{}
CLASS:1
ACC:0.8951111111111111
PREC:0.956973293768546
REC:0.9285028790786948
TNR:0.4759036144578313
FPR:0.04302670623145401
FPDR:0.04302670623145401
F1:0.9425231368728689
BACC:0
CLSFE:0.04302670623145401
MCC:0.35031845967567266
GMEAN:0.6647389534155896
SAMPLES:2022
AUC:{}
AVGP:{}
