

GENERAL_METRICS
ACC:0.8964444444444445
PREC:0.6657903397693079
REC:0.7459995639851755
TNR:0.7459995639851755
FPR:0.3342096602306921
FPDR:0.3342096602306921
F1:0.6947169879441598
BACC:0.0
CLSFE:0.10355555555555555
MCC:0.40390271747639356
GMEAN:0.724867398020714
SAMPLES:2250.0
AUC:{'AUC macro OVO': 0.6657903397693079}
AVGP:{'avg_precision': 0.9210174664681494}


METRICS_PER_CLASSES
CLASS:0
ACC:0.8964444444444445
PREC:0.3671875
REC:0.5696969696969697
TNR:0.9223021582733812
FPR:0.6328125
FPDR:0.6328125
F1:0.44655581947743467
BACC:0
CLSFE:0.6328125
MCC:0.40390271747639356
GMEAN:0.724867398020714
SAMPLES:256
AUC:{}
AVGP:{}
CLASS:1
ACC:0.8964444444444445
PREC:0.9643931795386158
REC:0.9223021582733812
TNR:0.5696969696969697
FPR:0.03560682046138415
FPDR:0.03560682046138415
F1:0.942878156410885
BACC:0
CLSFE:0.03560682046138415
MCC:0.40390271747639356
GMEAN:0.724867398020714
SAMPLES:1994
AUC:{}
AVGP:{}
