

GENERAL_METRICS
ACC:0.842
PREC:0.77534793324267
REC:0.7993022162563223
TNR:0.7993022162563223
FPR:0.2246520667573299
FPDR:0.2246520667573299
F1:0.7858660768496835
BACC:0.0
CLSFE:0.158
MCC:0.5741506654568259
GMEAN:0.7954106035927719
SAMPLES:1000.0
AUC:{'AUC macro OVO': 0.7753479332426702}
AVGP:{'avg_precision': 0.8662408110468729}


METRICS_PER_CLASSES
CLASS:0
ACC:0.842
PREC:0.637065637065637
REC:0.7205240174672489
TNR:0.8780804150453956
FPR:0.36293436293436293
FPDR:0.36293436293436293
F1:0.6762295081967213
BACC:0
CLSFE:0.36293436293436293
MCC:0.5741506654568259
GMEAN:0.7954106035927719
SAMPLES:259
AUC:{}
AVGP:{}
CLASS:1
ACC:0.842
PREC:0.9136302294197031
REC:0.8780804150453956
TNR:0.7205240174672489
FPR:0.08636977058029689
FPDR:0.08636977058029689
F1:0.8955026455026455
BACC:0
CLSFE:0.08636977058029689
MCC:0.5741506654568259
GMEAN:0.7954106035927719
SAMPLES:741
AUC:{}
AVGP:{}
