

GENERAL_METRICS
ACC:0.817
PREC:0.7448197488262521
REC:0.7469873468567986
TNR:0.7469873468567986
FPR:0.2551802511737479
FPDR:0.2551802511737479
F1:0.7458894494132546
BACC:0.0
CLSFE:0.183
MCC:0.491802318907684
GMEAN:0.7353032146218453
SAMPLES:1000.0
AUC:{'AUC macro OVO': 0.7448197488262522}
AVGP:{'avg_precision': 0.8649555998891281}


METRICS_PER_CLASSES
CLASS:0
ACC:0.817
PREC:0.6075949367088608
REC:0.6153846153846154
TNR:0.8785900783289817
FPR:0.3924050632911392
FPDR:0.3924050632911392
F1:0.6114649681528662
BACC:0
CLSFE:0.3924050632911392
MCC:0.491802318907684
GMEAN:0.7353032146218453
SAMPLES:237
AUC:{}
AVGP:{}
CLASS:1
ACC:0.817
PREC:0.8820445609436435
REC:0.8785900783289817
TNR:0.6153846153846154
FPR:0.11795543905635648
FPDR:0.11795543905635648
F1:0.8803139306736429
BACC:0
CLSFE:0.11795543905635648
MCC:0.491802318907684
GMEAN:0.7353032146218453
SAMPLES:763
AUC:{}
AVGP:{}
