

GENERAL_METRICS
ACC:0.821
PREC:0.7619365928189458
REC:0.7626290565375348
TNR:0.7626290565375348
FPR:0.23806340718105423
FPDR:0.23806340718105423
F1:0.7622813552884431
BACC:0.0
CLSFE:0.179
MCC:0.5245651923057653
GMEAN:0.7535679947321908
SAMPLES:1000.0
AUC:{'AUC macro OVO': 0.7619365928189457}
AVGP:{'avg_precision': 0.8641529668791901}


METRICS_PER_CLASSES
CLASS:0
ACC:0.821
PREC:0.6428571428571429
REC:0.6454183266932271
TNR:0.8798397863818425
FPR:0.35714285714285715
FPDR:0.35714285714285715
F1:0.6441351888667992
BACC:0
CLSFE:0.35714285714285715
MCC:0.5245651923057653
GMEAN:0.7535679947321908
SAMPLES:252
AUC:{}
AVGP:{}
CLASS:1
ACC:0.821
PREC:0.8810160427807486
REC:0.8798397863818425
TNR:0.6454183266932271
FPR:0.11898395721925134
FPDR:0.11898395721925134
F1:0.8804275217100869
BACC:0
CLSFE:0.11898395721925134
MCC:0.5245651923057653
GMEAN:0.7535679947321908
SAMPLES:748
AUC:{}
AVGP:{}
