

GENERAL_METRICS
ACC:0.818
PREC:0.7591738194615372
REC:0.7618616759528232
TNR:0.7618616759528232
FPR:0.24082618053846275
FPDR:0.24082618053846275
F1:0.7604948019476248
BACC:0.0
CLSFE:0.182
MCC:0.521028562469631
GMEAN:0.7533386278497537
SAMPLES:1000.0
AUC:{'AUC macro OVO': 0.7591738194615372}
AVGP:{'avg_precision': 0.8596303004751171}


METRICS_PER_CLASSES
CLASS:0
ACC:0.818
PREC:0.6381322957198443
REC:0.6482213438735178
TNR:0.8755020080321285
FPR:0.36186770428015563
FPDR:0.36186770428015563
F1:0.6431372549019608
BACC:0
CLSFE:0.36186770428015563
MCC:0.521028562469631
GMEAN:0.7533386278497537
SAMPLES:257
AUC:{}
AVGP:{}
CLASS:1
ACC:0.818
PREC:0.8802153432032301
REC:0.8755020080321285
TNR:0.6482213438735178
FPR:0.11978465679676985
FPDR:0.11978465679676985
F1:0.8778523489932886
BACC:0
CLSFE:0.11978465679676985
MCC:0.521028562469631
GMEAN:0.7533386278497537
SAMPLES:743
AUC:{}
AVGP:{}
