

GENERAL_METRICS
ACC:0.9091428571428571
PREC:0.6201969591624269
REC:0.6425091484823768
TNR:0.6425091484823768
FPR:0.3798030408375731
FPDR:0.3798030408375731
F1:0.6300358994814519
BACC:0.0
CLSFE:0.09085714285714286
MCC:0.26175688186107726
GMEAN:0.5666854939815181
SAMPLES:3500.0
AUC:{'AUC macro OVO': 0.6201969591624269}
AVGP:{'avg_precision': 0.9445824747542704}


METRICS_PER_CLASSES
CLASS:0
ACC:0.9091428571428571
PREC:0.28286852589641437
REC:0.3397129186602871
TNR:0.9453053783044667
FPR:0.7171314741035857
FPDR:0.7171314741035857
F1:0.30869565217391304
BACC:0
CLSFE:0.7171314741035857
MCC:0.26175688186107726
GMEAN:0.5666854939815181
SAMPLES:251
AUC:{}
AVGP:{}
CLASS:1
ACC:0.9091428571428571
PREC:0.9575253924284395
REC:0.9453053783044667
TNR:0.3397129186602871
FPR:0.04247460757156048
FPDR:0.04247460757156048
F1:0.9513761467889909
BACC:0
CLSFE:0.04247460757156048
MCC:0.26175688186107726
GMEAN:0.5666854939815181
SAMPLES:3249
AUC:{}
AVGP:{}
