

GENERAL_METRICS
ACC:0.716
PREC:0.7140454028420833
REC:0.7171062253205285
TNR:0.7171062253205285
FPR:0.28595459715791666
FPDR:0.28595459715791666
F1:0.7141706924315621
BACC:0.0
CLSFE:0.284
MCC:0.4311407633627636
GMEAN:0.7170507311792368
SAMPLES:500.0
AUC:{'AUC macro OVO': 0.7140454028420833}
AVGP:{'avg_precision': 0.6429973284829194}


METRICS_PER_CLASSES
CLASS:0
ACC:0.716
PREC:0.7683397683397684
REC:0.708185053380783
TNR:0.726027397260274
FPR:0.23166023166023167
FPDR:0.23166023166023167
F1:0.737037037037037
BACC:0
CLSFE:0.23166023166023167
MCC:0.4311407633627636
GMEAN:0.7170507311792368
SAMPLES:259
AUC:{}
AVGP:{}
CLASS:1
ACC:0.716
PREC:0.6597510373443983
REC:0.726027397260274
TNR:0.708185053380783
FPR:0.34024896265560167
FPDR:0.34024896265560167
F1:0.691304347826087
BACC:0
CLSFE:0.34024896265560167
MCC:0.4311407633627636
GMEAN:0.7170507311792368
SAMPLES:241
AUC:{}
AVGP:{}
