NAME: CIRCLES
DIMENSIONS: 2
SAMPLES_COUNT: 50
TOTAL_SIZE: 50
SIZES: dict_values([25, 25])
IMBALANCED: False
IMBALANCED_RATIO: {0: 1, 1: 1}
NO_LABELS: 3
MEAN: 0.16225285358215868
ST_DEV: 0.6042237889835931
NOISE: 3
