

GENERAL_METRICS
ACC:0.864
PREC:0.7358609699630175
REC:0.7443169037723509
TNR:0.7443169037723509
FPR:0.26413903003698247
FPDR:0.26413903003698247
F1:0.739951593603829
BACC:0.0
CLSFE:0.136
MCC:0.48010341345217655
GMEAN:0.7242588670443373
SAMPLES:1500.0
AUC:{'AUC macro OVO': 0.7358609699630175}
AVGP:{'avg_precision': 0.9102673916329094}


METRICS_PER_CLASSES
CLASS:0
ACC:0.864
PREC:0.5485232067510548
REC:0.5726872246696035
TNR:0.9159465828750982
FPR:0.45147679324894513
FPDR:0.45147679324894513
F1:0.5603448275862069
BACC:0
CLSFE:0.45147679324894513
MCC:0.48010341345217655
GMEAN:0.7242588670443373
SAMPLES:237
AUC:{}
AVGP:{}
CLASS:1
ACC:0.864
PREC:0.9231987331749802
REC:0.9159465828750982
TNR:0.5726872246696035
FPR:0.0768012668250198
FPDR:0.0768012668250198
F1:0.919558359621451
BACC:0
CLSFE:0.0768012668250198
MCC:0.48010341345217655
GMEAN:0.7242588670443373
SAMPLES:1263
AUC:{}
AVGP:{}
