

GENERAL_METRICS
ACC:0.862
PREC:0.7341740135857783
REC:0.7449365936116046
TNR:0.7449365936116046
FPR:0.2658259864142217
FPDR:0.2658259864142217
F1:0.7393295101661491
BACC:0.0
CLSFE:0.138
MCC:0.47898970844918215
GMEAN:0.7256255379062045
SAMPLES:1500.0
AUC:{'AUC macro OVO': 0.7341740135857783}
AVGP:{'avg_precision': 0.9076873844270521}


METRICS_PER_CLASSES
CLASS:0
ACC:0.862
PREC:0.5454545454545454
REC:0.5764192139737991
TNR:0.9134539732494099
FPR:0.45454545454545453
FPDR:0.45454545454545453
F1:0.5605095541401274
BACC:0
CLSFE:0.45454545454545453
MCC:0.47898970844918215
GMEAN:0.7256255379062045
SAMPLES:242
AUC:{}
AVGP:{}
CLASS:1
ACC:0.862
PREC:0.9228934817170111
REC:0.9134539732494099
TNR:0.5764192139737991
FPR:0.07710651828298887
FPDR:0.07710651828298887
F1:0.9181494661921709
BACC:0
CLSFE:0.07710651828298887
MCC:0.47898970844918215
GMEAN:0.7256255379062045
SAMPLES:1258
AUC:{}
AVGP:{}
