

GENERAL_METRICS
ACC:0.86
PREC:0.7322831723766849
REC:0.758076541182372
TNR:0.758076541182372
FPR:0.26771682762331506
FPDR:0.26771682762331506
F1:0.7438816163915765
BACC:0.0
CLSFE:0.14
MCC:0.4896808662867829
GMEAN:0.7437421956741735
SAMPLES:1500.0
AUC:{'AUC macro OVO': 0.7322831723766849}
AVGP:{'avg_precision': 0.8991390445201805}


METRICS_PER_CLASSES
CLASS:0
ACC:0.86
PREC:0.5363984674329502
REC:0.611353711790393
TNR:0.9047993705743509
FPR:0.46360153256704983
FPDR:0.46360153256704983
F1:0.5714285714285714
BACC:0
CLSFE:0.46360153256704983
MCC:0.4896808662867829
GMEAN:0.7437421956741735
SAMPLES:261
AUC:{}
AVGP:{}
CLASS:1
ACC:0.86
PREC:0.9281678773204197
REC:0.9047993705743509
TNR:0.611353711790393
FPR:0.07183212267958031
FPDR:0.07183212267958031
F1:0.9163346613545816
BACC:0
CLSFE:0.07183212267958031
MCC:0.4896808662867829
GMEAN:0.7437421956741735
SAMPLES:1239
AUC:{}
AVGP:{}
