

GENERAL_METRICS
ACC:0.878
PREC:0.741034542293036
REC:0.80197490140943
TNR:0.80197490140943
FPR:0.25896545770696394
FPDR:0.25896545770696394
F1:0.7654806280163933
BACC:0.0
CLSFE:0.122
MCC:0.5395790290409984
GMEAN:0.7952704742972796
SAMPLES:1500.0
AUC:{'AUC macro OVO': 0.741034542293036}
AVGP:{'avg_precision': 0.9015741091418432}


METRICS_PER_CLASSES
CLASS:0
ACC:0.878
PREC:0.5305343511450382
REC:0.6984924623115578
TNR:0.9054573405073021
FPR:0.46946564885496184
FPDR:0.46946564885496184
F1:0.6030368763557483
BACC:0
CLSFE:0.46946564885496184
MCC:0.5395790290409984
GMEAN:0.7952704742972796
SAMPLES:262
AUC:{}
AVGP:{}
CLASS:1
ACC:0.878
PREC:0.9515347334410339
REC:0.9054573405073021
TNR:0.6984924623115578
FPR:0.048465266558966075
FPDR:0.048465266558966075
F1:0.9279243796770382
BACC:0
CLSFE:0.048465266558966075
MCC:0.5395790290409984
GMEAN:0.7952704742972796
SAMPLES:1238
AUC:{}
AVGP:{}
