

GENERAL_METRICS
ACC:0.8165714285714286
PREC:0.5063338301043219
REC:0.5257403255394112
TNR:0.5257403255394112
FPR:0.49366616989567813
FPDR:0.49366616989567813
F1:0.48656007589862266
BACC:0.0
CLSFE:0.18342857142857144
MCC:0.025537020092138308
GMEAN:0.42269154472196707
SAMPLES:1750.0
AUC:{'AUC macro OVO': 0.5063338301043219}
AVGP:{'avg_precision': 0.8383070619506575}


METRICS_PER_CLASSES
CLASS:0
ACC:0.8165714285714286
PREC:0.045454545454545456
REC:0.21311475409836064
TNR:0.8383658969804618
FPR:0.9545454545454546
FPDR:0.9545454545454546
F1:0.07492795389048991
BACC:0
CLSFE:0.9545454545454546
MCC:0.025537020092138308
GMEAN:0.42269154472196707
SAMPLES:286
AUC:{}
AVGP:{}
CLASS:1
ACC:0.8165714285714286
PREC:0.9672131147540983
REC:0.8383658969804618
TNR:0.21311475409836064
FPR:0.03278688524590164
FPDR:0.03278688524590164
F1:0.8981921979067554
BACC:0
CLSFE:0.03278688524590164
MCC:0.025537020092138308
GMEAN:0.42269154472196707
SAMPLES:1464
AUC:{}
AVGP:{}
