

GENERAL_METRICS
ACC:0.844
PREC:0.5228810717614412
REC:0.5913518299881937
TNR:0.5913518299881937
FPR:0.4771189282385588
FPDR:0.4771189282385588
F1:0.5154758681120749
BACC:0.0
CLSFE:0.156
MCC:0.09143801785906853
GMEAN:0.5261543702364743
SAMPLES:1750.0
AUC:{'AUC macro OVO': 0.5228810717614412}
AVGP:{'avg_precision': 0.8611266799636266}


METRICS_PER_CLASSES
CLASS:0
ACC:0.844
PREC:0.07114624505928854
REC:0.32142857142857145
TNR:0.8612750885478159
FPR:0.9288537549407114
FPDR:0.9288537549407114
F1:0.11650485436893204
BACC:0
CLSFE:0.9288537549407114
MCC:0.09143801785906853
GMEAN:0.5261543702364743
SAMPLES:253
AUC:{}
AVGP:{}
CLASS:1
ACC:0.844
PREC:0.9746158984635939
REC:0.8612750885478159
TNR:0.32142857142857145
FPR:0.025384101536406144
FPDR:0.025384101536406144
F1:0.9144468818552178
BACC:0
CLSFE:0.025384101536406144
MCC:0.09143801785906853
GMEAN:0.5261543702364743
SAMPLES:1497
AUC:{}
AVGP:{}
