

GENERAL_METRICS
ACC:0.8411428571428572
PREC:0.521499762695776
REC:0.5665008514457801
TNR:0.5665008514457801
FPR:0.478500237304224
FPDR:0.478500237304224
F1:0.5164708033840086
BACC:0.0
CLSFE:0.15885714285714286
MCC:0.07562413702387151
GMEAN:0.48123265013812133
SAMPLES:1750.0
AUC:{'AUC macro OVO': 0.521499762695776}
AVGP:{'avg_precision': 0.8652096268345143}


METRICS_PER_CLASSES
CLASS:0
ACC:0.8411428571428572
PREC:0.07755102040816327
REC:0.2676056338028169
TNR:0.8653960690887433
FPR:0.9224489795918367
FPDR:0.9224489795918367
F1:0.12025316455696203
BACC:0
CLSFE:0.9224489795918367
MCC:0.07562413702387151
GMEAN:0.48123265013812133
SAMPLES:245
AUC:{}
AVGP:{}
CLASS:1
ACC:0.8411428571428572
PREC:0.9654485049833887
REC:0.8653960690887433
TNR:0.2676056338028169
FPR:0.0345514950166113
FPDR:0.0345514950166113
F1:0.9126884422110553
BACC:0
CLSFE:0.0345514950166113
MCC:0.07562413702387151
GMEAN:0.48123265013812133
SAMPLES:1505
AUC:{}
AVGP:{}
