

GENERAL_METRICS
ACC:0.832
PREC:0.5396633996779577
REC:0.6225939140513147
TNR:0.6225939140513147
FPR:0.4603366003220422
FPDR:0.4603366003220422
F1:0.5403229264945536
BACC:0.0
CLSFE:0.168
MCC:0.13946313363900145
GMEAN:0.5784775490885066
SAMPLES:1750.0
AUC:{'AUC macro OVO': 0.5396633996779578}
AVGP:{'avg_precision': 0.8524220811749214}


METRICS_PER_CLASSES
CLASS:0
ACC:0.832
PREC:0.11191335740072202
REC:0.3924050632911392
TNR:0.8527827648114902
FPR:0.8880866425992779
FPDR:0.8880866425992779
F1:0.17415730337078653
BACC:0
CLSFE:0.8880866425992779
MCC:0.13946313363900145
GMEAN:0.5784775490885066
SAMPLES:277
AUC:{}
AVGP:{}
CLASS:1
ACC:0.832
PREC:0.9674134419551935
REC:0.8527827648114902
TNR:0.3924050632911392
FPR:0.032586558044806514
FPDR:0.032586558044806514
F1:0.9064885496183206
BACC:0
CLSFE:0.032586558044806514
MCC:0.13946313363900145
GMEAN:0.5784775490885066
SAMPLES:1473
AUC:{}
AVGP:{}
