

GENERAL_METRICS
ACC:0.928
PREC:0.5598009876808288
REC:0.5869512195121951
TNR:0.5869512195121951
FPR:0.4401990123191712
FPDR:0.4401990123191712
F1:0.569885858521717
BACC:0.0
CLSFE:0.072
MCC:0.14421884491122264
GMEAN:0.45810319425361556
SAMPLES:4250.0
AUC:{'AUC macro OVO': 0.5598009876808288}
AVGP:{'avg_precision': 0.9537241582950907}


METRICS_PER_CLASSES
CLASS:0
ACC:0.928
PREC:0.14864864864864866
REC:0.22
TNR:0.9539024390243902
FPR:0.8513513513513513
FPDR:0.8513513513513513
F1:0.1774193548387097
BACC:0
CLSFE:0.8513513513513513
MCC:0.14421884491122264
GMEAN:0.45810319425361556
SAMPLES:222
AUC:{}
AVGP:{}
CLASS:1
ACC:0.928
PREC:0.9709533267130089
REC:0.9539024390243902
TNR:0.22
FPR:0.02904667328699106
FPDR:0.02904667328699106
F1:0.9623523622047244
BACC:0
CLSFE:0.02904667328699106
MCC:0.14421884491122264
GMEAN:0.45810319425361556
SAMPLES:4028
AUC:{}
AVGP:{}
