

GENERAL_METRICS
ACC:0.9254117647058824
PREC:0.5685201036257632
REC:0.6036570090063007
TNR:0.6036570090063007
FPR:0.43147989637423684
FPDR:0.43147989637423684
F1:0.5811950109593393
BACC:0.0
CLSFE:0.07458823529411765
MCC:0.1685537184241082
GMEAN:0.49378282405723123
SAMPLES:4250.0
AUC:{'AUC macro OVO': 0.5685201036257632}
AVGP:{'avg_precision': 0.9506835773422269}


METRICS_PER_CLASSES
CLASS:0
ACC:0.9254117647058824
PREC:0.16597510373443983
REC:0.2564102564102564
TNR:0.9509037616023449
FPR:0.8340248962655602
FPDR:0.8340248962655602
F1:0.20151133501259447
BACC:0
CLSFE:0.8340248962655602
MCC:0.1685537184241082
GMEAN:0.49378282405723123
SAMPLES:241
AUC:{}
AVGP:{}
CLASS:1
ACC:0.9254117647058824
PREC:0.9710651035170865
REC:0.9509037616023449
TNR:0.2564102564102564
FPR:0.028934896482913443
FPDR:0.028934896482913443
F1:0.9608786869060841
BACC:0
CLSFE:0.028934896482913443
MCC:0.1685537184241082
GMEAN:0.49378282405723123
SAMPLES:4009
AUC:{}
AVGP:{}
