

GENERAL_METRICS
ACC:0.9221176470588235
PREC:0.5628105233479684
REC:0.5975135181954292
TNR:0.5975135181954292
FPR:0.43718947665203156
FPDR:0.43718947665203156
F1:0.5748996968771181
BACC:0.0
CLSFE:0.07788235294117647
MCC:0.1565231626483001
GMEAN:0.48378434454841773
SAMPLES:4250.0
AUC:{'AUC macro OVO': 0.5628105233479684}
AVGP:{'avg_precision': 0.9479758395121752}


METRICS_PER_CLASSES
CLASS:0
ACC:0.9221176470588235
PREC:0.1553784860557769
REC:0.2468354430379747
TNR:0.9481915933528837
FPR:0.8446215139442231
FPDR:0.8446215139442231
F1:0.19070904645476772
BACC:0
CLSFE:0.8446215139442231
MCC:0.1565231626483001
GMEAN:0.48378434454841773
SAMPLES:251
AUC:{}
AVGP:{}
CLASS:1
ACC:0.9221176470588235
PREC:0.97024256064016
REC:0.9481915933528837
TNR:0.2468354430379747
FPR:0.02975743935983996
FPDR:0.02975743935983996
F1:0.9590903472994685
BACC:0
CLSFE:0.02975743935983996
MCC:0.1565231626483001
GMEAN:0.48378434454841773
SAMPLES:3999
AUC:{}
AVGP:{}
