

GENERAL_METRICS
ACC:0.9291764705882353
PREC:0.5798775593882768
REC:0.6126095171330225
TNR:0.6126095171330225
FPR:0.4201224406117232
FPDR:0.4201224406117232
F1:0.5925606365640879
BACC:0.0
CLSFE:0.0708235294117647
MCC:0.1896836671142581
GMEAN:0.5081442848125021
SAMPLES:4250.0
AUC:{'AUC macro OVO': 0.5798775593882768}
AVGP:{'avg_precision': 0.9545357698603015}


METRICS_PER_CLASSES
CLASS:0
ACC:0.9291764705882353
PREC:0.18859649122807018
REC:0.27044025157232704
TNR:0.954778782693718
FPR:0.8114035087719298
FPDR:0.8114035087719298
F1:0.2222222222222222
BACC:0
CLSFE:0.8114035087719298
MCC:0.1896836671142581
GMEAN:0.5081442848125021
SAMPLES:228
AUC:{}
AVGP:{}
CLASS:1
ACC:0.9291764705882353
PREC:0.9711586275484834
REC:0.954778782693718
TNR:0.27044025157232704
FPR:0.028841372451516658
FPDR:0.028841372451516658
F1:0.9628990509059534
BACC:0
CLSFE:0.028841372451516658
MCC:0.1896836671142581
GMEAN:0.5081442848125021
SAMPLES:4022
AUC:{}
AVGP:{}
