

GENERAL_METRICS
ACC:0.9074285714285715
PREC:0.5750975850383906
REC:0.591820947186238
TNR:0.591820947186238
FPR:0.4249024149616094
FPDR:0.4249024149616094
F1:0.5822059525704281
BACC:0.0
CLSFE:0.09257142857142857
MCC:0.16607867279845515
GMEAN:0.4752488148211222
SAMPLES:3500.0
AUC:{'AUC macro OVO': 0.5750975850383906}
AVGP:{'avg_precision': 0.9440983775780758}


METRICS_PER_CLASSES
CLASS:0
ACC:0.9074285714285715
PREC:0.19298245614035087
REC:0.2391304347826087
TNR:0.9445114595898673
FPR:0.8070175438596491
FPDR:0.8070175438596491
F1:0.21359223300970873
BACC:0
CLSFE:0.8070175438596491
MCC:0.16607867279845515
GMEAN:0.4752488148211222
SAMPLES:228
AUC:{}
AVGP:{}
CLASS:1
ACC:0.9074285714285715
PREC:0.9572127139364304
REC:0.9445114595898673
TNR:0.2391304347826087
FPR:0.042787286063569685
FPDR:0.042787286063569685
F1:0.9508196721311475
BACC:0
CLSFE:0.042787286063569685
MCC:0.16607867279845515
GMEAN:0.4752488148211222
SAMPLES:3272
AUC:{}
AVGP:{}
