

GENERAL_METRICS
ACC:0.9117142857142857
PREC:0.5773094655555234
REC:0.5968043488778761
TNR:0.5968043488778761
FPR:0.4226905344444767
FPDR:0.4226905344444767
F1:0.5854693893195604
BACC:0.0
CLSFE:0.08828571428571429
MCC:0.1730189871106525
GMEAN:0.48363290689482774
SAMPLES:3500.0
AUC:{'AUC macro OVO': 0.5773094655555233}
AVGP:{'avg_precision': 0.9460977259106094}


METRICS_PER_CLASSES
CLASS:0
ACC:0.9117142857142857
PREC:0.19457013574660634
REC:0.2471264367816092
TNR:0.9464822609741431
FPR:0.8054298642533937
FPDR:0.8054298642533937
F1:0.21772151898734177
BACC:0
CLSFE:0.8054298642533937
MCC:0.1730189871106525
GMEAN:0.48363290689482774
SAMPLES:221
AUC:{}
AVGP:{}
CLASS:1
ACC:0.9117142857142857
PREC:0.9600487953644404
REC:0.9464822609741431
TNR:0.2471264367816092
FPR:0.03995120463555962
FPDR:0.03995120463555962
F1:0.953217259651779
BACC:0
CLSFE:0.03995120463555962
MCC:0.1730189871106525
GMEAN:0.48363290689482774
SAMPLES:3279
AUC:{}
AVGP:{}
