

GENERAL_METRICS
ACC:0.9165714285714286
PREC:0.5904515089166077
REC:0.6177599795907734
TNR:0.6177599795907734
FPR:0.4095484910833923
FPDR:0.4095484910833923
F1:0.601630275475393
BACC:0.0
CLSFE:0.08342857142857144
MCC:0.20641286630415637
GMEAN:0.5220213525761396
SAMPLES:3500.0
AUC:{'AUC macro OVO': 0.5904515089166077}
AVGP:{'avg_precision': 0.9476869771149118}


METRICS_PER_CLASSES
CLASS:0
ACC:0.9165714285714286
PREC:0.2171945701357466
REC:0.2874251497005988
TNR:0.948094809480948
FPR:0.7828054298642534
FPDR:0.7828054298642534
F1:0.24742268041237114
BACC:0
CLSFE:0.7828054298642534
MCC:0.20641286630415637
GMEAN:0.5220213525761396
SAMPLES:221
AUC:{}
AVGP:{}
CLASS:1
ACC:0.9165714285714286
PREC:0.9637084476974688
REC:0.948094809480948
TNR:0.2874251497005988
FPR:0.03629155230253126
FPDR:0.03629155230253126
F1:0.955837870538415
BACC:0
CLSFE:0.03629155230253126
MCC:0.20641286630415637
GMEAN:0.5220213525761396
SAMPLES:3279
AUC:{}
AVGP:{}
