

GENERAL_METRICS
ACC:0.9077142857142857
PREC:0.5790364977925637
REC:0.5960457751734252
TNR:0.5960457751734252
FPR:0.4209635022074363
FPDR:0.4209635022074363
F1:0.5863179368956464
BACC:0.0
CLSFE:0.09228571428571429
MCC:0.17425408686718938
GMEAN:0.48337894054347613
SAMPLES:3500.0
AUC:{'AUC macro OVO': 0.5790364977925637}
AVGP:{'avg_precision': 0.9443428036694146}


METRICS_PER_CLASSES
CLASS:0
ACC:0.9077142857142857
PREC:0.20087336244541484
REC:0.24731182795698925
TNR:0.9447797223898612
FPR:0.7991266375545851
FPDR:0.7991266375545851
F1:0.2216867469879518
BACC:0
CLSFE:0.7991266375545851
MCC:0.17425408686718938
GMEAN:0.48337894054347613
SAMPLES:229
AUC:{}
AVGP:{}
CLASS:1
ACC:0.9077142857142857
PREC:0.9571996331397127
REC:0.9447797223898612
TNR:0.24731182795698925
FPR:0.042800366860287375
FPDR:0.042800366860287375
F1:0.9509491268033409
BACC:0
CLSFE:0.042800366860287375
MCC:0.17425408686718938
GMEAN:0.48337894054347613
SAMPLES:3271
AUC:{}
AVGP:{}
