

GENERAL_METRICS
ACC:0.8944615384615384
PREC:0.6105042201512221
REC:0.6135316326170566
TNR:0.6135316326170566
FPR:0.3894957798487779
FPDR:0.3894957798487779
F1:0.6119870336317352
BACC:0.0
CLSFE:0.10553846153846154
MCC:0.2240153970140703
GMEAN:0.5182257419520468
SAMPLES:3250.0
AUC:{'AUC macro OVO': 0.6105042201512221}
AVGP:{'avg_precision': 0.9410398959919444}


METRICS_PER_CLASSES
CLASS:0
ACC:0.8944615384615384
PREC:0.2768595041322314
REC:0.2851063829787234
TNR:0.9419568822553898
FPR:0.7231404958677686
FPDR:0.7231404958677686
F1:0.2809224318658281
BACC:0
CLSFE:0.7231404958677686
MCC:0.2240153970140703
GMEAN:0.5182257419520468
SAMPLES:242
AUC:{}
AVGP:{}
CLASS:1
ACC:0.8944615384615384
PREC:0.9441489361702128
REC:0.9419568822553898
TNR:0.2851063829787234
FPR:0.05585106382978723
FPDR:0.05585106382978723
F1:0.9430516353976424
BACC:0
CLSFE:0.05585106382978723
MCC:0.2240153970140703
GMEAN:0.5182257419520468
SAMPLES:3008
AUC:{}
AVGP:{}
