

GENERAL_METRICS
ACC:0.8873846153846154
PREC:0.621848375607591
REC:0.6111632362817525
TNR:0.6111632362817525
FPR:0.378151624392409
FPDR:0.378151624392409
F1:0.6161263713921687
BACC:0.0
CLSFE:0.11261538461538462
MCC:0.23276649044236894
GMEAN:0.5132849720083668
SAMPLES:3250.0
AUC:{'AUC macro OVO': 0.621848375607591}
AVGP:{'avg_precision': 0.9417006682278668}


METRICS_PER_CLASSES
CLASS:0
ACC:0.8873846153846154
PREC:0.3089430894308943
REC:0.27941176470588236
TNR:0.9429147078576225
FPR:0.6910569105691057
FPDR:0.6910569105691057
F1:0.29343629343629346
BACC:0
CLSFE:0.6910569105691057
MCC:0.23276649044236894
GMEAN:0.5132849720083668
SAMPLES:246
AUC:{}
AVGP:{}
CLASS:1
ACC:0.8873846153846154
PREC:0.9347536617842876
REC:0.9429147078576225
TNR:0.27941176470588236
FPR:0.06524633821571238
FPDR:0.06524633821571238
F1:0.9388164493480441
BACC:0
CLSFE:0.06524633821571238
MCC:0.23276649044236894
GMEAN:0.5132849720083668
SAMPLES:3004
AUC:{}
AVGP:{}
