

GENERAL_METRICS
ACC:0.8916923076923077
PREC:0.6260446775572949
REC:0.6198160535117057
TNR:0.6198160535117057
FPR:0.37395532244270513
FPDR:0.37395532244270513
F1:0.6228112170141156
BACC:0.0
CLSFE:0.10830769230769231
MCC:0.2457818205732111
GMEAN:0.5285969312425712
SAMPLES:3250.0
AUC:{'AUC macro OVO': 0.6260446775572949}
AVGP:{'avg_precision': 0.9423104133173605}


METRICS_PER_CLASSES
CLASS:0
ACC:0.8916923076923077
PREC:0.3130081300813008
REC:0.29615384615384616
TNR:0.9434782608695652
FPR:0.6869918699186992
FPDR:0.6869918699186992
F1:0.30434782608695654
BACC:0
CLSFE:0.6869918699186992
MCC:0.2457818205732111
GMEAN:0.5285969312425712
SAMPLES:246
AUC:{}
AVGP:{}
CLASS:1
ACC:0.8916923076923077
PREC:0.939081225033289
REC:0.9434782608695652
TNR:0.29615384615384616
FPR:0.06091877496671105
FPDR:0.06091877496671105
F1:0.9412746079412746
BACC:0
CLSFE:0.06091877496671105
MCC:0.2457818205732111
GMEAN:0.5285969312425712
SAMPLES:3004
AUC:{}
AVGP:{}
