

GENERAL_METRICS
ACC:0.8843076923076924
PREC:0.610000591003847
REC:0.6017834949043003
TNR:0.6017834949043003
FPR:0.3899994089961531
FPDR:0.3899994089961531
F1:0.6056380208837582
BACC:0.0
CLSFE:0.11569230769230769
MCC:0.21162461665798776
GMEAN:0.4973369299320363
SAMPLES:3250.0
AUC:{'AUC macro OVO': 0.6100005910038468}
AVGP:{'avg_precision': 0.9394829635173523}


METRICS_PER_CLASSES
CLASS:0
ACC:0.8843076923076924
PREC:0.2862903225806452
REC:0.26296296296296295
TNR:0.9406040268456376
FPR:0.7137096774193549
FPDR:0.7137096774193549
F1:0.27413127413127414
BACC:0
CLSFE:0.7137096774193549
MCC:0.21162461665798776
GMEAN:0.4973369299320363
SAMPLES:248
AUC:{}
AVGP:{}
CLASS:1
ACC:0.8843076923076924
PREC:0.9337108594270487
REC:0.9406040268456376
TNR:0.26296296296296295
FPR:0.06628914057295136
FPDR:0.06628914057295136
F1:0.9371447676362421
BACC:0
CLSFE:0.06628914057295136
MCC:0.21162461665798776
GMEAN:0.4973369299320363
SAMPLES:3002
AUC:{}
AVGP:{}
