

GENERAL_METRICS
ACC:0.8013333333333333
PREC:0.7697376575087791
REC:0.7691172591175888
TNR:0.7691172591175888
FPR:0.23026234249122082
FPDR:0.23026234249122082
F1:0.7694255136085371
BACC:0.0
CLSFE:0.19866666666666666
MCC:0.5388545594854388
GMEAN:0.7641906421817141
SAMPLES:750.0
AUC:{'AUC macro OVO': 0.7697376575087792}
AVGP:{'avg_precision': 0.831366400967096}


METRICS_PER_CLASSES
CLASS:0
ACC:0.8013333333333333
PREC:0.6851063829787234
REC:0.6822033898305084
TNR:0.8560311284046692
FPR:0.3148936170212766
FPDR:0.3148936170212766
F1:0.6836518046709129
BACC:0
CLSFE:0.3148936170212766
MCC:0.5388545594854388
GMEAN:0.7641906421817141
SAMPLES:235
AUC:{}
AVGP:{}
CLASS:1
ACC:0.8013333333333333
PREC:0.8543689320388349
REC:0.8560311284046692
TNR:0.6822033898305084
FPR:0.14563106796116504
FPDR:0.14563106796116504
F1:0.8551992225461613
BACC:0
CLSFE:0.14563106796116504
MCC:0.5388545594854388
GMEAN:0.7641906421817141
SAMPLES:515
AUC:{}
AVGP:{}
