

GENERAL_METRICS
ACC:0.8226666666666667
PREC:0.7859472773265876
REC:0.7939380201695336
TNR:0.7939380201695336
FPR:0.21405272267341233
FPDR:0.21405272267341233
F1:0.7896860787997242
BACC:0.0
CLSFE:0.17733333333333334
MCC:0.5798302391915956
GMEAN:0.7908499991685232
SAMPLES:750.0
AUC:{'AUC macro OVO': 0.7859472773265878}
AVGP:{'avg_precision': 0.8434947656270908}


METRICS_PER_CLASSES
CLASS:0
ACC:0.8226666666666667
PREC:0.6896551724137931
REC:0.7239819004524887
TNR:0.8638941398865785
FPR:0.3103448275862069
FPDR:0.3103448275862069
F1:0.7064017660044151
BACC:0
CLSFE:0.3103448275862069
MCC:0.5798302391915956
GMEAN:0.7908499991685232
SAMPLES:232
AUC:{}
AVGP:{}
CLASS:1
ACC:0.8226666666666667
PREC:0.8822393822393823
REC:0.8638941398865785
TNR:0.7239819004524887
FPR:0.11776061776061776
FPDR:0.11776061776061776
F1:0.8729703915950334
BACC:0
CLSFE:0.11776061776061776
MCC:0.5798302391915956
GMEAN:0.7908499991685232
SAMPLES:518
AUC:{}
AVGP:{}
