

GENERAL_METRICS
ACC:0.784
PREC:0.7645179655870445
REC:0.7598334679674392
TNR:0.7598334679674392
FPR:0.23548203441295545
FPDR:0.23548203441295545
F1:0.7620055003173261
BACC:0.0
CLSFE:0.216
MCC:0.5243305077455385
GMEAN:0.755271044287186
SAMPLES:750.0
AUC:{'AUC macro OVO': 0.7645179655870445}
AVGP:{'avg_precision': 0.8108891045158988}


METRICS_PER_CLASSES
CLASS:0
ACC:0.784
PREC:0.703125
REC:0.6766917293233082
TNR:0.8429752066115702
FPR:0.296875
FPDR:0.296875
F1:0.6896551724137931
BACC:0
CLSFE:0.296875
MCC:0.5243305077455385
GMEAN:0.755271044287186
SAMPLES:256
AUC:{}
AVGP:{}
CLASS:1
ACC:0.784
PREC:0.8259109311740891
REC:0.8429752066115702
TNR:0.6766917293233082
FPR:0.17408906882591094
FPDR:0.17408906882591094
F1:0.8343558282208589
BACC:0
CLSFE:0.17408906882591094
MCC:0.5243305077455385
GMEAN:0.755271044287186
SAMPLES:494
AUC:{}
AVGP:{}
