

GENERAL_METRICS
ACC:0.812
PREC:0.7762898246935617
REC:0.7849337972032696
TNR:0.7849337972032696
FPR:0.22371017530643827
FPDR:0.22371017530643827
F1:0.780271154745208
BACC:0.0
CLSFE:0.188
MCC:0.5611570506678579
GMEAN:0.7819723658306512
SAMPLES:750.0
AUC:{'AUC macro OVO': 0.7762898246935618}
AVGP:{'avg_precision': 0.8315464164961185}


METRICS_PER_CLASSES
CLASS:0
ACC:0.812
PREC:0.6778242677824268
REC:0.7168141592920354
TNR:0.8530534351145038
FPR:0.32217573221757323
FPDR:0.32217573221757323
F1:0.6967741935483871
BACC:0
CLSFE:0.32217573221757323
MCC:0.5611570506678579
GMEAN:0.7819723658306512
SAMPLES:239
AUC:{}
AVGP:{}
CLASS:1
ACC:0.812
PREC:0.8747553816046967
REC:0.8530534351145038
TNR:0.7168141592920354
FPR:0.12524461839530332
FPDR:0.12524461839530332
F1:0.863768115942029
BACC:0
CLSFE:0.12524461839530332
MCC:0.5611570506678579
GMEAN:0.7819723658306512
SAMPLES:511
AUC:{}
AVGP:{}
