

GENERAL_METRICS
ACC:0.9367058823529412
PREC:0.4998744349573079
REC:0.46846316780418923
TNR:0.46846316780418923
FPR:0.5001255650426921
FPDR:0.5001255650426921
F1:0.4836593366541125
BACC:0.0
CLSFE:0.06329411764705882
MCC:-0.003979911396521802
GMEAN:0.0
SAMPLES:4250.0
AUC:{'AUC macro OVO': 0.4998744349573079}
AVGP:{'avg_precision': 0.9369263393353655}


METRICS_PER_CLASSES
CLASS:0
ACC:0.9367058823529412
PREC:0.0
REC:0.0
TNR:0.9369263356083785
FPR:1.0
FPDR:1.0
F1:0.0
BACC:0
CLSFE:1.0
MCC:-0.003979911396521802
GMEAN:0
SAMPLES:268
AUC:{}
AVGP:{}
CLASS:1
ACC:0.9367058823529412
PREC:0.9997488699146158
REC:0.9369263356083785
TNR:0.0
FPR:0.00025113008538422905
FPDR:0.00025113008538422905
F1:0.967318673308225
BACC:0
CLSFE:0.00025113008538422905
MCC:-0.003979911396521802
GMEAN:0
SAMPLES:3982
AUC:{}
AVGP:{}
