

GENERAL_METRICS
ACC:0.864
PREC:0.5275375216694014
REC:0.5930870232835073
TNR:0.5930870232835073
FPR:0.47246247833059857
FPDR:0.47246247833059857
F1:0.527226208354191
BACC:0.0
CLSFE:0.136
MCC:0.10125978314828954
GMEAN:0.5173193561266057
SAMPLES:2000.0
AUC:{'AUC macro OVO': 0.5275375216694014}
AVGP:{'avg_precision': 0.8829826191338103}


METRICS_PER_CLASSES
CLASS:0
ACC:0.864
PREC:0.08130081300813008
REC:0.30303030303030304
TNR:0.8831437435367114
FPR:0.9186991869918699
FPDR:0.9186991869918699
F1:0.1282051282051282
BACC:0
CLSFE:0.9186991869918699
MCC:0.10125978314828954
GMEAN:0.5173193561266057
SAMPLES:246
AUC:{}
AVGP:{}
CLASS:1
ACC:0.864
PREC:0.9737742303306728
REC:0.8831437435367114
TNR:0.30303030303030304
FPR:0.026225769669327253
FPDR:0.026225769669327253
F1:0.9262472885032538
BACC:0
CLSFE:0.026225769669327253
MCC:0.10125978314828954
GMEAN:0.5173193561266057
SAMPLES:1754
AUC:{}
AVGP:{}
