

GENERAL_METRICS
ACC:0.8645
PREC:0.5260751267717922
REC:0.5921978841441928
TNR:0.5921978841441928
FPR:0.47392487322820775
FPDR:0.47392487322820775
F1:0.5247777546888741
BACC:0.0
CLSFE:0.1355
MCC:0.09806266398891766
GMEAN:0.5159882007282756
SAMPLES:2000.0
AUC:{'AUC macro OVO': 0.5260751267717922}
AVGP:{'avg_precision': 0.8826627583003728}


METRICS_PER_CLASSES
CLASS:0
ACC:0.8645
PREC:0.07723577235772358
REC:0.30158730158730157
TNR:0.8828084667010841
FPR:0.9227642276422764
FPDR:0.9227642276422764
F1:0.12297734627831715
BACC:0
CLSFE:0.9227642276422764
MCC:0.09806266398891766
GMEAN:0.5159882007282756
SAMPLES:246
AUC:{}
AVGP:{}
CLASS:1
ACC:0.8645
PREC:0.9749144811858609
REC:0.8828084667010841
TNR:0.30158730158730157
FPR:0.02508551881413911
FPDR:0.02508551881413911
F1:0.9265781630994311
BACC:0
CLSFE:0.02508551881413911
MCC:0.09806266398891766
GMEAN:0.5159882007282756
SAMPLES:1754
AUC:{}
AVGP:{}
