

GENERAL_METRICS
ACC:0.868
PREC:0.5204150330679973
REC:0.5627816343928876
TNR:0.5627816343928876
FPR:0.4795849669320027
FPDR:0.4795849669320027
F1:0.5184169050259764
BACC:0.0
CLSFE:0.132
MCC:0.07160137267381729
GMEAN:0.4576844921838409
SAMPLES:2000.0
AUC:{'AUC macro OVO': 0.5204150330679973}
AVGP:{'avg_precision': 0.8901438713084606}


METRICS_PER_CLASSES
CLASS:0
ACC:0.868
PREC:0.07017543859649122
REC:0.23529411764705882
TNR:0.8902691511387164
FPR:0.9298245614035088
FPDR:0.9298245614035088
F1:0.10810810810810811
BACC:0
CLSFE:0.9298245614035088
MCC:0.07160137267381729
GMEAN:0.4576844921838409
SAMPLES:228
AUC:{}
AVGP:{}
CLASS:1
ACC:0.868
PREC:0.9706546275395034
REC:0.8902691511387164
TNR:0.23529411764705882
FPR:0.029345372460496615
FPDR:0.029345372460496615
F1:0.9287257019438445
BACC:0
CLSFE:0.029345372460496615
MCC:0.07160137267381729
GMEAN:0.4576844921838409
SAMPLES:1772
AUC:{}
AVGP:{}
