

GENERAL_METRICS
ACC:0.862
PREC:0.5278526864781637
REC:0.6111367591178665
TNR:0.6111367591178665
FPR:0.47214731352183625
FPDR:0.47214731352183625
F1:0.5258318558528842
BACC:0.0
CLSFE:0.138
MCC:0.11127366818630792
GMEAN:0.5500614172695302
SAMPLES:2000.0
AUC:{'AUC macro OVO': 0.5278526864781637}
AVGP:{'avg_precision': 0.8773053204231556}


METRICS_PER_CLASSES
CLASS:0
ACC:0.862
PREC:0.07751937984496124
REC:0.3448275862068966
TNR:0.8774459320288363
FPR:0.9224806201550387
FPDR:0.9224806201550387
F1:0.12658227848101267
BACC:0
CLSFE:0.9224806201550387
MCC:0.11127366818630792
GMEAN:0.5500614172695302
SAMPLES:258
AUC:{}
AVGP:{}
CLASS:1
ACC:0.862
PREC:0.9781859931113662
REC:0.8774459320288363
TNR:0.3448275862068966
FPR:0.021814006888633754
FPDR:0.021814006888633754
F1:0.9250814332247557
BACC:0
CLSFE:0.021814006888633754
MCC:0.11127366818630792
GMEAN:0.5500614172695302
SAMPLES:1742
AUC:{}
AVGP:{}
