

GENERAL_METRICS
ACC:0.8992727272727272
PREC:0.578308688744959
REC:0.6475935434734541
TNR:0.6475935434734541
FPR:0.42169131125504095
FPDR:0.42169131125504095
F1:0.5976684576824329
BACC:0.0
CLSFE:0.10072727272727272
MCC:0.21501494698395548
GMEAN:0.585538695110733
SAMPLES:2750.0
AUC:{'AUC macro OVO': 0.5783086887449591}
AVGP:{'avg_precision': 0.9238048939854833}


METRICS_PER_CLASSES
CLASS:0
ACC:0.8992727272727272
PREC:0.18775510204081633
REC:0.3709677419354839
TNR:0.9242193450114242
FPR:0.8122448979591836
FPDR:0.8122448979591836
F1:0.24932249322493225
BACC:0
CLSFE:0.8122448979591836
MCC:0.21501494698395548
GMEAN:0.585538695110733
SAMPLES:245
AUC:{}
AVGP:{}
CLASS:1
ACC:0.8992727272727272
PREC:0.9688622754491018
REC:0.9242193450114242
TNR:0.3709677419354839
FPR:0.031137724550898204
FPDR:0.031137724550898204
F1:0.9460144221399337
BACC:0
CLSFE:0.031137724550898204
MCC:0.21501494698395548
GMEAN:0.585538695110733
SAMPLES:2505
AUC:{}
AVGP:{}
