

GENERAL_METRICS
ACC:0.8949090909090909
PREC:0.5545870817624149
REC:0.6311759715042852
TNR:0.6311759715042852
FPR:0.44541291823758505
FPDR:0.44541291823758505
F1:0.5693856641051052
BACC:0.0
CLSFE:0.1050909090909091
MCC:0.16923963462225539
GMEAN:0.5633492940169837
SAMPLES:2750.0
AUC:{'AUC macro OVO': 0.554587081762415}
AVGP:{'avg_precision': 0.9155620964814852}


METRICS_PER_CLASSES
CLASS:0
ACC:0.8949090909090909
PREC:0.13565891472868216
REC:0.3465346534653465
TNR:0.9158172895432238
FPR:0.8643410852713178
FPDR:0.8643410852713178
F1:0.19498607242339833
BACC:0
CLSFE:0.8643410852713178
MCC:0.16923963462225539
GMEAN:0.5633492940169837
SAMPLES:258
AUC:{}
AVGP:{}
CLASS:1
ACC:0.8949090909090909
PREC:0.9735152487961477
REC:0.9158172895432238
TNR:0.3465346534653465
FPR:0.026484751203852328
FPDR:0.026484751203852328
F1:0.9437852557868119
BACC:0
CLSFE:0.026484751203852328
MCC:0.16923963462225539
GMEAN:0.5633492940169837
SAMPLES:2492
AUC:{}
AVGP:{}
