

GENERAL_METRICS
ACC:0.897090909090909
PREC:0.5519912488813444
REC:0.6066287878787879
TNR:0.6066287878787879
FPR:0.44800875111865557
FPDR:0.44800875111865557
F1:0.5647592879780727
BACC:0.0
CLSFE:0.10290909090909091
MCC:0.1489129121133845
GMEAN:0.5179957135234327
SAMPLES:2750.0
AUC:{'AUC macro OVO': 0.5519912488813444}
AVGP:{'avg_precision': 0.9220837161909585}


METRICS_PER_CLASSES
CLASS:0
ACC:0.897090909090909
PREC:0.1350210970464135
REC:0.2909090909090909
TNR:0.9223484848484849
FPR:0.8649789029535865
FPDR:0.8649789029535865
F1:0.1844380403458213
BACC:0
CLSFE:0.8649789029535865
MCC:0.1489129121133845
GMEAN:0.5179957135234327
SAMPLES:237
AUC:{}
AVGP:{}
CLASS:1
ACC:0.897090909090909
PREC:0.9689614007162753
REC:0.9223484848484849
TNR:0.2909090909090909
FPR:0.03103859928372463
FPDR:0.03103859928372463
F1:0.9450805356103241
BACC:0
CLSFE:0.03103859928372463
MCC:0.1489129121133845
GMEAN:0.5179957135234327
SAMPLES:2513
AUC:{}
AVGP:{}
