

GENERAL_METRICS
ACC:0.9050909090909091
PREC:0.5614138472310253
REC:0.6302240684793555
TNR:0.6302240684793555
FPR:0.4385861527689747
FPDR:0.4385861527689747
F1:0.578106566960116
BACC:0.0
CLSFE:0.09490909090909092
MCC:0.17885816780224162
GMEAN:0.5559121044509877
SAMPLES:2750.0
AUC:{'AUC macro OVO': 0.5614138472310253}
AVGP:{'avg_precision': 0.9268544399489541}


METRICS_PER_CLASSES
CLASS:0
ACC:0.9050909090909091
PREC:0.14977973568281938
REC:0.3333333333333333
TNR:0.9271148036253777
FPR:0.8502202643171806
FPDR:0.8502202643171806
F1:0.2066869300911854
BACC:0
CLSFE:0.8502202643171806
MCC:0.17885816780224162
GMEAN:0.5559121044509877
SAMPLES:227
AUC:{}
AVGP:{}
CLASS:1
ACC:0.9050909090909091
PREC:0.9730479587792311
REC:0.9271148036253777
TNR:0.3333333333333333
FPR:0.026952041220768927
FPDR:0.026952041220768927
F1:0.9495262038290466
BACC:0
CLSFE:0.026952041220768927
MCC:0.17885816780224162
GMEAN:0.5559121044509877
SAMPLES:2523
AUC:{}
AVGP:{}
