

GENERAL_METRICS
ACC:0.8034285714285714
PREC:0.670936144679776
REC:0.6367132248939179
TNR:0.6367132248939179
FPR:0.329063855320224
FPDR:0.329063855320224
F1:0.6493680470615644
BACC:0.0
CLSFE:0.19657142857142856
MCC:0.3057399652652922
GMEAN:0.5763304163742784
SAMPLES:1750.0
AUC:{'AUC macro OVO': 0.670936144679776}
AVGP:{'avg_precision': 0.8998803901398543}


METRICS_PER_CLASSES
CLASS:0
ACC:0.8034285714285714
PREC:0.484251968503937
REC:0.36607142857142855
TNR:0.9073550212164073
FPR:0.515748031496063
FPDR:0.515748031496063
F1:0.41694915254237286
BACC:0
CLSFE:0.515748031496063
MCC:0.3057399652652922
GMEAN:0.5763304163742784
SAMPLES:254
AUC:{}
AVGP:{}
CLASS:1
ACC:0.8034285714285714
PREC:0.857620320855615
REC:0.9073550212164073
TNR:0.36607142857142855
FPR:0.142379679144385
FPDR:0.142379679144385
F1:0.881786941580756
BACC:0
CLSFE:0.142379679144385
MCC:0.3057399652652922
GMEAN:0.5763304163742784
SAMPLES:1496
AUC:{}
AVGP:{}
