

GENERAL_METRICS
ACC:0.93075
PREC:0.5125279776982563
REC:0.5499085654791303
TNR:0.5499085654791303
FPR:0.4874720223017437
FPDR:0.4874720223017437
F1:0.5125331338884062
BACC:0.0
CLSFE:0.06925
MCC:0.050010134783841954
GMEAN:0.3856482705065019
SAMPLES:4000.0
AUC:{'AUC macro OVO': 0.5125279776982563}
AVGP:{'avg_precision': 0.94190424554689}


METRICS_PER_CLASSES
CLASS:0
ACC:0.93075
PREC:0.037815126050420166
REC:0.15789473684210525
TNR:0.9419223941161552
FPR:0.9621848739495799
FPDR:0.9621848739495799
F1:0.061016949152542375
BACC:0
CLSFE:0.9621848739495799
MCC:0.050010134783841954
GMEAN:0.3856482705065019
SAMPLES:238
AUC:{}
AVGP:{}
CLASS:1
ACC:0.93075
PREC:0.9872408293460925
REC:0.9419223941161552
TNR:0.15789473684210525
FPR:0.012759170653907496
FPDR:0.012759170653907496
F1:0.9640493186242699
BACC:0
CLSFE:0.012759170653907496
MCC:0.050010134783841954
GMEAN:0.3856482705065019
SAMPLES:3762
AUC:{}
AVGP:{}
