

GENERAL_METRICS
ACC:0.92975
PREC:0.5241264356628382
REC:0.6280794010474136
TNR:0.6280794010474136
FPR:0.47587356433716177
FPDR:0.47587356433716177
F1:0.529958653925368
BACC:0.0
CLSFE:0.07025
MCC:0.11117732554986699
GMEAN:0.5468507126180182
SAMPLES:4000.0
AUC:{'AUC macro OVO': 0.5241264356628382}
AVGP:{'avg_precision': 0.9369840854884292}


METRICS_PER_CLASSES
CLASS:0
ACC:0.92975
PREC:0.056818181818181816
REC:0.3191489361702128
TNR:0.9370098659246142
FPR:0.9431818181818182
FPDR:0.9431818181818182
F1:0.09646302250803858
BACC:0
CLSFE:0.9431818181818182
MCC:0.11117732554986699
GMEAN:0.5468507126180182
SAMPLES:264
AUC:{}
AVGP:{}
CLASS:1
ACC:0.92975
PREC:0.9914346895074947
REC:0.9370098659246142
TNR:0.3191489361702128
FPR:0.008565310492505354
FPDR:0.008565310492505354
F1:0.9634542853426974
BACC:0
CLSFE:0.008565310492505354
MCC:0.11117732554986699
GMEAN:0.5468507126180182
SAMPLES:3736
AUC:{}
AVGP:{}
