

GENERAL_METRICS
ACC:0.92775
PREC:0.5193493986597435
REC:0.5848848159953637
TNR:0.5848848159953637
FPR:0.4806506013402565
FPDR:0.4806506013402565
F1:0.5224669785502577
BACC:0.0
CLSFE:0.07225
MCC:0.08105479985425322
GMEAN:0.46654405841980995
SAMPLES:4000.0
AUC:{'AUC macro OVO': 0.5193493986597435}
AVGP:{'avg_precision': 0.9375994555967453}


METRICS_PER_CLASSES
CLASS:0
ACC:0.92775
PREC:0.05019305019305019
REC:0.23214285714285715
TNR:0.9376267748478702
FPR:0.9498069498069498
FPDR:0.9498069498069498
F1:0.08253968253968254
BACC:0
CLSFE:0.9498069498069498
MCC:0.08105479985425322
GMEAN:0.46654405841980995
SAMPLES:259
AUC:{}
AVGP:{}
CLASS:1
ACC:0.92775
PREC:0.9885057471264368
REC:0.9376267748478702
TNR:0.23214285714285715
FPR:0.011494252873563218
FPDR:0.011494252873563218
F1:0.9623942745608328
BACC:0
CLSFE:0.011494252873563218
MCC:0.08105479985425322
GMEAN:0.46654405841980995
SAMPLES:3741
AUC:{}
AVGP:{}
