

GENERAL_METRICS
ACC:0.9345
PREC:0.5223769974356128
REC:0.5990893698578443
TNR:0.5990893698578443
FPR:0.4776230025643872
FPDR:0.4776230025643872
F1:0.5281523743660673
BACC:0.0
CLSFE:0.0655
MCC:0.09417690959477215
GMEAN:0.4903499775791971
SAMPLES:4000.0
AUC:{'AUC macro OVO': 0.5223769974356128}
AVGP:{'avg_precision': 0.9432512626944917}


METRICS_PER_CLASSES
CLASS:0
ACC:0.9345
PREC:0.05485232067510549
REC:0.2549019607843137
TNR:0.9432767789313751
FPR:0.9451476793248945
FPDR:0.9451476793248945
F1:0.09027777777777778
BACC:0
CLSFE:0.9451476793248945
MCC:0.09417690959477215
GMEAN:0.4903499775791971
SAMPLES:237
AUC:{}
AVGP:{}
CLASS:1
ACC:0.9345
PREC:0.9899016741961201
REC:0.9432767789313751
TNR:0.2549019607843137
FPR:0.010098325803879883
FPDR:0.010098325803879883
F1:0.9660269709543569
BACC:0
CLSFE:0.010098325803879883
MCC:0.09417690959477215
GMEAN:0.4903499775791971
SAMPLES:3763
AUC:{}
AVGP:{}
