

GENERAL_METRICS
ACC:0.8768888888888889
PREC:0.5692082314800367
REC:0.6609792816689368
TNR:0.6609792816689368
FPR:0.43079176851996326
FPDR:0.43079176851996326
F1:0.587053386559772
BACC:0.0
CLSFE:0.12311111111111112
MCC:0.21110273697168228
GMEAN:0.6166815049698999
SAMPLES:2250.0
AUC:{'AUC macro OVO': 0.5692082314800367}
AVGP:{'avg_precision': 0.8984327220027017}


METRICS_PER_CLASSES
CLASS:0
ACC:0.8768888888888889
PREC:0.1685823754789272
REC:0.4230769230769231
TNR:0.8988816402609506
FPR:0.8314176245210728
FPDR:0.8314176245210728
F1:0.2410958904109589
BACC:0
CLSFE:0.8314176245210728
MCC:0.21110273697168228
GMEAN:0.6166815049698999
SAMPLES:261
AUC:{}
AVGP:{}
CLASS:1
ACC:0.8768888888888889
PREC:0.9698340874811463
REC:0.8988816402609506
TNR:0.4230769230769231
FPR:0.030165912518853696
FPDR:0.030165912518853696
F1:0.9330108827085852
BACC:0
CLSFE:0.030165912518853696
MCC:0.21110273697168228
GMEAN:0.6166815049698999
SAMPLES:1989
AUC:{}
AVGP:{}
