

GENERAL_METRICS
ACC:0.8782222222222222
PREC:0.5910069290874245
REC:0.6667843466419778
TNR:0.6667843466419778
FPR:0.40899307091257553
FPDR:0.40899307091257553
F1:0.6117767965319987
BACC:0.0
CLSFE:0.12177777777777778
MCC:0.24640236368784207
GMEAN:0.6223626218085108
SAMPLES:2250.0
AUC:{'AUC macro OVO': 0.5910069290874245}
AVGP:{'avg_precision': 0.9053576603140696}


METRICS_PER_CLASSES
CLASS:0
ACC:0.8782222222222222
PREC:0.2196078431372549
REC:0.42748091603053434
TNR:0.9060877772534214
FPR:0.7803921568627451
FPDR:0.7803921568627451
F1:0.29015544041450775
BACC:0
CLSFE:0.7803921568627451
MCC:0.24640236368784207
GMEAN:0.6223626218085108
SAMPLES:255
AUC:{}
AVGP:{}
CLASS:1
ACC:0.8782222222222222
PREC:0.9624060150375939
REC:0.9060877772534214
TNR:0.42748091603053434
FPR:0.03759398496240601
FPDR:0.03759398496240601
F1:0.9333981526494896
BACC:0
CLSFE:0.03759398496240601
MCC:0.24640236368784207
GMEAN:0.6223626218085108
SAMPLES:1995
AUC:{}
AVGP:{}
