

GENERAL_METRICS
ACC:0.8751111111111111
PREC:0.5467033824425909
REC:0.6005762061796545
TNR:0.6005762061796545
FPR:0.4532966175574092
FPDR:0.4532966175574092
F1:0.5565805964297812
BACC:0.0
CLSFE:0.12488888888888888
MCC:0.13707295899386243
GMEAN:0.5188313436478952
SAMPLES:2250.0
AUC:{'AUC macro OVO': 0.5467033824425909}
AVGP:{'avg_precision': 0.9027379791183697}


METRICS_PER_CLASSES
CLASS:0
ACC:0.8751111111111111
PREC:0.1297071129707113
REC:0.2980769230769231
TNR:0.9030754892823858
FPR:0.8702928870292888
FPDR:0.8702928870292888
F1:0.18075801749271136
BACC:0
CLSFE:0.8702928870292888
MCC:0.13707295899386243
GMEAN:0.5188313436478952
SAMPLES:239
AUC:{}
AVGP:{}
CLASS:1
ACC:0.8751111111111111
PREC:0.9636996519144704
REC:0.9030754892823858
TNR:0.2980769230769231
FPR:0.036300348085529587
FPDR:0.036300348085529587
F1:0.9324031753668511
BACC:0
CLSFE:0.036300348085529587
MCC:0.13707295899386243
GMEAN:0.5188313436478952
SAMPLES:2011
AUC:{}
AVGP:{}
