

GENERAL_METRICS
ACC:0.884
PREC:0.5828521830636434
REC:0.6796996576408341
TNR:0.6796996576408341
FPR:0.4171478169363566
FPDR:0.4171478169363566
F1:0.6049761236739205
BACC:0.0
CLSFE:0.116
MCC:0.24403695565493708
GMEAN:0.6410284341596039
SAMPLES:2250.0
AUC:{'AUC macro OVO': 0.5828521830636434}
AVGP:{'avg_precision': 0.9051864475655195}


METRICS_PER_CLASSES
CLASS:0
ACC:0.884
PREC:0.1952191235059761
REC:0.4537037037037037
TNR:0.9056956115779645
FPR:0.8047808764940239
FPDR:0.8047808764940239
F1:0.27298050139275765
BACC:0
CLSFE:0.8047808764940239
MCC:0.24403695565493708
GMEAN:0.6410284341596039
SAMPLES:251
AUC:{}
AVGP:{}
CLASS:1
ACC:0.884
PREC:0.9704852426213106
REC:0.9056956115779645
TNR:0.4537037037037037
FPR:0.029514757378689346
FPDR:0.029514757378689346
F1:0.9369717459550834
BACC:0
CLSFE:0.029514757378689346
MCC:0.24403695565493708
GMEAN:0.6410284341596039
SAMPLES:1999
AUC:{}
AVGP:{}
