

GENERAL_METRICS
ACC:0.864
PREC:0.7124822021831989
REC:0.7169515602457848
TNR:0.7169515602457848
FPR:0.28751779781680115
FPDR:0.28751779781680115
F1:0.714675997983208
BACC:0.0
CLSFE:0.136
MCC:0.42941050424089666
GMEAN:0.6878163512260845
SAMPLES:1750.0
AUC:{'AUC macro OVO': 0.7124822021831988}
AVGP:{'avg_precision': 0.9146913157333485}


METRICS_PER_CLASSES
CLASS:0
ACC:0.864
PREC:0.5020408163265306
REC:0.5146443514644351
TNR:0.9192587690271343
FPR:0.49795918367346936
FPDR:0.49795918367346936
F1:0.5082644628099173
BACC:0
CLSFE:0.49795918367346936
MCC:0.42941050424089666
GMEAN:0.6878163512260845
SAMPLES:245
AUC:{}
AVGP:{}
CLASS:1
ACC:0.864
PREC:0.9229235880398671
REC:0.9192587690271343
TNR:0.5146443514644351
FPR:0.07707641196013289
FPDR:0.07707641196013289
F1:0.9210875331564987
BACC:0
CLSFE:0.07707641196013289
MCC:0.42941050424089666
GMEAN:0.6878163512260845
SAMPLES:1505
AUC:{}
AVGP:{}
