

GENERAL_METRICS
ACC:0.8428571428571429
PREC:0.6879510115544865
REC:0.680148676501239
TNR:0.680148676501239
FPR:0.3120489884455135
FPDR:0.3120489884455135
F1:0.6838912283674862
BACC:0.0
CLSFE:0.15714285714285714
MCC:0.3680169886220462
GMEAN:0.6394038004842039
SAMPLES:1750.0
AUC:{'AUC macro OVO': 0.6879510115544865}
AVGP:{'avg_precision': 0.9068697253960405}


METRICS_PER_CLASSES
CLASS:0
ACC:0.8428571428571429
PREC:0.4717741935483871
REC:0.4482758620689655
TNR:0.9120214909335125
FPR:0.5282258064516129
FPDR:0.5282258064516129
F1:0.45972495088408644
BACC:0
CLSFE:0.5282258064516129
MCC:0.3680169886220462
GMEAN:0.6394038004842039
SAMPLES:248
AUC:{}
AVGP:{}
CLASS:1
ACC:0.8428571428571429
PREC:0.9041278295605859
REC:0.9120214909335125
TNR:0.4482758620689655
FPR:0.09587217043941411
FPDR:0.09587217043941411
F1:0.908057505850886
BACC:0
CLSFE:0.09587217043941411
MCC:0.3680169886220462
GMEAN:0.6394038004842039
SAMPLES:1502
AUC:{}
AVGP:{}
