

GENERAL_METRICS
ACC:0.8537142857142858
PREC:0.7067673021029466
REC:0.7000529057781971
TNR:0.7000529057781971
FPR:0.2932326978970534
FPDR:0.2932326978970534
F1:0.7033081145230677
BACC:0.0
CLSFE:0.1462857142857143
MCC:0.4067647949644255
GMEAN:0.6653875347754333
SAMPLES:1750.0
AUC:{'AUC macro OVO': 0.7067673021029467}
AVGP:{'avg_precision': 0.912416027066207}


METRICS_PER_CLASSES
CLASS:0
ACC:0.8537142857142858
PREC:0.5020242914979757
REC:0.48249027237354086
TNR:0.9176155391828533
FPR:0.4979757085020243
FPDR:0.4979757085020243
F1:0.49206349206349204
BACC:0
CLSFE:0.4979757085020243
MCC:0.4067647949644255
GMEAN:0.6653875347754333
SAMPLES:247
AUC:{}
AVGP:{}
CLASS:1
ACC:0.8537142857142858
PREC:0.9115103127079175
REC:0.9176155391828533
TNR:0.48249027237354086
FPR:0.08848968729208251
FPDR:0.08848968729208251
F1:0.9145527369826435
BACC:0
CLSFE:0.08848968729208251
MCC:0.4067647949644255
GMEAN:0.6653875347754333
SAMPLES:1503
AUC:{}
AVGP:{}
