

GENERAL_METRICS
ACC:0.8577142857142858
PREC:0.7190792596108211
REC:0.7072047114832143
TNR:0.7072047114832143
FPR:0.2809207403891789
FPDR:0.2809207403891789
F1:0.7128408100162708
BACC:0.0
CLSFE:0.1422857142857143
MCC:0.4261185505448754
GMEAN:0.6737826126511847
SAMPLES:1750.0
AUC:{'AUC macro OVO': 0.7190792596108211}
AVGP:{'avg_precision': 0.9165601400350087}


METRICS_PER_CLASSES
CLASS:0
ACC:0.8577142857142858
PREC:0.5265306122448979
REC:0.49236641221374045
TNR:0.9220430107526881
FPR:0.47346938775510206
FPDR:0.47346938775510206
F1:0.5088757396449705
BACC:0
CLSFE:0.47346938775510206
MCC:0.4261185505448754
GMEAN:0.6737826126511847
SAMPLES:245
AUC:{}
AVGP:{}
CLASS:1
ACC:0.8577142857142858
PREC:0.9116279069767442
REC:0.9220430107526881
TNR:0.49236641221374045
FPR:0.08837209302325581
FPDR:0.08837209302325581
F1:0.916805880387571
BACC:0
CLSFE:0.08837209302325581
MCC:0.4261185505448754
GMEAN:0.6737826126511847
SAMPLES:1505
AUC:{}
AVGP:{}
