

GENERAL_METRICS
ACC:0.772
PREC:0.772
REC:0.772156762295082
TNR:0.772156762295082
FPR:0.22799999999999998
FPDR:0.22799999999999998
F1:0.771967163271511
BACC:0.0
CLSFE:0.228
MCC:0.5441567397148079
GMEAN:0.7721291353389951
SAMPLES:500.0
AUC:{'AUC macro OVO': 0.772}
AVGP:{'avg_precision': 0.7118032786885246}


METRICS_PER_CLASSES
CLASS:0
ACC:0.772
PREC:0.784
REC:0.765625
TNR:0.7786885245901639
FPR:0.216
FPDR:0.216
F1:0.7747035573122529
BACC:0
CLSFE:0.216
MCC:0.5441567397148079
GMEAN:0.7721291353389951
SAMPLES:250
AUC:{}
AVGP:{}
CLASS:1
ACC:0.772
PREC:0.76
REC:0.7786885245901639
TNR:0.765625
FPR:0.24
FPDR:0.24
F1:0.7692307692307693
BACC:0
CLSFE:0.24
MCC:0.5441567397148079
GMEAN:0.7721291353389951
SAMPLES:250
AUC:{}
AVGP:{}
