

GENERAL_METRICS
ACC:0.772
PREC:0.7700110182124571
REC:0.769104063045023
TNR:0.769104063045023
FPR:0.22998898178754296
FPDR:0.22998898178754296
F1:0.7695069875776397
BACC:0.0
CLSFE:0.228
MCC:0.5391143183700313
GMEAN:0.7685122455993784
SAMPLES:500.0
AUC:{'AUC macro OVO': 0.7700110182124571}
AVGP:{'avg_precision': 0.6658678147173722}


METRICS_PER_CLASSES
CLASS:0
ACC:0.772
PREC:0.7877697841726619
REC:0.7992700729927007
TNR:0.7389380530973452
FPR:0.21223021582733814
FPDR:0.21223021582733814
F1:0.7934782608695652
BACC:0
CLSFE:0.21223021582733814
MCC:0.5391143183700313
GMEAN:0.7685122455993784
SAMPLES:278
AUC:{}
AVGP:{}
CLASS:1
ACC:0.772
PREC:0.7522522522522522
REC:0.7389380530973452
TNR:0.7992700729927007
FPR:0.24774774774774774
FPDR:0.24774774774774774
F1:0.7455357142857143
BACC:0
CLSFE:0.24774774774774774
MCC:0.5391143183700313
GMEAN:0.7685122455993784
SAMPLES:222
AUC:{}
AVGP:{}
