

GENERAL_METRICS
ACC:0.748
PREC:0.7483939185183999
REC:0.7480759692155075
TNR:0.7480759692155075
FPR:0.25160608148160013
FPDR:0.25160608148160013
F1:0.747935471480699
BACC:0.0
CLSFE:0.252
MCC:0.4964697859233322
GMEAN:0.7478348401292693
SAMPLES:500.0
AUC:{'AUC macro OVO': 0.7483939185183999}
AVGP:{'avg_precision': 0.7016758307360716}


METRICS_PER_CLASSES
CLASS:0
ACC:0.748
PREC:0.7593360995850622
REC:0.7290836653386454
TNR:0.7670682730923695
FPR:0.24066390041493776
FPDR:0.24066390041493776
F1:0.7439024390243902
BACC:0
CLSFE:0.24066390041493776
MCC:0.4964697859233322
GMEAN:0.7478348401292693
SAMPLES:241
AUC:{}
AVGP:{}
CLASS:1
ACC:0.748
PREC:0.7374517374517374
REC:0.7670682730923695
TNR:0.7290836653386454
FPR:0.2625482625482625
FPDR:0.2625482625482625
F1:0.7519685039370079
BACC:0
CLSFE:0.2625482625482625
MCC:0.4964697859233322
GMEAN:0.7478348401292693
SAMPLES:259
AUC:{}
AVGP:{}
