

GENERAL_METRICS
ACC:0.75
PREC:0.7538985178390383
REC:0.7534702139965298
TNR:0.7534702139965298
FPR:0.24610148216096173
FPDR:0.24610148216096173
F1:0.7499909996759884
BACC:0.0
CLSFE:0.25
MCC:0.5073685510555922
GMEAN:0.751516685067752
SAMPLES:500.0
AUC:{'AUC macro OVO': 0.7538985178390383}
AVGP:{'avg_precision': 0.7274864169287962}


METRICS_PER_CLASSES
CLASS:0
ACC:0.75
PREC:0.8051948051948052
REC:0.6992481203007519
TNR:0.8076923076923077
FPR:0.19480519480519481
FPDR:0.19480519480519481
F1:0.7484909456740443
BACC:0
CLSFE:0.19480519480519481
MCC:0.5073685510555922
GMEAN:0.751516685067752
SAMPLES:231
AUC:{}
AVGP:{}
CLASS:1
ACC:0.75
PREC:0.7026022304832714
REC:0.8076923076923077
TNR:0.6992481203007519
FPR:0.29739776951672864
FPDR:0.29739776951672864
F1:0.7514910536779325
BACC:0
CLSFE:0.29739776951672864
MCC:0.5073685510555922
GMEAN:0.751516685067752
SAMPLES:269
AUC:{}
AVGP:{}
