

GENERAL_METRICS
ACC:0.906
PREC:0.6920610058848342
REC:0.747166138272429
TNR:0.747166138272429
FPR:0.30793899411516573
FPDR:0.30793899411516573
F1:0.7147768875580096
BACC:0.0
CLSFE:0.094
MCC:0.4357567079794538
GMEAN:0.7230775147835542
SAMPLES:2500.0
AUC:{'AUC macro OVO': 0.6920610058848342}
AVGP:{'avg_precision': 0.9338788895102568}


METRICS_PER_CLASSES
CLASS:0
ACC:0.906
PREC:0.42248062015503873
REC:0.558974358974359
TNR:0.9353579175704989
FPR:0.5775193798449613
FPDR:0.5775193798449613
F1:0.48123620309050774
BACC:0
CLSFE:0.5775193798449613
MCC:0.4357567079794538
GMEAN:0.7230775147835542
SAMPLES:258
AUC:{}
AVGP:{}
CLASS:1
ACC:0.906
PREC:0.9616413916146298
REC:0.9353579175704989
TNR:0.558974358974359
FPR:0.0383586083853702
FPDR:0.0383586083853702
F1:0.9483175720255114
BACC:0
CLSFE:0.0383586083853702
MCC:0.4357567079794538
GMEAN:0.7230775147835542
SAMPLES:2242
AUC:{}
AVGP:{}
