

GENERAL_METRICS
ACC:0.9064
PREC:0.6860244984960139
REC:0.744156298314069
TNR:0.744156298314069
FPR:0.31397550150398607
FPDR:0.31397550150398607
F1:0.7096249645097179
BACC:0.0
CLSFE:0.0936
MCC:0.42623492559159376
GMEAN:0.7192364270963226
SAMPLES:2500.0
AUC:{'AUC macro OVO': 0.686024498496014}
AVGP:{'avg_precision': 0.9337477443944944}


METRICS_PER_CLASSES
CLASS:0
ACC:0.9064
PREC:0.4094488188976378
REC:0.5531914893617021
TNR:0.9351211072664359
FPR:0.5905511811023622
FPDR:0.5905511811023622
F1:0.47058823529411764
BACC:0
CLSFE:0.5905511811023622
MCC:0.42623492559159376
GMEAN:0.7192364270963226
SAMPLES:254
AUC:{}
AVGP:{}
CLASS:1
ACC:0.9064
PREC:0.96260017809439
REC:0.9351211072664359
TNR:0.5531914893617021
FPR:0.037399821905609976
FPDR:0.037399821905609976
F1:0.9486616937253182
BACC:0
CLSFE:0.037399821905609976
MCC:0.42623492559159376
GMEAN:0.7192364270963226
SAMPLES:2246
AUC:{}
AVGP:{}
