

GENERAL_METRICS
ACC:0.9096
PREC:0.6789896882013963
REC:0.753702992273872
TNR:0.753702992273872
FPR:0.32101031179860373
FPDR:0.32101031179860373
F1:0.7075442203491249
BACC:0.0
CLSFE:0.0904
MCC:0.42619347476404007
GMEAN:0.731744865723293
SAMPLES:2500.0
AUC:{'AUC macro OVO': 0.6789896882013963}
AVGP:{'avg_precision': 0.9331800332994713}


METRICS_PER_CLASSES
CLASS:0
ACC:0.9096
PREC:0.3904382470119522
REC:0.5730994152046783
TNR:0.9343065693430657
FPR:0.6095617529880478
FPDR:0.6095617529880478
F1:0.46445497630331756
BACC:0
CLSFE:0.6095617529880478
MCC:0.42619347476404007
GMEAN:0.731744865723293
SAMPLES:251
AUC:{}
AVGP:{}
CLASS:1
ACC:0.9096
PREC:0.9675411293908404
REC:0.9343065693430657
TNR:0.5730994152046783
FPR:0.032458870609159626
FPDR:0.032458870609159626
F1:0.9506334643949322
BACC:0
CLSFE:0.032458870609159626
MCC:0.42619347476404007
GMEAN:0.731744865723293
SAMPLES:2249
AUC:{}
AVGP:{}
