

GENERAL_METRICS
ACC:0.9012
PREC:0.6791354583241356
REC:0.7339996065843475
TNR:0.7339996065843475
FPR:0.3208645416758644
FPDR:0.3208645416758644
F1:0.7013987112997014
BACC:0.0
CLSFE:0.0988
MCC:0.409475893176409
GMEAN:0.7068127270963247
SAMPLES:2500.0
AUC:{'AUC macro OVO': 0.6791354583241356}
AVGP:{'avg_precision': 0.9304569325529805}


METRICS_PER_CLASSES
CLASS:0
ACC:0.9012
PREC:0.39846743295019155
REC:0.5360824742268041
TNR:0.9319167389418908
FPR:0.6015325670498084
FPDR:0.6015325670498084
F1:0.45714285714285713
BACC:0
CLSFE:0.6015325670498084
MCC:0.409475893176409
GMEAN:0.7068127270963247
SAMPLES:261
AUC:{}
AVGP:{}
CLASS:1
ACC:0.9012
PREC:0.9598034836980796
REC:0.9319167389418908
TNR:0.5360824742268041
FPR:0.0401965163019205
FPDR:0.0401965163019205
F1:0.9456545654565457
BACC:0
CLSFE:0.0401965163019205
MCC:0.409475893176409
GMEAN:0.7068127270963247
SAMPLES:2239
AUC:{}
AVGP:{}
