

GENERAL_METRICS
ACC:0.92625
PREC:0.5650421246908649
REC:0.616209501093222
TNR:0.616209501093222
FPR:0.43495787530913504
FPDR:0.43495787530913504
F1:0.5809419501612131
BACC:0.0
CLSFE:0.07375
MCC:0.17387941638237178
GMEAN:0.519383760965666
SAMPLES:4000.0
AUC:{'AUC macro OVO': 0.5650421246908649}
AVGP:{'avg_precision': 0.947616835748643}


METRICS_PER_CLASSES
CLASS:0
ACC:0.92625
PREC:0.15481171548117154
REC:0.2846153846153846
TNR:0.9478036175710595
FPR:0.8451882845188284
FPDR:0.8451882845188284
F1:0.2005420054200542
BACC:0
CLSFE:0.8451882845188284
MCC:0.17387941638237178
GMEAN:0.519383760965666
SAMPLES:239
AUC:{}
AVGP:{}
CLASS:1
ACC:0.92625
PREC:0.9752725339005583
REC:0.9478036175710595
TNR:0.2846153846153846
FPR:0.02472746609944164
FPDR:0.02472746609944164
F1:0.9613418949023719
BACC:0
CLSFE:0.02472746609944164
MCC:0.17387941638237178
GMEAN:0.519383760965666
SAMPLES:3761
AUC:{}
AVGP:{}
