

GENERAL_METRICS
ACC:0.929
PREC:0.581266423667034
REC:0.6358622227344959
TNR:0.6358622227344959
FPR:0.418733576332966
FPDR:0.418733576332966
F1:0.5996639432537736
BACC:0.0
CLSFE:0.071
MCC:0.21015267738562346
GMEAN:0.5525289485385826
SAMPLES:4000.0
AUC:{'AUC macro OVO': 0.581266423667034}
AVGP:{'avg_precision': 0.9503266790461762}


METRICS_PER_CLASSES
CLASS:0
ACC:0.929
PREC:0.18723404255319148
REC:0.32116788321167883
TNR:0.950556562257313
FPR:0.8127659574468085
FPDR:0.8127659574468085
F1:0.23655913978494625
BACC:0
CLSFE:0.8127659574468085
MCC:0.21015267738562346
GMEAN:0.5525289485385826
SAMPLES:235
AUC:{}
AVGP:{}
CLASS:1
ACC:0.929
PREC:0.9752988047808765
REC:0.950556562257313
TNR:0.32116788321167883
FPR:0.024701195219123506
FPDR:0.024701195219123506
F1:0.9627687467226009
BACC:0
CLSFE:0.024701195219123506
MCC:0.21015267738562346
GMEAN:0.5525289485385826
SAMPLES:3765
AUC:{}
AVGP:{}
