

GENERAL_METRICS
ACC:0.9275
PREC:0.5845220391028256
REC:0.649166432049521
TNR:0.649166432049521
FPR:0.4154779608971744
FPDR:0.4154779608971744
F1:0.6053084650446205
BACC:0.0
CLSFE:0.0725
MCC:0.22456937460409496
GMEAN:0.5763113211578755
SAMPLES:4000.0
AUC:{'AUC macro OVO': 0.5845220391028255}
AVGP:{'avg_precision': 0.9477254604053122}


METRICS_PER_CLASSES
CLASS:0
ACC:0.9275
PREC:0.1927710843373494
REC:0.35036496350364965
TNR:0.9479679005953922
FPR:0.8072289156626506
FPDR:0.8072289156626506
F1:0.24870466321243523
BACC:0
CLSFE:0.8072289156626506
MCC:0.22456937460409496
GMEAN:0.5763113211578755
SAMPLES:249
AUC:{}
AVGP:{}
CLASS:1
ACC:0.9275
PREC:0.9762729938683018
REC:0.9479679005953922
TNR:0.35036496350364965
FPR:0.023727006131698213
FPDR:0.023727006131698213
F1:0.9619122668768059
BACC:0
CLSFE:0.023727006131698213
MCC:0.22456937460409496
GMEAN:0.5763113211578755
SAMPLES:3751
AUC:{}
AVGP:{}
