

GENERAL_METRICS
ACC:0.92675
PREC:0.5844091627153751
REC:0.6205575122068359
TNR:0.6205575122068359
FPR:0.4155908372846249
FPDR:0.4155908372846249
F1:0.5982601786371079
BACC:0.0
CLSFE:0.07325
MCC:0.2017538962640139
GMEAN:0.5242174073592939
SAMPLES:4000.0
AUC:{'AUC macro OVO': 0.5844091627153751}
AVGP:{'avg_precision': 0.9523768395326562}


METRICS_PER_CLASSES
CLASS:0
ACC:0.92675
PREC:0.19823788546255505
REC:0.28846153846153844
TNR:0.9526534859521332
FPR:0.801762114537445
FPDR:0.801762114537445
F1:0.2349869451697128
BACC:0
CLSFE:0.801762114537445
MCC:0.2017538962640139
GMEAN:0.5242174073592939
SAMPLES:227
AUC:{}
AVGP:{}
CLASS:1
ACC:0.92675
PREC:0.9705804399681951
REC:0.9526534859521332
TNR:0.28846153846153844
FPR:0.02941956003180493
FPDR:0.02941956003180493
F1:0.961533412104503
BACC:0
CLSFE:0.02941956003180493
MCC:0.2017538962640139
GMEAN:0.5242174073592939
SAMPLES:3773
AUC:{}
AVGP:{}
