

GENERAL_METRICS
ACC:0.8
PREC:0.7966188524590163
REC:0.8249158249158248
TNR:0.8249158249158248
FPR:0.2033811475409836
FPDR:0.2033811475409836
F1:0.7947454844006567
BACC:0.0
CLSFE:0.2
MCC:0.6208901968377555
GMEAN:0.8206099398622182
SAMPLES:500.0
AUC:{'AUC macro OVO': 0.7966188524590163}
AVGP:{'avg_precision': 0.7641251862891207}


METRICS_PER_CLASSES
CLASS:0
ACC:0.8
PREC:0.9375
REC:0.7407407407407407
TNR:0.9090909090909091
FPR:0.0625
FPDR:0.0625
F1:0.8275862068965517
BACC:0
CLSFE:0.0625
MCC:0.6208901968377555
GMEAN:0.8206099398622182
SAMPLES:256
AUC:{}
AVGP:{}
CLASS:1
ACC:0.8
PREC:0.6557377049180327
REC:0.9090909090909091
TNR:0.7407407407407407
FPR:0.3442622950819672
FPDR:0.3442622950819672
F1:0.7619047619047619
BACC:0
CLSFE:0.3442622950819672
MCC:0.6208901968377555
GMEAN:0.8206099398622182
SAMPLES:244
AUC:{}
AVGP:{}
