

GENERAL_METRICS
ACC:0.78
PREC:0.7806684906958512
REC:0.8154321986657316
TNR:0.8154321986657316
FPR:0.21933150930414885
FPDR:0.21933150930414885
F1:0.7739193344185205
BACC:0.0
CLSFE:0.22
MCC:0.5950861420546937
GMEAN:0.8084180646869678
SAMPLES:500.0
AUC:{'AUC macro OVO': 0.7806684906958511}
AVGP:{'avg_precision': 0.7597847651310925}


METRICS_PER_CLASSES
CLASS:0
ACC:0.78
PREC:0.9477911646586346
REC:0.7087087087087087
TNR:0.9221556886227545
FPR:0.05220883534136546
FPDR:0.05220883534136546
F1:0.8109965635738832
BACC:0
CLSFE:0.05220883534136546
MCC:0.5950861420546937
GMEAN:0.8084180646869678
SAMPLES:249
AUC:{}
AVGP:{}
CLASS:1
ACC:0.78
PREC:0.6135458167330677
REC:0.9221556886227545
TNR:0.7087087087087087
FPR:0.38645418326693226
FPDR:0.38645418326693226
F1:0.7368421052631579
BACC:0
CLSFE:0.38645418326693226
MCC:0.5950861420546937
GMEAN:0.8084180646869678
SAMPLES:251
AUC:{}
AVGP:{}
