

GENERAL_METRICS
ACC:0.774
PREC:0.7695952868852459
REC:0.8149135109864423
TNR:0.8149135109864423
FPR:0.2304047131147541
FPDR:0.2304047131147541
F1:0.7643860066138723
BACC:0.0
CLSFE:0.226
MCC:0.582749340071458
GMEAN:0.8077696568990603
SAMPLES:500.0
AUC:{'AUC macro OVO': 0.7695952868852459}
AVGP:{'avg_precision': 0.7426927551560021}


METRICS_PER_CLASSES
CLASS:0
ACC:0.774
PREC:0.953125
REC:0.7072463768115942
TNR:0.9225806451612903
FPR:0.046875
FPDR:0.046875
F1:0.8119800332778702
BACC:0
CLSFE:0.046875
MCC:0.582749340071458
GMEAN:0.8077696568990603
SAMPLES:256
AUC:{}
AVGP:{}
CLASS:1
ACC:0.774
PREC:0.5860655737704918
REC:0.9225806451612903
TNR:0.7072463768115942
FPR:0.4139344262295082
FPDR:0.4139344262295082
F1:0.7167919799498746
BACC:0
CLSFE:0.4139344262295082
MCC:0.582749340071458
GMEAN:0.8077696568990603
SAMPLES:244
AUC:{}
AVGP:{}
