

GENERAL_METRICS
ACC:0.75
PREC:0.760336414997432
REC:0.793441881501583
TNR:0.793441881501583
FPR:0.23966358500256807
FPDR:0.23966358500256807
F1:0.7448552614927396
BACC:0.0
CLSFE:0.25
MCC:0.5527878704900221
GMEAN:0.7830867034786657
SAMPLES:500.0
AUC:{'AUC macro OVO': 0.760336414997432}
AVGP:{'avg_precision': 0.754394857667585}


METRICS_PER_CLASSES
CLASS:0
ACC:0.75
PREC:0.9449152542372882
REC:0.6656716417910448
TNR:0.9212121212121213
FPR:0.05508474576271186
FPDR:0.05508474576271186
F1:0.7810858143607706
BACC:0
CLSFE:0.05508474576271186
MCC:0.5527878704900221
GMEAN:0.7830867034786657
SAMPLES:236
AUC:{}
AVGP:{}
CLASS:1
ACC:0.75
PREC:0.5757575757575758
REC:0.9212121212121213
TNR:0.6656716417910448
FPR:0.42424242424242425
FPDR:0.42424242424242425
F1:0.7086247086247086
BACC:0
CLSFE:0.42424242424242425
MCC:0.5527878704900221
GMEAN:0.7830867034786657
SAMPLES:264
AUC:{}
AVGP:{}
