

GENERAL_METRICS
ACC:0.9733333333333333
PREC:0.9733333333333333
REC:0.948641975308642
TNR:0.9866666666666667
FPR:0.02666666666666667
FPDR:0.02666666666666667
F1:0.9605128205128205
BACC:0.0
CLSFE:0.02666666666666667
MCC:0.9409363471940212
GMEAN:0.9673824510421728
SAMPLES:750.0
AUC:0.9967333333333334
AVGP:0.9944723345432147


METRICS_PER_CLASSES

======>> CLASS:0
ACC:0.9733333333333334
PREC:1.0
REC:0.9259259259259259
TNR:1.0
FPR:0.0
FPDR:0.0
F1:0.9615384615384616
BACC:0
CLSFE:0.0
MCC:0.9428090415820634
GMEAN:0.9622504486493763
SAMPLES:250
AUC:1.0
AVGP:1.0

======>> CLASS:1
ACC:0.9733333333333334
PREC:0.96
REC:0.96
TNR:0.98
FPR:0.04
FPDR:0.04
F1:0.96
BACC:0
CLSFE:0.04
MCC:0.94
GMEAN:0.9699484522385713
SAMPLES:250
AUC:0.9947
AVGP:0.9871984156351409

======>> CLASS:2
ACC:0.9733333333333334
PREC:0.96
REC:0.96
TNR:0.98
FPR:0.04
FPDR:0.04
F1:0.96
BACC:0
CLSFE:0.04
MCC:0.94
GMEAN:0.9699484522385713
SAMPLES:250
AUC:0.9947
AVGP:0.9872258362769097
