

GENERAL_METRICS
ACC:0.8746666666666667
PREC:0.6219159113796576
REC:0.6788420216218636
TNR:0.6788420216218636
FPR:0.37808408862034243
FPDR:0.37808408862034243
F1:0.6419106226973922
BACC:0.0
CLSFE:0.12533333333333332
MCC:0.29532143883578743
GMEAN:0.6382695587562791
SAMPLES:2250.0
AUC:{'AUC macro OVO': 0.6219159113796575}
AVGP:{'avg_precision': 0.9087016785125006}


METRICS_PER_CLASSES
CLASS:0
ACC:0.8746666666666667
PREC:0.2916666666666667
REC:0.4476744186046512
TNR:0.9100096246390761
FPR:0.7083333333333334
FPDR:0.7083333333333334
F1:0.3532110091743119
BACC:0
CLSFE:0.7083333333333334
MCC:0.29532143883578743
GMEAN:0.6382695587562791
SAMPLES:264
AUC:{}
AVGP:{}
CLASS:1
ACC:0.8746666666666667
PREC:0.9521651560926485
REC:0.9100096246390761
TNR:0.4476744186046512
FPR:0.04783484390735146
FPDR:0.04783484390735146
F1:0.9306102362204725
BACC:0
CLSFE:0.04783484390735146
MCC:0.29532143883578743
GMEAN:0.6382695587562791
SAMPLES:1986
AUC:{}
AVGP:{}
