

GENERAL_METRICS
ACC:0.8742222222222222
PREC:0.5926357575449132
REC:0.6426954242135368
TNR:0.6426954242135368
FPR:0.4073642424550868
FPDR:0.4073642424550868
F1:0.6090898654360544
BACC:0.0
CLSFE:0.12577777777777777
MCC:0.22994519973431693
GMEAN:0.5842915095739049
SAMPLES:2250.0
AUC:{'AUC macro OVO': 0.5926357575449133}
AVGP:{'avg_precision': 0.909477344663973}


METRICS_PER_CLASSES
CLASS:0
ACC:0.8742222222222222
PREC:0.23265306122448978
REC:0.375
TNR:0.9103908484270734
FPR:0.7673469387755102
FPDR:0.7673469387755102
F1:0.2871536523929471
BACC:0
CLSFE:0.7673469387755102
MCC:0.22994519973431693
GMEAN:0.5842915095739049
SAMPLES:245
AUC:{}
AVGP:{}
CLASS:1
ACC:0.8742222222222222
PREC:0.9526184538653366
REC:0.9103908484270734
TNR:0.375
FPR:0.04738154613466334
FPDR:0.04738154613466334
F1:0.9310260784791616
BACC:0
CLSFE:0.04738154613466334
MCC:0.22994519973431693
GMEAN:0.5842915095739049
SAMPLES:2005
AUC:{}
AVGP:{}
