

GENERAL_METRICS
ACC:0.8715555555555555
PREC:0.5848216222021649
REC:0.6272305938336473
TNR:0.6272305938336473
FPR:0.41517837779783506
FPDR:0.41517837779783506
F1:0.5989762407684361
BACC:0.0
CLSFE:0.12844444444444444
MCC:0.20776819162436513
GMEAN:0.5597203801325792
SAMPLES:2250.0
AUC:{'AUC macro OVO': 0.5848216222021649}
AVGP:{'avg_precision': 0.9094297527116103}


METRICS_PER_CLASSES
CLASS:0
ACC:0.8715555555555555
PREC:0.21991701244813278
REC:0.34415584415584416
TNR:0.9103053435114504
FPR:0.7800829875518672
FPDR:0.7800829875518672
F1:0.2683544303797468
BACC:0
CLSFE:0.7800829875518672
MCC:0.20776819162436513
GMEAN:0.5597203801325792
SAMPLES:241
AUC:{}
AVGP:{}
CLASS:1
ACC:0.8715555555555555
PREC:0.9497262319561971
REC:0.9103053435114504
TNR:0.34415584415584416
FPR:0.05027376804380289
FPDR:0.05027376804380289
F1:0.9295980511571255
BACC:0
CLSFE:0.05027376804380289
MCC:0.20776819162436513
GMEAN:0.5597203801325792
SAMPLES:2009
AUC:{}
AVGP:{}
