

GENERAL_METRICS
ACC:0.8786666666666667
PREC:0.6112219616908205
REC:0.6786413125282224
TNR:0.6786413125282224
FPR:0.38877803830917945
FPDR:0.38877803830917945
F1:0.6328932435024943
BACC:0.0
CLSFE:0.12133333333333333
MCC:0.28191372594048597
GMEAN:0.6380179313612965
SAMPLES:2250.0
AUC:{'AUC macro OVO': 0.6112219616908205}
AVGP:{'avg_precision': 0.9088969135858568}


METRICS_PER_CLASSES
CLASS:0
ACC:0.8786666666666667
PREC:0.26459143968871596
REC:0.4473684210526316
TNR:0.9099142040038132
FPR:0.7354085603112841
FPDR:0.7354085603112841
F1:0.33251833740831294
BACC:0
CLSFE:0.7354085603112841
MCC:0.28191372594048597
GMEAN:0.6380179313612965
SAMPLES:257
AUC:{}
AVGP:{}
CLASS:1
ACC:0.8786666666666667
PREC:0.9578524836929252
REC:0.9099142040038132
TNR:0.4473684210526316
FPR:0.042147516307074764
FPDR:0.042147516307074764
F1:0.9332681495966756
BACC:0
CLSFE:0.042147516307074764
MCC:0.28191372594048597
GMEAN:0.6380179313612965
SAMPLES:1993
AUC:{}
AVGP:{}
