

GENERAL_METRICS
ACC:0.936
PREC:0.5822287447674445
REC:0.6817051018796398
TNR:0.6817051018796398
FPR:0.41777125523255554
FPDR:0.41777125523255554
F1:0.6090164472729661
BACC:0.0
CLSFE:0.064
MCC:0.244469895450572
GMEAN:0.6267114460527182
SAMPLES:4000.0
AUC:{'AUC macro OVO': 0.5822287447674445}
AVGP:{'avg_precision': 0.9497954572745722}


METRICS_PER_CLASSES
CLASS:0
ACC:0.936
PREC:0.18067226890756302
REC:0.41346153846153844
TNR:0.9499486652977412
FPR:0.819327731092437
FPDR:0.819327731092437
F1:0.25146198830409355
BACC:0
CLSFE:0.819327731092437
MCC:0.244469895450572
GMEAN:0.6267114460527182
SAMPLES:238
AUC:{}
AVGP:{}
CLASS:1
ACC:0.936
PREC:0.9837852206273259
REC:0.9499486652977412
TNR:0.41346153846153844
FPR:0.01621477937267411
FPDR:0.01621477937267411
F1:0.9665709062418386
BACC:0
CLSFE:0.01621477937267411
MCC:0.244469895450572
GMEAN:0.6267114460527182
SAMPLES:3762
AUC:{}
AVGP:{}
