

GENERAL_METRICS
ACC:0.92775
PREC:0.5517386600046622
REC:0.6129585572955052
TNR:0.6129585572955052
FPR:0.44826133999533774
FPDR:0.44826133999533774
F1:0.5670734653110123
BACC:0.0
CLSFE:0.07225
MCC:0.152896362161162
GMEAN:0.5148840581263937
SAMPLES:4000.0
AUC:{'AUC macro OVO': 0.5517386600046622}
AVGP:{'avg_precision': 0.9454194582339421}


METRICS_PER_CLASSES
CLASS:0
ACC:0.92775
PREC:0.12396694214876033
REC:0.2803738317757009
TNR:0.9455432828153095
FPR:0.8760330578512396
FPDR:0.8760330578512396
F1:0.17191977077363896
BACC:0
CLSFE:0.8760330578512396
MCC:0.152896362161162
GMEAN:0.5148840581263937
SAMPLES:242
AUC:{}
AVGP:{}
CLASS:1
ACC:0.92775
PREC:0.9795103778605642
REC:0.9455432828153095
TNR:0.2803738317757009
FPR:0.02048962213943587
FPDR:0.02048962213943587
F1:0.9622271598483858
BACC:0
CLSFE:0.02048962213943587
MCC:0.152896362161162
GMEAN:0.5148840581263937
SAMPLES:3758
AUC:{}
AVGP:{}
