

GENERAL_METRICS
ACC:0.93025
PREC:0.5706121898110412
REC:0.6580782992653496
TNR:0.6580782992653496
FPR:0.4293878101889588
FPDR:0.4293878101889588
F1:0.5931638401396366
BACC:0.0
CLSFE:0.06975
MCC:0.21130314595605482
GMEAN:0.5918540323550534
SAMPLES:4000.0
AUC:{'AUC macro OVO': 0.5706121898110412}
AVGP:{'avg_precision': 0.9456313966012725}


METRICS_PER_CLASSES
CLASS:0
ACC:0.93025
PREC:0.1593625498007968
REC:0.37037037037037035
TNR:0.9457862281603289
FPR:0.8406374501992032
FPDR:0.8406374501992032
F1:0.22284122562674094
BACC:0
CLSFE:0.8406374501992032
MCC:0.21130314595605482
GMEAN:0.5918540323550534
SAMPLES:251
AUC:{}
AVGP:{}
CLASS:1
ACC:0.93025
PREC:0.9818618298212857
REC:0.9457862281603289
TNR:0.37037037037037035
FPR:0.018138170178714323
FPDR:0.018138170178714323
F1:0.9634864546525324
BACC:0
CLSFE:0.018138170178714323
MCC:0.21130314595605482
GMEAN:0.5918540323550534
SAMPLES:3749
AUC:{}
AVGP:{}
