

GENERAL_METRICS
ACC:0.93275
PREC:0.5828979843685725
REC:0.7008266254101363
TNR:0.7008266254101363
FPR:0.4171020156314274
FPDR:0.4171020156314274
F1:0.6118649564195768
BACC:0.0
CLSFE:0.06725
MCC:0.2580552069154402
GMEAN:0.6567875692596743
SAMPLES:4000.0
AUC:{'AUC macro OVO': 0.5828979843685725}
AVGP:{'avg_precision': 0.9451877091798297}


METRICS_PER_CLASSES
CLASS:0
ACC:0.93275
PREC:0.18076923076923077
REC:0.4563106796116505
TNR:0.945342571208622
FPR:0.8192307692307692
FPDR:0.8192307692307692
F1:0.25895316804407714
BACC:0
CLSFE:0.8192307692307692
MCC:0.2580552069154402
GMEAN:0.6567875692596743
SAMPLES:260
AUC:{}
AVGP:{}
CLASS:1
ACC:0.93275
PREC:0.9850267379679144
REC:0.945342571208622
TNR:0.4563106796116505
FPR:0.014973262032085561
FPDR:0.014973262032085561
F1:0.9647767447950766
BACC:0
CLSFE:0.014973262032085561
MCC:0.2580552069154402
GMEAN:0.6567875692596743
SAMPLES:3740
AUC:{}
AVGP:{}
