

GENERAL_METRICS
ACC:0.752
PREC:0.6104789850330371
REC:0.6573559036651733
TNR:0.6573559036651733
FPR:0.3895210149669629
FPDR:0.3895210149669629
F1:0.6209434838962119
BACC:0.0
CLSFE:0.248
MCC:0.26370074346413747
GMEAN:0.6426281390999882
SAMPLES:1000.0
AUC:{'AUC macro OVO': 0.610478985033037}
AVGP:{'avg_precision': 0.7906587023109792}


METRICS_PER_CLASSES
CLASS:0
ACC:0.752
PREC:0.3228346456692913
REC:0.5189873417721519
TNR:0.7957244655581948
FPR:0.6771653543307087
FPDR:0.6771653543307087
F1:0.39805825242718446
BACC:0
CLSFE:0.6771653543307087
MCC:0.26370074346413747
GMEAN:0.6426281390999882
SAMPLES:254
AUC:{}
AVGP:{}
CLASS:1
ACC:0.752
PREC:0.8981233243967829
REC:0.7957244655581948
TNR:0.5189873417721519
FPR:0.10187667560321716
FPDR:0.10187667560321716
F1:0.8438287153652393
BACC:0
CLSFE:0.10187667560321716
MCC:0.26370074346413747
GMEAN:0.6426281390999882
SAMPLES:746
AUC:{}
AVGP:{}
