

GENERAL_METRICS
ACC:0.769
PREC:0.6335003035822708
REC:0.6770241030543954
TNR:0.6770241030543954
FPR:0.3664996964177292
FPDR:0.3664996964177292
F1:0.6462908775201774
BACC:0.0
CLSFE:0.231
MCC:0.3074590801985915
GMEAN:0.6627891733050488
SAMPLES:1000.0
AUC:{'AUC macro OVO': 0.6335003035822708}
AVGP:{'avg_precision': 0.8091039526921879}


METRICS_PER_CLASSES
CLASS:0
ACC:0.769
PREC:0.36885245901639346
REC:0.5389221556886228
TNR:0.8151260504201681
FPR:0.6311475409836066
FPDR:0.6311475409836066
F1:0.43795620437956206
BACC:0
CLSFE:0.6311475409836066
MCC:0.3074590801985915
GMEAN:0.6627891733050488
SAMPLES:244
AUC:{}
AVGP:{}
CLASS:1
ACC:0.769
PREC:0.8981481481481481
REC:0.8151260504201681
TNR:0.5389221556886228
FPR:0.10185185185185185
FPDR:0.10185185185185185
F1:0.8546255506607929
BACC:0
CLSFE:0.10185185185185185
MCC:0.3074590801985915
GMEAN:0.6627891733050488
SAMPLES:756
AUC:{}
AVGP:{}
