

GENERAL_METRICS
ACC:0.759
PREC:0.5991135873002028
REC:0.6519147051696621
TNR:0.6519147051696621
FPR:0.4008864126997972
FPDR:0.4008864126997972
F1:0.6092983744542741
BACC:0.0
CLSFE:0.241
MCC:0.24541239897786649
GMEAN:0.6348186177395782
SAMPLES:1000.0
AUC:{'AUC macro OVO': 0.5991135873002029}
AVGP:{'avg_precision': 0.7963879240865532}


METRICS_PER_CLASSES
CLASS:0
ACC:0.759
PREC:0.2892561983471074
REC:0.5035971223021583
TNR:0.8002322880371661
FPR:0.7107438016528925
FPDR:0.7107438016528925
F1:0.3674540682414698
BACC:0
CLSFE:0.7107438016528925
MCC:0.24541239897786649
GMEAN:0.6348186177395782
SAMPLES:242
AUC:{}
AVGP:{}
CLASS:1
ACC:0.759
PREC:0.9089709762532981
REC:0.8002322880371661
TNR:0.5035971223021583
FPR:0.09102902374670185
FPDR:0.09102902374670185
F1:0.8511426806670784
BACC:0
CLSFE:0.09102902374670185
MCC:0.24541239897786649
GMEAN:0.6348186177395782
SAMPLES:758
AUC:{}
AVGP:{}
