

GENERAL_METRICS
ACC:0.759
PREC:0.6152825280985537
REC:0.6663519695434589
TNR:0.6663519695434589
FPR:0.3847174719014463
FPDR:0.3847174719014463
F1:0.6269205464607763
BACC:0.0
CLSFE:0.241
MCC:0.276965525675262
GMEAN:0.6527632839117937
SAMPLES:1000.0
AUC:{'AUC macro OVO': 0.6152825280985537}
AVGP:{'avg_precision': 0.7953111445678557}


METRICS_PER_CLASSES
CLASS:0
ACC:0.759
PREC:0.32669322709163345
REC:0.5324675324675324
TNR:0.8002364066193853
FPR:0.6733067729083665
FPDR:0.6733067729083665
F1:0.4049382716049383
BACC:0
CLSFE:0.6733067729083665
MCC:0.276965525675262
GMEAN:0.6527632839117937
SAMPLES:251
AUC:{}
AVGP:{}
CLASS:1
ACC:0.759
PREC:0.9038718291054739
REC:0.8002364066193853
TNR:0.5324675324675324
FPR:0.09612817089452604
FPDR:0.09612817089452604
F1:0.8489028213166144
BACC:0
CLSFE:0.09612817089452604
MCC:0.276965525675262
GMEAN:0.6527632839117937
SAMPLES:749
AUC:{}
AVGP:{}
