

GENERAL_METRICS
ACC:0.9276923076923077
PREC:0.5019618220951978
REC:0.7139778325123153
TNR:0.7139778325123153
FPR:0.4980381779048022
FPDR:0.4980381779048022
F1:0.4854584321152088
BACC:0.0
CLSFE:0.07230769230769231
MCC:0.04097738106346904
GMEAN:0.6811591829464794
SAMPLES:3250.0
AUC:{'AUC macro OVO': 0.5019618220951978}
AVGP:{'avg_precision': 0.9279555776755982}


METRICS_PER_CLASSES
CLASS:0
ACC:0.9276923076923077
PREC:0.00425531914893617
REC:0.5
TNR:0.9279556650246306
FPR:0.9957446808510638
FPDR:0.9957446808510638
F1:0.008438818565400843
BACC:0
CLSFE:0.9957446808510638
MCC:0.04097738106346904
GMEAN:0.6811591829464794
SAMPLES:235
AUC:{}
AVGP:{}
CLASS:1
ACC:0.9276923076923077
PREC:0.9996683250414594
REC:0.9279556650246306
TNR:0.5
FPR:0.0003316749585406302
FPDR:0.0003316749585406302
F1:0.9624780456650167
BACC:0
CLSFE:0.0003316749585406302
MCC:0.04097738106346904
GMEAN:0.6811591829464794
SAMPLES:3015
AUC:{}
AVGP:{}
