

GENERAL_METRICS
ACC:0.893
PREC:0.5783293765718287
REC:0.572125637592086
TNR:0.572125637592086
FPR:0.4216706234281713
FPDR:0.4216706234281713
F1:0.5750173766259558
BACC:0.0
CLSFE:0.107
MCC:0.15032705980539565
GMEAN:0.43335039805908626
SAMPLES:4000.0
AUC:{'AUC macro OVO': 0.5783293765718287}
AVGP:{'avg_precision': 0.9450555097782207}


METRICS_PER_CLASSES
CLASS:0
ACC:0.893
PREC:0.21705426356589147
REC:0.19858156028368795
TNR:0.9456697149004841
FPR:0.7829457364341085
FPDR:0.7829457364341085
F1:0.2074074074074074
BACC:0
CLSFE:0.7829457364341085
MCC:0.15032705980539565
GMEAN:0.43335039805908626
SAMPLES:258
AUC:{}
AVGP:{}
CLASS:1
ACC:0.893
PREC:0.9396044895777659
REC:0.9456697149004841
TNR:0.19858156028368795
FPR:0.0603955104222341
FPDR:0.0603955104222341
F1:0.942627345844504
BACC:0
CLSFE:0.0603955104222341
MCC:0.15032705980539565
GMEAN:0.43335039805908626
SAMPLES:3742
AUC:{}
AVGP:{}
