

GENERAL_METRICS
ACC:0.89375
PREC:0.5913607945011373
REC:0.5812069408397175
TNR:0.5812069408397175
FPR:0.4086392054988627
FPDR:0.4086392054988627
F1:0.5858102489548409
BACC:0.0
CLSFE:0.10625
MCC:0.17226875089955745
GMEAN:0.45133854566198267
SAMPLES:4000.0
AUC:{'AUC macro OVO': 0.5913607945011373}
AVGP:{'avg_precision': 0.946665585440289}


METRICS_PER_CLASSES
CLASS:0
ACC:0.89375
PREC:0.2441860465116279
REC:0.2150170648464164
TNR:0.9473968168330186
FPR:0.7558139534883721
FPDR:0.7558139534883721
F1:0.22867513611615245
BACC:0
CLSFE:0.7558139534883721
MCC:0.17226875089955745
GMEAN:0.45133854566198267
SAMPLES:258
AUC:{}
AVGP:{}
CLASS:1
ACC:0.89375
PREC:0.9385355424906467
REC:0.9473968168330186
TNR:0.2150170648464164
FPR:0.06146445750935329
FPDR:0.06146445750935329
F1:0.9429453617935293
BACC:0
CLSFE:0.06146445750935329
MCC:0.17226875089955745
GMEAN:0.45133854566198267
SAMPLES:3742
AUC:{}
AVGP:{}
