

GENERAL_METRICS
ACC:0.89625
PREC:0.5984350940822336
REC:0.5904656489910672
TNR:0.5904656489910672
FPR:0.40156490591776633
FPDR:0.40156490591776633
F1:0.5941914619350369
BACC:0.0
CLSFE:0.10375
MCC:0.18873255860763433
GMEAN:0.4703074907191747
SAMPLES:4000.0
AUC:{'AUC macro OVO': 0.5984350940822336}
AVGP:{'avg_precision': 0.9467177755422973}


METRICS_PER_CLASSES
CLASS:0
ACC:0.89625
PREC:0.25572519083969464
REC:0.23344947735191637
TNR:0.9474818206302181
FPR:0.7442748091603053
FPDR:0.7442748091603053
F1:0.24408014571949
BACC:0
CLSFE:0.7442748091603053
MCC:0.18873255860763433
GMEAN:0.4703074907191747
SAMPLES:262
AUC:{}
AVGP:{}
CLASS:1
ACC:0.89625
PREC:0.9411449973247726
REC:0.9474818206302181
TNR:0.23344947735191637
FPR:0.05885500267522739
FPDR:0.05885500267522739
F1:0.9443027781505838
BACC:0
CLSFE:0.05885500267522739
MCC:0.18873255860763433
GMEAN:0.4703074907191747
SAMPLES:3738
AUC:{}
AVGP:{}
