

GENERAL_METRICS
ACC:0.89225
PREC:0.573027971409505
REC:0.5576334576992665
TNR:0.5576334576992665
FPR:0.426972028590495
FPDR:0.426972028590495
F1:0.563782732425492
BACC:0.0
CLSFE:0.10775
MCC:0.12975136995181127
GMEAN:0.3954057973093551
SAMPLES:4000.0
AUC:{'AUC macro OVO': 0.573027971409505}
AVGP:{'avg_precision': 0.9502700572815366}


METRICS_PER_CLASSES
CLASS:0
ACC:0.89225
PREC:0.21212121212121213
REC:0.1644295302013423
TNR:0.9508373851971907
FPR:0.7878787878787878
FPDR:0.7878787878787878
F1:0.18525519848771266
BACC:0
CLSFE:0.7878787878787878
MCC:0.12975136995181127
GMEAN:0.3954057973093551
SAMPLES:231
AUC:{}
AVGP:{}
CLASS:1
ACC:0.89225
PREC:0.9339347306977979
REC:0.9508373851971907
TNR:0.1644295302013423
FPR:0.06606526930220218
FPDR:0.06606526930220218
F1:0.9423102663632713
BACC:0
CLSFE:0.06606526930220218
MCC:0.12975136995181127
GMEAN:0.3954057973093551
SAMPLES:3769
AUC:{}
AVGP:{}
