

GENERAL_METRICS
ACC:0.903
PREC:0.7963390007165657
REC:0.7489487359658167
TNR:0.7489487359658167
FPR:0.20366099928343429
FPDR:0.20366099928343429
F1:0.7695299599172208
BACC:0.0
CLSFE:0.097
MCC:0.5432245194972785
GMEAN:0.7191890222915757
SAMPLES:2000.0
AUC:{'AUC macro OVO': 0.7963390007165658}
AVGP:{'avg_precision': 0.9535352567048697}


METRICS_PER_CLASSES
CLASS:0
ACC:0.903
PREC:0.6604651162790698
REC:0.5399239543726235
TNR:0.9579735175590098
FPR:0.3395348837209302
FPDR:0.3395348837209302
F1:0.5941422594142259
BACC:0
CLSFE:0.3395348837209302
MCC:0.5432245194972785
GMEAN:0.7191890222915757
SAMPLES:215
AUC:{}
AVGP:{}
CLASS:1
ACC:0.903
PREC:0.9322128851540616
REC:0.9579735175590098
TNR:0.5399239543726235
FPR:0.06778711484593837
FPDR:0.06778711484593837
F1:0.9449176604202157
BACC:0
CLSFE:0.06778711484593837
MCC:0.5432245194972785
GMEAN:0.7191890222915757
SAMPLES:1785
AUC:{}
AVGP:{}
