

GENERAL_METRICS
ACC:0.9155
PREC:0.7955855967254732
REC:0.7855652207832735
TNR:0.7855652207832735
FPR:0.20441440327452676
FPDR:0.20441440327452676
F1:0.7904493250050373
BACC:0.0
CLSFE:0.0845
MCC:0.5810644239299646
GMEAN:0.7671302652179665
SAMPLES:2000.0
AUC:{'AUC macro OVO': 0.7955855967254734}
AVGP:{'avg_precision': 0.9514329822747678}


METRICS_PER_CLASSES
CLASS:0
ACC:0.9155
PREC:0.6412556053811659
REC:0.6163793103448276
TNR:0.9547511312217195
FPR:0.35874439461883406
FPDR:0.35874439461883406
F1:0.6285714285714286
BACC:0
CLSFE:0.35874439461883406
MCC:0.5810644239299646
GMEAN:0.7671302652179665
SAMPLES:223
AUC:{}
AVGP:{}
CLASS:1
ACC:0.9155
PREC:0.9499155880697805
REC:0.9547511312217195
TNR:0.6163793103448276
FPR:0.05008441193021947
FPDR:0.05008441193021947
F1:0.952327221438646
BACC:0
CLSFE:0.05008441193021947
MCC:0.5810644239299646
GMEAN:0.7671302652179665
SAMPLES:1777
AUC:{}
AVGP:{}
