

GENERAL_METRICS
ACC:0.901
PREC:0.7672989626663445
REC:0.7557222016470128
TNR:0.7557222016470128
FPR:0.23270103733365552
FPDR:0.23270103733365552
F1:0.7613163763486227
BACC:0.0
CLSFE:0.099
MCC:0.5228930262721058
GMEAN:0.7310810243996706
SAMPLES:2000.0
AUC:{'AUC macro OVO': 0.7672989626663445}
AVGP:{'avg_precision': 0.9434751543164797}


METRICS_PER_CLASSES
CLASS:0
ACC:0.901
PREC:0.5938864628820961
REC:0.5643153526970954
TNR:0.9471290505969301
FPR:0.40611353711790393
FPDR:0.40611353711790393
F1:0.5787234042553191
BACC:0
CLSFE:0.40611353711790393
MCC:0.5228930262721058
GMEAN:0.7310810243996706
SAMPLES:229
AUC:{}
AVGP:{}
CLASS:1
ACC:0.901
PREC:0.9407114624505929
REC:0.9471290505969301
TNR:0.5643153526970954
FPR:0.05928853754940711
FPDR:0.05928853754940711
F1:0.9439093484419263
BACC:0
CLSFE:0.05928853754940711
MCC:0.5228930262721058
GMEAN:0.7310810243996706
SAMPLES:1771
AUC:{}
AVGP:{}
