

GENERAL_METRICS
ACC:0.8855
PREC:0.7547325045656386
REC:0.7360476678285109
TNR:0.7360476678285109
FPR:0.2452674954343614
FPDR:0.2452674954343614
F1:0.7448148096558065
BACC:0.0
CLSFE:0.1145
MCC:0.4904243616413626
GMEAN:0.7070832429143388
SAMPLES:2000.0
AUC:{'AUC macro OVO': 0.7547325045656386}
AVGP:{'avg_precision': 0.9359354773474774}


METRICS_PER_CLASSES
CLASS:0
ACC:0.8855
PREC:0.5813008130081301
REC:0.5315985130111525
TNR:0.9404968226458694
FPR:0.4186991869918699
FPDR:0.4186991869918699
F1:0.5553398058252427
BACC:0
CLSFE:0.4186991869918699
MCC:0.4904243616413626
GMEAN:0.7070832429143388
SAMPLES:246
AUC:{}
AVGP:{}
CLASS:1
ACC:0.8855
PREC:0.928164196123147
REC:0.9404968226458694
TNR:0.5315985130111525
FPR:0.07183580387685291
FPDR:0.07183580387685291
F1:0.9342898134863702
BACC:0
CLSFE:0.07183580387685291
MCC:0.4904243616413626
GMEAN:0.7070832429143388
SAMPLES:1754
AUC:{}
AVGP:{}
