

GENERAL_METRICS
ACC:0.857
PREC:0.6116696300115229
REC:0.6620560879143366
TNR:0.6620560879143366
FPR:0.3883303699884771
FPDR:0.3883303699884771
F1:0.6289030061451586
BACC:0.0
CLSFE:0.143
MCC:0.2690482735756451
GMEAN:0.618886219669883
SAMPLES:2000.0
AUC:{'AUC macro OVO': 0.611669630011523}
AVGP:{'avg_precision': 0.8956499257537263}


METRICS_PER_CLASSES
CLASS:0
ACC:0.857
PREC:0.2796934865900383
REC:0.4269005847953216
TNR:0.8972115910333516
FPR:0.7203065134099617
FPDR:0.7203065134099617
F1:0.33796296296296297
BACC:0
CLSFE:0.7203065134099617
MCC:0.2690482735756451
GMEAN:0.618886219669883
SAMPLES:261
AUC:{}
AVGP:{}
CLASS:1
ACC:0.857
PREC:0.9436457734330075
REC:0.8972115910333516
TNR:0.4269005847953216
FPR:0.05635422656699252
FPDR:0.05635422656699252
F1:0.9198430493273543
BACC:0
CLSFE:0.05635422656699252
MCC:0.2690482735756451
GMEAN:0.618886219669883
SAMPLES:1739
AUC:{}
AVGP:{}
