

GENERAL_METRICS
ACC:0.8445
PREC:0.6031085676146152
REC:0.6275868515258134
TNR:0.6275868515258134
FPR:0.3968914323853848
FPDR:0.3968914323853848
F1:0.6128930271578569
BACC:0.0
CLSFE:0.1555
MCC:0.22939309063077903
GMEAN:0.5661545974973425
SAMPLES:2000.0
AUC:{'AUC macro OVO': 0.6031085676146152}
AVGP:{'avg_precision': 0.8965284476678032}


METRICS_PER_CLASSES
CLASS:0
ACC:0.8445
PREC:0.2795275590551181
REC:0.35678391959798994
TNR:0.8983897834536368
FPR:0.7204724409448819
FPDR:0.7204724409448819
F1:0.31346578366445915
BACC:0
CLSFE:0.7204724409448819
MCC:0.22939309063077903
GMEAN:0.5661545974973425
SAMPLES:254
AUC:{}
AVGP:{}
CLASS:1
ACC:0.8445
PREC:0.9266895761741123
REC:0.8983897834536368
TNR:0.35678391959798994
FPR:0.07331042382588775
FPDR:0.07331042382588775
F1:0.9123202706512545
BACC:0
CLSFE:0.07331042382588775
MCC:0.22939309063077903
GMEAN:0.5661545974973425
SAMPLES:1746
AUC:{}
AVGP:{}
