

GENERAL_METRICS
ACC:0.8435
PREC:0.5977531216698982
REC:0.6221944431874745
TNR:0.6221944431874745
FPR:0.40224687833010175
FPDR:0.40224687833010175
F1:0.6073755691015862
BACC:0.0
CLSFE:0.1565
MCC:0.2185853450923979
GMEAN:0.5579966330946017
SAMPLES:2000.0
AUC:{'AUC macro OVO': 0.5977531216698982}
AVGP:{'avg_precision': 0.8956953231196464}


METRICS_PER_CLASSES
CLASS:0
ACC:0.8435
PREC:0.26877470355731226
REC:0.3469387755102041
TNR:0.897450110864745
FPR:0.7312252964426877
FPDR:0.7312252964426877
F1:0.3028953229398664
BACC:0
CLSFE:0.7312252964426877
MCC:0.2185853450923979
GMEAN:0.5579966330946017
SAMPLES:253
AUC:{}
AVGP:{}
CLASS:1
ACC:0.8435
PREC:0.9267315397824842
REC:0.897450110864745
TNR:0.3469387755102041
FPR:0.07326846021751574
FPDR:0.07326846021751574
F1:0.9118558152633061
BACC:0
CLSFE:0.07326846021751574
MCC:0.2185853450923979
GMEAN:0.5579966330946017
SAMPLES:1747
AUC:{}
AVGP:{}
