

GENERAL_METRICS
ACC:0.8595
PREC:0.6221223961573878
REC:0.6631336210544131
TNR:0.6631336210544131
FPR:0.37787760384261215
FPDR:0.37787760384261215
F1:0.637600554561429
BACC:0.0
CLSFE:0.1405
MCC:0.28229253406348687
GMEAN:0.6181577315935489
SAMPLES:2000.0
AUC:{'AUC macro OVO': 0.6221223961573878}
AVGP:{'avg_precision': 0.9014058407844219}


METRICS_PER_CLASSES
CLASS:0
ACC:0.8595
PREC:0.30434782608695654
REC:0.4230769230769231
TNR:0.9031903190319032
FPR:0.6956521739130435
FPDR:0.6956521739130435
F1:0.35402298850574715
BACC:0
CLSFE:0.6956521739130435
MCC:0.28229253406348687
GMEAN:0.6181577315935489
SAMPLES:253
AUC:{}
AVGP:{}
CLASS:1
ACC:0.8595
PREC:0.9398969662278192
REC:0.9031903190319032
TNR:0.4230769230769231
FPR:0.06010303377218088
FPDR:0.06010303377218088
F1:0.9211781206171108
BACC:0
CLSFE:0.06010303377218088
MCC:0.28229253406348687
GMEAN:0.6181577315935489
SAMPLES:1747
AUC:{}
AVGP:{}
