

GENERAL_METRICS
ACC:0.8448
PREC:0.7390999579419599
REC:0.7423618019042205
TNR:0.7423618019042205
FPR:0.26090004205804007
FPDR:0.26090004205804007
F1:0.7407071584070759
BACC:0.0
CLSFE:0.1552
MCC:0.48145071042438703
GMEAN:0.7247232692327863
SAMPLES:1250.0
AUC:{'AUC macro OVO': 0.7390999579419597}
AVGP:{'avg_precision': 0.8950192788628953}


METRICS_PER_CLASSES
CLASS:0
ACC:0.8448
PREC:0.5714285714285714
REC:0.5814977973568282
TNR:0.9032258064516129
FPR:0.42857142857142855
FPDR:0.42857142857142855
F1:0.5764192139737991
BACC:0
CLSFE:0.42857142857142855
MCC:0.48145071042438703
GMEAN:0.7247232692327863
SAMPLES:231
AUC:{}
AVGP:{}
CLASS:1
ACC:0.8448
PREC:0.9067713444553483
REC:0.9032258064516129
TNR:0.5814977973568282
FPR:0.09322865554465162
FPDR:0.09322865554465162
F1:0.9049951028403526
BACC:0
CLSFE:0.09322865554465162
MCC:0.48145071042438703
GMEAN:0.7247232692327863
SAMPLES:1019
AUC:{}
AVGP:{}
