

GENERAL_METRICS
ACC:0.832
PREC:0.7324570584929982
REC:0.7619532423674311
TNR:0.7619532423674311
FPR:0.26754294150700175
FPDR:0.26754294150700175
F1:0.74504662004662
BACC:0.0
CLSFE:0.168
MCC:0.4935296553741689
GMEAN:0.7534647795229714
SAMPLES:1250.0
AUC:{'AUC macro OVO': 0.7324570584929982}
AVGP:{'avg_precision': 0.8666873726470129}


METRICS_PER_CLASSES
CLASS:0
ACC:0.832
PREC:0.5516014234875445
REC:0.6485355648535565
TNR:0.8753709198813057
FPR:0.4483985765124555
FPDR:0.4483985765124555
F1:0.5961538461538461
BACC:0
CLSFE:0.4483985765124555
MCC:0.4935296553741689
GMEAN:0.7534647795229714
SAMPLES:281
AUC:{}
AVGP:{}
CLASS:1
ACC:0.832
PREC:0.913312693498452
REC:0.8753709198813057
TNR:0.6485355648535565
FPR:0.08668730650154799
FPDR:0.08668730650154799
F1:0.8939393939393939
BACC:0
CLSFE:0.08668730650154799
MCC:0.4935296553741689
GMEAN:0.7534647795229714
SAMPLES:969
AUC:{}
AVGP:{}
