

GENERAL_METRICS
ACC:0.8552
PREC:0.7477365968178702
REC:0.7884386389059286
TNR:0.7884386389059286
FPR:0.25226340318212986
FPDR:0.25226340318212986
F1:0.7647823261858349
BACC:0.0
CLSFE:0.1448
MCC:0.5346281204475996
GMEAN:0.7818750656837473
SAMPLES:1250.0
AUC:{'AUC macro OVO': 0.7477365968178701}
AVGP:{'avg_precision': 0.8832707801257852}


METRICS_PER_CLASSES
CLASS:0
ACC:0.8552
PREC:0.5632183908045977
REC:0.6869158878504673
TNR:0.88996138996139
FPR:0.4367816091954023
FPDR:0.4367816091954023
F1:0.6189473684210526
BACC:0
CLSFE:0.4367816091954023
MCC:0.5346281204475996
GMEAN:0.7818750656837473
SAMPLES:261
AUC:{}
AVGP:{}
CLASS:1
ACC:0.8552
PREC:0.9322548028311426
REC:0.88996138996139
TNR:0.6869158878504673
FPR:0.06774519716885744
FPDR:0.06774519716885744
F1:0.9106172839506173
BACC:0
CLSFE:0.06774519716885744
MCC:0.5346281204475996
GMEAN:0.7818750656837473
SAMPLES:989
AUC:{}
AVGP:{}
