

GENERAL_METRICS
ACC:0.8496
PREC:0.7582421913489014
REC:0.7694525206749215
TNR:0.7694525206749215
FPR:0.24175780865109864
FPDR:0.24175780865109864
F1:0.7635776833429915
BACC:0.0
CLSFE:0.1504
MCC:0.5275756226497843
GMEAN:0.7583141855450581
SAMPLES:1250.0
AUC:{'AUC macro OVO': 0.7582421913489015}
AVGP:{'avg_precision': 0.8908160903626159}


METRICS_PER_CLASSES
CLASS:0
ACC:0.8496
PREC:0.6039215686274509
REC:0.6390041493775933
TNR:0.8999008919722498
FPR:0.396078431372549
FPDR:0.396078431372549
F1:0.6209677419354839
BACC:0
CLSFE:0.396078431372549
MCC:0.5275756226497843
GMEAN:0.7583141855450581
SAMPLES:255
AUC:{}
AVGP:{}
CLASS:1
ACC:0.8496
PREC:0.9125628140703518
REC:0.8999008919722498
TNR:0.6390041493775933
FPR:0.08743718592964825
FPDR:0.08743718592964825
F1:0.906187624750499
BACC:0
CLSFE:0.08743718592964825
MCC:0.5275756226497843
GMEAN:0.7583141855450581
SAMPLES:995
AUC:{}
AVGP:{}
