

GENERAL_METRICS
ACC:0.8472
PREC:0.7300663324683656
REC:0.756158424908425
TNR:0.756158424908425
FPR:0.2699336675316344
FPDR:0.2699336675316344
F1:0.7416402355158918
BACC:0.0
CLSFE:0.1528
MCC:0.48552416767676787
GMEAN:0.7436236887540569
SAMPLES:1250.0
AUC:{'AUC macro OVO': 0.7300663324683656}
AVGP:{'avg_precision': 0.8864451094000152}


METRICS_PER_CLASSES
CLASS:0
ACC:0.8472
PREC:0.5394190871369294
REC:0.6190476190476191
TNR:0.8932692307692308
FPR:0.4605809128630705
FPDR:0.4605809128630705
F1:0.5764966740576497
BACC:0
CLSFE:0.4605809128630705
MCC:0.48552416767676787
GMEAN:0.7436236887540569
SAMPLES:241
AUC:{}
AVGP:{}
CLASS:1
ACC:0.8472
PREC:0.9207135777998018
REC:0.8932692307692308
TNR:0.6190476190476191
FPR:0.07928642220019821
FPDR:0.07928642220019821
F1:0.9067837969741337
BACC:0
CLSFE:0.07928642220019821
MCC:0.48552416767676787
GMEAN:0.7436236887540569
SAMPLES:1009
AUC:{}
AVGP:{}
