

GENERAL_METRICS
ACC:0.836
PREC:0.7356031286682241
REC:0.752499418739828
TNR:0.752499418739828
FPR:0.264396871331776
FPDR:0.264396871331776
F1:0.7433647905506164
BACC:0.0
CLSFE:0.164
MCC:0.4878100164695738
GMEAN:0.7403176454933275
SAMPLES:1250.0
AUC:{'AUC macro OVO': 0.7356031286682241}
AVGP:{'avg_precision': 0.878504648365219}


METRICS_PER_CLASSES
CLASS:0
ACC:0.836
PREC:0.5632183908045977
REC:0.6176470588235294
TNR:0.8873517786561265
FPR:0.4367816091954023
FPDR:0.4367816091954023
F1:0.5891783567134269
BACC:0
CLSFE:0.4367816091954023
MCC:0.4878100164695738
GMEAN:0.7403176454933275
SAMPLES:261
AUC:{}
AVGP:{}
CLASS:1
ACC:0.836
PREC:0.9079878665318504
REC:0.8873517786561265
TNR:0.6176470588235294
FPR:0.09201213346814964
FPDR:0.09201213346814964
F1:0.8975512243878061
BACC:0
CLSFE:0.09201213346814964
MCC:0.4878100164695738
GMEAN:0.7403176454933275
SAMPLES:989
AUC:{}
AVGP:{}
