

GENERAL_METRICS
ACC:0.8368
PREC:0.7465664131265154
REC:0.7361349683493972
TNR:0.7361349683493972
FPR:0.2534335868734846
FPDR:0.2534335868734846
F1:0.7410904660371611
BACC:0.0
CLSFE:0.1632
MCC:0.48258865365714565
GMEAN:0.7165497566632865
SAMPLES:1250.0
AUC:{'AUC macro OVO': 0.7465664131265155}
AVGP:{'avg_precision': 0.8945548282335422}


METRICS_PER_CLASSES
CLASS:0
ACC:0.8368
PREC:0.6008403361344538
REC:0.5674603174603174
TNR:0.9048096192384769
FPR:0.39915966386554624
FPDR:0.39915966386554624
F1:0.5836734693877551
BACC:0
CLSFE:0.39915966386554624
MCC:0.48258865365714565
GMEAN:0.7165497566632865
SAMPLES:238
AUC:{}
AVGP:{}
CLASS:1
ACC:0.8368
PREC:0.892292490118577
REC:0.9048096192384769
TNR:0.5674603174603174
FPR:0.10770750988142293
FPDR:0.10770750988142293
F1:0.8985074626865671
BACC:0
CLSFE:0.10770750988142293
MCC:0.48258865365714565
GMEAN:0.7165497566632865
SAMPLES:1012
AUC:{}
AVGP:{}
