

GENERAL_METRICS
ACC:0.8488
PREC:0.7494597062188681
REC:0.7760230179028134
TNR:0.7760230179028134
FPR:0.2505402937811319
FPDR:0.2505402937811319
F1:0.761231228226562
BACC:0.0
CLSFE:0.1512
MCC:0.5248109029190654
GMEAN:0.7674316951036205
SAMPLES:1250.0
AUC:{'AUC macro OVO': 0.7494597062188681}
AVGP:{'avg_precision': 0.8831491507241195}


METRICS_PER_CLASSES
CLASS:0
ACC:0.8488
PREC:0.5779467680608364
REC:0.6608695652173913
TNR:0.8911764705882353
FPR:0.4220532319391635
FPDR:0.4220532319391635
F1:0.6166328600405679
BACC:0
CLSFE:0.4220532319391635
MCC:0.5248109029190654
GMEAN:0.7674316951036205
SAMPLES:263
AUC:{}
AVGP:{}
CLASS:1
ACC:0.8488
PREC:0.9209726443768997
REC:0.8911764705882353
TNR:0.6608695652173913
FPR:0.0790273556231003
FPDR:0.0790273556231003
F1:0.905829596412556
BACC:0
CLSFE:0.0790273556231003
MCC:0.5248109029190654
GMEAN:0.7674316951036205
SAMPLES:987
AUC:{}
AVGP:{}
