

GENERAL_METRICS
ACC:0.9371764705882353
PREC:0.5033828924721442
REC:0.668904593639576
TNR:0.668904593639576
FPR:0.49661710752785576
FPDR:0.49661710752785576
F1:0.49115696042122653
BACC:0.0
CLSFE:0.06282352941176471
MCC:0.047807366726641584
GMEAN:0.6124734075138779
SAMPLES:4250.0
AUC:{'AUC macro OVO': 0.5033828924721443}
AVGP:{'avg_precision': 0.9378088880151662}


METRICS_PER_CLASSES
CLASS:0
ACC:0.9371764705882353
PREC:0.007518796992481203
REC:0.4
TNR:0.937809187279152
FPR:0.9924812030075187
FPDR:0.9924812030075187
F1:0.014760147601476014
BACC:0
CLSFE:0.9924812030075187
MCC:0.047807366726641584
GMEAN:0.6124734075138779
SAMPLES:266
AUC:{}
AVGP:{}
CLASS:1
ACC:0.9371764705882353
PREC:0.9992469879518072
REC:0.937809187279152
TNR:0.4
FPR:0.0007530120481927711
FPDR:0.0007530120481927711
F1:0.967553773240977
BACC:0
CLSFE:0.0007530120481927711
MCC:0.047807366726641584
GMEAN:0.6124734075138779
SAMPLES:3984
AUC:{}
AVGP:{}
