

GENERAL_METRICS
ACC:0.9435294117647058
PREC:0.501842735823765
REC:0.6386468879993721
TNR:0.6386468879993721
FPR:0.498157264176235
FPDR:0.498157264176235
F1:0.4896008678786811
BACC:0.0
CLSFE:0.05647058823529412
MCC:0.031968083293808784
GMEAN:0.5609398193108333
SAMPLES:4250.0
AUC:{'AUC macro OVO': 0.501842735823765}
AVGP:{'avg_precision': 0.9439603450654194}


METRICS_PER_CLASSES
CLASS:0
ACC:0.9435294117647058
PREC:0.0041841004184100415
REC:0.3333333333333333
TNR:0.9439604426654109
FPR:0.99581589958159
FPDR:0.99581589958159
F1:0.008264462809917356
BACC:0
CLSFE:0.99581589958159
MCC:0.031968083293808784
GMEAN:0.5609398193108333
SAMPLES:239
AUC:{}
AVGP:{}
CLASS:1
ACC:0.9435294117647058
PREC:0.99950137122912
REC:0.9439604426654109
TNR:0.3333333333333333
FPR:0.0004986287708800798
FPDR:0.0004986287708800798
F1:0.9709372729474449
BACC:0
CLSFE:0.0004986287708800798
MCC:0.031968083293808784
GMEAN:0.5609398193108333
SAMPLES:4011
AUC:{}
AVGP:{}
