

GENERAL_METRICS
ACC:0.9301176470588235
PREC:0.49936836786255684
REC:0.4656065959952886
TNR:0.4656065959952886
FPR:0.5006316321374431
FPDR:0.5006316321374431
F1:0.4818968669998781
BACC:0.0
CLSFE:0.06988235294117646
MCC:-0.009321797956497829
GMEAN:0.0
SAMPLES:4250.0
AUC:{'AUC macro OVO': 0.49936836786255684}
AVGP:{'avg_precision': 0.9312132942210679}


METRICS_PER_CLASSES
CLASS:0
ACC:0.9301176470588235
PREC:0.0
REC:0.0
TNR:0.9312131919905772
FPR:1.0
FPDR:1.0
F1:0.0
BACC:0
CLSFE:1.0
MCC:-0.009321797956497829
GMEAN:0
SAMPLES:292
AUC:{}
AVGP:{}
CLASS:1
ACC:0.9301176470588235
PREC:0.9987367357251137
REC:0.9312131919905772
TNR:0.0
FPR:0.0012632642748863063
FPDR:0.0012632642748863063
F1:0.9637937339997562
BACC:0
CLSFE:0.0012632642748863063
MCC:-0.009321797956497829
GMEAN:0
SAMPLES:3958
AUC:{}
AVGP:{}
