

GENERAL_METRICS
ACC:0.9416470588235294
PREC:0.49925149700598803
REC:0.47148916116870876
TNR:0.47148916116870876
FPR:0.500748502994012
FPDR:0.500748502994012
F1:0.484973339796413
BACC:0.0
CLSFE:0.05835294117647059
MCC:-0.009239144598287095
GMEAN:0.0
SAMPLES:4250.0
AUC:{'AUC macro OVO': 0.49925149700598803}
AVGP:{'avg_precision': 0.942978442848184}


METRICS_PER_CLASSES
CLASS:0
ACC:0.9416470588235294
PREC:0.0
REC:0.0
TNR:0.9429783223374175
FPR:1.0
FPDR:1.0
F1:0.0
BACC:0
CLSFE:1.0
MCC:-0.009239144598287095
GMEAN:0
SAMPLES:242
AUC:{}
AVGP:{}
CLASS:1
ACC:0.9416470588235294
PREC:0.9985029940119761
REC:0.9429783223374175
TNR:0.0
FPR:0.0014970059880239522
FPDR:0.0014970059880239522
F1:0.969946679592826
BACC:0
CLSFE:0.0014970059880239522
MCC:-0.009239144598287095
GMEAN:0
SAMPLES:4008
AUC:{}
AVGP:{}
