

GENERAL_METRICS
ACC:0.811
PREC:0.7655685968208398
REC:0.7512645365529707
TNR:0.7512645365529707
FPR:0.23443140317916022
FPDR:0.23443140317916022
F1:0.7577044224711841
BACC:0.0
CLSFE:0.189
MCC:0.5166351532879312
GMEAN:0.7392290222342399
SAMPLES:1000.0
AUC:{'AUC macro OVO': 0.7655685968208398}
AVGP:{'avg_precision': 0.8654213861665164}


METRICS_PER_CLASSES
CLASS:0
ACC:0.811
PREC:0.6732283464566929
REC:0.6173285198555957
TNR:0.8852005532503457
FPR:0.32677165354330706
FPDR:0.32677165354330706
F1:0.6440677966101694
BACC:0
CLSFE:0.32677165354330706
MCC:0.5166351532879312
GMEAN:0.7392290222342399
SAMPLES:254
AUC:{}
AVGP:{}
CLASS:1
ACC:0.811
PREC:0.8579088471849866
REC:0.8852005532503457
TNR:0.6173285198555957
FPR:0.14209115281501342
FPDR:0.14209115281501342
F1:0.8713410483321987
BACC:0
CLSFE:0.14209115281501342
MCC:0.5166351532879312
GMEAN:0.7392290222342399
SAMPLES:746
AUC:{}
AVGP:{}
