

GENERAL_METRICS
ACC:0.813
PREC:0.7641037039307959
REC:0.7610294117647058
TNR:0.7610294117647058
FPR:0.2358962960692041
FPDR:0.2358962960692041
F1:0.762533350095685
BACC:0.0
CLSFE:0.187
MCC:0.5251241166883719
GMEAN:0.7524469885568253
SAMPLES:1000.0
AUC:{'AUC macro OVO': 0.764103703930796}
AVGP:{'avg_precision': 0.8564024556616644}


METRICS_PER_CLASSES
CLASS:0
ACC:0.813
PREC:0.6591760299625468
REC:0.6470588235294118
TNR:0.875
FPR:0.3408239700374532
FPDR:0.3408239700374532
F1:0.6530612244897959
BACC:0
CLSFE:0.3408239700374532
MCC:0.5251241166883719
GMEAN:0.7524469885568253
SAMPLES:267
AUC:{}
AVGP:{}
CLASS:1
ACC:0.813
PREC:0.869031377899045
REC:0.875
TNR:0.6470588235294118
FPR:0.13096862210095497
FPDR:0.13096862210095497
F1:0.8720054757015743
BACC:0
CLSFE:0.13096862210095497
MCC:0.5251241166883719
GMEAN:0.7524469885568253
SAMPLES:733
AUC:{}
AVGP:{}
