

GENERAL_METRICS
ACC:0.823
PREC:0.7712011157254031
REC:0.7705320755497631
TNR:0.7705320755497631
FPR:0.22879888427459705
FPDR:0.22879888427459705
F1:0.770865184582981
BACC:0.0
CLSFE:0.177
MCC:0.541732778142895
GMEAN:0.7626072036082402
SAMPLES:1000.0
AUC:{'AUC macro OVO': 0.7712011157254031}
AVGP:{'avg_precision': 0.8636863666200938}


METRICS_PER_CLASSES
CLASS:0
ACC:0.823
PREC:0.6628352490421456
REC:0.6603053435114504
TNR:0.8807588075880759
FPR:0.3371647509578544
FPDR:0.3371647509578544
F1:0.6615678776290631
BACC:0
CLSFE:0.3371647509578544
MCC:0.541732778142895
GMEAN:0.7626072036082402
SAMPLES:261
AUC:{}
AVGP:{}
CLASS:1
ACC:0.823
PREC:0.8795669824086604
REC:0.8807588075880759
TNR:0.6603053435114504
FPR:0.12043301759133965
FPDR:0.12043301759133965
F1:0.8801624915368991
BACC:0
CLSFE:0.12043301759133965
MCC:0.541732778142895
GMEAN:0.7626072036082402
SAMPLES:739
AUC:{}
AVGP:{}
