

GENERAL_METRICS
ACC:0.804
PREC:0.7647757647757647
REC:0.7462957846829423
TNR:0.7462957846829423
FPR:0.23522423522423522
FPDR:0.23522423522423522
F1:0.7542319749216302
BACC:0.0
CLSFE:0.196
MCC:0.5107373287727193
GMEAN:0.7334166946449658
SAMPLES:1000.0
AUC:{'AUC macro OVO': 0.7647757647757647}
AVGP:{'avg_precision': 0.8622912010415535}


METRICS_PER_CLASSES
CLASS:0
ACC:0.804
PREC:0.6833976833976834
REC:0.6082474226804123
TNR:0.8843441466854725
FPR:0.3166023166023166
FPDR:0.3166023166023166
F1:0.6436363636363637
BACC:0
CLSFE:0.3166023166023166
MCC:0.5107373287727193
GMEAN:0.7334166946449658
SAMPLES:259
AUC:{}
AVGP:{}
CLASS:1
ACC:0.804
PREC:0.8461538461538461
REC:0.8843441466854725
TNR:0.6082474226804123
FPR:0.15384615384615385
FPDR:0.15384615384615385
F1:0.8648275862068966
BACC:0
CLSFE:0.15384615384615385
MCC:0.5107373287727193
GMEAN:0.7334166946449658
SAMPLES:741
AUC:{}
AVGP:{}
