

GENERAL_METRICS
ACC:0.78
PREC:0.7550336120004257
REC:0.7472298069596139
TNR:0.7472298069596139
FPR:0.2449663879995742
FPDR:0.2449663879995742
F1:0.7507306864121535
BACC:0.0
CLSFE:0.22
MCC:0.5022027903669128
GMEAN:0.7402957828298714
SAMPLES:750.0
AUC:{'AUC macro OVO': 0.7550336120004258}
AVGP:{'avg_precision': 0.8192969193864024}


METRICS_PER_CLASSES
CLASS:0
ACC:0.78
PREC:0.6861924686192469
REC:0.6456692913385826
TNR:0.8487903225806451
FPR:0.3138075313807531
FPDR:0.3138075313807531
F1:0.665314401622718
BACC:0
CLSFE:0.3138075313807531
MCC:0.5022027903669128
GMEAN:0.7402957828298714
SAMPLES:239
AUC:{}
AVGP:{}
CLASS:1
ACC:0.78
PREC:0.8238747553816047
REC:0.8487903225806451
TNR:0.6456692913385826
FPR:0.1761252446183953
FPDR:0.1761252446183953
F1:0.8361469712015889
BACC:0
CLSFE:0.1761252446183953
MCC:0.5022027903669128
GMEAN:0.7402957828298714
SAMPLES:511
AUC:{}
AVGP:{}
