

GENERAL_METRICS
ACC:0.752
PREC:0.7223478618421053
REC:0.7240629183400267
TNR:0.7240629183400267
FPR:0.27765213815789475
FPDR:0.27765213815789475
F1:0.7231791338582677
BACC:0.0
CLSFE:0.248
MCC:0.4464074856496346
GMEAN:0.7190358088594287
SAMPLES:750.0
AUC:{'AUC macro OVO': 0.7223478618421053}
AVGP:{'avg_precision': 0.7815003170577044}


METRICS_PER_CLASSES
CLASS:0
ACC:0.752
PREC:0.62890625
REC:0.6388888888888888
TNR:0.8092369477911646
FPR:0.37109375
FPDR:0.37109375
F1:0.6338582677165354
BACC:0
CLSFE:0.37109375
MCC:0.4464074856496346
GMEAN:0.7190358088594287
SAMPLES:256
AUC:{}
AVGP:{}
CLASS:1
ACC:0.752
PREC:0.8157894736842105
REC:0.8092369477911646
TNR:0.6388888888888888
FPR:0.18421052631578946
FPDR:0.18421052631578946
F1:0.8125
BACC:0
CLSFE:0.18421052631578946
MCC:0.4464074856496346
GMEAN:0.7190358088594287
SAMPLES:494
AUC:{}
AVGP:{}
