

GENERAL_METRICS
ACC:0.7626666666666667
PREC:0.7485000275224307
REC:0.7391136568276572
TNR:0.7391136568276572
FPR:0.2514999724775692
FPDR:0.2514999724775692
F1:0.7428914790191743
BACC:0.0
CLSFE:0.23733333333333334
MCC:0.4875233340165858
GMEAN:0.732852104713781
SAMPLES:750.0
AUC:{'AUC macro OVO': 0.7485000275224307}
AVGP:{'avg_precision': 0.7979985026697544}


METRICS_PER_CLASSES
CLASS:0
ACC:0.7626666666666667
PREC:0.7027027027027027
REC:0.6431095406360424
TNR:0.8351177730192719
FPR:0.2972972972972973
FPDR:0.2972972972972973
F1:0.6715867158671587
BACC:0
CLSFE:0.2972972972972973
MCC:0.4875233340165858
GMEAN:0.732852104713781
SAMPLES:259
AUC:{}
AVGP:{}
CLASS:1
ACC:0.7626666666666667
PREC:0.7942973523421588
REC:0.8351177730192719
TNR:0.6431095406360424
FPR:0.20570264765784113
FPDR:0.20570264765784113
F1:0.81419624217119
BACC:0
CLSFE:0.20570264765784113
MCC:0.4875233340165858
GMEAN:0.732852104713781
SAMPLES:491
AUC:{}
AVGP:{}
