

GENERAL_METRICS
ACC:0.7653333333333333
PREC:0.7526551254619723
REC:0.7443727846719997
TNR:0.7443727846719997
FPR:0.24734487453802761
FPDR:0.24734487453802761
F1:0.7477527059255182
BACC:0.0
CLSFE:0.23466666666666666
MCC:0.4969588979816969
GMEAN:0.7389943756833586
SAMPLES:750.0
AUC:{'AUC macro OVO': 0.7526551254619724}
AVGP:{'avg_precision': 0.7955167330943421}


METRICS_PER_CLASSES
CLASS:0
ACC:0.7653333333333333
PREC:0.7094339622641509
REC:0.6550522648083623
TNR:0.8336933045356372
FPR:0.29056603773584905
FPDR:0.29056603773584905
F1:0.6811594202898551
BACC:0
CLSFE:0.29056603773584905
MCC:0.4969588979816969
GMEAN:0.7389943756833586
SAMPLES:265
AUC:{}
AVGP:{}
CLASS:1
ACC:0.7653333333333333
PREC:0.7958762886597938
REC:0.8336933045356372
TNR:0.6550522648083623
FPR:0.20412371134020618
FPDR:0.20412371134020618
F1:0.8143459915611815
BACC:0
CLSFE:0.20412371134020618
MCC:0.4969588979816969
GMEAN:0.7389943756833586
SAMPLES:485
AUC:{}
AVGP:{}
