

GENERAL_METRICS
ACC:0.92625
PREC:0.567001231533944
REC:0.6179569740841716
TNR:0.6179569740841716
FPR:0.43299876846605606
FPDR:0.43299876846605606
F1:0.5830917562047783
BACC:0.0
CLSFE:0.07375
MCC:0.177800590906296
GMEAN:0.5224167041841499
SAMPLES:4000.0
AUC:{'AUC macro OVO': 0.5670012315339439}
AVGP:{'avg_precision': 0.9478405830315872}


METRICS_PER_CLASSES
CLASS:0
ACC:0.92625
PREC:0.1589958158995816
REC:0.2878787878787879
TNR:0.9480351602895554
FPR:0.8410041841004184
FPDR:0.8410041841004184
F1:0.20485175202156333
BACC:0
CLSFE:0.8410041841004184
MCC:0.177800590906296
GMEAN:0.5224167041841499
SAMPLES:239
AUC:{}
AVGP:{}
CLASS:1
ACC:0.92625
PREC:0.9750066471683063
REC:0.9480351602895554
TNR:0.2878787878787879
FPR:0.0249933528316937
FPDR:0.0249933528316937
F1:0.9613317603879932
BACC:0
CLSFE:0.0249933528316937
MCC:0.177800590906296
GMEAN:0.5224167041841499
SAMPLES:3761
AUC:{}
AVGP:{}
