

GENERAL_METRICS
ACC:0.9265
PREC:0.5801363969124466
REC:0.6166081370595201
TNR:0.6166081370595201
FPR:0.41986360308755344
FPDR:0.41986360308755344
F1:0.593866556154165
BACC:0.0
CLSFE:0.0735
MCC:0.19333448688345978
GMEAN:0.5173040500281608
SAMPLES:4000.0
AUC:{'AUC macro OVO': 0.5801363969124466}
AVGP:{'avg_precision': 0.951910448943215}


METRICS_PER_CLASSES
CLASS:0
ACC:0.9265
PREC:0.1894273127753304
REC:0.28104575163398693
TNR:0.9521705224850533
FPR:0.8105726872246696
FPDR:0.8105726872246696
F1:0.22631578947368422
BACC:0
CLSFE:0.8105726872246696
MCC:0.19333448688345978
GMEAN:0.5173040500281608
SAMPLES:227
AUC:{}
AVGP:{}
CLASS:1
ACC:0.9265
PREC:0.9708454810495627
REC:0.9521705224850533
TNR:0.28104575163398693
FPR:0.029154518950437316
FPDR:0.029154518950437316
F1:0.9614173228346456
BACC:0
CLSFE:0.029154518950437316
MCC:0.19333448688345978
GMEAN:0.5173040500281608
SAMPLES:3773
AUC:{}
AVGP:{}
