

GENERAL_METRICS
ACC:0.9285
PREC:0.5888046989343672
REC:0.6567245682887057
TNR:0.6567245682887057
FPR:0.4111953010656328
FPDR:0.4111953010656328
F1:0.6107524862164189
BACC:0.0
CLSFE:0.0715
MCC:0.23594811380892347
GMEAN:0.5883558784907846
SAMPLES:4000.0
AUC:{'AUC macro OVO': 0.5888046989343672}
AVGP:{'avg_precision': 0.9482366326439275}


METRICS_PER_CLASSES
CLASS:0
ACC:0.9285
PREC:0.20080321285140562
REC:0.36496350364963503
TNR:0.9484856329277763
FPR:0.7991967871485943
FPDR:0.7991967871485943
F1:0.25906735751295334
BACC:0
CLSFE:0.7991967871485943
MCC:0.23594811380892347
GMEAN:0.5883558784907846
SAMPLES:249
AUC:{}
AVGP:{}
CLASS:1
ACC:0.9285
PREC:0.9768061850173287
REC:0.9484856329277763
TNR:0.36496350364963503
FPR:0.023193814982671288
FPDR:0.023193814982671288
F1:0.9624376149198844
BACC:0
CLSFE:0.023193814982671288
MCC:0.23594811380892347
GMEAN:0.5883558784907846
SAMPLES:3751
AUC:{}
AVGP:{}
