

GENERAL_METRICS
ACC:0.8528
PREC:0.7651180865982095
REC:0.7634582613066558
TNR:0.7634582613066558
FPR:0.23488191340179052
FPDR:0.23488191340179052
F1:0.7642824347369802
BACC:0.0
CLSFE:0.1472
MCC:0.5285737418226967
GMEAN:0.749334096149287
SAMPLES:1250.0
AUC:{'AUC macro OVO': 0.7651180865982095}
AVGP:{'avg_precision': 0.90019131412127}


METRICS_PER_CLASSES
CLASS:0
ACC:0.8528
PREC:0.6224066390041494
REC:0.6172839506172839
TNR:0.9096325719960278
FPR:0.3775933609958506
FPDR:0.3775933609958506
F1:0.6198347107438017
BACC:0
CLSFE:0.3775933609958506
MCC:0.5285737418226967
GMEAN:0.749334096149287
SAMPLES:241
AUC:{}
AVGP:{}
CLASS:1
ACC:0.8528
PREC:0.9078295341922695
REC:0.9096325719960278
TNR:0.6172839506172839
FPR:0.09217046580773043
FPDR:0.09217046580773043
F1:0.9087301587301587
BACC:0
CLSFE:0.09217046580773043
MCC:0.5285737418226967
GMEAN:0.749334096149287
SAMPLES:1009
AUC:{}
AVGP:{}
