

GENERAL_METRICS
ACC:0.836
PREC:0.7557129571196067
REC:0.7359544104970788
TNR:0.7359544104970788
FPR:0.24428704288039327
FPDR:0.24428704288039327
F1:0.7448956735301759
BACC:0.0
CLSFE:0.164
MCC:0.4912701906430782
GMEAN:0.7151647279237681
SAMPLES:1250.0
AUC:{'AUC macro OVO': 0.7557129571196068}
AVGP:{'avg_precision': 0.8981770991753777}


METRICS_PER_CLASSES
CLASS:0
ACC:0.836
PREC:0.6260504201680672
REC:0.5622641509433962
TNR:0.9096446700507614
FPR:0.3739495798319328
FPDR:0.3739495798319328
F1:0.5924453280318092
BACC:0
CLSFE:0.3739495798319328
MCC:0.4912701906430782
GMEAN:0.7151647279237681
SAMPLES:238
AUC:{}
AVGP:{}
CLASS:1
ACC:0.836
PREC:0.8853754940711462
REC:0.9096446700507614
TNR:0.5622641509433962
FPR:0.11462450592885376
FPDR:0.11462450592885376
F1:0.8973460190285428
BACC:0
CLSFE:0.11462450592885376
MCC:0.4912701906430782
GMEAN:0.7151647279237681
SAMPLES:1012
AUC:{}
AVGP:{}
