

GENERAL_METRICS
ACC:0.84
PREC:0.7552213568149824
REC:0.7507690016888648
TNR:0.7507690016888648
FPR:0.24477864318501769
FPDR:0.24477864318501769
F1:0.7529488030863611
BACC:0.0
CLSFE:0.16
MCC:0.5059707693460984
GMEAN:0.735314583352489
SAMPLES:1250.0
AUC:{'AUC macro OVO': 0.7552213568149823}
AVGP:{'avg_precision': 0.8916846119029402}


METRICS_PER_CLASSES
CLASS:0
ACC:0.84
PREC:0.6135458167330677
REC:0.5992217898832685
TNR:0.9023162134944612
FPR:0.38645418326693226
FPDR:0.38645418326693226
F1:0.6062992125984252
BACC:0
CLSFE:0.38645418326693226
MCC:0.5059707693460984
GMEAN:0.735314583352489
SAMPLES:251
AUC:{}
AVGP:{}
CLASS:1
ACC:0.84
PREC:0.8968968968968969
REC:0.9023162134944612
TNR:0.5992217898832685
FPR:0.1031031031031031
FPDR:0.1031031031031031
F1:0.8995983935742972
BACC:0
CLSFE:0.1031031031031031
MCC:0.5059707693460984
GMEAN:0.735314583352489
SAMPLES:999
AUC:{}
AVGP:{}
