

GENERAL_METRICS
ACC:0.8432
PREC:0.7458701778252842
REC:0.7521257514863653
TNR:0.7521257514863653
FPR:0.25412982217471575
FPDR:0.25412982217471575
F1:0.7489095500459138
BACC:0.0
CLSFE:0.1568
MCC:0.49795663808121304
GMEAN:0.7376039052510625
SAMPLES:1250.0
AUC:{'AUC macro OVO': 0.7458701778252843}
AVGP:{'avg_precision': 0.8902205502102263}


METRICS_PER_CLASSES
CLASS:0
ACC:0.8432
PREC:0.5853658536585366
REC:0.6050420168067226
TNR:0.8992094861660079
FPR:0.4146341463414634
FPDR:0.4146341463414634
F1:0.5950413223140496
BACC:0
CLSFE:0.4146341463414634
MCC:0.49795663808121304
GMEAN:0.7376039052510625
SAMPLES:246
AUC:{}
AVGP:{}
CLASS:1
ACC:0.8432
PREC:0.9063745019920318
REC:0.8992094861660079
TNR:0.6050420168067226
FPR:0.09362549800796813
FPDR:0.09362549800796813
F1:0.9027777777777778
BACC:0
CLSFE:0.09362549800796813
MCC:0.49795663808121304
GMEAN:0.7376039052510625
SAMPLES:1004
AUC:{}
AVGP:{}
