

GENERAL_METRICS
ACC:0.9086666666666666
PREC:0.6173411769209665
REC:0.6512368014210059
TNR:0.6512368014210059
FPR:0.38265882307903354
FPDR:0.38265882307903354
F1:0.6313233428836436
BACC:0.0
CLSFE:0.09133333333333334
MCC:0.26643051080912883
GMEAN:0.5827187989457534
SAMPLES:3000.0
AUC:{'AUC macro OVO': 0.6173411769209665}
AVGP:{'avg_precision': 0.9413208152620803}


METRICS_PER_CLASSES
CLASS:0
ACC:0.9086666666666666
PREC:0.2743362831858407
REC:0.36046511627906974
TNR:0.942008486562942
FPR:0.7256637168141593
FPDR:0.7256637168141593
F1:0.31155778894472363
BACC:0
CLSFE:0.7256637168141593
MCC:0.26643051080912883
GMEAN:0.5827187989457534
SAMPLES:226
AUC:{}
AVGP:{}
CLASS:1
ACC:0.9086666666666666
PREC:0.9603460706560922
REC:0.942008486562942
TNR:0.36046511627906974
FPR:0.03965392934390771
FPDR:0.03965392934390771
F1:0.9510888968225634
BACC:0
CLSFE:0.03965392934390771
MCC:0.26643051080912883
GMEAN:0.5827187989457534
SAMPLES:2774
AUC:{}
AVGP:{}
