

GENERAL_METRICS
ACC:0.894
PREC:0.5220296751447501
REC:0.5322218688792362
TNR:0.5322218688792362
FPR:0.47797032485525
FPDR:0.47797032485525
F1:0.5248419646696124
BACC:0.0
CLSFE:0.106
MCC:0.053285544154725646
GMEAN:0.3514350921242919
SAMPLES:3500.0
AUC:{'AUC macro OVO': 0.52202967514475}
AVGP:{'avg_precision': 0.9317782336049378}


METRICS_PER_CLASSES
CLASS:0
ACC:0.894
PREC:0.08835341365461848
REC:0.13253012048192772
TNR:0.9319136172765446
FPR:0.9116465863453815
FPDR:0.9116465863453815
F1:0.10602409638554217
BACC:0
CLSFE:0.9116465863453815
MCC:0.053285544154725646
GMEAN:0.3514350921242919
SAMPLES:249
AUC:{}
AVGP:{}
CLASS:1
ACC:0.894
PREC:0.9557059366348816
REC:0.9319136172765446
TNR:0.13253012048192772
FPR:0.04429406336511842
FPDR:0.04429406336511842
F1:0.9436598329536826
BACC:0
CLSFE:0.04429406336511842
MCC:0.053285544154725646
GMEAN:0.3514350921242919
SAMPLES:3251
AUC:{}
AVGP:{}
