

GENERAL_METRICS
ACC:0.8908571428571429
PREC:0.5261987956660088
REC:0.5334277674992292
TNR:0.5334277674992292
FPR:0.47380120433399125
FPDR:0.47380120433399125
F1:0.5287899806017955
BACC:0.0
CLSFE:0.10914285714285714
MCC:0.0591867299412006
GMEAN:0.3523999804520899
SAMPLES:3500.0
AUC:{'AUC macro OVO': 0.5261987956660088}
AVGP:{'avg_precision': 0.9336970361454057}


METRICS_PER_CLASSES
CLASS:0
ACC:0.8908571428571429
PREC:0.10245901639344263
REC:0.13297872340425532
TNR:0.9338768115942029
FPR:0.8975409836065574
FPDR:0.8975409836065574
F1:0.11574074074074074
BACC:0
CLSFE:0.8975409836065574
MCC:0.0591867299412006
GMEAN:0.3523999804520899
SAMPLES:244
AUC:{}
AVGP:{}
CLASS:1
ACC:0.8908571428571429
PREC:0.9499385749385749
REC:0.9338768115942029
TNR:0.13297872340425532
FPR:0.05006142506142506
FPDR:0.05006142506142506
F1:0.9418392204628502
BACC:0
CLSFE:0.05006142506142506
MCC:0.0591867299412006
GMEAN:0.3523999804520899
SAMPLES:3256
AUC:{}
AVGP:{}
