

GENERAL_METRICS
ACC:0.89
PREC:0.525007292847271
REC:0.5355627870126205
TNR:0.5355627870126205
FPR:0.474992707152729
FPDR:0.474992707152729
F1:0.5281491013822868
BACC:0.0
CLSFE:0.11
MCC:0.05964324033081126
GMEAN:0.3624077198288473
SAMPLES:3500.0
AUC:{'AUC macro OVO': 0.525007292847271}
AVGP:{'avg_precision': 0.9297139957875761}


METRICS_PER_CLASSES
CLASS:0
ACC:0.89
PREC:0.09689922480620156
REC:0.14124293785310735
TNR:0.9298826361721336
FPR:0.9031007751937985
FPDR:0.9031007751937985
F1:0.11494252873563218
BACC:0
CLSFE:0.9031007751937985
MCC:0.05964324033081126
GMEAN:0.3624077198288473
SAMPLES:258
AUC:{}
AVGP:{}
CLASS:1
ACC:0.89
PREC:0.9531153608883405
REC:0.9298826361721336
TNR:0.14124293785310735
FPR:0.04688463911165947
FPDR:0.04688463911165947
F1:0.9413556740289414
BACC:0
CLSFE:0.04688463911165947
MCC:0.05964324033081126
GMEAN:0.3624077198288473
SAMPLES:3242
AUC:{}
AVGP:{}
