

GENERAL_METRICS
ACC:0.894
PREC:0.5327139792742983
REC:0.547290781529517
TNR:0.547290781529517
FPR:0.46728602072570163
FPDR:0.46728602072570163
F1:0.5373522582447319
BACC:0.0
CLSFE:0.106
MCC:0.0786656124827612
GMEAN:0.38947000534394405
SAMPLES:3500.0
AUC:{'AUC macro OVO': 0.5327139792742984}
AVGP:{'avg_precision': 0.9315846055427623}


METRICS_PER_CLASSES
CLASS:0
ACC:0.894
PREC:0.10980392156862745
REC:0.16279069767441862
TNR:0.9317908653846154
FPR:0.8901960784313725
FPDR:0.8901960784313725
F1:0.13114754098360656
BACC:0
CLSFE:0.8901960784313725
MCC:0.0786656124827612
GMEAN:0.38947000534394405
SAMPLES:255
AUC:{}
AVGP:{}
CLASS:1
ACC:0.894
PREC:0.9556240369799692
REC:0.9317908653846154
TNR:0.16279069767441862
FPR:0.044375963020030815
FPDR:0.044375963020030815
F1:0.9435569755058573
BACC:0
CLSFE:0.044375963020030815
MCC:0.0786656124827612
GMEAN:0.38947000534394405
SAMPLES:3245
AUC:{}
AVGP:{}
