

GENERAL_METRICS
ACC:0.9449411764705883
PREC:0.4985104270109235
REC:0.4738084001887683
TNR:0.4738084001887683
FPR:0.5014895729890765
FPDR:0.5014895729890765
F1:0.4858456327123155
BACC:0.0
CLSFE:0.055058823529411764
MCC:-0.012492285558617524
GMEAN:0.0
SAMPLES:4250.0
AUC:{'AUC macro OVO': 0.4985104270109235}
AVGP:{'avg_precision': 0.9476172410096264}


METRICS_PER_CLASSES
CLASS:0
ACC:0.9449411764705883
PREC:0.0
REC:0.0
TNR:0.9476168003775366
FPR:1.0
FPDR:1.0
F1:0.0
BACC:0
CLSFE:1.0
MCC:-0.012492285558617524
GMEAN:0
SAMPLES:222
AUC:{}
AVGP:{}
CLASS:1
ACC:0.9449411764705883
PREC:0.997020854021847
REC:0.9476168003775366
TNR:0.0
FPR:0.0029791459781529296
FPDR:0.0029791459781529296
F1:0.971691265424631
BACC:0
CLSFE:0.0029791459781529296
MCC:-0.012492285558617524
GMEAN:0
SAMPLES:4028
AUC:{}
AVGP:{}
