

GENERAL_METRICS
ACC:0.9341176470588235
PREC:0.4977432296890672
REC:0.4690453686200378
TNR:0.4690453686200378
FPR:0.5022567703109329
FPDR:0.5022567703109329
F1:0.4829683698296837
BACC:0.0
CLSFE:0.06588235294117648
MCC:-0.01671615901864629
GMEAN:0.0
SAMPLES:4250.0
AUC:{'AUC macro OVO': 0.4977432296890672}
AVGP:{'avg_precision': 0.9380919207081937}


METRICS_PER_CLASSES
CLASS:0
ACC:0.9341176470588235
PREC:0.0
REC:0.0
TNR:0.9380907372400756
FPR:1.0
FPDR:1.0
F1:0.0
BACC:0
CLSFE:1.0
MCC:-0.01671615901864629
GMEAN:0
SAMPLES:262
AUC:{}
AVGP:{}
CLASS:1
ACC:0.9341176470588235
PREC:0.9954864593781344
REC:0.9380907372400756
TNR:0.0
FPR:0.004513540621865597
FPDR:0.004513540621865597
F1:0.9659367396593674
BACC:0
CLSFE:0.004513540621865597
MCC:-0.01671615901864629
GMEAN:0
SAMPLES:3988
AUC:{}
AVGP:{}
