

GENERAL_METRICS
ACC:0.9350588235294117
PREC:0.4984947315604616
REC:0.46885323265691364
TNR:0.46885323265691364
FPR:0.5015052684395384
FPDR:0.5015052684395384
F1:0.48321984435797666
BACC:0.0
CLSFE:0.06494117647058824
MCC:-0.013694414317551914
GMEAN:0.0
SAMPLES:4250.0
AUC:{'AUC macro OVO': 0.4984947315604616}
AVGP:{'avg_precision': 0.9377069948300161}


METRICS_PER_CLASSES
CLASS:0
ACC:0.9350588235294117
PREC:0.0
REC:0.0
TNR:0.9377064653138273
FPR:1.0
FPDR:1.0
F1:0.0
BACC:0
CLSFE:1.0
MCC:-0.013694414317551914
GMEAN:0
SAMPLES:264
AUC:{}
AVGP:{}
CLASS:1
ACC:0.9350588235294117
PREC:0.9969894631209232
REC:0.9377064653138273
TNR:0.0
FPR:0.0030105368790767687
FPDR:0.0030105368790767687
F1:0.9664396887159533
BACC:0
CLSFE:0.0030105368790767687
MCC:-0.013694414317551914
GMEAN:0
SAMPLES:3986
AUC:{}
AVGP:{}
