

GENERAL_METRICS
ACC:0.9343529411764706
PREC:0.4986187845303867
REC:0.46838877093654163
TNR:0.46838877093654163
FPR:0.5013812154696132
FPDR:0.5013812154696132
F1:0.48303126140372216
BACC:0.0
CLSFE:0.0656470588235294
MCC:-0.013215433189409565
GMEAN:0.0
SAMPLES:4250.0
AUC:{'AUC macro OVO': 0.4986187845303867}
AVGP:{'avg_precision': 0.9367779939023582}


METRICS_PER_CLASSES
CLASS:0
ACC:0.9343529411764706
PREC:0.0
REC:0.0
TNR:0.9367775418730833
FPR:1.0
FPDR:1.0
F1:0.0
BACC:0
CLSFE:1.0
MCC:-0.013215433189409565
GMEAN:0
SAMPLES:268
AUC:{}
AVGP:{}
CLASS:1
ACC:0.9343529411764706
PREC:0.9972375690607734
REC:0.9367775418730833
TNR:0.0
FPR:0.0027624309392265192
FPDR:0.0027624309392265192
F1:0.9660625228074443
BACC:0
CLSFE:0.0027624309392265192
MCC:-0.013215433189409565
GMEAN:0
SAMPLES:3982
AUC:{}
AVGP:{}
