

GENERAL_METRICS
ACC:0.8833333333333333
PREC:0.5599999999999999
REC:0.5788110140541531
TNR:0.5788110140541531
FPR:0.44
FPDR:0.44
F1:0.5671716605438633
BACC:0.0
CLSFE:0.11666666666666667
MCC:0.13753051796963744
GMEAN:0.46279240680197714
SAMPLES:3000.0
AUC:{'AUC macro OVO': 0.56}
AVGP:{'avg_precision': 0.9259310589907604}


METRICS_PER_CLASSES
CLASS:0
ACC:0.8833333333333333
PREC:0.172
REC:0.23118279569892472
TNR:0.9264392324093816
FPR:0.828
FPDR:0.828
F1:0.19724770642201836
BACC:0
CLSFE:0.828
MCC:0.13753051796963744
GMEAN:0.46279240680197714
SAMPLES:250
AUC:{}
AVGP:{}
CLASS:1
ACC:0.8833333333333333
PREC:0.948
REC:0.9264392324093816
TNR:0.23118279569892472
FPR:0.052
FPDR:0.052
F1:0.9370956146657081
BACC:0
CLSFE:0.052
MCC:0.13753051796963744
GMEAN:0.46279240680197714
SAMPLES:2750
AUC:{}
AVGP:{}
