

GENERAL_METRICS
ACC:0.8883333333333333
PREC:0.5676109474798954
REC:0.595559704224321
TNR:0.595559704224321
FPR:0.4323890525201046
FPDR:0.4323890525201046
F1:0.5776727119000904
BACC:0.0
CLSFE:0.11166666666666666
MCC:0.16075922547094965
GMEAN:0.49497807479834743
SAMPLES:3000.0
AUC:{'AUC macro OVO': 0.5676109474798954}
AVGP:{'avg_precision': 0.9262350759794318}


METRICS_PER_CLASSES
CLASS:0
ACC:0.8883333333333333
PREC:0.18181818181818182
REC:0.26436781609195403
TNR:0.9267515923566879
FPR:0.8181818181818182
FPDR:0.8181818181818182
F1:0.2154566744730679
BACC:0
CLSFE:0.8181818181818182
MCC:0.16075922547094965
GMEAN:0.49497807479834743
SAMPLES:253
AUC:{}
AVGP:{}
CLASS:1
ACC:0.8883333333333333
PREC:0.953403713141609
REC:0.9267515923566879
TNR:0.26436781609195403
FPR:0.04659628685839097
FPDR:0.04659628685839097
F1:0.9398887493271129
BACC:0
CLSFE:0.04659628685839097
MCC:0.16075922547094965
GMEAN:0.49497807479834743
SAMPLES:2747
AUC:{}
AVGP:{}
