

GENERAL_METRICS
ACC:0.888
PREC:0.5882855303438399
REC:0.6074930812177056
TNR:0.6074930812177056
FPR:0.4117144696561601
FPDR:0.4117144696561601
F1:0.5963963963963964
BACC:0.0
CLSFE:0.112
MCC:0.194834121073272
GMEAN:0.5139353200604876
SAMPLES:3000.0
AUC:{'AUC macro OVO': 0.5882855303438399}
AVGP:{'avg_precision': 0.930650097421458}


METRICS_PER_CLASSES
CLASS:0
ACC:0.888
PREC:0.2289156626506024
REC:0.2835820895522388
TNR:0.9314040728831725
FPR:0.7710843373493976
FPDR:0.7710843373493976
F1:0.25333333333333335
BACC:0
CLSFE:0.7710843373493976
MCC:0.194834121073272
GMEAN:0.5139353200604876
SAMPLES:249
AUC:{}
AVGP:{}
CLASS:1
ACC:0.888
PREC:0.9476553980370774
REC:0.9314040728831725
TNR:0.2835820895522388
FPR:0.05234460196292257
FPDR:0.05234460196292257
F1:0.9394594594594594
BACC:0
CLSFE:0.05234460196292257
MCC:0.194834121073272
GMEAN:0.5139353200604876
SAMPLES:2751
AUC:{}
AVGP:{}
