

GENERAL_METRICS
ACC:0.894
PREC:0.5886299831555306
REC:0.6298065853096938
TNR:0.6298065853096938
FPR:0.4113700168444694
FPDR:0.4113700168444694
F1:0.6033884099616859
BACC:0.0
CLSFE:0.106
MCC:0.21452044629335548
GMEAN:0.5546233576459069
SAMPLES:3000.0
AUC:{'AUC macro OVO': 0.5886299831555306}
AVGP:{'avg_precision': 0.9275931078509312}


METRICS_PER_CLASSES
CLASS:0
ACC:0.894
PREC:0.21923076923076923
REC:0.3313953488372093
TNR:0.9282178217821783
FPR:0.7807692307692308
FPDR:0.7807692307692308
F1:0.2638888888888889
BACC:0
CLSFE:0.7807692307692308
MCC:0.21452044629335548
GMEAN:0.5546233576459069
SAMPLES:260
AUC:{}
AVGP:{}
CLASS:1
ACC:0.894
PREC:0.958029197080292
REC:0.9282178217821783
TNR:0.3313953488372093
FPR:0.041970802919708027
FPDR:0.041970802919708027
F1:0.9428879310344828
BACC:0
CLSFE:0.041970802919708027
MCC:0.21452044629335548
GMEAN:0.5546233576459069
SAMPLES:2740
AUC:{}
AVGP:{}
