

GENERAL_METRICS
ACC:0.8808888888888889
PREC:0.5035824856258293
REC:0.5389348202268794
TNR:0.5389348202268794
FPR:0.4964175143741707
FPDR:0.4964175143741707
F1:0.48276926877470355
BACC:0.0
CLSFE:0.11911111111111111
MCC:0.023620620974652017
GMEAN:0.4111293273475527
SAMPLES:2250.0
AUC:{'AUC macro OVO': 0.5035824856258293}
AVGP:{'avg_precision': 0.8873872568365733}


METRICS_PER_CLASSES
CLASS:0
ACC:0.8808888888888889
PREC:0.01568627450980392
REC:0.19047619047619047
TNR:0.8873934499775684
FPR:0.984313725490196
FPDR:0.984313725490196
F1:0.028985507246376812
BACC:0
CLSFE:0.984313725490196
MCC:0.023620620974652017
GMEAN:0.4111293273475527
SAMPLES:255
AUC:{}
AVGP:{}
CLASS:1
ACC:0.8808888888888889
PREC:0.9914786967418546
REC:0.8873934499775684
TNR:0.19047619047619047
FPR:0.008521303258145364
FPDR:0.008521303258145364
F1:0.9365530303030303
BACC:0
CLSFE:0.008521303258145364
MCC:0.023620620974652017
GMEAN:0.4111293273475527
SAMPLES:1995
AUC:{}
AVGP:{}
