

GENERAL_METRICS
ACC:0.8791111111111111
PREC:0.49662079335763204
REC:0.4766963480613165
TNR:0.4766963480613165
FPR:0.503379206642368
FPDR:0.503379206642368
F1:0.47504940711462446
BACC:0.0
CLSFE:0.12088888888888889
MCC:-0.017747997681161747
GMEAN:0.2359677806558865
SAMPLES:2250.0
AUC:{'AUC macro OVO': 0.49662079335763204}
AVGP:{'avg_precision': 0.8909026092746707}


METRICS_PER_CLASSES
CLASS:0
ACC:0.8791111111111111
PREC:0.00819672131147541
REC:0.0625
TNR:0.890892696122633
FPR:0.9918032786885246
FPDR:0.9918032786885246
F1:0.014492753623188406
BACC:0
CLSFE:0.9918032786885246
MCC:-0.017747997681161747
GMEAN:0.2359677806558865
SAMPLES:244
AUC:{}
AVGP:{}
CLASS:1
ACC:0.8791111111111111
PREC:0.9850448654037887
REC:0.890892696122633
TNR:0.0625
FPR:0.014955134596211365
FPDR:0.014955134596211365
F1:0.9356060606060606
BACC:0
CLSFE:0.014955134596211365
MCC:-0.017747997681161747
GMEAN:0.2359677806558865
SAMPLES:2006
AUC:{}
AVGP:{}
