

GENERAL_METRICS
ACC:0.8795555555555555
PREC:0.5001109087512842
REC:0.5015015410552935
TNR:0.5015015410552935
FPR:0.4998890912487158
FPDR:0.4998890912487158
F1:0.4752017213555675
BACC:0.0
CLSFE:0.12044444444444445
MCC:0.000816171657054034
GMEAN:0.3227375592511949
SAMPLES:2250.0
AUC:{'AUC macro OVO': 0.5001109087512843}
AVGP:{'avg_precision': 0.8853558524289724}


METRICS_PER_CLASSES
CLASS:0
ACC:0.8795555555555555
PREC:0.007751937984496124
REC:0.11764705882352941
TNR:0.8853560232870578
FPR:0.9922480620155039
FPDR:0.9922480620155039
F1:0.014545454545454545
BACC:0
CLSFE:0.9922480620155039
MCC:0.000816171657054034
GMEAN:0.3227375592511949
SAMPLES:258
AUC:{}
AVGP:{}
CLASS:1
ACC:0.8795555555555555
PREC:0.9924698795180723
REC:0.8853560232870578
TNR:0.11764705882352941
FPR:0.007530120481927711
FPDR:0.007530120481927711
F1:0.9358579881656804
BACC:0
CLSFE:0.007530120481927711
MCC:0.000816171657054034
GMEAN:0.3227375592511949
SAMPLES:1992
AUC:{}
AVGP:{}
