

GENERAL_METRICS
ACC:0.8848888888888888
PREC:0.5014394065216188
REC:0.5143218540884609
TNR:0.5143218540884609
FPR:0.4985605934783812
FPDR:0.4985605934783812
F1:0.4807422423202869
BACC:0.0
CLSFE:0.11511111111111111
MCC:0.009080742299306417
GMEAN:0.3488188000198186
SAMPLES:2250.0
AUC:{'AUC macro OVO': 0.5014394065216188}
AVGP:{'avg_precision': 0.8922774204109674}


METRICS_PER_CLASSES
CLASS:0
ACC:0.8848888888888888
PREC:0.012345679012345678
REC:0.13636363636363635
TNR:0.8922800718132855
FPR:0.9876543209876543
FPDR:0.9876543209876543
F1:0.022641509433962263
BACC:0
CLSFE:0.9876543209876543
MCC:0.009080742299306417
GMEAN:0.3488188000198186
SAMPLES:243
AUC:{}
AVGP:{}
CLASS:1
ACC:0.8848888888888888
PREC:0.9905331340308918
REC:0.8922800718132855
TNR:0.13636363636363635
FPR:0.009466865969108122
FPDR:0.009466865969108122
F1:0.9388429752066115
BACC:0
CLSFE:0.009466865969108122
MCC:0.009080742299306417
GMEAN:0.3488188000198186
SAMPLES:2007
AUC:{}
AVGP:{}
