

GENERAL_METRICS
ACC:0.7906666666666666
PREC:0.5267236846608322
REC:0.5522669603685065
TNR:0.5522669603685065
FPR:0.4732763153391679
FPDR:0.4732763153391679
F1:0.524778128897122
BACC:0.0
CLSFE:0.20933333333333334
MCC:0.0747466592448968
GMEAN:0.4740319055210455
SAMPLES:1500.0
AUC:{'AUC macro OVO': 0.5267236846608322}
AVGP:{'avg_precision': 0.8350449772759232}


METRICS_PER_CLASSES
CLASS:0
ACC:0.7906666666666666
PREC:0.12355212355212356
REC:0.2689075630252101
TNR:0.835626357711803
FPR:0.8764478764478765
FPDR:0.8764478764478765
F1:0.1693121693121693
BACC:0
CLSFE:0.8764478764478765
MCC:0.0747466592448968
GMEAN:0.4740319055210455
SAMPLES:259
AUC:{}
AVGP:{}
CLASS:1
ACC:0.7906666666666666
PREC:0.9298952457695407
REC:0.835626357711803
TNR:0.2689075630252101
FPR:0.07010475423045931
FPDR:0.07010475423045931
F1:0.8802440884820748
BACC:0
CLSFE:0.07010475423045931
MCC:0.0747466592448968
GMEAN:0.4740319055210455
SAMPLES:1241
AUC:{}
AVGP:{}
