

GENERAL_METRICS
ACC:0.81
PREC:0.5112418300653595
REC:0.5234722990480072
TNR:0.5234722990480072
FPR:0.48875816993464055
FPDR:0.48875816993464055
F1:0.505592300424092
BACC:0.0
CLSFE:0.19
MCC:0.03248825000771794
GMEAN:0.4066823698455956
SAMPLES:1500.0
AUC:{'AUC macro OVO': 0.5112418300653594}
AVGP:{'avg_precision': 0.8528770104332747}


METRICS_PER_CLASSES
CLASS:0
ACC:0.81
PREC:0.08444444444444445
REC:0.19387755102040816
TNR:0.8530670470756063
FPR:0.9155555555555556
FPDR:0.9155555555555556
F1:0.11764705882352941
BACC:0
CLSFE:0.9155555555555556
MCC:0.03248825000771794
GMEAN:0.4066823698455956
SAMPLES:225
AUC:{}
AVGP:{}
CLASS:1
ACC:0.81
PREC:0.9380392156862745
REC:0.8530670470756063
TNR:0.19387755102040816
FPR:0.06196078431372549
FPDR:0.06196078431372549
F1:0.8935375420246545
BACC:0
CLSFE:0.06196078431372549
MCC:0.03248825000771794
GMEAN:0.4066823698455956
SAMPLES:1275
AUC:{}
AVGP:{}
