

GENERAL_METRICS
ACC:0.7986666666666666
PREC:0.5276937206372382
REC:0.5848209455804392
TNR:0.5848209455804392
FPR:0.47230627936276187
FPDR:0.47230627936276187
F1:0.5187322579000153
BACC:0.0
CLSFE:0.20133333333333334
MCC:0.09693312274121918
GMEAN:0.5339040682003611
SAMPLES:1500.0
AUC:{'AUC macro OVO': 0.5276937206372381}
AVGP:{'avg_precision': 0.8231198860091938}


METRICS_PER_CLASSES
CLASS:0
ACC:0.7986666666666666
PREC:0.09712230215827339
REC:0.34615384615384615
TNR:0.8234880450070323
FPR:0.9028776978417267
FPDR:0.9028776978417267
F1:0.15168539325842698
BACC:0
CLSFE:0.9028776978417267
MCC:0.09693312274121918
GMEAN:0.5339040682003611
SAMPLES:278
AUC:{}
AVGP:{}
CLASS:1
ACC:0.7986666666666666
PREC:0.9582651391162029
REC:0.8234880450070323
TNR:0.34615384615384615
FPR:0.041734860883797055
FPDR:0.041734860883797055
F1:0.8857791225416036
BACC:0
CLSFE:0.041734860883797055
MCC:0.09693312274121918
GMEAN:0.5339040682003611
SAMPLES:1222
AUC:{}
AVGP:{}
