

GENERAL_METRICS
ACC:0.7966666666666666
PREC:0.50625
REC:0.5131349424216942
TNR:0.5131349424216942
FPR:0.49374999999999997
FPDR:0.49374999999999997
F1:0.4979980271048147
BACC:0.0
CLSFE:0.20333333333333334
MCC:0.018121080556698463
GMEAN:0.3940611731512793
SAMPLES:1500.0
AUC:{'AUC macro OVO': 0.5062500000000001}
AVGP:{'avg_precision': 0.8416836077308518}


METRICS_PER_CLASSES
CLASS:0
ACC:0.7966666666666666
PREC:0.07916666666666666
REC:0.18446601941747573
TNR:0.8418038654259127
FPR:0.9208333333333333
FPDR:0.9208333333333333
F1:0.11078717201166181
BACC:0
CLSFE:0.9208333333333333
MCC:0.018121080556698463
GMEAN:0.3940611731512793
SAMPLES:240
AUC:{}
AVGP:{}
CLASS:1
ACC:0.7966666666666666
PREC:0.9333333333333333
REC:0.8418038654259127
TNR:0.18446601941747573
FPR:0.06666666666666667
FPDR:0.06666666666666667
F1:0.8852088821979677
BACC:0
CLSFE:0.06666666666666667
MCC:0.018121080556698463
GMEAN:0.3940611731512793
SAMPLES:1260
AUC:{}
AVGP:{}
