

GENERAL_METRICS
ACC:0.9090909090909091
PREC:0.5896518549171411
REC:0.6666731588873632
TNR:0.6666731588873632
FPR:0.41034814508285883
FPDR:0.41034814508285883
F1:0.6123843072870623
BACC:0.0
CLSFE:0.09090909090909091
MCC:0.2444795112818373
GMEAN:0.6117575566864653
SAMPLES:2750.0
AUC:{'AUC macro OVO': 0.5896518549171412}
AVGP:{'avg_precision': 0.9312434297622115}


METRICS_PER_CLASSES
CLASS:0
ACC:0.9090909090909091
PREC:0.20704845814977973
REC:0.4017094017094017
TNR:0.9316369160653247
FPR:0.7929515418502202
FPDR:0.7929515418502202
F1:0.27325581395348836
BACC:0
CLSFE:0.7929515418502202
MCC:0.2444795112818373
GMEAN:0.6117575566864653
SAMPLES:227
AUC:{}
AVGP:{}
CLASS:1
ACC:0.9090909090909091
PREC:0.9722552516845026
REC:0.9316369160653247
TNR:0.4017094017094017
FPR:0.027744748315497423
FPDR:0.027744748315497423
F1:0.9515128006206361
BACC:0
CLSFE:0.027744748315497423
MCC:0.2444795112818373
GMEAN:0.6117575566864653
SAMPLES:2523
AUC:{}
AVGP:{}
