

GENERAL_METRICS
ACC:0.9007272727272727
PREC:0.5730882952948465
REC:0.6379277566539924
TNR:0.6379277566539924
FPR:0.4269117047051535
FPDR:0.4269117047051535
F1:0.5911061294049021
BACC:0.0
CLSFE:0.09927272727272728
MCC:0.2008074162742276
GMEAN:0.5692533967029048
SAMPLES:2750.0
AUC:{'AUC macro OVO': 0.5730882952948465}
AVGP:{'avg_precision': 0.9254818913994274}


METRICS_PER_CLASSES
CLASS:0
ACC:0.9007272727272727
PREC:0.17721518987341772
REC:0.35
TNR:0.9258555133079848
FPR:0.8227848101265823
FPDR:0.8227848101265823
F1:0.23529411764705882
BACC:0
CLSFE:0.8227848101265823
MCC:0.2008074162742276
GMEAN:0.5692533967029048
SAMPLES:237
AUC:{}
AVGP:{}
CLASS:1
ACC:0.9007272727272727
PREC:0.9689614007162753
REC:0.9258555133079848
TNR:0.35
FPR:0.03103859928372463
FPDR:0.03103859928372463
F1:0.9469181411627455
BACC:0
CLSFE:0.03103859928372463
MCC:0.2008074162742276
GMEAN:0.5692533967029048
SAMPLES:2513
AUC:{}
AVGP:{}
