

GENERAL_METRICS
ACC:0.8949090909090909
PREC:0.5777546946922482
REC:0.6323878642608252
TNR:0.6323878642608252
FPR:0.42224530530775184
FPDR:0.42224530530775184
F1:0.5944762020419316
BACC:0.0
CLSFE:0.1050909090909091
MCC:0.20291651452318268
GMEAN:0.5610369079266001
SAMPLES:2750.0
AUC:{'AUC macro OVO': 0.5777546946922482}
AVGP:{'avg_precision': 0.9237133395745055}


METRICS_PER_CLASSES
CLASS:0
ACC:0.8949090909090909
PREC:0.19183673469387755
REC:0.34057971014492755
TNR:0.9241960183767228
FPR:0.8081632653061225
FPDR:0.8081632653061225
F1:0.2454308093994778
BACC:0
CLSFE:0.8081632653061225
MCC:0.20291651452318268
GMEAN:0.5610369079266001
SAMPLES:245
AUC:{}
AVGP:{}
CLASS:1
ACC:0.8949090909090909
PREC:0.9636726546906188
REC:0.9241960183767228
TNR:0.34057971014492755
FPR:0.03632734530938124
FPDR:0.03632734530938124
F1:0.9435215946843853
BACC:0
CLSFE:0.03632734530938124
MCC:0.20291651452318268
GMEAN:0.5610369079266001
SAMPLES:2505
AUC:{}
AVGP:{}
