

GENERAL_METRICS
ACC:0.9018181818181819
PREC:0.5792473900979258
REC:0.6817964490623127
TNR:0.6817964490623127
FPR:0.42075260990207425
FPDR:0.42075260990207425
F1:0.6028358323919072
BACC:0.0
CLSFE:0.09818181818181818
MCC:0.24005744410252128
GMEAN:0.638757960260172
SAMPLES:2750.0
AUC:{'AUC macro OVO': 0.5792473900979258}
AVGP:{'avg_precision': 0.9198648593667802}


METRICS_PER_CLASSES
CLASS:0
ACC:0.9018181818181819
PREC:0.1821705426356589
REC:0.44339622641509435
TNR:0.920196671709531
FPR:0.8178294573643411
FPDR:0.8178294573643411
F1:0.25824175824175827
BACC:0
CLSFE:0.8178294573643411
MCC:0.24005744410252128
GMEAN:0.638757960260172
SAMPLES:258
AUC:{}
AVGP:{}
CLASS:1
ACC:0.9018181818181819
PREC:0.9763242375601926
REC:0.920196671709531
TNR:0.44339622641509435
FPR:0.023675762439807384
FPDR:0.023675762439807384
F1:0.947429906542056
BACC:0
CLSFE:0.023675762439807384
MCC:0.24005744410252128
GMEAN:0.638757960260172
SAMPLES:2492
AUC:{}
AVGP:{}
