

GENERAL_METRICS
ACC:0.932
PREC:0.5248761755662287
REC:0.5961694639956687
TNR:0.5961694639956687
FPR:0.47512382443377127
FPDR:0.47512382443377127
F1:0.5318033441848874
BACC:0.0
CLSFE:0.068
MCC:0.0978228699326771
GMEAN:0.4853707160489128
SAMPLES:3750.0
AUC:{'AUC macro OVO': 0.5248761755662288}
AVGP:{'avg_precision': 0.9423046858750624}


METRICS_PER_CLASSES
CLASS:0
ACC:0.932
PREC:0.06167400881057269
REC:0.25
TNR:0.9423389279913373
FPR:0.9383259911894273
FPDR:0.9383259911894273
F1:0.0989399293286219
BACC:0
CLSFE:0.9383259911894273
MCC:0.0978228699326771
GMEAN:0.4853707160489128
SAMPLES:227
AUC:{}
AVGP:{}
CLASS:1
ACC:0.932
PREC:0.9880783423218847
REC:0.9423389279913373
TNR:0.25
FPR:0.011921657678115243
FPDR:0.011921657678115243
F1:0.9646667590411528
BACC:0
CLSFE:0.011921657678115243
MCC:0.0978228699326771
GMEAN:0.4853707160489128
SAMPLES:3523
AUC:{}
AVGP:{}
