

GENERAL_METRICS
ACC:0.9232
PREC:0.5106927178364112
REC:0.5377518004383676
TNR:0.5377518004383676
FPR:0.4893072821635888
FPDR:0.4893072821635888
F1:0.509395084138743
BACC:0.0
CLSFE:0.0768
MCC:0.0401830486600491
GMEAN:0.3602003408732161
SAMPLES:3750.0
AUC:{'AUC macro OVO': 0.5106927178364111}
AVGP:{'avg_precision': 0.9370211764566374}


METRICS_PER_CLASSES
CLASS:0
ACC:0.9232
PREC:0.03734439834024896
REC:0.13846153846153847
TNR:0.9370420624151967
FPR:0.9626556016597511
FPDR:0.9626556016597511
F1:0.058823529411764705
BACC:0
CLSFE:0.9626556016597511
MCC:0.0401830486600491
GMEAN:0.3602003408732161
SAMPLES:241
AUC:{}
AVGP:{}
CLASS:1
ACC:0.9232
PREC:0.9840410373325734
REC:0.9370420624151967
TNR:0.13846153846153847
FPR:0.015958962667426618
FPDR:0.015958962667426618
F1:0.9599666388657214
BACC:0
CLSFE:0.015958962667426618
MCC:0.0401830486600491
GMEAN:0.3602003408732161
SAMPLES:3509
AUC:{}
AVGP:{}
