

GENERAL_METRICS
ACC:0.9261333333333334
PREC:0.5143029637374281
REC:0.5610720298220299
TNR:0.5610720298220299
FPR:0.4856970362625718
FPDR:0.4856970362625718
F1:0.5144419342670071
BACC:0.0
CLSFE:0.07386666666666666
MCC:0.059110439954905517
GMEAN:0.4165463991892972
SAMPLES:3750.0
AUC:{'AUC macro OVO': 0.5143029637374281}
AVGP:{'avg_precision': 0.9369368070291081}


METRICS_PER_CLASSES
CLASS:0
ACC:0.9261333333333334
PREC:0.0411522633744856
REC:0.18518518518518517
TNR:0.9369588744588745
FPR:0.9588477366255144
FPDR:0.9588477366255144
F1:0.06734006734006734
BACC:0
CLSFE:0.9588477366255144
MCC:0.059110439954905517
GMEAN:0.4165463991892972
SAMPLES:243
AUC:{}
AVGP:{}
CLASS:1
ACC:0.9261333333333334
PREC:0.9874536641003707
REC:0.9369588744588745
TNR:0.18518518518518517
FPR:0.012546335899629312
FPDR:0.012546335899629312
F1:0.961543801193947
BACC:0
CLSFE:0.012546335899629312
MCC:0.059110439954905517
GMEAN:0.4165463991892972
SAMPLES:3507
AUC:{}
AVGP:{}
