

GENERAL_METRICS
ACC:0.9168
PREC:0.5108310993686832
REC:0.5420519778728734
TNR:0.5420519778728734
FPR:0.4891689006313168
FPDR:0.4891689006313168
F1:0.508357089070568
BACC:0.0
CLSFE:0.0832
MCC:0.042683446486466346
GMEAN:0.3783075268979322
SAMPLES:3750.0
AUC:{'AUC macro OVO': 0.5108310993686832}
AVGP:{'avg_precision': 0.9302347817719795}


METRICS_PER_CLASSES
CLASS:0
ACC:0.9168
PREC:0.03745318352059925
REC:0.15384615384615385
TNR:0.930257801899593
FPR:0.9625468164794008
FPDR:0.9625468164794008
F1:0.060240963855421686
BACC:0
CLSFE:0.9625468164794008
MCC:0.042683446486466346
GMEAN:0.3783075268979322
SAMPLES:267
AUC:{}
AVGP:{}
CLASS:1
ACC:0.9168
PREC:0.9842090152167672
REC:0.930257801899593
TNR:0.15384615384615385
FPR:0.015790984783232844
FPDR:0.015790984783232844
F1:0.9564732142857143
BACC:0
CLSFE:0.015790984783232844
MCC:0.042683446486466346
GMEAN:0.3783075268979322
SAMPLES:3483
AUC:{}
AVGP:{}
