

GENERAL_METRICS
ACC:0.92675
PREC:0.5202485540323002
REC:0.5566522242557801
TNR:0.5566522242557801
FPR:0.47975144596769975
FPDR:0.47975144596769975
F1:0.524535702216548
BACC:0.0
CLSFE:0.07325
MCC:0.06773848607381636
GMEAN:0.40115714299345157
SAMPLES:4000.0
AUC:{'AUC macro OVO': 0.5202485540323002}
AVGP:{'avg_precision': 0.9425307453419942}


METRICS_PER_CLASSES
CLASS:0
ACC:0.92675
PREC:0.058577405857740586
REC:0.17073170731707318
TNR:0.942572741194487
FPR:0.9414225941422594
FPDR:0.9414225941422594
F1:0.08722741433021806
BACC:0
CLSFE:0.9414225941422594
MCC:0.06773848607381636
GMEAN:0.40115714299345157
SAMPLES:239
AUC:{}
AVGP:{}
CLASS:1
ACC:0.92675
PREC:0.9819197022068599
REC:0.942572741194487
TNR:0.17073170731707318
FPR:0.01808029779314012
FPDR:0.01808029779314012
F1:0.961843990102878
BACC:0
CLSFE:0.01808029779314012
MCC:0.06773848607381636
GMEAN:0.40115714299345157
SAMPLES:3761
AUC:{}
AVGP:{}
