

GENERAL_METRICS
ACC:0.91975
PREC:0.5187499173306499
REC:0.5535299312139803
TNR:0.5535299312139803
FPR:0.48125008266935004
FPDR:0.48125008266935004
F1:0.5217519076847094
BACC:0.0
CLSFE:0.08025
MCC:0.06336187449807676
GMEAN:0.3995605505740199
SAMPLES:4000.0
AUC:{'AUC macro OVO': 0.51874991733065}
AVGP:{'avg_precision': 0.9365593073028078}


METRICS_PER_CLASSES
CLASS:0
ACC:0.91975
PREC:0.057034220532319393
REC:0.17045454545454544
TNR:0.9366053169734151
FPR:0.9429657794676806
FPDR:0.9429657794676806
F1:0.08547008547008547
BACC:0
CLSFE:0.9429657794676806
MCC:0.06336187449807676
GMEAN:0.3995605505740199
SAMPLES:263
AUC:{}
AVGP:{}
CLASS:1
ACC:0.91975
PREC:0.9804656141289805
REC:0.9366053169734151
TNR:0.17045454545454544
FPR:0.019534385871019536
FPDR:0.019534385871019536
F1:0.9580337298993332
BACC:0
CLSFE:0.019534385871019536
MCC:0.06336187449807676
GMEAN:0.3995605505740199
SAMPLES:3737
AUC:{}
AVGP:{}
