

GENERAL_METRICS
ACC:0.92575
PREC:0.5176874963120316
REC:0.544780064295749
TNR:0.544780064295749
FPR:0.48231250368796835
FPDR:0.48231250368796835
F1:0.5209041844664071
BACC:0.0
CLSFE:0.07425
MCC:0.05628666705654542
GMEAN:0.371232464000705
SAMPLES:4000.0
AUC:{'AUC macro OVO': 0.5176874963120316}
AVGP:{'avg_precision': 0.9434524987938618}


METRICS_PER_CLASSES
CLASS:0
ACC:0.92575
PREC:0.05555555555555555
REC:0.14606741573033707
TNR:0.9434927128611609
FPR:0.9444444444444444
FPDR:0.9444444444444444
F1:0.0804953560371517
BACC:0
CLSFE:0.9444444444444444
MCC:0.05628666705654542
GMEAN:0.371232464000705
SAMPLES:234
AUC:{}
AVGP:{}
CLASS:1
ACC:0.92575
PREC:0.9798194370685077
REC:0.9434927128611609
TNR:0.14606741573033707
FPR:0.0201805629314923
FPDR:0.0201805629314923
F1:0.9613130128956624
BACC:0
CLSFE:0.0201805629314923
MCC:0.05628666705654542
GMEAN:0.371232464000705
SAMPLES:3766
AUC:{}
AVGP:{}
