

GENERAL_METRICS
ACC:0.9225
PREC:0.52
REC:0.5532821824381927
TNR:0.5532821824381927
FPR:0.48
FPDR:0.48
F1:0.5238826601136538
BACC:0.0
CLSFE:0.0775
MCC:0.06528839556196349
GMEAN:0.39578986390291304
SAMPLES:4000.0
AUC:{'AUC macro OVO': 0.52}
AVGP:{'avg_precision': 0.9398497442455244}


METRICS_PER_CLASSES
CLASS:0
ACC:0.9225
PREC:0.06
REC:0.16666666666666666
TNR:0.9398976982097187
FPR:0.94
FPDR:0.94
F1:0.08823529411764706
BACC:0
CLSFE:0.94
MCC:0.06528839556196349
GMEAN:0.39578986390291304
SAMPLES:250
AUC:{}
AVGP:{}
CLASS:1
ACC:0.9225
PREC:0.98
REC:0.9398976982097187
TNR:0.16666666666666666
FPR:0.02
FPDR:0.02
F1:0.9595300261096605
BACC:0
CLSFE:0.02
MCC:0.06528839556196349
GMEAN:0.39578986390291304
SAMPLES:3750
AUC:{}
AVGP:{}
