

GENERAL_METRICS
ACC:0.919
PREC:0.5489604912415761
REC:0.6959675854037267
TNR:0.6959675854037267
FPR:0.4510395087584239
FPDR:0.4510395087584239
F1:0.5668384854201637
BACC:0.0
CLSFE:0.081
MCC:0.19590476511603264
GMEAN:0.65627310666212
SAMPLES:3000.0
AUC:{'AUC macro OVO': 0.5489604912415761}
AVGP:{'avg_precision': 0.9275699622458782}


METRICS_PER_CLASSES
CLASS:0
ACC:0.919
PREC:0.1087866108786611
REC:0.4642857142857143
TNR:0.9276494565217391
FPR:0.891213389121339
FPDR:0.891213389121339
F1:0.17627118644067796
BACC:0
CLSFE:0.891213389121339
MCC:0.19590476511603264
GMEAN:0.65627310666212
SAMPLES:239
AUC:{}
AVGP:{}
CLASS:1
ACC:0.919
PREC:0.9891343716044911
REC:0.9276494565217391
TNR:0.4642857142857143
FPR:0.010865628395508874
FPDR:0.010865628395508874
F1:0.9574057843996494
BACC:0
CLSFE:0.010865628395508874
MCC:0.19590476511603264
GMEAN:0.65627310666212
SAMPLES:2761
AUC:{}
AVGP:{}
