

GENERAL_METRICS
ACC:0.916
PREC:0.5485695917711347
REC:0.7260487104302555
TNR:0.7260487104302555
FPR:0.4514304082288653
FPDR:0.4514304082288653
F1:0.5661067377425153
BACC:0.0
CLSFE:0.084
MCC:0.20956233999446508
GMEAN:0.6989139013452422
SAMPLES:3000.0
AUC:{'AUC macro OVO': 0.5485695917711346}
AVGP:{'avg_precision': 0.9226184591609271}


METRICS_PER_CLASSES
CLASS:0
ACC:0.916
PREC:0.10588235294117647
REC:0.5294117647058824
TNR:0.9226856561546287
FPR:0.8941176470588236
FPDR:0.8941176470588236
F1:0.17647058823529413
BACC:0
CLSFE:0.8941176470588236
MCC:0.20956233999446508
GMEAN:0.6989139013452422
SAMPLES:255
AUC:{}
AVGP:{}
CLASS:1
ACC:0.916
PREC:0.9912568306010929
REC:0.9226856561546287
TNR:0.5294117647058824
FPR:0.008743169398907104
FPDR:0.008743169398907104
F1:0.9557428872497366
BACC:0
CLSFE:0.008743169398907104
MCC:0.20956233999446508
GMEAN:0.6989139013452422
SAMPLES:2745
AUC:{}
AVGP:{}
