

GENERAL_METRICS
ACC:0.916
PREC:0.5520852314139941
REC:0.7299917024967941
TNR:0.7299917024967941
FPR:0.4479147685860058
FPDR:0.4479147685860058
F1:0.5714042746187425
BACC:0.0
CLSFE:0.084
MCC:0.21889879897198178
GMEAN:0.7040286803756515
SAMPLES:3000.0
AUC:{'AUC macro OVO': 0.5520852314139941}
AVGP:{'avg_precision': 0.9228709333602513}


METRICS_PER_CLASSES
CLASS:0
ACC:0.916
PREC:0.11328125
REC:0.5370370370370371
TNR:0.9229463679565513
FPR:0.88671875
FPDR:0.88671875
F1:0.1870967741935484
BACC:0
CLSFE:0.88671875
MCC:0.21889879897198178
GMEAN:0.7040286803756515
SAMPLES:256
AUC:{}
AVGP:{}
CLASS:1
ACC:0.916
PREC:0.9908892128279884
REC:0.9229463679565513
TNR:0.5370370370370371
FPR:0.009110787172011662
FPDR:0.009110787172011662
F1:0.9557117750439368
BACC:0
CLSFE:0.009110787172011662
MCC:0.21889879897198178
GMEAN:0.7040286803756515
SAMPLES:2744
AUC:{}
AVGP:{}
