

GENERAL_METRICS
ACC:0.9076666666666666
PREC:0.5421075262419901
REC:0.6824995897700368
TNR:0.6824995897700368
FPR:0.45789247375800984
FPDR:0.45789247375800984
F1:0.5546048551822609
BACC:0.0
CLSFE:0.09233333333333334
MCC:0.17532377209487895
GMEAN:0.6410498696810436
SAMPLES:3000.0
AUC:{'AUC macro OVO': 0.5421075262419901}
AVGP:{'avg_precision': 0.9166405718405687}


METRICS_PER_CLASSES
CLASS:0
ACC:0.9076666666666666
PREC:0.0959409594095941
REC:0.4482758620689655
TNR:0.9167233174711081
FPR:0.9040590405904059
FPDR:0.9040590405904059
F1:0.1580547112462006
BACC:0
CLSFE:0.9040590405904059
MCC:0.17532377209487895
GMEAN:0.6410498696810436
SAMPLES:271
AUC:{}
AVGP:{}
CLASS:1
ACC:0.9076666666666666
PREC:0.9882740930743862
REC:0.9167233174711081
TNR:0.4482758620689655
FPR:0.011725906925613778
FPDR:0.011725906925613778
F1:0.9511549991183212
BACC:0
CLSFE:0.011725906925613778
MCC:0.17532377209487895
GMEAN:0.6410498696810436
SAMPLES:2729
AUC:{}
AVGP:{}
