

GENERAL_METRICS
ACC:0.9231428571428572
PREC:0.5190122475902079
REC:0.5937759949719947
TNR:0.5937759949719947
FPR:0.4809877524097921
FPDR:0.4809877524097921
F1:0.5209019561346686
BACC:0.0
CLSFE:0.07685714285714286
MCC:0.08444862188160698
GMEAN:0.4878697526763311
SAMPLES:3500.0
AUC:{'AUC macro OVO': 0.5190122475902079}
AVGP:{'avg_precision': 0.9322057514456578}


METRICS_PER_CLASSES
CLASS:0
ACC:0.9231428571428572
PREC:0.04878048780487805
REC:0.2553191489361702
TNR:0.9322328410078193
FPR:0.9512195121951219
FPDR:0.9512195121951219
F1:0.08191126279863481
BACC:0
CLSFE:0.9512195121951219
MCC:0.08444862188160698
GMEAN:0.4878697526763311
SAMPLES:246
AUC:{}
AVGP:{}
CLASS:1
ACC:0.9231428571428572
PREC:0.9892440073755377
REC:0.9322328410078193
TNR:0.2553191489361702
FPR:0.0107559926244622
FPDR:0.0107559926244622
F1:0.9598926494707023
BACC:0
CLSFE:0.0107559926244622
MCC:0.08444862188160698
GMEAN:0.4878697526763311
SAMPLES:3254
AUC:{}
AVGP:{}
