

GENERAL_METRICS
ACC:0.9242857142857143
PREC:0.5181308155446086
REC:0.6223665223665223
TNR:0.6223665223665223
FPR:0.4818691844553914
FPDR:0.4818691844553914
F1:0.5185897039962505
BACC:0.0
CLSFE:0.07571428571428572
MCC:0.09420413676400088
GMEAN:0.540764554917272
SAMPLES:3500.0
AUC:{'AUC macro OVO': 0.5181308155446086}
AVGP:{'avg_precision': 0.9304292467248132}


METRICS_PER_CLASSES
CLASS:0
ACC:0.9242857142857143
PREC:0.04365079365079365
REC:0.3142857142857143
TNR:0.9304473304473304
FPR:0.9563492063492064
FPDR:0.9563492063492064
F1:0.07665505226480836
BACC:0
CLSFE:0.9563492063492064
MCC:0.09420413676400088
GMEAN:0.540764554917272
SAMPLES:252
AUC:{}
AVGP:{}
CLASS:1
ACC:0.9242857142857143
PREC:0.9926108374384236
REC:0.9304473304473304
TNR:0.3142857142857143
FPR:0.007389162561576354
FPDR:0.007389162561576354
F1:0.9605243557276926
BACC:0
CLSFE:0.007389162561576354
MCC:0.09420413676400088
GMEAN:0.540764554917272
SAMPLES:3248
AUC:{}
AVGP:{}
