

GENERAL_METRICS
ACC:0.9314285714285714
PREC:0.5183531746031746
REC:0.6079997433923531
TNR:0.6079997433923531
FPR:0.4816468253968254
FPDR:0.4816468253968254
F1:0.5206573841588679
BACC:0.0
CLSFE:0.06857142857142857
MCC:0.08904242017326144
GMEAN:0.5105067496035811
SAMPLES:3500.0
AUC:{'AUC macro OVO': 0.5183531746031746}
AVGP:{'avg_precision': 0.9382040763957623}


METRICS_PER_CLASSES
CLASS:0
ACC:0.9314285714285714
PREC:0.044642857142857144
REC:0.2777777777777778
TNR:0.9382217090069284
FPR:0.9553571428571429
FPDR:0.9553571428571429
F1:0.07692307692307693
BACC:0
CLSFE:0.9553571428571429
MCC:0.08904242017326144
GMEAN:0.5105067496035811
SAMPLES:224
AUC:{}
AVGP:{}
CLASS:1
ACC:0.9314285714285714
PREC:0.9920634920634921
REC:0.9382217090069284
TNR:0.2777777777777778
FPR:0.007936507936507936
FPDR:0.007936507936507936
F1:0.9643916913946587
BACC:0
CLSFE:0.007936507936507936
MCC:0.08904242017326144
GMEAN:0.5105067496035811
SAMPLES:3276
AUC:{}
AVGP:{}
