

GENERAL_METRICS
ACC:0.9251428571428572
PREC:0.514688714871791
REC:0.6105691888524163
TNR:0.6105691888524163
FPR:0.4853112851282089
FPDR:0.4853112851282089
F1:0.5126488095238095
BACC:0.0
CLSFE:0.07485714285714286
MCC:0.08060072676243964
GMEAN:0.5198430958545536
SAMPLES:3500.0
AUC:{'AUC macro OVO': 0.514688714871791}
AVGP:{'avg_precision': 0.9308025425556862}


METRICS_PER_CLASSES
CLASS:0
ACC:0.9251428571428572
PREC:0.03614457831325301
REC:0.2903225806451613
TNR:0.9308157970596713
FPR:0.963855421686747
FPDR:0.963855421686747
F1:0.06428571428571428
BACC:0
CLSFE:0.963855421686747
MCC:0.08060072676243964
GMEAN:0.5198430958545536
SAMPLES:249
AUC:{}
AVGP:{}
CLASS:1
ACC:0.9251428571428572
PREC:0.9932328514303291
REC:0.9308157970596713
TNR:0.2903225806451613
FPR:0.00676714856967087
FPDR:0.00676714856967087
F1:0.9610119047619048
BACC:0
CLSFE:0.00676714856967087
MCC:0.08060072676243964
GMEAN:0.5198430958545536
SAMPLES:3251
AUC:{}
AVGP:{}
