

GENERAL_METRICS
ACC:0.8996363636363637
PREC:0.5533402417336767
REC:0.6762616822429907
TNR:0.6762616822429907
FPR:0.44665975826632337
FPDR:0.44665975826632337
F1:0.5697366720407067
BACC:0.0
CLSFE:0.10036363636363636
MCC:0.19392617914274102
GMEAN:0.6336483885987809
SAMPLES:2750.0
AUC:{'AUC macro OVO': 0.5533402417336766}
AVGP:{'avg_precision': 0.912360738835466}


METRICS_PER_CLASSES
CLASS:0
ACC:0.8996363636363637
PREC:0.12359550561797752
REC:0.44
TNR:0.9125233644859813
FPR:0.8764044943820225
FPDR:0.8764044943820225
F1:0.19298245614035087
BACC:0
CLSFE:0.8764044943820225
MCC:0.19392617914274102
GMEAN:0.6336483885987809
SAMPLES:267
AUC:{}
AVGP:{}
CLASS:1
ACC:0.8996363636363637
PREC:0.9830849778493758
REC:0.9125233644859813
TNR:0.44
FPR:0.016915022150624244
FPDR:0.016915022150624244
F1:0.9464908879410624
BACC:0
CLSFE:0.016915022150624244
MCC:0.19392617914274102
GMEAN:0.6336483885987809
SAMPLES:2483
AUC:{}
AVGP:{}
