

GENERAL_METRICS
ACC:0.9138181818181819
PREC:0.5648601000909919
REC:0.7157141982966272
TNR:0.7157141982966272
FPR:0.43513989990900814
FPDR:0.43513989990900814
F1:0.5886650152258635
BACC:0.0
CLSFE:0.08618181818181818
MCC:0.2365691822073813
GMEAN:0.6847467572072008
SAMPLES:2750.0
AUC:{'AUC macro OVO': 0.5648601000909919}
AVGP:{'avg_precision': 0.9238276254596647}


METRICS_PER_CLASSES
CLASS:0
ACC:0.9138181818181819
PREC:0.14285714285714285
REC:0.5074626865671642
TNR:0.9239657100260902
FPR:0.8571428571428571
FPDR:0.8571428571428571
F1:0.22295081967213115
BACC:0
CLSFE:0.8571428571428571
MCC:0.2365691822073813
GMEAN:0.6847467572072008
SAMPLES:238
AUC:{}
AVGP:{}
CLASS:1
ACC:0.9138181818181819
PREC:0.9868630573248408
REC:0.9239657100260902
TNR:0.5074626865671642
FPR:0.013136942675159236
FPDR:0.013136942675159236
F1:0.9543792107795958
BACC:0
CLSFE:0.013136942675159236
MCC:0.2365691822073813
GMEAN:0.6847467572072008
SAMPLES:2512
AUC:{}
AVGP:{}
