

GENERAL_METRICS
ACC:0.9083636363636364
PREC:0.5372266296345541
REC:0.6647560098511431
TNR:0.6647560098511431
FPR:0.46277337036544586
FPDR:0.46277337036544586
F1:0.5472257285549641
BACC:0.0
CLSFE:0.09163636363636364
MCC:0.1566309159622768
GMEAN:0.6147324237010638
SAMPLES:2750.0
AUC:{'AUC macro OVO': 0.5372266296345541}
AVGP:{'avg_precision': 0.9176741871723437}


METRICS_PER_CLASSES
CLASS:0
ACC:0.9083636363636364
PREC:0.08641975308641975
REC:0.4117647058823529
TNR:0.9177473138199334
FPR:0.9135802469135802
FPDR:0.9135802469135802
F1:0.14285714285714285
BACC:0
CLSFE:0.9135802469135802
MCC:0.1566309159622768
GMEAN:0.6147324237010638
SAMPLES:243
AUC:{}
AVGP:{}
CLASS:1
ACC:0.9083636363636364
PREC:0.9880335061826885
REC:0.9177473138199334
TNR:0.4117647058823529
FPR:0.011966493817311527
FPDR:0.011966493817311527
F1:0.9515943142527853
BACC:0
CLSFE:0.011966493817311527
MCC:0.1566309159622768
GMEAN:0.6147324237010638
SAMPLES:2507
AUC:{}
AVGP:{}
