

GENERAL_METRICS
ACC:0.9087272727272727
PREC:0.5484191865422505
REC:0.6998687559656379
TNR:0.6998687559656379
FPR:0.4515808134577494
FPDR:0.4515808134577494
F1:0.5643667460830875
BACC:0.0
CLSFE:0.09127272727272727
MCC:0.19674839342742068
GMEAN:0.665140367560639
SAMPLES:2750.0
AUC:{'AUC macro OVO': 0.5484191865422506}
AVGP:{'avg_precision': 0.9175002672751511}


METRICS_PER_CLASSES
CLASS:0
ACC:0.9087272727272727
PREC:0.10843373493975904
REC:0.48214285714285715
TNR:0.9175946547884187
FPR:0.891566265060241
FPDR:0.891566265060241
F1:0.17704918032786884
BACC:0
CLSFE:0.891566265060241
MCC:0.19674839342742068
GMEAN:0.665140367560639
SAMPLES:249
AUC:{}
AVGP:{}
CLASS:1
ACC:0.9087272727272727
PREC:0.9884046381447421
REC:0.9175946547884187
TNR:0.48214285714285715
FPR:0.011595361855257898
FPDR:0.011595361855257898
F1:0.951684311838306
BACC:0
CLSFE:0.011595361855257898
MCC:0.19674839342742068
GMEAN:0.665140367560639
SAMPLES:2501
AUC:{}
AVGP:{}
