

GENERAL_METRICS
ACC:0.8712727272727273
PREC:0.5418031902700807
REC:0.5520062737993391
TNR:0.5520062737993391
FPR:0.4581968097299193
FPDR:0.4581968097299193
F1:0.5457124777639442
BACC:0.0
CLSFE:0.12872727272727272
MCC:0.09325294974147869
GMEAN:0.41035896202543504
SAMPLES:2750.0
AUC:{'AUC macro OVO': 0.5418031902700807}
AVGP:{'avg_precision': 0.9207915007682972}


METRICS_PER_CLASSES
CLASS:0
ACC:0.8712727272727273
PREC:0.1440677966101695
REC:0.1827956989247312
TNR:0.9212168486739469
FPR:0.8559322033898306
FPDR:0.8559322033898306
F1:0.16113744075829384
BACC:0
CLSFE:0.8559322033898306
MCC:0.09325294974147869
GMEAN:0.41035896202543504
SAMPLES:236
AUC:{}
AVGP:{}
CLASS:1
ACC:0.8712727272727273
PREC:0.939538583929992
REC:0.9212168486739469
TNR:0.1827956989247312
FPR:0.060461416070007955
FPDR:0.060461416070007955
F1:0.9302875147695944
BACC:0
CLSFE:0.060461416070007955
MCC:0.09325294974147869
GMEAN:0.41035896202543504
SAMPLES:2514
AUC:{}
AVGP:{}
