

GENERAL_METRICS
ACC:0.868
PREC:0.5494
REC:0.5625631964271602
TNR:0.5625631964271602
FPR:0.4506
FPDR:0.4506
F1:0.5544026093504701
BACC:0.0
CLSFE:0.132
MCC:0.11118672409063442
GMEAN:0.43615667357669013
SAMPLES:2750.0
AUC:{'AUC macro OVO': 0.5494}
AVGP:{'avg_precision': 0.9173350730614712}


METRICS_PER_CLASSES
CLASS:0
ACC:0.868
PREC:0.16
REC:0.20725388601036268
TNR:0.9178725068439577
FPR:0.84
FPDR:0.84
F1:0.18058690744920994
BACC:0
CLSFE:0.84
MCC:0.11118672409063442
GMEAN:0.43615667357669013
SAMPLES:250
AUC:{}
AVGP:{}
CLASS:1
ACC:0.868
PREC:0.9388
REC:0.9178725068439577
TNR:0.20725388601036268
FPR:0.0612
FPDR:0.0612
F1:0.9282183112517303
BACC:0
CLSFE:0.0612
MCC:0.11118672409063442
GMEAN:0.43615667357669013
SAMPLES:2500
AUC:{}
AVGP:{}
