

GENERAL_METRICS
ACC:0.8778181818181818
PREC:0.625702551285682
REC:0.6419440801996531
TNR:0.6419440801996531
FPR:0.374297448714318
FPDR:0.374297448714318
F1:0.6330397651454497
BACC:0.0
CLSFE:0.12218181818181818
MCC:0.2671533868098689
GMEAN:0.5754593856258542
SAMPLES:2750.0
AUC:{'AUC macro OVO': 0.625702551285682}
AVGP:{'avg_precision': 0.9249648546739423}


METRICS_PER_CLASSES
CLASS:0
ACC:0.8778181818181818
PREC:0.31226765799256506
REC:0.3574468085106383
TNR:0.9264413518886679
FPR:0.6877323420074349
FPDR:0.6877323420074349
F1:0.3333333333333333
BACC:0
CLSFE:0.6877323420074349
MCC:0.2671533868098689
GMEAN:0.5754593856258542
SAMPLES:269
AUC:{}
AVGP:{}
CLASS:1
ACC:0.8778181818181818
PREC:0.9391374445787989
REC:0.9264413518886679
TNR:0.3574468085106383
FPR:0.06086255542120113
FPDR:0.06086255542120113
F1:0.932746196957566
BACC:0
CLSFE:0.06086255542120113
MCC:0.2671533868098689
GMEAN:0.5754593856258542
SAMPLES:2481
AUC:{}
AVGP:{}
