

GENERAL_METRICS
ACC:0.8807272727272727
PREC:0.6335418861162568
REC:0.6487213974623465
TNR:0.6487213974623465
FPR:0.3664581138837432
FPDR:0.3664581138837432
F1:0.6404936476582666
BACC:0.0
CLSFE:0.11927272727272727
MCC:0.2818548273346918
GMEAN:0.5851462560187924
SAMPLES:2750.0
AUC:{'AUC macro OVO': 0.6335418861162567}
AVGP:{'avg_precision': 0.927267578183458}


METRICS_PER_CLASSES
CLASS:0
ACC:0.8807272727272727
PREC:0.32706766917293234
REC:0.3686440677966102
TNR:0.9287987271280828
FPR:0.6729323308270677
FPDR:0.6729323308270677
F1:0.3466135458167331
BACC:0
CLSFE:0.6729323308270677
MCC:0.2818548273346918
GMEAN:0.5851462560187924
SAMPLES:266
AUC:{}
AVGP:{}
CLASS:1
ACC:0.8807272727272727
PREC:0.9400161030595813
REC:0.9287987271280828
TNR:0.3686440677966102
FPR:0.05998389694041868
FPDR:0.05998389694041868
F1:0.9343737494997999
BACC:0
CLSFE:0.05998389694041868
MCC:0.2818548273346918
GMEAN:0.5851462560187924
SAMPLES:2484
AUC:{}
AVGP:{}
