

GENERAL_METRICS
ACC:0.858
PREC:0.6589252692265855
REC:0.7268512453236677
TNR:0.7268512453236677
FPR:0.34107473077341455
FPDR:0.34107473077341455
F1:0.6826500459387649
BACC:0.0
CLSFE:0.142
MCC:0.37974936596365805
GMEAN:0.707931465769327
SAMPLES:1500.0
AUC:{'AUC macro OVO': 0.6589252692265855}
AVGP:{'avg_precision': 0.8891657170157307}


METRICS_PER_CLASSES
CLASS:0
ACC:0.858
PREC:0.3706896551724138
REC:0.5620915032679739
TNR:0.8916109873793615
FPR:0.6293103448275862
FPDR:0.6293103448275862
F1:0.44675324675324674
BACC:0
CLSFE:0.6293103448275862
MCC:0.37974936596365805
GMEAN:0.707931465769327
SAMPLES:232
AUC:{}
AVGP:{}
CLASS:1
ACC:0.858
PREC:0.9471608832807571
REC:0.8916109873793615
TNR:0.5620915032679739
FPR:0.0528391167192429
FPDR:0.0528391167192429
F1:0.918546845124283
BACC:0
CLSFE:0.0528391167192429
MCC:0.37974936596365805
GMEAN:0.707931465769327
SAMPLES:1268
AUC:{}
AVGP:{}
