

GENERAL_METRICS
ACC:0.8493333333333334
PREC:0.6673214472172915
REC:0.7200545866520187
TNR:0.7200545866520187
FPR:0.3326785527827085
FPDR:0.3326785527827085
F1:0.6871539313399779
BACC:0.0
CLSFE:0.15066666666666667
MCC:0.38376999312306126
GMEAN:0.6999608858299461
SAMPLES:1500.0
AUC:{'AUC macro OVO': 0.6673214472172915}
AVGP:{'avg_precision': 0.8857247852804023}


METRICS_PER_CLASSES
CLASS:0
ACC:0.8493333333333334
PREC:0.3975409836065574
REC:0.5511363636363636
TNR:0.8889728096676737
FPR:0.6024590163934426
FPDR:0.6024590163934426
F1:0.46190476190476193
BACC:0
CLSFE:0.6024590163934426
MCC:0.38376999312306126
GMEAN:0.6999608858299461
SAMPLES:244
AUC:{}
AVGP:{}
CLASS:1
ACC:0.8493333333333334
PREC:0.9371019108280255
REC:0.8889728096676737
TNR:0.5511363636363636
FPR:0.06289808917197452
FPDR:0.06289808917197452
F1:0.9124031007751938
BACC:0
CLSFE:0.06289808917197452
MCC:0.38376999312306126
GMEAN:0.6999608858299461
SAMPLES:1256
AUC:{}
AVGP:{}
