

GENERAL_METRICS
ACC:0.8566666666666667
PREC:0.684556322786767
REC:0.7423422242333766
TNR:0.7423422242333766
FPR:0.315443677213233
FPDR:0.315443677213233
F1:0.7064635363998868
BACC:0.0
CLSFE:0.14333333333333334
MCC:0.4229694540293808
GMEAN:0.7269958151032812
SAMPLES:1500.0
AUC:{'AUC macro OVO': 0.684556322786767}
AVGP:{'avg_precision': 0.889133275127195}


METRICS_PER_CLASSES
CLASS:0
ACC:0.8566666666666667
PREC:0.4274193548387097
REC:0.5921787709497207
TNR:0.8925056775170326
FPR:0.5725806451612904
FPDR:0.5725806451612904
F1:0.4964871194379391
BACC:0
CLSFE:0.5725806451612904
MCC:0.4229694540293808
GMEAN:0.7269958151032812
SAMPLES:248
AUC:{}
AVGP:{}
CLASS:1
ACC:0.8566666666666667
PREC:0.9416932907348243
REC:0.8925056775170326
TNR:0.5921787709497207
FPR:0.05830670926517572
FPDR:0.05830670926517572
F1:0.9164399533618345
BACC:0
CLSFE:0.05830670926517572
MCC:0.4229694540293808
GMEAN:0.7269958151032812
SAMPLES:1252
AUC:{}
AVGP:{}
