

GENERAL_METRICS
ACC:0.85
PREC:0.6716
REC:0.7289993210090062
TNR:0.7289993210090062
FPR:0.32839999999999997
FPDR:0.32839999999999997
F1:0.6928106776277885
BACC:0.0
CLSFE:0.15
MCC:0.3964658042512391
GMEAN:0.7115872862842203
SAMPLES:1500.0
AUC:{'AUC macro OVO': 0.6716}
AVGP:{'avg_precision': 0.8840913076341648}


METRICS_PER_CLASSES
CLASS:0
ACC:0.85
PREC:0.404
REC:0.5706214689265536
TNR:0.8873771730914588
FPR:0.596
FPDR:0.596
F1:0.47306791569086654
BACC:0
CLSFE:0.596
MCC:0.3964658042512391
GMEAN:0.7115872862842203
SAMPLES:250
AUC:{}
AVGP:{}
CLASS:1
ACC:0.85
PREC:0.9392
REC:0.8873771730914588
TNR:0.5706214689265536
FPR:0.0608
FPDR:0.0608
F1:0.9125534395647105
BACC:0
CLSFE:0.0608
MCC:0.3964658042512391
GMEAN:0.7115872862842203
SAMPLES:1250
AUC:{}
AVGP:{}
