

GENERAL_METRICS
ACC:0.888
PREC:0.5010131207440625
REC:0.5175267210665441
TNR:0.5175267210665441
FPR:0.49898687925593754
FPDR:0.49898687925593754
F1:0.4773560787967841
BACC:0.0
CLSFE:0.112
MCC:0.008427736276821224
GMEAN:0.3570106639615656
SAMPLES:2500.0
AUC:{'AUC macro OVO': 0.5010131207440625}
AVGP:{'avg_precision': 0.8921952429569717}


METRICS_PER_CLASSES
CLASS:0
ACC:0.888
PREC:0.007407407407407408
REC:0.14285714285714285
TNR:0.8921962992759453
FPR:0.9925925925925926
FPDR:0.9925925925925926
F1:0.014084507042253521
BACC:0
CLSFE:0.9925925925925926
MCC:0.008427736276821224
GMEAN:0.3570106639615656
SAMPLES:270
AUC:{}
AVGP:{}
CLASS:1
ACC:0.888
PREC:0.9946188340807175
REC:0.8921962992759453
TNR:0.14285714285714285
FPR:0.0053811659192825115
FPDR:0.0053811659192825115
F1:0.9406276505513147
BACC:0
CLSFE:0.0053811659192825115
MCC:0.008427736276821224
GMEAN:0.3570106639615656
SAMPLES:2230
AUC:{}
AVGP:{}
