

GENERAL_METRICS
ACC:0.8936
PREC:0.49755011135857463
REC:0.44877460827641624
TNR:0.44877460827641624
FPR:0.5024498886414254
FPDR:0.5024498886414254
F1:0.4719053654414871
BACC:0.0
CLSFE:0.1064
MCC:-0.022405044551276756
GMEAN:0.0
SAMPLES:2500.0
AUC:{'AUC macro OVO': 0.49755011135857463}
AVGP:{'avg_precision': 0.8975514252913264}


METRICS_PER_CLASSES
CLASS:0
ACC:0.8936
PREC:0.0
REC:0.0
TNR:0.8975492165528325
FPR:1.0
FPDR:1.0
F1:0.0
BACC:0
CLSFE:1.0
MCC:-0.022405044551276756
GMEAN:0
SAMPLES:255
AUC:{}
AVGP:{}
CLASS:1
ACC:0.8936
PREC:0.9951002227171493
REC:0.8975492165528325
TNR:0.0
FPR:0.004899777282850779
FPDR:0.004899777282850779
F1:0.9438107308829742
BACC:0
CLSFE:0.004899777282850779
MCC:-0.022405044551276756
GMEAN:0
SAMPLES:2245
AUC:{}
AVGP:{}
