

GENERAL_METRICS
ACC:0.8996
PREC:0.5029221337305908
REC:0.5935189960460718
TNR:0.5935189960460718
FPR:0.49707786626940925
FPDR:0.49707786626940925
F1:0.48139424368272077
BACC:0.0
CLSFE:0.1004
MCC:0.033062063625684805
GMEAN:0.507465327845265
SAMPLES:2500.0
AUC:{'AUC macro OVO': 0.5029221337305908}
AVGP:{'avg_precision': 0.9013225436194702}


METRICS_PER_CLASSES
CLASS:0
ACC:0.8996
PREC:0.008064516129032258
REC:0.2857142857142857
TNR:0.901323706377858
FPR:0.9919354838709677
FPDR:0.9919354838709677
F1:0.01568627450980392
BACC:0
CLSFE:0.9919354838709677
MCC:0.033062063625684805
GMEAN:0.507465327845265
SAMPLES:248
AUC:{}
AVGP:{}
CLASS:1
ACC:0.8996
PREC:0.9977797513321492
REC:0.901323706377858
TNR:0.2857142857142857
FPR:0.002220248667850799
FPDR:0.002220248667850799
F1:0.9471022128556376
BACC:0
CLSFE:0.002220248667850799
MCC:0.033062063625684805
GMEAN:0.507465327845265
SAMPLES:2252
AUC:{}
AVGP:{}
