

GENERAL_METRICS
ACC:0.8968
PREC:0.5026012999488154
REC:0.574438202247191
TNR:0.574438202247191
FPR:0.49739870005118464
FPDR:0.49739870005118464
F1:0.4804069098630852
BACC:0.0
CLSFE:0.1032
MCC:0.02783063719683958
GMEAN:0.4740454631399772
SAMPLES:2500.0
AUC:{'AUC macro OVO': 0.5026012999488153}
AVGP:{'avg_precision': 0.8988751318198646}


METRICS_PER_CLASSES
CLASS:0
ACC:0.8968
PREC:0.007874015748031496
REC:0.25
TNR:0.898876404494382
FPR:0.9921259842519685
FPDR:0.9921259842519685
F1:0.015267175572519083
BACC:0
CLSFE:0.9921259842519685
MCC:0.02783063719683958
GMEAN:0.4740454631399772
SAMPLES:254
AUC:{}
AVGP:{}
CLASS:1
ACC:0.8968
PREC:0.9973285841495992
REC:0.898876404494382
TNR:0.25
FPR:0.0026714158504007124
FPDR:0.0026714158504007124
F1:0.9455466441536513
BACC:0
CLSFE:0.0026714158504007124
MCC:0.02783063719683958
GMEAN:0.4740454631399772
SAMPLES:2246
AUC:{}
AVGP:{}
