

GENERAL_METRICS
ACC:0.9152727272727272
PREC:0.6858180422610073
REC:0.7426442218979081
TNR:0.7426442218979081
FPR:0.3141819577389927
FPDR:0.3141819577389927
F1:0.7091829208791458
BACC:0.0
CLSFE:0.08472727272727272
MCC:0.4246771681125074
GMEAN:0.7153089670133003
SAMPLES:2750.0
AUC:{'AUC macro OVO': 0.6858180422610073}
AVGP:{'avg_precision': 0.9411621503717332}


METRICS_PER_CLASSES
CLASS:0
ACC:0.9152727272727272
PREC:0.40562248995983935
REC:0.543010752688172
TNR:0.9422776911076443
FPR:0.5943775100401606
FPDR:0.5943775100401606
F1:0.46436781609195404
BACC:0
CLSFE:0.5943775100401606
MCC:0.4246771681125074
GMEAN:0.7153089670133003
SAMPLES:249
AUC:{}
AVGP:{}
CLASS:1
ACC:0.9152727272727272
PREC:0.9660135945621752
REC:0.9422776911076443
TNR:0.543010752688172
FPR:0.03398640543782487
FPDR:0.03398640543782487
F1:0.9539980256663376
BACC:0
CLSFE:0.03398640543782487
MCC:0.4246771681125074
GMEAN:0.7153089670133003
SAMPLES:2501
AUC:{}
AVGP:{}
