

GENERAL_METRICS
ACC:0.9178181818181819
PREC:0.6730480568981099
REC:0.7641310945255728
TNR:0.7641310945255728
FPR:0.3269519431018901
FPDR:0.3269519431018901
F1:0.7061387913817103
BACC:0.0
CLSFE:0.08218181818181818
MCC:0.42758565305221075
GMEAN:0.7440405357735334
SAMPLES:2750.0
AUC:{'AUC macro OVO': 0.6730480568981099}
AVGP:{'avg_precision': 0.937381958973954}


METRICS_PER_CLASSES
CLASS:0
ACC:0.9178181818181819
PREC:0.37254901960784315
REC:0.5900621118012422
TNR:0.9382000772499034
FPR:0.6274509803921569
FPDR:0.6274509803921569
F1:0.4567307692307692
BACC:0
CLSFE:0.6274509803921569
MCC:0.42758565305221075
GMEAN:0.7440405357735334
SAMPLES:255
AUC:{}
AVGP:{}
CLASS:1
ACC:0.9178181818181819
PREC:0.9735470941883767
REC:0.9382000772499034
TNR:0.5900621118012422
FPR:0.026452905811623247
FPDR:0.026452905811623247
F1:0.9555468135326515
BACC:0
CLSFE:0.026452905811623247
MCC:0.42758565305221075
GMEAN:0.7440405357735334
SAMPLES:2495
AUC:{}
AVGP:{}
