

GENERAL_METRICS
ACC:0.9123636363636364
PREC:0.6730205322533036
REC:0.7576211894052973
TNR:0.7576211894052973
FPR:0.32697946774669645
FPDR:0.32697946774669645
F1:0.7041626139213865
BACC:0.0
CLSFE:0.08763636363636364
MCC:0.42224995114568653
GMEAN:0.73661638466092
SAMPLES:2750.0
AUC:{'AUC macro OVO': 0.6730205322533036}
AVGP:{'avg_precision': 0.9338233754399046}


METRICS_PER_CLASSES
CLASS:0
ACC:0.9123636363636364
PREC:0.3754646840148699
REC:0.5804597701149425
TNR:0.9347826086956522
FPR:0.6245353159851301
FPDR:0.6245353159851301
F1:0.45598194130925507
BACC:0
CLSFE:0.6245353159851301
MCC:0.42224995114568653
GMEAN:0.73661638466092
SAMPLES:269
AUC:{}
AVGP:{}
CLASS:1
ACC:0.9123636363636364
PREC:0.9705763804917372
REC:0.9347826086956522
TNR:0.5804597701149425
FPR:0.029423619508262798
FPDR:0.029423619508262798
F1:0.9523432865335179
BACC:0
CLSFE:0.029423619508262798
MCC:0.42224995114568653
GMEAN:0.73661638466092
SAMPLES:2481
AUC:{}
AVGP:{}
