

GENERAL_METRICS
ACC:0.9130909090909091
PREC:0.6699190609373675
REC:0.7573953034120531
TNR:0.7573953034120531
FPR:0.3300809390626324
FPDR:0.3300809390626324
F1:0.7016940690562912
BACC:0.0
CLSFE:0.08690909090909091
MCC:0.4182648359375426
GMEAN:0.7362992264689727
SAMPLES:2750.0
AUC:{'AUC macro OVO': 0.6699190609373675}
AVGP:{'avg_precision': 0.9340046940551969}


METRICS_PER_CLASSES
CLASS:0
ACC:0.9130909090909091
PREC:0.3684210526315789
REC:0.5798816568047337
TNR:0.9349089500193724
FPR:0.631578947368421
FPDR:0.631578947368421
F1:0.45057471264367815
BACC:0
CLSFE:0.631578947368421
MCC:0.4182648359375426
GMEAN:0.7362992264689727
SAMPLES:266
AUC:{}
AVGP:{}
CLASS:1
ACC:0.9130909090909091
PREC:0.9714170692431562
REC:0.9349089500193724
TNR:0.5798816568047337
FPR:0.0285829307568438
FPDR:0.0285829307568438
F1:0.9528134254689042
BACC:0
CLSFE:0.0285829307568438
MCC:0.4182648359375426
GMEAN:0.7362992264689727
SAMPLES:2484
AUC:{}
AVGP:{}
