

GENERAL_METRICS
ACC:0.771
PREC:0.6920214899411032
REC:0.6967022570617651
TNR:0.6967022570617651
FPR:0.30797851005889676
FPDR:0.30797851005889676
F1:0.6942586038165606
BACC:0.0
CLSFE:0.229
MCC:0.3886955645529186
GMEAN:0.6813008394949125
SAMPLES:1000.0
AUC:{'AUC macro OVO': 0.6920214899411032}
AVGP:{'avg_precision': 0.8281719723736307}


METRICS_PER_CLASSES
CLASS:0
ACC:0.771
PREC:0.531496062992126
REC:0.5510204081632653
TNR:0.8423841059602649
FPR:0.468503937007874
FPDR:0.468503937007874
F1:0.5410821643286573
BACC:0
CLSFE:0.468503937007874
MCC:0.3886955645529186
GMEAN:0.6813008394949125
SAMPLES:254
AUC:{}
AVGP:{}
CLASS:1
ACC:0.771
PREC:0.8525469168900804
REC:0.8423841059602649
TNR:0.5510204081632653
FPR:0.14745308310991956
FPDR:0.14745308310991956
F1:0.8474350433044637
BACC:0
CLSFE:0.14745308310991956
MCC:0.3886955645529186
GMEAN:0.6813008394949125
SAMPLES:746
AUC:{}
AVGP:{}
