

GENERAL_METRICS
ACC:0.773
PREC:0.691117085853928
REC:0.7022486159818258
TNR:0.7022486159818258
FPR:0.30888291414607205
FPDR:0.30888291414607205
F1:0.6961141432761573
BACC:0.0
CLSFE:0.227
MCC:0.39320816931715297
GMEAN:0.6891460312339563
SAMPLES:1000.0
AUC:{'AUC macro OVO': 0.691117085853928}
AVGP:{'avg_precision': 0.8238886338600387}


METRICS_PER_CLASSES
CLASS:0
ACC:0.773
PREC:0.5212355212355212
REC:0.5672268907563025
TNR:0.8372703412073491
FPR:0.47876447876447875
FPDR:0.47876447876447875
F1:0.5432595573440644
BACC:0
CLSFE:0.47876447876447875
MCC:0.39320816931715297
GMEAN:0.6891460312339563
SAMPLES:259
AUC:{}
AVGP:{}
CLASS:1
ACC:0.773
PREC:0.8609986504723347
REC:0.8372703412073491
TNR:0.5672268907563025
FPR:0.13900134952766532
FPDR:0.13900134952766532
F1:0.8489687292082502
BACC:0
CLSFE:0.13900134952766532
MCC:0.39320816931715297
GMEAN:0.6891460312339563
SAMPLES:741
AUC:{}
AVGP:{}
