

GENERAL_METRICS
ACC:0.753
PREC:0.6582338595815684
REC:0.6773057805596465
TNR:0.6773057805596465
FPR:0.3417661404184315
FPDR:0.3417661404184315
F1:0.6657098117553754
BACC:0.0
CLSFE:0.247
MCC:0.33499718198262807
GMEAN:0.6632791636222523
SAMPLES:1000.0
AUC:{'AUC macro OVO': 0.6582338595815684}
AVGP:{'avg_precision': 0.8033015639245389}


METRICS_PER_CLASSES
CLASS:0
ACC:0.753
PREC:0.45660377358490567
REC:0.5401785714285714
TNR:0.8144329896907216
FPR:0.5433962264150943
FPDR:0.5433962264150943
F1:0.4948875255623722
BACC:0
CLSFE:0.5433962264150943
MCC:0.33499718198262807
GMEAN:0.6632791636222523
SAMPLES:265
AUC:{}
AVGP:{}
CLASS:1
ACC:0.753
PREC:0.8598639455782313
REC:0.8144329896907216
TNR:0.5401785714285714
FPR:0.1401360544217687
FPDR:0.1401360544217687
F1:0.8365320979483786
BACC:0
CLSFE:0.1401360544217687
MCC:0.33499718198262807
GMEAN:0.6632791636222523
SAMPLES:735
AUC:{}
AVGP:{}
