

GENERAL_METRICS
ACC:0.778
PREC:0.6846542129543433
REC:0.7108371126228269
TNR:0.7108371126228269
FPR:0.3153457870456567
FPDR:0.3153457870456567
F1:0.694852071981922
BACC:0.0
CLSFE:0.222
MCC:0.3946236743680457
GMEAN:0.7009334020895116
SAMPLES:1000.0
AUC:{'AUC macro OVO': 0.6846542129543434}
AVGP:{'avg_precision': 0.8182209501686853}


METRICS_PER_CLASSES
CLASS:0
ACC:0.778
PREC:0.48854961832061067
REC:0.5925925925925926
TNR:0.8290816326530612
FPR:0.5114503816793893
FPDR:0.5114503816793893
F1:0.5355648535564853
BACC:0
CLSFE:0.5114503816793893
MCC:0.3946236743680457
GMEAN:0.7009334020895116
SAMPLES:262
AUC:{}
AVGP:{}
CLASS:1
ACC:0.778
PREC:0.8807588075880759
REC:0.8290816326530612
TNR:0.5925925925925926
FPR:0.11924119241192412
FPDR:0.11924119241192412
F1:0.8541392904073587
BACC:0
CLSFE:0.11924119241192412
MCC:0.3946236743680457
GMEAN:0.7009334020895116
SAMPLES:738
AUC:{}
AVGP:{}
