

GENERAL_METRICS
ACC:0.8848888888888888
PREC:0.6001678006973137
REC:0.709059107793285
TNR:0.709059107793285
FPR:0.3998321993026863
FPDR:0.3998321993026863
F1:0.6268869340958435
BACC:0.0
CLSFE:0.11511111111111111
MCC:0.2894200479814485
GMEAN:0.6813627757573212
SAMPLES:2250.0
AUC:{'AUC macro OVO': 0.6001678006973137}
AVGP:{'avg_precision': 0.9046743112212893}


METRICS_PER_CLASSES
CLASS:0
ACC:0.8848888888888888
PREC:0.22900763358778625
REC:0.5128205128205128
TNR:0.9052977027660571
FPR:0.7709923664122137
FPDR:0.7709923664122137
F1:0.316622691292876
BACC:0
CLSFE:0.7709923664122137
MCC:0.2894200479814485
GMEAN:0.6813627757573212
SAMPLES:262
AUC:{}
AVGP:{}
CLASS:1
ACC:0.8848888888888888
PREC:0.971327967806841
REC:0.9052977027660571
TNR:0.5128205128205128
FPR:0.028672032193158954
FPDR:0.028672032193158954
F1:0.937151176898811
BACC:0
CLSFE:0.028672032193158954
MCC:0.2894200479814485
GMEAN:0.6813627757573212
SAMPLES:1988
AUC:{}
AVGP:{}
