

GENERAL_METRICS
ACC:0.8826666666666667
PREC:0.5616122942647468
REC:0.6488029447755892
TNR:0.6488029447755892
FPR:0.43838770573525326
FPDR:0.43838770573525326
F1:0.5777519342373518
BACC:0.0
CLSFE:0.11733333333333333
MCC:0.19150029578018368
GMEAN:0.596511027221997
SAMPLES:2250.0
AUC:{'AUC macro OVO': 0.5616122942647468}
AVGP:{'avg_precision': 0.9036355787307219}


METRICS_PER_CLASSES
CLASS:0
ACC:0.8826666666666667
PREC:0.15163934426229508
REC:0.39361702127659576
TNR:0.9039888682745826
FPR:0.8483606557377049
FPDR:0.8483606557377049
F1:0.21893491124260356
BACC:0
CLSFE:0.8483606557377049
MCC:0.19150029578018368
GMEAN:0.596511027221997
SAMPLES:244
AUC:{}
AVGP:{}
CLASS:1
ACC:0.8826666666666667
PREC:0.9715852442671984
REC:0.9039888682745826
TNR:0.39361702127659576
FPR:0.028414755732801594
FPDR:0.028414755732801594
F1:0.9365689572321
BACC:0
CLSFE:0.028414755732801594
MCC:0.19150029578018368
GMEAN:0.596511027221997
SAMPLES:2006
AUC:{}
AVGP:{}
