

GENERAL_METRICS
ACC:0.8862222222222222
PREC:0.6135340354090354
REC:0.6721622907398359
TNR:0.6721622907398359
FPR:0.38646596459096455
FPDR:0.38646596459096455
F1:0.6338384159443028
BACC:0.0
CLSFE:0.11377777777777778
MCC:0.27961601966237326
GMEAN:0.6253371040381629
SAMPLES:2250.0
AUC:{'AUC macro OVO': 0.6135340354090355}
AVGP:{'avg_precision': 0.9176939668192046}


METRICS_PER_CLASSES
CLASS:0
ACC:0.8862222222222222
PREC:0.2692307692307692
REC:0.42567567567567566
TNR:0.9186489058039962
FPR:0.7307692307692307
FPDR:0.7307692307692307
F1:0.3298429319371728
BACC:0
CLSFE:0.7307692307692307
MCC:0.27961601966237326
GMEAN:0.6253371040381629
SAMPLES:234
AUC:{}
AVGP:{}
CLASS:1
ACC:0.8862222222222222
PREC:0.9578373015873016
REC:0.9186489058039962
TNR:0.42567567567567566
FPR:0.042162698412698416
FPDR:0.042162698412698416
F1:0.9378338999514327
BACC:0
CLSFE:0.042162698412698416
MCC:0.27961601966237326
GMEAN:0.6253371040381629
SAMPLES:2016
AUC:{}
AVGP:{}
