

GENERAL_METRICS
ACC:0.8857777777777778
PREC:0.5899595666144742
REC:0.665313385923826
TNR:0.665313385923826
FPR:0.4100404333855257
FPDR:0.4100404333855257
F1:0.6110301294413699
BACC:0.0
CLSFE:0.11422222222222222
MCC:0.24389768800280756
GMEAN:0.617652173013701
SAMPLES:2250.0
AUC:{'AUC macro OVO': 0.5899595666144744}
AVGP:{'avg_precision': 0.9119616751765156}


METRICS_PER_CLASSES
CLASS:0
ACC:0.8857777777777778
PREC:0.21518987341772153
REC:0.4180327868852459
TNR:0.9125939849624061
FPR:0.7848101265822784
FPDR:0.7848101265822784
F1:0.2841225626740947
BACC:0
CLSFE:0.7848101265822784
MCC:0.24389768800280756
GMEAN:0.617652173013701
SAMPLES:237
AUC:{}
AVGP:{}
CLASS:1
ACC:0.8857777777777778
PREC:0.964729259811227
REC:0.9125939849624061
TNR:0.4180327868852459
FPR:0.03527074018877298
FPDR:0.03527074018877298
F1:0.9379376962086452
BACC:0
CLSFE:0.03527074018877298
MCC:0.24389768800280756
GMEAN:0.617652173013701
SAMPLES:2013
AUC:{}
AVGP:{}
