

GENERAL_METRICS
ACC:0.87
PREC:0.7647285966460724
REC:0.7773106815752218
TNR:0.7773106815752218
FPR:0.2352714033539276
FPDR:0.2352714033539276
F1:0.7707376603954599
BACC:0.0
CLSFE:0.13
MCC:0.541893227742788
GMEAN:0.7648258227810709
SAMPLES:1500.0
AUC:{'AUC macro OVO': 0.7647285966460724}
AVGP:{'avg_precision': 0.9093632278643105}


METRICS_PER_CLASSES
CLASS:0
ACC:0.87
PREC:0.6022727272727273
REC:0.6385542168674698
TNR:0.9160671462829736
FPR:0.3977272727272727
FPDR:0.3977272727272727
F1:0.6198830409356725
BACC:0
CLSFE:0.3977272727272727
MCC:0.541893227742788
GMEAN:0.7648258227810709
SAMPLES:264
AUC:{}
AVGP:{}
CLASS:1
ACC:0.87
PREC:0.9271844660194175
REC:0.9160671462829736
TNR:0.6385542168674698
FPR:0.07281553398058252
FPDR:0.07281553398058252
F1:0.9215922798552473
BACC:0
CLSFE:0.07281553398058252
MCC:0.541893227742788
GMEAN:0.7648258227810709
SAMPLES:1236
AUC:{}
AVGP:{}
