

GENERAL_METRICS
ACC:0.8753333333333333
PREC:0.7892
REC:0.7745199887002561
TNR:0.7745199887002561
FPR:0.21080000000000002
FPDR:0.21080000000000002
F1:0.7814928749539422
BACC:0.0
CLSFE:0.12466666666666666
MCC:0.5635288128644854
GMEAN:0.7585352140291813
SAMPLES:1500.0
AUC:{'AUC macro OVO': 0.7892}
AVGP:{'avg_precision': 0.9230877534468775}


METRICS_PER_CLASSES
CLASS:0
ACC:0.8753333333333333
PREC:0.66
REC:0.6179775280898876
TNR:0.9310624493106245
FPR:0.34
FPDR:0.34
F1:0.6382978723404256
BACC:0
CLSFE:0.34
MCC:0.5635288128644854
GMEAN:0.7585352140291813
SAMPLES:250
AUC:{}
AVGP:{}
CLASS:1
ACC:0.8753333333333333
PREC:0.9184
REC:0.9310624493106245
TNR:0.6179775280898876
FPR:0.0816
FPDR:0.0816
F1:0.9246878775674587
BACC:0
CLSFE:0.0816
MCC:0.5635288128644854
GMEAN:0.7585352140291813
SAMPLES:1250
AUC:{}
AVGP:{}
