

GENERAL_METRICS
ACC:0.8553333333333333
PREC:0.747578549492086
REC:0.7437965260545906
TNR:0.7437965260545906
FPR:0.25242145050791404
FPDR:0.25242145050791404
F1:0.7456584165185287
BACC:0.0
CLSFE:0.14466666666666667
MCC:0.4913605205622653
GMEAN:0.7239392856656038
SAMPLES:1500.0
AUC:{'AUC macro OVO': 0.7475785494920859}
AVGP:{'avg_precision': 0.9069809560823942}


METRICS_PER_CLASSES
CLASS:0
ACC:0.8553333333333333
PREC:0.5843137254901961
REC:0.573076923076923
TNR:0.9145161290322581
FPR:0.41568627450980394
FPDR:0.41568627450980394
F1:0.5786407766990291
BACC:0
CLSFE:0.41568627450980394
MCC:0.4913605205622653
GMEAN:0.7239392856656038
SAMPLES:255
AUC:{}
AVGP:{}
CLASS:1
ACC:0.8553333333333333
PREC:0.9108433734939759
REC:0.9145161290322581
TNR:0.573076923076923
FPR:0.0891566265060241
FPDR:0.0891566265060241
F1:0.9126760563380282
BACC:0
CLSFE:0.0891566265060241
MCC:0.4913605205622653
GMEAN:0.7239392856656038
SAMPLES:1245
AUC:{}
AVGP:{}
