

GENERAL_METRICS
ACC:0.8686666666666667
PREC:0.7573635797362723
REC:0.7565038300332418
TNR:0.7565038300332418
FPR:0.24263642026372773
FPDR:0.24263642026372773
F1:0.7569323630369389
BACC:0.0
CLSFE:0.13133333333333333
MCC:0.5138666905469529
GMEAN:0.7381574542259722
SAMPLES:1500.0
AUC:{'AUC macro OVO': 0.7573635797362723}
AVGP:{'avg_precision': 0.9155904211458106}


METRICS_PER_CLASSES
CLASS:0
ACC:0.8686666666666667
PREC:0.5933609958506224
REC:0.5909090909090909
TNR:0.9220985691573926
FPR:0.4066390041493776
FPDR:0.4066390041493776
F1:0.5921325051759835
BACC:0
CLSFE:0.4066390041493776
MCC:0.5138666905469529
GMEAN:0.7381574542259722
SAMPLES:241
AUC:{}
AVGP:{}
CLASS:1
ACC:0.8686666666666667
PREC:0.9213661636219221
REC:0.9220985691573926
TNR:0.5909090909090909
FPR:0.07863383637807785
FPDR:0.07863383637807785
F1:0.9217322208978943
BACC:0
CLSFE:0.07863383637807785
MCC:0.5138666905469529
GMEAN:0.7381574542259722
SAMPLES:1259
AUC:{}
AVGP:{}
