

GENERAL_METRICS
ACC:0.802
PREC:0.8010850777799117
REC:0.8057085750499683
TNR:0.8057085750499683
FPR:0.19891492222008833
FPDR:0.19891492222008833
F1:0.8010250226107929
BACC:0.0
CLSFE:0.198
MCC:0.6067760380796383
GMEAN:0.8051532944859061
SAMPLES:500.0
AUC:{'AUC macro OVO': 0.8010850777799117}
AVGP:{'avg_precision': 0.7476171065820247}


METRICS_PER_CLASSES
CLASS:0
ACC:0.802
PREC:0.8582677165354331
REC:0.7758007117437722
TNR:0.8356164383561644
FPR:0.14173228346456693
FPDR:0.14173228346456693
F1:0.8149532710280374
BACC:0
CLSFE:0.14173228346456693
MCC:0.6067760380796383
GMEAN:0.8051532944859061
SAMPLES:254
AUC:{}
AVGP:{}
CLASS:1
ACC:0.802
PREC:0.7439024390243902
REC:0.8356164383561644
TNR:0.7758007117437722
FPR:0.25609756097560976
FPDR:0.25609756097560976
F1:0.7870967741935484
BACC:0
CLSFE:0.25609756097560976
MCC:0.6067760380796383
GMEAN:0.8051532944859061
SAMPLES:246
AUC:{}
AVGP:{}
