

GENERAL_METRICS
ACC:0.786
PREC:0.7836315865361508
REC:0.7899633123689727
TNR:0.7899633123689727
FPR:0.21636841346384916
FPDR:0.21636841346384916
F1:0.7840922390240161
BACC:0.0
CLSFE:0.214
MCC:0.5735599509187832
GMEAN:0.7895328741282027
SAMPLES:500.0
AUC:{'AUC macro OVO': 0.7836315865361508}
AVGP:{'avg_precision': 0.7217864244891569}


METRICS_PER_CLASSES
CLASS:0
ACC:0.786
PREC:0.8494208494208494
REC:0.7638888888888888
TNR:0.8160377358490566
FPR:0.15057915057915058
FPDR:0.15057915057915058
F1:0.8043875685557587
BACC:0
CLSFE:0.15057915057915058
MCC:0.5735599509187832
GMEAN:0.7895328741282027
SAMPLES:259
AUC:{}
AVGP:{}
CLASS:1
ACC:0.786
PREC:0.7178423236514523
REC:0.8160377358490566
TNR:0.7638888888888888
FPR:0.2821576763485477
FPDR:0.2821576763485477
F1:0.7637969094922737
BACC:0
CLSFE:0.2821576763485477
MCC:0.5735599509187832
GMEAN:0.7895328741282027
SAMPLES:241
AUC:{}
AVGP:{}
