

GENERAL_METRICS
ACC:0.804
PREC:0.8007572475975037
REC:0.807425507141803
TNR:0.807425507141803
FPR:0.19924275240249636
FPDR:0.19924275240249636
F1:0.801856884057971
BACC:0.0
CLSFE:0.196
MCC:0.6081461974533273
GMEAN:0.807126866836855
SAMPLES:500.0
AUC:{'AUC macro OVO': 0.8007572475975037}
AVGP:{'avg_precision': 0.7364142620033195}


METRICS_PER_CLASSES
CLASS:0
ACC:0.804
PREC:0.8631178707224335
REC:0.7854671280276817
TNR:0.8293838862559242
FPR:0.13688212927756654
FPDR:0.13688212927756654
F1:0.822463768115942
BACC:0
CLSFE:0.13688212927756654
MCC:0.6081461974533273
GMEAN:0.807126866836855
SAMPLES:263
AUC:{}
AVGP:{}
CLASS:1
ACC:0.804
PREC:0.7383966244725738
REC:0.8293838862559242
TNR:0.7854671280276817
FPR:0.2616033755274262
FPDR:0.2616033755274262
F1:0.78125
BACC:0
CLSFE:0.2616033755274262
MCC:0.6081461974533273
GMEAN:0.807126866836855
SAMPLES:237
AUC:{}
AVGP:{}
