

GENERAL_METRICS
ACC:0.74
PREC:0.7386532946698922
REC:0.7403785641671105
TNR:0.7403785641671105
FPR:0.26134670533010784
FPDR:0.26134670533010784
F1:0.7389306599832915
BACC:0.0
CLSFE:0.26
MCC:0.47902875198258815
GMEAN:0.740367129517159
SAMPLES:500.0
AUC:{'AUC macro OVO': 0.7386532946698922}
AVGP:{'avg_precision': 0.666072129709178}


METRICS_PER_CLASSES
CLASS:0
ACC:0.74
PREC:0.7760617760617761
REC:0.7362637362637363
TNR:0.7444933920704846
FPR:0.22393822393822393
FPDR:0.22393822393822393
F1:0.7556390977443609
BACC:0
CLSFE:0.22393822393822393
MCC:0.47902875198258815
GMEAN:0.740367129517159
SAMPLES:259
AUC:{}
AVGP:{}
CLASS:1
ACC:0.74
PREC:0.7012448132780082
REC:0.7444933920704846
TNR:0.7362637362637363
FPR:0.2987551867219917
FPDR:0.2987551867219917
F1:0.7222222222222222
BACC:0
CLSFE:0.2987551867219917
MCC:0.47902875198258815
GMEAN:0.740367129517159
SAMPLES:241
AUC:{}
AVGP:{}
