

GENERAL_METRICS
ACC:0.864
PREC:0.7318899782135077
REC:0.7140456989247312
TNR:0.7140456989247312
FPR:0.2681100217864924
FPDR:0.2681100217864924
F1:0.7223333333333333
BACC:0.0
CLSFE:0.136
MCC:0.44557851142240207
GMEAN:0.6812089979769287
SAMPLES:1750.0
AUC:{'AUC macro OVO': 0.7318899782135078}
AVGP:{'avg_precision': 0.9225385055754679}


METRICS_PER_CLASSES
CLASS:0
ACC:0.864
PREC:0.5504201680672269
REC:0.5
TNR:0.9280913978494624
FPR:0.4495798319327731
FPDR:0.4495798319327731
F1:0.524
BACC:0
CLSFE:0.4495798319327731
MCC:0.44557851142240207
GMEAN:0.6812089979769287
SAMPLES:238
AUC:{}
AVGP:{}
CLASS:1
ACC:0.864
PREC:0.9133597883597884
REC:0.9280913978494624
TNR:0.5
FPR:0.08664021164021164
FPDR:0.08664021164021164
F1:0.9206666666666666
BACC:0
CLSFE:0.08664021164021164
MCC:0.44557851142240207
GMEAN:0.6812089979769287
SAMPLES:1512
AUC:{}
AVGP:{}
