

GENERAL_METRICS
ACC:0.8542857142857143
PREC:0.7144291685716151
REC:0.7002287021154946
TNR:0.7002287021154946
FPR:0.2855708314283848
FPDR:0.2855708314283848
F1:0.7068809572134872
BACC:0.0
CLSFE:0.1457142857142857
MCC:0.4144146431717832
GMEAN:0.6644445528038548
SAMPLES:1750.0
AUC:{'AUC macro OVO': 0.7144291685716151}
AVGP:{'avg_precision': 0.9156554043565995}


METRICS_PER_CLASSES
CLASS:0
ACC:0.8542857142857143
PREC:0.5204918032786885
REC:0.47924528301886793
TNR:0.9212121212121213
FPR:0.47950819672131145
FPDR:0.47950819672131145
F1:0.49901768172888017
BACC:0
CLSFE:0.47950819672131145
MCC:0.4144146431717832
GMEAN:0.6644445528038548
SAMPLES:244
AUC:{}
AVGP:{}
CLASS:1
ACC:0.8542857142857143
PREC:0.9083665338645418
REC:0.9212121212121213
TNR:0.47924528301886793
FPR:0.09163346613545817
FPDR:0.09163346613545817
F1:0.9147442326980942
BACC:0
CLSFE:0.09163346613545817
MCC:0.4144146431717832
GMEAN:0.6644445528038548
SAMPLES:1506
AUC:{}
AVGP:{}
