

GENERAL_METRICS
ACC:0.8468571428571429
PREC:0.6980928744040232
REC:0.6855499816468861
TNR:0.6855499816468861
FPR:0.30190712559597677
FPDR:0.30190712559597677
F1:0.6914343761842604
BACC:0.0
CLSFE:0.15314285714285714
MCC:0.38343776136445107
GMEAN:0.6454577335462717
SAMPLES:1750.0
AUC:{'AUC macro OVO': 0.6980928744040232}
AVGP:{'avg_precision': 0.9112015449067028}


METRICS_PER_CLASSES
CLASS:0
ACC:0.8468571428571429
PREC:0.4918032786885246
REC:0.45454545454545453
TNR:0.9165545087483177
FPR:0.5081967213114754
FPDR:0.5081967213114754
F1:0.47244094488188976
BACC:0
CLSFE:0.5081967213114754
MCC:0.38343776136445107
GMEAN:0.6454577335462717
SAMPLES:244
AUC:{}
AVGP:{}
CLASS:1
ACC:0.8468571428571429
PREC:0.9043824701195219
REC:0.9165545087483177
TNR:0.45454545454545453
FPR:0.09561752988047809
FPDR:0.09561752988047809
F1:0.910427807486631
BACC:0
CLSFE:0.09561752988047809
MCC:0.38343776136445107
GMEAN:0.6454577335462717
SAMPLES:1506
AUC:{}
AVGP:{}
