

GENERAL_METRICS
ACC:0.8622857142857143
PREC:0.709071203079052
REC:0.7141976966679497
TNR:0.7141976966679497
FPR:0.2909287969209479
FPDR:0.2909287969209479
F1:0.7115795592484313
BACC:0.0
CLSFE:0.1377142857142857
MCC:0.4232378534069471
GMEAN:0.6845212949041527
SAMPLES:1750.0
AUC:{'AUC macro OVO': 0.709071203079052}
AVGP:{'avg_precision': 0.9133837667640947}


METRICS_PER_CLASSES
CLASS:0
ACC:0.8622857142857143
PREC:0.4959349593495935
REC:0.5104602510460251
TNR:0.9179351422898743
FPR:0.5040650406504065
FPDR:0.5040650406504065
F1:0.5030927835051546
BACC:0
CLSFE:0.5040650406504065
MCC:0.4232378534069471
GMEAN:0.6845212949041527
SAMPLES:246
AUC:{}
AVGP:{}
CLASS:1
ACC:0.8622857142857143
PREC:0.9222074468085106
REC:0.9179351422898743
TNR:0.5104602510460251
FPR:0.07779255319148937
FPDR:0.07779255319148937
F1:0.9200663349917081
BACC:0
CLSFE:0.07779255319148937
MCC:0.4232378534069471
GMEAN:0.6845212949041527
SAMPLES:1504
AUC:{}
AVGP:{}
