

GENERAL_METRICS
ACC:0.876
PREC:0.5111644120417297
REC:0.5143135491606715
TNR:0.5143135491606715
FPR:0.48883558795827026
FPDR:0.48883558795827026
F1:0.5118794328223487
BACC:0.0
CLSFE:0.124
MCC:0.025282591687506302
GMEAN:0.31031912868963696
SAMPLES:3250.0
AUC:{'AUC macro OVO': 0.5111644120417298}
AVGP:{'avg_precision': 0.9243634371390721}


METRICS_PER_CLASSES
CLASS:0
ACC:0.876
PREC:0.0796812749003984
REC:0.10416666666666667
TNR:0.9244604316546763
FPR:0.9203187250996016
FPDR:0.9203187250996016
F1:0.09029345372460497
BACC:0
CLSFE:0.9203187250996016
MCC:0.025282591687506302
GMEAN:0.31031912868963696
SAMPLES:251
AUC:{}
AVGP:{}
CLASS:1
ACC:0.876
PREC:0.942647549183061
REC:0.9244604316546763
TNR:0.10416666666666667
FPR:0.05735245081693898
FPDR:0.05735245081693898
F1:0.9334654119200925
BACC:0
CLSFE:0.05735245081693898
MCC:0.025282591687506302
GMEAN:0.31031912868963696
SAMPLES:2999
AUC:{}
AVGP:{}
