

GENERAL_METRICS
ACC:0.8929230769230769
PREC:0.5333537771417483
REC:0.5413929596393594
TNR:0.5413929596393594
FPR:0.4666462228582518
FPDR:0.4666462228582518
F1:0.5364754098360656
BACC:0.0
CLSFE:0.10707692307692308
MCC:0.07431316306142728
GMEAN:0.3707773545893326
SAMPLES:3250.0
AUC:{'AUC macro OVO': 0.5333537771417483}
AVGP:{'avg_precision': 0.9356683528022841}


METRICS_PER_CLASSES
CLASS:0
ACC:0.8929230769230769
PREC:0.11659192825112108
REC:0.14689265536723164
TNR:0.9358932639114872
FPR:0.8834080717488789
FPDR:0.8834080717488789
F1:0.13
BACC:0
CLSFE:0.8834080717488789
MCC:0.07431316306142728
GMEAN:0.3707773545893326
SAMPLES:223
AUC:{}
AVGP:{}
CLASS:1
ACC:0.8929230769230769
PREC:0.9501156260323753
REC:0.9358932639114872
TNR:0.14689265536723164
FPR:0.04988437396762471
FPDR:0.04988437396762471
F1:0.9429508196721311
BACC:0
CLSFE:0.04988437396762471
MCC:0.07431316306142728
GMEAN:0.3707773545893326
SAMPLES:3027
AUC:{}
AVGP:{}
