

GENERAL_METRICS
ACC:0.8830769230769231
PREC:0.5294915215037677
REC:0.5326845288157316
TNR:0.5326845288157316
FPR:0.47050847849623234
FPDR:0.47050847849623234
F1:0.5308898582565664
BACC:0.0
CLSFE:0.11692307692307692
MCC:0.06209400887073275
GMEAN:0.35067090398662887
SAMPLES:3250.0
AUC:{'AUC macro OVO': 0.5294915215037677}
AVGP:{'avg_precision': 0.9334187933005863}


METRICS_PER_CLASSES
CLASS:0
ACC:0.8830769230769231
PREC:0.11790393013100436
REC:0.13170731707317074
TNR:0.9336617405582923
FPR:0.8820960698689956
FPDR:0.8820960698689956
F1:0.12442396313364056
BACC:0
CLSFE:0.8820960698689956
MCC:0.06209400887073275
GMEAN:0.35067090398662887
SAMPLES:229
AUC:{}
AVGP:{}
CLASS:1
ACC:0.8830769230769231
PREC:0.9410791128765309
REC:0.9336617405582923
TNR:0.13170731707317074
FPR:0.05892088712346905
FPDR:0.05892088712346905
F1:0.9373557533794923
BACC:0
CLSFE:0.05892088712346905
MCC:0.06209400887073275
GMEAN:0.35067090398662887
SAMPLES:3021
AUC:{}
AVGP:{}
