

GENERAL_METRICS
ACC:0.8796923076923077
PREC:0.5217472342472342
REC:0.5363642578655176
TNR:0.5363642578655176
FPR:0.47825276575276576
FPDR:0.47825276575276576
F1:0.5244232919002447
BACC:0.0
CLSFE:0.12030769230769231
MCC:0.0562431163442511
GMEAN:0.3774400969759219
SAMPLES:3250.0
AUC:{'AUC macro OVO': 0.5217472342472342}
AVGP:{'avg_precision': 0.9172840332335314}


METRICS_PER_CLASSES
CLASS:0
ACC:0.8796923076923077
PREC:0.08928571428571429
REC:0.15527950310559005
TNR:0.9174490126254451
FPR:0.9107142857142857
FPDR:0.9107142857142857
F1:0.11337868480725624
BACC:0
CLSFE:0.9107142857142857
MCC:0.0562431163442511
GMEAN:0.3774400969759219
SAMPLES:280
AUC:{}
AVGP:{}
CLASS:1
ACC:0.8796923076923077
PREC:0.9542087542087542
REC:0.9174490126254451
TNR:0.15527950310559005
FPR:0.04579124579124579
FPDR:0.04579124579124579
F1:0.9354678989932332
BACC:0
CLSFE:0.04579124579124579
MCC:0.0562431163442511
GMEAN:0.3774400969759219
SAMPLES:2970
AUC:{}
AVGP:{}
