

GENERAL_METRICS
ACC:0.9235
PREC:0.5692922095150803
REC:0.6024964703843585
TNR:0.6024964703843585
FPR:0.43070779048491975
FPDR:0.43070779048491975
F1:0.5814732142857143
BACC:0.0
CLSFE:0.0765
MCC:0.1685491845181008
GMEAN:0.4921179266410792
SAMPLES:4000.0
AUC:{'AUC macro OVO': 0.5692922095150802}
AVGP:{'avg_precision': 0.9498538158246205}


METRICS_PER_CLASSES
CLASS:0
ACC:0.9235
PREC:0.16883116883116883
REC:0.2549019607843137
TNR:0.9500909799844034
FPR:0.8311688311688312
FPDR:0.8311688311688312
F1:0.203125
BACC:0
CLSFE:0.8311688311688312
MCC:0.1685491845181008
GMEAN:0.4921179266410792
SAMPLES:231
AUC:{}
AVGP:{}
CLASS:1
ACC:0.9235
PREC:0.9697532501989917
REC:0.9500909799844034
TNR:0.2549019607843137
FPR:0.030246749801008225
FPDR:0.030246749801008225
F1:0.9598214285714286
BACC:0
CLSFE:0.030246749801008225
MCC:0.1685491845181008
GMEAN:0.4921179266410792
SAMPLES:3769
AUC:{}
AVGP:{}
