

GENERAL_METRICS
ACC:0.8974545454545455
PREC:0.6781433426011739
REC:0.6958915929504165
TNR:0.6958915929504165
FPR:0.3218566573988261
FPDR:0.3218566573988261
F1:0.6864086982260963
BACC:0.0
CLSFE:0.10254545454545455
MCC:0.3736136140755888
GMEAN:0.6521231717605073
SAMPLES:2750.0
AUC:{'AUC macro OVO': 0.6781433426011739}
AVGP:{'avg_precision': 0.9370780140361997}


METRICS_PER_CLASSES
CLASS:0
ACC:0.8974545454545455
PREC:0.4076923076923077
REC:0.452991452991453
TNR:0.93879173290938
FPR:0.5923076923076923
FPDR:0.5923076923076923
F1:0.4291497975708502
BACC:0
CLSFE:0.5923076923076923
MCC:0.3736136140755888
GMEAN:0.6521231717605073
SAMPLES:260
AUC:{}
AVGP:{}
CLASS:1
ACC:0.8974545454545455
PREC:0.9485943775100402
REC:0.93879173290938
TNR:0.452991452991453
FPR:0.05140562248995984
FPDR:0.05140562248995984
F1:0.9436675988813424
BACC:0
CLSFE:0.05140562248995984
MCC:0.3736136140755888
GMEAN:0.6521231717605073
SAMPLES:2490
AUC:{}
AVGP:{}
