

GENERAL_METRICS
ACC:0.9123636363636364
PREC:0.7145916334661355
REC:0.7239182136429537
TNR:0.7239182136429537
FPR:0.28540836653386453
FPDR:0.28540836653386453
F1:0.7191188617776608
BACC:0.0
CLSFE:0.08763636363636364
MCC:0.4384106532850704
GMEAN:0.6877031609549984
SAMPLES:2750.0
AUC:{'AUC macro OVO': 0.7145916334661355}
AVGP:{'avg_precision': 0.9483112101017156}


METRICS_PER_CLASSES
CLASS:0
ACC:0.9123636363636364
PREC:0.475
REC:0.4978165938864629
TNR:0.9500198333994446
FPR:0.525
FPDR:0.525
F1:0.4861407249466951
BACC:0
CLSFE:0.525
MCC:0.4384106532850704
GMEAN:0.6877031609549984
SAMPLES:240
AUC:{}
AVGP:{}
CLASS:1
ACC:0.9123636363636364
PREC:0.954183266932271
REC:0.9500198333994446
TNR:0.4978165938864629
FPR:0.045816733067729085
FPDR:0.045816733067729085
F1:0.9520969986086265
BACC:0
CLSFE:0.045816733067729085
MCC:0.4384106532850704
GMEAN:0.6877031609549984
SAMPLES:2510
AUC:{}
AVGP:{}
