

GENERAL_METRICS
ACC:0.9018181818181819
PREC:0.6969654944884901
REC:0.726544332341025
TNR:0.726544332341025
FPR:0.30303450551150984
FPDR:0.30303450551150984
F1:0.7102782733287446
BACC:0.0
CLSFE:0.09818181818181818
MCC:0.4224756392651053
GMEAN:0.694994549131698
SAMPLES:2750.0
AUC:{'AUC macro OVO': 0.6969654944884902}
AVGP:{'avg_precision': 0.9365049131203037}


METRICS_PER_CLASSES
CLASS:0
ACC:0.9018181818181819
PREC:0.4404332129963899
REC:0.5147679324894515
TNR:0.9383207321925985
FPR:0.5595667870036101
FPDR:0.5595667870036101
F1:0.47470817120622566
BACC:0
CLSFE:0.5595667870036101
MCC:0.4224756392651053
GMEAN:0.694994549131698
SAMPLES:277
AUC:{}
AVGP:{}
CLASS:1
ACC:0.9018181818181819
PREC:0.9534977759805904
REC:0.9383207321925985
TNR:0.5147679324894515
FPR:0.04650222401940962
FPDR:0.04650222401940962
F1:0.9458483754512635
BACC:0
CLSFE:0.04650222401940962
MCC:0.4224756392651053
GMEAN:0.694994549131698
SAMPLES:2473
AUC:{}
AVGP:{}
