

GENERAL_METRICS
ACC:0.9058181818181819
PREC:0.7110059760956176
REC:0.7055994345247242
TNR:0.7055994345247242
FPR:0.2889940239043825
FPDR:0.2889940239043825
F1:0.7082534076698326
BACC:0.0
CLSFE:0.09418181818181819
MCC:0.4165703271554345
GMEAN:0.6620459224756311
SAMPLES:2750.0
AUC:{'AUC macro OVO': 0.7110059760956176}
AVGP:{'avg_precision': 0.9477033927993398}


METRICS_PER_CLASSES
CLASS:0
ACC:0.9058181818181819
PREC:0.475
REC:0.46153846153846156
TNR:0.9496604075109868
FPR:0.525
FPDR:0.525
F1:0.4681724845995893
BACC:0
CLSFE:0.525
MCC:0.4165703271554345
GMEAN:0.6620459224756311
SAMPLES:240
AUC:{}
AVGP:{}
CLASS:1
ACC:0.9058181818181819
PREC:0.947011952191235
REC:0.9496604075109868
TNR:0.46153846153846156
FPR:0.05298804780876494
FPDR:0.05298804780876494
F1:0.9483343307400758
BACC:0
CLSFE:0.05298804780876494
MCC:0.4165703271554345
GMEAN:0.6620459224756311
SAMPLES:2510
AUC:{}
AVGP:{}
