

GENERAL_METRICS
ACC:0.8645
PREC:0.5168193470002783
REC:0.586377579475739
TNR:0.586377579475739
FPR:0.4831806529997217
FPDR:0.4831806529997217
F1:0.5071790913000743
BACC:0.0
CLSFE:0.1355
MCC:0.07623160715206179
GMEAN:0.5091192924921722
SAMPLES:2000.0
AUC:{'AUC macro OVO': 0.5168193470002783}
AVGP:{'avg_precision': 0.8772331727308164}


METRICS_PER_CLASSES
CLASS:0
ACC:0.8645
PREC:0.05138339920948617
REC:0.29545454545454547
TNR:0.8773006134969326
FPR:0.9486166007905138
FPDR:0.9486166007905138
F1:0.08754208754208755
BACC:0
CLSFE:0.9486166007905138
MCC:0.07623160715206179
GMEAN:0.5091192924921722
SAMPLES:253
AUC:{}
AVGP:{}
CLASS:1
ACC:0.8645
PREC:0.9822552947910704
REC:0.8773006134969326
TNR:0.29545454545454547
FPR:0.017744705208929592
FPDR:0.017744705208929592
F1:0.9268160950580611
BACC:0
CLSFE:0.017744705208929592
MCC:0.07623160715206179
GMEAN:0.5091192924921722
SAMPLES:1747
AUC:{}
AVGP:{}
