

GENERAL_METRICS
ACC:0.868
PREC:0.5284448057742261
REC:0.6688110461695367
TNR:0.6688110461695367
FPR:0.4715551942257738
FPDR:0.4715551942257738
F1:0.5243243243243243
BACC:0.0
CLSFE:0.132
MCC:0.13859000571233698
GMEAN:0.6358822934621973
SAMPLES:2000.0
AUC:{'AUC macro OVO': 0.5284448057742261}
AVGP:{'avg_precision': 0.8760041274959467}


METRICS_PER_CLASSES
CLASS:0
ACC:0.868
PREC:0.06896551724137931
REC:0.46153846153846156
TNR:0.8760836308006119
FPR:0.9310344827586207
FPDR:0.9310344827586207
F1:0.12
BACC:0
CLSFE:0.9310344827586207
MCC:0.13859000571233698
GMEAN:0.6358822934621973
SAMPLES:261
AUC:{}
AVGP:{}
CLASS:1
ACC:0.868
PREC:0.9879240943070731
REC:0.8760836308006119
TNR:0.46153846153846156
FPR:0.012075905692926969
FPDR:0.012075905692926969
F1:0.9286486486486486
BACC:0
CLSFE:0.012075905692926969
MCC:0.13859000571233698
GMEAN:0.6358822934621973
SAMPLES:1739
AUC:{}
AVGP:{}
