

GENERAL_METRICS
ACC:0.8725
PREC:0.533229183399662
REC:0.6785957488204679
TNR:0.6785957488204679
FPR:0.46677081660033803
FPDR:0.46677081660033803
F1:0.5333836547039045
BACC:0.0
CLSFE:0.1275
MCC:0.15407259187740427
GMEAN:0.6477069522004456
SAMPLES:2000.0
AUC:{'AUC macro OVO': 0.533229183399662}
AVGP:{'avg_precision': 0.8809065609628179}


METRICS_PER_CLASSES
CLASS:0
ACC:0.8725
PREC:0.07905138339920949
REC:0.47619047619047616
TNR:0.8810010214504597
FPR:0.9209486166007905
FPDR:0.9209486166007905
F1:0.13559322033898305
BACC:0
CLSFE:0.9209486166007905
MCC:0.15407259187740427
GMEAN:0.6477069522004456
SAMPLES:253
AUC:{}
AVGP:{}
CLASS:1
ACC:0.8725
PREC:0.9874069834001145
REC:0.8810010214504597
TNR:0.47619047619047616
FPR:0.012593016599885518
FPDR:0.012593016599885518
F1:0.9311740890688259
BACC:0
CLSFE:0.012593016599885518
MCC:0.15407259187740427
GMEAN:0.6477069522004456
SAMPLES:1747
AUC:{}
AVGP:{}
