

GENERAL_METRICS
ACC:0.8615
PREC:0.5287383535820909
REC:0.6013317431922083
TNR:0.6013317431922083
FPR:0.47126164641790913
FPDR:0.47126164641790913
F1:0.5282050757980274
BACC:0.0
CLSFE:0.1385
MCC:0.10792789194545245
GMEAN:0.5330798443509098
SAMPLES:2000.0
AUC:{'AUC macro OVO': 0.5287383535820909}
AVGP:{'avg_precision': 0.8794205788942463}


METRICS_PER_CLASSES
CLASS:0
ACC:0.8615
PREC:0.08267716535433071
REC:0.3230769230769231
TNR:0.8795865633074935
FPR:0.9173228346456693
FPDR:0.9173228346456693
F1:0.13166144200626959
BACC:0
CLSFE:0.9173228346456693
MCC:0.10792789194545245
GMEAN:0.5330798443509098
SAMPLES:254
AUC:{}
AVGP:{}
CLASS:1
ACC:0.8615
PREC:0.9747995418098511
REC:0.8795865633074935
TNR:0.3230769230769231
FPR:0.025200458190148912
FPDR:0.025200458190148912
F1:0.9247487095897854
BACC:0
CLSFE:0.025200458190148912
MCC:0.10792789194545245
GMEAN:0.5330798443509098
SAMPLES:1746
AUC:{}
AVGP:{}
