

GENERAL_METRICS
ACC:0.8853333333333333
PREC:0.8819733606058393
REC:0.8649126480098634
TNR:0.8649126480098634
FPR:0.11802663939416076
FPDR:0.11802663939416076
F1:0.8722519310754605
BACC:0.0
CLSFE:0.11466666666666667
MCC:0.7466911288823599
GMEAN:0.8620013615681367
SAMPLES:750.0
AUC:{'AUC macro OVO': 0.8819733606058393}
AVGP:{'avg_precision': 0.9076324418799335}


METRICS_PER_CLASSES
CLASS:0
ACC:0.8853333333333333
PREC:0.8724279835390947
REC:0.7940074906367042
TNR:0.9358178053830227
FPR:0.12757201646090535
FPDR:0.12757201646090535
F1:0.8313725490196079
BACC:0
CLSFE:0.12757201646090535
MCC:0.7466911288823599
GMEAN:0.8620013615681367
SAMPLES:243
AUC:{}
AVGP:{}
CLASS:1
ACC:0.8853333333333333
PREC:0.8915187376725838
REC:0.9358178053830227
TNR:0.7940074906367042
FPR:0.10848126232741617
FPDR:0.10848126232741617
F1:0.9131313131313131
BACC:0
CLSFE:0.10848126232741617
MCC:0.7466911288823599
GMEAN:0.8620013615681367
SAMPLES:507
AUC:{}
AVGP:{}
