

GENERAL_METRICS
ACC:0.876
PREC:0.8737373737373737
REC:0.8584726443768997
TNR:0.8584726443768997
FPR:0.12626262626262627
FPDR:0.12626262626262627
F1:0.8648975836521233
BACC:0.0
CLSFE:0.124
MCC:0.7320508852972285
GMEAN:0.8556801095316078
SAMPLES:750.0
AUC:{'AUC macro OVO': 0.8737373737373737}
AVGP:{'avg_precision': 0.8957567160971417}


METRICS_PER_CLASSES
CLASS:0
ACC:0.876
PREC:0.8666666666666667
REC:0.7892857142857143
TNR:0.9276595744680851
FPR:0.13333333333333333
FPDR:0.13333333333333333
F1:0.8261682242990654
BACC:0
CLSFE:0.13333333333333333
MCC:0.7320508852972285
GMEAN:0.8556801095316078
SAMPLES:255
AUC:{}
AVGP:{}
CLASS:1
ACC:0.876
PREC:0.8808080808080808
REC:0.9276595744680851
TNR:0.7892857142857143
FPR:0.1191919191919192
FPDR:0.1191919191919192
F1:0.9036269430051813
BACC:0
CLSFE:0.1191919191919192
MCC:0.7320508852972285
GMEAN:0.8556801095316078
SAMPLES:495
AUC:{}
AVGP:{}
