

GENERAL_METRICS
ACC:0.8533333333333334
PREC:0.8568727547740593
REC:0.8355555555555556
TNR:0.8355555555555556
FPR:0.14312724522594064
FPDR:0.14312724522594064
F1:0.8430472798666758
BACC:0.0
CLSFE:0.14666666666666667
MCC:0.692100095335497
GMEAN:0.8308139694611857
SAMPLES:750.0
AUC:{'AUC macro OVO': 0.8568727547740594}
AVGP:{'avg_precision': 0.882977416440831}


METRICS_PER_CLASSES
CLASS:0
ACC:0.8533333333333334
PREC:0.8682170542635659
REC:0.7466666666666667
TNR:0.9244444444444444
FPR:0.13178294573643412
FPDR:0.13178294573643412
F1:0.8028673835125448
BACC:0
CLSFE:0.13178294573643412
MCC:0.692100095335497
GMEAN:0.8308139694611857
SAMPLES:258
AUC:{}
AVGP:{}
CLASS:1
ACC:0.8533333333333334
PREC:0.8455284552845529
REC:0.9244444444444444
TNR:0.7466666666666667
FPR:0.15447154471544716
FPDR:0.15447154471544716
F1:0.8832271762208068
BACC:0
CLSFE:0.15447154471544716
MCC:0.692100095335497
GMEAN:0.8308139694611857
SAMPLES:492
AUC:{}
AVGP:{}
