

GENERAL_METRICS
ACC:0.8773333333333333
PREC:0.8779479738157154
REC:0.8549282296650718
TNR:0.8549282296650718
FPR:0.12205202618428454
FPDR:0.12205202618428454
F1:0.8641047456986197
BACC:0.0
CLSFE:0.12266666666666666
MCC:0.7325145875732791
GMEAN:0.8507896697779992
SAMPLES:750.0
AUC:{'AUC macro OVO': 0.8779479738157154}
AVGP:{'avg_precision': 0.9067318788129459}


METRICS_PER_CLASSES
CLASS:0
ACC:0.8773333333333333
PREC:0.8796680497925311
REC:0.7709090909090909
TNR:0.9389473684210526
FPR:0.12033195020746888
FPDR:0.12033195020746888
F1:0.8217054263565892
BACC:0
CLSFE:0.12033195020746888
MCC:0.7325145875732791
GMEAN:0.8507896697779992
SAMPLES:241
AUC:{}
AVGP:{}
CLASS:1
ACC:0.8773333333333333
PREC:0.8762278978388998
REC:0.9389473684210526
TNR:0.7709090909090909
FPR:0.1237721021611002
FPDR:0.1237721021611002
F1:0.9065040650406504
BACC:0
CLSFE:0.1237721021611002
MCC:0.7325145875732791
GMEAN:0.8507896697779992
SAMPLES:509
AUC:{}
AVGP:{}
