

GENERAL_METRICS
ACC:0.9007272727272727
PREC:0.5625361521854251
REC:0.6420976245483088
TNR:0.6420976245483088
FPR:0.4374638478145749
FPDR:0.4374638478145749
F1:0.5801388184382115
BACC:0.0
CLSFE:0.09927272727272728
MCC:0.18853369644644885
GMEAN:0.5781448999892391
SAMPLES:2750.0
AUC:{'AUC macro OVO': 0.5625361521854251}
AVGP:{'avg_precision': 0.9211766305345913}


METRICS_PER_CLASSES
CLASS:0
ACC:0.9007272727272727
PREC:0.1510204081632653
REC:0.3627450980392157
TNR:0.9214501510574018
FPR:0.8489795918367347
FPDR:0.8489795918367347
F1:0.2132564841498559
BACC:0
CLSFE:0.8489795918367347
MCC:0.18853369644644885
GMEAN:0.5781448999892391
SAMPLES:245
AUC:{}
AVGP:{}
CLASS:1
ACC:0.9007272727272727
PREC:0.9740518962075848
REC:0.9214501510574018
TNR:0.3627450980392157
FPR:0.02594810379241517
FPDR:0.02594810379241517
F1:0.9470211527265671
BACC:0
CLSFE:0.02594810379241517
MCC:0.18853369644644885
GMEAN:0.5781448999892391
SAMPLES:2505
AUC:{}
AVGP:{}
