

GENERAL_METRICS
ACC:0.9167272727272727
PREC:0.6018314327569619
REC:0.7119345601488458
TNR:0.7119345601488458
FPR:0.39816856724303806
FPDR:0.39816856724303806
F1:0.6319272633331755
BACC:0.0
CLSFE:0.08327272727272728
MCC:0.29381354571002
GMEAN:0.6765843923039438
SAMPLES:2750.0
AUC:{'AUC macro OVO': 0.6018314327569619}
AVGP:{'avg_precision': 0.9331477677544151}


METRICS_PER_CLASSES
CLASS:0
ACC:0.9167272727272727
PREC:0.22466960352422907
REC:0.49038461538461536
TNR:0.9334845049130763
FPR:0.775330396475771
FPDR:0.775330396475771
F1:0.3081570996978852
BACC:0
CLSFE:0.775330396475771
MCC:0.29381354571002
GMEAN:0.6765843923039438
SAMPLES:227
AUC:{}
AVGP:{}
CLASS:1
ACC:0.9167272727272727
PREC:0.9789932619896948
REC:0.9334845049130763
TNR:0.49038461538461536
FPR:0.02100673801030519
FPDR:0.02100673801030519
F1:0.9556974269684658
BACC:0
CLSFE:0.02100673801030519
MCC:0.29381354571002
GMEAN:0.6765843923039438
SAMPLES:2523
AUC:{}
AVGP:{}
