

GENERAL_METRICS
ACC:0.9058181818181819
PREC:0.5866664800228949
REC:0.7082646543250022
TNR:0.7082646543250022
FPR:0.41333351997710505
FPDR:0.41333351997710505
F1:0.6140861141980007
BACC:0.0
CLSFE:0.09418181818181819
MCC:0.26869733533128254
GMEAN:0.6754095947225812
SAMPLES:2750.0
AUC:{'AUC macro OVO': 0.5866664800228949}
AVGP:{'avg_precision': 0.9211667229365067}


METRICS_PER_CLASSES
CLASS:0
ACC:0.9058181818181819
PREC:0.1937984496124031
REC:0.49504950495049505
TNR:0.9214798036995092
FPR:0.8062015503875969
FPDR:0.8062015503875969
F1:0.2785515320334262
BACC:0
CLSFE:0.8062015503875969
MCC:0.26869733533128254
GMEAN:0.6754095947225812
SAMPLES:258
AUC:{}
AVGP:{}
CLASS:1
ACC:0.9058181818181819
PREC:0.9795345104333868
REC:0.9214798036995092
TNR:0.49504950495049505
FPR:0.020465489566613163
FPDR:0.020465489566613163
F1:0.9496206963625754
BACC:0
CLSFE:0.020465489566613163
MCC:0.26869733533128254
GMEAN:0.6754095947225812
SAMPLES:2492
AUC:{}
AVGP:{}
