

GENERAL_METRICS
ACC:0.9076363636363637
PREC:0.5768686375153002
REC:0.6711144500633529
TNR:0.6711144500633529
FPR:0.42313136248469985
FPDR:0.42313136248469985
F1:0.5996574879238128
BACC:0.0
CLSFE:0.09236363636363637
MCC:0.22937597638418725
GMEAN:0.6206692911821211
SAMPLES:2750.0
AUC:{'AUC macro OVO': 0.5768686375153002}
AVGP:{'avg_precision': 0.9260922189070658}


METRICS_PER_CLASSES
CLASS:0
ACC:0.9076363636363637
PREC:0.17721518987341772
REC:0.4158415841584158
TNR:0.9263873159682899
FPR:0.8227848101265823
FPDR:0.8227848101265823
F1:0.2485207100591716
BACC:0
CLSFE:0.8227848101265823
MCC:0.22937597638418725
GMEAN:0.6206692911821211
SAMPLES:237
AUC:{}
AVGP:{}
CLASS:1
ACC:0.9076363636363637
PREC:0.9765220851571826
REC:0.9263873159682899
TNR:0.4158415841584158
FPR:0.02347791484281735
FPDR:0.02347791484281735
F1:0.950794265788454
BACC:0
CLSFE:0.02347791484281735
MCC:0.22937597638418725
GMEAN:0.6206692911821211
SAMPLES:2513
AUC:{}
AVGP:{}
