

GENERAL_METRICS
ACC:0.849
PREC:0.8287645240698853
REC:0.8089201261166579
TNR:0.8089201261166579
FPR:0.17123547593011468
FPDR:0.17123547593011468
F1:0.817583280480807
BACC:0.0
CLSFE:0.151
MCC:0.6373758019829494
GMEAN:0.8021581504734545
SAMPLES:1000.0
AUC:{'AUC macro OVO': 0.8287645240698853}
AVGP:{'avg_precision': 0.8893434469415329}


METRICS_PER_CLASSES
CLASS:0
ACC:0.849
PREC:0.7833935018050542
REC:0.7045454545454546
TNR:0.9132947976878613
FPR:0.21660649819494585
FPDR:0.21660649819494585
F1:0.7418803418803419
BACC:0
CLSFE:0.21660649819494585
MCC:0.6373758019829494
GMEAN:0.8021581504734545
SAMPLES:277
AUC:{}
AVGP:{}
CLASS:1
ACC:0.849
PREC:0.8741355463347165
REC:0.9132947976878613
TNR:0.7045454545454546
FPR:0.12586445366528354
FPDR:0.12586445366528354
F1:0.893286219081272
BACC:0
CLSFE:0.12586445366528354
MCC:0.6373758019829494
GMEAN:0.8021581504734545
SAMPLES:723
AUC:{}
AVGP:{}
