

GENERAL_METRICS
ACC:0.841
PREC:0.8032584008744952
REC:0.7742363401692242
TNR:0.7742363401692242
FPR:0.1967415991255048
FPDR:0.1967415991255048
F1:0.7865700191281586
BACC:0.0
CLSFE:0.159
MCC:0.5767650266144542
GMEAN:0.7609801434452228
SAMPLES:1000.0
AUC:{'AUC macro OVO': 0.8032584008744952}
AVGP:{'avg_precision': 0.8983495230724103}


METRICS_PER_CLASSES
CLASS:0
ACC:0.841
PREC:0.7336244541484717
REC:0.631578947368421
TNR:0.9168937329700273
FPR:0.2663755458515284
FPDR:0.2663755458515284
F1:0.6787878787878788
BACC:0
CLSFE:0.2663755458515284
MCC:0.5767650266144542
GMEAN:0.7609801434452228
SAMPLES:229
AUC:{}
AVGP:{}
CLASS:1
ACC:0.841
PREC:0.8728923476005188
REC:0.9168937329700273
TNR:0.631578947368421
FPR:0.12710765239948119
FPDR:0.12710765239948119
F1:0.8943521594684385
BACC:0
CLSFE:0.12710765239948119
MCC:0.5767650266144542
GMEAN:0.7609801434452228
SAMPLES:771
AUC:{}
AVGP:{}
