

GENERAL_METRICS
ACC:0.837
PREC:0.7991706711713928
REC:0.7763615061409179
TNR:0.7763615061409179
FPR:0.2008293288286072
FPDR:0.2008293288286072
F1:0.7863222653510411
BACC:0.0
CLSFE:0.163
MCC:0.5750800197472189
GMEAN:0.7648880526140243
SAMPLES:1000.0
AUC:{'AUC macro OVO': 0.7991706711713928}
AVGP:{'avg_precision': 0.89012716269238}


METRICS_PER_CLASSES
CLASS:0
ACC:0.837
PREC:0.7261410788381742
REC:0.6433823529411765
TNR:0.9093406593406593
FPR:0.27385892116182575
FPDR:0.27385892116182575
F1:0.682261208576998
BACC:0
CLSFE:0.27385892116182575
MCC:0.5750800197472189
GMEAN:0.7648880526140243
SAMPLES:241
AUC:{}
AVGP:{}
CLASS:1
ACC:0.837
PREC:0.8722002635046113
REC:0.9093406593406593
TNR:0.6433823529411765
FPR:0.12779973649538867
FPDR:0.12779973649538867
F1:0.8903833221250841
BACC:0
CLSFE:0.12779973649538867
MCC:0.5750800197472189
GMEAN:0.7648880526140243
SAMPLES:759
AUC:{}
AVGP:{}
