

GENERAL_METRICS
ACC:0.853
PREC:0.8046182856887818
REC:0.7935679683425543
TNR:0.7935679683425543
FPR:0.1953817143112182
FPDR:0.1953817143112182
F1:0.7988062504191537
BACC:0.0
CLSFE:0.147
MCC:0.5980841788566136
GMEAN:0.7848277106693611
SAMPLES:1000.0
AUC:{'AUC macro OVO': 0.8046182856887818}
AVGP:{'avg_precision': 0.8958766153835485}


METRICS_PER_CLASSES
CLASS:0
ACC:0.853
PREC:0.7136752136752137
REC:0.6761133603238867
TNR:0.9110225763612217
FPR:0.2863247863247863
FPDR:0.2863247863247863
F1:0.6943866943866944
BACC:0
CLSFE:0.2863247863247863
MCC:0.5980841788566136
GMEAN:0.7848277106693611
SAMPLES:234
AUC:{}
AVGP:{}
CLASS:1
ACC:0.853
PREC:0.8955613577023499
REC:0.9110225763612217
TNR:0.6761133603238867
FPR:0.10443864229765012
FPDR:0.10443864229765012
F1:0.9032258064516129
BACC:0
CLSFE:0.10443864229765012
MCC:0.5980841788566136
GMEAN:0.7848277106693611
SAMPLES:766
AUC:{}
AVGP:{}
