

GENERAL_METRICS
ACC:0.8816
PREC:0.6364593479631009
REC:0.6571200026388706
TNR:0.6571200026388706
FPR:0.36354065203689906
FPDR:0.36354065203689906
F1:0.6456617506224861
BACC:0.0
CLSFE:0.1184
MCC:0.2928514511629469
GMEAN:0.5989404926055207
SAMPLES:2500.0
AUC:{'AUC macro OVO': 0.6364593479631009}
AVGP:{'avg_precision': 0.9259092834341501}


METRICS_PER_CLASSES
CLASS:0
ACC:0.8816
PREC:0.33064516129032256
REC:0.3867924528301887
TNR:0.9274475524475524
FPR:0.6693548387096774
FPDR:0.6693548387096774
F1:0.3565217391304348
BACC:0
CLSFE:0.6693548387096774
MCC:0.2928514511629469
GMEAN:0.5989404926055207
SAMPLES:248
AUC:{}
AVGP:{}
CLASS:1
ACC:0.8816
PREC:0.9422735346358793
REC:0.9274475524475524
TNR:0.3867924528301887
FPR:0.05772646536412078
FPDR:0.05772646536412078
F1:0.9348017621145375
BACC:0
CLSFE:0.05772646536412078
MCC:0.2928514511629469
GMEAN:0.5989404926055207
SAMPLES:2252
AUC:{}
AVGP:{}
