

GENERAL_METRICS
ACC:0.8904
PREC:0.6613509080322325
REC:0.6788051498651468
TNR:0.6788051498651468
FPR:0.3386490919677675
FPDR:0.3386490919677675
F1:0.6694117556214481
BACC:0.0
CLSFE:0.1096
MCC:0.3397079527569577
GMEAN:0.628864825219661
SAMPLES:2500.0
AUC:{'AUC macro OVO': 0.6613509080322325}
AVGP:{'avg_precision': 0.932666324538946}


METRICS_PER_CLASSES
CLASS:0
ACC:0.8904
PREC:0.3775933609958506
REC:0.4232558139534884
TNR:0.9343544857768052
FPR:0.6224066390041494
FPDR:0.6224066390041494
F1:0.3991228070175439
BACC:0
CLSFE:0.6224066390041494
MCC:0.3397079527569577
GMEAN:0.628864825219661
SAMPLES:241
AUC:{}
AVGP:{}
CLASS:1
ACC:0.8904
PREC:0.9451084550686144
REC:0.9343544857768052
TNR:0.4232558139534884
FPR:0.054891544931385566
FPDR:0.054891544931385566
F1:0.9397007042253521
BACC:0
CLSFE:0.054891544931385566
MCC:0.3397079527569577
GMEAN:0.628864825219661
SAMPLES:2259
AUC:{}
AVGP:{}
