

GENERAL_METRICS
ACC:0.8844
PREC:0.6578197721072059
REC:0.6889822416267799
TNR:0.6889822416267799
FPR:0.34218022789279406
FPDR:0.34218022789279406
F1:0.6712668080484805
BACC:0.0
CLSFE:0.1156
MCC:0.34539909846927697
GMEAN:0.6469636110978624
SAMPLES:2500.0
AUC:{'AUC macro OVO': 0.6578197721072059}
AVGP:{'avg_precision': 0.9241295979409144}


METRICS_PER_CLASSES
CLASS:0
ACC:0.8844
PREC:0.3694029850746269
REC:0.4520547945205479
TNR:0.9259096887330118
FPR:0.6305970149253731
FPDR:0.6305970149253731
F1:0.406570841889117
BACC:0
CLSFE:0.6305970149253731
MCC:0.34539909846927697
GMEAN:0.6469636110978624
SAMPLES:268
AUC:{}
AVGP:{}
CLASS:1
ACC:0.8844
PREC:0.946236559139785
REC:0.9259096887330118
TNR:0.4520547945205479
FPR:0.053763440860215055
FPDR:0.053763440860215055
F1:0.935962774207844
BACC:0
CLSFE:0.053763440860215055
MCC:0.34539909846927697
GMEAN:0.6469636110978624
SAMPLES:2232
AUC:{}
AVGP:{}
