

GENERAL_METRICS
ACC:0.8812
PREC:0.6464636297754907
REC:0.6551114306811817
TNR:0.6551114306811817
FPR:0.35353637022450934
FPDR:0.35353637022450934
F1:0.6505946479099913
BACC:0.0
CLSFE:0.1188
MCC:0.3014510451614675
GMEAN:0.5940144478278471
SAMPLES:2500.0
AUC:{'AUC macro OVO': 0.6464636297754907}
AVGP:{'avg_precision': 0.9296092804310782}


METRICS_PER_CLASSES
CLASS:0
ACC:0.8812
PREC:0.35537190082644626
REC:0.3788546255506608
TNR:0.9313682358117026
FPR:0.6446280991735537
FPDR:0.6446280991735537
F1:0.36673773987206826
BACC:0
CLSFE:0.6446280991735537
MCC:0.3014510451614675
GMEAN:0.5940144478278471
SAMPLES:242
AUC:{}
AVGP:{}
CLASS:1
ACC:0.8812
PREC:0.937555358724535
REC:0.9313682358117026
TNR:0.3788546255506608
FPR:0.062444641275465014
FPDR:0.062444641275465014
F1:0.9344515559479144
BACC:0
CLSFE:0.062444641275465014
MCC:0.3014510451614675
GMEAN:0.5940144478278471
SAMPLES:2258
AUC:{}
AVGP:{}
