

GENERAL_METRICS
ACC:0.9036923076923077
PREC:0.611937416499666
REC:0.6454167026835548
TNR:0.6454167026835548
FPR:0.388062583500334
FPDR:0.388062583500334
F1:0.6255841678325179
BACC:0.0
CLSFE:0.0963076923076923
MCC:0.25516716100859976
GMEAN:0.5750337784273754
SAMPLES:3250.0
AUC:{'AUC macro OVO': 0.611937416499666}
AVGP:{'avg_precision': 0.9377807307661127}


METRICS_PER_CLASSES
CLASS:0
ACC:0.9036923076923077
PREC:0.265625
REC:0.35233160621761656
TNR:0.9385017991494929
FPR:0.734375
FPDR:0.734375
F1:0.3028953229398664
BACC:0
CLSFE:0.734375
MCC:0.25516716100859976
GMEAN:0.5750337784273754
SAMPLES:256
AUC:{}
AVGP:{}
CLASS:1
ACC:0.9036923076923077
PREC:0.958249832999332
REC:0.9385017991494929
TNR:0.35233160621761656
FPR:0.041750167000668005
FPDR:0.041750167000668005
F1:0.9482730127251694
BACC:0
CLSFE:0.041750167000668005
MCC:0.25516716100859976
GMEAN:0.5750337784273754
SAMPLES:2994
AUC:{}
AVGP:{}
