

GENERAL_METRICS
ACC:0.9110769230769231
PREC:0.6200893007771642
REC:0.6506459150831092
TNR:0.6506459150831092
FPR:0.37991069922283577
FPDR:0.37991069922283577
F1:0.6329992392329186
BACC:0.0
CLSFE:0.08892307692307692
MCC:0.2690052981431157
GMEAN:0.5804905420698642
SAMPLES:3250.0
AUC:{'AUC macro OVO': 0.6200893007771642}
AVGP:{'avg_precision': 0.9438579319015132}


METRICS_PER_CLASSES
CLASS:0
ACC:0.9110769230769231
PREC:0.2796610169491525
REC:0.3567567567567568
TNR:0.9445350734094616
FPR:0.7203389830508474
FPDR:0.7203389830508474
F1:0.31353919239904987
BACC:0
CLSFE:0.7203389830508474
MCC:0.2690052981431157
GMEAN:0.5804905420698642
SAMPLES:236
AUC:{}
AVGP:{}
CLASS:1
ACC:0.9110769230769231
PREC:0.9605175846051759
REC:0.9445350734094616
TNR:0.3567567567567568
FPR:0.03948241539482415
FPDR:0.03948241539482415
F1:0.9524592860667873
BACC:0
CLSFE:0.03948241539482415
MCC:0.2690052981431157
GMEAN:0.5804905420698642
SAMPLES:3014
AUC:{}
AVGP:{}
