

GENERAL_METRICS
ACC:0.9055384615384615
PREC:0.5834052090053992
REC:0.6227471534574298
TNR:0.6227471534574298
FPR:0.41659479099460084
FPDR:0.41659479099460084
F1:0.5976572786026257
BACC:0.0
CLSFE:0.09446153846153846
MCC:0.20236355392149782
GMEAN:0.5377285134707382
SAMPLES:3250.0
AUC:{'AUC macro OVO': 0.5834052090053992}
AVGP:{'avg_precision': 0.9363962457283562}


METRICS_PER_CLASSES
CLASS:0
ACC:0.9055384615384615
PREC:0.20408163265306123
REC:0.30864197530864196
TNR:0.9368523316062176
FPR:0.7959183673469388
FPDR:0.7959183673469388
F1:0.2457002457002457
BACC:0
CLSFE:0.7959183673469388
MCC:0.20236355392149782
GMEAN:0.5377285134707382
SAMPLES:245
AUC:{}
AVGP:{}
CLASS:1
ACC:0.9055384615384615
PREC:0.9627287853577371
REC:0.9368523316062176
TNR:0.30864197530864196
FPR:0.03727121464226289
FPDR:0.03727121464226289
F1:0.9496143115050057
BACC:0
CLSFE:0.03727121464226289
MCC:0.20236355392149782
GMEAN:0.5377285134707382
SAMPLES:3005
AUC:{}
AVGP:{}
