

GENERAL_METRICS
ACC:0.9083076923076923
PREC:0.6115401130304643
REC:0.6415590141528151
TNR:0.6415590141528151
FPR:0.3884598869695357
FPDR:0.3884598869695357
F1:0.6240621933496466
BACC:0.0
CLSFE:0.0916923076923077
MCC:0.25131262156195894
GMEAN:0.5665561288918057
SAMPLES:3250.0
AUC:{'AUC macro OVO': 0.6115401130304643}
AVGP:{'avg_precision': 0.9419245001147964}


METRICS_PER_CLASSES
CLASS:0
ACC:0.9083076923076923
PREC:0.26359832635983266
REC:0.34054054054054056
TNR:0.9425774877650898
FPR:0.7364016736401674
FPDR:0.7364016736401674
F1:0.2971698113207547
BACC:0
CLSFE:0.7364016736401674
MCC:0.25131262156195894
GMEAN:0.5665561288918057
SAMPLES:239
AUC:{}
AVGP:{}
CLASS:1
ACC:0.9083076923076923
PREC:0.959481899701096
REC:0.9425774877650898
TNR:0.34054054054054056
FPR:0.04051810029890402
FPDR:0.04051810029890402
F1:0.9509545753785386
BACC:0
CLSFE:0.04051810029890402
MCC:0.25131262156195894
GMEAN:0.5665561288918057
SAMPLES:3011
AUC:{}
AVGP:{}
