

GENERAL_METRICS
ACC:0.8927272727272727
PREC:0.5750886633239575
REC:0.6126464840017429
TNR:0.6126464840017429
FPR:0.4249113366760426
FPDR:0.4249113366760426
F1:0.5880463622399107
BACC:0.0
CLSFE:0.10727272727272727
MCC:0.1839399240168858
GMEAN:0.5256820705481656
SAMPLES:2750.0
AUC:{'AUC macro OVO': 0.5750886633239575}
AVGP:{'avg_precision': 0.9267585437181888}


METRICS_PER_CLASSES
CLASS:0
ACC:0.8927272727272727
PREC:0.19230769230769232
REC:0.2980132450331126
TNR:0.9272797229703732
FPR:0.8076923076923077
FPDR:0.8076923076923077
F1:0.23376623376623376
BACC:0
CLSFE:0.8076923076923077
MCC:0.1839399240168858
GMEAN:0.5256820705481656
SAMPLES:234
AUC:{}
AVGP:{}
CLASS:1
ACC:0.8927272727272727
PREC:0.9578696343402225
REC:0.9272797229703732
TNR:0.2980132450331126
FPR:0.04213036565977742
FPDR:0.04213036565977742
F1:0.9423264907135875
BACC:0
CLSFE:0.04213036565977742
MCC:0.1839399240168858
GMEAN:0.5256820705481656
SAMPLES:2516
AUC:{}
AVGP:{}
