

GENERAL_METRICS
ACC:0.8785454545454545
PREC:0.5832291002681997
REC:0.6184528088733696
TNR:0.6184528088733696
FPR:0.4167708997318003
FPDR:0.4167708997318003
F1:0.5958195819581958
BACC:0.0
CLSFE:0.12145454545454545
MCC:0.19858218154478588
GMEAN:0.5409444800267378
SAMPLES:2750.0
AUC:{'AUC macro OVO': 0.5832291002681997}
AVGP:{'avg_precision': 0.9174409885414577}


METRICS_PER_CLASSES
CLASS:0
ACC:0.8785454545454545
PREC:0.21641791044776118
REC:0.31868131868131866
TNR:0.9182242990654206
FPR:0.7835820895522388
FPDR:0.7835820895522388
F1:0.2577777777777778
BACC:0
CLSFE:0.7835820895522388
MCC:0.19858218154478588
GMEAN:0.5409444800267378
SAMPLES:268
AUC:{}
AVGP:{}
CLASS:1
ACC:0.8785454545454545
PREC:0.9500402900886382
REC:0.9182242990654206
TNR:0.31868131868131866
FPR:0.0499597099113618
FPDR:0.0499597099113618
F1:0.9338613861386139
BACC:0
CLSFE:0.0499597099113618
MCC:0.19858218154478588
GMEAN:0.5409444800267378
SAMPLES:2482
AUC:{}
AVGP:{}
