

GENERAL_METRICS
ACC:0.865
PREC:0.57813886053854
REC:0.6367521367521367
TNR:0.6367521367521367
FPR:0.42186113946146
FPDR:0.42186113946146
F1:0.593998394038092
BACC:0.0
CLSFE:0.135
MCC:0.20674289484306413
GMEAN:0.5804645575434408
SAMPLES:2000.0
AUC:{'AUC macro OVO': 0.57813886053854}
AVGP:{'avg_precision': 0.8977095278287106}


METRICS_PER_CLASSES
CLASS:0
ACC:0.865
PREC:0.20168067226890757
REC:0.375
TNR:0.8985042735042735
FPR:0.7983193277310925
FPDR:0.7983193277310925
F1:0.26229508196721313
BACC:0
CLSFE:0.7983193277310925
MCC:0.20674289484306413
GMEAN:0.5804645575434408
SAMPLES:238
AUC:{}
AVGP:{}
CLASS:1
ACC:0.865
PREC:0.9545970488081725
REC:0.8985042735042735
TNR:0.375
FPR:0.04540295119182747
FPDR:0.04540295119182747
F1:0.9257017061089708
BACC:0
CLSFE:0.04540295119182747
MCC:0.20674289484306413
GMEAN:0.5804645575434408
SAMPLES:1762
AUC:{}
AVGP:{}
