

GENERAL_METRICS
ACC:0.883
PREC:0.6123556865634979
REC:0.696626315427471
TNR:0.696626315427471
FPR:0.3876443134365021
FPDR:0.3876443134365021
F1:0.6374015638219734
BACC:0.0
CLSFE:0.117
MCC:0.29726812588169893
GMEAN:0.6633425852282221
SAMPLES:2000.0
AUC:{'AUC macro OVO': 0.6123556865634979}
AVGP:{'avg_precision': 0.908500066254683}


METRICS_PER_CLASSES
CLASS:0
ACC:0.883
PREC:0.2608695652173913
REC:0.4838709677419355
TNR:0.9093816631130064
FPR:0.7391304347826086
FPDR:0.7391304347826086
F1:0.3389830508474576
BACC:0
CLSFE:0.7391304347826086
MCC:0.29726812588169893
GMEAN:0.6633425852282221
SAMPLES:230
AUC:{}
AVGP:{}
CLASS:1
ACC:0.883
PREC:0.9638418079096045
REC:0.9093816631130064
TNR:0.4838709677419355
FPR:0.03615819209039548
FPDR:0.03615819209039548
F1:0.9358200767964893
BACC:0
CLSFE:0.03615819209039548
MCC:0.29726812588169893
GMEAN:0.6633425852282221
SAMPLES:1770
AUC:{}
AVGP:{}
