

GENERAL_METRICS
ACC:0.8755
PREC:0.6095356143983146
REC:0.7058666666666666
TNR:0.7058666666666666
FPR:0.3904643856016854
FPDR:0.3904643856016854
F1:0.6353974862926294
BACC:0.0
CLSFE:0.1245
MCC:0.30033136244798925
GMEAN:0.6787219361908576
SAMPLES:2000.0
AUC:{'AUC macro OVO': 0.6095356143983146}
AVGP:{'avg_precision': 0.8988353165522502}


METRICS_PER_CLASSES
CLASS:0
ACC:0.8755
PREC:0.25396825396825395
REC:0.512
TNR:0.8997333333333334
FPR:0.746031746031746
FPDR:0.746031746031746
F1:0.3395225464190981
BACC:0
CLSFE:0.746031746031746
MCC:0.30033136244798925
GMEAN:0.6787219361908576
SAMPLES:252
AUC:{}
AVGP:{}
CLASS:1
ACC:0.8755
PREC:0.9651029748283753
REC:0.8997333333333334
TNR:0.512
FPR:0.03489702517162471
FPDR:0.03489702517162471
F1:0.9312724261661607
BACC:0
CLSFE:0.03489702517162471
MCC:0.30033136244798925
GMEAN:0.6787219361908576
SAMPLES:1748
AUC:{}
AVGP:{}
