

GENERAL_METRICS
ACC:0.856
PREC:0.5803137428192664
REC:0.6289178525513144
TNR:0.6289178525513144
FPR:0.41968625718073355
FPDR:0.41968625718073355
F1:0.5945843222378945
BACC:0.0
CLSFE:0.144
MCC:0.20350798760361602
GMEAN:0.5699409146439828
SAMPLES:2000.0
AUC:{'AUC macro OVO': 0.5803137428192664}
AVGP:{'avg_precision': 0.8938228931152192}


METRICS_PER_CLASSES
CLASS:0
ACC:0.856
PREC:0.21370967741935484
REC:0.363013698630137
TNR:0.8948220064724919
FPR:0.7862903225806451
FPDR:0.7862903225806451
F1:0.26903553299492383
BACC:0
CLSFE:0.7862903225806451
MCC:0.20350798760361602
GMEAN:0.5699409146439828
SAMPLES:248
AUC:{}
AVGP:{}
CLASS:1
ACC:0.856
PREC:0.946917808219178
REC:0.8948220064724919
TNR:0.363013698630137
FPR:0.053082191780821915
FPDR:0.053082191780821915
F1:0.9201331114808652
BACC:0
CLSFE:0.053082191780821915
MCC:0.20350798760361602
GMEAN:0.5699409146439828
SAMPLES:1752
AUC:{}
AVGP:{}
