

GENERAL_METRICS
ACC:0.9228571428571428
PREC:0.49722906403940886
REC:0.4638139000574383
TNR:0.4638139000574383
FPR:0.5027709359605911
FPDR:0.5027709359605911
F1:0.4799405646359584
BACC:0.0
CLSFE:0.07714285714285714
MCC:-0.020026918445371376
GMEAN:0.0
SAMPLES:3500.0
AUC:{'AUC macro OVO': 0.49722906403940886}
AVGP:{'avg_precision': 0.927629862798969}


METRICS_PER_CLASSES
CLASS:0
ACC:0.9228571428571428
PREC:0.0
REC:0.0
TNR:0.9276278001148766
FPR:1.0
FPDR:1.0
F1:0.0
BACC:0
CLSFE:1.0
MCC:-0.020026918445371376
GMEAN:0
SAMPLES:252
AUC:{}
AVGP:{}
CLASS:1
ACC:0.9228571428571428
PREC:0.9944581280788177
REC:0.9276278001148766
TNR:0.0
FPR:0.005541871921182266
FPDR:0.005541871921182266
F1:0.9598811292719168
BACC:0
CLSFE:0.005541871921182266
MCC:-0.020026918445371376
GMEAN:0
SAMPLES:3248
AUC:{}
AVGP:{}
