

GENERAL_METRICS
ACC:0.9225714285714286
PREC:0.4940330477356181
REC:0.4664836752383704
TNR:0.4664836752383704
FPR:0.5059669522643819
FPDR:0.5059669522643819
F1:0.47986327834745135
BACC:0.0
CLSFE:0.07742857142857143
MCC:-0.028283586047753162
GMEAN:0.0
SAMPLES:3500.0
AUC:{'AUC macro OVO': 0.4940330477356181}
AVGP:{'avg_precision': 0.9329762643305549}


METRICS_PER_CLASSES
CLASS:0
ACC:0.9225714285714286
PREC:0.0
REC:0.0
TNR:0.9329673504767408
FPR:1.0
FPDR:1.0
F1:0.0
BACC:0
CLSFE:1.0
MCC:-0.028283586047753162
GMEAN:0
SAMPLES:232
AUC:{}
AVGP:{}
CLASS:1
ACC:0.9225714285714286
PREC:0.9880660954712362
REC:0.9329673504767408
TNR:0.0
FPR:0.01193390452876377
FPDR:0.01193390452876377
F1:0.9597265566949027
BACC:0
CLSFE:0.01193390452876377
MCC:-0.028283586047753162
GMEAN:0
SAMPLES:3268
AUC:{}
AVGP:{}
