

GENERAL_METRICS
ACC:0.9234285714285714
PREC:0.4963144963144963
REC:0.46490218642117376
TNR:0.46490218642117376
FPR:0.5036855036855037
FPDR:0.5036855036855037
F1:0.4800950683303625
BACC:0.0
CLSFE:0.07657142857142857
MCC:-0.02274670273229818
GMEAN:0.0
SAMPLES:3500.0
AUC:{'AUC macro OVO': 0.4963144963144963}
AVGP:{'avg_precision': 0.9298079208136746}


METRICS_PER_CLASSES
CLASS:0
ACC:0.9234285714285714
PREC:0.0
REC:0.0
TNR:0.9298043728423475
FPR:1.0
FPDR:1.0
F1:0.0
BACC:0
CLSFE:1.0
MCC:-0.02274670273229818
GMEAN:0
SAMPLES:244
AUC:{}
AVGP:{}
CLASS:1
ACC:0.9234285714285714
PREC:0.9926289926289926
REC:0.9298043728423475
TNR:0.0
FPR:0.007371007371007371
FPDR:0.007371007371007371
F1:0.960190136660725
BACC:0
CLSFE:0.007371007371007371
MCC:-0.02274670273229818
GMEAN:0
SAMPLES:3256
AUC:{}
AVGP:{}
