

GENERAL_METRICS
ACC:0.9148571428571428
PREC:0.49643410852713177
REC:0.46045441472533793
TNR:0.46045441472533793
FPR:0.5035658914728682
FPDR:0.5035658914728682
F1:0.4777678304983587
BACC:0.0
CLSFE:0.08514285714285715
MCC:-0.023749969711180718
GMEAN:0.0
SAMPLES:3500.0
AUC:{'AUC macro OVO': 0.49643410852713177}
AVGP:{'avg_precision': 0.92091253613765}


METRICS_PER_CLASSES
CLASS:0
ACC:0.9148571428571428
PREC:0.0
REC:0.0
TNR:0.9209088294506759
FPR:1.0
FPDR:1.0
F1:0.0
BACC:0
CLSFE:1.0
MCC:-0.023749969711180718
GMEAN:0
SAMPLES:275
AUC:{}
AVGP:{}
CLASS:1
ACC:0.9148571428571428
PREC:0.9928682170542635
REC:0.9209088294506759
TNR:0.0
FPR:0.007131782945736434
FPDR:0.007131782945736434
F1:0.9555356609967174
BACC:0
CLSFE:0.007131782945736434
MCC:-0.023749969711180718
GMEAN:0
SAMPLES:3225
AUC:{}
AVGP:{}
