

GENERAL_METRICS
ACC:0.8466666666666667
PREC:0.6911706349206349
REC:0.7117148130786359
TNR:0.7117148130786359
FPR:0.3088293650793651
FPDR:0.3088293650793651
F1:0.7004417832483572
BACC:0.0
CLSFE:0.15333333333333332
MCC:0.4023613064813582
GMEAN:0.6864001115168581
SAMPLES:1500.0
AUC:{'AUC macro OVO': 0.6911706349206349}
AVGP:{'avg_precision': 0.8950476436951592}


METRICS_PER_CLASSES
CLASS:0
ACC:0.8466666666666667
PREC:0.4625
REC:0.5235849056603774
TNR:0.8998447204968945
FPR:0.5375
FPDR:0.5375
F1:0.4911504424778761
BACC:0
CLSFE:0.5375
MCC:0.4023613064813582
GMEAN:0.6864001115168581
SAMPLES:240
AUC:{}
AVGP:{}
CLASS:1
ACC:0.8466666666666667
PREC:0.9198412698412698
REC:0.8998447204968945
TNR:0.5235849056603774
FPR:0.08015873015873017
FPDR:0.08015873015873017
F1:0.9097331240188383
BACC:0
CLSFE:0.08015873015873017
MCC:0.4023613064813582
GMEAN:0.6864001115168581
SAMPLES:1260
AUC:{}
AVGP:{}
