

GENERAL_METRICS
ACC:0.842
PREC:0.7024974096183765
REC:0.7198955727183727
TNR:0.7198955727183727
FPR:0.29750259038162347
FPDR:0.29750259038162347
F1:0.7104763580124751
BACC:0.0
CLSFE:0.158
MCC:0.42203451926125574
GMEAN:0.6978496832087965
SAMPLES:1500.0
AUC:{'AUC macro OVO': 0.7024974096183765}
AVGP:{'avg_precision': 0.8908870300390916}


METRICS_PER_CLASSES
CLASS:0
ACC:0.842
PREC:0.490272373540856
REC:0.5431034482758621
TNR:0.8966876971608833
FPR:0.5097276264591439
FPDR:0.5097276264591439
F1:0.5153374233128835
BACC:0
CLSFE:0.5097276264591439
MCC:0.42203451926125574
GMEAN:0.6978496832087965
SAMPLES:257
AUC:{}
AVGP:{}
CLASS:1
ACC:0.842
PREC:0.914722445695897
REC:0.8966876971608833
TNR:0.5431034482758621
FPR:0.08527755430410297
FPDR:0.08527755430410297
F1:0.9056152927120669
BACC:0
CLSFE:0.08527755430410297
MCC:0.42203451926125574
GMEAN:0.6978496832087965
SAMPLES:1243
AUC:{}
AVGP:{}
