

GENERAL_METRICS
ACC:0.8373333333333334
PREC:0.6918734491315137
REC:0.7132985766302549
TNR:0.7132985766302549
FPR:0.30812655086848634
FPDR:0.30812655086848634
F1:0.7014331210191083
BACC:0.0
CLSFE:0.16266666666666665
MCC:0.4046051586072006
GMEAN:0.69067774667477
SAMPLES:1500.0
AUC:{'AUC macro OVO': 0.6918734491315136}
AVGP:{'avg_precision': 0.885966423209576}


METRICS_PER_CLASSES
CLASS:0
ACC:0.8373333333333334
PREC:0.46923076923076923
REC:0.5350877192982456
TNR:0.8915094339622641
FPR:0.5307692307692308
FPDR:0.5307692307692308
F1:0.5
BACC:0
CLSFE:0.5307692307692308
MCC:0.4046051586072006
GMEAN:0.69067774667477
SAMPLES:260
AUC:{}
AVGP:{}
CLASS:1
ACC:0.8373333333333334
PREC:0.9145161290322581
REC:0.8915094339622641
TNR:0.5350877192982456
FPR:0.08548387096774193
FPDR:0.08548387096774193
F1:0.9028662420382165
BACC:0
CLSFE:0.08548387096774193
MCC:0.4046051586072006
GMEAN:0.69067774667477
SAMPLES:1240
AUC:{}
AVGP:{}
