

GENERAL_METRICS
ACC:0.8366666666666667
PREC:0.6971594951878066
REC:0.7110606652835824
TNR:0.7110606652835824
FPR:0.3028405048121934
FPDR:0.3028405048121934
F1:0.7036230569164701
BACC:0.0
CLSFE:0.16333333333333333
MCC:0.4079834027080696
GMEAN:0.6869393265105422
SAMPLES:1500.0
AUC:{'AUC macro OVO': 0.6971594951878066}
AVGP:{'avg_precision': 0.888680790949647}


METRICS_PER_CLASSES
CLASS:0
ACC:0.8366666666666667
PREC:0.4844961240310077
REC:0.5274261603375527
TNR:0.894695170229612
FPR:0.5155038759689923
FPDR:0.5155038759689923
F1:0.5050505050505051
BACC:0
CLSFE:0.5155038759689923
MCC:0.4079834027080696
GMEAN:0.6869393265105422
SAMPLES:258
AUC:{}
AVGP:{}
CLASS:1
ACC:0.8366666666666667
PREC:0.9098228663446055
REC:0.894695170229612
TNR:0.5274261603375527
FPR:0.09017713365539452
FPDR:0.09017713365539452
F1:0.9021956087824351
BACC:0
CLSFE:0.09017713365539452
MCC:0.4079834027080696
GMEAN:0.6869393265105422
SAMPLES:1242
AUC:{}
AVGP:{}
