

GENERAL_METRICS
ACC:0.8951428571428571
PREC:0.5939381499726327
REC:0.5994244379185627
TNR:0.5994244379185627
FPR:0.4060618500273673
FPDR:0.4060618500273673
F1:0.5965613014816203
BACC:0.0
CLSFE:0.10485714285714286
MCC:0.19328474083733205
GMEAN:0.492258034481027
SAMPLES:3500.0
AUC:{'AUC macro OVO': 0.5939381499726327}
AVGP:{'avg_precision': 0.9407352839494617}


METRICS_PER_CLASSES
CLASS:0
ACC:0.8951428571428571
PREC:0.24206349206349206
REC:0.25738396624472576
TNR:0.9414649095923996
FPR:0.7579365079365079
FPDR:0.7579365079365079
F1:0.24948875255623723
BACC:0
CLSFE:0.7579365079365079
MCC:0.19328474083733205
GMEAN:0.492258034481027
SAMPLES:252
AUC:{}
AVGP:{}
CLASS:1
ACC:0.8951428571428571
PREC:0.9458128078817734
REC:0.9414649095923996
TNR:0.25738396624472576
FPR:0.054187192118226604
FPDR:0.054187192118226604
F1:0.9436338504070035
BACC:0
CLSFE:0.054187192118226604
MCC:0.19328474083733205
GMEAN:0.492258034481027
SAMPLES:3248
AUC:{}
AVGP:{}
