

GENERAL_METRICS
ACC:0.8937142857142857
PREC:0.5846029524308213
REC:0.58657626140585
TNR:0.58657626140585
FPR:0.4153970475691787
FPDR:0.4153970475691787
F1:0.5855715229705418
BACC:0.0
CLSFE:0.10628571428571429
MCC:0.17116783956523451
GMEAN:0.4665864989610515
SAMPLES:3500.0
AUC:{'AUC macro OVO': 0.5846029524308213}
AVGP:{'avg_precision': 0.941398319868277}


METRICS_PER_CLASSES
CLASS:0
ACC:0.8937142857142857
PREC:0.22540983606557377
REC:0.23109243697478993
TNR:0.9420600858369099
FPR:0.7745901639344263
FPDR:0.7745901639344263
F1:0.22821576763485477
BACC:0
CLSFE:0.7745901639344263
MCC:0.17116783956523451
GMEAN:0.4665864989610515
SAMPLES:244
AUC:{}
AVGP:{}
CLASS:1
ACC:0.8937142857142857
PREC:0.9437960687960688
REC:0.9420600858369099
TNR:0.23109243697478993
FPR:0.056203931203931204
FPDR:0.056203931203931204
F1:0.9429272783062289
BACC:0
CLSFE:0.056203931203931204
MCC:0.17116783956523451
GMEAN:0.4665864989610515
SAMPLES:3256
AUC:{}
AVGP:{}
