

GENERAL_METRICS
ACC:0.8945714285714286
PREC:0.5751435023002575
REC:0.5748439000487381
TNR:0.5748439000487381
FPR:0.42485649769974254
FPDR:0.42485649769974254
F1:0.5749932127255226
BACC:0.0
CLSFE:0.10542857142857143
MCC:0.14998710311853608
GMEAN:0.44091497914056105
SAMPLES:3500.0
AUC:{'AUC macro OVO': 0.5751435023002575}
AVGP:{'avg_precision': 0.9431151061928852}


METRICS_PER_CLASSES
CLASS:0
ACC:0.8945714285714286
PREC:0.20689655172413793
REC:0.20600858369098712
TNR:0.9436792164064891
FPR:0.7931034482758621
FPDR:0.7931034482758621
F1:0.2064516129032258
BACC:0
CLSFE:0.7931034482758621
MCC:0.14998710311853608
GMEAN:0.44091497914056105
SAMPLES:232
AUC:{}
AVGP:{}
CLASS:1
ACC:0.8945714285714286
PREC:0.943390452876377
REC:0.9436792164064891
TNR:0.20600858369098712
FPR:0.05660954712362301
FPDR:0.05660954712362301
F1:0.9435348125478195
BACC:0
CLSFE:0.05660954712362301
MCC:0.14998710311853608
GMEAN:0.44091497914056105
SAMPLES:3268
AUC:{}
AVGP:{}
