

GENERAL_METRICS
ACC:0.8911428571428571
PREC:0.5816913319238901
REC:0.5987293956043956
TNR:0.5987293956043956
FPR:0.4183086680761099
FPDR:0.4183086680761099
F1:0.5889332888203727
BACC:0.0
CLSFE:0.10885714285714286
MCC:0.17961442956470655
GMEAN:0.49601037805013515
SAMPLES:3500.0
AUC:{'AUC macro OVO': 0.5816913319238901}
AVGP:{'avg_precision': 0.9334193713263481}


METRICS_PER_CLASSES
CLASS:0
ACC:0.8911428571428571
PREC:0.21454545454545454
REC:0.26339285714285715
TNR:0.9340659340659341
FPR:0.7854545454545454
FPDR:0.7854545454545454
F1:0.23647294589178355
BACC:0
CLSFE:0.7854545454545454
MCC:0.17961442956470655
GMEAN:0.49601037805013515
SAMPLES:275
AUC:{}
AVGP:{}
CLASS:1
ACC:0.8911428571428571
PREC:0.9488372093023256
REC:0.9340659340659341
TNR:0.26339285714285715
FPR:0.05116279069767442
FPDR:0.05116279069767442
F1:0.9413936317489617
BACC:0
CLSFE:0.05116279069767442
MCC:0.17961442956470655
GMEAN:0.49601037805013515
SAMPLES:3225
AUC:{}
AVGP:{}
