

GENERAL_METRICS
ACC:0.9249411764705883
PREC:0.496589186457807
REC:0.4654274212645039
TNR:0.4654274212645039
FPR:0.5034108135421931
FPDR:0.5034108135421931
F1:0.48050360591614716
BACC:0.0
CLSFE:0.07505882352941176
MCC:-0.02171825220772286
GMEAN:0.0
SAMPLES:4250.0
AUC:{'AUC macro OVO': 0.496589186457807}
AVGP:{'avg_precision': 0.9308578391000506}


METRICS_PER_CLASSES
CLASS:0
ACC:0.9249411764705883
PREC:0.0
REC:0.0
TNR:0.9308548425290079
FPR:1.0
FPDR:1.0
F1:0.0
BACC:0
CLSFE:1.0
MCC:-0.02171825220772286
GMEAN:0
SAMPLES:292
AUC:{}
AVGP:{}
CLASS:1
ACC:0.9249411764705883
PREC:0.993178372915614
REC:0.9308548425290079
TNR:0.0
FPR:0.006821627084386054
FPDR:0.006821627084386054
F1:0.9610072118322943
BACC:0
CLSFE:0.006821627084386054
MCC:-0.02171825220772286
GMEAN:0
SAMPLES:3958
AUC:{}
AVGP:{}
