

GENERAL_METRICS
ACC:0.9385882352941176
PREC:0.5034538361293941
REC:0.5317159763313609
TNR:0.5317159763313609
FPR:0.4965461638706059
FPDR:0.4965461638706059
F1:0.4953851108924484
BACC:0.0
CLSFE:0.06141176470588235
MCC:0.020932442278173154
GMEAN:0.33646966329749045
SAMPLES:4250.0
AUC:{'AUC macro OVO': 0.5034538361293941}
AVGP:{'avg_precision': 0.9434299045487166}


METRICS_PER_CLASSES
CLASS:0
ACC:0.9385882352941176
PREC:0.012396694214876033
REC:0.12
TNR:0.9434319526627218
FPR:0.987603305785124
FPDR:0.987603305785124
F1:0.02247191011235955
BACC:0
CLSFE:0.987603305785124
MCC:0.020932442278173154
GMEAN:0.33646966329749045
SAMPLES:242
AUC:{}
AVGP:{}
CLASS:1
ACC:0.9385882352941176
PREC:0.9945109780439122
REC:0.9434319526627218
TNR:0.12
FPR:0.0054890219560878245
FPDR:0.0054890219560878245
F1:0.9682983116725373
BACC:0
CLSFE:0.0054890219560878245
MCC:0.020932442278173154
GMEAN:0.33646966329749045
SAMPLES:4008
AUC:{}
AVGP:{}
