

GENERAL_METRICS
ACC:0.9407058823529412
PREC:0.5023142425276097
REC:0.5308291991495393
TNR:0.5308291991495393
FPR:0.49768575747239024
FPDR:0.49768575747239024
F1:0.4925286572052402
BACC:0.0
CLSFE:0.059294117647058824
MCC:0.016893341145435267
GMEAN:0.3332568942803115
SAMPLES:4250.0
AUC:{'AUC macro OVO': 0.5023142425276098}
AVGP:{'avg_precision': 0.9440104171360085}


METRICS_PER_CLASSES
CLASS:0
ACC:0.9407058823529412
PREC:0.008368200836820083
REC:0.11764705882352941
TNR:0.9440113394755493
FPR:0.9916317991631799
FPDR:0.9916317991631799
F1:0.015625
BACC:0
CLSFE:0.9916317991631799
MCC:0.016893341145435267
GMEAN:0.3332568942803115
SAMPLES:239
AUC:{}
AVGP:{}
CLASS:1
ACC:0.9407058823529412
PREC:0.9962602842183994
REC:0.9440113394755493
TNR:0.11764705882352941
FPR:0.0037397157816005983
FPDR:0.0037397157816005983
F1:0.9694323144104804
BACC:0
CLSFE:0.0037397157816005983
MCC:0.016893341145435267
GMEAN:0.3332568942803115
SAMPLES:4011
AUC:{}
AVGP:{}
