

GENERAL_METRICS
ACC:0.9331764705882353
PREC:0.501249358335598
REC:0.5142341102606003
TNR:0.5142341102606003
FPR:0.4987506416644019
FPDR:0.4987506416644019
F1:0.48965267630026515
BACC:0.0
CLSFE:0.06682352941176471
MCC:0.008434098482683845
GMEAN:0.29194631038352825
SAMPLES:4250.0
AUC:{'AUC macro OVO': 0.501249358335598}
AVGP:{'avg_precision': 0.937558389828444}


METRICS_PER_CLASSES
CLASS:0
ACC:0.9331764705882353
PREC:0.007518796992481203
REC:0.09090909090909091
TNR:0.9375591296121097
FPR:0.9924812030075187
FPDR:0.9924812030075187
F1:0.013888888888888888
BACC:0
CLSFE:0.9924812030075187
MCC:0.008434098482683845
GMEAN:0.29194631038352825
SAMPLES:266
AUC:{}
AVGP:{}
CLASS:1
ACC:0.9331764705882353
PREC:0.9949799196787149
REC:0.9375591296121097
TNR:0.09090909090909091
FPR:0.0050200803212851405
FPDR:0.0050200803212851405
F1:0.9654164637116415
BACC:0
CLSFE:0.0050200803212851405
MCC:0.008434098482683845
GMEAN:0.29194631038352825
SAMPLES:3984
AUC:{}
AVGP:{}
