

GENERAL_METRICS
ACC:0.9344
PREC:0.50904779630031
REC:0.6468530131538697
TNR:0.6468530131538697
FPR:0.49095220369968995
FPDR:0.49095220369968995
F1:0.50255168070127
BACC:0.0
CLSFE:0.0656
MCC:0.0729025692030936
GMEAN:0.578348377822844
SAMPLES:3750.0
AUC:{'AUC macro OVO': 0.50904779630031}
AVGP:{'avg_precision': 0.9365603560170818}


METRICS_PER_CLASSES
CLASS:0
ACC:0.9344
PREC:0.02066115702479339
REC:0.35714285714285715
TNR:0.9365631691648822
FPR:0.9793388429752066
FPDR:0.9793388429752066
F1:0.0390625
BACC:0
CLSFE:0.9793388429752066
MCC:0.0729025692030936
GMEAN:0.578348377822844
SAMPLES:242
AUC:{}
AVGP:{}
CLASS:1
ACC:0.9344
PREC:0.9974344355758267
REC:0.9365631691648822
TNR:0.35714285714285715
FPR:0.002565564424173318
FPDR:0.002565564424173318
F1:0.9660408614025401
BACC:0
CLSFE:0.002565564424173318
MCC:0.0729025692030936
GMEAN:0.578348377822844
SAMPLES:3508
AUC:{}
AVGP:{}
