

GENERAL_METRICS
ACC:0.9317333333333333
PREC:0.507523629221362
REC:0.5683221476510067
TNR:0.5683221476510067
FPR:0.492476370778638
FPDR:0.492476370778638
F1:0.5011027707504869
BACC:0.0
CLSFE:0.06826666666666667
MCC:0.04534448176055493
GMEAN:0.4328150402428302
SAMPLES:3750.0
AUC:{'AUC macro OVO': 0.507523629221362}
AVGP:{'avg_precision': 0.9366391031562814}


METRICS_PER_CLASSES
CLASS:0
ACC:0.9317333333333333
PREC:0.02074688796680498
REC:0.2
TNR:0.9366442953020134
FPR:0.979253112033195
FPDR:0.979253112033195
F1:0.03759398496240601
BACC:0
CLSFE:0.979253112033195
MCC:0.04534448176055493
GMEAN:0.4328150402428302
SAMPLES:241
AUC:{}
AVGP:{}
CLASS:1
ACC:0.9317333333333333
PREC:0.994300370475919
REC:0.9366442953020134
TNR:0.2
FPR:0.005699629524080934
FPDR:0.005699629524080934
F1:0.9646115565385679
BACC:0
CLSFE:0.005699629524080934
MCC:0.04534448176055493
GMEAN:0.4328150402428302
SAMPLES:3509
AUC:{}
AVGP:{}
