

GENERAL_METRICS
ACC:0.932
PREC:0.5099624443215232
REC:0.6043089153335934
TNR:0.6043089153335934
FPR:0.49003755567847684
FPDR:0.49003755567847684
F1:0.504844369672708
BACC:0.0
CLSFE:0.068
MCC:0.06447237427765169
GMEAN:0.5052156761603488
SAMPLES:3750.0
AUC:{'AUC macro OVO': 0.5099624443215232}
AVGP:{'avg_precision': 0.9358849709897367}


METRICS_PER_CLASSES
CLASS:0
ACC:0.932
PREC:0.024489795918367346
REC:0.2727272727272727
TNR:0.9358905579399142
FPR:0.9755102040816327
FPDR:0.9755102040816327
F1:0.0449438202247191
BACC:0
CLSFE:0.9755102040816327
MCC:0.06447237427765169
GMEAN:0.5052156761603488
SAMPLES:245
AUC:{}
AVGP:{}
CLASS:1
ACC:0.932
PREC:0.995435092724679
REC:0.9358905579399142
TNR:0.2727272727272727
FPR:0.00456490727532097
FPDR:0.00456490727532097
F1:0.9647449191206968
BACC:0
CLSFE:0.00456490727532097
MCC:0.06447237427765169
GMEAN:0.5052156761603488
SAMPLES:3505
AUC:{}
AVGP:{}
