

GENERAL_METRICS
ACC:0.9261333333333334
PREC:0.5090400953303557
REC:0.6077270811784086
TNR:0.6077270811784086
FPR:0.49095990466964434
FPDR:0.49095990466964434
F1:0.5015544782361051
BACC:0.0
CLSFE:0.07386666666666666
MCC:0.062413558895925175
GMEAN:0.5154027209425742
SAMPLES:3750.0
AUC:{'AUC macro OVO': 0.5090400953303557}
AVGP:{'avg_precision': 0.9297346790119635}


METRICS_PER_CLASSES
CLASS:0
ACC:0.9261333333333334
PREC:0.022388059701492536
REC:0.2857142857142857
TNR:0.9297398766425315
FPR:0.9776119402985075
FPDR:0.9776119402985075
F1:0.04152249134948097
BACC:0
CLSFE:0.9776119402985075
MCC:0.062413558895925175
GMEAN:0.5154027209425742
SAMPLES:268
AUC:{}
AVGP:{}
CLASS:1
ACC:0.9261333333333334
PREC:0.9956921309592188
REC:0.9297398766425315
TNR:0.2857142857142857
FPR:0.00430786904078116
FPDR:0.00430786904078116
F1:0.9615864651227292
BACC:0
CLSFE:0.00430786904078116
MCC:0.062413558895925175
GMEAN:0.5154027209425742
SAMPLES:3482
AUC:{}
AVGP:{}
