

GENERAL_METRICS
ACC:0.8956
PREC:0.5032833418064735
REC:0.5498993963782697
TNR:0.5498993963782697
FPR:0.49671665819352656
FPDR:0.49671665819352656
F1:0.4836635908051762
BACC:0.0
CLSFE:0.1044
MCC:0.025599747986772364
GMEAN:0.42421664105891443
SAMPLES:2500.0
AUC:{'AUC macro OVO': 0.5032833418064734}
AVGP:{'avg_precision': 0.8997955963539243}


METRICS_PER_CLASSES
CLASS:0
ACC:0.8956
PREC:0.011904761904761904
REC:0.2
TNR:0.8997987927565393
FPR:0.9880952380952381
FPDR:0.9880952380952381
F1:0.02247191011235955
BACC:0
CLSFE:0.9880952380952381
MCC:0.025599747986772364
GMEAN:0.42421664105891443
SAMPLES:252
AUC:{}
AVGP:{}
CLASS:1
ACC:0.8956
PREC:0.994661921708185
REC:0.8997987927565393
TNR:0.2
FPR:0.005338078291814947
FPDR:0.005338078291814947
F1:0.9448552714979929
BACC:0
CLSFE:0.005338078291814947
MCC:0.025599747986772364
GMEAN:0.42421664105891443
SAMPLES:2248
AUC:{}
AVGP:{}
