

GENERAL_METRICS
ACC:0.8888
PREC:0.49664729548502456
REC:0.4470824949698189
TNR:0.4470824949698189
FPR:0.5033527045149754
FPDR:0.5033527045149754
F1:0.470563320626853
BACC:0.0
CLSFE:0.1112
MCC:-0.026639576425755894
GMEAN:0.0
SAMPLES:2500.0
AUC:{'AUC macro OVO': 0.49664729548502456}
AVGP:{'avg_precision': 0.8941692479418306}


METRICS_PER_CLASSES
CLASS:0
ACC:0.8888
PREC:0.0
REC:0.0
TNR:0.8941649899396378
FPR:1.0
FPDR:1.0
F1:0.0
BACC:0
CLSFE:1.0
MCC:-0.026639576425755894
GMEAN:0
SAMPLES:263
AUC:{}
AVGP:{}
CLASS:1
ACC:0.8888
PREC:0.9932945909700491
REC:0.8941649899396378
TNR:0.0
FPR:0.006705409029950827
FPDR:0.006705409029950827
F1:0.941126641253706
BACC:0
CLSFE:0.006705409029950827
MCC:-0.026639576425755894
GMEAN:0
SAMPLES:2237
AUC:{}
AVGP:{}
