

GENERAL_METRICS
ACC:0.8912
PREC:0.5003077263517485
REC:0.503984242098666
TNR:0.503984242098666
FPR:0.4996922736482515
FPDR:0.4996922736482515
F1:0.4784572150842445
BACC:0.0
CLSFE:0.1088
MCC:0.00221454851877785
GMEAN:0.3156751799426149
SAMPLES:2500.0
AUC:{'AUC macro OVO': 0.5003077263517486}
AVGP:{'avg_precision': 0.8968569636440354}


METRICS_PER_CLASSES
CLASS:0
ACC:0.8912
PREC:0.007751937984496124
REC:0.1111111111111111
TNR:0.8968573730862208
FPR:0.9922480620155039
FPDR:0.9922480620155039
F1:0.014492753623188406
BACC:0
CLSFE:0.9922480620155039
MCC:0.00221454851877785
GMEAN:0.3156751799426149
SAMPLES:258
AUC:{}
AVGP:{}
CLASS:1
ACC:0.8912
PREC:0.9928635147190009
REC:0.8968573730862208
TNR:0.1111111111111111
FPR:0.007136485280999108
FPDR:0.007136485280999108
F1:0.9424216765453006
BACC:0
CLSFE:0.007136485280999108
MCC:0.00221454851877785
GMEAN:0.3156751799426149
SAMPLES:2242
AUC:{}
AVGP:{}
