

GENERAL_METRICS
ACC:0.886
PREC:0.4961917562724014
REC:0.44603302456705596
TNR:0.44603302456705596
FPR:0.5038082437275986
FPDR:0.5038082437275986
F1:0.46977730646871685
BACC:0.0
CLSFE:0.114
MCC:-0.028671895346486946
GMEAN:0.0
SAMPLES:2500.0
AUC:{'AUC macro OVO': 0.4961917562724014}
AVGP:{'avg_precision': 0.8920716392616747}


METRICS_PER_CLASSES
CLASS:0
ACC:0.886
PREC:0.0
REC:0.0
TNR:0.8920660491341119
FPR:1.0
FPDR:1.0
F1:0.0
BACC:0
CLSFE:1.0
MCC:-0.028671895346486946
GMEAN:0
SAMPLES:268
AUC:{}
AVGP:{}
CLASS:1
ACC:0.886
PREC:0.9923835125448028
REC:0.8920660491341119
TNR:0.0
FPR:0.0076164874551971325
FPDR:0.0076164874551971325
F1:0.9395546129374337
BACC:0
CLSFE:0.0076164874551971325
MCC:-0.028671895346486946
GMEAN:0
SAMPLES:2232
AUC:{}
AVGP:{}
