

GENERAL_METRICS
ACC:0.7973333333333333
PREC:0.7992150382152448
REC:0.7697895325013969
TNR:0.7697895325013969
FPR:0.20078496178475522
FPDR:0.20078496178475522
F1:0.7782532581209881
BACC:0.0
CLSFE:0.20266666666666666
MCC:0.5682432059513902
GMEAN:0.7588847921592147
SAMPLES:750.0
AUC:{'AUC macro OVO': 0.7992150382152448}
AVGP:{'avg_precision': 0.8552178953732352}


METRICS_PER_CLASSES
CLASS:0
ACC:0.7973333333333333
PREC:0.8042553191489362
REC:0.6406779661016949
TNR:0.8989010989010989
FPR:0.19574468085106383
FPDR:0.19574468085106383
F1:0.7132075471698113
BACC:0
CLSFE:0.19574468085106383
MCC:0.5682432059513902
GMEAN:0.7588847921592147
SAMPLES:235
AUC:{}
AVGP:{}
CLASS:1
ACC:0.7973333333333333
PREC:0.7941747572815534
REC:0.8989010989010989
TNR:0.6406779661016949
FPR:0.2058252427184466
FPDR:0.2058252427184466
F1:0.843298969072165
BACC:0
CLSFE:0.2058252427184466
MCC:0.5682432059513902
GMEAN:0.7588847921592147
SAMPLES:515
AUC:{}
AVGP:{}
