

GENERAL_METRICS
ACC:0.7906666666666666
PREC:0.7829057799539831
REC:0.7617975995635571
TNR:0.7617975995635571
FPR:0.21709422004601692
FPDR:0.21709422004601692
F1:0.7691443538884717
BACC:0.0
CLSFE:0.20933333333333334
MCC:0.5442942369513337
GMEAN:0.7528511605731636
SAMPLES:750.0
AUC:{'AUC macro OVO': 0.782905779953983}
AVGP:{'avg_precision': 0.8396783581715088}


METRICS_PER_CLASSES
CLASS:0
ACC:0.7906666666666666
PREC:0.7615062761506276
REC:0.6453900709219859
TNR:0.8782051282051282
FPR:0.2384937238493724
FPDR:0.2384937238493724
F1:0.6986564299424184
BACC:0
CLSFE:0.2384937238493724
MCC:0.5442942369513337
GMEAN:0.7528511605731636
SAMPLES:239
AUC:{}
AVGP:{}
CLASS:1
ACC:0.7906666666666666
PREC:0.8043052837573386
REC:0.8782051282051282
TNR:0.6453900709219859
FPR:0.19569471624266144
FPDR:0.19569471624266144
F1:0.839632277834525
BACC:0
CLSFE:0.19569471624266144
MCC:0.5442942369513337
GMEAN:0.7528511605731636
SAMPLES:511
AUC:{}
AVGP:{}
