

GENERAL_METRICS
ACC:0.768
PREC:0.7711918016194332
REC:0.7496505939902166
TNR:0.7496505939902166
FPR:0.22880819838056682
FPDR:0.22880819838056682
F1:0.754479571947833
BACC:0.0
CLSFE:0.232
MCC:0.5203967500266253
GMEAN:0.7398667100637859
SAMPLES:750.0
AUC:{'AUC macro OVO': 0.7711918016194332}
AVGP:{'avg_precision': 0.81980146948568}


METRICS_PER_CLASSES
CLASS:0
ACC:0.768
PREC:0.78125
REC:0.6289308176100629
TNR:0.8703703703703703
FPR:0.21875
FPDR:0.21875
F1:0.6968641114982579
BACC:0
CLSFE:0.21875
MCC:0.5203967500266253
GMEAN:0.7398667100637859
SAMPLES:256
AUC:{}
AVGP:{}
CLASS:1
ACC:0.768
PREC:0.7611336032388664
REC:0.8703703703703703
TNR:0.6289308176100629
FPR:0.2388663967611336
FPDR:0.2388663967611336
F1:0.8120950323974082
BACC:0
CLSFE:0.2388663967611336
MCC:0.5203967500266253
GMEAN:0.7398667100637859
SAMPLES:494
AUC:{}
AVGP:{}
