

GENERAL_METRICS
ACC:0.812
PREC:0.8115430701637598
REC:0.7825127334465196
TNR:0.7825127334465196
FPR:0.18845692983624018
FPDR:0.18845692983624018
F1:0.7919171367798021
BACC:0.0
CLSFE:0.188
MCC:0.5933460519402977
GMEAN:0.7728070336031942
SAMPLES:750.0
AUC:{'AUC macro OVO': 0.8115430701637598}
AVGP:{'avg_precision': 0.8651700917507369}


METRICS_PER_CLASSES
CLASS:0
ACC:0.812
PREC:0.8103448275862069
REC:0.6596491228070176
TNR:0.9053763440860215
FPR:0.1896551724137931
FPDR:0.1896551724137931
F1:0.7272727272727273
BACC:0
CLSFE:0.1896551724137931
MCC:0.5933460519402977
GMEAN:0.7728070336031942
SAMPLES:232
AUC:{}
AVGP:{}
CLASS:1
ACC:0.812
PREC:0.8127413127413128
REC:0.9053763440860215
TNR:0.6596491228070176
FPR:0.18725868725868725
FPDR:0.18725868725868725
F1:0.8565615462868769
BACC:0
CLSFE:0.18725868725868725
MCC:0.5933460519402977
GMEAN:0.7728070336031942
SAMPLES:518
AUC:{}
AVGP:{}
