

GENERAL_METRICS
ACC:0.93425
PREC:0.4995989304812834
REC:0.46747560670502875
TNR:0.46747560670502875
FPR:0.5004010695187165
FPDR:0.5004010695187165
F1:0.4830037482228254
BACC:0.0
CLSFE:0.06575
MCC:-0.007223445927080175
GMEAN:0.0
SAMPLES:4000.0
AUC:{'AUC macro OVO': 0.4995989304812834}
AVGP:{'avg_precision': 0.9349512525436857}


METRICS_PER_CLASSES
CLASS:0
ACC:0.93425
PREC:0.0
REC:0.0
TNR:0.9349512134100575
FPR:1.0
FPDR:1.0
F1:0.0
BACC:0
CLSFE:1.0
MCC:-0.007223445927080175
GMEAN:0
SAMPLES:260
AUC:{}
AVGP:{}
CLASS:1
ACC:0.93425
PREC:0.9991978609625668
REC:0.9349512134100575
TNR:0.0
FPR:0.0008021390374331551
FPDR:0.0008021390374331551
F1:0.9660074964456508
BACC:0
CLSFE:0.0008021390374331551
MCC:-0.007223445927080175
GMEAN:0
SAMPLES:3740
AUC:{}
AVGP:{}
