

GENERAL_METRICS
ACC:0.9026666666666666
PREC:0.5762160078118526
REC:0.580341949598898
TNR:0.580341949598898
FPR:0.4237839921881475
FPDR:0.4237839921881475
F1:0.578194496790272
BACC:0.0
CLSFE:0.09733333333333333
MCC:0.1565035802561599
GMEAN:0.450332778123677
SAMPLES:3750.0
AUC:{'AUC macro OVO': 0.5762160078118524}
AVGP:{'avg_precision': 0.9459173193998339}


METRICS_PER_CLASSES
CLASS:0
ACC:0.9026666666666666
PREC:0.20253164556962025
REC:0.21428571428571427
TNR:0.9463981849120817
FPR:0.7974683544303798
FPDR:0.7974683544303798
F1:0.20824295010845986
BACC:0
CLSFE:0.7974683544303798
MCC:0.1565035802561599
GMEAN:0.450332778123677
SAMPLES:237
AUC:{}
AVGP:{}
CLASS:1
ACC:0.9026666666666666
PREC:0.9499003700540848
REC:0.9463981849120817
TNR:0.21428571428571427
FPR:0.05009962994591517
FPDR:0.05009962994591517
F1:0.9481460434720841
BACC:0
CLSFE:0.05009962994591517
MCC:0.1565035802561599
GMEAN:0.450332778123677
SAMPLES:3513
AUC:{}
AVGP:{}
