

GENERAL_METRICS
ACC:0.804
PREC:0.7949790794979079
REC:0.8635097493036212
TNR:0.8635097493036212
FPR:0.20502092050209206
FPDR:0.20502092050209206
F1:0.7920203735144312
BACC:0.0
CLSFE:0.196
MCC:0.6549130361753306
GMEAN:0.8526543840309756
SAMPLES:500.0
AUC:{'AUC macro OVO': 0.7949790794979079}
AVGP:{'avg_precision': 0.7859581589958159}


METRICS_PER_CLASSES
CLASS:0
ACC:0.804
PREC:1.0
REC:0.7270194986072424
TNR:1.0
FPR:0.0
FPDR:0.0
F1:0.8419354838709677
BACC:0
CLSFE:0.0
MCC:0.6549130361753306
GMEAN:0.8526543840309756
SAMPLES:261
AUC:{}
AVGP:{}
CLASS:1
ACC:0.804
PREC:0.5899581589958159
REC:1.0
TNR:0.7270194986072424
FPR:0.4100418410041841
FPDR:0.4100418410041841
F1:0.7421052631578947
BACC:0
CLSFE:0.4100418410041841
MCC:0.6549130361753306
GMEAN:0.8526543840309756
SAMPLES:239
AUC:{}
AVGP:{}
