

GENERAL_METRICS
ACC:0.804
PREC:0.7919710959454034
REC:0.8592030660423952
TNR:0.8592030660423952
FPR:0.20802890405459654
FPDR:0.20802890405459654
F1:0.7911552100381888
BACC:0.0
CLSFE:0.196
MCC:0.6476941032905804
GMEAN:0.8498230252370889
SAMPLES:500.0
AUC:{'AUC macro OVO': 0.7919710959454034}
AVGP:{'avg_precision': 0.775099441677984}


METRICS_PER_CLASSES
CLASS:0
ACC:0.804
PREC:0.9924528301886792
REC:0.7325905292479109
TNR:0.9858156028368794
FPR:0.007547169811320755
FPDR:0.007547169811320755
F1:0.842948717948718
BACC:0
CLSFE:0.007547169811320755
MCC:0.6476941032905804
GMEAN:0.8498230252370889
SAMPLES:265
AUC:{}
AVGP:{}
CLASS:1
ACC:0.804
PREC:0.5914893617021276
REC:0.9858156028368794
TNR:0.7325905292479109
FPR:0.4085106382978723
FPDR:0.4085106382978723
F1:0.7393617021276596
BACC:0
CLSFE:0.4085106382978723
MCC:0.6476941032905804
GMEAN:0.8498230252370889
SAMPLES:235
AUC:{}
AVGP:{}
