

GENERAL_METRICS
ACC:0.786
PREC:0.7914925301436326
REC:0.839221824686941
TNR:0.839221824686941
FPR:0.2085074698563674
FPDR:0.2085074698563674
F1:0.7793186514925896
BACC:0.0
CLSFE:0.214
MCC:0.6289058052139007
GMEAN:0.8271986477637968
SAMPLES:500.0
AUC:{'AUC macro OVO': 0.7914925301436326}
AVGP:{'avg_precision': 0.7918820712361567}


METRICS_PER_CLASSES
CLASS:0
ACC:0.786
PREC:0.9876543209876543
REC:0.6976744186046512
TNR:0.9807692307692307
FPR:0.012345679012345678
FPDR:0.012345679012345678
F1:0.817717206132879
BACC:0
CLSFE:0.012345679012345678
MCC:0.6289058052139007
GMEAN:0.8271986477637968
SAMPLES:243
AUC:{}
AVGP:{}
CLASS:1
ACC:0.786
PREC:0.5953307392996109
REC:0.9807692307692307
TNR:0.6976744186046512
FPR:0.4046692607003891
FPDR:0.4046692607003891
F1:0.7409200968523002
BACC:0
CLSFE:0.4046692607003891
MCC:0.6289058052139007
GMEAN:0.8271986477637968
SAMPLES:257
AUC:{}
AVGP:{}
