

GENERAL_METRICS
ACC:0.812
PREC:0.8149606299212598
REC:0.861764705882353
TNR:0.861764705882353
FPR:0.18503937007874016
FPDR:0.18503937007874016
F1:0.8062686517946942
BACC:0.0
CLSFE:0.188
MCC:0.675104850072891
GMEAN:0.8506053207949653
SAMPLES:500.0
AUC:{'AUC macro OVO': 0.8149606299212598}
AVGP:{'avg_precision': 0.8179212598425196}


METRICS_PER_CLASSES
CLASS:0
ACC:0.812
PREC:1.0
REC:0.7235294117647059
TNR:1.0
FPR:0.0
FPDR:0.0
F1:0.8395904436860068
BACC:0
CLSFE:0.0
MCC:0.675104850072891
GMEAN:0.8506053207949653
SAMPLES:246
AUC:{}
AVGP:{}
CLASS:1
ACC:0.812
PREC:0.6299212598425197
REC:1.0
TNR:0.7235294117647059
FPR:0.3700787401574803
FPDR:0.3700787401574803
F1:0.7729468599033816
BACC:0
CLSFE:0.3700787401574803
MCC:0.675104850072891
GMEAN:0.8506053207949653
SAMPLES:254
AUC:{}
AVGP:{}
