

GENERAL_METRICS
ACC:0.8868
PREC:0.6104987327067273
REC:0.6887910594616844
TNR:0.6887910594616844
FPR:0.3895012672932728
FPDR:0.3895012672932728
F1:0.6345691867705264
BACC:0.0
CLSFE:0.1132
MCC:0.28886794780228914
GMEAN:0.6509311577867021
SAMPLES:2500.0
AUC:{'AUC macro OVO': 0.6104987327067273}
AVGP:{'avg_precision': 0.9131768384575583}


METRICS_PER_CLASSES
CLASS:0
ACC:0.8868
PREC:0.25735294117647056
REC:0.46357615894039733
TNR:0.9140059599829715
FPR:0.7426470588235294
FPDR:0.7426470588235294
F1:0.3309692671394799
BACC:0
CLSFE:0.7426470588235294
MCC:0.28886794780228914
GMEAN:0.6509311577867021
SAMPLES:272
AUC:{}
AVGP:{}
CLASS:1
ACC:0.8868
PREC:0.9636445242369839
REC:0.9140059599829715
TNR:0.46357615894039733
FPR:0.036355475763016155
FPDR:0.036355475763016155
F1:0.938169106401573
BACC:0
CLSFE:0.036355475763016155
MCC:0.28886794780228914
GMEAN:0.6509311577867021
SAMPLES:2228
AUC:{}
AVGP:{}
