

GENERAL_METRICS
ACC:0.8888
PREC:0.6102740206041068
REC:0.6629578388598408
TNR:0.6629578388598408
FPR:0.38972597939589315
FPDR:0.38972597939589315
F1:0.6290436906469905
BACC:0.0
CLSFE:0.1112
MCC:0.26810457720845277
GMEAN:0.610174005458674
SAMPLES:2500.0
AUC:{'AUC macro OVO': 0.6102740206041068}
AVGP:{'avg_precision': 0.921294632722851}


METRICS_PER_CLASSES
CLASS:0
ACC:0.8888
PREC:0.2631578947368421
REC:0.40372670807453415
TNR:0.9221889696451475
FPR:0.7368421052631579
FPDR:0.7368421052631579
F1:0.31862745098039214
BACC:0
CLSFE:0.7368421052631579
MCC:0.26810457720845277
GMEAN:0.610174005458674
SAMPLES:247
AUC:{}
AVGP:{}
CLASS:1
ACC:0.8888
PREC:0.9573901464713716
REC:0.9221889696451475
TNR:0.40372670807453415
FPR:0.0426098535286285
FPDR:0.0426098535286285
F1:0.9394599303135889
BACC:0
CLSFE:0.0426098535286285
MCC:0.26810457720845277
GMEAN:0.610174005458674
SAMPLES:2253
AUC:{}
AVGP:{}
