

GENERAL_METRICS
ACC:0.8952
PREC:0.6297437051893389
REC:0.7105711849957375
TNR:0.7105711849957375
FPR:0.3702562948106611
FPDR:0.3702562948106611
F1:0.6565184924150893
BACC:0.0
CLSFE:0.1048
MCC:0.3305769849669314
GMEAN:0.678653950843681
SAMPLES:2500.0
AUC:{'AUC macro OVO': 0.6297437051893389}
AVGP:{'avg_precision': 0.9202498040891766}


METRICS_PER_CLASSES
CLASS:0
ACC:0.8952
PREC:0.29389312977099236
REC:0.5
TNR:0.9211423699914748
FPR:0.7061068702290076
FPDR:0.7061068702290076
F1:0.3701923076923077
BACC:0
CLSFE:0.7061068702290076
MCC:0.3305769849669314
GMEAN:0.678653950843681
SAMPLES:262
AUC:{}
AVGP:{}
CLASS:1
ACC:0.8952
PREC:0.9655942806076855
REC:0.9211423699914748
TNR:0.5
FPR:0.034405719392314564
FPDR:0.034405719392314564
F1:0.9428446771378709
BACC:0
CLSFE:0.034405719392314564
MCC:0.3305769849669314
GMEAN:0.678653950843681
SAMPLES:2238
AUC:{}
AVGP:{}
