

GENERAL_METRICS
ACC:0.8776
PREC:0.6144880332482764
REC:0.6480315805473842
TNR:0.6480315805473842
FPR:0.3855119667517236
FPDR:0.3855119667517236
F1:0.627863263828893
BACC:0.0
CLSFE:0.1224
MCC:0.2603677746227734
GMEAN:0.5883032503794791
SAMPLES:2500.0
AUC:{'AUC macro OVO': 0.6144880332482763}
AVGP:{'avg_precision': 0.9185345750487617}


METRICS_PER_CLASSES
CLASS:0
ACC:0.8776
PREC:0.28294573643410853
REC:0.37628865979381443
TNR:0.9197745013009541
FPR:0.7170542635658915
FPDR:0.7170542635658915
F1:0.3230088495575221
BACC:0
CLSFE:0.7170542635658915
MCC:0.2603677746227734
GMEAN:0.5883032503794791
SAMPLES:258
AUC:{}
AVGP:{}
CLASS:1
ACC:0.8776
PREC:0.9460303300624442
REC:0.9197745013009541
TNR:0.37628865979381443
FPR:0.05396966993755575
FPDR:0.05396966993755575
F1:0.9327176781002638
BACC:0
CLSFE:0.05396966993755575
MCC:0.2603677746227734
GMEAN:0.5883032503794791
SAMPLES:2242
AUC:{}
AVGP:{}
