

GENERAL_METRICS
ACC:0.9234285714285714
PREC:0.500534188034188
REC:0.5128939828080229
TNR:0.5128939828080229
FPR:0.49946581196581197
FPDR:0.49946581196581197
F1:0.48379285674976613
BACC:0.0
CLSFE:0.07657142857142857
MCC:0.005248928015917945
GMEAN:0.3042676396884897
SAMPLES:3500.0
AUC:{'AUC macro OVO': 0.500534188034188}
AVGP:{'avg_precision': 0.925787760949652}


METRICS_PER_CLASSES
CLASS:0
ACC:0.9234285714285714
PREC:0.0038461538461538464
REC:0.1
TNR:0.9257879656160458
FPR:0.9961538461538462
FPDR:0.9961538461538462
F1:0.007407407407407408
BACC:0
CLSFE:0.9961538461538462
MCC:0.005248928015917945
GMEAN:0.3042676396884897
SAMPLES:260
AUC:{}
AVGP:{}
CLASS:1
ACC:0.9234285714285714
PREC:0.9972222222222222
REC:0.9257879656160458
TNR:0.1
FPR:0.002777777777777778
FPDR:0.002777777777777778
F1:0.9601783060921248
BACC:0
CLSFE:0.002777777777777778
MCC:0.005248928015917945
GMEAN:0.3042676396884897
SAMPLES:3240
AUC:{}
AVGP:{}
