

GENERAL_METRICS
ACC:0.9285714285714286
PREC:0.503006363835857
REC:0.5763073299595787
TNR:0.5763073299595787
FPR:0.4969936361641431
FPDR:0.4969936361641431
F1:0.4893445167856834
BACC:0.0
CLSFE:0.07142857142857142
MCC:0.030292414707400177
GMEAN:0.4547019628765235
SAMPLES:3500.0
AUC:{'AUC macro OVO': 0.503006363835857}
AVGP:{'avg_precision': 0.9303915937448985}


METRICS_PER_CLASSES
CLASS:0
ACC:0.9285714285714286
PREC:0.00816326530612245
REC:0.2222222222222222
TNR:0.930392437696935
FPR:0.9918367346938776
FPDR:0.9918367346938776
F1:0.015748031496062992
BACC:0
CLSFE:0.9918367346938776
MCC:0.030292414707400177
GMEAN:0.4547019628765235
SAMPLES:245
AUC:{}
AVGP:{}
CLASS:1
ACC:0.9285714285714286
PREC:0.9978494623655914
REC:0.930392437696935
TNR:0.2222222222222222
FPR:0.002150537634408602
FPDR:0.002150537634408602
F1:0.9629410020753039
BACC:0
CLSFE:0.002150537634408602
MCC:0.030292414707400177
GMEAN:0.4547019628765235
SAMPLES:3255
AUC:{}
AVGP:{}
