

GENERAL_METRICS
ACC:0.9254285714285714
PREC:0.5032439103713402
REC:0.6298893340965465
TNR:0.6298893340965465
FPR:0.49675608962865986
FPDR:0.49675608962865986
F1:0.48817077782913815
BACC:0.0
CLSFE:0.07457142857142857
MCC:0.04105359219372923
GMEAN:0.5557113563891958
SAMPLES:3500.0
AUC:{'AUC macro OVO': 0.5032439103713401}
AVGP:{'avg_precision': 0.9264447852332742}


METRICS_PER_CLASSES
CLASS:0
ACC:0.9254285714285714
PREC:0.007722007722007722
REC:0.3333333333333333
TNR:0.9264453348597596
FPR:0.9922779922779923
FPDR:0.9922779922779923
F1:0.01509433962264151
BACC:0
CLSFE:0.9922779922779923
MCC:0.04105359219372923
GMEAN:0.5557113563891958
SAMPLES:259
AUC:{}
AVGP:{}
CLASS:1
ACC:0.9254285714285714
PREC:0.9987658130206726
REC:0.9264453348597596
TNR:0.3333333333333333
FPR:0.001234186979327368
FPDR:0.001234186979327368
F1:0.9612472160356348
BACC:0
CLSFE:0.001234186979327368
MCC:0.04105359219372923
GMEAN:0.5557113563891958
SAMPLES:3241
AUC:{}
AVGP:{}
