

GENERAL_METRICS
ACC:0.9214285714285714
PREC:0.5012186566076244
REC:0.5612303290414878
TNR:0.5612303290414878
FPR:0.49878134339237556
FPDR:0.49878134339237556
F1:0.48315792921653183
BACC:0.0
CLSFE:0.07857142857142857
MCC:0.017276428458848685
GMEAN:0.4295254726050542
SAMPLES:3500.0
AUC:{'AUC macro OVO': 0.5012186566076244}
AVGP:{'avg_precision': 0.9224604413000795}


METRICS_PER_CLASSES
CLASS:0
ACC:0.9214285714285714
PREC:0.003676470588235294
REC:0.2
TNR:0.9224606580829757
FPR:0.9963235294117647
FPDR:0.9963235294117647
F1:0.007220216606498195
BACC:0
CLSFE:0.9963235294117647
MCC:0.017276428458848685
GMEAN:0.4295254726050542
SAMPLES:272
AUC:{}
AVGP:{}
CLASS:1
ACC:0.9214285714285714
PREC:0.9987608426270136
REC:0.9224606580829757
TNR:0.2
FPR:0.0012391573729863693
FPDR:0.0012391573729863693
F1:0.9590956418265655
BACC:0
CLSFE:0.0012391573729863693
MCC:0.017276428458848685
GMEAN:0.4295254726050542
SAMPLES:3228
AUC:{}
AVGP:{}
