

GENERAL_METRICS
ACC:0.8848888888888888
PREC:0.5051837551837551
REC:0.5778523489932886
TNR:0.5778523489932886
FPR:0.4948162448162448
FPDR:0.4948162448162448
F1:0.48438831333264315
BACC:0.0
CLSFE:0.11511111111111111
MCC:0.04017797992241409
GMEAN:0.4869053381838981
SAMPLES:2250.0
AUC:{'AUC macro OVO': 0.5051837551837552}
AVGP:{'avg_precision': 0.8890323164327639}


METRICS_PER_CLASSES
CLASS:0
ACC:0.8848888888888888
PREC:0.015873015873015872
REC:0.26666666666666666
TNR:0.8890380313199105
FPR:0.9841269841269841
FPDR:0.9841269841269841
F1:0.0299625468164794
BACC:0
CLSFE:0.9841269841269841
MCC:0.04017797992241409
GMEAN:0.4869053381838981
SAMPLES:252
AUC:{}
AVGP:{}
CLASS:1
ACC:0.8848888888888888
PREC:0.9944944944944945
REC:0.8890380313199105
TNR:0.26666666666666666
FPR:0.0055055055055055055
FPDR:0.0055055055055055055
F1:0.9388140798488069
BACC:0
CLSFE:0.0055055055055055055
MCC:0.04017797992241409
GMEAN:0.4869053381838981
SAMPLES:1998
AUC:{}
AVGP:{}
