

GENERAL_METRICS
ACC:0.8791111111111111
PREC:0.5070579243038089
REC:0.6197610529005878
TNR:0.6197610529005878
FPR:0.4929420756961911
FPDR:0.4929420756961911
F1:0.4854877273690264
BACC:0.0
CLSFE:0.12088888888888889
MCC:0.0581468639194515
GMEAN:0.5613692598899582
SAMPLES:2250.0
AUC:{'AUC macro OVO': 0.5070579243038089}
AVGP:{'avg_precision': 0.8823724811316157}


METRICS_PER_CLASSES
CLASS:0
ACC:0.8791111111111111
PREC:0.018656716417910446
REC:0.35714285714285715
TNR:0.8823792486583184
FPR:0.9813432835820896
FPDR:0.9813432835820896
F1:0.03546099290780142
BACC:0
CLSFE:0.9813432835820896
MCC:0.0581468639194515
GMEAN:0.5613692598899582
SAMPLES:268
AUC:{}
AVGP:{}
CLASS:1
ACC:0.8791111111111111
PREC:0.9954591321897074
REC:0.8823792486583184
TNR:0.35714285714285715
FPR:0.004540867810292634
FPDR:0.004540867810292634
F1:0.9355144618302513
BACC:0
CLSFE:0.004540867810292634
MCC:0.0581468639194515
GMEAN:0.5613692598899582
SAMPLES:1982
AUC:{}
AVGP:{}
