

GENERAL_METRICS
ACC:0.8888888888888888
PREC:0.4970178926441352
REC:0.44682752457551383
TNR:0.44682752457551383
FPR:0.5029821073558648
FPDR:0.5029821073558648
F1:0.47058823529411764
BACC:0.0
CLSFE:0.1111111111111111
MCC:-0.025184600857897352
GMEAN:0.0
SAMPLES:2250.0
AUC:{'AUC macro OVO': 0.4970178926441352}
AVGP:{'avg_precision': 0.893658431893003}


METRICS_PER_CLASSES
CLASS:0
ACC:0.8888888888888888
PREC:0.0
REC:0.0
TNR:0.8936550491510277
FPR:1.0
FPDR:1.0
F1:0.0
BACC:0
CLSFE:1.0
MCC:-0.025184600857897352
GMEAN:0
SAMPLES:238
AUC:{}
AVGP:{}
CLASS:1
ACC:0.8888888888888888
PREC:0.9940357852882704
REC:0.8936550491510277
TNR:0.0
FPR:0.005964214711729622
FPDR:0.005964214711729622
F1:0.9411764705882353
BACC:0
CLSFE:0.005964214711729622
MCC:-0.025184600857897352
GMEAN:0
SAMPLES:2012
AUC:{}
AVGP:{}
