

GENERAL_METRICS
ACC:0.8902222222222222
PREC:0.5000932835820896
REC:0.50223114680946
TNR:0.50223114680946
FPR:0.49990671641791046
FPDR:0.49990671641791046
F1:0.474964076489444
BACC:0.0
CLSFE:0.10977777777777778
MCC:0.0009124239509221803
GMEAN:0.31505752252702623
SAMPLES:2250.0
AUC:{'AUC macro OVO': 0.5000932835820895}
AVGP:{'avg_precision': 0.8933511114663185}


METRICS_PER_CLASSES
CLASS:0
ACC:0.8902222222222222
PREC:0.004166666666666667
REC:0.1111111111111111
TNR:0.893351182507809
FPR:0.9958333333333333
FPDR:0.9958333333333333
F1:0.008032128514056224
BACC:0
CLSFE:0.9958333333333333
MCC:0.0009124239509221803
GMEAN:0.31505752252702623
SAMPLES:240
AUC:{}
AVGP:{}
CLASS:1
ACC:0.8902222222222222
PREC:0.9960199004975124
REC:0.893351182507809
TNR:0.1111111111111111
FPR:0.003980099502487562
FPDR:0.003980099502487562
F1:0.9418960244648318
BACC:0
CLSFE:0.003980099502487562
MCC:0.0009124239509221803
GMEAN:0.31505752252702623
SAMPLES:2010
AUC:{}
AVGP:{}
