

GENERAL_METRICS
ACC:0.8088
PREC:0.7179146134054337
REC:0.7066304282449176
TNR:0.7066304282449176
FPR:0.2820853865945663
FPDR:0.2820853865945663
F1:0.7118746232670283
BACC:0.0
CLSFE:0.1912
MCC:0.4243950512849575
GMEAN:0.6830838254348235
SAMPLES:1250.0
AUC:{'AUC macro OVO': 0.7179146134054337}
AVGP:{'avg_precision': 0.8758902589158067}


METRICS_PER_CLASSES
CLASS:0
ACC:0.8088
PREC:0.5652173913043478
REC:0.5257352941176471
TNR:0.8875255623721882
FPR:0.43478260869565216
FPDR:0.43478260869565216
F1:0.5447619047619048
BACC:0
CLSFE:0.43478260869565216
MCC:0.4243950512849575
GMEAN:0.6830838254348235
SAMPLES:253
AUC:{}
AVGP:{}
CLASS:1
ACC:0.8088
PREC:0.8706118355065195
REC:0.8875255623721882
TNR:0.5257352941176471
FPR:0.12938816449348045
FPDR:0.12938816449348045
F1:0.8789873417721519
BACC:0
CLSFE:0.12938816449348045
MCC:0.4243950512849575
GMEAN:0.6830838254348235
SAMPLES:997
AUC:{}
AVGP:{}
