

GENERAL_METRICS
ACC:0.8024
PREC:0.7132229706226481
REC:0.6991148319177288
TNR:0.6991148319177288
FPR:0.28677702937735194
FPDR:0.28677702937735194
F1:0.7055067144469107
BACC:0.0
CLSFE:0.1976
MCC:0.41209637686603073
GMEAN:0.6737604711375605
SAMPLES:1250.0
AUC:{'AUC macro OVO': 0.7132229706226481}
AVGP:{'avg_precision': 0.8735479723218311}


METRICS_PER_CLASSES
CLASS:0
ACC:0.8024
PREC:0.562992125984252
REC:0.5125448028673835
TNR:0.8856848609680742
FPR:0.43700787401574803
FPDR:0.43700787401574803
F1:0.5365853658536586
BACC:0
CLSFE:0.43700787401574803
MCC:0.41209637686603073
GMEAN:0.6737604711375605
SAMPLES:254
AUC:{}
AVGP:{}
CLASS:1
ACC:0.8024
PREC:0.8634538152610441
REC:0.8856848609680742
TNR:0.5125448028673835
FPR:0.13654618473895583
FPDR:0.13654618473895583
F1:0.8744280630401627
BACC:0
CLSFE:0.13654618473895583
MCC:0.41209637686603073
GMEAN:0.6737604711375605
SAMPLES:996
AUC:{}
AVGP:{}
