

GENERAL_METRICS
ACC:0.7976
PREC:0.6975144559886894
REC:0.6958822360779999
TNR:0.6958822360779999
FPR:0.30248554401131056
FPDR:0.30248554401131056
F1:0.6966889462422517
BACC:0.0
CLSFE:0.2024
MCC:0.39339330597657196
GMEAN:0.6729731814784154
SAMPLES:1250.0
AUC:{'AUC macro OVO': 0.6975144559886896}
AVGP:{'avg_precision': 0.8621558916318646}


METRICS_PER_CLASSES
CLASS:0
ACC:0.7976
PREC:0.5247148288973384
REC:0.518796992481203
TNR:0.8729674796747967
FPR:0.4752851711026616
FPDR:0.4752851711026616
F1:0.5217391304347826
BACC:0
CLSFE:0.4752851711026616
MCC:0.39339330597657196
GMEAN:0.6729731814784154
SAMPLES:263
AUC:{}
AVGP:{}
CLASS:1
ACC:0.7976
PREC:0.8703140830800405
REC:0.8729674796747967
TNR:0.518796992481203
FPR:0.12968591691995948
FPDR:0.12968591691995948
F1:0.8716387620497209
BACC:0
CLSFE:0.12968591691995948
MCC:0.39339330597657196
GMEAN:0.6729731814784154
SAMPLES:987
AUC:{}
AVGP:{}
