

GENERAL_METRICS
ACC:0.8264
PREC:0.7524892568913112
REC:0.7217415316642121
TNR:0.7217415316642121
FPR:0.2475107431086888
FPDR:0.2475107431086888
F1:0.7346604387273483
BACC:0.0
CLSFE:0.1736
MCC:0.47323294285938317
GMEAN:0.6963929789628469
SAMPLES:1250.0
AUC:{'AUC macro OVO': 0.7524892568913113}
AVGP:{'avg_precision': 0.8985189578995479}


METRICS_PER_CLASSES
CLASS:0
ACC:0.8264
PREC:0.6340425531914894
REC:0.5321428571428571
TNR:0.911340206185567
FPR:0.3659574468085106
FPDR:0.3659574468085106
F1:0.5786407766990291
BACC:0
CLSFE:0.3659574468085106
MCC:0.47323294285938317
GMEAN:0.6963929789628469
SAMPLES:235
AUC:{}
AVGP:{}
CLASS:1
ACC:0.8264
PREC:0.870935960591133
REC:0.911340206185567
TNR:0.5321428571428571
FPR:0.129064039408867
FPDR:0.129064039408867
F1:0.8906801007556675
BACC:0
CLSFE:0.129064039408867
MCC:0.47323294285938317
GMEAN:0.6963929789628469
SAMPLES:1015
AUC:{}
AVGP:{}
