

GENERAL_METRICS
ACC:0.8964
PREC:0.5312296227721663
REC:0.6242255085340191
TNR:0.6242255085340191
FPR:0.46877037722783366
FPDR:0.46877037722783366
F1:0.5364374484085307
BACC:0.0
CLSFE:0.1036
MCC:0.1245715179356492
GMEAN:0.5553978746432944
SAMPLES:2500.0
AUC:{'AUC macro OVO': 0.5312296227721663}
AVGP:{'avg_precision': 0.9090741490846942}


METRICS_PER_CLASSES
CLASS:0
ACC:0.8964
PREC:0.07883817427385892
REC:0.3392857142857143
TNR:0.9091653027823241
FPR:0.921161825726141
FPDR:0.921161825726141
F1:0.12794612794612795
BACC:0
CLSFE:0.921161825726141
MCC:0.1245715179356492
GMEAN:0.5553978746432944
SAMPLES:241
AUC:{}
AVGP:{}
CLASS:1
ACC:0.8964
PREC:0.9836210712704737
REC:0.9091653027823241
TNR:0.3392857142857143
FPR:0.01637892872952634
FPDR:0.01637892872952634
F1:0.9449287688709335
BACC:0
CLSFE:0.01637892872952634
MCC:0.1245715179356492
GMEAN:0.5553978746432944
SAMPLES:2259
AUC:{}
AVGP:{}
