

GENERAL_METRICS
ACC:0.89
PREC:0.5302427412512883
REC:0.6159639465247111
TNR:0.6159639465247111
FPR:0.46975725874871166
FPDR:0.46975725874871166
F1:0.5341430773661296
BACC:0.0
CLSFE:0.11
MCC:0.11844100015155362
GMEAN:0.5444380590972454
SAMPLES:2500.0
AUC:{'AUC macro OVO': 0.5302427412512883}
AVGP:{'avg_precision': 0.9039557366437422}


METRICS_PER_CLASSES
CLASS:0
ACC:0.89
PREC:0.07874015748031496
REC:0.32786885245901637
TNR:0.9040590405904059
FPR:0.9212598425196851
FPDR:0.9212598425196851
F1:0.12698412698412698
BACC:0
CLSFE:0.9212598425196851
MCC:0.11844100015155362
GMEAN:0.5444380590972454
SAMPLES:254
AUC:{}
AVGP:{}
CLASS:1
ACC:0.89
PREC:0.9817453250222618
REC:0.9040590405904059
TNR:0.32786885245901637
FPR:0.0182546749777382
FPDR:0.0182546749777382
F1:0.9413020277481323
BACC:0
CLSFE:0.0182546749777382
MCC:0.11844100015155362
GMEAN:0.5444380590972454
SAMPLES:2246
AUC:{}
AVGP:{}
