

GENERAL_METRICS
ACC:0.898
PREC:0.5355804782558485
REC:0.6205485426929392
TNR:0.6205485426929392
FPR:0.46441952174415146
FPDR:0.46441952174415146
F1:0.5435967156145766
BACC:0.0
CLSFE:0.102
MCC:0.13098358373567814
GMEAN:0.5473289372189647
SAMPLES:2500.0
AUC:{'AUC macro OVO': 0.5355804782558485}
AVGP:{'avg_precision': 0.9128550145117749}


METRICS_PER_CLASSES
CLASS:0
ACC:0.898
PREC:0.09012875536480687
REC:0.328125
TNR:0.9129720853858785
FPR:0.9098712446351931
FPDR:0.9098712446351931
F1:0.1414141414141414
BACC:0
CLSFE:0.9098712446351931
MCC:0.13098358373567814
GMEAN:0.5473289372189647
SAMPLES:233
AUC:{}
AVGP:{}
CLASS:1
ACC:0.898
PREC:0.9810322011468902
REC:0.9129720853858785
TNR:0.328125
FPR:0.018967798853109837
FPDR:0.018967798853109837
F1:0.9457792898150117
BACC:0
CLSFE:0.018967798853109837
MCC:0.13098358373567814
GMEAN:0.5473289372189647
SAMPLES:2267
AUC:{}
AVGP:{}
