

GENERAL_METRICS
ACC:0.894
PREC:0.5243415457579549
REC:0.5968260462941314
TNR:0.5968260462941314
FPR:0.47565845424204517
FPDR:0.47565845424204517
F1:0.5256985475994619
BACC:0.0
CLSFE:0.106
MCC:0.09709573907088714
GMEAN:0.5093238674595895
SAMPLES:2500.0
AUC:{'AUC macro OVO': 0.5243415457579548}
AVGP:{'avg_precision': 0.9078609975446459}


METRICS_PER_CLASSES
CLASS:0
ACC:0.894
PREC:0.06639004149377593
REC:0.2857142857142857
TNR:0.9079378068739771
FPR:0.9336099585062241
FPDR:0.9336099585062241
F1:0.10774410774410774
BACC:0
CLSFE:0.9336099585062241
MCC:0.09709573907088714
GMEAN:0.5093238674595895
SAMPLES:241
AUC:{}
AVGP:{}
CLASS:1
ACC:0.894
PREC:0.9822930500221337
REC:0.9079378068739771
TNR:0.2857142857142857
FPR:0.017706949977866312
FPDR:0.017706949977866312
F1:0.9436529874548161
BACC:0
CLSFE:0.017706949977866312
MCC:0.09709573907088714
GMEAN:0.5093238674595895
SAMPLES:2259
AUC:{}
AVGP:{}
