

GENERAL_METRICS
ACC:0.9274285714285714
PREC:0.5146076920752893
REC:0.7312290769966523
TNR:0.7312290769966523
FPR:0.4853923079247107
FPDR:0.4853923079247107
F1:0.5107589015464201
BACC:0.0
CLSFE:0.07257142857142856
MCC:0.11623636531861195
GMEAN:0.7039412174928514
SAMPLES:3500.0
AUC:{'AUC macro OVO': 0.5146076920752892}
AVGP:{'avg_precision': 0.9291205452379004}


METRICS_PER_CLASSES
CLASS:0
ACC:0.9274285714285714
PREC:0.03137254901960784
REC:0.5333333333333333
TNR:0.9291248206599713
FPR:0.9686274509803922
FPDR:0.9686274509803922
F1:0.05925925925925926
BACC:0
CLSFE:0.9686274509803922
MCC:0.11623636531861195
GMEAN:0.7039412174928514
SAMPLES:255
AUC:{}
AVGP:{}
CLASS:1
ACC:0.9274285714285714
PREC:0.9978428351309707
REC:0.9291248206599713
TNR:0.5333333333333333
FPR:0.0021571648690292757
FPDR:0.0021571648690292757
F1:0.962258543833581
BACC:0
CLSFE:0.0021571648690292757
MCC:0.11623636531861195
GMEAN:0.7039412174928514
SAMPLES:3245
AUC:{}
AVGP:{}
