

GENERAL_METRICS
ACC:0.9234285714285714
PREC:0.5073765356823474
REC:0.5886494252873563
TNR:0.5886494252873563
FPR:0.4926234643176525
FPDR:0.4926234643176525
F1:0.4980510682201041
BACC:0.0
CLSFE:0.07657142857142857
MCC:0.051143939967577046
GMEAN:0.48148178848600093
SAMPLES:3500.0
AUC:{'AUC macro OVO': 0.5073765356823475}
AVGP:{'avg_precision': 0.927294163022481}


METRICS_PER_CLASSES
CLASS:0
ACC:0.9234285714285714
PREC:0.01937984496124031
REC:0.25
TNR:0.9272988505747126
FPR:0.9806201550387597
FPDR:0.9806201550387597
F1:0.03597122302158273
BACC:0
CLSFE:0.9806201550387597
MCC:0.051143939967577046
GMEAN:0.48148178848600093
SAMPLES:258
AUC:{}
AVGP:{}
CLASS:1
ACC:0.9234285714285714
PREC:0.9953732264034546
REC:0.9272988505747126
TNR:0.25
FPR:0.0046267735965453425
FPDR:0.0046267735965453425
F1:0.9601309134186254
BACC:0
CLSFE:0.0046267735965453425
MCC:0.051143939967577046
GMEAN:0.48148178848600093
SAMPLES:3242
AUC:{}
AVGP:{}
