

GENERAL_METRICS
ACC:0.9242857142857143
PREC:0.5068103851888637
REC:0.5610358265798681
TNR:0.5610358265798681
FPR:0.49318961481113627
FPDR:0.49318961481113627
F1:0.49847921595133493
BACC:0.0
CLSFE:0.07571428571428572
MCC:0.040776340656296685
GMEAN:0.4228483909184427
SAMPLES:3500.0
AUC:{'AUC macro OVO': 0.5068103851888637}
AVGP:{'avg_precision': 0.9297581032150419}


METRICS_PER_CLASSES
CLASS:0
ACC:0.9242857142857143
PREC:0.020080321285140562
REC:0.19230769230769232
TNR:0.9297639608520437
FPR:0.9799196787148594
FPDR:0.9799196787148594
F1:0.03636363636363636
BACC:0
CLSFE:0.9799196787148594
MCC:0.040776340656296685
GMEAN:0.4228483909184427
SAMPLES:249
AUC:{}
AVGP:{}
CLASS:1
ACC:0.9242857142857143
PREC:0.9935404490925869
REC:0.9297639608520437
TNR:0.19230769230769232
FPR:0.0064595509074131035
FPDR:0.0064595509074131035
F1:0.9605947955390335
BACC:0
CLSFE:0.0064595509074131035
MCC:0.040776340656296685
GMEAN:0.4228483909184427
SAMPLES:3251
AUC:{}
AVGP:{}
