

GENERAL_METRICS
ACC:0.9268571428571428
PREC:0.5095309542030854
REC:0.590765247410817
TNR:0.590765247410817
FPR:0.49046904579691464
FPDR:0.49046904579691464
F1:0.5033743936290029
BACC:0.0
CLSFE:0.07314285714285715
MCC:0.058824464852787514
GMEAN:0.4825791372463262
SAMPLES:3500.0
AUC:{'AUC macro OVO': 0.5095309542030854}
AVGP:{'avg_precision': 0.9315236133567549}


METRICS_PER_CLASSES
CLASS:0
ACC:0.9268571428571428
PREC:0.02459016393442623
REC:0.25
TNR:0.9315304948216341
FPR:0.9754098360655737
FPDR:0.9754098360655737
F1:0.04477611940298507
BACC:0
CLSFE:0.9754098360655737
MCC:0.058824464852787514
GMEAN:0.4825791372463262
SAMPLES:244
AUC:{}
AVGP:{}
CLASS:1
ACC:0.9268571428571428
PREC:0.9944717444717445
REC:0.9315304948216341
TNR:0.25
FPR:0.005528255528255528
FPDR:0.005528255528255528
F1:0.9619726678550208
BACC:0
CLSFE:0.005528255528255528
MCC:0.058824464852787514
GMEAN:0.4825791372463262
SAMPLES:3256
AUC:{}
AVGP:{}
