

GENERAL_METRICS
ACC:0.9232941176470588
PREC:0.5439996401583304
REC:0.6113453412981715
TNR:0.6113453412981715
FPR:0.4560003598416697
FPDR:0.4560003598416697
F1:0.5576314717350297
BACC:0.0
CLSFE:0.07670588235294118
MCC:0.13998792734269655
GMEAN:0.51569841303712
SAMPLES:4250.0
AUC:{'AUC macro OVO': 0.5439996401583302}
AVGP:{'avg_precision': 0.9395654880374098}


METRICS_PER_CLASSES
CLASS:0
ACC:0.9232941176470588
PREC:0.10714285714285714
REC:0.2830188679245283
TNR:0.9396718146718147
FPR:0.8928571428571429
FPDR:0.8928571428571429
F1:0.15544041450777202
BACC:0
CLSFE:0.8928571428571429
MCC:0.13998792734269655
GMEAN:0.51569841303712
SAMPLES:280
AUC:{}
AVGP:{}
CLASS:1
ACC:0.9232941176470588
PREC:0.9808564231738035
REC:0.9396718146718147
TNR:0.2830188679245283
FPR:0.019143576826196475
FPDR:0.019143576826196475
F1:0.9598225289622874
BACC:0
CLSFE:0.019143576826196475
MCC:0.13998792734269655
GMEAN:0.51569841303712
SAMPLES:3970
AUC:{}
AVGP:{}
