

GENERAL_METRICS
ACC:0.9296470588235294
PREC:0.5402013739912146
REC:0.5808139796055882
TNR:0.5808139796055882
FPR:0.4597986260087854
FPDR:0.4597986260087854
F1:0.5508274565929481
BACC:0.0
CLSFE:0.07035294117647059
MCC:0.11399707045082597
GMEAN:0.44900801073253693
SAMPLES:4250.0
AUC:{'AUC macro OVO': 0.5402013739912146}
AVGP:{'avg_precision': 0.9491433424260557}


METRICS_PER_CLASSES
CLASS:0
ACC:0.9296470588235294
PREC:0.10256410256410256
REC:0.21238938053097345
TNR:0.949238578680203
FPR:0.8974358974358975
FPDR:0.8974358974358975
F1:0.138328530259366
BACC:0
CLSFE:0.8974358974358975
MCC:0.11399707045082597
GMEAN:0.44900801073253693
SAMPLES:234
AUC:{}
AVGP:{}
CLASS:1
ACC:0.9296470588235294
PREC:0.9778386454183267
REC:0.949238578680203
TNR:0.21238938053097345
FPR:0.022161354581673308
FPDR:0.022161354581673308
F1:0.9633263829265302
BACC:0
CLSFE:0.022161354581673308
MCC:0.11399707045082597
GMEAN:0.44900801073253693
SAMPLES:4016
AUC:{}
AVGP:{}
