

GENERAL_METRICS
ACC:0.9268235294117647
PREC:0.5423055413151885
REC:0.5982898752766179
TNR:0.5982898752766179
FPR:0.4576944586848115
FPDR:0.4576944586848115
F1:0.5548576672756818
BACC:0.0
CLSFE:0.07317647058823529
MCC:0.12896831206741735
GMEAN:0.48812600978428067
SAMPLES:4250.0
AUC:{'AUC macro OVO': 0.5423055413151885}
AVGP:{'avg_precision': 0.9441441199048435}


METRICS_PER_CLASSES
CLASS:0
ACC:0.9268235294117647
PREC:0.10465116279069768
REC:0.2523364485981308
TNR:0.944243301955105
FPR:0.8953488372093024
FPDR:0.8953488372093024
F1:0.14794520547945206
BACC:0
CLSFE:0.8953488372093024
MCC:0.12896831206741735
GMEAN:0.48812600978428067
SAMPLES:258
AUC:{}
AVGP:{}
CLASS:1
ACC:0.9268235294117647
PREC:0.9799599198396793
REC:0.944243301955105
TNR:0.2523364485981308
FPR:0.02004008016032064
FPDR:0.02004008016032064
F1:0.9617701290719115
BACC:0
CLSFE:0.02004008016032064
MCC:0.12896831206741735
GMEAN:0.48812600978428067
SAMPLES:3992
AUC:{}
AVGP:{}
