

GENERAL_METRICS
ACC:0.9228235294117647
PREC:0.5568500416051336
REC:0.6099984770027413
TNR:0.6099984770027413
FPR:0.44314995839486643
FPDR:0.44314995839486643
F1:0.5717878869421723
BACC:0.0
CLSFE:0.07717647058823529
MCC:0.1581571116846432
GMEAN:0.5105123954212762
SAMPLES:4250.0
AUC:{'AUC macro OVO': 0.5568500416051336}
AVGP:{'avg_precision': 0.9437085835841117}


METRICS_PER_CLASSES
CLASS:0
ACC:0.9228235294117647
PREC:0.13805970149253732
REC:0.27611940298507465
TNR:0.9438775510204082
FPR:0.8619402985074627
FPDR:0.8619402985074627
F1:0.18407960199004975
BACC:0
CLSFE:0.8619402985074627
MCC:0.1581571116846432
GMEAN:0.5105123954212762
SAMPLES:268
AUC:{}
AVGP:{}
CLASS:1
ACC:0.9228235294117647
PREC:0.9756403817177298
REC:0.9438775510204082
TNR:0.27611940298507465
FPR:0.024359618282270217
FPDR:0.024359618282270217
F1:0.9594961718942949
BACC:0
CLSFE:0.024359618282270217
MCC:0.1581571116846432
GMEAN:0.5105123954212762
SAMPLES:3982
AUC:{}
AVGP:{}
