

GENERAL_METRICS
ACC:0.8836
PREC:0.516650070189269
REC:0.5647335981556537
TNR:0.5647335981556537
FPR:0.483349929810731
FPDR:0.483349929810731
F1:0.5128040454341201
BACC:0.0
CLSFE:0.1164
MCC:0.0656603062099338
GMEAN:0.4544754857184439
SAMPLES:2500.0
AUC:{'AUC macro OVO': 0.516650070189269}
AVGP:{'avg_precision': 0.8998927761373956}


METRICS_PER_CLASSES
CLASS:0
ACC:0.8836
PREC:0.05426356589147287
REC:0.22950819672131148
TNR:0.8999589995899959
FPR:0.9457364341085271
FPDR:0.9457364341085271
F1:0.0877742946708464
BACC:0
CLSFE:0.9457364341085271
MCC:0.0656603062099338
GMEAN:0.4544754857184439
SAMPLES:258
AUC:{}
AVGP:{}
CLASS:1
ACC:0.8836
PREC:0.9790365744870652
REC:0.8999589995899959
TNR:0.22950819672131148
FPR:0.02096342551293488
FPDR:0.02096342551293488
F1:0.9378337961973937
BACC:0
CLSFE:0.02096342551293488
MCC:0.0656603062099338
GMEAN:0.4544754857184439
SAMPLES:2242
AUC:{}
AVGP:{}
