

GENERAL_METRICS
ACC:0.8816
PREC:0.5098547899678167
REC:0.5360606527093597
TNR:0.5360606527093597
FPR:0.4901452100321832
FPDR:0.4901452100321832
F1:0.5029807720723553
BACC:0.0
CLSFE:0.1184
MCC:0.03770252822043227
GMEAN:0.3933571325701904
SAMPLES:2500.0
AUC:{'AUC macro OVO': 0.5098547899678167}
AVGP:{'avg_precision': 0.9002027372142704}


METRICS_PER_CLASSES
CLASS:0
ACC:0.8816
PREC:0.04330708661417323
REC:0.171875
TNR:0.9002463054187192
FPR:0.9566929133858267
FPDR:0.9566929133858267
F1:0.06918238993710692
BACC:0
CLSFE:0.9566929133858267
MCC:0.03770252822043227
GMEAN:0.3933571325701904
SAMPLES:254
AUC:{}
AVGP:{}
CLASS:1
ACC:0.8816
PREC:0.9764024933214603
REC:0.9002463054187192
TNR:0.171875
FPR:0.023597506678539625
FPDR:0.023597506678539625
F1:0.9367791542076036
BACC:0
CLSFE:0.023597506678539625
MCC:0.03770252822043227
GMEAN:0.3933571325701904
SAMPLES:2246
AUC:{}
AVGP:{}
