

GENERAL_METRICS
ACC:0.8912
PREC:0.5218769209511442
REC:0.5988758917205101
TNR:0.5988758917205101
FPR:0.47812307904885576
FPDR:0.47812307904885576
F1:0.5207203854535818
BACC:0.0
CLSFE:0.1088
MCC:0.09301827921744206
GMEAN:0.5155334576870484
SAMPLES:2500.0
AUC:{'AUC macro OVO': 0.5218769209511442}
AVGP:{'avg_precision': 0.9035695615001341}


METRICS_PER_CLASSES
CLASS:0
ACC:0.8912
PREC:0.05976095617529881
REC:0.29411764705882354
TNR:0.9036341363821968
FPR:0.9402390438247012
FPDR:0.9402390438247012
F1:0.09933774834437085
BACC:0
CLSFE:0.9402390438247012
MCC:0.09301827921744206
GMEAN:0.5155334576870484
SAMPLES:251
AUC:{}
AVGP:{}
CLASS:1
ACC:0.8912
PREC:0.9839928857269897
REC:0.9036341363821968
TNR:0.29411764705882354
FPR:0.01600711427301023
FPDR:0.01600711427301023
F1:0.9421030225627927
BACC:0
CLSFE:0.01600711427301023
MCC:0.09301827921744206
GMEAN:0.5155334576870484
SAMPLES:2249
AUC:{}
AVGP:{}
