

GENERAL_METRICS
ACC:0.8824
PREC:0.5230937456684789
REC:0.5804553502763221
TNR:0.5804553502763221
FPR:0.4769062543315211
FPDR:0.4769062543315211
F1:0.5230679384854974
BACC:0.0
CLSFE:0.1176
MCC:0.0862094054485881
GMEAN:0.4845547849858411
SAMPLES:2500.0
AUC:{'AUC macro OVO': 0.5230937456684789}
AVGP:{'avg_precision': 0.8999399750395416}


METRICS_PER_CLASSES
CLASS:0
ACC:0.8824
PREC:0.06896551724137931
REC:0.2608695652173913
TNR:0.900041135335253
FPR:0.9310344827586207
FPDR:0.9310344827586207
F1:0.10909090909090909
BACC:0
CLSFE:0.9310344827586207
MCC:0.0862094054485881
GMEAN:0.4845547849858411
SAMPLES:261
AUC:{}
AVGP:{}
CLASS:1
ACC:0.8824
PREC:0.9772219740955784
REC:0.900041135335253
TNR:0.2608695652173913
FPR:0.022778025904421618
FPDR:0.022778025904421618
F1:0.9370449678800856
BACC:0
CLSFE:0.022778025904421618
MCC:0.0862094054485881
GMEAN:0.4845547849858411
SAMPLES:2239
AUC:{}
AVGP:{}
