

GENERAL_METRICS
ACC:0.85
PREC:0.7370317570852329
REC:0.7245075742255436
TNR:0.7245075742255436
FPR:0.262968242914767
FPDR:0.262968242914767
F1:0.7304310945935261
BACC:0.0
CLSFE:0.15
MCC:0.461369373919093
GMEAN:0.6986891558587717
SAMPLES:1500.0
AUC:{'AUC macro OVO': 0.737031757085233}
AVGP:{'avg_precision': 0.9087394424808275}


METRICS_PER_CLASSES
CLASS:0
ACC:0.85
PREC:0.5702479338842975
REC:0.5328185328185329
TNR:0.9161966156325544
FPR:0.4297520661157025
FPDR:0.4297520661157025
F1:0.5508982035928144
BACC:0
CLSFE:0.4297520661157025
MCC:0.461369373919093
GMEAN:0.6986891558587717
SAMPLES:242
AUC:{}
AVGP:{}
CLASS:1
ACC:0.85
PREC:0.9038155802861685
REC:0.9161966156325544
TNR:0.5328185328185329
FPR:0.09618441971383147
FPDR:0.09618441971383147
F1:0.9099639855942377
BACC:0
CLSFE:0.09618441971383147
MCC:0.461369373919093
GMEAN:0.6986891558587717
SAMPLES:1258
AUC:{}
AVGP:{}
