

GENERAL_METRICS
ACC:0.836
PREC:0.7102784110348191
REC:0.693132639949723
TNR:0.693132639949723
FPR:0.28972158896518085
FPDR:0.28972158896518085
F1:0.700956937799043
BACC:0.0
CLSFE:0.164
MCC:0.403046521620458
GMEAN:0.6578821232461707
SAMPLES:1500.0
AUC:{'AUC macro OVO': 0.7102784110348191}
AVGP:{'avg_precision': 0.9042027372668585}


METRICS_PER_CLASSES
CLASS:0
ACC:0.836
PREC:0.5278969957081545
REC:0.4749034749034749
TNR:0.911361804995971
FPR:0.4721030042918455
FPDR:0.4721030042918455
F1:0.5
BACC:0
CLSFE:0.4721030042918455
MCC:0.403046521620458
GMEAN:0.6578821232461707
SAMPLES:233
AUC:{}
AVGP:{}
CLASS:1
ACC:0.836
PREC:0.8926598263614838
REC:0.911361804995971
TNR:0.4749034749034749
FPR:0.10734017363851618
FPDR:0.10734017363851618
F1:0.9019138755980861
BACC:0
CLSFE:0.10734017363851618
MCC:0.403046521620458
GMEAN:0.6578821232461707
SAMPLES:1267
AUC:{}
AVGP:{}
