

GENERAL_METRICS
ACC:0.8386666666666667
PREC:0.7148330596606458
REC:0.7188282541932436
TNR:0.7188282541932436
FPR:0.28516694033935414
FPDR:0.28516694033935414
F1:0.7167921207354979
BACC:0.0
CLSFE:0.16133333333333333
MCC:0.4336429101854754
GMEAN:0.695517919816286
SAMPLES:1500.0
AUC:{'AUC macro OVO': 0.7148330596606458}
AVGP:{'avg_precision': 0.8933157391470644}


METRICS_PER_CLASSES
CLASS:0
ACC:0.8386666666666667
PREC:0.524904214559387
REC:0.5372549019607843
TNR:0.9004016064257028
FPR:0.47509578544061304
FPDR:0.47509578544061304
F1:0.5310077519379846
BACC:0
CLSFE:0.47509578544061304
MCC:0.4336429101854754
GMEAN:0.695517919816286
SAMPLES:261
AUC:{}
AVGP:{}
CLASS:1
ACC:0.8386666666666667
PREC:0.9047619047619048
REC:0.9004016064257028
TNR:0.5372549019607843
FPR:0.09523809523809523
FPDR:0.09523809523809523
F1:0.9025764895330113
BACC:0
CLSFE:0.09523809523809523
MCC:0.4336429101854754
GMEAN:0.695517919816286
SAMPLES:1239
AUC:{}
AVGP:{}
