

GENERAL_METRICS
ACC:0.8333333333333334
PREC:0.7090812511901541
REC:0.6923717690598191
TNR:0.6923717690598191
FPR:0.290918748809846
FPDR:0.290918748809846
F1:0.7
BACC:0.0
CLSFE:0.16666666666666666
MCC:0.40110512421902733
GMEAN:0.6574588014304857
SAMPLES:1500.0
AUC:{'AUC macro OVO': 0.7090812511901541}
AVGP:{'avg_precision': 0.9020876190768794}


METRICS_PER_CLASSES
CLASS:0
ACC:0.8333333333333334
PREC:0.5274261603375527
REC:0.4752851711026616
TNR:0.9094583670169766
FPR:0.47257383966244726
FPDR:0.47257383966244726
F1:0.5
BACC:0
CLSFE:0.47257383966244726
MCC:0.40110512421902733
GMEAN:0.6574588014304857
SAMPLES:237
AUC:{}
AVGP:{}
CLASS:1
ACC:0.8333333333333334
PREC:0.8907363420427553
REC:0.9094583670169766
TNR:0.4752851711026616
FPR:0.10926365795724466
FPDR:0.10926365795724466
F1:0.9
BACC:0
CLSFE:0.10926365795724466
MCC:0.40110512421902733
GMEAN:0.6574588014304857
SAMPLES:1263
AUC:{}
AVGP:{}
