

GENERAL_METRICS
ACC:0.888
PREC:0.7711827007943513
REC:0.819055036344756
TNR:0.819055036344756
FPR:0.22881729920564872
FPDR:0.22881729920564872
F1:0.7916666666666667
BACC:0.0
CLSFE:0.112
MCC:0.5882931461712293
GMEAN:0.81331086226044
SAMPLES:1500.0
AUC:{'AUC macro OVO': 0.7711827007943513}
AVGP:{'avg_precision': 0.9114272752018873}


METRICS_PER_CLASSES
CLASS:0
ACC:0.888
PREC:0.5909090909090909
REC:0.7222222222222222
TNR:0.9158878504672897
FPR:0.4090909090909091
FPDR:0.4090909090909091
F1:0.65
BACC:0
CLSFE:0.4090909090909091
MCC:0.5882931461712293
GMEAN:0.81331086226044
SAMPLES:264
AUC:{}
AVGP:{}
CLASS:1
ACC:0.888
PREC:0.9514563106796117
REC:0.9158878504672897
TNR:0.7222222222222222
FPR:0.04854368932038835
FPDR:0.04854368932038835
F1:0.9333333333333333
BACC:0
CLSFE:0.04854368932038835
MCC:0.5882931461712293
GMEAN:0.81331086226044
SAMPLES:1236
AUC:{}
AVGP:{}
