

GENERAL_METRICS
ACC:0.8766666666666667
PREC:0.7573115993385306
REC:0.785805250783699
TNR:0.785805250783699
FPR:0.2426884006614694
FPDR:0.2426884006614694
F1:0.7701975638457417
BACC:0.0
CLSFE:0.12333333333333334
MCC:0.5423689009465916
GMEAN:0.7750518235276949
SAMPLES:1500.0
AUC:{'AUC macro OVO': 0.7573115993385305}
AVGP:{'avg_precision': 0.9100811773740731}


METRICS_PER_CLASSES
CLASS:0
ACC:0.8766666666666667
PREC:0.5764705882352941
REC:0.65625
TNR:0.9153605015673981
FPR:0.4235294117647059
FPDR:0.4235294117647059
F1:0.6137787056367432
BACC:0
CLSFE:0.4235294117647059
MCC:0.5423689009465916
GMEAN:0.7750518235276949
SAMPLES:255
AUC:{}
AVGP:{}
CLASS:1
ACC:0.8766666666666667
PREC:0.9381526104417671
REC:0.9153605015673981
TNR:0.65625
FPR:0.061847389558232935
FPDR:0.061847389558232935
F1:0.9266164220547402
BACC:0
CLSFE:0.061847389558232935
MCC:0.5423689009465916
GMEAN:0.7750518235276949
SAMPLES:1245
AUC:{}
AVGP:{}
