

GENERAL_METRICS
ACC:0.8953333333333333
PREC:0.7916000000000001
REC:0.8176470588235294
TNR:0.8176470588235294
FPR:0.2084
FPDR:0.2084
F1:0.8036477331943721
BACC:0.0
CLSFE:0.10466666666666667
MCC:0.6086900109347654
GMEAN:0.8100802832802914
SAMPLES:1500.0
AUC:{'AUC macro OVO': 0.7916000000000001}
AVGP:{'avg_precision': 0.9235959215686274}


METRICS_PER_CLASSES
CLASS:0
ACC:0.8953333333333333
PREC:0.636
REC:0.7066666666666667
TNR:0.9286274509803921
FPR:0.364
FPDR:0.364
F1:0.6694736842105263
BACC:0
CLSFE:0.364
MCC:0.6086900109347654
GMEAN:0.8100802832802914
SAMPLES:250
AUC:{}
AVGP:{}
CLASS:1
ACC:0.8953333333333333
PREC:0.9472
REC:0.9286274509803921
TNR:0.7066666666666667
FPR:0.0528
FPDR:0.0528
F1:0.9378217821782178
BACC:0
CLSFE:0.0528
MCC:0.6086900109347654
GMEAN:0.8100802832802914
SAMPLES:1250
AUC:{}
AVGP:{}
