

GENERAL_METRICS
ACC:0.8813333333333333
PREC:0.754843961650391
REC:0.7843031998794026
TNR:0.7843031998794026
FPR:0.24515603834960897
FPDR:0.24515603834960897
F1:0.7681679887748156
BACC:0.0
CLSFE:0.11866666666666667
MCC:0.5383417270364611
GMEAN:0.7725947851538019
SAMPLES:1500.0
AUC:{'AUC macro OVO': 0.754843961650391}
AVGP:{'avg_precision': 0.9146160980480238}


METRICS_PER_CLASSES
CLASS:0
ACC:0.8813333333333333
PREC:0.5684647302904564
REC:0.6492890995260664
TNR:0.9193173002327386
FPR:0.4315352697095436
FPDR:0.4315352697095436
F1:0.6061946902654868
BACC:0
CLSFE:0.4315352697095436
MCC:0.5383417270364611
GMEAN:0.7725947851538019
SAMPLES:241
AUC:{}
AVGP:{}
CLASS:1
ACC:0.8813333333333333
PREC:0.9412231930103256
REC:0.9193173002327386
TNR:0.6492890995260664
FPR:0.05877680698967434
FPDR:0.05877680698967434
F1:0.9301412872841445
BACC:0
CLSFE:0.05877680698967434
MCC:0.5383417270364611
GMEAN:0.7725947851538019
SAMPLES:1259
AUC:{}
AVGP:{}
