

GENERAL_METRICS
ACC:0.9023333333333333
PREC:0.4966355941283617
REC:0.48104414179464894
TNR:0.48104414179464894
FPR:0.5033644058716383
FPDR:0.5033644058716383
F1:0.481045772471338
BACC:0.0
CLSFE:0.09766666666666667
MCC:-0.015971875362401973
GMEAN:0.20867715278348378
SAMPLES:3000.0
AUC:{'AUC macro OVO': 0.4966355941283617}
AVGP:{'avg_precision': 0.9144769702366218}


METRICS_PER_CLASSES
CLASS:0
ACC:0.9023333333333333
PREC:0.00784313725490196
REC:0.047619047619047616
TNR:0.9144692359702502
FPR:0.9921568627450981
FPDR:0.9921568627450981
F1:0.013468013468013467
BACC:0
CLSFE:0.9921568627450981
MCC:-0.015971875362401973
GMEAN:0.20867715278348378
SAMPLES:255
AUC:{}
AVGP:{}
CLASS:1
ACC:0.9023333333333333
PREC:0.9854280510018215
REC:0.9144692359702502
TNR:0.047619047619047616
FPR:0.014571948998178506
FPDR:0.014571948998178506
F1:0.9486235314746625
BACC:0
CLSFE:0.014571948998178506
MCC:-0.015971875362401973
GMEAN:0.20867715278348378
SAMPLES:2745
AUC:{}
AVGP:{}
