

GENERAL_METRICS
ACC:0.8976666666666666
PREC:0.4982405462184874
REC:0.48544095437803536
TNR:0.48544095437803536
FPR:0.5017594537815127
FPDR:0.5017594537815127
F1:0.47944897328233704
BACC:0.0
CLSFE:0.10233333333333333
MCC:-0.01012244394892462
GMEAN:0.24181648329897756
SAMPLES:3000.0
AUC:{'AUC macro OVO': 0.4982405462184874}
AVGP:{'avg_precision': 0.9063689877096005}


METRICS_PER_CLASSES
CLASS:0
ACC:0.8976666666666666
PREC:0.007142857142857143
REC:0.06451612903225806
TNR:0.9063657797238127
FPR:0.9928571428571429
FPDR:0.9928571428571429
F1:0.012861736334405145
BACC:0
CLSFE:0.9928571428571429
MCC:-0.01012244394892462
GMEAN:0.24181648329897756
SAMPLES:280
AUC:{}
AVGP:{}
CLASS:1
ACC:0.8976666666666666
PREC:0.9893382352941177
REC:0.9063657797238127
TNR:0.06451612903225806
FPR:0.010661764705882353
FPDR:0.010661764705882353
F1:0.946036210230269
BACC:0
CLSFE:0.010661764705882353
MCC:-0.01012244394892462
GMEAN:0.24181648329897756
SAMPLES:2720
AUC:{}
AVGP:{}
