

GENERAL_METRICS
ACC:0.909
PREC:0.49654300378712374
REC:0.4833051325437112
TNR:0.4833051325437112
FPR:0.5034569962128762
FPDR:0.5034569962128762
F1:0.4833690895752209
BACC:0.0
CLSFE:0.091
MCC:-0.015193958479719598
GMEAN:0.20244788856427315
SAMPLES:3000.0
AUC:{'AUC macro OVO': 0.49654300378712374}
AVGP:{'avg_precision': 0.9221736011267275}


METRICS_PER_CLASSES
CLASS:0
ACC:0.909
PREC:0.008620689655172414
REC:0.044444444444444446
TNR:0.922165820642978
FPR:0.9913793103448276
FPDR:0.9913793103448276
F1:0.01444043321299639
BACC:0
CLSFE:0.9913793103448276
MCC:-0.015193958479719598
GMEAN:0.20244788856427315
SAMPLES:232
AUC:{}
AVGP:{}
CLASS:1
ACC:0.909
PREC:0.9844653179190751
REC:0.922165820642978
TNR:0.044444444444444446
FPR:0.015534682080924855
FPDR:0.015534682080924855
F1:0.9522977459374454
BACC:0
CLSFE:0.015534682080924855
MCC:-0.015193958479719598
GMEAN:0.20244788856427315
SAMPLES:2768
AUC:{}
AVGP:{}
