

GENERAL_METRICS
ACC:0.9106666666666666
PREC:0.4964939928922804
REC:0.48382443849165463
TNR:0.48382443849165463
FPR:0.5035060071077195
FPDR:0.5035060071077195
F1:0.4839590864278672
BACC:0.0
CLSFE:0.08933333333333333
MCC:-0.015061425380038148
GMEAN:0.20045281523435926
SAMPLES:3000.0
AUC:{'AUC macro OVO': 0.4964939928922804}
AVGP:{'avg_precision': 0.9241784842551748}


METRICS_PER_CLASSES
CLASS:0
ACC:0.9106666666666666
PREC:0.008849557522123894
REC:0.043478260869565216
TNR:0.9241706161137441
FPR:0.9911504424778761
FPDR:0.9911504424778761
F1:0.014705882352941176
BACC:0
CLSFE:0.9911504424778761
MCC:-0.015061425380038148
GMEAN:0.20045281523435926
SAMPLES:226
AUC:{}
AVGP:{}
CLASS:1
ACC:0.9106666666666666
PREC:0.9841384282624369
REC:0.9241706161137441
TNR:0.043478260869565216
FPR:0.015861571737563085
FPDR:0.015861571737563085
F1:0.9532122905027933
BACC:0
CLSFE:0.015861571737563085
MCC:-0.015061425380038148
GMEAN:0.20045281523435926
SAMPLES:2774
AUC:{}
AVGP:{}
