

GENERAL_METRICS
ACC:0.8831111111111111
PREC:0.5268834802808722
REC:0.5909909652333029
TNR:0.5909909652333029
FPR:0.4731165197191278
FPDR:0.4731165197191278
F1:0.5288985979608295
BACC:0.0
CLSFE:0.11688888888888889
MCC:0.09891721426702277
GMEAN:0.5033198341449826
SAMPLES:2250.0
AUC:{'AUC macro OVO': 0.5268834802808722}
AVGP:{'avg_precision': 0.9006137601212418}


METRICS_PER_CLASSES
CLASS:0
ACC:0.8831111111111111
PREC:0.07659574468085106
REC:0.28125
TNR:0.9007319304666057
FPR:0.9234042553191489
FPDR:0.9234042553191489
F1:0.12040133779264214
BACC:0
CLSFE:0.9234042553191489
MCC:0.09891721426702277
GMEAN:0.5033198341449826
SAMPLES:235
AUC:{}
AVGP:{}
CLASS:1
ACC:0.8831111111111111
PREC:0.9771712158808933
REC:0.9007319304666057
TNR:0.28125
FPR:0.0228287841191067
FPDR:0.0228287841191067
F1:0.9373958581290169
BACC:0
CLSFE:0.0228287841191067
MCC:0.09891721426702277
GMEAN:0.5033198341449826
SAMPLES:2015
AUC:{}
AVGP:{}
