

GENERAL_METRICS
ACC:0.8733333333333333
PREC:0.5197225158979376
REC:0.5725716898556404
TNR:0.5725716898556404
FPR:0.4802774841020624
FPDR:0.4802774841020624
F1:0.5164067266410308
BACC:0.0
CLSFE:0.12666666666666668
MCC:0.07566495376111894
GMEAN:0.47574172684860816
SAMPLES:2250.0
AUC:{'AUC macro OVO': 0.5197225158979376}
AVGP:{'avg_precision': 0.8910794300077062}


METRICS_PER_CLASSES
CLASS:0
ACC:0.8733333333333333
PREC:0.06299212598425197
REC:0.25396825396825395
TNR:0.8911751257430269
FPR:0.937007874015748
FPDR:0.937007874015748
F1:0.10094637223974763
BACC:0
CLSFE:0.937007874015748
MCC:0.07566495376111894
GMEAN:0.47574172684860816
SAMPLES:254
AUC:{}
AVGP:{}
CLASS:1
ACC:0.8733333333333333
PREC:0.9764529058116233
REC:0.8911751257430269
TNR:0.25396825396825395
FPR:0.023547094188376753
FPDR:0.023547094188376753
F1:0.9318670810423141
BACC:0
CLSFE:0.023547094188376753
MCC:0.07566495376111894
GMEAN:0.47574172684860816
SAMPLES:1996
AUC:{}
AVGP:{}
