

GENERAL_METRICS
ACC:0.8751111111111111
PREC:0.5283867823012213
REC:0.5773107731077312
TNR:0.5773107731077312
FPR:0.47161321769877873
FPDR:0.47161321769877873
F1:0.5313788985977315
BACC:0.0
CLSFE:0.12488888888888888
MCC:0.0936932032913439
GMEAN:0.4796976142300595
SAMPLES:2250.0
AUC:{'AUC macro OVO': 0.5283867823012213}
AVGP:{'avg_precision': 0.8983528847533373}


METRICS_PER_CLASSES
CLASS:0
ACC:0.8751111111111111
PREC:0.08713692946058091
REC:0.25609756097560976
TNR:0.8985239852398524
FPR:0.9128630705394191
FPDR:0.9128630705394191
F1:0.13003095975232198
BACC:0
CLSFE:0.9128630705394191
MCC:0.0936932032913439
GMEAN:0.4796976142300595
SAMPLES:241
AUC:{}
AVGP:{}
CLASS:1
ACC:0.8751111111111111
PREC:0.9696366351418616
REC:0.8985239852398524
TNR:0.25609756097560976
FPR:0.030363364858138377
FPDR:0.030363364858138377
F1:0.932726837443141
BACC:0
CLSFE:0.030363364858138377
MCC:0.0936932032913439
GMEAN:0.4796976142300595
SAMPLES:2009
AUC:{}
AVGP:{}
