

GENERAL_METRICS
ACC:0.8875555555555555
PREC:0.5311736874236874
REC:0.6176470588235294
TNR:0.6176470588235294
FPR:0.4688263125763126
FPDR:0.4688263125763126
F1:0.5352374514111882
BACC:0.0
CLSFE:0.11244444444444444
MCC:0.12111965386477742
GMEAN:0.5483188805533162
SAMPLES:2250.0
AUC:{'AUC macro OVO': 0.5311736874236874}
AVGP:{'avg_precision': 0.901848428260193}


METRICS_PER_CLASSES
CLASS:0
ACC:0.8875555555555555
PREC:0.0811965811965812
REC:0.3333333333333333
TNR:0.9019607843137255
FPR:0.9188034188034188
FPDR:0.9188034188034188
F1:0.13058419243986255
BACC:0
CLSFE:0.9188034188034188
MCC:0.12111965386477742
GMEAN:0.5483188805533162
SAMPLES:234
AUC:{}
AVGP:{}
CLASS:1
ACC:0.8875555555555555
PREC:0.9811507936507936
REC:0.9019607843137255
TNR:0.3333333333333333
FPR:0.018849206349206348
FPDR:0.018849206349206348
F1:0.9398907103825137
BACC:0
CLSFE:0.018849206349206348
MCC:0.12111965386477742
GMEAN:0.5483188805533162
SAMPLES:2016
AUC:{}
AVGP:{}
