

GENERAL_METRICS
ACC:0.8906666666666667
PREC:0.6984969053934571
REC:0.7316727706845269
TNR:0.7316727706845269
FPR:0.3015030946065429
FPDR:0.3015030946065429
F1:0.7131529850746269
BACC:0.0
CLSFE:0.10933333333333334
MCC:0.42888846123348484
GMEAN:0.7045338464218242
SAMPLES:2250.0
AUC:{'AUC macro OVO': 0.6984969053934571}
AVGP:{'avg_precision': 0.9267861985380449}


METRICS_PER_CLASSES
CLASS:0
ACC:0.8906666666666667
PREC:0.4482758620689655
REC:0.5342465753424658
TNR:0.9290989660265879
FPR:0.5517241379310345
FPDR:0.5517241379310345
F1:0.4875
BACC:0
CLSFE:0.5517241379310345
MCC:0.42888846123348484
GMEAN:0.7045338464218242
SAMPLES:261
AUC:{}
AVGP:{}
CLASS:1
ACC:0.8906666666666667
PREC:0.9487179487179487
REC:0.9290989660265879
TNR:0.5342465753424658
FPR:0.05128205128205128
FPDR:0.05128205128205128
F1:0.9388059701492537
BACC:0
CLSFE:0.05128205128205128
MCC:0.42888846123348484
GMEAN:0.7045338464218242
SAMPLES:1989
AUC:{}
AVGP:{}
