

GENERAL_METRICS
ACC:0.93975
PREC:0.4997341132677479
REC:0.47011005502751374
TNR:0.47011005502751374
FPR:0.500265886732252
FPDR:0.500265886732252
F1:0.48446964815053484
BACC:0.0
CLSFE:0.06025
MCC:-0.005638205315853006
GMEAN:0.0
SAMPLES:4000.0
AUC:{'AUC macro OVO': 0.4997341132677479}
AVGP:{'avg_precision': 0.940220125949707}


METRICS_PER_CLASSES
CLASS:0
ACC:0.93975
PREC:0.0
REC:0.0
TNR:0.9402201100550275
FPR:1.0
FPDR:1.0
F1:0.0
BACC:0
CLSFE:1.0
MCC:-0.005638205315853006
GMEAN:0
SAMPLES:239
AUC:{}
AVGP:{}
CLASS:1
ACC:0.93975
PREC:0.9994682265354958
REC:0.9402201100550275
TNR:0.0
FPR:0.0005317734645041213
FPDR:0.0005317734645041213
F1:0.9689392963010697
BACC:0
CLSFE:0.0005317734645041213
MCC:-0.005638205315853006
GMEAN:0
SAMPLES:3761
AUC:{}
AVGP:{}
