

GENERAL_METRICS
ACC:0.9305
PREC:0.4997314715359828
REC:0.46548274137068535
TNR:0.46548274137068535
FPR:0.5002685284640171
FPDR:0.5002685284640171
F1:0.481999481999482
BACC:0.0
CLSFE:0.0695
MCC:-0.006088962618316463
GMEAN:0.0
SAMPLES:4000.0
AUC:{'AUC macro OVO': 0.4997314715359828}
AVGP:{'avg_precision': 0.9309655012791036}


METRICS_PER_CLASSES
CLASS:0
ACC:0.9305
PREC:0.0
REC:0.0
TNR:0.9309654827413707
FPR:1.0
FPDR:1.0
F1:0.0
BACC:0
CLSFE:1.0
MCC:-0.006088962618316463
GMEAN:0
SAMPLES:276
AUC:{}
AVGP:{}
CLASS:1
ACC:0.9305
PREC:0.9994629430719656
REC:0.9309654827413707
TNR:0.0
FPR:0.0005370569280343716
FPDR:0.0005370569280343716
F1:0.963998963998964
BACC:0
CLSFE:0.0005370569280343716
MCC:-0.006088962618316463
GMEAN:0
SAMPLES:3724
AUC:{}
AVGP:{}
