

GENERAL_METRICS
ACC:0.93975
PREC:0.49986702127659577
REC:0.46999249812453114
TNR:0.46999249812453114
FPR:0.5001329787234042
FPDR:0.5001329787234042
F1:0.48446964815053484
BACC:0.0
CLSFE:0.06025
MCC:-0.0039951767379932755
GMEAN:0.0
SAMPLES:4000.0
AUC:{'AUC macro OVO': 0.49986702127659577}
AVGP:{'avg_precision': 0.9399850002394216}


METRICS_PER_CLASSES
CLASS:0
ACC:0.93975
PREC:0.0
REC:0.0
TNR:0.9399849962490623
FPR:1.0
FPDR:1.0
F1:0.0
BACC:0
CLSFE:1.0
MCC:-0.0039951767379932755
GMEAN:0
SAMPLES:240
AUC:{}
AVGP:{}
CLASS:1
ACC:0.93975
PREC:0.9997340425531915
REC:0.9399849962490623
TNR:0.0
FPR:0.00026595744680851064
FPDR:0.00026595744680851064
F1:0.9689392963010697
BACC:0
CLSFE:0.00026595744680851064
MCC:-0.0039951767379932755
GMEAN:0
SAMPLES:3760
AUC:{}
AVGP:{}
