

GENERAL_METRICS
ACC:0.8568
PREC:0.6325128390306531
REC:0.6291347356897091
TNR:0.6291347356897091
FPR:0.36748716096934686
FPDR:0.36748716096934686
F1:0.6307853257999789
BACC:0.0
CLSFE:0.1432
MCC:0.26162576664936016
GMEAN:0.5571735878018717
SAMPLES:2500.0
AUC:{'AUC macro OVO': 0.6325128390306531}
AVGP:{'avg_precision': 0.9189751943606406}


METRICS_PER_CLASSES
CLASS:0
ACC:0.8568
PREC:0.34701492537313433
REC:0.33695652173913043
TNR:0.9213129496402878
FPR:0.6529850746268657
FPDR:0.6529850746268657
F1:0.34191176470588236
BACC:0
CLSFE:0.6529850746268657
MCC:0.26162576664936016
GMEAN:0.5571735878018717
SAMPLES:268
AUC:{}
AVGP:{}
CLASS:1
ACC:0.8568
PREC:0.918010752688172
REC:0.9213129496402878
TNR:0.33695652173913043
FPR:0.08198924731182795
FPDR:0.08198924731182795
F1:0.9196588868940754
BACC:0
CLSFE:0.08198924731182795
MCC:0.26162576664936016
GMEAN:0.5571735878018717
SAMPLES:2232
AUC:{}
AVGP:{}
