

GENERAL_METRICS
ACC:0.8564
PREC:0.6224227532056713
REC:0.6140712303711855
TNR:0.6140712303711855
FPR:0.37757724679432864
FPDR:0.37757724679432864
F1:0.6179835062516627
BACC:0.0
CLSFE:0.1436
MCC:0.23634647518927734
GMEAN:0.5300542235279301
SAMPLES:2500.0
AUC:{'AUC macro OVO': 0.6224227532056714}
AVGP:{'avg_precision': 0.9220075073467491}


METRICS_PER_CLASSES
CLASS:0
ACC:0.8564
PREC:0.32936507936507936
REC:0.304029304029304
TNR:0.9241131567130669
FPR:0.6706349206349206
FPDR:0.6706349206349206
F1:0.3161904761904762
BACC:0
CLSFE:0.6706349206349206
MCC:0.23634647518927734
GMEAN:0.5300542235279301
SAMPLES:252
AUC:{}
AVGP:{}
CLASS:1
ACC:0.8564
PREC:0.9154804270462633
REC:0.9241131567130669
TNR:0.304029304029304
FPR:0.08451957295373666
FPDR:0.08451957295373666
F1:0.9197765363128492
BACC:0
CLSFE:0.08451957295373666
MCC:0.23634647518927734
GMEAN:0.5300542235279301
SAMPLES:2248
AUC:{}
AVGP:{}
