

GENERAL_METRICS
ACC:0.8616
PREC:0.6175722119646772
REC:0.6217698962929009
TNR:0.6217698962929009
FPR:0.38242778803532285
FPDR:0.38242778803532285
F1:0.619606994657787
BACC:0.0
CLSFE:0.1384
MCC:0.23930529503431974
GMEAN:0.5450537550952116
SAMPLES:2500.0
AUC:{'AUC macro OVO': 0.6175722119646772}
AVGP:{'avg_precision': 0.9191488277245482}


METRICS_PER_CLASSES
CLASS:0
ACC:0.8616
PREC:0.31007751937984496
REC:0.3225806451612903
TNR:0.9209591474245116
FPR:0.689922480620155
FPDR:0.689922480620155
F1:0.31620553359683795
BACC:0
CLSFE:0.689922480620155
MCC:0.23930529503431974
GMEAN:0.5450537550952116
SAMPLES:258
AUC:{}
AVGP:{}
CLASS:1
ACC:0.8616
PREC:0.9250669045495094
REC:0.9209591474245116
TNR:0.3225806451612903
FPR:0.07493309545049064
FPDR:0.07493309545049064
F1:0.9230084557187361
BACC:0
CLSFE:0.07493309545049064
MCC:0.23930529503431974
GMEAN:0.5450537550952116
SAMPLES:2242
AUC:{}
AVGP:{}
