

GENERAL_METRICS
ACC:0.8596
PREC:0.6329948617359955
REC:0.6299534960969939
TNR:0.6299534960969939
FPR:0.3670051382640045
FPDR:0.3670051382640045
F1:0.6314435944896722
BACC:0.0
CLSFE:0.1404
MCC:0.26293076842035007
GMEAN:0.5577108168725096
SAMPLES:2500.0
AUC:{'AUC macro OVO': 0.6329948617359955}
AVGP:{'avg_precision': 0.9206238568229792}


METRICS_PER_CLASSES
CLASS:0
ACC:0.8596
PREC:0.34600760456273766
REC:0.337037037037037
TNR:0.9228699551569507
FPR:0.6539923954372624
FPDR:0.6539923954372624
F1:0.34146341463414637
BACC:0
CLSFE:0.6539923954372624
MCC:0.26293076842035007
GMEAN:0.5577108168725096
SAMPLES:263
AUC:{}
AVGP:{}
CLASS:1
ACC:0.8596
PREC:0.9199821189092534
REC:0.9228699551569507
TNR:0.337037037037037
FPR:0.08001788109074653
FPDR:0.08001788109074653
F1:0.9214237743451981
BACC:0
CLSFE:0.08001788109074653
MCC:0.26293076842035007
GMEAN:0.5577108168725096
SAMPLES:2237
AUC:{}
AVGP:{}
