

GENERAL_METRICS
ACC:0.79
PREC:0.7990328385065227
REC:0.8166607121591045
TNR:0.8166607121591045
FPR:0.2009671614934773
FPDR:0.2009671614934773
F1:0.7882851093860268
BACC:0.0
CLSFE:0.21
MCC:0.6154411477970382
GMEAN:0.8093181277128954
SAMPLES:500.0
AUC:{'AUC macro OVO': 0.7990328385065227}
AVGP:{'avg_precision': 0.7911617933723196}


METRICS_PER_CLASSES
CLASS:0
ACC:0.79
PREC:0.9401709401709402
REC:0.707395498392283
TNR:0.9259259259259259
FPR:0.05982905982905983
FPDR:0.05982905982905983
F1:0.8073394495412844
BACC:0
CLSFE:0.05982905982905983
MCC:0.6154411477970382
GMEAN:0.8093181277128954
SAMPLES:234
AUC:{}
AVGP:{}
CLASS:1
ACC:0.79
PREC:0.6578947368421053
REC:0.9259259259259259
TNR:0.707395498392283
FPR:0.34210526315789475
FPDR:0.34210526315789475
F1:0.7692307692307693
BACC:0
CLSFE:0.34210526315789475
MCC:0.6154411477970382
GMEAN:0.8093181277128954
SAMPLES:266
AUC:{}
AVGP:{}
