

GENERAL_METRICS
ACC:0.804
PREC:0.809775641025641
REC:0.8324504678040726
TNR:0.8324504678040726
FPR:0.19022435897435896
FPDR:0.19022435897435896
F1:0.801510143236762
BACC:0.0
CLSFE:0.196
MCC:0.6418256983738836
GMEAN:0.8254453776880122
SAMPLES:500.0
AUC:{'AUC macro OVO': 0.809775641025641}
AVGP:{'avg_precision': 0.7996061872909699}


METRICS_PER_CLASSES
CLASS:0
ACC:0.804
PREC:0.9541666666666667
REC:0.7246835443037974
TNR:0.9402173913043478
FPR:0.04583333333333333
FPDR:0.04583333333333333
F1:0.8237410071942446
BACC:0
CLSFE:0.04583333333333333
MCC:0.6418256983738836
GMEAN:0.8254453776880122
SAMPLES:240
AUC:{}
AVGP:{}
CLASS:1
ACC:0.804
PREC:0.6653846153846154
REC:0.9402173913043478
TNR:0.7246835443037974
FPR:0.3346153846153846
FPDR:0.3346153846153846
F1:0.7792792792792793
BACC:0
CLSFE:0.3346153846153846
MCC:0.6418256983738836
GMEAN:0.8254453776880122
SAMPLES:260
AUC:{}
AVGP:{}
