

GENERAL_METRICS
ACC:0.796
PREC:0.789255999615255
REC:0.8244591897286508
TNR:0.8244591897286508
FPR:0.21074400038474486
FPDR:0.21074400038474486
F1:0.7885256505946161
BACC:0.0
CLSFE:0.204
MCC:0.6127047160233602
GMEAN:0.819990829101222
SAMPLES:500.0
AUC:{'AUC macro OVO': 0.789255999615255}
AVGP:{'avg_precision': 0.7528590183649437}


METRICS_PER_CLASSES
CLASS:0
ACC:0.796
PREC:0.9425287356321839
REC:0.7387387387387387
TNR:0.9101796407185628
FPR:0.05747126436781609
FPDR:0.05747126436781609
F1:0.8282828282828283
BACC:0
CLSFE:0.05747126436781609
MCC:0.6127047160233602
GMEAN:0.819990829101222
SAMPLES:261
AUC:{}
AVGP:{}
CLASS:1
ACC:0.796
PREC:0.6359832635983264
REC:0.9101796407185628
TNR:0.7387387387387387
FPR:0.36401673640167365
FPDR:0.36401673640167365
F1:0.7487684729064039
BACC:0
CLSFE:0.36401673640167365
MCC:0.6127047160233602
GMEAN:0.819990829101222
SAMPLES:239
AUC:{}
AVGP:{}
