

GENERAL_METRICS
ACC:0.808
PREC:0.8107242897158864
REC:0.8331188331188332
TNR:0.8331188331188332
FPR:0.18927571028411366
FPDR:0.18927571028411366
F1:0.8051948051948052
BACC:0.0
CLSFE:0.192
MCC:0.64345353464515
GMEAN:0.8274982324774627
SAMPLES:500.0
AUC:{'AUC macro OVO': 0.8107242897158864}
AVGP:{'avg_precision': 0.7931118177000531}


METRICS_PER_CLASSES
CLASS:0
ACC:0.808
PREC:0.9469387755102041
REC:0.7365079365079366
TNR:0.9297297297297298
FPR:0.053061224489795916
FPDR:0.053061224489795916
F1:0.8285714285714286
BACC:0
CLSFE:0.053061224489795916
MCC:0.64345353464515
GMEAN:0.8274982324774627
SAMPLES:245
AUC:{}
AVGP:{}
CLASS:1
ACC:0.808
PREC:0.6745098039215687
REC:0.9297297297297298
TNR:0.7365079365079366
FPR:0.3254901960784314
FPDR:0.3254901960784314
F1:0.7818181818181819
BACC:0
CLSFE:0.3254901960784314
MCC:0.64345353464515
GMEAN:0.8274982324774627
SAMPLES:255
AUC:{}
AVGP:{}
