

GENERAL_METRICS
ACC:0.9016
PREC:0.531508553775309
REC:0.6208960773377952
TNR:0.6208960773377952
FPR:0.46849144622469097
FPDR:0.46849144622469097
F1:0.5377594184337035
BACC:0.0
CLSFE:0.0984
MCC:0.12343841466937013
GMEAN:0.5470806770029699
SAMPLES:2500.0
AUC:{'AUC macro OVO': 0.531508553775309}
AVGP:{'avg_precision': 0.9144328375155308}


METRICS_PER_CLASSES
CLASS:0
ACC:0.9016
PREC:0.07929515418502203
REC:0.32727272727272727
TNR:0.914519427402863
FPR:0.920704845814978
FPDR:0.920704845814978
F1:0.1276595744680851
BACC:0
CLSFE:0.920704845814978
MCC:0.12343841466937013
GMEAN:0.5470806770029699
SAMPLES:227
AUC:{}
AVGP:{}
CLASS:1
ACC:0.9016
PREC:0.9837219533655961
REC:0.914519427402863
TNR:0.32727272727272727
FPR:0.01627804663440387
FPDR:0.01627804663440387
F1:0.9478592623993217
BACC:0
CLSFE:0.01627804663440387
MCC:0.12343841466937013
GMEAN:0.5470806770029699
SAMPLES:2273
AUC:{}
AVGP:{}
