

GENERAL_METRICS
ACC:0.8964
PREC:0.546025830698144
REC:0.682316222165131
TNR:0.682316222165131
FPR:0.45397416930185597
FPDR:0.45397416930185597
F1:0.5586323670051961
BACC:0.0
CLSFE:0.1036
MCC:0.18320759345504797
GMEAN:0.6442594460220179
SAMPLES:2500.0
AUC:{'AUC macro OVO': 0.546025830698144}
AVGP:{'avg_precision': 0.906882720867869}


METRICS_PER_CLASSES
CLASS:0
ACC:0.8964
PREC:0.1062992125984252
REC:0.4576271186440678
TNR:0.9070053256861942
FPR:0.8937007874015748
FPDR:0.8937007874015748
F1:0.17252396166134185
BACC:0
CLSFE:0.8937007874015748
MCC:0.18320759345504797
GMEAN:0.6442594460220179
SAMPLES:254
AUC:{}
AVGP:{}
CLASS:1
ACC:0.8964
PREC:0.9857524487978628
REC:0.9070053256861942
TNR:0.4576271186440678
FPR:0.014247551202137132
FPDR:0.014247551202137132
F1:0.9447407723490505
BACC:0
CLSFE:0.014247551202137132
MCC:0.18320759345504797
GMEAN:0.6442594460220179
SAMPLES:2246
AUC:{}
AVGP:{}
