

GENERAL_METRICS
ACC:0.8892
PREC:0.5294474546360538
REC:0.6646061593129997
TNR:0.6646061593129997
FPR:0.4705525453639462
FPDR:0.4705525453639462
F1:0.5307550270197015
BACC:0.0
CLSFE:0.1108
MCC:0.13924413681278788
GMEAN:0.6225038992091925
SAMPLES:2500.0
AUC:{'AUC macro OVO': 0.5294474546360538}
AVGP:{'avg_precision': 0.8973291509755181}


METRICS_PER_CLASSES
CLASS:0
ACC:0.8892
PREC:0.07011070110701106
REC:0.4318181818181818
TNR:0.8973941368078175
FPR:0.9298892988929889
FPDR:0.9298892988929889
F1:0.12063492063492064
BACC:0
CLSFE:0.9298892988929889
MCC:0.13924413681278788
GMEAN:0.6225038992091925
SAMPLES:271
AUC:{}
AVGP:{}
CLASS:1
ACC:0.8892
PREC:0.9887842081650965
REC:0.8973941368078175
TNR:0.4318181818181818
FPR:0.011215791834903545
FPDR:0.011215791834903545
F1:0.9408751334044824
BACC:0
CLSFE:0.011215791834903545
MCC:0.13924413681278788
GMEAN:0.6225038992091925
SAMPLES:2229
AUC:{}
AVGP:{}
