

GENERAL_METRICS
ACC:0.9008
PREC:0.5296123555129664
REC:0.6401615818007866
TNR:0.6401615818007866
FPR:0.4703876444870336
FPDR:0.4703876444870336
F1:0.5340013649250344
BACC:0.0
CLSFE:0.0992
MCC:0.12884897499855583
GMEAN:0.5801589940542643
SAMPLES:2500.0
AUC:{'AUC macro OVO': 0.5296123555129664}
AVGP:{'avg_precision': 0.9106918771112857}


METRICS_PER_CLASSES
CLASS:0
ACC:0.9008
PREC:0.07203389830508475
REC:0.3695652173913043
TNR:0.910757946210269
FPR:0.9279661016949152
FPDR:0.9279661016949152
F1:0.12056737588652482
BACC:0
CLSFE:0.9279661016949152
MCC:0.12884897499855583
GMEAN:0.5801589940542643
SAMPLES:236
AUC:{}
AVGP:{}
CLASS:1
ACC:0.9008
PREC:0.9871908127208481
REC:0.910757946210269
TNR:0.3695652173913043
FPR:0.012809187279151944
FPDR:0.012809187279151944
F1:0.9474353539635438
BACC:0
CLSFE:0.012809187279151944
MCC:0.12884897499855583
GMEAN:0.5801589940542643
SAMPLES:2264
AUC:{}
AVGP:{}
