

GENERAL_METRICS
ACC:0.822
PREC:0.5777966699817138
REC:0.6077777777777778
TNR:0.6077777777777778
FPR:0.4222033300182862
FPDR:0.4222033300182862
F1:0.5874702190579488
BACC:0.0
CLSFE:0.178
MCC:0.18313658519411422
GMEAN:0.54560873241627
SAMPLES:2000.0
AUC:{'AUC macro OVO': 0.5777966699817139}
AVGP:{'avg_precision': 0.8738896695290137}


METRICS_PER_CLASSES
CLASS:0
ACC:0.822
PREC:0.2328767123287671
REC:0.34
TNR:0.8755555555555555
FPR:0.7671232876712328
FPDR:0.7671232876712328
F1:0.2764227642276423
BACC:0
CLSFE:0.7671232876712328
MCC:0.18313658519411422
GMEAN:0.54560873241627
SAMPLES:292
AUC:{}
AVGP:{}
CLASS:1
ACC:0.822
PREC:0.9227166276346604
REC:0.8755555555555555
TNR:0.34
FPR:0.07728337236533958
FPDR:0.07728337236533958
F1:0.8985176738882554
BACC:0
CLSFE:0.07728337236533958
MCC:0.18313658519411422
GMEAN:0.54560873241627
SAMPLES:1708
AUC:{}
AVGP:{}
