

GENERAL_METRICS
ACC:0.8275
PREC:0.5905660891358833
REC:0.5976265114196149
TNR:0.5976265114196149
FPR:0.4094339108641168
FPDR:0.4094339108641168
F1:0.593809659206304
BACC:0.0
CLSFE:0.1725
MCC:0.18806011097789088
GMEAN:0.5174950863079654
SAMPLES:2000.0
AUC:{'AUC macro OVO': 0.5905660891358833}
AVGP:{'avg_precision': 0.8944616902075279}


METRICS_PER_CLASSES
CLASS:0
ACC:0.8275
PREC:0.27380952380952384
REC:0.2987012987012987
TNR:0.896551724137931
FPR:0.7261904761904762
FPDR:0.7261904761904762
F1:0.2857142857142857
BACC:0
CLSFE:0.7261904761904762
MCC:0.18806011097789088
GMEAN:0.5174950863079654
SAMPLES:252
AUC:{}
AVGP:{}
CLASS:1
ACC:0.8275
PREC:0.9073226544622426
REC:0.896551724137931
TNR:0.2987012987012987
FPR:0.09267734553775744
FPDR:0.09267734553775744
F1:0.9019050326983225
BACC:0
CLSFE:0.09267734553775744
MCC:0.18806011097789088
GMEAN:0.5174950863079654
SAMPLES:1748
AUC:{}
AVGP:{}
