

GENERAL_METRICS
ACC:0.8265
PREC:0.5629021879021879
REC:0.5631487037910925
TNR:0.5631487037910925
FPR:0.4370978120978121
FPDR:0.4370978120978121
F1:0.5630248502856394
BACC:0.0
CLSFE:0.1735
MCC:0.1260506506392871
GMEAN:0.4497338926554319
SAMPLES:2000.0
AUC:{'AUC macro OVO': 0.5629021879021878}
AVGP:{'avg_precision': 0.900710418916384}


METRICS_PER_CLASSES
CLASS:0
ACC:0.8265
PREC:0.22321428571428573
REC:0.2242152466367713
TNR:0.9020821609454136
FPR:0.7767857142857143
FPDR:0.7767857142857143
F1:0.22371364653243847
BACC:0
CLSFE:0.7767857142857143
MCC:0.1260506506392871
GMEAN:0.4497338926554319
SAMPLES:224
AUC:{}
AVGP:{}
CLASS:1
ACC:0.8265
PREC:0.9025900900900901
REC:0.9020821609454136
TNR:0.2242152466367713
FPR:0.09740990990990991
FPDR:0.09740990990990991
F1:0.9023360540388404
BACC:0
CLSFE:0.09740990990990991
MCC:0.1260506506392871
GMEAN:0.4497338926554319
SAMPLES:1776
AUC:{}
AVGP:{}
