

GENERAL_METRICS
ACC:0.823
PREC:0.5674278435533755
REC:0.57765617875057
TNR:0.57765617875057
FPR:0.43257215644662445
FPDR:0.43257215644662445
F1:0.5716816215117461
BACC:0.0
CLSFE:0.177
MCC:0.14472302749384974
GMEAN:0.48580394394881593
SAMPLES:2000.0
AUC:{'AUC macro OVO': 0.5674278435533755}
AVGP:{'avg_precision': 0.8886860724827996}


METRICS_PER_CLASSES
CLASS:0
ACC:0.823
PREC:0.22529644268774704
REC:0.2651162790697674
TNR:0.8901960784313725
FPR:0.7747035573122529
FPDR:0.7747035573122529
F1:0.24358974358974358
BACC:0
CLSFE:0.7747035573122529
MCC:0.14472302749384974
GMEAN:0.48580394394881593
SAMPLES:253
AUC:{}
AVGP:{}
CLASS:1
ACC:0.823
PREC:0.909559244419004
REC:0.8901960784313725
TNR:0.2651162790697674
FPR:0.090440755580996
FPDR:0.090440755580996
F1:0.8997734994337486
BACC:0
CLSFE:0.090440755580996
MCC:0.14472302749384974
GMEAN:0.48580394394881593
SAMPLES:1747
AUC:{}
AVGP:{}
