

GENERAL_METRICS
ACC:0.84
PREC:0.7677440349592646
REC:0.7577622377622377
TNR:0.7577622377622377
FPR:0.23225596504073545
FPDR:0.23225596504073545
F1:0.7625163388758853
BACC:0.0
CLSFE:0.16
MCC:0.525411463896976
GMEAN:0.7433961004994325
SAMPLES:1250.0
AUC:{'AUC macro OVO': 0.7677440349592646}
AVGP:{'avg_precision': 0.8923449638329315}


METRICS_PER_CLASSES
CLASS:0
ACC:0.84
PREC:0.6436781609195402
REC:0.610909090909091
TNR:0.9046153846153846
FPR:0.3563218390804598
FPDR:0.3563218390804598
F1:0.6268656716417911
BACC:0
CLSFE:0.3563218390804598
MCC:0.525411463896976
GMEAN:0.7433961004994325
SAMPLES:261
AUC:{}
AVGP:{}
CLASS:1
ACC:0.84
PREC:0.8918099089989889
REC:0.9046153846153846
TNR:0.610909090909091
FPR:0.10819009100101112
FPDR:0.10819009100101112
F1:0.8981670061099797
BACC:0
CLSFE:0.10819009100101112
MCC:0.525411463896976
GMEAN:0.7433961004994325
SAMPLES:989
AUC:{}
AVGP:{}
