

GENERAL_METRICS
ACC:0.8456
PREC:0.749967672540468
REC:0.7648553492543262
TNR:0.7648553492543262
FPR:0.2500323274595319
FPDR:0.2500323274595319
F1:0.7569208292400312
BACC:0.0
CLSFE:0.1544
MCC:0.514607715499862
GMEAN:0.7536571743262707
SAMPLES:1250.0
AUC:{'AUC macro OVO': 0.7499676725404681}
AVGP:{'avg_precision': 0.8864205103710161}


METRICS_PER_CLASSES
CLASS:0
ACC:0.8456
PREC:0.5875486381322957
REC:0.634453781512605
TNR:0.8952569169960475
FPR:0.41245136186770426
FPDR:0.41245136186770426
F1:0.6101010101010101
BACC:0
CLSFE:0.41245136186770426
MCC:0.514607715499862
GMEAN:0.7536571743262707
SAMPLES:257
AUC:{}
AVGP:{}
CLASS:1
ACC:0.8456
PREC:0.9123867069486404
REC:0.8952569169960475
TNR:0.634453781512605
FPR:0.08761329305135952
FPDR:0.08761329305135952
F1:0.9037406483790523
BACC:0
CLSFE:0.08761329305135952
MCC:0.514607715499862
GMEAN:0.7536571743262707
SAMPLES:993
AUC:{}
AVGP:{}
