

GENERAL_METRICS
ACC:0.8624
PREC:0.7916083414091382
REC:0.7848824750943822
TNR:0.7848824750943822
FPR:0.20839165859086178
FPDR:0.20839165859086178
F1:0.7881564686175978
BACC:0.0
CLSFE:0.1376
MCC:0.5764515801307268
GMEAN:0.7736394092542308
SAMPLES:1250.0
AUC:{'AUC macro OVO': 0.7916083414091383}
AVGP:{'avg_precision': 0.9066196852755883}


METRICS_PER_CLASSES
CLASS:0
ACC:0.8624
PREC:0.6733067729083665
REC:0.6525096525096525
TNR:0.917255297679112
FPR:0.32669322709163345
FPDR:0.32669322709163345
F1:0.6627450980392157
BACC:0
CLSFE:0.32669322709163345
MCC:0.5764515801307268
GMEAN:0.7736394092542308
SAMPLES:251
AUC:{}
AVGP:{}
CLASS:1
ACC:0.8624
PREC:0.9099099099099099
REC:0.917255297679112
TNR:0.6525096525096525
FPR:0.09009009009009009
FPDR:0.09009009009009009
F1:0.91356783919598
BACC:0
CLSFE:0.09009009009009009
MCC:0.5764515801307268
GMEAN:0.7736394092542308
SAMPLES:999
AUC:{}
AVGP:{}
