

GENERAL_METRICS
ACC:0.832
PREC:0.7365620875215757
REC:0.7336920108004445
TNR:0.7336920108004445
FPR:0.2634379124784242
FPDR:0.2634379124784242
F1:0.7351064216258107
BACC:0.0
CLSFE:0.168
MCC:0.4702453398474792
GMEAN:0.7152627831435427
SAMPLES:1250.0
AUC:{'AUC macro OVO': 0.7365620875215758}
AVGP:{'avg_precision': 0.8871904493516434}


METRICS_PER_CLASSES
CLASS:0
ACC:0.832
PREC:0.5795918367346938
REC:0.570281124497992
TNR:0.8971028971028971
FPR:0.4204081632653061
FPDR:0.4204081632653061
F1:0.5748987854251012
BACC:0
CLSFE:0.4204081632653061
MCC:0.4702453398474792
GMEAN:0.7152627831435427
SAMPLES:245
AUC:{}
AVGP:{}
CLASS:1
ACC:0.832
PREC:0.8935323383084577
REC:0.8971028971028971
TNR:0.570281124497992
FPR:0.10646766169154229
FPDR:0.10646766169154229
F1:0.8953140578265204
BACC:0
CLSFE:0.10646766169154229
MCC:0.4702453398474792
GMEAN:0.7152627831435427
SAMPLES:1005
AUC:{}
AVGP:{}
