

GENERAL_METRICS
ACC:0.8465
PREC:0.6169224043099315
REC:0.6285644502224026
TNR:0.6285644502224026
FPR:0.38307759569006855
FPDR:0.38307759569006855
F1:0.6222280057022652
BACC:0.0
CLSFE:0.1535
MCC:0.2452106411132095
GMEAN:0.5635809017160842
SAMPLES:2000.0
AUC:{'AUC macro OVO': 0.6169224043099315}
AVGP:{'avg_precision': 0.9046608938419162}


METRICS_PER_CLASSES
CLASS:0
ACC:0.8465
PREC:0.3140495867768595
REC:0.35023041474654376
TNR:0.9068984856982614
FPR:0.6859504132231405
FPDR:0.6859504132231405
F1:0.3311546840958606
BACC:0
CLSFE:0.6859504132231405
MCC:0.2452106411132095
GMEAN:0.5635809017160842
SAMPLES:242
AUC:{}
AVGP:{}
CLASS:1
ACC:0.8465
PREC:0.9197952218430034
REC:0.9068984856982614
TNR:0.35023041474654376
FPR:0.08020477815699659
FPDR:0.08020477815699659
F1:0.9133013273086699
BACC:0
CLSFE:0.08020477815699659
MCC:0.2452106411132095
GMEAN:0.5635809017160842
SAMPLES:1758
AUC:{}
AVGP:{}
