

GENERAL_METRICS
ACC:0.832
PREC:0.5921517199636841
REC:0.6196777151840692
TNR:0.6196777151840692
FPR:0.4078482800363159
FPDR:0.4078482800363159
F1:0.6022727272727273
BACC:0.0
CLSFE:0.168
MCC:0.210033400158507
GMEAN:0.5593318242429086
SAMPLES:2000.0
AUC:{'AUC macro OVO': 0.5921517199636841}
AVGP:{'avg_precision': 0.8845449490747679}


METRICS_PER_CLASSES
CLASS:0
ACC:0.832
PREC:0.2608695652173913
REC:0.35294117647058826
TNR:0.8864142538975501
FPR:0.7391304347826086
FPDR:0.7391304347826086
F1:0.3
BACC:0
CLSFE:0.7391304347826086
MCC:0.210033400158507
GMEAN:0.5593318242429086
SAMPLES:276
AUC:{}
AVGP:{}
CLASS:1
ACC:0.832
PREC:0.9234338747099768
REC:0.8864142538975501
TNR:0.35294117647058826
FPR:0.0765661252900232
FPDR:0.0765661252900232
F1:0.9045454545454545
BACC:0
CLSFE:0.0765661252900232
MCC:0.210033400158507
GMEAN:0.5593318242429086
SAMPLES:1724
AUC:{}
AVGP:{}
