

GENERAL_METRICS
ACC:0.8728888888888889
PREC:0.6636943969992964
REC:0.67476662957139
TNR:0.67476662957139
FPR:0.33630560300070356
FPDR:0.33630560300070356
F1:0.668937884824339
BACC:0.0
CLSFE:0.12711111111111112
MCC:0.33827987255104663
GMEAN:0.6267958404728305
SAMPLES:2250.0
AUC:{'AUC macro OVO': 0.6636943969992966}
AVGP:{'avg_precision': 0.9222142026778277}


METRICS_PER_CLASSES
CLASS:0
ACC:0.8728888888888889
PREC:0.3944223107569721
REC:0.4248927038626609
TNR:0.924640555280119
FPR:0.6055776892430279
FPDR:0.6055776892430279
F1:0.4090909090909091
BACC:0
CLSFE:0.6055776892430279
MCC:0.33827987255104663
GMEAN:0.6267958404728305
SAMPLES:251
AUC:{}
AVGP:{}
CLASS:1
ACC:0.8728888888888889
PREC:0.9329664832416208
REC:0.924640555280119
TNR:0.4248927038626609
FPR:0.0670335167583792
FPDR:0.0670335167583792
F1:0.9287848605577689
BACC:0
CLSFE:0.0670335167583792
MCC:0.33827987255104663
GMEAN:0.6267958404728305
SAMPLES:1999
AUC:{}
AVGP:{}
