

GENERAL_METRICS
ACC:0.8671111111111112
PREC:0.6702491522924959
REC:0.6696691637412236
TNR:0.6696691637412236
FPR:0.32975084770750407
FPDR:0.32975084770750407
F1:0.6699583345393569
BACC:0.0
CLSFE:0.1328888888888889
MCC:0.3399178212281317
GMEAN:0.6189685148026116
SAMPLES:2250.0
AUC:{'AUC macro OVO': 0.6702491522924958}
AVGP:{'avg_precision': 0.9223728830602081}


METRICS_PER_CLASSES
CLASS:0
ACC:0.8671111111111112
PREC:0.41568627450980394
REC:0.4140625
TNR:0.9252758274824473
FPR:0.5843137254901961
FPDR:0.5843137254901961
F1:0.41487279843444225
BACC:0
CLSFE:0.5843137254901961
MCC:0.3399178212281317
GMEAN:0.6189685148026116
SAMPLES:255
AUC:{}
AVGP:{}
CLASS:1
ACC:0.8671111111111112
PREC:0.924812030075188
REC:0.9252758274824473
TNR:0.4140625
FPR:0.07518796992481203
FPDR:0.07518796992481203
F1:0.9250438706442717
BACC:0
CLSFE:0.07518796992481203
MCC:0.3399178212281317
GMEAN:0.6189685148026116
SAMPLES:1995
AUC:{}
AVGP:{}
