

GENERAL_METRICS
ACC:0.8706666666666667
PREC:0.6755344047433297
REC:0.68225
TNR:0.68225
FPR:0.3244655952566703
FPDR:0.3244655952566703
F1:0.6787888807724176
BACC:0.0
CLSFE:0.12933333333333333
MCC:0.3577213734988271
GMEAN:0.637793069890227
SAMPLES:2250.0
AUC:{'AUC macro OVO': 0.6755344047433297}
AVGP:{'avg_precision': 0.9216493212669683}


METRICS_PER_CLASSES
CLASS:0
ACC:0.8706666666666667
PREC:0.421455938697318
REC:0.44
TNR:0.9245
FPR:0.578544061302682
FPDR:0.578544061302682
F1:0.43052837573385516
BACC:0
CLSFE:0.578544061302682
MCC:0.3577213734988271
GMEAN:0.637793069890227
SAMPLES:261
AUC:{}
AVGP:{}
CLASS:1
ACC:0.8706666666666667
PREC:0.9296128707893414
REC:0.9245
TNR:0.44
FPR:0.07038712921065862
FPDR:0.07038712921065862
F1:0.9270493858109802
BACC:0
CLSFE:0.07038712921065862
MCC:0.3577213734988271
GMEAN:0.637793069890227
SAMPLES:1989
AUC:{}
AVGP:{}
