

GENERAL_METRICS
ACC:0.8751111111111111
PREC:0.6868031267360064
REC:0.675885077106319
TNR:0.675885077106319
FPR:0.31319687326399365
FPDR:0.31319687326399365
F1:0.6810804675973215
BACC:0.0
CLSFE:0.12488888888888888
MCC:0.36252383286986223
GMEAN:0.6247397903663581
SAMPLES:2250.0
AUC:{'AUC macro OVO': 0.6868031267360064}
AVGP:{'avg_precision': 0.9308359540193041}


METRICS_PER_CLASSES
CLASS:0
ACC:0.8751111111111111
PREC:0.4476987447698745
REC:0.41796875
TNR:0.9338014042126379
FPR:0.5523012552301255
FPDR:0.5523012552301255
F1:0.43232323232323233
BACC:0
CLSFE:0.5523012552301255
MCC:0.36252383286986223
GMEAN:0.6247397903663581
SAMPLES:239
AUC:{}
AVGP:{}
CLASS:1
ACC:0.8751111111111111
PREC:0.9259075087021382
REC:0.9338014042126379
TNR:0.41796875
FPR:0.07409249129786176
FPDR:0.07409249129786176
F1:0.9298377028714108
BACC:0
CLSFE:0.07409249129786176
MCC:0.36252383286986223
GMEAN:0.6247397903663581
SAMPLES:2011
AUC:{}
AVGP:{}
