

GENERAL_METRICS
ACC:0.88325
PREC:0.5600061703002879
REC:0.551775771423501
TNR:0.551775771423501
FPR:0.43999382969971207
FPDR:0.43999382969971207
F1:0.5553201492581726
BACC:0.0
CLSFE:0.11675
MCC:0.11147853169946904
GMEAN:0.38920639916883965
SAMPLES:4000.0
AUC:{'AUC macro OVO': 0.560006170300288}
AVGP:{'avg_precision': 0.9423553436136418}


METRICS_PER_CLASSES
CLASS:0
ACC:0.88325
PREC:0.18846153846153846
REC:0.16065573770491803
TNR:0.9428958051420839
FPR:0.8115384615384615
FPDR:0.8115384615384615
F1:0.17345132743362832
BACC:0
CLSFE:0.8115384615384615
MCC:0.11147853169946904
GMEAN:0.38920639916883965
SAMPLES:260
AUC:{}
AVGP:{}
CLASS:1
ACC:0.88325
PREC:0.9315508021390374
REC:0.9428958051420839
TNR:0.16065573770491803
FPR:0.06844919786096257
FPDR:0.06844919786096257
F1:0.9371889710827169
BACC:0
CLSFE:0.06844919786096257
MCC:0.11147853169946904
GMEAN:0.38920639916883965
SAMPLES:3740
AUC:{}
AVGP:{}
