

GENERAL_METRICS
ACC:0.868
PREC:0.5670495068445925
REC:0.5492678298316606
TNR:0.5492678298316606
FPR:0.43295049315540746
FPDR:0.43295049315540746
F1:0.5554324387814471
BACC:0.0
CLSFE:0.132
MCC:0.11495014038297026
GMEAN:0.38396293950206767
SAMPLES:4000.0
AUC:{'AUC macro OVO': 0.5670495068445925}
AVGP:{'avg_precision': 0.9412454390126277}


METRICS_PER_CLASSES
CLASS:0
ACC:0.868
PREC:0.21933085501858737
REC:0.15649867374005305
TNR:0.942036985923268
FPR:0.7806691449814126
FPDR:0.7806691449814126
F1:0.1826625386996904
BACC:0
CLSFE:0.7806691449814126
MCC:0.11495014038297026
GMEAN:0.38396293950206767
SAMPLES:269
AUC:{}
AVGP:{}
CLASS:1
ACC:0.868
PREC:0.9147681586705977
REC:0.942036985923268
TNR:0.15649867374005305
FPR:0.0852318413294023
FPDR:0.0852318413294023
F1:0.9282023388632037
BACC:0
CLSFE:0.0852318413294023
MCC:0.11495014038297026
GMEAN:0.38396293950206767
SAMPLES:3731
AUC:{}
AVGP:{}
