

GENERAL_METRICS
ACC:0.859
PREC:0.6872004523922093
REC:0.6773864844209805
TNR:0.6773864844209805
FPR:0.3127995476077908
FPDR:0.3127995476077908
F1:0.6820629380090375
BACC:0.0
CLSFE:0.141
MCC:0.3644548264565644
GMEAN:0.6311044005096338
SAMPLES:2000.0
AUC:{'AUC macro OVO': 0.6872004523922093}
AVGP:{'avg_precision': 0.9195272466156593}


METRICS_PER_CLASSES
CLASS:0
ACC:0.859
PREC:0.45934959349593496
REC:0.4312977099236641
TNR:0.9234752589182968
FPR:0.540650406504065
FPDR:0.540650406504065
F1:0.4448818897637795
BACC:0
CLSFE:0.540650406504065
MCC:0.3644548264565644
GMEAN:0.6311044005096338
SAMPLES:246
AUC:{}
AVGP:{}
CLASS:1
ACC:0.859
PREC:0.9150513112884835
REC:0.9234752589182968
TNR:0.4312977099236641
FPR:0.08494868871151653
FPDR:0.08494868871151653
F1:0.9192439862542955
BACC:0
CLSFE:0.08494868871151653
MCC:0.3644548264565644
GMEAN:0.6311044005096338
SAMPLES:1754
AUC:{}
AVGP:{}
