

GENERAL_METRICS
ACC:0.867
PREC:0.6759429353136603
REC:0.6616024182025747
TNR:0.6616024182025747
FPR:0.32405706468633966
FPDR:0.32405706468633966
F1:0.6682663048358293
BACC:0.0
CLSFE:0.133
MCC:0.3372405895638702
GMEAN:0.6043596146998749
SAMPLES:2000.0
AUC:{'AUC macro OVO': 0.6759429353136603}
AVGP:{'avg_precision': 0.9277100435182581}


METRICS_PER_CLASSES
CLASS:0
ACC:0.867
PREC:0.4325581395348837
REC:0.3924050632911392
TNR:0.9307997731140102
FPR:0.5674418604651162
FPDR:0.5674418604651162
F1:0.41150442477876104
BACC:0
CLSFE:0.5674418604651162
MCC:0.3372405895638702
GMEAN:0.6043596146998749
SAMPLES:215
AUC:{}
AVGP:{}
CLASS:1
ACC:0.867
PREC:0.9193277310924369
REC:0.9307997731140102
TNR:0.3924050632911392
FPR:0.08067226890756303
FPDR:0.08067226890756303
F1:0.9250281848928974
BACC:0
CLSFE:0.08067226890756303
MCC:0.3372405895638702
GMEAN:0.6043596146998749
SAMPLES:1785
AUC:{}
AVGP:{}
