

GENERAL_METRICS
ACC:0.88
PREC:0.7155185805271242
REC:0.706184436177666
TNR:0.706184436177666
FPR:0.2844814194728757
FPDR:0.2844814194728757
F1:0.7106865167862094
BACC:0.0
CLSFE:0.12
MCC:0.42159970119437246
GMEAN:0.6680214846368081
SAMPLES:2000.0
AUC:{'AUC macro OVO': 0.7155185805271242}
AVGP:{'avg_precision': 0.9316551602487041}


METRICS_PER_CLASSES
CLASS:0
ACC:0.88
PREC:0.5021834061135371
REC:0.47717842323651455
TNR:0.9351904491188175
FPR:0.4978165938864629
FPDR:0.4978165938864629
F1:0.48936170212765956
BACC:0
CLSFE:0.4978165938864629
MCC:0.42159970119437246
GMEAN:0.6680214846368081
SAMPLES:229
AUC:{}
AVGP:{}
CLASS:1
ACC:0.88
PREC:0.9288537549407114
REC:0.9351904491188175
TNR:0.47717842323651455
FPR:0.07114624505928854
FPDR:0.07114624505928854
F1:0.9320113314447592
BACC:0
CLSFE:0.07114624505928854
MCC:0.42159970119437246
GMEAN:0.6680214846368081
SAMPLES:1771
AUC:{}
AVGP:{}
