

GENERAL_METRICS
ACC:0.8815
PREC:0.6901779337877362
REC:0.6988149508252078
TNR:0.6988149508252078
FPR:0.3098220662122638
FPDR:0.3098220662122638
F1:0.694346375199497
BACC:0.0
CLSFE:0.1185
MCC:0.38889698663809885
GMEAN:0.6592385122099226
SAMPLES:2000.0
AUC:{'AUC macro OVO': 0.6901779337877361}
AVGP:{'avg_precision': 0.9279685157978091}


METRICS_PER_CLASSES
CLASS:0
ACC:0.8815
PREC:0.4439461883408072
REC:0.4669811320754717
TNR:0.930648769574944
FPR:0.5560538116591929
FPDR:0.5560538116591929
F1:0.45517241379310347
BACC:0
CLSFE:0.5560538116591929
MCC:0.38889698663809885
GMEAN:0.6592385122099226
SAMPLES:223
AUC:{}
AVGP:{}
CLASS:1
ACC:0.8815
PREC:0.9364096792346651
REC:0.930648769574944
TNR:0.4669811320754717
FPR:0.06359032076533483
FPDR:0.06359032076533483
F1:0.9335203366058906
BACC:0
CLSFE:0.06359032076533483
MCC:0.38889698663809885
GMEAN:0.6592385122099226
SAMPLES:1777
AUC:{}
AVGP:{}
