

GENERAL_METRICS
ACC:0.9237333333333333
PREC:0.6399210305606077
REC:0.6705235836596879
TNR:0.6705235836596879
FPR:0.3600789694393924
FPDR:0.3600789694393924
F1:0.6532667605513591
BACC:0.0
CLSFE:0.07626666666666666
MCC:0.3089325852709715
GMEAN:0.6079834389576646
SAMPLES:3750.0
AUC:{'AUC macro OVO': 0.6399210305606076}
AVGP:{'avg_precision': 0.9526823024982211}


METRICS_PER_CLASSES
CLASS:0
ACC:0.9237333333333333
PREC:0.3140495867768595
REC:0.3877551020408163
TNR:0.9532920652785594
FPR:0.6859504132231405
FPDR:0.6859504132231405
F1:0.3470319634703196
BACC:0
CLSFE:0.6859504132231405
MCC:0.3089325852709715
GMEAN:0.6079834389576646
SAMPLES:242
AUC:{}
AVGP:{}
CLASS:1
ACC:0.9237333333333333
PREC:0.9657924743443558
REC:0.9532920652785594
TNR:0.3877551020408163
FPR:0.03420752565564424
FPDR:0.03420752565564424
F1:0.9595015576323987
BACC:0
CLSFE:0.03420752565564424
MCC:0.3089325852709715
GMEAN:0.6079834389576646
SAMPLES:3508
AUC:{}
AVGP:{}
