

GENERAL_METRICS
ACC:0.9216
PREC:0.6219052608053506
REC:0.6547267594303304
TNR:0.6547267594303304
FPR:0.3780947391946494
FPDR:0.3780947391946494
F1:0.6357558569797437
BACC:0.0
CLSFE:0.0784
MCC:0.27467803670421975
GMEAN:0.5837736273319905
SAMPLES:3750.0
AUC:{'AUC macro OVO': 0.6219052608053506}
AVGP:{'avg_precision': 0.9506370286997862}


METRICS_PER_CLASSES
CLASS:0
ACC:0.9216
PREC:0.27800829875518673
REC:0.3582887700534759
TNR:0.9511647488071849
FPR:0.7219917012448133
FPDR:0.7219917012448133
F1:0.3130841121495327
BACC:0
CLSFE:0.7219917012448133
MCC:0.27467803670421975
GMEAN:0.5837736273319905
SAMPLES:241
AUC:{}
AVGP:{}
CLASS:1
ACC:0.9216
PREC:0.9658022228555144
REC:0.9511647488071849
TNR:0.3582887700534759
FPR:0.03419777714448561
FPDR:0.03419777714448561
F1:0.9584276018099548
BACC:0
CLSFE:0.03419777714448561
MCC:0.27467803670421975
GMEAN:0.5837736273319905
SAMPLES:3509
AUC:{}
AVGP:{}
