

GENERAL_METRICS
ACC:0.8923076923076924
PREC:0.5218456149015823
REC:0.5426257237170555
TNR:0.5426257237170555
FPR:0.47815438509841757
FPDR:0.47815438509841757
F1:0.5249204789970998
BACC:0.0
CLSFE:0.1076923076923077
MCC:0.06103065279755877
GMEAN:0.38751519845116733
SAMPLES:3250.0
AUC:{'AUC macro OVO': 0.5218456149015823}
AVGP:{'avg_precision': 0.9223384018247278}


METRICS_PER_CLASSES
CLASS:0
ACC:0.8923076923076924
PREC:0.07984790874524715
REC:0.16279069767441862
TNR:0.9224607497596924
FPR:0.9201520912547528
FPDR:0.9201520912547528
F1:0.10714285714285714
BACC:0
CLSFE:0.9201520912547528
MCC:0.06103065279755877
GMEAN:0.38751519845116733
SAMPLES:263
AUC:{}
AVGP:{}
CLASS:1
ACC:0.8923076923076924
PREC:0.9638433210579176
REC:0.9224607497596924
TNR:0.16279069767441862
FPR:0.036156678942082354
FPDR:0.036156678942082354
F1:0.9426981008513425
BACC:0
CLSFE:0.036156678942082354
MCC:0.06103065279755877
GMEAN:0.38751519845116733
SAMPLES:2987
AUC:{}
AVGP:{}
