

GENERAL_METRICS
ACC:0.8892307692307693
PREC:0.5270528029188252
REC:0.5480096766115762
TNR:0.5480096766115762
FPR:0.4729471970811748
FPDR:0.4729471970811748
F1:0.5314189595097921
BACC:0.0
CLSFE:0.11076923076923077
MCC:0.07207763368950182
GMEAN:0.4001753613244052
SAMPLES:3250.0
AUC:{'AUC macro OVO': 0.5270528029188253}
AVGP:{'avg_precision': 0.9222385795386413}


METRICS_PER_CLASSES
CLASS:0
ACC:0.8892307692307693
PREC:0.09398496240601503
REC:0.1736111111111111
TNR:0.9224082421120412
FPR:0.9060150375939849
FPDR:0.9060150375939849
F1:0.12195121951219512
BACC:0
CLSFE:0.9060150375939849
MCC:0.07207763368950182
GMEAN:0.4001753613244052
SAMPLES:266
AUC:{}
AVGP:{}
CLASS:1
ACC:0.8892307692307693
PREC:0.9601206434316354
REC:0.9224082421120412
TNR:0.1736111111111111
FPR:0.03987935656836461
FPDR:0.03987935656836461
F1:0.9408866995073891
BACC:0
CLSFE:0.03987935656836461
MCC:0.07207763368950182
GMEAN:0.4001753613244052
SAMPLES:2984
AUC:{}
AVGP:{}
