

GENERAL_METRICS
ACC:0.8938461538461538
PREC:0.5079438045417257
REC:0.5155549033583497
TNR:0.5155549033583497
FPR:0.4920561954582743
FPDR:0.4920561954582743
F1:0.5068955462937675
BACC:0.0
CLSFE:0.10615384615384615
MCC:0.02223196904857178
GMEAN:0.31387558339223776
SAMPLES:3250.0
AUC:{'AUC macro OVO': 0.5079438045417257}
AVGP:{'avg_precision': 0.9245100132207226}


METRICS_PER_CLASSES
CLASS:0
ACC:0.8938461538461538
PREC:0.05220883534136546
REC:0.10655737704918032
TNR:0.9245524296675192
FPR:0.9477911646586346
FPDR:0.9477911646586346
F1:0.07008086253369272
BACC:0
CLSFE:0.9477911646586346
MCC:0.02223196904857178
GMEAN:0.31387558339223776
SAMPLES:249
AUC:{}
AVGP:{}
CLASS:1
ACC:0.8938461538461538
PREC:0.963678773742086
REC:0.9245524296675192
TNR:0.10655737704918032
FPR:0.03632122625791403
FPDR:0.03632122625791403
F1:0.9437102300538424
BACC:0
CLSFE:0.03632122625791403
MCC:0.02223196904857178
GMEAN:0.31387558339223776
SAMPLES:3001
AUC:{}
AVGP:{}
