

GENERAL_METRICS
ACC:0.8913846153846153
PREC:0.5122678673403311
REC:0.5226009291115128
TNR:0.5226009291115128
FPR:0.4877321326596689
FPDR:0.4877321326596689
F1:0.5126949910269616
BACC:0.0
CLSFE:0.10861538461538461
MCC:0.033302564472320544
GMEAN:0.33466215202995653
SAMPLES:3250.0
AUC:{'AUC macro OVO': 0.5122678673403311}
AVGP:{'avg_precision': 0.9239186781722596}


METRICS_PER_CLASSES
CLASS:0
ACC:0.8913846153846153
PREC:0.06324110671936758
REC:0.12121212121212122
TNR:0.9239897370109045
FPR:0.9367588932806324
FPDR:0.9367588932806324
F1:0.08311688311688312
BACC:0
CLSFE:0.9367588932806324
MCC:0.033302564472320544
GMEAN:0.33466215202995653
SAMPLES:253
AUC:{}
AVGP:{}
CLASS:1
ACC:0.8913846153846153
PREC:0.9612946279612946
REC:0.9239897370109045
TNR:0.12121212121212122
FPR:0.038705372038705374
FPDR:0.038705372038705374
F1:0.94227309893704
BACC:0
CLSFE:0.038705372038705374
MCC:0.033302564472320544
GMEAN:0.33466215202995653
SAMPLES:2997
AUC:{}
AVGP:{}
