

GENERAL_METRICS
ACC:0.8725
PREC:0.6126629275256736
REC:0.6964308255491038
TNR:0.6964308255491038
FPR:0.38733707247432636
FPDR:0.38733707247432636
F1:0.6369277251243879
BACC:0.0
CLSFE:0.1275
MCC:0.2975262802687985
GMEAN:0.6659490004453366
SAMPLES:2000.0
AUC:{'AUC macro OVO': 0.6126629275256736}
AVGP:{'avg_precision': 0.89915946527585}


METRICS_PER_CLASSES
CLASS:0
ACC:0.8725
PREC:0.2648221343873518
REC:0.49264705882352944
TNR:0.9002145922746781
FPR:0.7351778656126482
FPDR:0.7351778656126482
F1:0.3444730077120823
BACC:0
CLSFE:0.7351778656126482
MCC:0.2975262802687985
GMEAN:0.6659490004453366
SAMPLES:253
AUC:{}
AVGP:{}
CLASS:1
ACC:0.8725
PREC:0.9605037206639955
REC:0.9002145922746781
TNR:0.49264705882352944
FPR:0.03949627933600458
FPDR:0.03949627933600458
F1:0.9293824425366934
BACC:0
CLSFE:0.03949627933600458
MCC:0.2975262802687985
GMEAN:0.6659490004453366
SAMPLES:1747
AUC:{}
AVGP:{}
