

GENERAL_METRICS
ACC:0.8645
PREC:0.6029569554881367
REC:0.6794546850998464
TNR:0.6794546850998464
FPR:0.3970430445118633
FPDR:0.3970430445118633
F1:0.6244454160514247
BACC:0.0
CLSFE:0.1355
MCC:0.27185369613792254
GMEAN:0.6444850526605862
SAMPLES:2000.0
AUC:{'AUC macro OVO': 0.6029569554881367}
AVGP:{'avg_precision': 0.8935401169872687}


METRICS_PER_CLASSES
CLASS:0
ACC:0.8645
PREC:0.24904214559386972
REC:0.4642857142857143
TNR:0.8946236559139785
FPR:0.7509578544061303
FPDR:0.7509578544061303
F1:0.32418952618453867
BACC:0
CLSFE:0.7509578544061303
MCC:0.27185369613792254
GMEAN:0.6444850526605862
SAMPLES:261
AUC:{}
AVGP:{}
CLASS:1
ACC:0.8645
PREC:0.9568717653824037
REC:0.8946236559139785
TNR:0.4642857142857143
FPR:0.04312823461759632
FPDR:0.04312823461759632
F1:0.9247013059183107
BACC:0
CLSFE:0.04312823461759632
MCC:0.27185369613792254
GMEAN:0.6444850526605862
SAMPLES:1739
AUC:{}
AVGP:{}
