

GENERAL_METRICS
ACC:0.859
PREC:0.5897246776518075
REC:0.6474393530997304
TNR:0.6474393530997304
FPR:0.4102753223481926
FPDR:0.4102753223481926
F1:0.6065837237269077
BACC:0.0
CLSFE:0.141
MCC:0.23003433161216894
GMEAN:0.5982904666462474
SAMPLES:2000.0
AUC:{'AUC macro OVO': 0.5897246776518075}
AVGP:{'avg_precision': 0.8938140539731569}


METRICS_PER_CLASSES
CLASS:0
ACC:0.859
PREC:0.22924901185770752
REC:0.4
TNR:0.894878706199461
FPR:0.7707509881422925
FPDR:0.7707509881422925
F1:0.2914572864321608
BACC:0
CLSFE:0.7707509881422925
MCC:0.23003433161216894
GMEAN:0.5982904666462474
SAMPLES:253
AUC:{}
AVGP:{}
CLASS:1
ACC:0.859
PREC:0.9502003434459073
REC:0.894878706199461
TNR:0.4
FPR:0.04979965655409273
FPDR:0.04979965655409273
F1:0.9217101610216546
BACC:0
CLSFE:0.04979965655409273
MCC:0.23003433161216894
GMEAN:0.5982904666462474
SAMPLES:1747
AUC:{}
AVGP:{}
