

GENERAL_METRICS
ACC:0.8555
PREC:0.5993158715985244
REC:0.6454710593675171
TNR:0.6454710593675171
FPR:0.4006841284014756
FPDR:0.4006841284014756
F1:0.6147794078932899
BACC:0.0
CLSFE:0.1445
MCC:0.24039621505710654
GMEAN:0.5944448752979367
SAMPLES:2000.0
AUC:{'AUC macro OVO': 0.5993158715985244}
AVGP:{'avg_precision': 0.8956279982895899}


METRICS_PER_CLASSES
CLASS:0
ACC:0.8555
PREC:0.2559055118110236
REC:0.3939393939393939
TNR:0.8970027247956404
FPR:0.7440944881889764
FPDR:0.7440944881889764
F1:0.31026252983293556
BACC:0
CLSFE:0.7440944881889764
MCC:0.24039621505710654
GMEAN:0.5944448752979367
SAMPLES:254
AUC:{}
AVGP:{}
CLASS:1
ACC:0.8555
PREC:0.9427262313860252
REC:0.8970027247956404
TNR:0.3939393939393939
FPR:0.0572737686139748
FPDR:0.0572737686139748
F1:0.9192962859536442
BACC:0
CLSFE:0.0572737686139748
MCC:0.24039621505710654
GMEAN:0.5944448752979367
SAMPLES:1746
AUC:{}
AVGP:{}
