

GENERAL_METRICS
ACC:0.893090909090909
PREC:0.5304811693468764
REC:0.6426716141001856
TNR:0.6426716141001856
FPR:0.46951883065312366
FPDR:0.46951883065312366
F1:0.5340336948102247
BACC:0.0
CLSFE:0.10690909090909091
MCC:0.1318908280416792
GMEAN:0.5873519306487687
SAMPLES:2750.0
AUC:{'AUC macro OVO': 0.5304811693468764}
AVGP:{'avg_precision': 0.9034464585348112}


METRICS_PER_CLASSES
CLASS:0
ACC:0.893090909090909
PREC:0.07473309608540925
REC:0.38181818181818183
TNR:0.9035250463821892
FPR:0.9252669039145908
FPDR:0.9252669039145908
F1:0.125
BACC:0
CLSFE:0.9252669039145908
MCC:0.1318908280416792
GMEAN:0.5873519306487687
SAMPLES:281
AUC:{}
AVGP:{}
CLASS:1
ACC:0.893090909090909
PREC:0.9862292426083434
REC:0.9035250463821892
TNR:0.38181818181818183
FPR:0.01377075739165654
FPDR:0.01377075739165654
F1:0.9430673896204492
BACC:0
CLSFE:0.01377075739165654
MCC:0.1318908280416792
GMEAN:0.5873519306487687
SAMPLES:2469
AUC:{}
AVGP:{}
