

GENERAL_METRICS
ACC:0.9141818181818182
PREC:0.5243454095190395
REC:0.6515962054925062
TNR:0.6515962054925062
FPR:0.47565459048096054
FPDR:0.47565459048096054
F1:0.5270906382891902
BACC:0.0
CLSFE:0.08581818181818182
MCC:0.1215017975874847
GMEAN:0.5933680810699863
SAMPLES:2750.0
AUC:{'AUC macro OVO': 0.5243454095190394}
AVGP:{'avg_precision': 0.9208082565749693}


METRICS_PER_CLASSES
CLASS:0
ACC:0.9141818181818182
PREC:0.05701754385964912
REC:0.38235294117647056
TNR:0.9208394698085419
FPR:0.9429824561403509
FPDR:0.9429824561403509
F1:0.09923664122137404
BACC:0
CLSFE:0.9429824561403509
MCC:0.1215017975874847
GMEAN:0.5933680810699863
SAMPLES:228
AUC:{}
AVGP:{}
CLASS:1
ACC:0.9141818181818182
PREC:0.9916732751784298
REC:0.9208394698085419
TNR:0.38235294117647056
FPR:0.008326724821570182
FPDR:0.008326724821570182
F1:0.9549446353570065
BACC:0
CLSFE:0.008326724821570182
MCC:0.1215017975874847
GMEAN:0.5933680810699863
SAMPLES:2522
AUC:{}
AVGP:{}
