

GENERAL_METRICS
ACC:0.9065454545454545
PREC:0.5155946674682282
REC:0.5558231285545935
TNR:0.5558231285545935
FPR:0.4844053325317717
FPDR:0.4844053325317717
F1:0.5148143800299178
BACC:0.0
CLSFE:0.09345454545454546
MCC:0.05900993566663306
GMEAN:0.4181630999166294
SAMPLES:2750.0
AUC:{'AUC macro OVO': 0.5155946674682282}
AVGP:{'avg_precision': 0.9219473235685555}


METRICS_PER_CLASSES
CLASS:0
ACC:0.9065454545454545
PREC:0.049773755656108594
REC:0.1896551724137931
TNR:0.9219910846953938
FPR:0.9502262443438914
FPDR:0.9502262443438914
F1:0.07885304659498207
BACC:0
CLSFE:0.9502262443438914
MCC:0.05900993566663306
GMEAN:0.4181630999166294
SAMPLES:221
AUC:{}
AVGP:{}
CLASS:1
ACC:0.9065454545454545
PREC:0.981415579280348
REC:0.9219910846953938
TNR:0.1896551724137931
FPR:0.018584420719652037
FPDR:0.018584420719652037
F1:0.9507757134648535
BACC:0
CLSFE:0.018584420719652037
MCC:0.05900993566663306
GMEAN:0.4181630999166294
SAMPLES:2529
AUC:{}
AVGP:{}
