

GENERAL_METRICS
ACC:0.9043636363636364
PREC:0.5172404015198775
REC:0.5664969774101177
TNR:0.5664969774101177
FPR:0.4827595984801225
FPDR:0.4827595984801225
F1:0.5165864486465424
BACC:0.0
CLSFE:0.09563636363636363
MCC:0.06771808002029159
GMEAN:0.4436958998493356
SAMPLES:2750.0
AUC:{'AUC macro OVO': 0.5172404015198775}
AVGP:{'avg_precision': 0.9186609350230012}


METRICS_PER_CLASSES
CLASS:0
ACC:0.9043636363636364
PREC:0.05194805194805195
REC:0.21428571428571427
TNR:0.9187082405345212
FPR:0.948051948051948
FPDR:0.948051948051948
F1:0.08362369337979095
BACC:0
CLSFE:0.948051948051948
MCC:0.06771808002029159
GMEAN:0.4436958998493356
SAMPLES:231
AUC:{}
AVGP:{}
CLASS:1
ACC:0.9043636363636364
PREC:0.982532751091703
REC:0.9187082405345212
TNR:0.21428571428571427
FPR:0.017467248908296942
FPDR:0.017467248908296942
F1:0.9495492039132937
BACC:0
CLSFE:0.017467248908296942
MCC:0.06771808002029159
GMEAN:0.4436958998493356
SAMPLES:2519
AUC:{}
AVGP:{}
