

GENERAL_METRICS
ACC:0.8989090909090909
PREC:0.49818621523579204
REC:0.45093031740240785
TNR:0.45093031740240785
FPR:0.501813784764208
FPDR:0.501813784764208
F1:0.47338184603600153
BACC:0.0
CLSFE:0.10109090909090909
MCC:-0.018868157586795175
GMEAN:0.0
SAMPLES:2750.0
AUC:{'AUC macro OVO': 0.49818621523579204}
AVGP:{'avg_precision': 0.9018617999198472}


METRICS_PER_CLASSES
CLASS:0
ACC:0.8989090909090909
PREC:0.0
REC:0.0
TNR:0.9018606348048157
FPR:1.0
FPDR:1.0
F1:0.0
BACC:0
CLSFE:1.0
MCC:-0.018868157586795175
GMEAN:0
SAMPLES:269
AUC:{}
AVGP:{}
CLASS:1
ACC:0.8989090909090909
PREC:0.9963724304715841
REC:0.9018606348048157
TNR:0.0
FPR:0.0036275695284159614
FPDR:0.0036275695284159614
F1:0.9467636920720031
BACC:0
CLSFE:0.0036275695284159614
MCC:-0.018868157586795175
GMEAN:0
SAMPLES:2481
AUC:{}
AVGP:{}
