

GENERAL_METRICS
ACC:0.8989090909090909
PREC:0.49798549556809024
REC:0.4510948905109489
TNR:0.4510948905109489
FPR:0.5020145044319098
FPDR:0.5020145044319098
F1:0.47338184603600153
BACC:0.0
CLSFE:0.10109090909090909
MCC:-0.019851403961304602
GMEAN:0.0
SAMPLES:2750.0
AUC:{'AUC macro OVO': 0.49798549556809024}
AVGP:{'avg_precision': 0.9021912140336769}


METRICS_PER_CLASSES
CLASS:0
ACC:0.8989090909090909
PREC:0.0
REC:0.0
TNR:0.9021897810218978
FPR:1.0
FPDR:1.0
F1:0.0
BACC:0
CLSFE:1.0
MCC:-0.019851403961304602
GMEAN:0
SAMPLES:268
AUC:{}
AVGP:{}
CLASS:1
ACC:0.8989090909090909
PREC:0.9959709911361805
REC:0.9021897810218978
TNR:0.0
FPR:0.0040290088638195
FPDR:0.0040290088638195
F1:0.9467636920720031
BACC:0
CLSFE:0.0040290088638195
MCC:-0.019851403961304602
GMEAN:0
SAMPLES:2482
AUC:{}
AVGP:{}
