

GENERAL_METRICS
ACC:0.9112727272727272
PREC:0.4999507425978014
REC:0.4991173606038471
TNR:0.4991173606038471
FPR:0.5000492574021986
FPDR:0.5000492574021986
F1:0.4808446371483129
BACC:0.0
CLSFE:0.08872727272727272
MCC:-0.0004170204970147845
GMEAN:0.27611914515814256
SAMPLES:2750.0
AUC:{'AUC macro OVO': 0.4999507425978014}
AVGP:{'avg_precision': 0.9149014215521757}


METRICS_PER_CLASSES
CLASS:0
ACC:0.9112727272727272
PREC:0.004273504273504274
REC:0.08333333333333333
TNR:0.9149013878743608
FPR:0.9957264957264957
FPDR:0.9957264957264957
F1:0.008130081300813009
BACC:0
CLSFE:0.9957264957264957
MCC:-0.0004170204970147845
GMEAN:0.27611914515814256
SAMPLES:234
AUC:{}
AVGP:{}
CLASS:1
ACC:0.9112727272727272
PREC:0.9956279809220986
REC:0.9149013878743608
TNR:0.08333333333333333
FPR:0.0043720190779014305
FPDR:0.0043720190779014305
F1:0.9535591929958127
BACC:0
CLSFE:0.0043720190779014305
MCC:-0.0004170204970147845
GMEAN:0.27611914515814256
SAMPLES:2516
AUC:{}
AVGP:{}
