

GENERAL_METRICS
ACC:0.9029090909090909
PREC:0.4993555738928838
REC:0.48929615705931495
TNR:0.48929615705931495
FPR:0.5006444261071162
FPDR:0.5006444261071162
F1:0.47819653921894
BACC:0.0
CLSFE:0.09709090909090909
MCC:-0.005252746267410529
GMEAN:0.25455335431328935
SAMPLES:2750.0
AUC:{'AUC macro OVO': 0.4993555738928838}
AVGP:{'avg_precision': 0.9071643105455994}


METRICS_PER_CLASSES
CLASS:0
ACC:0.9029090909090909
PREC:0.00392156862745098
REC:0.07142857142857142
TNR:0.9071637426900585
FPR:0.996078431372549
FPDR:0.996078431372549
F1:0.007434944237918215
BACC:0
CLSFE:0.996078431372549
MCC:-0.005252746267410529
GMEAN:0.25455335431328935
SAMPLES:255
AUC:{}
AVGP:{}
CLASS:1
ACC:0.9029090909090909
PREC:0.9947895791583167
REC:0.9071637426900585
TNR:0.07142857142857142
FPR:0.0052104208416833666
FPDR:0.0052104208416833666
F1:0.9489581341999618
BACC:0
CLSFE:0.0052104208416833666
MCC:-0.005252746267410529
GMEAN:0.25455335431328935
SAMPLES:2495
AUC:{}
AVGP:{}
