

GENERAL_METRICS
ACC:0.9132307692307692
PREC:0.5786632723562385
REC:0.670217044587754
TNR:0.670217044587754
FPR:0.4213367276437615
FPDR:0.4213367276437615
F1:0.6019758327890268
BACC:0.0
CLSFE:0.08676923076923077
MCC:0.23142886369751278
GMEAN:0.6170878771827147
SAMPLES:3250.0
AUC:{'AUC macro OVO': 0.5786632723562385}
AVGP:{'avg_precision': 0.9314643865522702}


METRICS_PER_CLASSES
CLASS:0
ACC:0.9132307692307692
PREC:0.18007662835249041
REC:0.40869565217391307
TNR:0.9317384370015949
FPR:0.8199233716475096
FPDR:0.8199233716475096
F1:0.25
BACC:0
CLSFE:0.8199233716475096
MCC:0.23142886369751278
GMEAN:0.6170878771827147
SAMPLES:261
AUC:{}
AVGP:{}
CLASS:1
ACC:0.9132307692307692
PREC:0.9772499163599866
REC:0.9317384370015949
TNR:0.40869565217391307
FPR:0.022750083640013383
FPDR:0.022750083640013383
F1:0.9539516655780536
BACC:0
CLSFE:0.022750083640013383
MCC:0.23142886369751278
GMEAN:0.6170878771827147
SAMPLES:2989
AUC:{}
AVGP:{}
