

GENERAL_METRICS
ACC:0.9267692307692308
PREC:0.6037769805055325
REC:0.7000089509488006
TNR:0.7000089509488006
FPR:0.3962230194944675
FPDR:0.3962230194944675
F1:0.6327223276335256
BACC:0.0
CLSFE:0.07323076923076922
MCC:0.288141111287825
GMEAN:0.6561559550195019
SAMPLES:3250.0
AUC:{'AUC macro OVO': 0.6037769805055325}
AVGP:{'avg_precision': 0.9435896798672633}


METRICS_PER_CLASSES
CLASS:0
ACC:0.9267692307692308
PREC:0.22807017543859648
REC:0.45614035087719296
TNR:0.9438775510204082
FPR:0.7719298245614035
FPDR:0.7719298245614035
F1:0.30409356725146197
BACC:0
CLSFE:0.7719298245614035
MCC:0.288141111287825
GMEAN:0.6561559550195019
SAMPLES:228
AUC:{}
AVGP:{}
CLASS:1
ACC:0.9267692307692308
PREC:0.9794837855724685
REC:0.9438775510204082
TNR:0.45614035087719296
FPR:0.020516214427531435
FPDR:0.020516214427531435
F1:0.9613510880155894
BACC:0
CLSFE:0.020516214427531435
MCC:0.288141111287825
GMEAN:0.6561559550195019
SAMPLES:3022
AUC:{}
AVGP:{}
