

GENERAL_METRICS
ACC:0.9243076923076923
PREC:0.5864577820119262
REC:0.6926039698285484
TNR:0.6926039698285484
FPR:0.4135422179880738
FPDR:0.4135422179880738
F1:0.6139739964772412
BACC:0.0
CLSFE:0.0756923076923077
MCC:0.2580861254548043
GMEAN:0.6470408830188131
SAMPLES:3250.0
AUC:{'AUC macro OVO': 0.5864577820119262}
AVGP:{'avg_precision': 0.9394410368300017}


METRICS_PER_CLASSES
CLASS:0
ACC:0.9243076923076923
PREC:0.19148936170212766
REC:0.44554455445544555
TNR:0.9396633852016513
FPR:0.8085106382978723
FPDR:0.8085106382978723
F1:0.26785714285714285
BACC:0
CLSFE:0.8085106382978723
MCC:0.2580861254548043
GMEAN:0.6470408830188131
SAMPLES:235
AUC:{}
AVGP:{}
CLASS:1
ACC:0.9243076923076923
PREC:0.9814262023217247
REC:0.9396633852016513
TNR:0.44554455445544555
FPR:0.01857379767827529
FPDR:0.01857379767827529
F1:0.9600908500973394
BACC:0
CLSFE:0.01857379767827529
MCC:0.2580861254548043
GMEAN:0.6470408830188131
SAMPLES:3015
AUC:{}
AVGP:{}
