

GENERAL_METRICS
ACC:0.9218461538461539
PREC:0.5913573249821765
REC:0.6901377325079141
TNR:0.6901377325079141
FPR:0.4086426750178234
FPDR:0.4086426750178234
F1:0.6185474211864908
BACC:0.0
CLSFE:0.07815384615384616
MCC:0.26359419280477075
GMEAN:0.6437703353222681
SAMPLES:3250.0
AUC:{'AUC macro OVO': 0.5913573249821766}
AVGP:{'avg_precision': 0.9385664104394081}


METRICS_PER_CLASSES
CLASS:0
ACC:0.9218461538461539
PREC:0.2033195020746888
REC:0.44144144144144143
TNR:0.9388340235743867
FPR:0.7966804979253111
FPDR:0.7966804979253111
F1:0.2784090909090909
BACC:0
CLSFE:0.7966804979253111
MCC:0.26359419280477075
GMEAN:0.6437703353222681
SAMPLES:241
AUC:{}
AVGP:{}
CLASS:1
ACC:0.9218461538461539
PREC:0.9793951478896643
REC:0.9388340235743867
TNR:0.44144144144144143
FPR:0.02060485211033566
FPDR:0.02060485211033566
F1:0.9586857514638907
BACC:0
CLSFE:0.02060485211033566
MCC:0.26359419280477075
GMEAN:0.6437703353222681
SAMPLES:3009
AUC:{}
AVGP:{}
