

GENERAL_METRICS
ACC:0.8493333333333334
PREC:0.8397459857962002
REC:0.8296296296296297
TNR:0.8296296296296297
FPR:0.16025401420379987
FPDR:0.16025401420379987
F1:0.8341393151470435
BACC:0.0
CLSFE:0.15066666666666667
MCC:0.6692991661914868
GMEAN:0.8266397845091497
SAMPLES:750.0
AUC:{'AUC macro OVO': 0.8397459857962001}
AVGP:{'avg_precision': 0.8689604292421195}


METRICS_PER_CLASSES
CLASS:0
ACC:0.8493333333333334
PREC:0.8102766798418972
REC:0.7592592592592593
TNR:0.9
FPR:0.18972332015810275
FPDR:0.18972332015810275
F1:0.7839388145315488
BACC:0
CLSFE:0.18972332015810275
MCC:0.6692991661914868
GMEAN:0.8266397845091497
SAMPLES:253
AUC:{}
AVGP:{}
CLASS:1
ACC:0.8493333333333334
PREC:0.869215291750503
REC:0.9
TNR:0.7592592592592593
FPR:0.13078470824949698
FPDR:0.13078470824949698
F1:0.8843398157625384
BACC:0
CLSFE:0.13078470824949698
MCC:0.6692991661914868
GMEAN:0.8266397845091497
SAMPLES:497
AUC:{}
AVGP:{}
