

GENERAL_METRICS
ACC:0.8333333333333334
PREC:0.8210708676332468
REC:0.8138888888888889
TNR:0.8138888888888889
FPR:0.17892913236675323
FPDR:0.17892913236675323
F1:0.8171698477488001
BACC:0.0
CLSFE:0.16666666666666666
MCC:0.6349191378309251
GMEAN:0.8109208300398952
SAMPLES:750.0
AUC:{'AUC macro OVO': 0.8210708676332468}
AVGP:{'avg_precision': 0.8517025016903312}


METRICS_PER_CLASSES
CLASS:0
ACC:0.8333333333333334
PREC:0.7821011673151751
REC:0.7444444444444445
TNR:0.8833333333333333
FPR:0.2178988326848249
FPDR:0.2178988326848249
F1:0.7628083491461101
BACC:0
CLSFE:0.2178988326848249
MCC:0.6349191378309251
GMEAN:0.8109208300398952
SAMPLES:257
AUC:{}
AVGP:{}
CLASS:1
ACC:0.8333333333333334
PREC:0.8600405679513184
REC:0.8833333333333333
TNR:0.7444444444444445
FPR:0.13995943204868155
FPDR:0.13995943204868155
F1:0.8715313463514902
BACC:0
CLSFE:0.13995943204868155
MCC:0.6349191378309251
GMEAN:0.8109208300398952
SAMPLES:493
AUC:{}
AVGP:{}
