

GENERAL_METRICS
ACC:0.8413333333333334
PREC:0.83518050879162
REC:0.8245048104131296
TNR:0.8245048104131296
FPR:0.1648194912083801
FPDR:0.1648194912083801
F1:0.8290554090316204
BACC:0.0
CLSFE:0.15866666666666668
MCC:0.6595989310470445
GMEAN:0.8215178208048921
SAMPLES:750.0
AUC:{'AUC macro OVO': 0.83518050879162}
AVGP:{'avg_precision': 0.8591017301650516}


METRICS_PER_CLASSES
CLASS:0
ACC:0.8413333333333334
PREC:0.8143939393939394
REC:0.7543859649122807
TNR:0.8946236559139785
FPR:0.1856060606060606
FPDR:0.1856060606060606
F1:0.7832422586520947
BACC:0
CLSFE:0.1856060606060606
MCC:0.6595989310470445
GMEAN:0.8215178208048921
SAMPLES:264
AUC:{}
AVGP:{}
CLASS:1
ACC:0.8413333333333334
PREC:0.8559670781893004
REC:0.8946236559139785
TNR:0.7543859649122807
FPR:0.1440329218106996
FPDR:0.1440329218106996
F1:0.8748685594111462
BACC:0
CLSFE:0.1440329218106996
MCC:0.6595989310470445
GMEAN:0.8215178208048921
SAMPLES:486
AUC:{}
AVGP:{}
