

GENERAL_METRICS
ACC:0.8386666666666667
PREC:0.8238853580733922
REC:0.8143552656456797
TNR:0.8143552656456797
FPR:0.17611464192660775
FPDR:0.17611464192660775
F1:0.8186809564055073
BACC:0.0
CLSFE:0.16133333333333333
MCC:0.6381694689529023
GMEAN:0.8106187710373799
SAMPLES:750.0
AUC:{'AUC macro OVO': 0.8238853580733922}
AVGP:{'avg_precision': 0.8632689341094595}


METRICS_PER_CLASSES
CLASS:0
ACC:0.8386666666666667
PREC:0.7818930041152263
REC:0.7364341085271318
TNR:0.8922764227642277
FPR:0.21810699588477367
FPDR:0.21810699588477367
F1:0.7584830339321357
BACC:0
CLSFE:0.21810699588477367
MCC:0.6381694689529023
GMEAN:0.8106187710373799
SAMPLES:243
AUC:{}
AVGP:{}
CLASS:1
ACC:0.8386666666666667
PREC:0.8658777120315582
REC:0.8922764227642277
TNR:0.7364341085271318
FPR:0.1341222879684418
FPDR:0.1341222879684418
F1:0.8788788788788788
BACC:0
CLSFE:0.1341222879684418
MCC:0.6381694689529023
GMEAN:0.8106187710373799
SAMPLES:507
AUC:{}
AVGP:{}
