

GENERAL_METRICS
ACC:0.908
PREC:0.6171931273831771
REC:0.6884720902099715
TNR:0.6884720902099715
FPR:0.3828068726168229
FPDR:0.3828068726168229
F1:0.6415247063284866
BACC:0.0
CLSFE:0.092
MCC:0.29723817841018224
GMEAN:0.6434763592684305
SAMPLES:2750.0
AUC:{'AUC macro OVO': 0.6171931273831771}
AVGP:{'avg_precision': 0.9326703271266048}


METRICS_PER_CLASSES
CLASS:0
ACC:0.908
PREC:0.26582278481012656
REC:0.44366197183098594
TNR:0.933282208588957
FPR:0.7341772151898734
FPDR:0.7341772151898734
F1:0.3324538258575198
BACC:0
CLSFE:0.7341772151898734
MCC:0.29723817841018224
GMEAN:0.6434763592684305
SAMPLES:237
AUC:{}
AVGP:{}
CLASS:1
ACC:0.908
PREC:0.9685634699562277
REC:0.933282208588957
TNR:0.44366197183098594
FPR:0.031436530043772386
FPDR:0.031436530043772386
F1:0.9505955867994532
BACC:0
CLSFE:0.031436530043772386
MCC:0.29723817841018224
GMEAN:0.6434763592684305
SAMPLES:2513
AUC:{}
AVGP:{}
