

GENERAL_METRICS
ACC:0.8992727272727272
PREC:0.5911306401541508
REC:0.64614499424626
TNR:0.64614499424626
FPR:0.40886935984584916
FPDR:0.40886935984584916
F1:0.6094268739947261
BACC:0.0
CLSFE:0.10072727272727272
MCC:0.2308097647933152
GMEAN:0.5811129212299625
SAMPLES:2750.0
AUC:{'AUC macro OVO': 0.5911306401541508}
AVGP:{'avg_precision': 0.9281030212631841}


METRICS_PER_CLASSES
CLASS:0
ACC:0.8992727272727272
PREC:0.2184873949579832
REC:0.36363636363636365
TNR:0.9286536248561565
FPR:0.7815126050420168
FPDR:0.7815126050420168
F1:0.27296587926509186
BACC:0
CLSFE:0.7815126050420168
MCC:0.2308097647933152
GMEAN:0.5811129212299625
SAMPLES:238
AUC:{}
AVGP:{}
CLASS:1
ACC:0.8992727272727272
PREC:0.9637738853503185
REC:0.9286536248561565
TNR:0.36363636363636365
FPR:0.03622611464968153
FPDR:0.03622611464968153
F1:0.9458878687243603
BACC:0
CLSFE:0.03622611464968153
MCC:0.2308097647933152
GMEAN:0.5811129212299625
SAMPLES:2512
AUC:{}
AVGP:{}
