

GENERAL_METRICS
ACC:0.9025454545454545
PREC:0.5998345630698572
REC:0.6566284002728746
TNR:0.6566284002728746
FPR:0.4001654369301428
FPDR:0.4001654369301428
F1:0.6193409898993655
BACC:0.0
CLSFE:0.09745454545454546
MCC:0.2500954050403416
GMEAN:0.5964139338205969
SAMPLES:2750.0
AUC:{'AUC macro OVO': 0.5998345630698572}
AVGP:{'avg_precision': 0.9307321134136628}


METRICS_PER_CLASSES
CLASS:0
ACC:0.9025454545454545
PREC:0.23504273504273504
REC:0.3819444444444444
TNR:0.9313123561013047
FPR:0.7649572649572649
FPDR:0.7649572649572649
F1:0.291005291005291
BACC:0
CLSFE:0.7649572649572649
MCC:0.2500954050403416
GMEAN:0.5964139338205969
SAMPLES:234
AUC:{}
AVGP:{}
CLASS:1
ACC:0.9025454545454545
PREC:0.9646263910969793
REC:0.9313123561013047
TNR:0.3819444444444444
FPR:0.035373608903020666
FPDR:0.035373608903020666
F1:0.94767668879344
BACC:0
CLSFE:0.035373608903020666
MCC:0.2500954050403416
GMEAN:0.5964139338205969
SAMPLES:2516
AUC:{}
AVGP:{}
