

GENERAL_METRICS
ACC:0.8956363636363637
PREC:0.5887097426408148
REC:0.644256465290491
TNR:0.644256465290491
FPR:0.4112902573591852
FPDR:0.4112902573591852
F1:0.6067613628153944
BACC:0.0
CLSFE:0.10436363636363637
MCC:0.22624724449321443
GMEAN:0.579628242298309
SAMPLES:2750.0
AUC:{'AUC macro OVO': 0.5887097426408148}
AVGP:{'avg_precision': 0.9249301071084479}


METRICS_PER_CLASSES
CLASS:0
ACC:0.8956363636363637
PREC:0.2145748987854251
REC:0.363013698630137
TNR:0.9254992319508448
FPR:0.7854251012145749
FPDR:0.7854251012145749
F1:0.2697201017811705
BACC:0
CLSFE:0.7854251012145749
MCC:0.22624724449321443
GMEAN:0.579628242298309
SAMPLES:247
AUC:{}
AVGP:{}
CLASS:1
ACC:0.8956363636363637
PREC:0.9628445864962045
REC:0.9254992319508448
TNR:0.363013698630137
FPR:0.03715541350379545
FPDR:0.03715541350379545
F1:0.9438026238496182
BACC:0
CLSFE:0.03715541350379545
MCC:0.22624724449321443
GMEAN:0.579628242298309
SAMPLES:2503
AUC:{}
AVGP:{}
