

GENERAL_METRICS
ACC:0.9006666666666666
PREC:0.8012
REC:0.8281045751633986
TNR:0.8281045751633986
FPR:0.19879999999999998
FPDR:0.19879999999999998
F1:0.8136529442417926
BACC:0.0
CLSFE:0.09933333333333333
MCC:0.6287291882494901
GMEAN:0.8215909959985457
SAMPLES:1500.0
AUC:{'AUC macro OVO': 0.8012}
AVGP:{'avg_precision': 0.9268825098039216}


METRICS_PER_CLASSES
CLASS:0
ACC:0.9006666666666666
PREC:0.652
REC:0.7244444444444444
TNR:0.9317647058823529
FPR:0.348
FPDR:0.348
F1:0.6863157894736842
BACC:0
CLSFE:0.348
MCC:0.6287291882494901
GMEAN:0.8215909959985457
SAMPLES:250
AUC:{}
AVGP:{}
CLASS:1
ACC:0.9006666666666666
PREC:0.9504
REC:0.9317647058823529
TNR:0.7244444444444444
FPR:0.0496
FPDR:0.0496
F1:0.9409900990099009
BACC:0
CLSFE:0.0496
MCC:0.6287291882494901
GMEAN:0.8215909959985457
SAMPLES:1250
AUC:{}
AVGP:{}
