

GENERAL_METRICS
ACC:0.8913333333333333
PREC:0.7786203638081739
REC:0.8165030270935607
TNR:0.8165030270935607
FPR:0.22137963619182613
FPDR:0.22137963619182613
F1:0.7954438784175304
BACC:0.0
CLSFE:0.10866666666666666
MCC:0.5939164539064269
GMEAN:0.8096593359421201
SAMPLES:1500.0
AUC:{'AUC macro OVO': 0.778620363808174}
AVGP:{'avg_precision': 0.9173416160742816}


METRICS_PER_CLASSES
CLASS:0
ACC:0.8913333333333333
PREC:0.6078431372549019
REC:0.7110091743119266
TNR:0.921996879875195
FPR:0.39215686274509803
FPDR:0.39215686274509803
F1:0.6553911205073996
BACC:0
CLSFE:0.39215686274509803
MCC:0.5939164539064269
GMEAN:0.8096593359421201
SAMPLES:255
AUC:{}
AVGP:{}
CLASS:1
ACC:0.8913333333333333
PREC:0.9493975903614458
REC:0.921996879875195
TNR:0.7110091743119266
FPR:0.05060240963855422
FPDR:0.05060240963855422
F1:0.9354966363276612
BACC:0
CLSFE:0.05060240963855422
MCC:0.5939164539064269
GMEAN:0.8096593359421201
SAMPLES:1245
AUC:{}
AVGP:{}
