

GENERAL_METRICS
ACC:0.8986666666666666
PREC:0.7970430329016971
REC:0.8164946571104501
TNR:0.8164946571104501
FPR:0.20295696709830302
FPDR:0.20295696709830302
F1:0.8062384422930491
BACC:0.0
CLSFE:0.10133333333333333
MCC:0.6132292649418185
GMEAN:0.8080766296284155
SAMPLES:1500.0
AUC:{'AUC macro OVO': 0.7970430329016969}
AVGP:{'avg_precision': 0.9284298054270282}


METRICS_PER_CLASSES
CLASS:0
ACC:0.8986666666666666
PREC:0.6473029045643154
REC:0.6995515695067265
TNR:0.9334377447141738
FPR:0.35269709543568467
FPDR:0.35269709543568467
F1:0.6724137931034483
BACC:0
CLSFE:0.35269709543568467
MCC:0.6132292649418185
GMEAN:0.8080766296284155
SAMPLES:241
AUC:{}
AVGP:{}
CLASS:1
ACC:0.8986666666666666
PREC:0.9467831612390787
REC:0.9334377447141738
TNR:0.6995515695067265
FPR:0.05321683876092136
FPDR:0.05321683876092136
F1:0.9400630914826499
BACC:0
CLSFE:0.05321683876092136
MCC:0.6132292649418185
GMEAN:0.8080766296284155
SAMPLES:1259
AUC:{}
AVGP:{}
