

GENERAL_METRICS
ACC:0.8953333333333333
PREC:0.7815901735804649
REC:0.8351828140560535
TNR:0.8351828140560535
FPR:0.21840982641953516
FPDR:0.21840982641953516
F1:0.80431601592394
BACC:0.0
CLSFE:0.10466666666666667
MCC:0.6144401900632241
GMEAN:0.8309469316080658
SAMPLES:1500.0
AUC:{'AUC macro OVO': 0.7815901735804648}
AVGP:{'avg_precision': 0.9151100650518126}


METRICS_PER_CLASSES
CLASS:0
ACC:0.8953333333333333
PREC:0.6060606060606061
REC:0.7511737089201878
TNR:0.9191919191919192
FPR:0.3939393939393939
FPDR:0.3939393939393939
F1:0.6708595387840671
BACC:0
CLSFE:0.3939393939393939
MCC:0.6144401900632241
GMEAN:0.8309469316080658
SAMPLES:264
AUC:{}
AVGP:{}
CLASS:1
ACC:0.8953333333333333
PREC:0.9571197411003236
REC:0.9191919191919192
TNR:0.7511737089201878
FPR:0.04288025889967637
FPDR:0.04288025889967637
F1:0.9377724930638129
BACC:0
CLSFE:0.04288025889967637
MCC:0.6144401900632241
GMEAN:0.8309469316080658
SAMPLES:1236
AUC:{}
AVGP:{}
