

GENERAL_METRICS
ACC:0.9071428571428571
PREC:0.5749447733024493
REC:0.5911662794015735
TNR:0.5911662794015735
FPR:0.4250552266975507
FPDR:0.4250552266975507
F1:0.5818677261066353
BACC:0.0
CLSFE:0.09285714285714286
MCC:0.1653171030786431
GMEAN:0.47395841830654417
SAMPLES:3500.0
AUC:{'AUC macro OVO': 0.5749447733024493}
AVGP:{'avg_precision': 0.9440794096837531}


METRICS_PER_CLASSES
CLASS:0
ACC:0.9071428571428571
PREC:0.19298245614035087
REC:0.23783783783783785
TNR:0.9444947209653092
FPR:0.8070175438596491
FPDR:0.8070175438596491
F1:0.21307506053268765
BACC:0
CLSFE:0.8070175438596491
MCC:0.1653171030786431
GMEAN:0.47395841830654417
SAMPLES:228
AUC:{}
AVGP:{}
CLASS:1
ACC:0.9071428571428571
PREC:0.9569070904645477
REC:0.9444947209653092
TNR:0.23783783783783785
FPR:0.04309290953545232
FPDR:0.04309290953545232
F1:0.9506603916805829
BACC:0
CLSFE:0.04309290953545232
MCC:0.1653171030786431
GMEAN:0.47395841830654417
SAMPLES:3272
AUC:{}
AVGP:{}
