

GENERAL_METRICS
ACC:0.9151428571428571
PREC:0.5896890813472268
REC:0.6135432971824687
TNR:0.6135432971824687
FPR:0.41031091865277325
FPDR:0.41031091865277325
F1:0.5996612429334144
BACC:0.0
CLSFE:0.08485714285714285
MCC:0.20182758996163808
GMEAN:0.5143567200109216
SAMPLES:3500.0
AUC:{'AUC macro OVO': 0.5896890813472268}
AVGP:{'avg_precision': 0.9475948077635235}


METRICS_PER_CLASSES
CLASS:0
ACC:0.9151428571428571
PREC:0.2171945701357466
REC:0.27906976744186046
TNR:0.9480168269230769
FPR:0.7828054298642534
FPDR:0.7828054298642534
F1:0.24427480916030533
BACC:0
CLSFE:0.7828054298642534
MCC:0.20182758996163808
GMEAN:0.5143567200109216
SAMPLES:221
AUC:{}
AVGP:{}
CLASS:1
ACC:0.9151428571428571
PREC:0.9621835925587069
REC:0.9480168269230769
TNR:0.27906976744186046
FPR:0.037816407441293075
FPDR:0.037816407441293075
F1:0.9550476767065234
BACC:0
CLSFE:0.037816407441293075
MCC:0.20182758996163808
GMEAN:0.5143567200109216
SAMPLES:3279
AUC:{}
AVGP:{}
