

GENERAL_METRICS
ACC:0.9057142857142857
PREC:0.5779664886210565
REC:0.5915024026597686
TNR:0.5915024026597686
FPR:0.42203351137894346
FPDR:0.42203351137894346
F1:0.5839211272963591
BACC:0.0
CLSFE:0.09428571428571429
MCC:0.16892745230745873
GMEAN:0.47450268743950064
SAMPLES:3500.0
AUC:{'AUC macro OVO': 0.5779664886210565}
AVGP:{'avg_precision': 0.9442093246522181}


METRICS_PER_CLASSES
CLASS:0
ACC:0.9057142857142857
PREC:0.20087336244541484
REC:0.23834196891191708
TNR:0.9446628364076202
FPR:0.7991266375545851
FPDR:0.7991266375545851
F1:0.21800947867298578
BACC:0
CLSFE:0.7991266375545851
MCC:0.16892745230745873
GMEAN:0.47450268743950064
SAMPLES:229
AUC:{}
AVGP:{}
CLASS:1
ACC:0.9057142857142857
PREC:0.9550596147966982
REC:0.9446628364076202
TNR:0.23834196891191708
FPR:0.04494038520330174
FPDR:0.04494038520330174
F1:0.9498327759197325
BACC:0
CLSFE:0.04494038520330174
MCC:0.16892745230745873
GMEAN:0.47450268743950064
SAMPLES:3271
AUC:{}
AVGP:{}
