

GENERAL_METRICS
ACC:0.9102857142857143
PREC:0.5786569959111802
REC:0.5948823032964399
TNR:0.5948823032964399
FPR:0.42134300408881975
FPDR:0.42134300408881975
F1:0.5856576468973713
BACC:0.0
CLSFE:0.08971428571428572
MCC:0.1727791300178519
GMEAN:0.4797185529232672
SAMPLES:3500.0
AUC:{'AUC macro OVO': 0.5786569959111802}
AVGP:{'avg_precision': 0.9462606640786463}


METRICS_PER_CLASSES
CLASS:0
ACC:0.9102857142857143
PREC:0.19909502262443438
REC:0.2430939226519337
TNR:0.9466706839409461
FPR:0.8009049773755657
FPDR:0.8009049773755657
F1:0.21890547263681592
BACC:0
CLSFE:0.8009049773755657
MCC:0.1727791300178519
GMEAN:0.4797185529232672
SAMPLES:221
AUC:{}
AVGP:{}
CLASS:1
ACC:0.9102857142857143
PREC:0.9582189691979262
REC:0.9466706839409461
TNR:0.2430939226519337
FPR:0.0417810308020738
FPDR:0.0417810308020738
F1:0.9524098211579266
BACC:0
CLSFE:0.0417810308020738
MCC:0.1727791300178519
GMEAN:0.4797185529232672
SAMPLES:3279
AUC:{}
AVGP:{}
