

GENERAL_METRICS
ACC:0.917
PREC:0.5011333753101966
REC:0.5425851703406813
TNR:0.5425851703406813
FPR:0.4988666246898033
FPDR:0.4988666246898033
F1:0.4823281235815132
BACC:0.0
CLSFE:0.083
MCC:0.013894600482870738
GMEAN:0.3912594352461241
SAMPLES:3000.0
AUC:{'AUC macro OVO': 0.5011333753101967}
AVGP:{'avg_precision': 0.918503364866454}


METRICS_PER_CLASSES
CLASS:0
ACC:0.917
PREC:0.004081632653061225
REC:0.16666666666666666
TNR:0.918503674014696
FPR:0.9959183673469387
FPDR:0.9959183673469387
F1:0.00796812749003984
BACC:0
CLSFE:0.9959183673469387
MCC:0.013894600482870738
GMEAN:0.3912594352461241
SAMPLES:245
AUC:{}
AVGP:{}
CLASS:1
ACC:0.917
PREC:0.9981851179673321
REC:0.918503674014696
TNR:0.16666666666666666
FPR:0.0018148820326678765
FPDR:0.0018148820326678765
F1:0.9566881196729866
BACC:0
CLSFE:0.0018148820326678765
MCC:0.013894600482870738
GMEAN:0.3912594352461241
SAMPLES:2755
AUC:{}
AVGP:{}
