

GENERAL_METRICS
ACC:0.9066666666666666
PREC:0.5023697009416715
REC:0.5274540833453221
TNR:0.5274540833453221
FPR:0.49763029905832845
FPDR:0.49763029905832845
F1:0.4859882854282574
BACC:0.0
CLSFE:0.09333333333333334
MCC:0.016131703835136433
GMEAN:0.36096122146954496
SAMPLES:3000.0
AUC:{'AUC macro OVO': 0.5023697009416715}
AVGP:{'avg_precision': 0.9120484942433722}


METRICS_PER_CLASSES
CLASS:0
ACC:0.9066666666666666
PREC:0.011320754716981131
REC:0.14285714285714285
TNR:0.9120510238335012
FPR:0.9886792452830189
FPDR:0.9886792452830189
F1:0.02097902097902098
BACC:0
CLSFE:0.9886792452830189
MCC:0.016131703835136433
GMEAN:0.36096122146954496
SAMPLES:265
AUC:{}
AVGP:{}
CLASS:1
ACC:0.9066666666666666
PREC:0.993418647166362
REC:0.9120510238335012
TNR:0.14285714285714285
FPR:0.006581352833638025
FPDR:0.006581352833638025
F1:0.9509975498774939
BACC:0
CLSFE:0.006581352833638025
MCC:0.016131703835136433
GMEAN:0.36096122146954496
SAMPLES:2735
AUC:{}
AVGP:{}
