

GENERAL_METRICS
ACC:0.913
PREC:0.4996452549565766
REC:0.49418715912352884
TNR:0.49418715912352884
FPR:0.5003547450434234
FPDR:0.5003547450434234
F1:0.48105520101323473
BACC:0.0
CLSFE:0.087
MCC:-0.002871986413016047
GMEAN:0.2559221068464954
SAMPLES:3000.0
AUC:{'AUC macro OVO': 0.4996452549565766}
AVGP:{'avg_precision': 0.9169460031948439}


METRICS_PER_CLASSES
CLASS:0
ACC:0.913
PREC:0.004016064257028112
REC:0.07142857142857142
TNR:0.9169457468184863
FPR:0.9959839357429718
FPDR:0.9959839357429718
F1:0.0076045627376425855
BACC:0
CLSFE:0.9959839357429718
MCC:-0.002871986413016047
GMEAN:0.2559221068464954
SAMPLES:249
AUC:{}
AVGP:{}
CLASS:1
ACC:0.913
PREC:0.995274445656125
REC:0.9169457468184863
TNR:0.07142857142857142
FPR:0.004725554343874954
FPDR:0.004725554343874954
F1:0.9545058392888269
BACC:0
CLSFE:0.004725554343874954
MCC:-0.002871986413016047
GMEAN:0.2559221068464954
SAMPLES:2751
AUC:{}
AVGP:{}
