

GENERAL_METRICS
ACC:0.92
PREC:0.5033145956743037
REC:0.6035988735621212
TNR:0.6035988735621212
FPR:0.49668540432569624
FPDR:0.49668540432569624
F1:0.4873489103316283
BACC:0.0
CLSFE:0.08
MCC:0.03706148287220834
GMEAN:0.5131091394374819
SAMPLES:3000.0
AUC:{'AUC macro OVO': 0.5033145956743037}
AVGP:{'avg_precision': 0.9214825865250308}


METRICS_PER_CLASSES
CLASS:0
ACC:0.92
PREC:0.008438818565400843
REC:0.2857142857142857
TNR:0.9214834614099565
FPR:0.9915611814345991
FPDR:0.9915611814345991
F1:0.01639344262295082
BACC:0
CLSFE:0.9915611814345991
MCC:0.03706148287220834
GMEAN:0.5131091394374819
SAMPLES:237
AUC:{}
AVGP:{}
CLASS:1
ACC:0.92
PREC:0.9981903727832067
REC:0.9214834614099565
TNR:0.2857142857142857
FPR:0.0018096272167933405
FPDR:0.0018096272167933405
F1:0.9583043780403058
BACC:0
CLSFE:0.0018096272167933405
MCC:0.03706148287220834
GMEAN:0.5131091394374819
SAMPLES:2763
AUC:{}
AVGP:{}
