

GENERAL_METRICS
ACC:0.8495
PREC:0.5861903723239013
REC:0.6328804347826087
TNR:0.6328804347826087
FPR:0.4138096276760987
FPDR:0.4138096276760987
F1:0.6004669625334907
BACC:0.0
CLSFE:0.1505
MCC:0.21403751211855299
GMEAN:0.5779578930051535
SAMPLES:2000.0
AUC:{'AUC macro OVO': 0.5861903723239014}
AVGP:{'avg_precision': 0.8895382778708403}


METRICS_PER_CLASSES
CLASS:0
ACC:0.8495
PREC:0.22988505747126436
REC:0.375
TNR:0.8907608695652174
FPR:0.7701149425287356
FPDR:0.7701149425287356
F1:0.2850356294536817
BACC:0
CLSFE:0.7701149425287356
MCC:0.21403751211855299
GMEAN:0.5779578930051535
SAMPLES:261
AUC:{}
AVGP:{}
CLASS:1
ACC:0.8495
PREC:0.9424956871765382
REC:0.8907608695652174
TNR:0.375
FPR:0.05750431282346176
FPDR:0.05750431282346176
F1:0.9158982956132998
BACC:0
CLSFE:0.05750431282346176
MCC:0.21403751211855299
GMEAN:0.5779578930051535
SAMPLES:1739
AUC:{}
AVGP:{}
