

GENERAL_METRICS
ACC:0.8535
PREC:0.5964408036194748
REC:0.6328113073126049
TNR:0.6328113073126049
FPR:0.40355919638052523
FPDR:0.40355919638052523
F1:0.6094476349921589
BACC:0.0
CLSFE:0.1465
MCC:0.22634866208555904
GMEAN:0.5739431304683913
SAMPLES:2000.0
AUC:{'AUC macro OVO': 0.5964408036194747}
AVGP:{'avg_precision': 0.8979231533064294}


METRICS_PER_CLASSES
CLASS:0
ACC:0.8535
PREC:0.2550607287449393
REC:0.36627906976744184
TNR:0.899343544857768
FPR:0.7449392712550608
FPDR:0.7449392712550608
F1:0.30071599045346065
BACC:0
CLSFE:0.7449392712550608
MCC:0.22634866208555904
GMEAN:0.5739431304683913
SAMPLES:247
AUC:{}
AVGP:{}
CLASS:1
ACC:0.8535
PREC:0.9378208784940103
REC:0.899343544857768
TNR:0.36627906976744184
FPR:0.06217912150598973
FPDR:0.06217912150598973
F1:0.9181792795308573
BACC:0
CLSFE:0.06217912150598973
MCC:0.22634866208555904
GMEAN:0.5739431304683913
SAMPLES:1753
AUC:{}
AVGP:{}
