

GENERAL_METRICS
ACC:0.842
PREC:0.5831732373659478
REC:0.6114798293016115
TNR:0.6114798293016115
FPR:0.41682676263405216
FPDR:0.41682676263405216
F1:0.5932824679002049
BACC:0.0
CLSFE:0.158
MCC:0.1925838861796934
GMEAN:0.5426702383218509
SAMPLES:2000.0
AUC:{'AUC macro OVO': 0.5831732373659478}
AVGP:{'avg_precision': 0.8918716324095181}


METRICS_PER_CLASSES
CLASS:0
ACC:0.842
PREC:0.23622047244094488
REC:0.32967032967032966
TNR:0.8932893289328933
FPR:0.7637795275590551
FPDR:0.7637795275590551
F1:0.27522935779816515
BACC:0
CLSFE:0.7637795275590551
MCC:0.1925838861796934
GMEAN:0.5426702383218509
SAMPLES:254
AUC:{}
AVGP:{}
CLASS:1
ACC:0.842
PREC:0.9301260022909508
REC:0.8932893289328933
TNR:0.32967032967032966
FPR:0.06987399770904926
FPDR:0.06987399770904926
F1:0.9113355780022446
BACC:0
CLSFE:0.06987399770904926
MCC:0.1925838861796934
GMEAN:0.5426702383218509
SAMPLES:1746
AUC:{}
AVGP:{}
