

GENERAL_METRICS
ACC:0.855
PREC:0.6123110374106363
REC:0.6458342640160821
TNR:0.6458342640160821
FPR:0.3876889625893637
FPDR:0.3876889625893637
F1:0.6252368115664844
BACC:0.0
CLSFE:0.145
MCC:0.25595935209843623
GMEAN:0.5926509952276239
SAMPLES:2000.0
AUC:{'AUC macro OVO': 0.6123110374106363}
AVGP:{'avg_precision': 0.9007382393059927}


METRICS_PER_CLASSES
CLASS:0
ACC:0.855
PREC:0.2891566265060241
REC:0.3891891891891892
TNR:0.9024793388429752
FPR:0.7108433734939759
FPDR:0.7108433734939759
F1:0.3317972350230415
BACC:0
CLSFE:0.7108433734939759
MCC:0.25595935209843623
GMEAN:0.5926509952276239
SAMPLES:249
AUC:{}
AVGP:{}
CLASS:1
ACC:0.855
PREC:0.9354654483152485
REC:0.9024793388429752
TNR:0.3891891891891892
FPR:0.06453455168475157
FPDR:0.06453455168475157
F1:0.9186763881099271
BACC:0
CLSFE:0.06453455168475157
MCC:0.25595935209843623
GMEAN:0.5926509952276239
SAMPLES:1751
AUC:{}
AVGP:{}
