

GENERAL_METRICS
ACC:0.86
PREC:0.7720653133274493
REC:0.7584634734304581
TNR:0.7584634734304581
FPR:0.22793468667255076
FPDR:0.22793468667255076
F1:0.7649050216287381
BACC:0.0
CLSFE:0.14
MCC:0.5303543942782352
GMEAN:0.7408032364060643
SAMPLES:1500.0
AUC:{'AUC macro OVO': 0.7720653133274493}
AVGP:{'avg_precision': 0.9122188531254484}


METRICS_PER_CLASSES
CLASS:0
ACC:0.86
PREC:0.6363636363636364
REC:0.5957446808510638
TNR:0.9211822660098522
FPR:0.36363636363636365
FPDR:0.36363636363636365
F1:0.6153846153846154
BACC:0
CLSFE:0.36363636363636365
MCC:0.5303543942782352
GMEAN:0.7408032364060643
SAMPLES:264
AUC:{}
AVGP:{}
CLASS:1
ACC:0.86
PREC:0.9077669902912622
REC:0.9211822660098522
TNR:0.5957446808510638
FPR:0.09223300970873786
FPDR:0.09223300970873786
F1:0.9144254278728606
BACC:0
CLSFE:0.09223300970873786
MCC:0.5303543942782352
GMEAN:0.7408032364060643
SAMPLES:1236
AUC:{}
AVGP:{}
