

GENERAL_METRICS
ACC:0.8753333333333333
PREC:0.7827211708772257
REC:0.7658216753117066
TNR:0.7658216753117066
FPR:0.21727882912277433
FPDR:0.21727882912277433
F1:0.7737857618097139
BACC:0.0
CLSFE:0.12466666666666666
MCC:0.5482824647521437
GMEAN:0.7474806462728385
SAMPLES:1500.0
AUC:{'AUC macro OVO': 0.7827211708772257}
AVGP:{'avg_precision': 0.9249872600880833}


METRICS_PER_CLASSES
CLASS:0
ACC:0.8753333333333333
PREC:0.6470588235294118
REC:0.5992217898832685
TNR:0.9324215607401448
FPR:0.35294117647058826
FPDR:0.35294117647058826
F1:0.6222222222222222
BACC:0
CLSFE:0.35294117647058826
MCC:0.5482824647521437
GMEAN:0.7474806462728385
SAMPLES:238
AUC:{}
AVGP:{}
CLASS:1
ACC:0.8753333333333333
PREC:0.9183835182250396
REC:0.9324215607401448
TNR:0.5992217898832685
FPR:0.08161648177496038
FPDR:0.08161648177496038
F1:0.9253493013972056
BACC:0
CLSFE:0.08161648177496038
MCC:0.5482824647521437
GMEAN:0.7474806462728385
SAMPLES:1262
AUC:{}
AVGP:{}
