

GENERAL_METRICS
ACC:0.862
PREC:0.7589858793324775
REC:0.7485634016657385
TNR:0.7485634016657385
FPR:0.24101412066752245
FPDR:0.24101412066752245
F1:0.7535665390186312
BACC:0.0
CLSFE:0.138
MCC:0.5074422574057983
GMEAN:0.7282330309772724
SAMPLES:1500.0
AUC:{'AUC macro OVO': 0.7589858793324775}
AVGP:{'avg_precision': 0.9143076466347173}


METRICS_PER_CLASSES
CLASS:0
ACC:0.862
PREC:0.6056910569105691
REC:0.5752895752895753
TNR:0.9218372280419017
FPR:0.3943089430894309
FPDR:0.3943089430894309
F1:0.5900990099009901
BACC:0
CLSFE:0.3943089430894309
MCC:0.5074422574057983
GMEAN:0.7282330309772724
SAMPLES:246
AUC:{}
AVGP:{}
CLASS:1
ACC:0.862
PREC:0.9122807017543859
REC:0.9218372280419017
TNR:0.5752895752895753
FPR:0.08771929824561403
FPDR:0.08771929824561403
F1:0.9170340681362725
BACC:0
CLSFE:0.08771929824561403
MCC:0.5074422574057983
GMEAN:0.7282330309772724
SAMPLES:1254
AUC:{}
AVGP:{}
