

GENERAL_METRICS
ACC:0.876
PREC:0.78372836873616
REC:0.7888452867996993
TNR:0.7888452867996993
FPR:0.21627163126383991
FPDR:0.21627163126383991
F1:0.7862422771403355
BACC:0.0
CLSFE:0.124
MCC:0.5725507909026308
GMEAN:0.7774371032619053
SAMPLES:1500.0
AUC:{'AUC macro OVO': 0.78372836873616}
AVGP:{'avg_precision': 0.9151810678496315}


METRICS_PER_CLASSES
CLASS:0
ACC:0.876
PREC:0.6404494382022472
REC:0.6551724137931034
TNR:0.9225181598062954
FPR:0.3595505617977528
FPDR:0.3595505617977528
F1:0.6477272727272727
BACC:0
CLSFE:0.3595505617977528
MCC:0.5725507909026308
GMEAN:0.7774371032619053
SAMPLES:267
AUC:{}
AVGP:{}
CLASS:1
ACC:0.876
PREC:0.927007299270073
REC:0.9225181598062954
TNR:0.6551724137931034
FPR:0.072992700729927
FPDR:0.072992700729927
F1:0.9247572815533981
BACC:0
CLSFE:0.072992700729927
MCC:0.5725507909026308
GMEAN:0.7774371032619053
SAMPLES:1233
AUC:{}
AVGP:{}
