

GENERAL_METRICS
ACC:0.784
PREC:0.6938126528030273
REC:0.6926183315492271
TNR:0.6926183315492271
FPR:0.3061873471969727
FPDR:0.3061873471969727
F1:0.6932097082083446
BACC:0.0
CLSFE:0.216
MCC:0.38642913873593315
GMEAN:0.671784118415448
SAMPLES:1000.0
AUC:{'AUC macro OVO': 0.6938126528030273}
AVGP:{'avg_precision': 0.8487794903545907}


METRICS_PER_CLASSES
CLASS:0
ACC:0.784
PREC:0.5286343612334802
REC:0.5240174672489083
TNR:0.8612191958495461
FPR:0.4713656387665198
FPDR:0.4713656387665198
F1:0.5263157894736842
BACC:0
CLSFE:0.4713656387665198
MCC:0.38642913873593315
GMEAN:0.671784118415448
SAMPLES:227
AUC:{}
AVGP:{}
CLASS:1
ACC:0.784
PREC:0.8589909443725744
REC:0.8612191958495461
TNR:0.5240174672489083
FPR:0.1410090556274256
FPDR:0.1410090556274256
F1:0.8601036269430051
BACC:0
CLSFE:0.1410090556274256
MCC:0.38642913873593315
GMEAN:0.671784118415448
SAMPLES:773
AUC:{}
AVGP:{}
