

GENERAL_METRICS
ACC:0.816
PREC:0.7326011853264356
REC:0.7295639496047259
TNR:0.7295639496047259
FPR:0.2673988146735644
FPDR:0.2673988146735644
F1:0.7310554902683014
BACC:0.0
CLSFE:0.184
MCC:0.462155154839919
GMEAN:0.7129295331361297
SAMPLES:1000.0
AUC:{'AUC macro OVO': 0.7326011853264356}
AVGP:{'avg_precision': 0.872286010325318}


METRICS_PER_CLASSES
CLASS:0
ACC:0.816
PREC:0.5852534562211982
REC:0.5746606334841629
TNR:0.8844672657252889
FPR:0.4147465437788018
FPDR:0.4147465437788018
F1:0.5799086757990868
BACC:0
CLSFE:0.4147465437788018
MCC:0.462155154839919
GMEAN:0.7129295331361297
SAMPLES:217
AUC:{}
AVGP:{}
CLASS:1
ACC:0.816
PREC:0.879948914431673
REC:0.8844672657252889
TNR:0.5746606334841629
FPR:0.12005108556832694
FPDR:0.12005108556832694
F1:0.882202304737516
BACC:0
CLSFE:0.12005108556832694
MCC:0.462155154839919
GMEAN:0.7129295331361297
SAMPLES:783
AUC:{}
AVGP:{}
