

GENERAL_METRICS
ACC:0.813
PREC:0.7372472580067273
REC:0.7505081874647093
TNR:0.7505081874647093
FPR:0.2627527419932727
FPDR:0.2627527419932727
F1:0.7433289548272686
BACC:0.0
CLSFE:0.187
MCC:0.4875751453232106
GMEAN:0.7415322851165213
SAMPLES:1000.0
AUC:{'AUC macro OVO': 0.7372472580067273}
AVGP:{'avg_precision': 0.8533447697442371}


METRICS_PER_CLASSES
CLASS:0
ACC:0.813
PREC:0.5863453815261044
REC:0.6347826086956522
TNR:0.8662337662337662
FPR:0.41365461847389556
FPDR:0.41365461847389556
F1:0.6096033402922756
BACC:0
CLSFE:0.41365461847389556
MCC:0.4875751453232106
GMEAN:0.7415322851165213
SAMPLES:249
AUC:{}
AVGP:{}
CLASS:1
ACC:0.813
PREC:0.8881491344873502
REC:0.8662337662337662
TNR:0.6347826086956522
FPR:0.1118508655126498
FPDR:0.1118508655126498
F1:0.8770545693622617
BACC:0
CLSFE:0.1118508655126498
MCC:0.4875751453232106
GMEAN:0.7415322851165213
SAMPLES:751
AUC:{}
AVGP:{}
