

GENERAL_METRICS
ACC:0.78
PREC:0.6880610511921303
REC:0.6949761039079829
TNR:0.6949761039079829
FPR:0.3119389488078696
FPDR:0.3119389488078696
F1:0.6913164511494253
BACC:0.0
CLSFE:0.22
MCC:0.3829747305412267
GMEAN:0.6774358287667627
SAMPLES:1000.0
AUC:{'AUC macro OVO': 0.6880610511921303}
AVGP:{'avg_precision': 0.8381010668240114}


METRICS_PER_CLASSES
CLASS:0
ACC:0.78
PREC:0.5126050420168067
REC:0.5398230088495575
TNR:0.8501291989664083
FPR:0.48739495798319327
FPDR:0.48739495798319327
F1:0.5258620689655172
BACC:0
CLSFE:0.48739495798319327
MCC:0.3829747305412267
GMEAN:0.6774358287667627
SAMPLES:238
AUC:{}
AVGP:{}
CLASS:1
ACC:0.78
PREC:0.863517060367454
REC:0.8501291989664083
TNR:0.5398230088495575
FPR:0.13648293963254593
FPDR:0.13648293963254593
F1:0.8567708333333334
BACC:0
CLSFE:0.13648293963254593
MCC:0.3829747305412267
GMEAN:0.6774358287667627
SAMPLES:762
AUC:{}
AVGP:{}
