

GENERAL_METRICS
ACC:0.786
PREC:0.7852982590885818
REC:0.7948325754443986
TNR:0.7948325754443986
FPR:0.21470174091141833
FPDR:0.21470174091141833
F1:0.7840922390240161
BACC:0.0
CLSFE:0.214
MCC:0.5800524820975764
GMEAN:0.7933164384253086
SAMPLES:500.0
AUC:{'AUC macro OVO': 0.7852982590885816}
AVGP:{'avg_precision': 0.7386900078678207}


METRICS_PER_CLASSES
CLASS:0
ACC:0.786
PREC:0.873015873015873
REC:0.7457627118644068
TNR:0.8439024390243902
FPR:0.12698412698412698
FPDR:0.12698412698412698
F1:0.8043875685557587
BACC:0
CLSFE:0.12698412698412698
MCC:0.5800524820975764
GMEAN:0.7933164384253086
SAMPLES:252
AUC:{}
AVGP:{}
CLASS:1
ACC:0.786
PREC:0.6975806451612904
REC:0.8439024390243902
TNR:0.7457627118644068
FPR:0.3024193548387097
FPDR:0.3024193548387097
F1:0.7637969094922737
BACC:0
CLSFE:0.3024193548387097
MCC:0.5800524820975764
GMEAN:0.7933164384253086
SAMPLES:248
AUC:{}
AVGP:{}
