

GENERAL_METRICS
ACC:0.818
PREC:0.8167976188571154
REC:0.8310756572345976
TNR:0.8310756572345976
FPR:0.1832023811428846
FPDR:0.1832023811428846
F1:0.815770827006782
BACC:0.0
CLSFE:0.182
MCC:0.6477159249963677
GMEAN:0.8286946956843808
SAMPLES:500.0
AUC:{'AUC macro OVO': 0.8167976188571154}
AVGP:{'avg_precision': 0.7805962458594038}


METRICS_PER_CLASSES
CLASS:0
ACC:0.818
PREC:0.9169960474308301
REC:0.7682119205298014
TNR:0.8939393939393939
FPR:0.08300395256916997
FPDR:0.08300395256916997
F1:0.836036036036036
BACC:0
CLSFE:0.08300395256916997
MCC:0.6477159249963677
GMEAN:0.8286946956843808
SAMPLES:253
AUC:{}
AVGP:{}
CLASS:1
ACC:0.818
PREC:0.7165991902834008
REC:0.8939393939393939
TNR:0.7682119205298014
FPR:0.2834008097165992
FPDR:0.2834008097165992
F1:0.7955056179775281
BACC:0
CLSFE:0.2834008097165992
MCC:0.6477159249963677
GMEAN:0.8286946956843808
SAMPLES:247
AUC:{}
AVGP:{}
