

GENERAL_METRICS
ACC:0.796
PREC:0.7997725051666961
REC:0.8103531206979483
TNR:0.8103531206979483
FPR:0.20022749483330396
FPDR:0.20022749483330396
F1:0.7948148505769324
BACC:0.0
CLSFE:0.204
MCC:0.6100338760361622
GMEAN:0.8067486656103616
SAMPLES:500.0
AUC:{'AUC macro OVO': 0.799772505166696}
AVGP:{'avg_precision': 0.7742390398843602}


METRICS_PER_CLASSES
CLASS:0
ACC:0.796
PREC:0.9045643153526971
REC:0.734006734006734
TNR:0.8866995073891626
FPR:0.0954356846473029
FPDR:0.0954356846473029
F1:0.8104089219330854
BACC:0
CLSFE:0.0954356846473029
MCC:0.6100338760361622
GMEAN:0.8067486656103616
SAMPLES:241
AUC:{}
AVGP:{}
CLASS:1
ACC:0.796
PREC:0.694980694980695
REC:0.8866995073891626
TNR:0.734006734006734
FPR:0.305019305019305
FPDR:0.305019305019305
F1:0.7792207792207793
BACC:0
CLSFE:0.305019305019305
MCC:0.6100338760361622
GMEAN:0.8067486656103616
SAMPLES:259
AUC:{}
AVGP:{}
