

GENERAL_METRICS
ACC:0.808
PREC:0.8044345471731364
REC:0.8195039932744851
TNR:0.8195039932744851
FPR:0.1955654528268636
FPDR:0.1955654528268636
F1:0.8048018739020105
BACC:0.0
CLSFE:0.192
MCC:0.6237565342744769
GMEAN:0.8178340045610683
SAMPLES:500.0
AUC:{'AUC macro OVO': 0.8044345471731363}
AVGP:{'avg_precision': 0.7569590381955527}


METRICS_PER_CLASSES
CLASS:0
ACC:0.808
PREC:0.9034749034749034
REC:0.7672131147540984
TNR:0.8717948717948718
FPR:0.09652509652509653
FPDR:0.09652509652509653
F1:0.8297872340425532
BACC:0
CLSFE:0.09652509652509653
MCC:0.6237565342744769
GMEAN:0.8178340045610683
SAMPLES:259
AUC:{}
AVGP:{}
CLASS:1
ACC:0.808
PREC:0.7053941908713693
REC:0.8717948717948718
TNR:0.7672131147540984
FPR:0.2946058091286307
FPDR:0.2946058091286307
F1:0.7798165137614679
BACC:0
CLSFE:0.2946058091286307
MCC:0.6237565342744769
GMEAN:0.8178340045610683
SAMPLES:241
AUC:{}
AVGP:{}
