

GENERAL_METRICS
ACC:0.9116363636363637
PREC:0.7217297476759628
REC:0.7225688143715768
TNR:0.7225688143715768
FPR:0.2782702523240372
FPDR:0.2782702523240372
F1:0.7221481884643994
BACC:0.0
CLSFE:0.08836363636363637
MCC:0.44429776974973856
GMEAN:0.6853726530121149
SAMPLES:2750.0
AUC:{'AUC macro OVO': 0.7217297476759628}
AVGP:{'avg_precision': 0.9495488123174368}


METRICS_PER_CLASSES
CLASS:0
ACC:0.9116363636363637
PREC:0.49166666666666664
REC:0.49372384937238495
TNR:0.9514137793707687
FPR:0.5083333333333333
FPDR:0.5083333333333333
F1:0.49269311064718163
BACC:0
CLSFE:0.5083333333333333
MCC:0.44429776974973856
GMEAN:0.6853726530121149
SAMPLES:240
AUC:{}
AVGP:{}
CLASS:1
ACC:0.9116363636363637
PREC:0.9517928286852589
REC:0.9514137793707687
TNR:0.49372384937238495
FPR:0.04820717131474104
FPDR:0.04820717131474104
F1:0.9516032662816172
BACC:0
CLSFE:0.04820717131474104
MCC:0.44429776974973856
GMEAN:0.6853726530121149
SAMPLES:2510
AUC:{}
AVGP:{}
