

GENERAL_METRICS
ACC:0.904
PREC:0.7118940903054449
REC:0.7013378886533415
TNR:0.7013378886533415
FPR:0.28810590969455513
FPDR:0.28810590969455513
F1:0.706425164296771
BACC:0.0
CLSFE:0.096
MCC:0.4130971254328392
GMEAN:0.6558062455620186
SAMPLES:2750.0
AUC:{'AUC macro OVO': 0.7118940903054448}
AVGP:{'avg_precision': 0.9478602019660287}


METRICS_PER_CLASSES
CLASS:0
ACC:0.904
PREC:0.4791666666666667
REC:0.452755905511811
TNR:0.9499198717948718
FPR:0.5208333333333334
FPDR:0.5208333333333334
F1:0.46558704453441296
BACC:0
CLSFE:0.5208333333333334
MCC:0.4130971254328392
GMEAN:0.6558062455620186
SAMPLES:240
AUC:{}
AVGP:{}
CLASS:1
ACC:0.904
PREC:0.9446215139442231
REC:0.9499198717948718
TNR:0.452755905511811
FPR:0.055378486055776895
FPDR:0.055378486055776895
F1:0.9472632840591291
BACC:0
CLSFE:0.055378486055776895
MCC:0.4130971254328392
GMEAN:0.6558062455620186
SAMPLES:2510
AUC:{}
AVGP:{}
