

GENERAL_METRICS
ACC:0.8963636363636364
PREC:0.6987413524548882
REC:0.7117504697201588
TNR:0.7117504697201588
FPR:0.3012586475451118
FPDR:0.3012586475451118
F1:0.7049439534686732
BACC:0.0
CLSFE:0.10363636363636364
MCC:0.4102856309213971
GMEAN:0.6744955103722059
SAMPLES:2750.0
AUC:{'AUC macro OVO': 0.6987413524548882}
AVGP:{'avg_precision': 0.9368679906126396}


METRICS_PER_CLASSES
CLASS:0
ACC:0.8963636363636364
PREC:0.45126353790613716
REC:0.4844961240310077
TNR:0.9390048154093098
FPR:0.5487364620938628
FPDR:0.5487364620938628
F1:0.4672897196261682
BACC:0
CLSFE:0.5487364620938628
MCC:0.4102856309213971
GMEAN:0.6744955103722059
SAMPLES:277
AUC:{}
AVGP:{}
CLASS:1
ACC:0.8963636363636364
PREC:0.9462191670036393
REC:0.9390048154093098
TNR:0.4844961240310077
FPR:0.053780832996360696
FPDR:0.053780832996360696
F1:0.9425981873111783
BACC:0
CLSFE:0.053780832996360696
MCC:0.4102856309213971
GMEAN:0.6744955103722059
SAMPLES:2473
AUC:{}
AVGP:{}
