

GENERAL_METRICS
ACC:0.8941818181818182
PREC:0.6815029348161878
REC:0.6886875771779641
TNR:0.6886875771779641
FPR:0.3184970651838122
FPDR:0.3184970651838122
F1:0.6849929086501085
BACC:0.0
CLSFE:0.10581818181818183
MCC:0.37012078580461505
GMEAN:0.6413434455960525
SAMPLES:2750.0
AUC:{'AUC macro OVO': 0.6815029348161878}
AVGP:{'avg_precision': 0.9377029677358701}


METRICS_PER_CLASSES
CLASS:0
ACC:0.8941818181818182
PREC:0.41923076923076924
REC:0.43775100401606426
TNR:0.939624150339864
FPR:0.5807692307692308
FPDR:0.5807692307692308
F1:0.42829076620825146
BACC:0
CLSFE:0.5807692307692308
MCC:0.37012078580461505
GMEAN:0.6413434455960525
SAMPLES:260
AUC:{}
AVGP:{}
CLASS:1
ACC:0.8941818181818182
PREC:0.9437751004016064
REC:0.939624150339864
TNR:0.43775100401606426
FPR:0.05622489959839357
FPDR:0.05622489959839357
F1:0.9416950510919655
BACC:0
CLSFE:0.05622489959839357
MCC:0.37012078580461505
GMEAN:0.6413434455960525
SAMPLES:2490
AUC:{}
AVGP:{}
