

GENERAL_METRICS
ACC:0.856
PREC:0.7709334994768829
REC:0.7808102345415778
TNR:0.7808102345415778
FPR:0.22906650052311708
FPDR:0.22906650052311708
F1:0.7756720864290585
BACC:0.0
CLSFE:0.144
MCC:0.5516553254824028
GMEAN:0.7709546044561872
SAMPLES:1250.0
AUC:{'AUC macro OVO': 0.770933499476883}
AVGP:{'avg_precision': 0.8951659106281282}


METRICS_PER_CLASSES
CLASS:0
ACC:0.856
PREC:0.6264591439688716
REC:0.6571428571428571
TNR:0.9044776119402985
FPR:0.3735408560311284
FPDR:0.3735408560311284
F1:0.6414342629482072
BACC:0
CLSFE:0.3735408560311284
MCC:0.5516553254824028
GMEAN:0.7709546044561872
SAMPLES:257
AUC:{}
AVGP:{}
CLASS:1
ACC:0.856
PREC:0.9154078549848943
REC:0.9044776119402985
TNR:0.6571428571428571
FPR:0.08459214501510574
FPDR:0.08459214501510574
F1:0.9099099099099099
BACC:0
CLSFE:0.08459214501510574
MCC:0.5516553254824028
GMEAN:0.7709546044561872
SAMPLES:993
AUC:{}
AVGP:{}
