

GENERAL_METRICS
ACC:0.8552
PREC:0.7826292427886052
REC:0.7737776987977871
TNR:0.7737776987977871
FPR:0.21737075721139465
FPDR:0.21737075721139465
F1:0.7780406953187924
BACC:0.0
CLSFE:0.1448
MCC:0.5563365301815996
GMEAN:0.7609722173504879
SAMPLES:1250.0
AUC:{'AUC macro OVO': 0.7826292427886054}
AVGP:{'avg_precision': 0.9029388919283657}


METRICS_PER_CLASSES
CLASS:0
ACC:0.8552
PREC:0.6613545816733067
REC:0.6335877862595419
TNR:0.9139676113360324
FPR:0.3386454183266932
FPDR:0.3386454183266932
F1:0.6471734892787524
BACC:0
CLSFE:0.3386454183266932
MCC:0.5563365301815996
GMEAN:0.7609722173504879
SAMPLES:251
AUC:{}
AVGP:{}
CLASS:1
ACC:0.8552
PREC:0.9039039039039038
REC:0.9139676113360324
TNR:0.6335877862595419
FPR:0.0960960960960961
FPDR:0.0960960960960961
F1:0.9089079013588324
BACC:0
CLSFE:0.0960960960960961
MCC:0.5563365301815996
GMEAN:0.7609722173504879
SAMPLES:999
AUC:{}
AVGP:{}
