

GENERAL_METRICS
ACC:0.8408
PREC:0.7528378515585339
REC:0.7475387282501511
TNR:0.7475387282501511
FPR:0.2471621484414661
FPDR:0.2471621484414661
F1:0.7501233059866941
BACC:0.0
CLSFE:0.1592
MCC:0.5003485194473947
GMEAN:0.7310226981399336
SAMPLES:1250.0
AUC:{'AUC macro OVO': 0.7528378515585337}
AVGP:{'avg_precision': 0.8935785760575878}


METRICS_PER_CLASSES
CLASS:0
ACC:0.8408
PREC:0.6081632653061224
REC:0.5912698412698413
TNR:0.9038076152304609
FPR:0.39183673469387753
FPDR:0.39183673469387753
F1:0.5995975855130785
BACC:0
CLSFE:0.39183673469387753
MCC:0.5003485194473947
GMEAN:0.7310226981399336
SAMPLES:245
AUC:{}
AVGP:{}
CLASS:1
ACC:0.8408
PREC:0.8975124378109453
REC:0.9038076152304609
TNR:0.5912698412698413
FPR:0.10248756218905472
FPDR:0.10248756218905472
F1:0.9006490264603095
BACC:0
CLSFE:0.10248756218905472
MCC:0.5003485194473947
GMEAN:0.7310226981399336
SAMPLES:1005
AUC:{}
AVGP:{}
