

GENERAL_METRICS
ACC:0.8416
PREC:0.7743957478625029
REC:0.7601261894531178
TNR:0.7601261894531178
FPR:0.22560425213749713
FPDR:0.22560425213749713
F1:0.7667813756789252
BACC:0.0
CLSFE:0.1584
MCC:0.5343314338259032
GMEAN:0.7455735817286324
SAMPLES:1250.0
AUC:{'AUC macro OVO': 0.7743957478625029}
AVGP:{'avg_precision': 0.8952631007125855}


METRICS_PER_CLASSES
CLASS:0
ACC:0.8416
PREC:0.6590038314176245
REC:0.6120996441281139
TNR:0.9081527347781218
FPR:0.34099616858237547
FPDR:0.34099616858237547
F1:0.6346863468634686
BACC:0
CLSFE:0.34099616858237547
MCC:0.5343314338259032
GMEAN:0.7455735817286324
SAMPLES:261
AUC:{}
AVGP:{}
CLASS:1
ACC:0.8416
PREC:0.8897876643073812
REC:0.9081527347781218
TNR:0.6120996441281139
FPR:0.1102123356926188
FPDR:0.1102123356926188
F1:0.898876404494382
BACC:0
CLSFE:0.1102123356926188
MCC:0.5343314338259032
GMEAN:0.7455735817286324
SAMPLES:989
AUC:{}
AVGP:{}
