

GENERAL_METRICS
ACC:0.69
PREC:0.6904594261573667
REC:0.6914243437982501
TNR:0.6914243437982501
FPR:0.30954057384263334
FPDR:0.30954057384263334
F1:0.6897207486738064
BACC:0.0
CLSFE:0.31
MCC:0.381882550909911
GMEAN:0.6911412835328221
SAMPLES:500.0
AUC:{'AUC macro OVO': 0.6904594261573667}
AVGP:{'avg_precision': 0.6398305847076462}


METRICS_PER_CLASSES
CLASS:0
ACC:0.69
PREC:0.728744939271255
REC:0.6716417910447762
TNR:0.7112068965517241
FPR:0.27125506072874495
FPDR:0.27125506072874495
F1:0.6990291262135923
BACC:0
CLSFE:0.27125506072874495
MCC:0.381882550909911
GMEAN:0.6911412835328221
SAMPLES:247
AUC:{}
AVGP:{}
CLASS:1
ACC:0.69
PREC:0.6521739130434783
REC:0.7112068965517241
TNR:0.6716417910447762
FPR:0.34782608695652173
FPDR:0.34782608695652173
F1:0.6804123711340206
BACC:0
CLSFE:0.34782608695652173
MCC:0.381882550909911
GMEAN:0.6911412835328221
SAMPLES:253
AUC:{}
AVGP:{}
