

GENERAL_METRICS
ACC:0.676
PREC:0.6708376222336593
REC:0.6748880400421495
TNR:0.6748880400421495
FPR:0.3291623777663407
FPDR:0.3291623777663407
F1:0.6712662337662338
BACC:0.0
CLSFE:0.324
MCC:0.34570193472357563
GMEAN:0.6748555830366545
SAMPLES:500.0
AUC:{'AUC macro OVO': 0.6708376222336593}
AVGP:{'avg_precision': 0.5863854442970822}


METRICS_PER_CLASSES
CLASS:0
ACC:0.676
PREC:0.7425373134328358
REC:0.6815068493150684
TNR:0.6682692307692307
FPR:0.2574626865671642
FPDR:0.2574626865671642
F1:0.7107142857142857
BACC:0
CLSFE:0.2574626865671642
MCC:0.34570193472357563
GMEAN:0.6748555830366545
SAMPLES:268
AUC:{}
AVGP:{}
CLASS:1
ACC:0.676
PREC:0.5991379310344828
REC:0.6682692307692307
TNR:0.6815068493150684
FPR:0.40086206896551724
FPDR:0.40086206896551724
F1:0.6318181818181818
BACC:0
CLSFE:0.40086206896551724
MCC:0.34570193472357563
GMEAN:0.6748555830366545
SAMPLES:232
AUC:{}
AVGP:{}
