

GENERAL_METRICS
ACC:0.686
PREC:0.6871299995186986
REC:0.6867315573770492
TNR:0.6867315573770492
FPR:0.3128700004813014
FPDR:0.3128700004813014
F1:0.6859384439350112
BACC:0.0
CLSFE:0.314
MCC:0.37386134457626424
GMEAN:0.6860547402047281
SAMPLES:500.0
AUC:{'AUC macro OVO': 0.6871299995186986}
AVGP:{'avg_precision': 0.6532330611481643}


METRICS_PER_CLASSES
CLASS:0
ACC:0.686
PREC:0.7088607594936709
REC:0.65625
TNR:0.7172131147540983
FPR:0.2911392405063291
FPDR:0.2911392405063291
F1:0.6815415821501014
BACC:0
CLSFE:0.2911392405063291
MCC:0.37386134457626424
GMEAN:0.6860547402047281
SAMPLES:237
AUC:{}
AVGP:{}
CLASS:1
ACC:0.686
PREC:0.6653992395437263
REC:0.7172131147540983
TNR:0.65625
FPR:0.33460076045627374
FPDR:0.33460076045627374
F1:0.6903353057199211
BACC:0
CLSFE:0.33460076045627374
MCC:0.37386134457626424
GMEAN:0.6860547402047281
SAMPLES:263
AUC:{}
AVGP:{}
