

GENERAL_METRICS
ACC:0.712
PREC:0.7108773278250149
REC:0.7125106904842589
TNR:0.7125106904842589
FPR:0.2891226721749852
FPDR:0.2891226721749852
F1:0.7109594540345243
BACC:0.0
CLSFE:0.288
MCC:0.42338486767275607
GMEAN:0.712489067029288
SAMPLES:500.0
AUC:{'AUC macro OVO': 0.7108773278250149}
AVGP:{'avg_precision': 0.6416627689853338}


METRICS_PER_CLASSES
CLASS:0
ACC:0.712
PREC:0.7509727626459144
REC:0.706959706959707
TNR:0.7180616740088106
FPR:0.2490272373540856
FPDR:0.2490272373540856
F1:0.7283018867924528
BACC:0
CLSFE:0.2490272373540856
MCC:0.42338486767275607
GMEAN:0.712489067029288
SAMPLES:257
AUC:{}
AVGP:{}
CLASS:1
ACC:0.712
PREC:0.6707818930041153
REC:0.7180616740088106
TNR:0.706959706959707
FPR:0.3292181069958848
FPDR:0.3292181069958848
F1:0.6936170212765957
BACC:0
CLSFE:0.3292181069958848
MCC:0.42338486767275607
GMEAN:0.712489067029288
SAMPLES:243
AUC:{}
AVGP:{}
