

GENERAL_METRICS
ACC:0.9056666666666666
PREC:0.5776671815826191
REC:0.6254177364155512
TNR:0.6254177364155512
FPR:0.4223328184173809
FPDR:0.4223328184173809
F1:0.5934607028772352
BACC:0.0
CLSFE:0.09433333333333334
MCC:0.19739140921395415
GMEAN:0.5438254007962142
SAMPLES:3000.0
AUC:{'AUC macro OVO': 0.5776671815826191}
AVGP:{'avg_precision': 0.9338898323005754}


METRICS_PER_CLASSES
CLASS:0
ACC:0.9056666666666666
PREC:0.1896551724137931
REC:0.31654676258992803
TNR:0.9342887102411744
FPR:0.8103448275862069
FPDR:0.8103448275862069
F1:0.2371967654986523
BACC:0
CLSFE:0.8103448275862069
MCC:0.19739140921395415
GMEAN:0.5438254007962142
SAMPLES:232
AUC:{}
AVGP:{}
CLASS:1
ACC:0.9056666666666666
PREC:0.965679190751445
REC:0.9342887102411744
TNR:0.31654676258992803
FPR:0.034320809248554913
FPDR:0.034320809248554913
F1:0.949724640255818
BACC:0
CLSFE:0.034320809248554913
MCC:0.19739140921395415
GMEAN:0.5438254007962142
SAMPLES:2768
AUC:{}
AVGP:{}
