

GENERAL_METRICS
ACC:0.9026666666666666
PREC:0.5816723820034774
REC:0.6387816004703326
TNR:0.6387816004703326
FPR:0.4183276179965226
FPDR:0.4183276179965226
F1:0.5996160702043055
BACC:0.0
CLSFE:0.09733333333333333
MCC:0.21292838128034486
GMEAN:0.5685132286475655
SAMPLES:3000.0
AUC:{'AUC macro OVO': 0.5816723820034774}
AVGP:{'avg_precision': 0.9296091988044921}


METRICS_PER_CLASSES
CLASS:0
ACC:0.9026666666666666
PREC:0.19678714859437751
REC:0.3475177304964539
TNR:0.9300454704442113
FPR:0.8032128514056225
FPDR:0.8032128514056225
F1:0.2512820512820513
BACC:0
CLSFE:0.8032128514056225
MCC:0.21292838128034486
GMEAN:0.5685132286475655
SAMPLES:249
AUC:{}
AVGP:{}
CLASS:1
ACC:0.9026666666666666
PREC:0.9665576154125772
REC:0.9300454704442113
TNR:0.3475177304964539
FPR:0.033442384587422755
FPDR:0.033442384587422755
F1:0.9479500891265598
BACC:0
CLSFE:0.033442384587422755
MCC:0.21292838128034486
GMEAN:0.5685132286475655
SAMPLES:2751
AUC:{}
AVGP:{}
