

GENERAL_METRICS
ACC:0.8956666666666667
PREC:0.5589704603213279
REC:0.6214780833595047
TNR:0.6214780833595047
FPR:0.4410295396786721
FPDR:0.4410295396786721
F1:0.5738696313359664
BACC:0.0
CLSFE:0.10433333333333333
MCC:0.16927632432992668
GMEAN:0.5448810232837514
SAMPLES:3000.0
AUC:{'AUC macro OVO': 0.5589704603213279}
AVGP:{'avg_precision': 0.9200666442926703}


METRICS_PER_CLASSES
CLASS:0
ACC:0.8956666666666667
PREC:0.14869888475836432
REC:0.3225806451612903
TNR:0.9203755215577191
FPR:0.8513011152416357
FPDR:0.8513011152416357
F1:0.2035623409669211
BACC:0
CLSFE:0.8513011152416357
MCC:0.16927632432992668
GMEAN:0.5448810232837514
SAMPLES:269
AUC:{}
AVGP:{}
CLASS:1
ACC:0.8956666666666667
PREC:0.9692420358842915
REC:0.9203755215577191
TNR:0.3225806451612903
FPR:0.030757964115708532
FPDR:0.030757964115708532
F1:0.9441769217050116
BACC:0
CLSFE:0.030757964115708532
MCC:0.16927632432992668
GMEAN:0.5448810232837514
SAMPLES:2731
AUC:{}
AVGP:{}
