

GENERAL_METRICS
ACC:0.8973333333333333
PREC:0.5620020006208823
REC:0.6250434782608696
TNR:0.6250434782608696
FPR:0.43799799937911765
FPDR:0.43799799937911765
F1:0.5776772247360482
BACC:0.0
CLSFE:0.10266666666666667
MCC:0.1761016276672958
GMEAN:0.5499495629047544
SAMPLES:3000.0
AUC:{'AUC macro OVO': 0.5620020006208823}
AVGP:{'avg_precision': 0.9217669183689691}


METRICS_PER_CLASSES
CLASS:0
ACC:0.8973333333333333
PREC:0.15471698113207547
REC:0.328
TNR:0.9220869565217391
FPR:0.8452830188679246
FPDR:0.8452830188679246
F1:0.21025641025641026
BACC:0
CLSFE:0.8452830188679246
MCC:0.1761016276672958
GMEAN:0.5499495629047544
SAMPLES:265
AUC:{}
AVGP:{}
CLASS:1
ACC:0.8973333333333333
PREC:0.9692870201096893
REC:0.9220869565217391
TNR:0.328
FPR:0.030712979890310785
FPDR:0.030712979890310785
F1:0.9450980392156862
BACC:0
CLSFE:0.030712979890310785
MCC:0.1761016276672958
GMEAN:0.5499495629047544
SAMPLES:2735
AUC:{}
AVGP:{}
