

GENERAL_METRICS
ACC:0.9125
PREC:0.6096462361168243
REC:0.625005275968316
TNR:0.625005275968316
FPR:0.39035376388317566
FPDR:0.39035376388317566
F1:0.6166278365432537
BACC:0.0
CLSFE:0.0875
MCC:0.23414831201331152
GMEAN:0.5343946229250828
SAMPLES:4000.0
AUC:{'AUC macro OVO': 0.6096462361168243}
AVGP:{'avg_precision': 0.9485288463990886}


METRICS_PER_CLASSES
CLASS:0
ACC:0.9125
PREC:0.26153846153846155
REC:0.3008849557522124
TNR:0.9491255961844197
FPR:0.7384615384615385
FPDR:0.7384615384615385
F1:0.27983539094650206
BACC:0
CLSFE:0.7384615384615385
MCC:0.23414831201331152
GMEAN:0.5343946229250828
SAMPLES:260
AUC:{}
AVGP:{}
CLASS:1
ACC:0.9125
PREC:0.9577540106951872
REC:0.9491255961844197
TNR:0.3008849557522124
FPR:0.04224598930481283
FPDR:0.04224598930481283
F1:0.9534202821400053
BACC:0
CLSFE:0.04224598930481283
MCC:0.23414831201331152
GMEAN:0.5343946229250828
SAMPLES:3740
AUC:{}
AVGP:{}
