

GENERAL_METRICS
ACC:0.8968571428571429
PREC:0.5923076923076923
REC:0.6064081634328675
TNR:0.6064081634328675
FPR:0.4076923076923077
FPDR:0.4076923076923077
F1:0.5985972028562978
BACC:0.0
CLSFE:0.10314285714285715
MCC:0.19821495411989243
GMEAN:0.5068839886557981
SAMPLES:3500.0
AUC:{'AUC macro OVO': 0.5923076923076923}
AVGP:{'avg_precision': 0.9385957539561446}


METRICS_PER_CLASSES
CLASS:0
ACC:0.8968571428571429
PREC:0.23461538461538461
REC:0.273542600896861
TNR:0.9392737259688739
FPR:0.7653846153846153
FPDR:0.7653846153846153
F1:0.2525879917184265
BACC:0
CLSFE:0.7653846153846153
MCC:0.19821495411989243
GMEAN:0.5068839886557981
SAMPLES:260
AUC:{}
AVGP:{}
CLASS:1
ACC:0.8968571428571429
PREC:0.95
REC:0.9392737259688739
TNR:0.273542600896861
FPR:0.05
FPDR:0.05
F1:0.9446064139941691
BACC:0
CLSFE:0.05
MCC:0.19821495411989243
GMEAN:0.5068839886557981
SAMPLES:3240
AUC:{}
AVGP:{}
