

GENERAL_METRICS
ACC:0.9094285714285715
PREC:0.6342549923195084
REC:0.6446972932355215
TNR:0.6446972932355215
FPR:0.36574500768049156
FPDR:0.36574500768049156
F1:0.6392056475778976
BACC:0.0
CLSFE:0.09057142857142857
MCC:0.2787567684702102
GMEAN:0.5685288805170842
SAMPLES:3500.0
AUC:{'AUC macro OVO': 0.6342549923195084}
AVGP:{'avg_precision': 0.9478312281185752}


METRICS_PER_CLASSES
CLASS:0
ACC:0.9094285714285715
PREC:0.3142857142857143
REC:0.3407079646017699
TNR:0.9486866218692731
FPR:0.6857142857142857
FPDR:0.6857142857142857
F1:0.32696390658174096
BACC:0
CLSFE:0.6857142857142857
MCC:0.2787567684702102
GMEAN:0.5685288805170842
SAMPLES:245
AUC:{}
AVGP:{}
CLASS:1
ACC:0.9094285714285715
PREC:0.9542242703533026
REC:0.9486866218692731
TNR:0.3407079646017699
FPR:0.04577572964669739
FPDR:0.04577572964669739
F1:0.9514473885740542
BACC:0
CLSFE:0.04577572964669739
MCC:0.2787567684702102
GMEAN:0.5685288805170842
SAMPLES:3255
AUC:{}
AVGP:{}
