

GENERAL_METRICS
ACC:0.8945714285714286
PREC:0.5994423791821561
REC:0.6147014428325392
TNR:0.6147014428325392
FPR:0.40055762081784385
FPDR:0.40055762081784385
F1:0.6062469988338326
BACC:0.0
CLSFE:0.10542857142857143
MCC:0.21359947912758373
GMEAN:0.5230888068398847
SAMPLES:3500.0
AUC:{'AUC macro OVO': 0.5994423791821561}
AVGP:{'avg_precision': 0.9367767766010415}


METRICS_PER_CLASSES
CLASS:0
ACC:0.8945714285714286
PREC:0.25
REC:0.2918454935622318
TNR:0.9375573921028466
FPR:0.75
FPDR:0.75
F1:0.2693069306930693
BACC:0
CLSFE:0.75
MCC:0.21359947912758373
GMEAN:0.5230888068398847
SAMPLES:272
AUC:{}
AVGP:{}
CLASS:1
ACC:0.8945714285714286
PREC:0.9488847583643123
REC:0.9375573921028466
TNR:0.2918454935622318
FPR:0.05111524163568773
FPDR:0.05111524163568773
F1:0.9431870669745959
BACC:0
CLSFE:0.05111524163568773
MCC:0.21359947912758373
GMEAN:0.5230888068398847
SAMPLES:3228
AUC:{}
AVGP:{}
