

GENERAL_METRICS
ACC:0.9014285714285715
PREC:0.5879775177831333
REC:0.6118939393939394
TNR:0.6118939393939394
FPR:0.41202248221686666
FPDR:0.41202248221686666
F1:0.5978108921803447
BACC:0.0
CLSFE:0.09857142857142857
MCC:0.19843539042071245
GMEAN:0.5172567500328492
SAMPLES:3500.0
AUC:{'AUC macro OVO': 0.5879775177831333}
AVGP:{'avg_precision': 0.9382236496404963}


METRICS_PER_CLASSES
CLASS:0
ACC:0.9014285714285715
PREC:0.22007722007722008
REC:0.285
TNR:0.9387878787878788
FPR:0.7799227799227799
FPDR:0.7799227799227799
F1:0.24836601307189543
BACC:0
CLSFE:0.7799227799227799
MCC:0.19843539042071245
GMEAN:0.5172567500328492
SAMPLES:259
AUC:{}
AVGP:{}
CLASS:1
ACC:0.9014285714285715
PREC:0.9558778154890466
REC:0.9387878787878788
TNR:0.285
FPR:0.044122184510953406
FPDR:0.044122184510953406
F1:0.9472557712887938
BACC:0
CLSFE:0.044122184510953406
MCC:0.19843539042071245
GMEAN:0.5172567500328492
SAMPLES:3241
AUC:{}
AVGP:{}
