

GENERAL_METRICS
ACC:0.8813333333333333
PREC:0.7742063492063492
REC:0.7799044031271519
TNR:0.7799044031271519
FPR:0.2257936507936508
FPDR:0.2257936507936508
F1:0.7770027160568067
BACC:0.0
CLSFE:0.11866666666666667
MCC:0.5540814543306013
GMEAN:0.7658436656170822
SAMPLES:1500.0
AUC:{'AUC macro OVO': 0.7742063492063492}
AVGP:{'avg_precision': 0.9213695428671732}


METRICS_PER_CLASSES
CLASS:0
ACC:0.8813333333333333
PREC:0.6166666666666667
REC:0.6324786324786325
TNR:0.9273301737756714
FPR:0.38333333333333336
FPDR:0.38333333333333336
F1:0.6244725738396625
BACC:0
CLSFE:0.38333333333333336
MCC:0.5540814543306013
GMEAN:0.7658436656170822
SAMPLES:240
AUC:{}
AVGP:{}
CLASS:1
ACC:0.8813333333333333
PREC:0.9317460317460318
REC:0.9273301737756714
TNR:0.6324786324786325
FPR:0.06825396825396825
FPDR:0.06825396825396825
F1:0.9295328582739509
BACC:0
CLSFE:0.06825396825396825
MCC:0.5540814543306013
GMEAN:0.7658436656170822
SAMPLES:1260
AUC:{}
AVGP:{}
