

GENERAL_METRICS
ACC:0.8766666666666667
PREC:0.7773856209150327
REC:0.7579550317034272
TNR:0.7579550317034272
FPR:0.22261437908496734
FPDR:0.22261437908496734
F1:0.7670336201968
BACC:0.0
CLSFE:0.12333333333333334
MCC:0.5349879125259264
GMEAN:0.7370814860662946
SAMPLES:1500.0
AUC:{'AUC macro OVO': 0.7773856209150327}
AVGP:{'avg_precision': 0.927774150170435}


METRICS_PER_CLASSES
CLASS:0
ACC:0.8766666666666667
PREC:0.6355555555555555
REC:0.5813008130081301
TNR:0.9346092503987241
FPR:0.36444444444444446
FPDR:0.36444444444444446
F1:0.6072186836518046
BACC:0
CLSFE:0.36444444444444446
MCC:0.5349879125259264
GMEAN:0.7370814860662946
SAMPLES:225
AUC:{}
AVGP:{}
CLASS:1
ACC:0.8766666666666667
PREC:0.9192156862745098
REC:0.9346092503987241
TNR:0.5813008130081301
FPR:0.08078431372549019
FPDR:0.08078431372549019
F1:0.9268485567417952
BACC:0
CLSFE:0.08078431372549019
MCC:0.5349879125259264
GMEAN:0.7370814860662946
SAMPLES:1275
AUC:{}
AVGP:{}
