

GENERAL_METRICS
ACC:0.8766666666666667
PREC:0.7909224175487761
REC:0.796737214727721
TNR:0.796737214727721
FPR:0.209077582451224
FPDR:0.209077582451224
F1:0.7937721416261456
BACC:0.0
CLSFE:0.12333333333333334
MCC:0.5876308633326839
GMEAN:0.7868465809591085
SAMPLES:1500.0
AUC:{'AUC macro OVO': 0.790922417548776}
AVGP:{'avg_precision': 0.914078652069442}


METRICS_PER_CLASSES
CLASS:0
ACC:0.8766666666666667
PREC:0.6546762589928058
REC:0.6715867158671587
TNR:0.9218877135882831
FPR:0.34532374100719426
FPDR:0.34532374100719426
F1:0.663023679417122
BACC:0
CLSFE:0.34532374100719426
MCC:0.5876308633326839
GMEAN:0.7868465809591085
SAMPLES:278
AUC:{}
AVGP:{}
CLASS:1
ACC:0.8766666666666667
PREC:0.9271685761047463
REC:0.9218877135882831
TNR:0.6715867158671587
FPR:0.07283142389525368
FPDR:0.07283142389525368
F1:0.9245206038351693
BACC:0
CLSFE:0.07283142389525368
MCC:0.5876308633326839
GMEAN:0.7868465809591085
SAMPLES:1222
AUC:{}
AVGP:{}
