

GENERAL_METRICS
ACC:0.8553333333333333
PREC:0.7659208074195987
REC:0.7474981467753892
TNR:0.7474981467753892
FPR:0.23407919258040127
FPDR:0.23407919258040127
F1:0.756024617903071
BACC:0.0
CLSFE:0.14466666666666667
MCC:0.513088323879489
GMEAN:0.7270710558378821
SAMPLES:1500.0
AUC:{'AUC macro OVO': 0.7659208074195989}
AVGP:{'avg_precision': 0.9119148112020583}


METRICS_PER_CLASSES
CLASS:0
ACC:0.8553333333333333
PREC:0.6293436293436293
REC:0.573943661971831
TNR:0.9210526315789473
FPR:0.37065637065637064
FPDR:0.37065637065637064
F1:0.6003683241252302
BACC:0
CLSFE:0.37065637065637064
MCC:0.513088323879489
GMEAN:0.7270710558378821
SAMPLES:259
AUC:{}
AVGP:{}
CLASS:1
ACC:0.8553333333333333
PREC:0.9024979854955681
REC:0.9210526315789473
TNR:0.573943661971831
FPR:0.09750201450443191
FPDR:0.09750201450443191
F1:0.9116809116809117
BACC:0
CLSFE:0.09750201450443191
MCC:0.513088323879489
GMEAN:0.7270710558378821
SAMPLES:1241
AUC:{}
AVGP:{}
