

GENERAL_METRICS
ACC:0.93775
PREC:0.49986673773987206
REC:0.4689922480620155
TNR:0.4689922480620155
FPR:0.5001332622601279
FPDR:0.5001332622601279
F1:0.4839375564443298
BACC:0.0
CLSFE:0.06225
MCC:-0.004065544541505883
GMEAN:0.0
SAMPLES:4000.0
AUC:{'AUC macro OVO': 0.49986673773987206}
AVGP:{'avg_precision': 0.9379845002561941}


METRICS_PER_CLASSES
CLASS:0
ACC:0.93775
PREC:0.0
REC:0.0
TNR:0.937984496124031
FPR:1.0
FPDR:1.0
F1:0.0
BACC:0
CLSFE:1.0
MCC:-0.004065544541505883
GMEAN:0
SAMPLES:248
AUC:{}
AVGP:{}
CLASS:1
ACC:0.93775
PREC:0.9997334754797441
REC:0.937984496124031
TNR:0.0
FPR:0.00026652452025586353
FPDR:0.00026652452025586353
F1:0.9678751128886596
BACC:0
CLSFE:0.00026652452025586353
MCC:-0.004065544541505883
GMEAN:0
SAMPLES:3752
AUC:{}
AVGP:{}
