

GENERAL_METRICS
ACC:0.93925
PREC:0.5031564276191342
REC:0.5705513784461153
TNR:0.5705513784461153
FPR:0.49684357238086585
FPDR:0.49684357238086585
F1:0.49242581296726723
BACC:0.0
CLSFE:0.06075
MCC:0.029845624101050516
GMEAN:0.4338439251371928
SAMPLES:4000.0
AUC:{'AUC macro OVO': 0.5031564276191342}
AVGP:{'avg_precision': 0.9411020069440144}


METRICS_PER_CLASSES
CLASS:0
ACC:0.93925
PREC:0.008438818565400843
REC:0.2
TNR:0.9411027568922306
FPR:0.9915611814345991
FPDR:0.9915611814345991
F1:0.016194331983805668
BACC:0
CLSFE:0.9915611814345991
MCC:0.029845624101050516
GMEAN:0.4338439251371928
SAMPLES:237
AUC:{}
AVGP:{}
CLASS:1
ACC:0.93925
PREC:0.9978740366728674
REC:0.9411027568922306
TNR:0.2
FPR:0.002125963327132607
FPDR:0.002125963327132607
F1:0.9686572939507287
BACC:0
CLSFE:0.002125963327132607
MCC:0.029845624101050516
GMEAN:0.4338439251371928
SAMPLES:3763
AUC:{}
AVGP:{}
