

GENERAL_METRICS
ACC:0.93525
PREC:0.5055018510900864
REC:0.7678347934918648
TNR:0.7678347934918648
FPR:0.4944981489099136
FPDR:0.4944981489099136
F1:0.49457867326901733
BACC:0.0
CLSFE:0.06475
MCC:0.07677466119850423
GMEAN:0.7492674770669269
SAMPLES:4000.0
AUC:{'AUC macro OVO': 0.5055018510900864}
AVGP:{'avg_precision': 0.9356692289158239}


METRICS_PER_CLASSES
CLASS:0
ACC:0.93525
PREC:0.011538461538461539
REC:0.6
TNR:0.9356695869837297
FPR:0.9884615384615385
FPDR:0.9884615384615385
F1:0.022641509433962263
BACC:0
CLSFE:0.9884615384615385
MCC:0.07677466119850423
GMEAN:0.7492674770669269
SAMPLES:260
AUC:{}
AVGP:{}
CLASS:1
ACC:0.93525
PREC:0.9994652406417113
REC:0.9356695869837297
TNR:0.6
FPR:0.0005347593582887701
FPDR:0.0005347593582887701
F1:0.9665158371040724
BACC:0
CLSFE:0.0005347593582887701
MCC:0.07677466119850423
GMEAN:0.7492674770669269
SAMPLES:3740
AUC:{}
AVGP:{}
