

GENERAL_METRICS
ACC:0.9208
PREC:0.5615796487751118
REC:0.61232571783545
TNR:0.61232571783545
FPR:0.4384203512248882
FPDR:0.4384203512248882
F1:0.5767364068255744
BACC:0.0
CLSFE:0.0792
MCC:0.1663367458226753
GMEAN:0.5151035369539222
SAMPLES:3750.0
AUC:{'AUC macro OVO': 0.5615796487751118}
AVGP:{'avg_precision': 0.9432003910955065}


METRICS_PER_CLASSES
CLASS:0
ACC:0.9208
PREC:0.14937759336099585
REC:0.28125
TNR:0.9434014356709001
FPR:0.8506224066390041
FPDR:0.8506224066390041
F1:0.1951219512195122
BACC:0
CLSFE:0.8506224066390041
MCC:0.1663367458226753
GMEAN:0.5151035369539222
SAMPLES:241
AUC:{}
AVGP:{}
CLASS:1
ACC:0.9208
PREC:0.9737817041892277
REC:0.9434014356709001
TNR:0.28125
FPR:0.0262182958107723
FPDR:0.0262182958107723
F1:0.9583508624316365
BACC:0
CLSFE:0.0262182958107723
MCC:0.1663367458226753
GMEAN:0.5151035369539222
SAMPLES:3509
AUC:{}
AVGP:{}
