

GENERAL_METRICS
ACC:0.9176
PREC:0.578696848577521
REC:0.6448060941828255
TNR:0.6448060941828255
FPR:0.421303151422479
FPDR:0.421303151422479
F1:0.5986110817634855
BACC:0.0
CLSFE:0.0824
MCC:0.21350206806500083
GMEAN:0.5734668830263678
SAMPLES:3750.0
AUC:{'AUC macro OVO': 0.578696848577521}
AVGP:{'avg_precision': 0.9393296993787793}


METRICS_PER_CLASSES
CLASS:0
ACC:0.9176
PREC:0.18352059925093633
REC:0.35
TNR:0.939612188365651
FPR:0.8164794007490637
FPDR:0.8164794007490637
F1:0.24078624078624078
BACC:0
CLSFE:0.8164794007490637
MCC:0.21350206806500083
GMEAN:0.5734668830263678
SAMPLES:267
AUC:{}
AVGP:{}
CLASS:1
ACC:0.9176
PREC:0.9738730979041057
REC:0.939612188365651
TNR:0.35
FPR:0.026126902095894345
FPDR:0.026126902095894345
F1:0.9564359227407303
BACC:0
CLSFE:0.026126902095894345
MCC:0.21350206806500083
GMEAN:0.5734668830263678
SAMPLES:3483
AUC:{}
AVGP:{}
