

GENERAL_METRICS
ACC:0.9224
PREC:0.5659281085096122
REC:0.6249577424692632
TNR:0.6249577424692632
FPR:0.43407189149038783
FPDR:0.43407189149038783
F1:0.5831440848861893
BACC:0.0
CLSFE:0.0776
MCC:0.1815293651686113
GMEAN:0.5377044032748295
SAMPLES:3750.0
AUC:{'AUC macro OVO': 0.5659281085096122}
AVGP:{'avg_precision': 0.9432612221935452}


METRICS_PER_CLASSES
CLASS:0
ACC:0.9224
PREC:0.15637860082304528
REC:0.3064516129032258
TNR:0.9434638720353006
FPR:0.8436213991769548
FPDR:0.8436213991769548
F1:0.20708446866485014
BACC:0
CLSFE:0.8436213991769548
MCC:0.1815293651686113
GMEAN:0.5377044032748295
SAMPLES:243
AUC:{}
AVGP:{}
CLASS:1
ACC:0.9224
PREC:0.9754776161961791
REC:0.9434638720353006
TNR:0.3064516129032258
FPR:0.024522383803820928
FPDR:0.024522383803820928
F1:0.9592037011075284
BACC:0
CLSFE:0.024522383803820928
MCC:0.1815293651686113
GMEAN:0.5377044032748295
SAMPLES:3507
AUC:{}
AVGP:{}
