

GENERAL_METRICS
ACC:0.9250666666666667
PREC:0.5541576374760697
REC:0.6044887383475189
TNR:0.6044887383475189
FPR:0.4458423625239302
FPDR:0.4458423625239302
F1:0.5683508935494931
BACC:0.0
CLSFE:0.07493333333333334
MCC:0.15045083199180845
GMEAN:0.4988986770768178
SAMPLES:3750.0
AUC:{'AUC macro OVO': 0.5541576374760698}
AVGP:{'avg_precision': 0.9456681073954685}


METRICS_PER_CLASSES
CLASS:0
ACC:0.9250666666666667
PREC:0.13215859030837004
REC:0.2631578947368421
TNR:0.9458195819581958
FPR:0.8678414096916299
FPDR:0.8678414096916299
F1:0.17595307917888564
BACC:0
CLSFE:0.8678414096916299
MCC:0.15045083199180845
GMEAN:0.4988986770768178
SAMPLES:227
AUC:{}
AVGP:{}
CLASS:1
ACC:0.9250666666666667
PREC:0.9761566846437695
REC:0.9458195819581958
TNR:0.2631578947368421
FPR:0.023843315356230486
FPDR:0.023843315356230486
F1:0.9607487079201006
BACC:0
CLSFE:0.023843315356230486
MCC:0.15045083199180845
GMEAN:0.4988986770768178
SAMPLES:3523
AUC:{}
AVGP:{}
