

GENERAL_METRICS
ACC:0.92
PREC:0.5264460755169768
REC:0.5609173078359603
TNR:0.5609173078359603
FPR:0.4735539244830233
FPDR:0.4735539244830233
F1:0.5326334051208423
BACC:0.0
CLSFE:0.08
MCC:0.0802751200141295
GMEAN:0.41341514109004035
SAMPLES:3750.0
AUC:{'AUC macro OVO': 0.5264460755169766}
AVGP:{'avg_precision': 0.9399422718434476}


METRICS_PER_CLASSES
CLASS:0
ACC:0.92
PREC:0.0759493670886076
REC:0.18181818181818182
TNR:0.9400164338537387
FPR:0.9240506329113924
FPDR:0.9240506329113924
F1:0.10714285714285714
BACC:0
CLSFE:0.9240506329113924
MCC:0.0802751200141295
GMEAN:0.41341514109004035
SAMPLES:237
AUC:{}
AVGP:{}
CLASS:1
ACC:0.92
PREC:0.9769427839453458
REC:0.9400164338537387
TNR:0.18181818181818182
FPR:0.02305721605465414
FPDR:0.02305721605465414
F1:0.9581239530988275
BACC:0
CLSFE:0.02305721605465414
MCC:0.0802751200141295
GMEAN:0.41341514109004035
SAMPLES:3513
AUC:{}
AVGP:{}
