

GENERAL_METRICS
ACC:0.9261333333333334
PREC:0.5596908838115623
REC:0.6443072847978184
TNR:0.6443072847978184
FPR:0.4403091161884377
FPDR:0.4403091161884377
F1:0.5791936316956825
BACC:0.0
CLSFE:0.07386666666666666
MCC:0.18562143593915667
GMEAN:0.5715801316767397
SAMPLES:3750.0
AUC:{'AUC macro OVO': 0.5596908838115623}
AVGP:{'avg_precision': 0.9415379929183946}


METRICS_PER_CLASSES
CLASS:0
ACC:0.9261333333333334
PREC:0.13765182186234817
REC:0.3469387755102041
TNR:0.9416757940854327
FPR:0.8623481781376519
FPDR:0.8623481781376519
F1:0.19710144927536233
BACC:0
CLSFE:0.8623481781376519
MCC:0.18562143593915667
GMEAN:0.5715801316767397
SAMPLES:247
AUC:{}
AVGP:{}
CLASS:1
ACC:0.9261333333333334
PREC:0.9817299457607764
REC:0.9416757940854327
TNR:0.3469387755102041
FPR:0.018270054239223524
FPDR:0.018270054239223524
F1:0.9612858141160028
BACC:0
CLSFE:0.018270054239223524
MCC:0.18562143593915667
GMEAN:0.5715801316767397
SAMPLES:3503
AUC:{}
AVGP:{}
