

GENERAL_METRICS
ACC:0.9189333333333334
PREC:0.5338639871674586
REC:0.56806275715909
TNR:0.56806275715909
FPR:0.46613601283254136
FPDR:0.46613601283254136
F1:0.541965594384016
BACC:0.0
CLSFE:0.08106666666666666
MCC:0.09601825524382908
GMEAN:0.4281218033849216
SAMPLES:3750.0
AUC:{'AUC macro OVO': 0.5338639871674586}
AVGP:{'avg_precision': 0.9413290541485728}


METRICS_PER_CLASSES
CLASS:0
ACC:0.9189333333333334
PREC:0.09361702127659574
REC:0.19469026548672566
TNR:0.9414352488314545
FPR:0.9063829787234042
FPDR:0.9063829787234042
F1:0.12643678160919541
BACC:0
CLSFE:0.9063829787234042
MCC:0.09601825524382908
GMEAN:0.4281218033849216
SAMPLES:235
AUC:{}
AVGP:{}
CLASS:1
ACC:0.9189333333333334
PREC:0.9741109530583215
REC:0.9414352488314545
TNR:0.19469026548672566
FPR:0.025889046941678522
FPDR:0.025889046941678522
F1:0.9574944071588367
BACC:0
CLSFE:0.025889046941678522
MCC:0.09601825524382908
GMEAN:0.4281218033849216
SAMPLES:3515
AUC:{}
AVGP:{}
