

GENERAL_METRICS
ACC:0.9205333333333333
PREC:0.5285044688346094
REC:0.5735128495445522
TNR:0.5735128495445522
FPR:0.4714955311653905
FPDR:0.4714955311653905
F1:0.5357491824200367
BACC:0.0
CLSFE:0.07946666666666667
MCC:0.0915520557668919
GMEAN:0.4426003991852033
SAMPLES:3750.0
AUC:{'AUC macro OVO': 0.5285044688346094}
AVGP:{'avg_precision': 0.938161199769665}


METRICS_PER_CLASSES
CLASS:0
ACC:0.9205333333333333
PREC:0.07755102040816327
REC:0.2087912087912088
TNR:0.9382344902978956
FPR:0.9224489795918367
FPDR:0.9224489795918367
F1:0.1130952380952381
BACC:0
CLSFE:0.9224489795918367
MCC:0.0915520557668919
GMEAN:0.4426003991852033
SAMPLES:245
AUC:{}
AVGP:{}
CLASS:1
ACC:0.9205333333333333
PREC:0.9794579172610557
REC:0.9382344902978956
TNR:0.2087912087912088
FPR:0.020542082738944364
FPDR:0.020542082738944364
F1:0.9584031267448353
BACC:0
CLSFE:0.020542082738944364
MCC:0.0915520557668919
GMEAN:0.4426003991852033
SAMPLES:3505
AUC:{}
AVGP:{}
