

GENERAL_METRICS
ACC:0.9225454545454546
PREC:0.7220865325981292
REC:0.7667652361782489
TNR:0.7667652361782489
FPR:0.27791346740187084
FPDR:0.27791346740187084
F1:0.7417213024036784
BACC:0.0
CLSFE:0.07745454545454546
MCC:0.48680577778226214
GMEAN:0.7447037508822006
SAMPLES:2750.0
AUC:{'AUC macro OVO': 0.7220865325981292}
AVGP:{'avg_precision': 0.9480568427634234}


METRICS_PER_CLASSES
CLASS:0
ACC:0.9225454545454546
PREC:0.4777327935222672
REC:0.5841584158415841
TNR:0.9493720565149136
FPR:0.5222672064777328
FPDR:0.5222672064777328
F1:0.5256124721603563
BACC:0
CLSFE:0.5222672064777328
MCC:0.48680577778226214
GMEAN:0.7447037508822006
SAMPLES:247
AUC:{}
AVGP:{}
CLASS:1
ACC:0.9225454545454546
PREC:0.9664402716739912
REC:0.9493720565149136
TNR:0.5841584158415841
FPR:0.033559728326008786
FPDR:0.033559728326008786
F1:0.9578301326470006
BACC:0
CLSFE:0.033559728326008786
MCC:0.48680577778226214
GMEAN:0.7447037508822006
SAMPLES:2503
AUC:{}
AVGP:{}
