

GENERAL_METRICS
ACC:0.9141818181818182
PREC:0.7223999999999999
REC:0.7398205659075224
TNR:0.7398205659075224
FPR:0.2776
FPDR:0.2776
F1:0.7306606905710491
BACC:0.0
CLSFE:0.08581818181818182
MCC:0.46189216861875015
GMEAN:0.7095717465429859
SAMPLES:2750.0
AUC:{'AUC macro OVO': 0.7223999999999999}
AVGP:{'avg_precision': 0.9474733621933621}


METRICS_PER_CLASSES
CLASS:0
ACC:0.9141818181818182
PREC:0.488
REC:0.5304347826086957
TNR:0.9492063492063492
FPR:0.512
FPDR:0.512
F1:0.5083333333333333
BACC:0
CLSFE:0.512
MCC:0.46189216861875015
GMEAN:0.7095717465429859
SAMPLES:250
AUC:{}
AVGP:{}
CLASS:1
ACC:0.9141818181818182
PREC:0.9568
REC:0.9492063492063492
TNR:0.5304347826086957
FPR:0.0432
FPDR:0.0432
F1:0.9529880478087649
BACC:0
CLSFE:0.0432
MCC:0.46189216861875015
GMEAN:0.7095717465429859
SAMPLES:2500
AUC:{}
AVGP:{}
