

GENERAL_METRICS
ACC:0.9189090909090909
PREC:0.7547173901523727
REC:0.7538
TNR:0.7538
FPR:0.2452826098476272
FPDR:0.2452826098476272
F1:0.7542575653206032
BACC:0.0
CLSFE:0.08109090909090909
MCC:0.5085165626434294
GMEAN:0.7262858941215918
SAMPLES:2750.0
AUC:{'AUC macro OVO': 0.7547173901523727}
AVGP:{'avg_precision': 0.9535335102322707}


METRICS_PER_CLASSES
CLASS:0
ACC:0.9189090909090909
PREC:0.5542168674698795
REC:0.552
TNR:0.9556
FPR:0.4457831325301205
FPDR:0.4457831325301205
F1:0.5531062124248497
BACC:0
CLSFE:0.4457831325301205
MCC:0.5085165626434294
GMEAN:0.7262858941215918
SAMPLES:249
AUC:{}
AVGP:{}
CLASS:1
ACC:0.9189090909090909
PREC:0.955217912834866
REC:0.9556
TNR:0.552
FPR:0.044782087165133946
FPDR:0.044782087165133946
F1:0.9554089182163568
BACC:0
CLSFE:0.044782087165133946
MCC:0.5085165626434294
GMEAN:0.7262858941215918
SAMPLES:2501
AUC:{}
AVGP:{}
