

GENERAL_METRICS
ACC:0.9225454545454546
PREC:0.7316110596231078
REC:0.7798896456977316
TNR:0.7798896456977316
FPR:0.2683889403768922
FPDR:0.2683889403768922
F1:0.7527081779183917
BACC:0.0
CLSFE:0.07745454545454546
MCC:0.5092171930231257
GMEAN:0.7614660031739091
SAMPLES:2750.0
AUC:{'AUC macro OVO': 0.7316110596231078}
AVGP:{'avg_precision': 0.9469904549991294}


METRICS_PER_CLASSES
CLASS:0
ACC:0.9225454545454546
PREC:0.49615384615384617
REC:0.6113744075829384
TNR:0.9484048838125246
FPR:0.5038461538461538
FPDR:0.5038461538461538
F1:0.5477707006369427
BACC:0
CLSFE:0.5038461538461538
MCC:0.5092171930231257
GMEAN:0.7614660031739091
SAMPLES:260
AUC:{}
AVGP:{}
CLASS:1
ACC:0.9225454545454546
PREC:0.9670682730923694
REC:0.9484048838125246
TNR:0.6113744075829384
FPR:0.03293172690763052
FPDR:0.03293172690763052
F1:0.9576456551998409
BACC:0
CLSFE:0.03293172690763052
MCC:0.5092171930231257
GMEAN:0.7614660031739091
SAMPLES:2490
AUC:{}
AVGP:{}
