

GENERAL_METRICS
ACC:0.9015384615384615
PREC:0.5708476231057864
REC:0.5997871270109797
TNR:0.5997871270109797
FPR:0.4291523768942136
FPDR:0.4291523768942136
F1:0.5815791845300169
BACC:0.0
CLSFE:0.09846153846153846
MCC:0.16816278738511828
GMEAN:0.49662605846889635
SAMPLES:3250.0
AUC:{'AUC macro OVO': 0.5708476231057864}
AVGP:{'avg_precision': 0.9356820008300157}


METRICS_PER_CLASSES
CLASS:0
ACC:0.9015384615384615
PREC:0.1825726141078838
REC:0.2634730538922156
TNR:0.9361012001297437
FPR:0.8174273858921162
FPDR:0.8174273858921162
F1:0.21568627450980393
BACC:0
CLSFE:0.8174273858921162
MCC:0.16816278738511828
GMEAN:0.49662605846889635
SAMPLES:241
AUC:{}
AVGP:{}
CLASS:1
ACC:0.9015384615384615
PREC:0.959122632103689
REC:0.9361012001297437
TNR:0.2634730538922156
FPR:0.040877367896311065
FPDR:0.040877367896311065
F1:0.9474720945502298
BACC:0
CLSFE:0.040877367896311065
MCC:0.16816278738511828
GMEAN:0.49662605846889635
SAMPLES:3009
AUC:{}
AVGP:{}
