

GENERAL_METRICS
ACC:0.9018461538461539
PREC:0.5769990501837008
REC:0.6186679240502766
TNR:0.6186679240502766
FPR:0.42300094981629927
FPDR:0.42300094981629927
F1:0.5912853803756272
BACC:0.0
CLSFE:0.09815384615384615
MCC:0.19117863310676572
GMEAN:0.5328722888882548
SAMPLES:3250.0
AUC:{'AUC macro OVO': 0.5769990501837007}
AVGP:{'avg_precision': 0.9325482049422283}


METRICS_PER_CLASSES
CLASS:0
ACC:0.9018461538461539
PREC:0.19140625
REC:0.30434782608695654
TNR:0.9329880220135967
FPR:0.80859375
FPDR:0.80859375
F1:0.23501199040767387
BACC:0
CLSFE:0.80859375
MCC:0.19117863310676572
GMEAN:0.5328722888882548
SAMPLES:256
AUC:{}
AVGP:{}
CLASS:1
ACC:0.9018461538461539
PREC:0.9625918503674015
REC:0.9329880220135967
TNR:0.30434782608695654
FPR:0.03740814963259853
FPDR:0.03740814963259853
F1:0.9475587703435805
BACC:0
CLSFE:0.03740814963259853
MCC:0.19117863310676572
GMEAN:0.5328722888882548
SAMPLES:2994
AUC:{}
AVGP:{}
