

GENERAL_METRICS
ACC:0.896
PREC:0.5645416496529195
REC:0.5888149139409712
TNR:0.5888149139409712
FPR:0.43545835034708047
FPDR:0.43545835034708047
F1:0.5736007427925522
BACC:0.0
CLSFE:0.104
MCC:0.15142339395922103
GMEAN:0.4775196377491008
SAMPLES:3250.0
AUC:{'AUC macro OVO': 0.5645416496529195}
AVGP:{'avg_precision': 0.9328854728447722}


METRICS_PER_CLASSES
CLASS:0
ACC:0.896
PREC:0.17338709677419356
REC:0.24431818181818182
TNR:0.9333116460637606
FPR:0.8266129032258065
FPDR:0.8266129032258065
F1:0.2028301886792453
BACC:0
CLSFE:0.8266129032258065
MCC:0.15142339395922103
GMEAN:0.4775196377491008
SAMPLES:248
AUC:{}
AVGP:{}
CLASS:1
ACC:0.896
PREC:0.9556962025316456
REC:0.9333116460637606
TNR:0.24431818181818182
FPR:0.04430379746835443
FPDR:0.04430379746835443
F1:0.9443712969058591
BACC:0
CLSFE:0.04430379746835443
MCC:0.15142339395922103
GMEAN:0.4775196377491008
SAMPLES:3002
AUC:{}
AVGP:{}
