

GENERAL_METRICS
ACC:0.9049230769230769
PREC:0.5879872401292447
REC:0.6498335088851891
TNR:0.6498335088851891
FPR:0.4120127598707552
FPDR:0.4120127598707552
F1:0.6076012627092451
BACC:0.0
CLSFE:0.09507692307692307
MCC:0.22963829755237664
GMEAN:0.5857393778254515
SAMPLES:3250.0
AUC:{'AUC macro OVO': 0.5879872401292447}
AVGP:{'avg_precision': 0.9307946203527641}


METRICS_PER_CLASSES
CLASS:0
ACC:0.9049230769230769
PREC:0.20817843866171004
REC:0.3684210526315789
TNR:0.9312459651387992
FPR:0.79182156133829
FPDR:0.79182156133829
F1:0.2660332541567696
BACC:0
CLSFE:0.79182156133829
MCC:0.22963829755237664
GMEAN:0.5857393778254515
SAMPLES:269
AUC:{}
AVGP:{}
CLASS:1
ACC:0.9049230769230769
PREC:0.9677960415967796
REC:0.9312459651387992
TNR:0.3684210526315789
FPR:0.03220395840322039
FPDR:0.03220395840322039
F1:0.9491692712617207
BACC:0
CLSFE:0.03220395840322039
MCC:0.22963829755237664
GMEAN:0.5857393778254515
SAMPLES:2981
AUC:{}
AVGP:{}
