

GENERAL_METRICS
ACC:0.792
PREC:0.799370220422852
REC:0.8095554521895143
TNR:0.8095554521895143
FPR:0.200629779577148
FPDR:0.200629779577148
F1:0.7911445279866333
BACC:0.0
CLSFE:0.208
MCC:0.6088404847086649
GMEAN:0.8043753697936058
SAMPLES:500.0
AUC:{'AUC macro OVO': 0.799370220422852}
AVGP:{'avg_precision': 0.7844669098488797}


METRICS_PER_CLASSES
CLASS:0
ACC:0.792
PREC:0.9145299145299145
REC:0.7181208053691275
TNR:0.900990099009901
FPR:0.08547008547008547
FPDR:0.08547008547008547
F1:0.8045112781954887
BACC:0
CLSFE:0.08547008547008547
MCC:0.6088404847086649
GMEAN:0.8043753697936058
SAMPLES:234
AUC:{}
AVGP:{}
CLASS:1
ACC:0.792
PREC:0.6842105263157895
REC:0.900990099009901
TNR:0.7181208053691275
FPR:0.3157894736842105
FPDR:0.3157894736842105
F1:0.7777777777777778
BACC:0
CLSFE:0.3157894736842105
MCC:0.6088404847086649
GMEAN:0.8043753697936058
SAMPLES:266
AUC:{}
AVGP:{}
