

GENERAL_METRICS
ACC:0.79
PREC:0.7836852145754181
REC:0.8136698808848554
TNR:0.8136698808848554
FPR:0.216314785424582
FPDR:0.216314785424582
F1:0.7831286480859554
BACC:0.0
CLSFE:0.21
MCC:0.5966020699416522
GMEAN:0.8101254078251447
SAMPLES:500.0
AUC:{'AUC macro OVO': 0.7836852145754181}
AVGP:{'avg_precision': 0.7414512017125621}


METRICS_PER_CLASSES
CLASS:0
ACC:0.79
PREC:0.9272030651340997
REC:0.7378048780487805
TNR:0.8895348837209303
FPR:0.07279693486590039
FPDR:0.07279693486590039
F1:0.8217317487266553
BACC:0
CLSFE:0.07279693486590039
MCC:0.5966020699416522
GMEAN:0.8101254078251447
SAMPLES:261
AUC:{}
AVGP:{}
CLASS:1
ACC:0.79
PREC:0.6401673640167364
REC:0.8895348837209303
TNR:0.7378048780487805
FPR:0.3598326359832636
FPDR:0.3598326359832636
F1:0.7445255474452555
BACC:0
CLSFE:0.3598326359832636
MCC:0.5966020699416522
GMEAN:0.8101254078251447
SAMPLES:239
AUC:{}
AVGP:{}
