

GENERAL_METRICS
ACC:0.818
PREC:0.823076923076923
REC:0.8402474219844391
TNR:0.8402474219844391
FPR:0.1769230769230769
FPDR:0.1769230769230769
F1:0.8163775116933222
BACC:0.0
CLSFE:0.182
MCC:0.6631020741321445
GMEAN:0.8345625045083452
SAMPLES:500.0
AUC:{'AUC macro OVO': 0.823076923076923}
AVGP:{'avg_precision': 0.8108696691909127}


METRICS_PER_CLASSES
CLASS:0
ACC:0.818
PREC:0.95
REC:0.742671009771987
TNR:0.9378238341968912
FPR:0.05
FPDR:0.05
F1:0.8336380255941499
BACC:0
CLSFE:0.05
MCC:0.6631020741321445
GMEAN:0.8345625045083452
SAMPLES:240
AUC:{}
AVGP:{}
CLASS:1
ACC:0.818
PREC:0.6961538461538461
REC:0.9378238341968912
TNR:0.742671009771987
FPR:0.3038461538461538
FPDR:0.3038461538461538
F1:0.7991169977924945
BACC:0
CLSFE:0.3038461538461538
MCC:0.6631020741321445
GMEAN:0.8345625045083452
SAMPLES:260
AUC:{}
AVGP:{}
