

GENERAL_METRICS
ACC:0.82
PREC:0.8224889955982393
REC:0.8413731171317711
TNR:0.8413731171317711
FPR:0.1775110044017607
FPDR:0.1775110044017607
F1:0.8178757021903482
BACC:0.0
CLSFE:0.18
MCC:0.6635934709385407
GMEAN:0.8364848319351086
SAMPLES:500.0
AUC:{'AUC macro OVO': 0.8224889955982393}
AVGP:{'avg_precision': 0.8045286931526537}


METRICS_PER_CLASSES
CLASS:0
ACC:0.82
PREC:0.9469387755102041
REC:0.7508090614886731
TNR:0.9319371727748691
FPR:0.053061224489795916
FPDR:0.053061224489795916
F1:0.8375451263537906
BACC:0
CLSFE:0.053061224489795916
MCC:0.6635934709385407
GMEAN:0.8364848319351086
SAMPLES:245
AUC:{}
AVGP:{}
CLASS:1
ACC:0.82
PREC:0.6980392156862745
REC:0.9319371727748691
TNR:0.7508090614886731
FPR:0.30196078431372547
FPDR:0.30196078431372547
F1:0.7982062780269058
BACC:0
CLSFE:0.30196078431372547
MCC:0.6635934709385407
GMEAN:0.8364848319351086
SAMPLES:255
AUC:{}
AVGP:{}
