

GENERAL_METRICS
ACC:0.825
PREC:0.5830346903669725
REC:0.592466402609971
TNR:0.592466402609971
FPR:0.4169653096330275
FPDR:0.4169653096330275
F1:0.5871852877554439
BACC:0.0
CLSFE:0.175
MCC:0.1752474719939407
GMEAN:0.5106443476911257
SAMPLES:2000.0
AUC:{'AUC macro OVO': 0.5830346903669725}
AVGP:{'avg_precision': 0.8909802136880319}


METRICS_PER_CLASSES
CLASS:0
ACC:0.825
PREC:0.2578125
REC:0.2920353982300885
TNR:0.8928974069898534
FPR:0.7421875
FPDR:0.7421875
F1:0.27385892116182575
BACC:0
CLSFE:0.7421875
MCC:0.1752474719939407
GMEAN:0.5106443476911257
SAMPLES:256
AUC:{}
AVGP:{}
CLASS:1
ACC:0.825
PREC:0.908256880733945
REC:0.8928974069898534
TNR:0.2920353982300885
FPR:0.09174311926605505
FPDR:0.09174311926605505
F1:0.900511654349062
BACC:0
CLSFE:0.09174311926605505
MCC:0.1752474719939407
GMEAN:0.5106443476911257
SAMPLES:1744
AUC:{}
AVGP:{}
