

GENERAL_METRICS
ACC:0.8245
PREC:0.5809331797235022
REC:0.5950981824894434
TNR:0.5950981824894434
FPR:0.41906682027649766
FPDR:0.41906682027649766
F1:0.5867454793664137
BACC:0.0
CLSFE:0.1755
MCC:0.1754605174367902
GMEAN:0.5175572636338839
SAMPLES:2000.0
AUC:{'AUC macro OVO': 0.5809331797235022}
AVGP:{'avg_precision': 0.8869909865270119}


METRICS_PER_CLASSES
CLASS:0
ACC:0.8245
PREC:0.25
REC:0.3013698630136986
TNR:0.8888265019651881
FPR:0.75
FPDR:0.75
F1:0.2732919254658385
BACC:0
CLSFE:0.75
MCC:0.1754605174367902
GMEAN:0.5175572636338839
SAMPLES:264
AUC:{}
AVGP:{}
CLASS:1
ACC:0.8245
PREC:0.9118663594470046
REC:0.8888265019651881
TNR:0.3013698630136986
FPR:0.08813364055299538
FPDR:0.08813364055299538
F1:0.9001990332669889
BACC:0
CLSFE:0.08813364055299538
MCC:0.1754605174367902
GMEAN:0.5175572636338839
SAMPLES:1736
AUC:{}
AVGP:{}
