

GENERAL_METRICS
ACC:0.8833333333333333
PREC:0.810196196360389
REC:0.7989461358313817
TNR:0.7989461358313817
FPR:0.18980380363961108
FPDR:0.18980380363961108
F1:0.8043659556518117
BACC:0.0
CLSFE:0.11666666666666667
MCC:0.6090384363947181
GMEAN:0.7875160308393981
SAMPLES:1500.0
AUC:{'AUC macro OVO': 0.8101961963603889}
AVGP:{'avg_precision': 0.9250980282663901}


METRICS_PER_CLASSES
CLASS:0
ACC:0.8833333333333333
PREC:0.6966292134831461
REC:0.6642857142857143
TNR:0.9336065573770492
FPR:0.30337078651685395
FPDR:0.30337078651685395
F1:0.680073126142596
BACC:0
CLSFE:0.30337078651685395
MCC:0.6090384363947181
GMEAN:0.7875160308393981
SAMPLES:267
AUC:{}
AVGP:{}
CLASS:1
ACC:0.8833333333333333
PREC:0.9237631792376317
REC:0.9336065573770492
TNR:0.6642857142857143
FPR:0.07623682076236821
FPDR:0.07623682076236821
F1:0.9286587851610273
BACC:0
CLSFE:0.07623682076236821
MCC:0.6090384363947181
GMEAN:0.7875160308393981
SAMPLES:1233
AUC:{}
AVGP:{}
