

GENERAL_METRICS
ACC:0.86
PREC:0.7750441306266549
REC:0.7584878054400295
TNR:0.7584878054400295
FPR:0.2249558693733451
FPDR:0.2249558693733451
F1:0.7662337662337662
BACC:0.0
CLSFE:0.14
MCC:0.5332749899436307
GMEAN:0.7405273654790099
SAMPLES:1500.0
AUC:{'AUC macro OVO': 0.7750441306266549}
AVGP:{'avg_precision': 0.9133191087794501}


METRICS_PER_CLASSES
CLASS:0
ACC:0.86
PREC:0.6439393939393939
REC:0.5944055944055944
TNR:0.9225700164744646
FPR:0.3560606060606061
FPDR:0.3560606060606061
F1:0.6181818181818182
BACC:0
CLSFE:0.3560606060606061
MCC:0.5332749899436307
GMEAN:0.7405273654790099
SAMPLES:264
AUC:{}
AVGP:{}
CLASS:1
ACC:0.86
PREC:0.9061488673139159
REC:0.9225700164744646
TNR:0.5944055944055944
FPR:0.09385113268608414
FPDR:0.09385113268608414
F1:0.9142857142857143
BACC:0
CLSFE:0.09385113268608414
MCC:0.5332749899436307
GMEAN:0.7405273654790099
SAMPLES:1236
AUC:{}
AVGP:{}
