

GENERAL_METRICS
ACC:0.872
PREC:0.7960088691796009
REC:0.7658526359920343
TNR:0.7658526359920343
FPR:0.2039911308203991
FPDR:0.2039911308203991
F1:0.7793468667255075
BACC:0.0
CLSFE:0.128
MCC:0.5610516487754693
GMEAN:0.7467218649897063
SAMPLES:1500.0
AUC:{'AUC macro OVO': 0.7960088691796009}
AVGP:{'avg_precision': 0.9268732646663681}


METRICS_PER_CLASSES
CLASS:0
ACC:0.872
PREC:0.6829268292682927
REC:0.5957446808510638
TNR:0.9359605911330049
FPR:0.3170731707317073
FPDR:0.3170731707317073
F1:0.6363636363636364
BACC:0
CLSFE:0.3170731707317073
MCC:0.5610516487754693
GMEAN:0.7467218649897063
SAMPLES:246
AUC:{}
AVGP:{}
CLASS:1
ACC:0.872
PREC:0.9090909090909091
REC:0.9359605911330049
TNR:0.5957446808510638
FPR:0.09090909090909091
FPDR:0.09090909090909091
F1:0.9223300970873787
BACC:0
CLSFE:0.09090909090909091
MCC:0.5610516487754693
GMEAN:0.7467218649897063
SAMPLES:1254
AUC:{}
AVGP:{}
