

GENERAL_METRICS
ACC:0.8706666666666667
PREC:0.786766370573586
REC:0.7578678865683082
TNR:0.7578678865683082
FPR:0.213233629426414
FPDR:0.213233629426414
F1:0.7708480982754548
BACC:0.0
CLSFE:0.12933333333333333
MCC:0.5438670349218635
GMEAN:0.736912379037178
SAMPLES:1500.0
AUC:{'AUC macro OVO': 0.7867663705735859}
AVGP:{'avg_precision': 0.9264054884186725}


METRICS_PER_CLASSES
CLASS:0
ACC:0.8706666666666667
PREC:0.6638655462184874
REC:0.5808823529411765
TNR:0.9348534201954397
FPR:0.33613445378151263
FPDR:0.33613445378151263
F1:0.6196078431372549
BACC:0
CLSFE:0.33613445378151263
MCC:0.5438670349218635
GMEAN:0.736912379037178
SAMPLES:238
AUC:{}
AVGP:{}
CLASS:1
ACC:0.8706666666666667
PREC:0.9096671949286846
REC:0.9348534201954397
TNR:0.5808823529411765
FPR:0.09033280507131537
FPDR:0.09033280507131537
F1:0.9220883534136546
BACC:0
CLSFE:0.09033280507131537
MCC:0.5438670349218635
GMEAN:0.736912379037178
SAMPLES:1262
AUC:{}
AVGP:{}
