

GENERAL_METRICS
ACC:0.9058181818181819
PREC:0.5927427739654814
REC:0.660796863081617
TNR:0.660796863081617
FPR:0.40725722603451864
FPDR:0.40725722603451864
F1:0.6140861141980007
BACC:0.0
CLSFE:0.09418181818181819
MCC:0.2442355185237141
GMEAN:0.603042004057357
SAMPLES:2750.0
AUC:{'AUC macro OVO': 0.5927427739654814}
AVGP:{'avg_precision': 0.9305052245194341}


METRICS_PER_CLASSES
CLASS:0
ACC:0.9058181818181819
PREC:0.21645021645021645
REC:0.390625
TNR:0.9309687261632341
FPR:0.7835497835497836
FPDR:0.7835497835497836
F1:0.2785515320334262
BACC:0
CLSFE:0.7835497835497836
MCC:0.2442355185237141
GMEAN:0.603042004057357
SAMPLES:231
AUC:{}
AVGP:{}
CLASS:1
ACC:0.9058181818181819
PREC:0.9690353314807463
REC:0.9309687261632341
TNR:0.390625
FPR:0.030964668519253672
FPDR:0.030964668519253672
F1:0.9496206963625754
BACC:0
CLSFE:0.030964668519253672
MCC:0.2442355185237141
GMEAN:0.603042004057357
SAMPLES:2519
AUC:{}
AVGP:{}
