

GENERAL_METRICS
ACC:0.9072727272727272
PREC:0.6047737646021087
REC:0.6581239739047784
TNR:0.6581239739047784
FPR:0.39522623539789126
FPDR:0.39522623539789126
F1:0.6239403967650026
BACC:0.0
CLSFE:0.09272727272727273
MCC:0.2574276132806987
GMEAN:0.5965993885188446
SAMPLES:2750.0
AUC:{'AUC macro OVO': 0.6047737646021087}
AVGP:{'avg_precision': 0.935398036761299}


METRICS_PER_CLASSES
CLASS:0
ACC:0.9072727272727272
PREC:0.24434389140271492
REC:0.38028169014084506
TNR:0.9359662576687117
FPR:0.755656108597285
FPDR:0.755656108597285
F1:0.2975206611570248
BACC:0
CLSFE:0.755656108597285
MCC:0.2574276132806987
GMEAN:0.5965993885188446
SAMPLES:221
AUC:{}
AVGP:{}
CLASS:1
ACC:0.9072727272727272
PREC:0.9652036378015025
REC:0.9359662576687117
TNR:0.38028169014084506
FPR:0.03479636219849743
FPDR:0.03479636219849743
F1:0.9503601323729803
BACC:0
CLSFE:0.03479636219849743
MCC:0.2574276132806987
GMEAN:0.5965993885188446
SAMPLES:2529
AUC:{}
AVGP:{}
