

GENERAL_METRICS
ACC:0.8887272727272727
PREC:0.572202787879312
REC:0.6550301589806914
TNR:0.6550301589806914
FPR:0.427797212120688
FPDR:0.427797212120688
F1:0.5912635808321806
BACC:0.0
CLSFE:0.11127272727272727
MCC:0.2115997134570733
GMEAN:0.6026542266382987
SAMPLES:2750.0
AUC:{'AUC macro OVO': 0.572202787879312}
AVGP:{'avg_precision': 0.9112706828331902}


METRICS_PER_CLASSES
CLASS:0
ACC:0.8887272727272727
PREC:0.17437722419928825
REC:0.3983739837398374
TNR:0.9116863342215454
FPR:0.8256227758007118
FPDR:0.8256227758007118
F1:0.24257425742574257
BACC:0
CLSFE:0.8256227758007118
MCC:0.2115997134570733
GMEAN:0.6026542266382987
SAMPLES:281
AUC:{}
AVGP:{}
CLASS:1
ACC:0.8887272727272727
PREC:0.9700283515593358
REC:0.9116863342215454
TNR:0.3983739837398374
FPR:0.029971648440664238
FPDR:0.029971648440664238
F1:0.9399529042386185
BACC:0
CLSFE:0.029971648440664238
MCC:0.2115997134570733
GMEAN:0.6026542266382987
SAMPLES:2469
AUC:{}
AVGP:{}
