

GENERAL_METRICS
ACC:0.8985454545454545
PREC:0.5457413358932621
REC:0.5930053288354709
TNR:0.5930053288354709
FPR:0.4542586641067379
FPDR:0.4542586641067379
F1:0.5565733770643395
BACC:0.0
CLSFE:0.10145454545454545
MCC:0.13044827306065143
GMEAN:0.49181331093569763
SAMPLES:2750.0
AUC:{'AUC macro OVO': 0.5457413358932621}
AVGP:{'avg_precision': 0.9241017045527853}


METRICS_PER_CLASSES
CLASS:0
ACC:0.8985454545454545
PREC:0.12280701754385964
REC:0.2616822429906542
TNR:0.9243284146802876
FPR:0.8771929824561403
FPDR:0.8771929824561403
F1:0.16716417910447762
BACC:0
CLSFE:0.8771929824561403
MCC:0.13044827306065143
GMEAN:0.49181331093569763
SAMPLES:228
AUC:{}
AVGP:{}
CLASS:1
ACC:0.8985454545454545
PREC:0.9686756542426646
REC:0.9243284146802876
TNR:0.2616822429906542
FPR:0.03132434575733545
FPDR:0.03132434575733545
F1:0.9459825750242014
BACC:0
CLSFE:0.03132434575733545
MCC:0.13044827306065143
GMEAN:0.49181331093569763
SAMPLES:2522
AUC:{}
AVGP:{}
