

GENERAL_METRICS
ACC:0.924
PREC:0.5016716539803867
REC:0.5874499332443257
TNR:0.5874499332443257
FPR:0.49832834601961323
FPDR:0.49832834601961323
F1:0.48459046040238113
BACC:0.0
CLSFE:0.076
MCC:0.024181482915026954
GMEAN:0.4808585723704662
SAMPLES:3000.0
AUC:{'AUC macro OVO': 0.5016716539803867}
AVGP:{'avg_precision': 0.9248996142898533}


METRICS_PER_CLASSES
CLASS:0
ACC:0.924
PREC:0.004424778761061947
REC:0.25
TNR:0.9248998664886515
FPR:0.995575221238938
FPDR:0.995575221238938
F1:0.008695652173913044
BACC:0
CLSFE:0.995575221238938
MCC:0.024181482915026954
GMEAN:0.4808585723704662
SAMPLES:226
AUC:{}
AVGP:{}
CLASS:1
ACC:0.924
PREC:0.9989185291997116
REC:0.9248998664886515
TNR:0.25
FPR:0.0010814708002883922
FPDR:0.0010814708002883922
F1:0.9604852686308493
BACC:0
CLSFE:0.0010814708002883922
MCC:0.024181482915026954
GMEAN:0.4808585723704662
SAMPLES:2774
AUC:{}
AVGP:{}
