

GENERAL_METRICS
ACC:0.9213333333333333
PREC:0.5012519932230417
REC:0.5447561790247161
TNR:0.5447561790247161
FPR:0.49874800677695835
FPDR:0.49874800677695835
F1:0.4837226803251672
BACC:0.0
CLSFE:0.07866666666666666
MCC:0.014971230120225096
GMEAN:0.3921831399110126
SAMPLES:3000.0
AUC:{'AUC macro OVO': 0.5012519932230417}
AVGP:{'avg_precision': 0.9228453679999691}


METRICS_PER_CLASSES
CLASS:0
ACC:0.9213333333333333
PREC:0.004310344827586207
REC:0.16666666666666666
TNR:0.9228456913827655
FPR:0.9956896551724138
FPDR:0.9956896551724138
F1:0.008403361344537815
BACC:0
CLSFE:0.9956896551724138
MCC:0.014971230120225096
GMEAN:0.3921831399110126
SAMPLES:232
AUC:{}
AVGP:{}
CLASS:1
ACC:0.9213333333333333
PREC:0.9981936416184971
REC:0.9228456913827655
TNR:0.16666666666666666
FPR:0.0018063583815028901
FPDR:0.0018063583815028901
F1:0.9590419993057966
BACC:0
CLSFE:0.0018063583815028901
MCC:0.014971230120225096
GMEAN:0.3921831399110126
SAMPLES:2768
AUC:{}
AVGP:{}
