

GENERAL_METRICS
ACC:0.905
PREC:0.5038865546218487
REC:0.5900270689497855
TNR:0.5900270689497855
FPR:0.4961134453781513
FPDR:0.4961134453781513
F1:0.4853486898061119
BACC:0.0
CLSFE:0.095
MCC:0.037410967424982976
GMEAN:0.4974462598217287
SAMPLES:3000.0
AUC:{'AUC macro OVO': 0.5038865546218487}
AVGP:{'avg_precision': 0.9073249234119878}


METRICS_PER_CLASSES
CLASS:0
ACC:0.905
PREC:0.010714285714285714
REC:0.2727272727272727
TNR:0.9073268651722984
FPR:0.9892857142857143
FPDR:0.9892857142857143
F1:0.020618556701030927
BACC:0
CLSFE:0.9892857142857143
MCC:0.037410967424982976
GMEAN:0.4974462598217287
SAMPLES:280
AUC:{}
AVGP:{}
CLASS:1
ACC:0.905
PREC:0.9970588235294118
REC:0.9073268651722984
TNR:0.2727272727272727
FPR:0.0029411764705882353
FPDR:0.0029411764705882353
F1:0.9500788229111928
BACC:0
CLSFE:0.0029411764705882353
MCC:0.037410967424982976
GMEAN:0.4974462598217287
SAMPLES:2720
AUC:{}
AVGP:{}
