

GENERAL_METRICS
ACC:0.9136666666666666
PREC:0.5010500375013394
REC:0.5409151636606546
TNR:0.5409151636606546
FPR:0.4989499624986607
FPDR:0.4989499624986607
F1:0.4812665108463367
BACC:0.0
CLSFE:0.08633333333333333
MCC:0.013109150425122706
GMEAN:0.39054740656644205
SAMPLES:3000.0
AUC:{'AUC macro OVO': 0.5010500375013394}
AVGP:{'avg_precision': 0.9151633625478035}


METRICS_PER_CLASSES
CLASS:0
ACC:0.9136666666666666
PREC:0.00392156862745098
REC:0.16666666666666666
TNR:0.9151636606546426
FPR:0.996078431372549
FPDR:0.996078431372549
F1:0.007662835249042145
BACC:0
CLSFE:0.996078431372549
MCC:0.013109150425122706
GMEAN:0.39054740656644205
SAMPLES:255
AUC:{}
AVGP:{}
CLASS:1
ACC:0.9136666666666666
PREC:0.9981785063752276
REC:0.9151636606546426
TNR:0.16666666666666666
FPR:0.0018214936247723133
FPDR:0.0018214936247723133
F1:0.9548701864436313
BACC:0
CLSFE:0.0018214936247723133
MCC:0.013109150425122706
GMEAN:0.39054740656644205
SAMPLES:2745
AUC:{}
AVGP:{}
