

GENERAL_METRICS
ACC:0.93625
PREC:0.5124
REC:0.6536905564589696
TNR:0.6536905564589696
FPR:0.4876
FPDR:0.4876
F1:0.509530259819132
BACC:0.0
CLSFE:0.06375
MCC:0.08731008876621814
GMEAN:0.5881603980120658
SAMPLES:4000.0
AUC:{'AUC macro OVO': 0.5124000000000001}
AVGP:{'avg_precision': 0.9389553880934439}


METRICS_PER_CLASSES
CLASS:0
ACC:0.93625
PREC:0.028
REC:0.3684210526315789
TNR:0.9389600602863603
FPR:0.972
FPDR:0.972
F1:0.05204460966542751
BACC:0
CLSFE:0.972
MCC:0.08731008876621814
GMEAN:0.5881603980120658
SAMPLES:250
AUC:{}
AVGP:{}
CLASS:1
ACC:0.93625
PREC:0.9968
REC:0.9389600602863603
TNR:0.3684210526315789
FPR:0.0032
FPDR:0.0032
F1:0.9670159099728366
BACC:0
CLSFE:0.0032
MCC:0.08731008876621814
GMEAN:0.5881603980120658
SAMPLES:3750
AUC:{}
AVGP:{}
