

GENERAL_METRICS
ACC:0.9345
PREC:0.5064770299145299
REC:0.6112465056268368
TNR:0.6112465056268368
FPR:0.4935229700854701
FPDR:0.4935229700854701
F1:0.4978678549183077
BACC:0.0
CLSFE:0.0655
MCC:0.05368601102082152
GMEAN:0.5173500405333173
SAMPLES:4000.0
AUC:{'AUC macro OVO': 0.5064770299145299}
AVGP:{'avg_precision': 0.9367766456100626}


METRICS_PER_CLASSES
CLASS:0
ACC:0.9345
PREC:0.015625
REC:0.2857142857142857
TNR:0.9367787255393879
FPR:0.984375
FPDR:0.984375
F1:0.02962962962962963
BACC:0
CLSFE:0.984375
MCC:0.05368601102082152
GMEAN:0.5173500405333173
SAMPLES:256
AUC:{}
AVGP:{}
CLASS:1
ACC:0.9345
PREC:0.9973290598290598
REC:0.9367787255393879
TNR:0.2857142857142857
FPR:0.002670940170940171
FPDR:0.002670940170940171
F1:0.9661060802069857
BACC:0
CLSFE:0.002670940170940171
MCC:0.05368601102082152
GMEAN:0.5173500405333173
SAMPLES:3744
AUC:{}
AVGP:{}
