

GENERAL_METRICS
ACC:0.9375
PREC:0.512762538387238
REC:0.6644343992410291
TNR:0.6644343992410291
FPR:0.4872374616127621
FPDR:0.4872374616127621
F1:0.5103569302121526
BACC:0.0
CLSFE:0.0625
MCC:0.09162096555911284
GMEAN:0.6046054437561457
SAMPLES:4000.0
AUC:{'AUC macro OVO': 0.512762538387238}
AVGP:{'avg_precision': 0.9399755731505681}


METRICS_PER_CLASSES
CLASS:0
ACC:0.9375
PREC:0.028455284552845527
REC:0.3888888888888889
TNR:0.9399799095931692
FPR:0.9715447154471545
FPDR:0.9715447154471545
F1:0.05303030303030303
BACC:0
CLSFE:0.9715447154471545
MCC:0.09162096555911284
GMEAN:0.6046054437561457
SAMPLES:246
AUC:{}
AVGP:{}
CLASS:1
ACC:0.9375
PREC:0.9970697922216303
REC:0.9399799095931692
TNR:0.3888888888888889
FPR:0.002930207778369739
FPDR:0.002930207778369739
F1:0.967683557394002
BACC:0
CLSFE:0.002930207778369739
MCC:0.09162096555911284
GMEAN:0.6046054437561457
SAMPLES:3754
AUC:{}
AVGP:{}
