

GENERAL_METRICS
ACC:0.9375
PREC:0.5109467082204682
REC:0.6697616060225847
TNR:0.6697616060225847
FPR:0.48905329177953183
FPDR:0.48905329177953183
F1:0.5067467183859174
BACC:0.0
CLSFE:0.0625
MCC:0.08621672153746754
GMEAN:0.6130328578616874
SAMPLES:4000.0
AUC:{'AUC macro OVO': 0.5109467082204682}
AVGP:{'avg_precision': 0.9395201587788741}


METRICS_PER_CLASSES
CLASS:0
ACC:0.9375
PREC:0.024291497975708502
REC:0.4
TNR:0.9395232120451694
FPR:0.9757085020242915
FPDR:0.9757085020242915
F1:0.04580152671755725
BACC:0
CLSFE:0.9757085020242915
MCC:0.08621672153746754
GMEAN:0.6130328578616874
SAMPLES:247
AUC:{}
AVGP:{}
CLASS:1
ACC:0.9375
PREC:0.9976019184652278
REC:0.9395232120451694
TNR:0.4
FPR:0.002398081534772182
FPDR:0.002398081534772182
F1:0.9676919100542776
BACC:0
CLSFE:0.002398081534772182
MCC:0.08621672153746754
GMEAN:0.6130328578616874
SAMPLES:3753
AUC:{}
AVGP:{}
