

GENERAL_METRICS
ACC:0.821
PREC:0.7441219226536245
REC:0.7371258375065743
TNR:0.7371258375065743
FPR:0.25587807734637547
FPDR:0.25587807734637547
F1:0.7404860594620377
BACC:0.0
CLSFE:0.179
MCC:0.48119690507298934
GMEAN:0.7210607843518148
SAMPLES:1000.0
AUC:{'AUC macro OVO': 0.7441219226536246}
AVGP:{'avg_precision': 0.8773136977305204}


METRICS_PER_CLASSES
CLASS:0
ACC:0.821
PREC:0.6082949308755761
REC:0.584070796460177
TNR:0.8901808785529716
FPR:0.391705069124424
FPDR:0.391705069124424
F1:0.5959367945823928
BACC:0
CLSFE:0.391705069124424
MCC:0.48119690507298934
GMEAN:0.7210607843518148
SAMPLES:217
AUC:{}
AVGP:{}
CLASS:1
ACC:0.821
PREC:0.879948914431673
REC:0.8901808785529716
TNR:0.584070796460177
FPR:0.12005108556832694
FPDR:0.12005108556832694
F1:0.8850353243416827
BACC:0
CLSFE:0.12005108556832694
MCC:0.48119690507298934
GMEAN:0.7210607843518148
SAMPLES:783
AUC:{}
AVGP:{}
