

GENERAL_METRICS
ACC:0.814
PREC:0.743282049636629
REC:0.7515802047215356
TNR:0.7515802047215356
FPR:0.2567179503633709
FPDR:0.2567179503633709
F1:0.7472152910285892
BACC:0.0
CLSFE:0.186
MCC:0.49479267517883857
GMEAN:0.7421526238669935
SAMPLES:1000.0
AUC:{'AUC macro OVO': 0.743282049636629}
AVGP:{'avg_precision': 0.8564345503505155}


METRICS_PER_CLASSES
CLASS:0
ACC:0.814
PREC:0.6024096385542169
REC:0.6329113924050633
TNR:0.8702490170380078
FPR:0.39759036144578314
FPDR:0.39759036144578314
F1:0.6172839506172839
BACC:0
CLSFE:0.39759036144578314
MCC:0.49479267517883857
GMEAN:0.7421526238669935
SAMPLES:249
AUC:{}
AVGP:{}
CLASS:1
ACC:0.814
PREC:0.8841544607190412
REC:0.8702490170380078
TNR:0.6329113924050633
FPR:0.11584553928095873
FPDR:0.11584553928095873
F1:0.8771466314398944
BACC:0
CLSFE:0.11584553928095873
MCC:0.49479267517883857
GMEAN:0.7421526238669935
SAMPLES:751
AUC:{}
AVGP:{}
