

GENERAL_METRICS
ACC:0.791
PREC:0.7082809501753458
REC:0.7113635982116377
TNR:0.7113635982116377
FPR:0.2917190498246543
FPDR:0.2917190498246543
F1:0.7097863110785256
BACC:0.0
CLSFE:0.209
MCC:0.4196332258913726
GMEAN:0.6955557947352737
SAMPLES:1000.0
AUC:{'AUC macro OVO': 0.7082809501753459}
AVGP:{'avg_precision': 0.8473110082230595}


METRICS_PER_CLASSES
CLASS:0
ACC:0.791
PREC:0.5504201680672269
REC:0.5622317596566524
TNR:0.8604954367666232
FPR:0.4495798319327731
FPDR:0.4495798319327731
F1:0.5562632696390658
BACC:0
CLSFE:0.4495798319327731
MCC:0.4196332258913726
GMEAN:0.6955557947352737
SAMPLES:238
AUC:{}
AVGP:{}
CLASS:1
ACC:0.791
PREC:0.8661417322834646
REC:0.8604954367666232
TNR:0.5622317596566524
FPR:0.13385826771653545
FPDR:0.13385826771653545
F1:0.8633093525179856
BACC:0
CLSFE:0.13385826771653545
MCC:0.4196332258913726
GMEAN:0.6955557947352737
SAMPLES:762
AUC:{}
AVGP:{}
