

GENERAL_METRICS
ACC:0.793
PREC:0.7151922539906879
REC:0.7070175438596491
TNR:0.7070175438596491
FPR:0.2848077460093121
FPDR:0.2848077460093121
F1:0.7108579139027058
BACC:0.0
CLSFE:0.207
MCC:0.42213065218614004
GMEAN:0.6874102812271883
SAMPLES:1000.0
AUC:{'AUC macro OVO': 0.715192253990688}
AVGP:{'avg_precision': 0.8582280247838224}


METRICS_PER_CLASSES
CLASS:0
ACC:0.793
PREC:0.5726872246696035
REC:0.5416666666666666
TNR:0.8723684210526316
FPR:0.42731277533039647
FPDR:0.42731277533039647
F1:0.556745182012848
BACC:0
CLSFE:0.42731277533039647
MCC:0.42213065218614004
GMEAN:0.6874102812271883
SAMPLES:227
AUC:{}
AVGP:{}
CLASS:1
ACC:0.793
PREC:0.8576972833117723
REC:0.8723684210526316
TNR:0.5416666666666666
FPR:0.1423027166882277
FPDR:0.1423027166882277
F1:0.8649706457925636
BACC:0
CLSFE:0.1423027166882277
MCC:0.42213065218614004
GMEAN:0.6874102812271883
SAMPLES:773
AUC:{}
AVGP:{}
