

GENERAL_METRICS
ACC:0.906
PREC:0.5910481526631658
REC:0.6551948051948051
TNR:0.6551948051948051
FPR:0.4089518473368342
FPDR:0.4089518473368342
F1:0.6114732054287205
BACC:0.0
CLSFE:0.094
MCC:0.23774103824040896
GMEAN:0.5939358048305727
SAMPLES:3000.0
AUC:{'AUC macro OVO': 0.5910481526631658}
AVGP:{'avg_precision': 0.9313602669133192}


METRICS_PER_CLASSES
CLASS:0
ACC:0.906
PREC:0.21370967741935484
REC:0.37857142857142856
TNR:0.9318181818181818
FPR:0.7862903225806451
FPDR:0.7862903225806451
F1:0.27319587628865977
BACC:0
CLSFE:0.7862903225806451
MCC:0.23774103824040896
GMEAN:0.5939358048305727
SAMPLES:248
AUC:{}
AVGP:{}
CLASS:1
ACC:0.906
PREC:0.9683866279069767
REC:0.9318181818181818
TNR:0.37857142857142856
FPR:0.031613372093023256
FPDR:0.031613372093023256
F1:0.9497505345687812
BACC:0
CLSFE:0.031613372093023256
MCC:0.23774103824040896
GMEAN:0.5939358048305727
SAMPLES:2752
AUC:{}
AVGP:{}
