

GENERAL_METRICS
ACC:0.9086666666666666
PREC:0.6091131730537063
REC:0.6988601359387847
TNR:0.6988601359387847
FPR:0.39088682694629373
FPDR:0.39088682694629373
F1:0.6364093164141289
BACC:0.0
CLSFE:0.09133333333333334
MCC:0.29460658801983497
GMEAN:0.6594969426778808
SAMPLES:3000.0
AUC:{'AUC macro OVO': 0.6091131730537063}
AVGP:{'avg_precision': 0.9295957801879102}


METRICS_PER_CLASSES
CLASS:0
ACC:0.9086666666666666
PREC:0.24528301886792453
REC:0.4676258992805755
TNR:0.930094372596994
FPR:0.7547169811320755
FPDR:0.7547169811320755
F1:0.3217821782178218
BACC:0
CLSFE:0.7547169811320755
MCC:0.29460658801983497
GMEAN:0.6594969426778808
SAMPLES:265
AUC:{}
AVGP:{}
CLASS:1
ACC:0.9086666666666666
PREC:0.9729433272394881
REC:0.930094372596994
TNR:0.4676258992805755
FPR:0.027056672760511883
FPDR:0.027056672760511883
F1:0.9510364546104361
BACC:0
CLSFE:0.027056672760511883
MCC:0.29460658801983497
GMEAN:0.6594969426778808
SAMPLES:2735
AUC:{}
AVGP:{}
