

GENERAL_METRICS
ACC:0.9053333333333333
PREC:0.5835709590273989
REC:0.646926507659492
TNR:0.646926507659492
FPR:0.41642904097260114
FPDR:0.41642904097260114
F1:0.6029963524124962
BACC:0.0
CLSFE:0.09466666666666666
MCC:0.221619395826721
GMEAN:0.5812732675737713
SAMPLES:3000.0
AUC:{'AUC macro OVO': 0.5835709590273989}
AVGP:{'avg_precision': 0.9304769716552275}


METRICS_PER_CLASSES
CLASS:0
ACC:0.9053333333333333
PREC:0.19838056680161945
REC:0.362962962962963
TNR:0.930890052356021
FPR:0.8016194331983806
FPDR:0.8016194331983806
F1:0.25654450261780104
BACC:0
CLSFE:0.8016194331983806
MCC:0.221619395826721
GMEAN:0.5812732675737713
SAMPLES:247
AUC:{}
AVGP:{}
CLASS:1
ACC:0.9053333333333333
PREC:0.9687613512531783
REC:0.930890052356021
TNR:0.362962962962963
FPR:0.03123864874682165
FPDR:0.03123864874682165
F1:0.9494482022071912
BACC:0
CLSFE:0.03123864874682165
MCC:0.221619395826721
GMEAN:0.5812732675737713
SAMPLES:2753
AUC:{}
AVGP:{}
