

GENERAL_METRICS
ACC:0.9006666666666666
PREC:0.5927772971689312
REC:0.6497522154584698
TNR:0.6497522154584698
FPR:0.4072227028310689
FPDR:0.4072227028310689
F1:0.6116852339618184
BACC:0.0
CLSFE:0.09933333333333333
MCC:0.2357422812759414
GMEAN:0.5865059978262142
SAMPLES:3000.0
AUC:{'AUC macro OVO': 0.5927772971689311}
AVGP:{'avg_precision': 0.9288306758868706}


METRICS_PER_CLASSES
CLASS:0
ACC:0.9006666666666666
PREC:0.22093023255813954
REC:0.37012987012987014
TNR:0.9293745607870696
FPR:0.7790697674418605
FPDR:0.7790697674418605
F1:0.2766990291262136
BACC:0
CLSFE:0.7790697674418605
MCC:0.2357422812759414
GMEAN:0.5865059978262142
SAMPLES:258
AUC:{}
AVGP:{}
CLASS:1
ACC:0.9006666666666666
PREC:0.9646243617797229
REC:0.9293745607870696
TNR:0.37012987012987014
FPR:0.03537563822027717
FPDR:0.03537563822027717
F1:0.9466714387974231
BACC:0
CLSFE:0.03537563822027717
MCC:0.2357422812759414
GMEAN:0.5865059978262142
SAMPLES:2742
AUC:{}
AVGP:{}
