

GENERAL_METRICS
ACC:0.8365
PREC:0.600692989805893
REC:0.6222531584538478
TNR:0.6222531584538478
FPR:0.39930701019410697
FPDR:0.39930701019410697
F1:0.6094064949608062
BACC:0.0
CLSFE:0.1635
MCC:0.22190120358332008
GMEAN:0.5598783754861043
SAMPLES:2000.0
AUC:{'AUC macro OVO': 0.600692989805893}
AVGP:{'avg_precision': 0.891759718247457}


METRICS_PER_CLASSES
CLASS:0
ACC:0.8365
PREC:0.2803030303030303
REC:0.35071090047393366
TNR:0.8937954164337619
FPR:0.7196969696969697
FPDR:0.7196969696969697
F1:0.31157894736842107
BACC:0
CLSFE:0.7196969696969697
MCC:0.22190120358332008
GMEAN:0.5598783754861043
SAMPLES:264
AUC:{}
AVGP:{}
CLASS:1
ACC:0.8365
PREC:0.9210829493087558
REC:0.8937954164337619
TNR:0.35071090047393366
FPR:0.07891705069124424
FPDR:0.07891705069124424
F1:0.9072340425531915
BACC:0
CLSFE:0.07891705069124424
MCC:0.22190120358332008
GMEAN:0.5598783754861043
SAMPLES:1736
AUC:{}
AVGP:{}
