

GENERAL_METRICS
ACC:0.93125
PREC:0.4986578094131875
REC:0.4877763152800898
TNR:0.4877763152800898
FPR:0.5013421905868125
FPDR:0.5013421905868125
F1:0.4858061461123906
BACC:0.0
CLSFE:0.06875
MCC:-0.008100991190521703
GMEAN:0.18984721509866023
SAMPLES:4000.0
AUC:{'AUC macro OVO': 0.4986578094131875}
AVGP:{'avg_precision': 0.9370921517672285}


METRICS_PER_CLASSES
CLASS:0
ACC:0.93125
PREC:0.00398406374501992
REC:0.038461538461538464
TNR:0.9370910920986412
FPR:0.9960159362549801
FPDR:0.9960159362549801
F1:0.007220216606498195
BACC:0
CLSFE:0.9960159362549801
MCC:-0.008100991190521703
GMEAN:0.18984721509866023
SAMPLES:251
AUC:{}
AVGP:{}
CLASS:1
ACC:0.93125
PREC:0.9933315550813551
REC:0.9370910920986412
TNR:0.038461538461538464
FPR:0.006668444918644972
FPDR:0.006668444918644972
F1:0.964392075618283
BACC:0
CLSFE:0.006668444918644972
MCC:-0.008100991190521703
GMEAN:0.18984721509866023
SAMPLES:3749
AUC:{}
AVGP:{}
