

GENERAL_METRICS
ACC:0.9315
PREC:0.5054077472191556
REC:0.529584446209004
TNR:0.529584446209004
FPR:0.49459225278084434
FPDR:0.49459225278084434
F1:0.49985032016880965
BACC:0.0
CLSFE:0.0685
MCC:0.02529705174260435
GMEAN:0.3345432695642831
SAMPLES:4000.0
AUC:{'AUC macro OVO': 0.5054077472191556}
AVGP:{'avg_precision': 0.9401151565224103}


METRICS_PER_CLASSES
CLASS:0
ACC:0.9315
PREC:0.02066115702479339
REC:0.11904761904761904
TNR:0.9401212733703891
FPR:0.9793388429752066
FPDR:0.9793388429752066
F1:0.035211267605633804
BACC:0
CLSFE:0.9793388429752066
MCC:0.02529705174260435
GMEAN:0.3345432695642831
SAMPLES:242
AUC:{}
AVGP:{}
CLASS:1
ACC:0.9315
PREC:0.9901543374135179
REC:0.9401212733703891
TNR:0.11904761904761904
FPR:0.009845662586482172
FPDR:0.009845662586482172
F1:0.9644893727319855
BACC:0
CLSFE:0.009845662586482172
MCC:0.02529705174260435
GMEAN:0.3345432695642831
SAMPLES:3758
AUC:{}
AVGP:{}
