

GENERAL_METRICS
ACC:0.93475
PREC:0.5048148445981263
REC:0.5350376709823714
TNR:0.5350376709823714
FPR:0.49518515540187363
FPDR:0.49518515540187363
F1:0.4979897953442881
BACC:0.0
CLSFE:0.06525
MCC:0.025976985264683727
GMEAN:0.34846077835481304
SAMPLES:4000.0
AUC:{'AUC macro OVO': 0.5048148445981264}
AVGP:{'avg_precision': 0.9410391861688855}


METRICS_PER_CLASSES
CLASS:0
ACC:0.93475
PREC:0.01680672268907563
REC:0.12903225806451613
TNR:0.9410430839002267
FPR:0.9831932773109243
FPDR:0.9831932773109243
F1:0.02973977695167286
BACC:0
CLSFE:0.9831932773109243
MCC:0.025976985264683727
GMEAN:0.34846077835481304
SAMPLES:238
AUC:{}
AVGP:{}
CLASS:1
ACC:0.93475
PREC:0.992822966507177
REC:0.9410430839002267
TNR:0.12903225806451613
FPR:0.007177033492822967
FPDR:0.007177033492822967
F1:0.9662398137369034
BACC:0
CLSFE:0.007177033492822967
MCC:0.025976985264683727
GMEAN:0.34846077835481304
SAMPLES:3762
AUC:{}
AVGP:{}
