

GENERAL_METRICS
ACC:0.9305
PREC:0.5101192924722336
REC:0.5774949596774194
TNR:0.5774949596774194
FPR:0.48988070752776636
FPDR:0.48988070752776636
F1:0.50593939049271
BACC:0.0
CLSFE:0.0695
MCC:0.05600693393142531
GMEAN:0.4525510825960656
SAMPLES:4000.0
AUC:{'AUC macro OVO': 0.5101192924722336}
AVGP:{'avg_precision': 0.9362316311238572}


METRICS_PER_CLASSES
CLASS:0
ACC:0.9305
PREC:0.026923076923076925
REC:0.21875
TNR:0.9362399193548387
FPR:0.9730769230769231
FPDR:0.9730769230769231
F1:0.04794520547945205
BACC:0
CLSFE:0.9730769230769231
MCC:0.05600693393142531
GMEAN:0.4525510825960656
SAMPLES:260
AUC:{}
AVGP:{}
CLASS:1
ACC:0.9305
PREC:0.9933155080213903
REC:0.9362399193548387
TNR:0.21875
FPR:0.0066844919786096255
FPDR:0.0066844919786096255
F1:0.9639335755059678
BACC:0
CLSFE:0.0066844919786096255
MCC:0.05600693393142531
GMEAN:0.4525510825960656
SAMPLES:3740
AUC:{}
AVGP:{}
