

GENERAL_METRICS
ACC:0.832
PREC:0.7720580769621281
REC:0.7377762001952258
TNR:0.7377762001952258
FPR:0.22794192303787186
FPDR:0.22794192303787186
F1:0.751984126984127
BACC:0.0
CLSFE:0.168
MCC:0.5086803938524666
GMEAN:0.7158685857793851
SAMPLES:1250.0
AUC:{'AUC macro OVO': 0.7720580769621281}
AVGP:{'avg_precision': 0.9017130056523665}


METRICS_PER_CLASSES
CLASS:0
ACC:0.832
PREC:0.673469387755102
REC:0.559322033898305
TNR:0.9162303664921466
FPR:0.32653061224489793
FPDR:0.32653061224489793
F1:0.6111111111111112
BACC:0
CLSFE:0.32653061224489793
MCC:0.5086803938524666
GMEAN:0.7158685857793851
SAMPLES:245
AUC:{}
AVGP:{}
CLASS:1
ACC:0.832
PREC:0.8706467661691543
REC:0.9162303664921466
TNR:0.559322033898305
FPR:0.12935323383084577
FPDR:0.12935323383084577
F1:0.8928571428571429
BACC:0
CLSFE:0.12935323383084577
MCC:0.5086803938524666
GMEAN:0.7158685857793851
SAMPLES:1005
AUC:{}
AVGP:{}
