

GENERAL_METRICS
ACC:0.84
PREC:0.7671452551430559
REC:0.7417426472528259
TNR:0.7417426472528259
FPR:0.23285474485694413
FPDR:0.23285474485694413
F1:0.7529488030863611
BACC:0.0
CLSFE:0.16
MCC:0.5082534847074398
GMEAN:0.7211711984738357
SAMPLES:1250.0
AUC:{'AUC macro OVO': 0.767145255143056}
AVGP:{'avg_precision': 0.9031131018919522}


METRICS_PER_CLASSES
CLASS:0
ACC:0.84
PREC:0.6497890295358649
REC:0.5682656826568265
TNR:0.9152196118488254
FPR:0.350210970464135
FPDR:0.350210970464135
F1:0.6062992125984252
BACC:0
CLSFE:0.350210970464135
MCC:0.5082534847074398
GMEAN:0.7211711984738357
SAMPLES:237
AUC:{}
AVGP:{}
CLASS:1
ACC:0.84
PREC:0.8845014807502468
REC:0.9152196118488254
TNR:0.5682656826568265
FPR:0.11549851924975321
FPDR:0.11549851924975321
F1:0.8995983935742972
BACC:0
CLSFE:0.11549851924975321
MCC:0.5082534847074398
GMEAN:0.7211711984738357
SAMPLES:1013
AUC:{}
AVGP:{}
