

GENERAL_METRICS
ACC:0.848
PREC:0.7985189011584581
REC:0.7520340606857894
TNR:0.7520340606857894
FPR:0.2014810988415419
FPDR:0.2014810988415419
F1:0.7706253669994128
BACC:0.0
CLSFE:0.152
MCC:0.548587024456197
GMEAN:0.7301461251208154
SAMPLES:1250.0
AUC:{'AUC macro OVO': 0.798518901158458}
AVGP:{'avg_precision': 0.91769177764744}


METRICS_PER_CLASSES
CLASS:0
ACC:0.848
PREC:0.7198275862068966
REC:0.571917808219178
TNR:0.9321503131524008
FPR:0.2801724137931034
FPDR:0.2801724137931034
F1:0.6374045801526718
BACC:0
CLSFE:0.2801724137931034
MCC:0.548587024456197
GMEAN:0.7301461251208154
SAMPLES:232
AUC:{}
AVGP:{}
CLASS:1
ACC:0.848
PREC:0.8772102161100196
REC:0.9321503131524008
TNR:0.571917808219178
FPR:0.12278978388998035
FPDR:0.12278978388998035
F1:0.9038461538461539
BACC:0
CLSFE:0.12278978388998035
MCC:0.548587024456197
GMEAN:0.7301461251208154
SAMPLES:1018
AUC:{}
AVGP:{}
