

GENERAL_METRICS
ACC:0.8448
PREC:0.7995366128335641
REC:0.7574637869719837
TNR:0.7574637869719837
FPR:0.2004633871664359
FPDR:0.2004633871664359
F1:0.7744807011278755
BACC:0.0
CLSFE:0.1552
MCC:0.5554091489231711
GMEAN:0.738007012094229
SAMPLES:1250.0
AUC:{'AUC macro OVO': 0.7995366128335641}
AVGP:{'avg_precision': 0.9122587454567515}


METRICS_PER_CLASSES
CLASS:0
ACC:0.8448
PREC:0.7246963562753036
REC:0.5868852459016394
TNR:0.928042328042328
FPR:0.27530364372469635
FPDR:0.27530364372469635
F1:0.6485507246376812
BACC:0
CLSFE:0.27530364372469635
MCC:0.5554091489231711
GMEAN:0.738007012094229
SAMPLES:247
AUC:{}
AVGP:{}
CLASS:1
ACC:0.8448
PREC:0.8743768693918246
REC:0.928042328042328
TNR:0.5868852459016394
FPR:0.12562313060817548
FPDR:0.12562313060817548
F1:0.9004106776180698
BACC:0
CLSFE:0.12562313060817548
MCC:0.5554091489231711
GMEAN:0.738007012094229
SAMPLES:1003
AUC:{}
AVGP:{}
