

GENERAL_METRICS
ACC:0.8725714285714286
PREC:0.737733025749735
REC:0.7465029455259522
TNR:0.7465029455259522
FPR:0.26226697425026496
FPDR:0.26226697425026496
F1:0.7419792062678723
BACC:0.0
CLSFE:0.12742857142857142
MCC:0.48415654945939424
GMEAN:0.7255430804035632
SAMPLES:1750.0
AUC:{'AUC macro OVO': 0.737733025749735}
AVGP:{'avg_precision': 0.9172120347585182}


METRICS_PER_CLASSES
CLASS:0
ACC:0.8725714285714286
PREC:0.5465116279069767
REC:0.5708502024291497
TNR:0.9221556886227545
FPR:0.45348837209302323
FPDR:0.45348837209302323
F1:0.5584158415841585
BACC:0
CLSFE:0.45348837209302323
MCC:0.48415654945939424
GMEAN:0.7255430804035632
SAMPLES:258
AUC:{}
AVGP:{}
CLASS:1
ACC:0.8725714285714286
PREC:0.9289544235924933
REC:0.9221556886227545
TNR:0.5708502024291497
FPR:0.07104557640750671
FPDR:0.07104557640750671
F1:0.925542570951586
BACC:0
CLSFE:0.07104557640750671
MCC:0.48415654945939424
GMEAN:0.7255430804035632
SAMPLES:1492
AUC:{}
AVGP:{}
