

GENERAL_METRICS
ACC:0.8794285714285714
PREC:0.7206517492405295
REC:0.7567099567099567
TNR:0.7567099567099567
FPR:0.27934825075947045
FPDR:0.27934825075947045
F1:0.7364343077233848
BACC:0.0
CLSFE:0.12057142857142857
MCC:0.4759979033378721
GMEAN:0.739281270246174
SAMPLES:1750.0
AUC:{'AUC macro OVO': 0.7206517492405295}
AVGP:{'avg_precision': 0.9146882337142511}


METRICS_PER_CLASSES
CLASS:0
ACC:0.8794285714285714
PREC:0.49800796812749004
REC:0.5952380952380952
TNR:0.9181818181818182
FPR:0.50199203187251
FPDR:0.50199203187251
F1:0.5422993492407809
BACC:0
CLSFE:0.50199203187251
MCC:0.4759979033378721
GMEAN:0.739281270246174
SAMPLES:251
AUC:{}
AVGP:{}
CLASS:1
ACC:0.8794285714285714
PREC:0.9432955303535691
REC:0.9181818181818182
TNR:0.5952380952380952
FPR:0.05670446964643095
FPDR:0.05670446964643095
F1:0.9305692662059888
BACC:0
CLSFE:0.05670446964643095
MCC:0.4759979033378721
GMEAN:0.739281270246174
SAMPLES:1499
AUC:{}
AVGP:{}
