

GENERAL_METRICS
ACC:0.8937142857142857
PREC:0.772111022221986
REC:0.785518474208059
TNR:0.785518474208059
FPR:0.227888977778014
FPDR:0.227888977778014
F1:0.7785497354842923
BACC:0.0
CLSFE:0.10628571428571429
MCC:0.5574682910444921
GMEAN:0.7713756360983711
SAMPLES:1750.0
AUC:{'AUC macro OVO': 0.772111022221986}
AVGP:{'avg_precision': 0.9294693316773232}


METRICS_PER_CLASSES
CLASS:0
ACC:0.8937142857142857
PREC:0.601593625498008
REC:0.6371308016877637
TNR:0.9339061467283543
FPR:0.398406374501992
FPDR:0.398406374501992
F1:0.6188524590163934
BACC:0
CLSFE:0.398406374501992
MCC:0.5574682910444921
GMEAN:0.7713756360983711
SAMPLES:251
AUC:{}
AVGP:{}
CLASS:1
ACC:0.8937142857142857
PREC:0.9426284189459639
REC:0.9339061467283543
TNR:0.6371308016877637
FPR:0.057371581054036024
FPDR:0.057371581054036024
F1:0.9382470119521913
BACC:0
CLSFE:0.057371581054036024
MCC:0.5574682910444921
GMEAN:0.7713756360983711
SAMPLES:1499
AUC:{}
AVGP:{}
