

GENERAL_METRICS
ACC:0.8828571428571429
PREC:0.7414036138740342
REC:0.7368853309357494
TNR:0.7368853309357494
FPR:0.2585963861259658
FPDR:0.2585963861259658
F1:0.7391096931929992
BACC:0.0
CLSFE:0.11714285714285715
MCC:0.4782676027566009
GMEAN:0.7099497395488814
SAMPLES:1750.0
AUC:{'AUC macro OVO': 0.7414036138740342}
AVGP:{'avg_precision': 0.930052588234383}


METRICS_PER_CLASSES
CLASS:0
ACC:0.8828571428571429
PREC:0.5515695067264574
REC:0.5394736842105263
TNR:0.9342969776609724
FPR:0.4484304932735426
FPDR:0.4484304932735426
F1:0.5454545454545454
BACC:0
CLSFE:0.4484304932735426
MCC:0.4782676027566009
GMEAN:0.7099497395488814
SAMPLES:223
AUC:{}
AVGP:{}
CLASS:1
ACC:0.8828571428571429
PREC:0.931237721021611
REC:0.9342969776609724
TNR:0.5394736842105263
FPR:0.068762278978389
FPDR:0.068762278978389
F1:0.932764840931453
BACC:0
CLSFE:0.068762278978389
MCC:0.4782676027566009
GMEAN:0.7099497395488814
SAMPLES:1527
AUC:{}
AVGP:{}
