

GENERAL_METRICS
ACC:0.9233846153846154
PREC:0.6792420644301649
REC:0.7240043644298964
TNR:0.7240043644298964
FPR:0.3207579355698352
FPDR:0.3207579355698352
F1:0.6984068952177788
BACC:0.0
CLSFE:0.07661538461538461
MCC:0.4007543123749593
GMEAN:0.6876402035058213
SAMPLES:3250.0
AUC:{'AUC macro OVO': 0.6792420644301649}
AVGP:{'avg_precision': 0.9496953193233971}


METRICS_PER_CLASSES
CLASS:0
ACC:0.9233846153846154
PREC:0.3911290322580645
REC:0.49743589743589745
TNR:0.9505728314238953
FPR:0.6088709677419355
FPDR:0.6088709677419355
F1:0.43792325056433407
BACC:0
CLSFE:0.6088709677419355
MCC:0.4007543123749593
GMEAN:0.6876402035058213
SAMPLES:248
AUC:{}
AVGP:{}
CLASS:1
ACC:0.9233846153846154
PREC:0.9673550966022652
REC:0.9505728314238953
TNR:0.49743589743589745
FPR:0.03264490339773484
FPDR:0.03264490339773484
F1:0.9588905398712234
BACC:0
CLSFE:0.03264490339773484
MCC:0.4007543123749593
GMEAN:0.6876402035058213
SAMPLES:3002
AUC:{}
AVGP:{}
