

GENERAL_METRICS
ACC:0.9267692307692308
PREC:0.6636801338053326
REC:0.7362699826543528
TNR:0.7362699826543528
FPR:0.3363198661946673
FPDR:0.3363198661946673
F1:0.6916183993978287
BACC:0.0
CLSFE:0.07323076923076922
MCC:0.39330752535413366
GMEAN:0.705036064358638
SAMPLES:3250.0
AUC:{'AUC macro OVO': 0.6636801338053326}
AVGP:{'avg_precision': 0.9478088477062011}


METRICS_PER_CLASSES
CLASS:0
ACC:0.9267692307692308
PREC:0.35365853658536583
REC:0.5240963855421686
TNR:0.9484435797665369
FPR:0.6463414634146342
FPDR:0.6463414634146342
F1:0.4223300970873786
BACC:0
CLSFE:0.6463414634146342
MCC:0.39330752535413366
GMEAN:0.705036064358638
SAMPLES:246
AUC:{}
AVGP:{}
CLASS:1
ACC:0.9267692307692308
PREC:0.9737017310252996
REC:0.9484435797665369
TNR:0.5240963855421686
FPR:0.0262982689747004
FPDR:0.0262982689747004
F1:0.9609067017082786
BACC:0
CLSFE:0.0262982689747004
MCC:0.39330752535413366
GMEAN:0.705036064358638
SAMPLES:3004
AUC:{}
AVGP:{}
