

GENERAL_METRICS
ACC:0.9187692307692308
PREC:0.646290041462332
REC:0.6977008719569289
TNR:0.6977008719569289
FPR:0.35370995853766796
FPDR:0.35370995853766796
F1:0.6669544263231768
BACC:0.0
CLSFE:0.08123076923076923
MCC:0.3401274393854064
GMEAN:0.6520369265295122
SAMPLES:3250.0
AUC:{'AUC macro OVO': 0.646290041462332}
AVGP:{'avg_precision': 0.9452570592308546}


METRICS_PER_CLASSES
CLASS:0
ACC:0.9187692307692308
PREC:0.3252032520325203
REC:0.449438202247191
TNR:0.9459635416666666
FPR:0.6747967479674797
FPDR:0.6747967479674797
F1:0.37735849056603776
BACC:0
CLSFE:0.6747967479674797
MCC:0.3401274393854064
GMEAN:0.6520369265295122
SAMPLES:246
AUC:{}
AVGP:{}
CLASS:1
ACC:0.9187692307692308
PREC:0.9673768308921438
REC:0.9459635416666666
TNR:0.449438202247191
FPR:0.03262316910785619
FPDR:0.03262316910785619
F1:0.956550362080316
BACC:0
CLSFE:0.03262316910785619
MCC:0.3401274393854064
GMEAN:0.6520369265295122
SAMPLES:3004
AUC:{}
AVGP:{}
