

GENERAL_METRICS
ACC:0.9236923076923077
PREC:0.6338950127483736
REC:0.7123020021956192
TNR:0.7123020021956192
FPR:0.3661049872516265
FPDR:0.3661049872516265
F1:0.6617566830332787
BACC:0.0
CLSFE:0.07630769230769231
MCC:0.33720130065281567
GMEAN:0.6732639010164885
SAMPLES:3250.0
AUC:{'AUC macro OVO': 0.6338950127483736}
AVGP:{'avg_precision': 0.9443793087005797}


METRICS_PER_CLASSES
CLASS:0
ACC:0.9236923076923077
PREC:0.29338842975206614
REC:0.4797297297297297
TNR:0.9448742746615088
FPR:0.7066115702479339
FPDR:0.7066115702479339
F1:0.3641025641025641
BACC:0
CLSFE:0.7066115702479339
MCC:0.33720130065281567
GMEAN:0.6732639010164885
SAMPLES:242
AUC:{}
AVGP:{}
CLASS:1
ACC:0.9236923076923077
PREC:0.9744015957446809
REC:0.9448742746615088
TNR:0.4797297297297297
FPR:0.02559840425531915
FPDR:0.02559840425531915
F1:0.9594108019639934
BACC:0
CLSFE:0.02559840425531915
MCC:0.33720130065281567
GMEAN:0.6732639010164885
SAMPLES:3008
AUC:{}
AVGP:{}
