

GENERAL_METRICS
ACC:0.901
PREC:0.5314752908705894
REC:0.575165754587327
TNR:0.575165754587327
FPR:0.46852470912941063
FPDR:0.46852470912941063
F1:0.5382747436284765
BACC:0.0
CLSFE:0.099
MCC:0.09728029582897975
GMEAN:0.4576678046175326
SAMPLES:3000.0
AUC:{'AUC macro OVO': 0.5314752908705893}
AVGP:{'avg_precision': 0.9233951090083978}


METRICS_PER_CLASSES
CLASS:0
ACC:0.901
PREC:0.09016393442622951
REC:0.2268041237113402
TNR:0.9235273854633138
FPR:0.9098360655737705
FPDR:0.9098360655737705
F1:0.12903225806451613
BACC:0
CLSFE:0.9098360655737705
MCC:0.09728029582897975
GMEAN:0.4576678046175326
SAMPLES:244
AUC:{}
AVGP:{}
CLASS:1
ACC:0.901
PREC:0.9727866473149492
REC:0.9235273854633138
TNR:0.2268041237113402
FPR:0.027213352685050797
FPDR:0.027213352685050797
F1:0.9475172291924369
BACC:0
CLSFE:0.027213352685050797
MCC:0.09728029582897975
GMEAN:0.4576678046175326
SAMPLES:2756
AUC:{}
AVGP:{}
