

GENERAL_METRICS
ACC:0.909
PREC:0.5442863928600364
REC:0.5980217724581218
TNR:0.5980217724581218
FPR:0.45571360713996356
FPDR:0.45571360713996356
F1:0.5559471365638766
BACC:0.0
CLSFE:0.091
MCC:0.1317729975968898
GMEAN:0.4969208554417369
SAMPLES:3000.0
AUC:{'AUC macro OVO': 0.5442863928600364}
AVGP:{'avg_precision': 0.9305711424753264}


METRICS_PER_CLASSES
CLASS:0
ACC:0.909
PREC:0.1145374449339207
REC:0.2653061224489796
TNR:0.930737422467264
FPR:0.8854625550660793
FPDR:0.8854625550660793
F1:0.16
BACC:0
CLSFE:0.8854625550660793
MCC:0.1317729975968898
GMEAN:0.4969208554417369
SAMPLES:227
AUC:{}
AVGP:{}
CLASS:1
ACC:0.909
PREC:0.9740353407861522
REC:0.930737422467264
TNR:0.2653061224489796
FPR:0.02596465921384782
FPDR:0.02596465921384782
F1:0.9518942731277533
BACC:0
CLSFE:0.02596465921384782
MCC:0.1317729975968898
GMEAN:0.4969208554417369
SAMPLES:2773
AUC:{}
AVGP:{}
