

GENERAL_METRICS
ACC:0.898
PREC:0.5205731795880051
REC:0.5510242930986514
TNR:0.5510242930986514
FPR:0.47942682041199497
FPDR:0.47942682041199497
F1:0.5229681978798587
BACC:0.0
CLSFE:0.102
MCC:0.06479913410747276
GMEAN:0.40816608374230384
SAMPLES:3000.0
AUC:{'AUC macro OVO': 0.5205731795880051}
AVGP:{'avg_precision': 0.9211081217784455}


METRICS_PER_CLASSES
CLASS:0
ACC:0.898
PREC:0.06910569105691057
REC:0.18085106382978725
TNR:0.9211975223675155
FPR:0.9308943089430894
FPDR:0.9308943089430894
F1:0.1
BACC:0
CLSFE:0.9308943089430894
MCC:0.06479913410747276
GMEAN:0.40816608374230384
SAMPLES:246
AUC:{}
AVGP:{}
CLASS:1
ACC:0.898
PREC:0.9720406681190995
REC:0.9211975223675155
TNR:0.18085106382978725
FPR:0.02795933188090051
FPDR:0.02795933188090051
F1:0.9459363957597173
BACC:0
CLSFE:0.02795933188090051
MCC:0.06479913410747276
GMEAN:0.40816608374230384
SAMPLES:2754
AUC:{}
AVGP:{}
