

GENERAL_METRICS
ACC:0.904
PREC:0.5255236187240389
REC:0.5679749772979518
TNR:0.5679749772979518
FPR:0.4744763812759612
FPDR:0.4744763812759612
F1:0.5301855766972046
BACC:0.0
CLSFE:0.096
MCC:0.08330587982437047
GMEAN:0.4423910231623538
SAMPLES:3000.0
AUC:{'AUC macro OVO': 0.5255236187240387}
AVGP:{'avg_precision': 0.9240917759390216}


METRICS_PER_CLASSES
CLASS:0
ACC:0.904
PREC:0.07531380753138076
REC:0.21176470588235294
TNR:0.9241852487135506
FPR:0.9246861924686193
FPDR:0.9246861924686193
F1:0.1111111111111111
BACC:0
CLSFE:0.9246861924686193
MCC:0.08330587982437047
GMEAN:0.4423910231623538
SAMPLES:239
AUC:{}
AVGP:{}
CLASS:1
ACC:0.904
PREC:0.9757334299166969
REC:0.9241852487135506
TNR:0.21176470588235294
FPR:0.02426657008330315
FPDR:0.02426657008330315
F1:0.9492600422832981
BACC:0
CLSFE:0.02426657008330315
MCC:0.08330587982437047
GMEAN:0.4423910231623538
SAMPLES:2761
AUC:{}
AVGP:{}
