

GENERAL_METRICS
ACC:0.9045714285714286
PREC:0.5642446633825944
REC:0.5950123228366375
TNR:0.5950123228366375
FPR:0.4357553366174056
FPDR:0.4357553366174056
F1:0.5751062416129825
BACC:0.0
CLSFE:0.09542857142857143
MCC:0.15625664399107211
GMEAN:0.4869039704818301
SAMPLES:3500.0
AUC:{'AUC macro OVO': 0.5642446633825944}
AVGP:{'avg_precision': 0.9366685204830956}


METRICS_PER_CLASSES
CLASS:0
ACC:0.9045714285714286
PREC:0.16666666666666666
REC:0.25301204819277107
TNR:0.9370125974805039
FPR:0.8333333333333334
FPDR:0.8333333333333334
F1:0.20095693779904306
BACC:0
CLSFE:0.8333333333333334
MCC:0.15625664399107211
GMEAN:0.4869039704818301
SAMPLES:252
AUC:{}
AVGP:{}
CLASS:1
ACC:0.9045714285714286
PREC:0.9618226600985221
REC:0.9370125974805039
TNR:0.25301204819277107
FPR:0.038177339901477834
FPDR:0.038177339901477834
F1:0.9492555454269219
BACC:0
CLSFE:0.038177339901477834
MCC:0.15625664399107211
GMEAN:0.4869039704818301
SAMPLES:3248
AUC:{}
AVGP:{}
