

GENERAL_METRICS
ACC:0.8982857142857142
PREC:0.5611652319666612
REC:0.6023760366664154
TNR:0.6023760366664154
FPR:0.43883476803333876
FPDR:0.43883476803333876
F1:0.5737378741083048
BACC:0.0
CLSFE:0.10171428571428572
MCC:0.15826375492232847
GMEAN:0.5063433836709759
SAMPLES:3500.0
AUC:{'AUC macro OVO': 0.5611652319666612}
AVGP:{'avg_precision': 0.928328686714963}


METRICS_PER_CLASSES
CLASS:0
ACC:0.8982857142857142
PREC:0.15901060070671377
REC:0.27607361963190186
TNR:0.9286784537009289
FPR:0.8409893992932862
FPDR:0.8409893992932862
F1:0.20179372197309417
BACC:0
CLSFE:0.8409893992932862
MCC:0.15826375492232847
GMEAN:0.5063433836709759
SAMPLES:283
AUC:{}
AVGP:{}
CLASS:1
ACC:0.8982857142857142
PREC:0.9633198632266087
REC:0.9286784537009289
TNR:0.27607361963190186
FPR:0.03668013677339136
FPDR:0.03668013677339136
F1:0.9456820262435154
BACC:0
CLSFE:0.03668013677339136
MCC:0.15826375492232847
GMEAN:0.5063433836709759
SAMPLES:3217
AUC:{}
AVGP:{}
