

GENERAL_METRICS
ACC:0.8997142857142857
PREC:0.5420029595851105
REC:0.5609799726801628
TNR:0.5609799726801628
FPR:0.45799704041488953
FPDR:0.45799704041488953
F1:0.5484171441951662
BACC:0.0
CLSFE:0.10028571428571428
MCC:0.10121935245764056
GMEAN:0.4179093237647882
SAMPLES:3500.0
AUC:{'AUC macro OVO': 0.5420029595851105}
AVGP:{'avg_precision': 0.9349729045012657}


METRICS_PER_CLASSES
CLASS:0
ACC:0.8997142857142857
PREC:0.12550607287449392
REC:0.18674698795180722
TNR:0.9352129574085183
FPR:0.8744939271255061
FPDR:0.8744939271255061
F1:0.15012106537530268
BACC:0
CLSFE:0.8744939271255061
MCC:0.10121935245764056
GMEAN:0.4179093237647882
SAMPLES:247
AUC:{}
AVGP:{}
CLASS:1
ACC:0.8997142857142857
PREC:0.958499846295727
REC:0.9352129574085183
TNR:0.18674698795180722
FPR:0.04150015370427298
FPDR:0.04150015370427298
F1:0.9467132230150296
BACC:0
CLSFE:0.04150015370427298
MCC:0.10121935245764056
GMEAN:0.4179093237647882
SAMPLES:3253
AUC:{}
AVGP:{}
