

GENERAL_METRICS
ACC:0.9065714285714286
PREC:0.5516774102087277
REC:0.5934980903361526
TNR:0.5934980903361526
FPR:0.4483225897912723
FPDR:0.4483225897912723
F1:0.5633997370098547
BACC:0.0
CLSFE:0.09342857142857143
MCC:0.13902142522696329
GMEAN:0.48654396951405243
SAMPLES:3500.0
AUC:{'AUC macro OVO': 0.5516774102087276}
AVGP:{'avg_precision': 0.9331386762518674}


METRICS_PER_CLASSES
CLASS:0
ACC:0.9065714285714286
PREC:0.13513513513513514
REC:0.2536231884057971
TNR:0.933372992266508
FPR:0.8648648648648649
FPDR:0.8648648648648649
F1:0.17632241813602015
BACC:0
CLSFE:0.8648648648648649
MCC:0.13902142522696329
GMEAN:0.48654396951405243
SAMPLES:259
AUC:{}
AVGP:{}
CLASS:1
ACC:0.9065714285714286
PREC:0.9682196852823203
REC:0.933372992266508
TNR:0.2536231884057971
FPR:0.031780314717679725
FPDR:0.031780314717679725
F1:0.9504770558836892
BACC:0
CLSFE:0.031780314717679725
MCC:0.13902142522696329
GMEAN:0.48654396951405243
SAMPLES:3241
AUC:{}
AVGP:{}
