

GENERAL_METRICS
ACC:0.9012
PREC:0.7059017837480731
REC:0.713110515226968
TNR:0.713110515226968
FPR:0.2940982162519269
FPDR:0.2940982162519269
F1:0.7094170977567941
BACC:0.0
CLSFE:0.0988
MCC:0.418950284500219
GMEAN:0.6748299919979704
SAMPLES:2500.0
AUC:{'AUC macro OVO': 0.7059017837480731}
AVGP:{'avg_precision': 0.9415485277069325}


METRICS_PER_CLASSES
CLASS:0
ACC:0.9012
PREC:0.46443514644351463
REC:0.4826086956521739
TNR:0.9436123348017621
FPR:0.5355648535564853
FPDR:0.5355648535564853
F1:0.47334754797441364
BACC:0
CLSFE:0.5355648535564853
MCC:0.418950284500219
GMEAN:0.6748299919979704
SAMPLES:239
AUC:{}
AVGP:{}
CLASS:1
ACC:0.9012
PREC:0.9473684210526315
REC:0.9436123348017621
TNR:0.4826086956521739
FPR:0.05263157894736842
FPDR:0.05263157894736842
F1:0.9454866475391746
BACC:0
CLSFE:0.05263157894736842
MCC:0.418950284500219
GMEAN:0.6748299919979704
SAMPLES:2261
AUC:{}
AVGP:{}
