

GENERAL_METRICS
ACC:0.816
PREC:0.7424999999999999
REC:0.7177622126436781
TNR:0.7177622126436781
FPR:0.2575
FPDR:0.2575
F1:0.7283635676492819
BACC:0.0
CLSFE:0.184
MCC:0.4595969389197102
GMEAN:0.6939677482651365
SAMPLES:1250.0
AUC:{'AUC macro OVO': 0.7424999999999999}
AVGP:{'avg_precision': 0.8874010416666666}


METRICS_PER_CLASSES
CLASS:0
ACC:0.816
PREC:0.62
REC:0.5344827586206896
TNR:0.9010416666666666
FPR:0.38
FPDR:0.38
F1:0.5740740740740741
BACC:0
CLSFE:0.38
MCC:0.4595969389197102
GMEAN:0.6939677482651365
SAMPLES:250
AUC:{}
AVGP:{}
CLASS:1
ACC:0.816
PREC:0.865
REC:0.9010416666666666
TNR:0.5344827586206896
FPR:0.135
FPDR:0.135
F1:0.8826530612244898
BACC:0
CLSFE:0.135
MCC:0.4595969389197102
GMEAN:0.6939677482651365
SAMPLES:1000
AUC:{}
AVGP:{}
