

GENERAL_METRICS
ACC:0.8096
PREC:0.7225239596389279
REC:0.6956415270053169
TNR:0.6956415270053169
FPR:0.2774760403610721
FPDR:0.2774760403610721
F1:0.7068676716917923
BACC:0.0
CLSFE:0.1904
MCC:0.41730050207987696
GMEAN:0.6648523414921153
SAMPLES:1250.0
AUC:{'AUC macro OVO': 0.722523959638928}
AVGP:{'avg_precision': 0.8882868166149761}


METRICS_PER_CLASSES
CLASS:0
ACC:0.8096
PREC:0.5836909871244635
REC:0.49097472924187724
TNR:0.9003083247687564
FPR:0.41630901287553645
FPDR:0.41630901287553645
F1:0.5333333333333333
BACC:0
CLSFE:0.41630901287553645
MCC:0.41730050207987696
GMEAN:0.6648523414921153
SAMPLES:233
AUC:{}
AVGP:{}
CLASS:1
ACC:0.8096
PREC:0.8613569321533924
REC:0.9003083247687564
TNR:0.49097472924187724
FPR:0.13864306784660768
FPDR:0.13864306784660768
F1:0.8804020100502512
BACC:0
CLSFE:0.13864306784660768
MCC:0.41730050207987696
GMEAN:0.6648523414921153
SAMPLES:1017
AUC:{}
AVGP:{}
