

GENERAL_METRICS
ACC:0.8408
PREC:0.743964922652478
REC:0.7553630363036303
TNR:0.7553630363036303
FPR:0.25603507734752196
FPDR:0.25603507734752196
F1:0.7493639638278042
BACC:0.0
CLSFE:0.1592
MCC:0.49919785015609647
GMEAN:0.7425204600974753
SAMPLES:1250.0
AUC:{'AUC macro OVO': 0.743964922652478}
AVGP:{'avg_precision': 0.8849926065973431}


METRICS_PER_CLASSES
CLASS:0
ACC:0.8408
PREC:0.5803921568627451
REC:0.6166666666666667
TNR:0.8940594059405941
FPR:0.4196078431372549
FPDR:0.4196078431372549
F1:0.597979797979798
BACC:0
CLSFE:0.4196078431372549
MCC:0.49919785015609647
GMEAN:0.7425204600974753
SAMPLES:255
AUC:{}
AVGP:{}
CLASS:1
ACC:0.8408
PREC:0.907537688442211
REC:0.8940594059405941
TNR:0.6166666666666667
FPR:0.09246231155778895
FPDR:0.09246231155778895
F1:0.9007481296758105
BACC:0
CLSFE:0.09246231155778895
MCC:0.49919785015609647
GMEAN:0.7425204600974753
SAMPLES:995
AUC:{}
AVGP:{}
