

GENERAL_METRICS
ACC:0.8464
PREC:0.7693453826968548
REC:0.7569923046017863
TNR:0.7569923046017863
FPR:0.23065461730314515
FPDR:0.23065461730314515
F1:0.7628308509629067
BACC:0.0
CLSFE:0.1536
MCC:0.5261927047503218
GMEAN:0.7411748603988813
SAMPLES:1250.0
AUC:{'AUC macro OVO': 0.769345382696855}
AVGP:{'avg_precision': 0.899771769601755}


METRICS_PER_CLASSES
CLASS:0
ACC:0.8464
PREC:0.6422764227642277
REC:0.6030534351145038
TNR:0.9109311740890689
FPR:0.35772357723577236
FPDR:0.35772357723577236
F1:0.6220472440944882
BACC:0
CLSFE:0.35772357723577236
MCC:0.5261927047503218
GMEAN:0.7411748603988813
SAMPLES:246
AUC:{}
AVGP:{}
CLASS:1
ACC:0.8464
PREC:0.896414342629482
REC:0.9109311740890689
TNR:0.6030534351145038
FPR:0.10358565737051793
FPDR:0.10358565737051793
F1:0.9036144578313253
BACC:0
CLSFE:0.10358565737051793
MCC:0.5261927047503218
GMEAN:0.7411748603988813
SAMPLES:1004
AUC:{}
AVGP:{}
