

GENERAL_METRICS
ACC:0.8432
PREC:0.7363419196088519
REC:0.7569647696476964
TNR:0.7569647696476964
FPR:0.26365808039114813
FPDR:0.26365808039114813
F1:0.7456986747268077
BACC:0.0
CLSFE:0.1568
MCC:0.4928754281981727
GMEAN:0.7448759013426894
SAMPLES:1250.0
AUC:{'AUC macro OVO': 0.7363419196088519}
AVGP:{'avg_precision': 0.883836324129007}


METRICS_PER_CLASSES
CLASS:0
ACC:0.8432
PREC:0.5577689243027888
REC:0.6222222222222222
TNR:0.8917073170731707
FPR:0.44223107569721115
FPDR:0.44223107569721115
F1:0.5882352941176471
BACC:0
CLSFE:0.44223107569721115
MCC:0.4928754281981727
GMEAN:0.7448759013426894
SAMPLES:251
AUC:{}
AVGP:{}
CLASS:1
ACC:0.8432
PREC:0.914914914914915
REC:0.8917073170731707
TNR:0.6222222222222222
FPR:0.08508508508508508
FPDR:0.08508508508508508
F1:0.9031620553359684
BACC:0
CLSFE:0.08508508508508508
MCC:0.4928754281981727
GMEAN:0.7448759013426894
SAMPLES:999
AUC:{}
AVGP:{}
