

GENERAL_METRICS
ACC:0.844
PREC:0.7392707757190266
REC:0.7368300621447421
TNR:0.7368300621447421
FPR:0.26072922428097345
FPDR:0.26072922428097345
F1:0.7380370241005938
BACC:0.0
CLSFE:0.156
MCC:0.4760945817081211
GMEAN:0.7171531829815748
SAMPLES:1250.0
AUC:{'AUC macro OVO': 0.7392707757190266}
AVGP:{'avg_precision': 0.8975851998653281}


METRICS_PER_CLASSES
CLASS:0
ACC:0.844
PREC:0.5752212389380531
REC:0.5676855895196506
TNR:0.9059745347698335
FPR:0.4247787610619469
FPDR:0.4247787610619469
F1:0.5714285714285714
BACC:0
CLSFE:0.4247787610619469
MCC:0.4760945817081211
GMEAN:0.7171531829815748
SAMPLES:226
AUC:{}
AVGP:{}
CLASS:1
ACC:0.844
PREC:0.9033203125
REC:0.9059745347698335
TNR:0.5676855895196506
FPR:0.0966796875
FPDR:0.0966796875
F1:0.9046454767726161
BACC:0
CLSFE:0.0966796875
MCC:0.4760945817081211
GMEAN:0.7171531829815748
SAMPLES:1024
AUC:{}
AVGP:{}
