

GENERAL_METRICS
ACC:0.9093333333333333
PREC:0.5310792885953277
REC:0.5643379262576745
TNR:0.5643379262576745
FPR:0.46892071140467234
FPDR:0.46892071140467234
F1:0.5379524080108543
BACC:0.0
CLSFE:0.09066666666666667
MCC:0.08943325953552574
GMEAN:0.4267983818964542
SAMPLES:3750.0
AUC:{'AUC macro OVO': 0.5310792885953277}
AVGP:{'avg_precision': 0.9334340056779636}


METRICS_PER_CLASSES
CLASS:0
ACC:0.9093333333333333
PREC:0.09056603773584905
REC:0.1951219512195122
TNR:0.9335539012958368
FPR:0.909433962264151
FPDR:0.909433962264151
F1:0.12371134020618557
BACC:0
CLSFE:0.909433962264151
MCC:0.08943325953552574
GMEAN:0.4267983818964542
SAMPLES:265
AUC:{}
AVGP:{}
CLASS:1
ACC:0.9093333333333333
PREC:0.9715925394548063
REC:0.9335539012958368
TNR:0.1951219512195122
FPR:0.028407460545193688
FPDR:0.028407460545193688
F1:0.952193475815523
BACC:0
CLSFE:0.028407460545193688
MCC:0.08943325953552574
GMEAN:0.4267983818964542
SAMPLES:3485
AUC:{}
AVGP:{}
