

GENERAL_METRICS
ACC:0.9165333333333333
PREC:0.5481517685003334
REC:0.5973744560006741
TNR:0.5973744560006741
FPR:0.4518482314996667
FPDR:0.4518482314996667
F1:0.5607017543859649
BACC:0.0
CLSFE:0.08346666666666666
MCC:0.13694892862947636
GMEAN:0.49036221653240375
SAMPLES:3750.0
AUC:{'AUC macro OVO': 0.5481517685003333}
AVGP:{'avg_precision': 0.9383887940585406}


METRICS_PER_CLASSES
CLASS:0
ACC:0.9165333333333333
PREC:0.1220472440944882
REC:0.256198347107438
TNR:0.9385505648939102
FPR:0.8779527559055118
FPDR:0.8779527559055118
F1:0.16533333333333333
BACC:0
CLSFE:0.8779527559055118
MCC:0.13694892862947636
GMEAN:0.49036221653240375
SAMPLES:254
AUC:{}
AVGP:{}
CLASS:1
ACC:0.9165333333333333
PREC:0.9742562929061785
REC:0.9385505648939102
TNR:0.256198347107438
FPR:0.02574370709382151
FPDR:0.02574370709382151
F1:0.9560701754385965
BACC:0
CLSFE:0.02574370709382151
MCC:0.13694892862947636
GMEAN:0.49036221653240375
SAMPLES:3496
AUC:{}
AVGP:{}
