

GENERAL_METRICS
ACC:0.9130666666666667
PREC:0.5494918617970643
REC:0.5920226026944921
TNR:0.5920226026944921
FPR:0.4505081382029356
FPDR:0.4505081382029356
F1:0.5612517657597648
BACC:0.0
CLSFE:0.08693333333333333
MCC:0.1349721443078085
GMEAN:0.4805673427749241
SAMPLES:3750.0
AUC:{'AUC macro OVO': 0.5494918617970643}
AVGP:{'avg_precision': 0.9375863334904561}


METRICS_PER_CLASSES
CLASS:0
ACC:0.9130666666666667
PREC:0.12790697674418605
REC:0.2462686567164179
TNR:0.9377765486725663
FPR:0.872093023255814
FPDR:0.872093023255814
F1:0.1683673469387755
BACC:0
CLSFE:0.872093023255814
MCC:0.1349721443078085
GMEAN:0.4805673427749241
SAMPLES:258
AUC:{}
AVGP:{}
CLASS:1
ACC:0.9130666666666667
PREC:0.9710767468499427
REC:0.9377765486725663
TNR:0.2462686567164179
FPR:0.028923253150057275
FPDR:0.028923253150057275
F1:0.9541361845807541
BACC:0
CLSFE:0.028923253150057275
MCC:0.1349721443078085
GMEAN:0.4805673427749241
SAMPLES:3492
AUC:{}
AVGP:{}
