

GENERAL_METRICS
ACC:0.9106666666666666
PREC:0.5285759653327087
REC:0.556
TNR:0.556
FPR:0.4714240346672913
FPDR:0.4714240346672913
F1:0.5345255161533078
BACC:0.0
CLSFE:0.08933333333333333
MCC:0.08000635121368022
GMEAN:0.4058768286069063
SAMPLES:3750.0
AUC:{'AUC macro OVO': 0.5285759653327087}
AVGP:{'avg_precision': 0.9358900076277651}


METRICS_PER_CLASSES
CLASS:0
ACC:0.9106666666666666
PREC:0.08661417322834646
REC:0.176
TNR:0.936
FPR:0.9133858267716536
FPDR:0.9133858267716536
F1:0.11609498680738786
BACC:0
CLSFE:0.9133858267716536
MCC:0.08000635121368022
GMEAN:0.4058768286069063
SAMPLES:254
AUC:{}
AVGP:{}
CLASS:1
ACC:0.9106666666666666
PREC:0.9705377574370709
REC:0.936
TNR:0.176
FPR:0.02946224256292906
FPDR:0.02946224256292906
F1:0.9529560454992276
BACC:0
CLSFE:0.02946224256292906
MCC:0.08000635121368022
GMEAN:0.4058768286069063
SAMPLES:3496
AUC:{}
AVGP:{}
