

GENERAL_METRICS
ACC:0.9156666666666666
PREC:0.5554427446681284
REC:0.6505842944691865
TNR:0.6505842944691865
FPR:0.4445572553318716
FPDR:0.4445572553318716
F1:0.5736029316343367
BACC:0.0
CLSFE:0.08433333333333333
MCC:0.18274360825249528
GMEAN:0.5871457067467257
SAMPLES:3000.0
AUC:{'AUC macro OVO': 0.5554427446681284}
AVGP:{'avg_precision': 0.9306483958993004}


METRICS_PER_CLASSES
CLASS:0
ACC:0.9156666666666666
PREC:0.12931034482758622
REC:0.37037037037037035
TNR:0.9307982185680027
FPR:0.8706896551724138
FPDR:0.8706896551724138
F1:0.19169329073482427
BACC:0
CLSFE:0.8706896551724138
MCC:0.18274360825249528
GMEAN:0.5871457067467257
SAMPLES:232
AUC:{}
AVGP:{}
CLASS:1
ACC:0.9156666666666666
PREC:0.9815751445086706
REC:0.9307982185680027
TNR:0.37037037037037035
FPR:0.01842485549132948
FPDR:0.01842485549132948
F1:0.9555125725338491
BACC:0
CLSFE:0.01842485549132948
MCC:0.18274360825249528
GMEAN:0.5871457067467257
SAMPLES:2768
AUC:{}
AVGP:{}
