

GENERAL_METRICS
ACC:0.9063333333333333
PREC:0.5343940855030537
REC:0.6173817649926865
TNR:0.6173817649926865
FPR:0.4656059144969463
FPDR:0.4656059144969463
F1:0.5429345984412064
BACC:0.0
CLSFE:0.09366666666666666
MCC:0.12707853416935236
GMEAN:0.5378596729550574
SAMPLES:3000.0
AUC:{'AUC macro OVO': 0.5343940855030537}
AVGP:{'avg_precision': 0.9203820287584624}


METRICS_PER_CLASSES
CLASS:0
ACC:0.9063333333333333
PREC:0.08627450980392157
REC:0.3142857142857143
TNR:0.9204778156996587
FPR:0.9137254901960784
FPDR:0.9137254901960784
F1:0.13538461538461538
BACC:0
CLSFE:0.9137254901960784
MCC:0.12707853416935236
GMEAN:0.5378596729550574
SAMPLES:255
AUC:{}
AVGP:{}
CLASS:1
ACC:0.9063333333333333
PREC:0.9825136612021858
REC:0.9204778156996587
TNR:0.3142857142857143
FPR:0.017486338797814208
FPDR:0.017486338797814208
F1:0.9504845814977974
BACC:0
CLSFE:0.017486338797814208
MCC:0.12707853416935236
GMEAN:0.5378596729550574
SAMPLES:2745
AUC:{}
AVGP:{}
