

GENERAL_METRICS
ACC:0.897
PREC:0.5379201680672269
REC:0.6192841300064846
TNR:0.6192841300064846
FPR:0.46207983193277313
FPDR:0.46207983193277313
F1:0.5469719694404004
BACC:0.0
CLSFE:0.103
MCC:0.13451058333973337
GMEAN:0.5450567616095238
SAMPLES:3000.0
AUC:{'AUC macro OVO': 0.5379201680672269}
AVGP:{'avg_precision': 0.9131311648416651}


METRICS_PER_CLASSES
CLASS:0
ACC:0.897
PREC:0.09642857142857143
REC:0.3253012048192771
TNR:0.9132670551936921
FPR:0.9035714285714286
FPDR:0.9035714285714286
F1:0.1487603305785124
BACC:0
CLSFE:0.9035714285714286
MCC:0.13451058333973337
GMEAN:0.5450567616095238
SAMPLES:280
AUC:{}
AVGP:{}
CLASS:1
ACC:0.897
PREC:0.9794117647058823
REC:0.9132670551936921
TNR:0.3253012048192771
FPR:0.020588235294117647
FPDR:0.020588235294117647
F1:0.9451836083022884
BACC:0
CLSFE:0.020588235294117647
MCC:0.13451058333973337
GMEAN:0.5450567616095238
SAMPLES:2720
AUC:{}
AVGP:{}
