

GENERAL_METRICS
ACC:0.914
PREC:0.5511321946519834
REC:0.6250936563436563
TNR:0.6250936563436563
FPR:0.4488678053480167
FPDR:0.4488678053480167
F1:0.5664846723766722
BACC:0.0
CLSFE:0.086
MCC:0.1599539081847286
GMEAN:0.5445614775185652
SAMPLES:3000.0
AUC:{'AUC macro OVO': 0.5511321946519834}
AVGP:{'avg_precision': 0.9318467599451739}


METRICS_PER_CLASSES
CLASS:0
ACC:0.914
PREC:0.12389380530973451
REC:0.3181818181818182
TNR:0.9320054945054945
FPR:0.8761061946902655
FPDR:0.8761061946902655
F1:0.17834394904458598
BACC:0
CLSFE:0.8761061946902655
MCC:0.1599539081847286
GMEAN:0.5445614775185652
SAMPLES:226
AUC:{}
AVGP:{}
CLASS:1
ACC:0.914
PREC:0.9783705839942322
REC:0.9320054945054945
TNR:0.3181818181818182
FPR:0.021629416005767843
FPDR:0.021629416005767843
F1:0.9546253957087584
BACC:0
CLSFE:0.021629416005767843
MCC:0.1599539081847286
GMEAN:0.5445614775185652
SAMPLES:2774
AUC:{}
AVGP:{}
