

GENERAL_METRICS
ACC:0.8288
PREC:0.7095091597351463
REC:0.7167726977002109
TNR:0.7167726977002109
FPR:0.2904908402648537
FPDR:0.2904908402648537
F1:0.7130025405980704
BACC:0.0
CLSFE:0.1712
MCC:0.42621997019704305
GMEAN:0.6952893526876847
SAMPLES:1250.0
AUC:{'AUC macro OVO': 0.7095091597351464}
AVGP:{'avg_precision': 0.8831872331991969}


METRICS_PER_CLASSES
CLASS:0
ACC:0.8288
PREC:0.51931330472103
REC:0.5426008968609866
TNR:0.8909444985394352
FPR:0.48068669527896996
FPDR:0.48068669527896996
F1:0.5307017543859649
BACC:0
CLSFE:0.48068669527896996
MCC:0.42621997019704305
GMEAN:0.6952893526876847
SAMPLES:233
AUC:{}
AVGP:{}
CLASS:1
ACC:0.8288
PREC:0.8997050147492626
REC:0.8909444985394352
TNR:0.5426008968609866
FPR:0.10029498525073746
FPDR:0.10029498525073746
F1:0.8953033268101761
BACC:0
CLSFE:0.10029498525073746
MCC:0.42621997019704305
GMEAN:0.6952893526876847
SAMPLES:1017
AUC:{}
AVGP:{}
