

GENERAL_METRICS
ACC:0.8384
PREC:0.7137263952320798
REC:0.745447866681546
TNR:0.745447866681546
FPR:0.2862736047679202
FPDR:0.2862736047679202
F1:0.7272322663163717
BACC:0.0
CLSFE:0.1616
MCC:0.4580772326289571
GMEAN:0.7324399047792305
SAMPLES:1250.0
AUC:{'AUC macro OVO': 0.7137263952320797}
AVGP:{'avg_precision': 0.8775728549403917}


METRICS_PER_CLASSES
CLASS:0
ACC:0.8384
PREC:0.508130081300813
REC:0.6067961165048543
TNR:0.8840996168582376
FPR:0.491869918699187
FPDR:0.491869918699187
F1:0.5530973451327433
BACC:0
CLSFE:0.491869918699187
MCC:0.4580772326289571
GMEAN:0.7324399047792305
SAMPLES:246
AUC:{}
AVGP:{}
CLASS:1
ACC:0.8384
PREC:0.9193227091633466
REC:0.8840996168582376
TNR:0.6067961165048543
FPR:0.08067729083665338
FPDR:0.08067729083665338
F1:0.9013671875
BACC:0
CLSFE:0.08067729083665338
MCC:0.4580772326289571
GMEAN:0.7324399047792305
SAMPLES:1004
AUC:{}
AVGP:{}
