

GENERAL_METRICS
ACC:0.8192
PREC:0.6924841746986036
REC:0.7167463643527474
TNR:0.7167463643527474
FPR:0.3075158253013965
FPDR:0.3075158253013965
F1:0.7029367723265361
BACC:0.0
CLSFE:0.1808
MCC:0.40851068559518194
GMEAN:0.6994383089240565
SAMPLES:1250.0
AUC:{'AUC macro OVO': 0.6924841746986035}
AVGP:{'avg_precision': 0.8661770659307009}


METRICS_PER_CLASSES
CLASS:0
ACC:0.8192
PREC:0.4801587301587302
REC:0.5601851851851852
TNR:0.8733075435203095
FPR:0.5198412698412699
FPDR:0.5198412698412699
F1:0.5170940170940171
BACC:0
CLSFE:0.5198412698412699
MCC:0.40851068559518194
GMEAN:0.6994383089240565
SAMPLES:252
AUC:{}
AVGP:{}
CLASS:1
ACC:0.8192
PREC:0.9048096192384769
REC:0.8733075435203095
TNR:0.5601851851851852
FPR:0.09519038076152304
FPDR:0.09519038076152304
F1:0.8887795275590551
BACC:0
CLSFE:0.09519038076152304
MCC:0.40851068559518194
GMEAN:0.6994383089240565
SAMPLES:998
AUC:{}
AVGP:{}
