

GENERAL_METRICS
ACC:0.8144
PREC:0.683
REC:0.7063562227113629
TNR:0.7063562227113629
FPR:0.317
FPDR:0.317
F1:0.6930255402750491
BACC:0.0
CLSFE:0.1856
MCC:0.38865505917808096
GMEAN:0.6869822230220466
SAMPLES:1250.0
AUC:{'AUC macro OVO': 0.683}
AVGP:{'avg_precision': 0.8637320463320464}


METRICS_PER_CLASSES
CLASS:0
ACC:0.8144
PREC:0.464
REC:0.5420560747663551
TNR:0.8706563706563707
FPR:0.536
FPDR:0.536
F1:0.5
BACC:0
CLSFE:0.536
MCC:0.38865505917808096
GMEAN:0.6869822230220466
SAMPLES:250
AUC:{}
AVGP:{}
CLASS:1
ACC:0.8144
PREC:0.902
REC:0.8706563706563707
TNR:0.5420560747663551
FPR:0.098
FPDR:0.098
F1:0.8860510805500982
BACC:0
CLSFE:0.098
MCC:0.38865505917808096
GMEAN:0.6869822230220466
SAMPLES:1000
AUC:{}
AVGP:{}
