

GENERAL_METRICS
ACC:0.9050909090909091
PREC:0.5032
REC:0.5430468565033039
TNR:0.5430468565033039
FPR:0.4968
FPDR:0.4968
F1:0.4862980609227955
BACC:0.0
CLSFE:0.09490909090909092
MCC:0.023473384145501673
GMEAN:0.40065162910041946
SAMPLES:2750.0
AUC:{'AUC macro OVO': 0.5032}
AVGP:{'avg_precision': 0.9096201443635034}


METRICS_PER_CLASSES
CLASS:0
ACC:0.9050909090909091
PREC:0.012
REC:0.17647058823529413
TNR:0.9096231247713136
FPR:0.988
FPDR:0.988
F1:0.02247191011235955
BACC:0
CLSFE:0.988
MCC:0.023473384145501673
GMEAN:0.40065162910041946
SAMPLES:250
AUC:{}
AVGP:{}
CLASS:1
ACC:0.9050909090909091
PREC:0.9944
REC:0.9096231247713136
TNR:0.17647058823529413
FPR:0.0056
FPDR:0.0056
F1:0.9501242117332314
BACC:0
CLSFE:0.0056
MCC:0.023473384145501673
GMEAN:0.40065162910041946
SAMPLES:2500
AUC:{}
AVGP:{}
