

GENERAL_METRICS
ACC:0.9050909090909091
PREC:0.5001263950650114
REC:0.501282991202346
TNR:0.501282991202346
FPR:0.4998736049349886
FPDR:0.4998736049349886
F1:0.4826188030491431
BACC:0.0
CLSFE:0.09490909090909092
MCC:0.0008053912252553073
GMEAN:0.28788521884055257
SAMPLES:2750.0
AUC:{'AUC macro OVO': 0.5001263950650113}
AVGP:{'avg_precision': 0.9116567277312674}


METRICS_PER_CLASSES
CLASS:0
ACC:0.9050909090909091
PREC:0.00823045267489712
REC:0.09090909090909091
TNR:0.9116568914956011
FPR:0.9917695473251029
FPDR:0.9917695473251029
F1:0.01509433962264151
BACC:0
CLSFE:0.9917695473251029
MCC:0.0008053912252553073
GMEAN:0.28788521884055257
SAMPLES:243
AUC:{}
AVGP:{}
CLASS:1
ACC:0.9050909090909091
PREC:0.9920223374551257
REC:0.9116568914956011
TNR:0.09090909090909091
FPR:0.007977662544874352
FPDR:0.007977662544874352
F1:0.9501432664756447
BACC:0
CLSFE:0.007977662544874352
MCC:0.0008053912252553073
GMEAN:0.28788521884055257
SAMPLES:2507
AUC:{}
AVGP:{}
