

GENERAL_METRICS
ACC:0.9105454545454545
PREC:0.5080707647855711
REC:0.6042487247368761
TNR:0.6042487247368761
FPR:0.4919292352144289
FPDR:0.4919292352144289
F1:0.4960758724256293
BACC:0.0
CLSFE:0.08945454545454545
MCC:0.05801265160452759
GMEAN:0.5185896605259218
SAMPLES:2750.0
AUC:{'AUC macro OVO': 0.5080707647855711}
AVGP:{'avg_precision': 0.9143736428291508}


METRICS_PER_CLASSES
CLASS:0
ACC:0.9105454545454545
PREC:0.02092050209205021
REC:0.29411764705882354
TNR:0.9143798024149287
FPR:0.9790794979079498
FPDR:0.9790794979079498
F1:0.0390625
BACC:0
CLSFE:0.9790794979079498
MCC:0.05801265160452759
GMEAN:0.5185896605259218
SAMPLES:239
AUC:{}
AVGP:{}
CLASS:1
ACC:0.9105454545454545
PREC:0.995221027479092
REC:0.9143798024149287
TNR:0.29411764705882354
FPR:0.0047789725209080045
FPDR:0.0047789725209080045
F1:0.9530892448512586
BACC:0
CLSFE:0.0047789725209080045
MCC:0.05801265160452759
GMEAN:0.5185896605259218
SAMPLES:2511
AUC:{}
AVGP:{}
