

GENERAL_METRICS
ACC:0.9050909090909091
PREC:0.502706875396087
REC:0.5179119126487548
TNR:0.5179119126487548
FPR:0.497293124603913
FPDR:0.497293124603913
F1:0.4899224596859301
BACC:0.0
CLSFE:0.09490909090909092
MCC:0.013926279567174247
GMEAN:0.3329594941394866
SAMPLES:2750.0
AUC:{'AUC macro OVO': 0.502706875396087}
AVGP:{'avg_precision': 0.9146067451787838}


METRICS_PER_CLASSES
CLASS:0
ACC:0.9050909090909091
PREC:0.01694915254237288
REC:0.12121212121212122
TNR:0.9146117040853883
FPR:0.9830508474576272
FPDR:0.9830508474576272
F1:0.02973977695167286
BACC:0
CLSFE:0.9830508474576272
MCC:0.013926279567174247
GMEAN:0.3329594941394866
SAMPLES:236
AUC:{}
AVGP:{}
CLASS:1
ACC:0.9050909090909091
PREC:0.9884645982498012
REC:0.9146117040853883
TNR:0.12121212121212122
FPR:0.011535401750198886
FPDR:0.011535401750198886
F1:0.9501051424201874
BACC:0
CLSFE:0.011535401750198886
MCC:0.013926279567174247
GMEAN:0.3329594941394866
SAMPLES:2514
AUC:{}
AVGP:{}
