

GENERAL_METRICS
ACC:0.9230588235294117
PREC:0.559243295019157
REC:0.6406957963938366
TNR:0.6406957963938366
FPR:0.4407567049808429
FPDR:0.4407567049808429
F1:0.5780774540196263
BACC:0.0
CLSFE:0.07694117647058824
MCC:0.18259553744509
GMEAN:0.5667454699074586
SAMPLES:4250.0
AUC:{'AUC macro OVO': 0.559243295019157}
AVGP:{'avg_precision': 0.9393606236429567}


METRICS_PER_CLASSES
CLASS:0
ACC:0.9230588235294117
PREC:0.13793103448275862
REC:0.3418803418803419
TNR:0.9395112509073312
FPR:0.8620689655172413
FPDR:0.8620689655172413
F1:0.19656019656019655
BACC:0
CLSFE:0.8620689655172413
MCC:0.18259553744509
GMEAN:0.5667454699074586
SAMPLES:290
AUC:{}
AVGP:{}
CLASS:1
ACC:0.9230588235294117
PREC:0.9805555555555555
REC:0.9395112509073312
TNR:0.3418803418803419
FPR:0.019444444444444445
FPDR:0.019444444444444445
F1:0.959594711479056
BACC:0
CLSFE:0.019444444444444445
MCC:0.18259553744509
GMEAN:0.5667454699074586
SAMPLES:3960
AUC:{}
AVGP:{}
