

GENERAL_METRICS
ACC:0.9334117647058824
PREC:0.5816400263623875
REC:0.6620342736017619
TNR:0.6620342736017619
FPR:0.41835997363761246
FPDR:0.41835997363761246
F1:0.6052512820512821
BACC:0.0
CLSFE:0.06658823529411764
MCC:0.23003027947170923
GMEAN:0.5960841127068208
SAMPLES:4250.0
AUC:{'AUC macro OVO': 0.5816400263623875}
AVGP:{'avg_precision': 0.9499041727423099}


METRICS_PER_CLASSES
CLASS:0
ACC:0.9334117647058824
PREC:0.18253968253968253
REC:0.37398373983739835
TNR:0.9500848073661255
FPR:0.8174603174603174
FPDR:0.8174603174603174
F1:0.24533333333333332
BACC:0
CLSFE:0.8174603174603174
MCC:0.23003027947170923
GMEAN:0.5960841127068208
SAMPLES:252
AUC:{}
AVGP:{}
CLASS:1
ACC:0.9334117647058824
PREC:0.9807403701850925
REC:0.9500848073661255
TNR:0.37398373983739835
FPR:0.019259629814907454
FPDR:0.019259629814907454
F1:0.9651692307692308
BACC:0
CLSFE:0.019259629814907454
MCC:0.23003027947170923
GMEAN:0.5960841127068208
SAMPLES:3998
AUC:{}
AVGP:{}
