

GENERAL_METRICS
ACC:0.9298823529411765
PREC:0.5696051847753861
REC:0.6275442976042878
TNR:0.6275442976042878
FPR:0.4303948152246139
FPDR:0.4303948152246139
F1:0.5874748706563531
BACC:0.0
CLSFE:0.07011764705882353
MCC:0.1884435661071322
GMEAN:0.5385150869357921
SAMPLES:4250.0
AUC:{'AUC macro OVO': 0.569605184775386}
AVGP:{'avg_precision': 0.9495663406894083}


METRICS_PER_CLASSES
CLASS:0
ACC:0.9298823529411765
PREC:0.16194331983805668
REC:0.3053435114503817
TNR:0.9497450837581938
FPR:0.8380566801619433
FPDR:0.8380566801619433
F1:0.21164021164021163
BACC:0
CLSFE:0.8380566801619433
MCC:0.1884435661071322
GMEAN:0.5385150869357921
SAMPLES:247
AUC:{}
AVGP:{}
CLASS:1
ACC:0.9298823529411765
PREC:0.9772670497127155
REC:0.9497450837581938
TNR:0.3053435114503817
FPR:0.022732950287284538
FPDR:0.022732950287284538
F1:0.9633095296724945
BACC:0
CLSFE:0.022732950287284538
MCC:0.1884435661071322
GMEAN:0.5385150869357921
SAMPLES:4003
AUC:{}
AVGP:{}
