

GENERAL_METRICS
ACC:0.9308235294117647
PREC:0.5729879572124773
REC:0.6107789927634917
TNR:0.6107789927634917
FPR:0.42701204278752264
FPDR:0.42701204278752264
F1:0.5867530797561595
BACC:0.0
CLSFE:0.0691764705882353
MCC:0.17983917686492085
GMEAN:0.5049274545503818
SAMPLES:4250.0
AUC:{'AUC macro OVO': 0.5729879572124774}
AVGP:{'avg_precision': 0.954232313406569}


METRICS_PER_CLASSES
CLASS:0
ACC:0.9308235294117647
PREC:0.17256637168141592
REC:0.2671232876712329
TNR:0.9544346978557505
FPR:0.827433628318584
FPDR:0.827433628318584
F1:0.20967741935483872
BACC:0
CLSFE:0.827433628318584
MCC:0.17983917686492085
GMEAN:0.5049274545503818
SAMPLES:226
AUC:{}
AVGP:{}
CLASS:1
ACC:0.9308235294117647
PREC:0.9734095427435387
REC:0.9544346978557505
TNR:0.2671232876712329
FPR:0.026590457256461232
FPDR:0.026590457256461232
F1:0.9638287401574803
BACC:0
CLSFE:0.026590457256461232
MCC:0.17983917686492085
GMEAN:0.5049274545503818
SAMPLES:4024
AUC:{}
AVGP:{}
