

GENERAL_METRICS
ACC:0.8782857142857143
PREC:0.713953488372093
REC:0.7480318426480206
TNR:0.7480318426480206
FPR:0.28604651162790695
FPDR:0.28604651162790695
F1:0.7289286080493114
BACC:0.0
CLSFE:0.12171428571428572
MCC:0.46072672143865095
GMEAN:0.7283738374660262
SAMPLES:1750.0
AUC:{'AUC macro OVO': 0.713953488372093}
AVGP:{'avg_precision': 0.9150181949632487}


METRICS_PER_CLASSES
CLASS:0
ACC:0.8782857142857143
PREC:0.4857142857142857
REC:0.5776699029126213
TNR:0.9183937823834197
FPR:0.5142857142857142
FPDR:0.5142857142857142
F1:0.5277161862527716
BACC:0
CLSFE:0.5142857142857142
MCC:0.46072672143865095
GMEAN:0.7283738374660262
SAMPLES:245
AUC:{}
AVGP:{}
CLASS:1
ACC:0.8782857142857143
PREC:0.9421926910299003
REC:0.9183937823834197
TNR:0.5776699029126213
FPR:0.05780730897009967
FPDR:0.05780730897009967
F1:0.9301410298458511
BACC:0
CLSFE:0.05780730897009967
MCC:0.46072672143865095
GMEAN:0.7283738374660262
SAMPLES:1505
AUC:{}
AVGP:{}
