

GENERAL_METRICS
ACC:0.8885714285714286
PREC:0.7227605932047615
REC:0.8154360319840079
TNR:0.8154360319840079
FPR:0.27723940679523845
FPDR:0.27723940679523845
F1:0.7564203317822751
BACC:0.0
CLSFE:0.11142857142857143
MCC:0.5301574015437821
GMEAN:0.810160058469825
SAMPLES:1750.0
AUC:{'AUC macro OVO': 0.7227605932047616}
AVGP:{'avg_precision': 0.9057493604085359}


METRICS_PER_CLASSES
CLASS:0
ACC:0.8885714285714286
PREC:0.48014440433212996
REC:0.7228260869565217
TNR:0.9080459770114943
FPR:0.51985559566787
FPDR:0.51985559566787
F1:0.5770065075921909
BACC:0
CLSFE:0.51985559566787
MCC:0.5301574015437821
GMEAN:0.810160058469825
SAMPLES:277
AUC:{}
AVGP:{}
CLASS:1
ACC:0.8885714285714286
PREC:0.9653767820773931
REC:0.9080459770114943
TNR:0.7228260869565217
FPR:0.034623217922606926
FPDR:0.034623217922606926
F1:0.9358341559723593
BACC:0
CLSFE:0.034623217922606926
MCC:0.5301574015437821
GMEAN:0.810160058469825
SAMPLES:1473
AUC:{}
AVGP:{}
