

GENERAL_METRICS
ACC:0.8782857142857143
PREC:0.7186454595620754
REC:0.7560606060606061
TNR:0.7560606060606061
FPR:0.28135454043792457
FPDR:0.28135454043792457
F1:0.734910900904681
BACC:0.0
CLSFE:0.12171428571428572
MCC:0.4732292843341999
GMEAN:0.7387582554865119
SAMPLES:1750.0
AUC:{'AUC macro OVO': 0.7186454595620754}
AVGP:{'avg_precision': 0.9133937138345957}


METRICS_PER_CLASSES
CLASS:0
ACC:0.8782857142857143
PREC:0.49407114624505927
REC:0.5952380952380952
TNR:0.9168831168831169
FPR:0.5059288537549407
FPDR:0.5059288537549407
F1:0.5399568034557235
BACC:0
CLSFE:0.5059288537549407
MCC:0.4732292843341999
GMEAN:0.7387582554865119
SAMPLES:253
AUC:{}
AVGP:{}
CLASS:1
ACC:0.8782857142857143
PREC:0.9432197728790915
REC:0.9168831168831169
TNR:0.5952380952380952
FPR:0.05678022712090848
FPDR:0.05678022712090848
F1:0.9298649983536385
BACC:0
CLSFE:0.05678022712090848
MCC:0.4732292843341999
GMEAN:0.7387582554865119
SAMPLES:1497
AUC:{}
AVGP:{}
