

GENERAL_METRICS
ACC:0.8685714285714285
PREC:0.6921524513737628
REC:0.771440620782726
TNR:0.771440620782726
FPR:0.30784754862623714
FPDR:0.30784754862623714
F1:0.7203742608154373
BACC:0.0
CLSFE:0.13142857142857142
MCC:0.4567624357839281
GMEAN:0.761397872762837
SAMPLES:1750.0
AUC:{'AUC macro OVO': 0.6921524513737629}
AVGP:{'avg_precision': 0.8928153661002022}


METRICS_PER_CLASSES
CLASS:0
ACC:0.8685714285714285
PREC:0.43006993006993005
REC:0.6473684210526316
TNR:0.8955128205128206
FPR:0.5699300699300699
FPDR:0.5699300699300699
F1:0.5168067226890757
BACC:0
CLSFE:0.5699300699300699
MCC:0.4567624357839281
GMEAN:0.761397872762837
SAMPLES:286
AUC:{}
AVGP:{}
CLASS:1
ACC:0.8685714285714285
PREC:0.9542349726775956
REC:0.8955128205128206
TNR:0.6473684210526316
FPR:0.045765027322404374
FPDR:0.045765027322404374
F1:0.923941798941799
BACC:0
CLSFE:0.045765027322404374
MCC:0.4567624357839281
GMEAN:0.761397872762837
SAMPLES:1464
AUC:{}
AVGP:{}
