

GENERAL_METRICS
ACC:0.756
PREC:0.7489384971693258
REC:0.7617356601731602
TNR:0.7617356601731602
FPR:0.2510615028306742
FPDR:0.2510615028306742
F1:0.7502292976939203
BACC:0.0
CLSFE:0.244
MCC:0.5105137878613186
GMEAN:0.7613343584859779
SAMPLES:500.0
AUC:{'AUC macro OVO': 0.7489384971693257}
AVGP:{'avg_precision': 0.6738758979885058}


METRICS_PER_CLASSES
CLASS:0
ACC:0.756
PREC:0.8470149253731343
REC:0.737012987012987
TNR:0.7864583333333334
FPR:0.15298507462686567
FPDR:0.15298507462686567
F1:0.7881944444444444
BACC:0
CLSFE:0.15298507462686567
MCC:0.5105137878613186
GMEAN:0.7613343584859779
SAMPLES:268
AUC:{}
AVGP:{}
CLASS:1
ACC:0.756
PREC:0.6508620689655172
REC:0.7864583333333334
TNR:0.737012987012987
FPR:0.34913793103448276
FPDR:0.34913793103448276
F1:0.7122641509433962
BACC:0
CLSFE:0.34913793103448276
MCC:0.5105137878613186
GMEAN:0.7613343584859779
SAMPLES:232
AUC:{}
AVGP:{}
