

GENERAL_METRICS
ACC:0.758
PREC:0.7557364974139726
REC:0.7637045109305858
TNR:0.7637045109305858
FPR:0.24426350258602747
FPDR:0.24426350258602747
F1:0.755455761745197
BACC:0.0
CLSFE:0.242
MCC:0.5193798917079969
GMEAN:0.7630164104825072
SAMPLES:500.0
AUC:{'AUC macro OVO': 0.7557364974139726}
AVGP:{'avg_precision': 0.6952967357864877}


METRICS_PER_CLASSES
CLASS:0
ACC:0.758
PREC:0.8365758754863813
REC:0.7312925170068028
TNR:0.7961165048543689
FPR:0.16342412451361868
FPDR:0.16342412451361868
F1:0.7803992740471869
BACC:0
CLSFE:0.16342412451361868
MCC:0.5193798917079969
GMEAN:0.7630164104825072
SAMPLES:257
AUC:{}
AVGP:{}
CLASS:1
ACC:0.758
PREC:0.6748971193415638
REC:0.7961165048543689
TNR:0.7312925170068028
FPR:0.32510288065843623
FPDR:0.32510288065843623
F1:0.7305122494432071
BACC:0
CLSFE:0.32510288065843623
MCC:0.5193798917079969
GMEAN:0.7630164104825072
SAMPLES:243
AUC:{}
AVGP:{}
