

GENERAL_METRICS
ACC:0.744
PREC:0.7450672896897153
REC:0.7525020197523536
TNR:0.7525020197523536
FPR:0.2549327103102847
FPDR:0.2549327103102847
F1:0.7423510466988728
BACC:0.0
CLSFE:0.256
MCC:0.4975137611037036
GMEAN:0.7508767745026766
SAMPLES:500.0
AUC:{'AUC macro OVO': 0.7450672896897153}
AVGP:{'avg_precision': 0.7001690630310669}


METRICS_PER_CLASSES
CLASS:0
ACC:0.744
PREC:0.8340080971659919
REC:0.7030716723549488
TNR:0.8019323671497585
FPR:0.1659919028340081
FPDR:0.1659919028340081
F1:0.762962962962963
BACC:0
CLSFE:0.1659919028340081
MCC:0.4975137611037036
GMEAN:0.7508767745026766
SAMPLES:247
AUC:{}
AVGP:{}
CLASS:1
ACC:0.744
PREC:0.6561264822134387
REC:0.8019323671497585
TNR:0.7030716723549488
FPR:0.3438735177865613
FPDR:0.3438735177865613
F1:0.7217391304347827
BACC:0
CLSFE:0.3438735177865613
MCC:0.4975137611037036
GMEAN:0.7508767745026766
SAMPLES:253
AUC:{}
AVGP:{}
