

GENERAL_METRICS
ACC:0.75
PREC:0.7542234201280262
REC:0.7583137715179968
TNR:0.7583137715179968
FPR:0.24577657987197382
FPDR:0.24577657987197382
F1:0.7495582207013172
BACC:0.0
CLSFE:0.25
MCC:0.5125208696686396
GMEAN:0.7558457626403738
SAMPLES:500.0
AUC:{'AUC macro OVO': 0.7542234201280262}
AVGP:{'avg_precision': 0.723489226869455}


METRICS_PER_CLASSES
CLASS:0
ACC:0.75
PREC:0.8354430379746836
REC:0.6971830985915493
TNR:0.8194444444444444
FPR:0.16455696202531644
FPDR:0.16455696202531644
F1:0.7600767754318618
BACC:0
CLSFE:0.16455696202531644
MCC:0.5125208696686396
GMEAN:0.7558457626403738
SAMPLES:237
AUC:{}
AVGP:{}
CLASS:1
ACC:0.75
PREC:0.6730038022813688
REC:0.8194444444444444
TNR:0.6971830985915493
FPR:0.3269961977186312
FPDR:0.3269961977186312
F1:0.7390396659707724
BACC:0
CLSFE:0.3269961977186312
MCC:0.5125208696686396
GMEAN:0.7558457626403738
SAMPLES:263
AUC:{}
AVGP:{}
