

GENERAL_METRICS
ACC:0.8446666666666667
PREC:0.6996470321227868
REC:0.7032232704402516
TNR:0.7032232704402516
FPR:0.3003529678772132
FPDR:0.3003529678772132
F1:0.7014042968733314
BACC:0.0
CLSFE:0.15533333333333332
MCC:0.40285442930012666
GMEAN:0.6732185903852118
SAMPLES:1500.0
AUC:{'AUC macro OVO': 0.6996470321227868}
AVGP:{'avg_precision': 0.9008878150238517}


METRICS_PER_CLASSES
CLASS:0
ACC:0.8446666666666667
PREC:0.4892703862660944
REC:0.5
TNR:0.9064465408805031
FPR:0.5107296137339056
FPDR:0.5107296137339056
F1:0.4945770065075922
BACC:0
CLSFE:0.5107296137339056
MCC:0.40285442930012666
GMEAN:0.6732185903852118
SAMPLES:233
AUC:{}
AVGP:{}
CLASS:1
ACC:0.8446666666666667
PREC:0.9100236779794791
REC:0.9064465408805031
TNR:0.5
FPR:0.08997632202052092
FPDR:0.08997632202052092
F1:0.9082315872390705
BACC:0
CLSFE:0.08997632202052092
MCC:0.40285442930012666
GMEAN:0.6732185903852118
SAMPLES:1267
AUC:{}
AVGP:{}
