

GENERAL_METRICS
ACC:0.8586666666666667
PREC:0.728849413341392
REC:0.7385142074631975
TNR:0.7385142074631975
FPR:0.27115058665860803
FPDR:0.27115058665860803
F1:0.7334933490667239
BACC:0.0
CLSFE:0.14133333333333334
MCC:0.46726367910009786
GMEAN:0.7178937582499242
SAMPLES:1500.0
AUC:{'AUC macro OVO': 0.728849413341392}
AVGP:{'avg_precision': 0.9059966868211426}


METRICS_PER_CLASSES
CLASS:0
ACC:0.8586666666666667
PREC:0.5371900826446281
REC:0.5652173913043478
TNR:0.9118110236220472
FPR:0.4628099173553719
FPDR:0.4628099173553719
F1:0.5508474576271186
BACC:0
CLSFE:0.4628099173553719
MCC:0.46726367910009786
GMEAN:0.7178937582499242
SAMPLES:242
AUC:{}
AVGP:{}
CLASS:1
ACC:0.8586666666666667
PREC:0.9205087440381559
REC:0.9118110236220472
TNR:0.5652173913043478
FPR:0.0794912559618442
FPDR:0.0794912559618442
F1:0.9161392405063291
BACC:0
CLSFE:0.0794912559618442
MCC:0.46726367910009786
GMEAN:0.7178937582499242
SAMPLES:1258
AUC:{}
AVGP:{}
