

GENERAL_METRICS
ACC:0.852
PREC:0.7201659701133527
REC:0.7216886721049534
TNR:0.7216886721049534
FPR:0.27983402988664724
FPDR:0.27983402988664724
F1:0.720922280626475
BACC:0.0
CLSFE:0.148
MCC:0.44185201847282773
GMEAN:0.6962904942931679
SAMPLES:1500.0
AUC:{'AUC macro OVO': 0.7201659701133527}
AVGP:{'avg_precision': 0.9054126726315097}


METRICS_PER_CLASSES
CLASS:0
ACC:0.852
PREC:0.5274261603375527
REC:0.5319148936170213
TNR:0.9114624505928853
FPR:0.47257383966244726
FPDR:0.47257383966244726
F1:0.5296610169491526
BACC:0
CLSFE:0.47257383966244726
MCC:0.44185201847282773
GMEAN:0.6962904942931679
SAMPLES:237
AUC:{}
AVGP:{}
CLASS:1
ACC:0.852
PREC:0.9129057798891528
REC:0.9114624505928853
TNR:0.5319148936170213
FPR:0.08709422011084719
FPDR:0.08709422011084719
F1:0.9121835443037974
BACC:0
CLSFE:0.08709422011084719
MCC:0.44185201847282773
GMEAN:0.6962904942931679
SAMPLES:1263
AUC:{}
AVGP:{}
