

GENERAL_METRICS
ACC:0.844
PREC:0.7165493121074652
REC:0.7277502235954143
TNR:0.7277502235954143
FPR:0.28345068789253475
FPDR:0.28345068789253475
F1:0.7218621133407925
BACC:0.0
CLSFE:0.156
MCC:0.4441583242579536
GMEAN:0.7069745348499153
SAMPLES:1500.0
AUC:{'AUC macro OVO': 0.7165493121074652}
AVGP:{'avg_precision': 0.8938532681220236}


METRICS_PER_CLASSES
CLASS:0
ACC:0.844
PREC:0.5210727969348659
REC:0.5551020408163265
TNR:0.900398406374502
FPR:0.4789272030651341
FPDR:0.4789272030651341
F1:0.5375494071146245
BACC:0
CLSFE:0.4789272030651341
MCC:0.4441583242579536
GMEAN:0.7069745348499153
SAMPLES:261
AUC:{}
AVGP:{}
CLASS:1
ACC:0.844
PREC:0.9120258272800645
REC:0.900398406374502
TNR:0.5551020408163265
FPR:0.08797417271993543
FPDR:0.08797417271993543
F1:0.9061748195669607
BACC:0
CLSFE:0.08797417271993543
MCC:0.4441583242579536
GMEAN:0.7069745348499153
SAMPLES:1239
AUC:{}
AVGP:{}
