

GENERAL_METRICS
ACC:0.858
PREC:0.6398427904691721
REC:0.6465470196357047
TNR:0.6465470196357047
FPR:0.3601572095308278
FPDR:0.3601572095308278
F1:0.6430582368082368
BACC:0.0
CLSFE:0.142
MCC:0.28631132817824384
GMEAN:0.5872876329934154
SAMPLES:2000.0
AUC:{'AUC macro OVO': 0.6398427904691721}
AVGP:{'avg_precision': 0.9144925463042225}


METRICS_PER_CLASSES
CLASS:0
ACC:0.858
PREC:0.3565217391304348
REC:0.3761467889908257
TNR:0.9169472502805837
FPR:0.6434782608695652
FPDR:0.6434782608695652
F1:0.36607142857142855
BACC:0
CLSFE:0.6434782608695652
MCC:0.28631132817824384
GMEAN:0.5872876329934154
SAMPLES:230
AUC:{}
AVGP:{}
CLASS:1
ACC:0.858
PREC:0.9231638418079096
REC:0.9169472502805837
TNR:0.3761467889908257
FPR:0.0768361581920904
FPDR:0.0768361581920904
F1:0.920045045045045
BACC:0
CLSFE:0.0768361581920904
MCC:0.28631132817824384
GMEAN:0.5872876329934154
SAMPLES:1770
AUC:{}
AVGP:{}
