

GENERAL_METRICS
ACC:0.861
PREC:0.6572772510987615
REC:0.6769152196118489
TNR:0.6769152196118489
FPR:0.3427227489012386
FPDR:0.3427227489012386
F1:0.6661093816057497
BACC:0.0
CLSFE:0.139
MCC:0.3336149841843754
GMEAN:0.6344409521436134
SAMPLES:2000.0
AUC:{'AUC macro OVO': 0.6572772510987615}
AVGP:{'avg_precision': 0.9101826035533387}


METRICS_PER_CLASSES
CLASS:0
ACC:0.861
PREC:0.38492063492063494
REC:0.4409090909090909
TNR:0.9129213483146067
FPR:0.6150793650793651
FPDR:0.6150793650793651
F1:0.4110169491525424
BACC:0
CLSFE:0.6150793650793651
MCC:0.3336149841843754
GMEAN:0.6344409521436134
SAMPLES:252
AUC:{}
AVGP:{}
CLASS:1
ACC:0.861
PREC:0.9296338672768879
REC:0.9129213483146067
TNR:0.4409090909090909
FPR:0.07036613272311212
FPDR:0.07036613272311212
F1:0.921201814058957
BACC:0
CLSFE:0.07036613272311212
MCC:0.3336149841843754
GMEAN:0.6344409521436134
SAMPLES:1748
AUC:{}
AVGP:{}
