

GENERAL_METRICS
ACC:0.8908
PREC:0.5970729500142935
REC:0.6454609929078015
TNR:0.6454609929078015
FPR:0.4029270499857065
FPDR:0.4029270499857065
F1:0.6140384807875989
BACC:0.0
CLSFE:0.1092
MCC:0.23765797014675114
GMEAN:0.582145700852696
SAMPLES:2500.0
AUC:{'AUC macro OVO': 0.5970729500142935}
AVGP:{'avg_precision': 0.9235238434898497}


METRICS_PER_CLASSES
CLASS:0
ACC:0.8908
PREC:0.23605150214592274
REC:0.36666666666666664
TNR:0.9242553191489362
FPR:0.7639484978540773
FPDR:0.7639484978540773
F1:0.28720626631853785
BACC:0
CLSFE:0.7639484978540773
MCC:0.23765797014675114
GMEAN:0.582145700852696
SAMPLES:233
AUC:{}
AVGP:{}
CLASS:1
ACC:0.8908
PREC:0.9580943978826643
REC:0.9242553191489362
TNR:0.36666666666666664
FPR:0.04190560211733568
FPDR:0.04190560211733568
F1:0.9408706952566601
BACC:0
CLSFE:0.04190560211733568
MCC:0.23765797014675114
GMEAN:0.582145700852696
SAMPLES:2267
AUC:{}
AVGP:{}
