

GENERAL_METRICS
ACC:0.894
PREC:0.6114490860899418
REC:0.6721276595744681
TNR:0.6721276595744681
FPR:0.38855091391005825
FPDR:0.38855091391005825
F1:0.6323772181526304
BACC:0.0
CLSFE:0.106
MCC:0.2770088110539091
GMEAN:0.6230467350388358
SAMPLES:2500.0
AUC:{'AUC macro OVO': 0.6114490860899418}
AVGP:{'avg_precision': 0.9234598287700263}


METRICS_PER_CLASSES
CLASS:0
ACC:0.894
PREC:0.26141078838174275
REC:0.42
TNR:0.9242553191489362
FPR:0.7385892116182573
FPDR:0.7385892116182573
F1:0.32225063938618925
BACC:0
CLSFE:0.7385892116182573
MCC:0.2770088110539091
GMEAN:0.6230467350388358
SAMPLES:241
AUC:{}
AVGP:{}
CLASS:1
ACC:0.894
PREC:0.9614873837981408
REC:0.9242553191489362
TNR:0.42
FPR:0.03851261620185923
FPDR:0.03851261620185923
F1:0.9425037969190714
BACC:0
CLSFE:0.03851261620185923
MCC:0.2770088110539091
GMEAN:0.6230467350388358
SAMPLES:2259
AUC:{}
AVGP:{}
