

GENERAL_METRICS
ACC:0.8872
PREC:0.605833007297688
REC:0.6495490234248265
TNR:0.6495490234248265
FPR:0.39416699270231204
FPDR:0.39416699270231204
F1:0.6220171523790937
BACC:0.0
CLSFE:0.1128
MCC:0.25161258225678435
GMEAN:0.5890264654634941
SAMPLES:2500.0
AUC:{'AUC macro OVO': 0.605833007297688}
AVGP:{'avg_precision': 0.9224403964915973}


METRICS_PER_CLASSES
CLASS:0
ACC:0.8872
PREC:0.2572614107883817
REC:0.37575757575757573
TNR:0.9233404710920771
FPR:0.7427385892116183
FPDR:0.7427385892116183
F1:0.3054187192118227
BACC:0
CLSFE:0.7427385892116183
MCC:0.25161258225678435
GMEAN:0.5890264654634941
SAMPLES:241
AUC:{}
AVGP:{}
CLASS:1
ACC:0.8872
PREC:0.9544046038069942
REC:0.9233404710920771
TNR:0.37575757575757573
FPR:0.045595396193005754
FPDR:0.045595396193005754
F1:0.9386155855463648
BACC:0
CLSFE:0.045595396193005754
MCC:0.25161258225678435
GMEAN:0.5890264654634941
SAMPLES:2259
AUC:{}
AVGP:{}
