

GENERAL_METRICS
ACC:0.8844
PREC:0.610928615000596
REC:0.6588991083691769
TNR:0.6588991083691769
FPR:0.389071384999404
FPDR:0.389071384999404
F1:0.6284153005464481
BACC:0.0
CLSFE:0.1156
MCC:0.2655293431334654
GMEAN:0.6048988271004061
SAMPLES:2500.0
AUC:{'AUC macro OVO': 0.6109286150005959}
AVGP:{'avg_precision': 0.919140536049585}


METRICS_PER_CLASSES
CLASS:0
ACC:0.8844
PREC:0.2677165354330709
REC:0.39766081871345027
TNR:0.9201373980249034
FPR:0.7322834645669292
FPDR:0.7322834645669292
F1:0.32
BACC:0
CLSFE:0.7322834645669292
MCC:0.2655293431334654
GMEAN:0.6048988271004061
SAMPLES:254
AUC:{}
AVGP:{}
CLASS:1
ACC:0.8844
PREC:0.9541406945681211
REC:0.9201373980249034
TNR:0.39766081871345027
FPR:0.0458593054318789
FPDR:0.0458593054318789
F1:0.9368306010928962
BACC:0
CLSFE:0.0458593054318789
MCC:0.2655293431334654
GMEAN:0.6048988271004061
SAMPLES:2246
AUC:{}
AVGP:{}
