

GENERAL_METRICS
ACC:0.832
PREC:0.6093594836146972
REC:0.6512706043956044
TNR:0.6512706043956044
FPR:0.3906405163853029
FPDR:0.3906405163853029
F1:0.6237098623853211
BACC:0.0
CLSFE:0.168
MCC:0.2572382178665249
GMEAN:0.609984462061161
SAMPLES:1750.0
AUC:{'AUC macro OVO': 0.6093594836146972}
AVGP:{'avg_precision': 0.8772380390835579}


METRICS_PER_CLASSES
CLASS:0
ACC:0.832
PREC:0.2894736842105263
REC:0.4230769230769231
TNR:0.8794642857142857
FPR:0.7105263157894737
FPDR:0.7105263157894737
F1:0.34375
BACC:0
CLSFE:0.7105263157894737
MCC:0.2572382178665249
GMEAN:0.609984462061161
SAMPLES:266
AUC:{}
AVGP:{}
CLASS:1
ACC:0.832
PREC:0.9292452830188679
REC:0.8794642857142857
TNR:0.4230769230769231
FPR:0.07075471698113207
FPDR:0.07075471698113207
F1:0.9036697247706422
BACC:0
CLSFE:0.07075471698113207
MCC:0.2572382178665249
GMEAN:0.609984462061161
SAMPLES:1484
AUC:{}
AVGP:{}
