

GENERAL_METRICS
ACC:0.8422857142857143
PREC:0.6353357063549082
REC:0.6590394504566736
TNR:0.6590394504566736
FPR:0.3646642936450918
FPDR:0.3646642936450918
F1:0.6453963191697428
BACC:0.0
CLSFE:0.15771428571428572
MCC:0.2934192656650231
GMEAN:0.6144682150862592
SAMPLES:1750.0
AUC:{'AUC macro OVO': 0.6353357063549082}
AVGP:{'avg_precision': 0.8944344306053749}


METRICS_PER_CLASSES
CLASS:0
ACC:0.8422857142857143
PREC:0.3483606557377049
REC:0.4207920792079208
TNR:0.8972868217054264
FPR:0.6516393442622951
FPDR:0.6516393442622951
F1:0.3811659192825112
BACC:0
CLSFE:0.6516393442622951
MCC:0.2934192656650231
GMEAN:0.6144682150862592
SAMPLES:244
AUC:{}
AVGP:{}
CLASS:1
ACC:0.8422857142857143
PREC:0.9223107569721115
REC:0.8972868217054264
TNR:0.4207920792079208
FPR:0.07768924302788845
FPDR:0.07768924302788845
F1:0.9096267190569745
BACC:0
CLSFE:0.07768924302788845
MCC:0.2934192656650231
GMEAN:0.6144682150862592
SAMPLES:1506
AUC:{}
AVGP:{}
