

GENERAL_METRICS
ACC:0.8457142857142858
PREC:0.6188576361109941
REC:0.6699325747998315
TNR:0.6699325747998315
FPR:0.38114236388900585
FPDR:0.38114236388900585
F1:0.6362351376070507
BACC:0.0
CLSFE:0.15428571428571428
MCC:0.28423781689960015
GMEAN:0.6336252412592519
SAMPLES:1750.0
AUC:{'AUC macro OVO': 0.6188576361109941}
AVGP:{'avg_precision': 0.8854777206135874}


METRICS_PER_CLASSES
CLASS:0
ACC:0.8457142857142858
PREC:0.2992125984251969
REC:0.4523809523809524
TNR:0.8874841972187105
FPR:0.7007874015748031
FPDR:0.7007874015748031
F1:0.36018957345971564
BACC:0
CLSFE:0.7007874015748031
MCC:0.28423781689960015
GMEAN:0.6336252412592519
SAMPLES:254
AUC:{}
AVGP:{}
CLASS:1
ACC:0.8457142857142858
PREC:0.9385026737967914
REC:0.8874841972187105
TNR:0.4523809523809524
FPR:0.06149732620320856
FPDR:0.06149732620320856
F1:0.9122807017543859
BACC:0
CLSFE:0.06149732620320856
MCC:0.28423781689960015
GMEAN:0.6336252412592519
SAMPLES:1496
AUC:{}
AVGP:{}
