

GENERAL_METRICS
ACC:0.8434285714285714
PREC:0.6300975177304965
REC:0.6609100877192983
TNR:0.6609100877192983
FPR:0.3699024822695035
FPDR:0.3699024822695035
F1:0.6424726131784818
BACC:0.0
CLSFE:0.15657142857142858
MCC:0.28937175390889236
GMEAN:0.6181643737570583
SAMPLES:1750.0
AUC:{'AUC macro OVO': 0.6300975177304965}
AVGP:{'avg_precision': 0.8921544552871541}


METRICS_PER_CLASSES
CLASS:0
ACC:0.8434285714285714
PREC:0.3333333333333333
REC:0.4270833333333333
TNR:0.8947368421052632
FPR:0.6666666666666666
FPDR:0.6666666666666666
F1:0.3744292237442922
BACC:0
CLSFE:0.6666666666666666
MCC:0.28937175390889236
GMEAN:0.6181643737570583
SAMPLES:246
AUC:{}
AVGP:{}
CLASS:1
ACC:0.8434285714285714
PREC:0.9268617021276596
REC:0.8947368421052632
TNR:0.4270833333333333
FPR:0.07313829787234043
FPDR:0.07313829787234043
F1:0.9105160026126714
BACC:0
CLSFE:0.07313829787234043
MCC:0.28937175390889236
GMEAN:0.6181643737570583
SAMPLES:1504
AUC:{}
AVGP:{}
