

GENERAL_METRICS
ACC:0.8586666666666667
PREC:0.8615319865319866
REC:0.8428482734153264
TNR:0.8428482734153264
FPR:0.13846801346801346
FPDR:0.13846801346801346
F1:0.8496152420154206
BACC:0.0
CLSFE:0.14133333333333334
MCC:0.7041324232469476
GMEAN:0.8389220512873855
SAMPLES:750.0
AUC:{'AUC macro OVO': 0.8615319865319866}
AVGP:{'avg_precision': 0.883202380952381}


METRICS_PER_CLASSES
CLASS:0
ACC:0.8586666666666667
PREC:0.8712121212121212
REC:0.7615894039735099
TNR:0.9241071428571429
FPR:0.12878787878787878
FPDR:0.12878787878787878
F1:0.8127208480565371
BACC:0
CLSFE:0.12878787878787878
MCC:0.7041324232469476
GMEAN:0.8389220512873855
SAMPLES:264
AUC:{}
AVGP:{}
CLASS:1
ACC:0.8586666666666667
PREC:0.8518518518518519
REC:0.9241071428571429
TNR:0.7615894039735099
FPR:0.14814814814814814
FPDR:0.14814814814814814
F1:0.8865096359743041
BACC:0
CLSFE:0.14814814814814814
MCC:0.7041324232469476
GMEAN:0.8389220512873855
SAMPLES:486
AUC:{}
AVGP:{}
