

GENERAL_METRICS
ACC:0.864
PREC:0.8640514281539922
REC:0.8413122388877474
TNR:0.8413122388877474
FPR:0.13594857184600773
FPDR:0.13594857184600773
F1:0.850151611310909
BACC:0.0
CLSFE:0.136
MCC:0.7049970440037916
GMEAN:0.8366313752652441
SAMPLES:750.0
AUC:{'AUC macro OVO': 0.8640514281539923}
AVGP:{'avg_precision': 0.8953769268458147}


METRICS_PER_CLASSES
CLASS:0
ACC:0.864
PREC:0.8641975308641975
REC:0.7526881720430108
TNR:0.9299363057324841
FPR:0.13580246913580246
FPDR:0.13580246913580246
F1:0.8045977011494253
BACC:0
CLSFE:0.13580246913580246
MCC:0.7049970440037916
GMEAN:0.8366313752652441
SAMPLES:243
AUC:{}
AVGP:{}
CLASS:1
ACC:0.864
PREC:0.863905325443787
REC:0.9299363057324841
TNR:0.7526881720430108
FPR:0.13609467455621302
FPDR:0.13609467455621302
F1:0.8957055214723927
BACC:0
CLSFE:0.13609467455621302
MCC:0.7049970440037916
GMEAN:0.8366313752652441
SAMPLES:507
AUC:{}
AVGP:{}
