

GENERAL_METRICS
ACC:0.876
PREC:0.8768083914096969
REC:0.8588113275613276
TNR:0.8588113275613276
FPR:0.12319160859030315
FPDR:0.12319160859030315
F1:0.865987799606129
BACC:0.0
CLSFE:0.124
MCC:0.7353995353764148
GMEAN:0.8556095492791679
SAMPLES:750.0
AUC:{'AUC macro OVO': 0.8768083914096969}
AVGP:{'avg_precision': 0.8982449355917916}


METRICS_PER_CLASSES
CLASS:0
ACC:0.876
PREC:0.8793774319066148
REC:0.7847222222222222
TNR:0.9329004329004329
FPR:0.12062256809338522
FPDR:0.12062256809338522
F1:0.8293577981651377
BACC:0
CLSFE:0.12062256809338522
MCC:0.7353995353764148
GMEAN:0.8556095492791679
SAMPLES:257
AUC:{}
AVGP:{}
CLASS:1
ACC:0.876
PREC:0.8742393509127789
REC:0.9329004329004329
TNR:0.7847222222222222
FPR:0.1257606490872211
FPDR:0.1257606490872211
F1:0.9026178010471204
BACC:0
CLSFE:0.1257606490872211
MCC:0.7353995353764148
GMEAN:0.8556095492791679
SAMPLES:493
AUC:{}
AVGP:{}
