

GENERAL_METRICS
ACC:0.88
PREC:0.8784087926770107
REC:0.8620870716617584
TNR:0.8620870716617584
FPR:0.12159120732298931
FPDR:0.12159120732298931
F1:0.8689259305288013
BACC:0.0
CLSFE:0.12
MCC:0.7403159639815428
GMEAN:0.8592426814807922
SAMPLES:750.0
AUC:{'AUC macro OVO': 0.8784087926770108}
AVGP:{'avg_precision': 0.9006212561996182}


METRICS_PER_CLASSES
CLASS:0
ACC:0.88
PREC:0.8735177865612648
REC:0.7921146953405018
TNR:0.9320594479830149
FPR:0.12648221343873517
FPDR:0.12648221343873517
F1:0.8308270676691729
BACC:0
CLSFE:0.12648221343873517
MCC:0.7403159639815428
GMEAN:0.8592426814807922
SAMPLES:253
AUC:{}
AVGP:{}
CLASS:1
ACC:0.88
PREC:0.8832997987927566
REC:0.9320594479830149
TNR:0.7921146953405018
FPR:0.11670020120724346
FPDR:0.11670020120724346
F1:0.9070247933884298
BACC:0
CLSFE:0.11670020120724346
MCC:0.7403159639815428
GMEAN:0.8592426814807922
SAMPLES:497
AUC:{}
AVGP:{}
