

GENERAL_METRICS
ACC:0.8555
PREC:0.501573336272533
REC:0.5115599593495934
TNR:0.5115599593495934
FPR:0.498426663727467
FPDR:0.498426663727467
F1:0.47767890627047377
BACC:0.0
CLSFE:0.1445
MCC:0.008529408737707909
GMEAN:0.36803318436894783
SAMPLES:2000.0
AUC:{'AUC macro OVO': 0.501573336272533}
AVGP:{'avg_precision': 0.8668641553957375}


METRICS_PER_CLASSES
CLASS:0
ACC:0.8555
PREC:0.018726591760299626
REC:0.15625
TNR:0.866869918699187
FPR:0.9812734082397003
FPDR:0.9812734082397003
F1:0.033444816053511704
BACC:0
CLSFE:0.9812734082397003
MCC:0.008529408737707909
GMEAN:0.36803318436894783
SAMPLES:267
AUC:{}
AVGP:{}
CLASS:1
ACC:0.8555
PREC:0.9844200807847663
REC:0.866869918699187
TNR:0.15625
FPR:0.015579919215233698
FPDR:0.015579919215233698
F1:0.9219129964874359
BACC:0
CLSFE:0.015579919215233698
MCC:0.008529408737707909
GMEAN:0.36803318436894783
SAMPLES:1733
AUC:{}
AVGP:{}
