

GENERAL_METRICS
ACC:0.8615
PREC:0.49990034392932303
REC:0.49946463476885916
TNR:0.49946463476885916
FPR:0.500099656070677
FPDR:0.500099656070677
F1:0.48012022923507297
BACC:0.0
CLSFE:0.1385
MCC:-0.00046196274876914137
GMEAN:0.32702988041773706
SAMPLES:2000.0
AUC:{'AUC macro OVO': 0.49990034392932303}
AVGP:{'avg_precision': 0.8769785005381123}


METRICS_PER_CLASSES
CLASS:0
ACC:0.8615
PREC:0.02032520325203252
REC:0.12195121951219512
TNR:0.8769780500255232
FPR:0.9796747967479674
FPDR:0.9796747967479674
F1:0.03484320557491289
BACC:0
CLSFE:0.9796747967479674
MCC:-0.00046196274876914137
GMEAN:0.32702988041773706
SAMPLES:246
AUC:{}
AVGP:{}
CLASS:1
ACC:0.8615
PREC:0.9794754846066135
REC:0.8769780500255232
TNR:0.12195121951219512
FPR:0.020524515393386546
FPDR:0.020524515393386546
F1:0.925397252895233
BACC:0
CLSFE:0.020524515393386546
MCC:-0.00046196274876914137
GMEAN:0.32702988041773706
SAMPLES:1754
AUC:{}
AVGP:{}
