

GENERAL_METRICS
ACC:0.8585
PREC:0.5010888407490678
REC:0.5055540063208774
TNR:0.5055540063208774
FPR:0.49891115925093227
FPDR:0.49891115925093227
F1:0.4821473501223724
BACC:0.0
CLSFE:0.1415
MCC:0.004918303936420094
GMEAN:0.3453741797499131
SAMPLES:2000.0
AUC:{'AUC macro OVO': 0.5010888407490678}
AVGP:{'avg_precision': 0.8747390667877992}


METRICS_PER_CLASSES
CLASS:0
ACC:0.8585
PREC:0.02390438247011952
REC:0.13636363636363635
TNR:0.8747443762781186
FPR:0.9760956175298805
FPDR:0.9760956175298805
F1:0.04067796610169491
BACC:0
CLSFE:0.9760956175298805
MCC:0.004918303936420094
GMEAN:0.3453741797499131
SAMPLES:251
AUC:{}
AVGP:{}
CLASS:1
ACC:0.8585
PREC:0.978273299028016
REC:0.8747443762781186
TNR:0.13636363636363635
FPR:0.02172670097198399
FPDR:0.02172670097198399
F1:0.9236167341430499
BACC:0
CLSFE:0.02172670097198399
MCC:0.004918303936420094
GMEAN:0.3453741797499131
SAMPLES:1749
AUC:{}
AVGP:{}
