

GENERAL_METRICS
ACC:0.8555
PREC:0.49719036052834986
REC:0.48743589743589744
TNR:0.48743589743589744
FPR:0.5028096394716501
FPDR:0.5028096394716501
F1:0.47767890627047377
BACC:0.0
CLSFE:0.1445
MCC:-0.011882861354061757
GMEAN:0.2957823177392109
SAMPLES:2000.0
AUC:{'AUC macro OVO': 0.49719036052834986}
AVGP:{'avg_precision': 0.8748879394924512}


METRICS_PER_CLASSES
CLASS:0
ACC:0.8555
PREC:0.020080321285140562
REC:0.1
TNR:0.8748717948717949
FPR:0.9799196787148594
FPDR:0.9799196787148594
F1:0.033444816053511704
BACC:0
CLSFE:0.9799196787148594
MCC:-0.011882861354061757
GMEAN:0.2957823177392109
SAMPLES:249
AUC:{}
AVGP:{}
CLASS:1
ACC:0.8555
PREC:0.9743003997715591
REC:0.8748717948717949
TNR:0.1
FPR:0.02569960022844089
FPDR:0.02569960022844089
F1:0.9219129964874359
BACC:0
CLSFE:0.02569960022844089
MCC:-0.011882861354061757
GMEAN:0.2957823177392109
SAMPLES:1751
AUC:{}
AVGP:{}
