

GENERAL_METRICS
ACC:0.8865
PREC:0.7267931423048188
REC:0.7209395057458011
TNR:0.7209395057458011
FPR:0.2732068576951812
FPDR:0.2732068576951812
F1:0.7238064820306915
BACC:0.0
CLSFE:0.1135
MCC:0.4476943813244201
GMEAN:0.6876001162214984
SAMPLES:2000.0
AUC:{'AUC macro OVO': 0.7267931423048187}
AVGP:{'avg_precision': 0.9341970132302874}


METRICS_PER_CLASSES
CLASS:0
ACC:0.8865
PREC:0.519650655021834
REC:0.5042372881355932
TNR:0.937641723356009
FPR:0.48034934497816595
FPDR:0.48034934497816595
F1:0.5118279569892473
BACC:0
CLSFE:0.48034934497816595
MCC:0.4476943813244201
GMEAN:0.6876001162214984
SAMPLES:229
AUC:{}
AVGP:{}
CLASS:1
ACC:0.8865
PREC:0.9339356295878035
REC:0.937641723356009
TNR:0.5042372881355932
FPR:0.0660643704121965
FPDR:0.0660643704121965
F1:0.9357850070721357
BACC:0
CLSFE:0.0660643704121965
MCC:0.4476943813244201
GMEAN:0.6876001162214984
SAMPLES:1771
AUC:{}
AVGP:{}
