

GENERAL_METRICS
ACC:0.8855
PREC:0.6883525503224546
REC:0.6990247689952532
TNR:0.6990247689952532
FPR:0.31164744967754543
FPDR:0.31164744967754543
F1:0.6934632032024395
BACC:0.0
CLSFE:0.1145
MCC:0.3872302819645867
GMEAN:0.6588096162502273
SAMPLES:2000.0
AUC:{'AUC macro OVO': 0.6883525503224546}
AVGP:{'avg_precision': 0.9302705527149681}


METRICS_PER_CLASSES
CLASS:0
ACC:0.8855
PREC:0.4372093023255814
REC:0.46534653465346537
TNR:0.9327030033370411
FPR:0.5627906976744186
FPDR:0.5627906976744186
F1:0.45083932853717024
BACC:0
CLSFE:0.5627906976744186
MCC:0.3872302819645867
GMEAN:0.6588096162502273
SAMPLES:215
AUC:{}
AVGP:{}
CLASS:1
ACC:0.8855
PREC:0.9394957983193277
REC:0.9327030033370411
TNR:0.46534653465346537
FPR:0.06050420168067227
FPDR:0.06050420168067227
F1:0.9360870778677086
BACC:0
CLSFE:0.06050420168067227
MCC:0.3872302819645867
GMEAN:0.6588096162502273
SAMPLES:1785
AUC:{}
AVGP:{}
