

GENERAL_METRICS
ACC:0.865
PREC:0.6679042560094928
REC:0.6821106821106822
TNR:0.6821106821106822
FPR:0.3320957439905072
FPDR:0.3320957439905072
F1:0.6745223313844856
BACC:0.0
CLSFE:0.135
MCC:0.3497265136713277
GMEAN:0.6401007150081348
SAMPLES:2000.0
AUC:{'AUC macro OVO': 0.6679042560094928}
AVGP:{'avg_precision': 0.914908923747008}


METRICS_PER_CLASSES
CLASS:0
ACC:0.865
PREC:0.4065040650406504
REC:0.44642857142857145
TNR:0.9177927927927928
FPR:0.5934959349593496
FPDR:0.5934959349593496
F1:0.425531914893617
BACC:0
CLSFE:0.5934959349593496
MCC:0.3497265136713277
GMEAN:0.6401007150081348
SAMPLES:246
AUC:{}
AVGP:{}
CLASS:1
ACC:0.865
PREC:0.9293044469783353
REC:0.9177927927927928
TNR:0.44642857142857145
FPR:0.07069555302166476
FPDR:0.07069555302166476
F1:0.9235127478753541
BACC:0
CLSFE:0.07069555302166476
MCC:0.3497265136713277
GMEAN:0.6401007150081348
SAMPLES:1754
AUC:{}
AVGP:{}
