

GENERAL_METRICS
ACC:0.888
PREC:0.6781495491721574
REC:0.7123102694346954
TNR:0.7123102694346954
FPR:0.3218504508278426
FPDR:0.3218504508278426
F1:0.6929748815074933
BACC:0.0
CLSFE:0.112
MCC:0.3889626140616101
GMEAN:0.679074840419038
SAMPLES:2000.0
AUC:{'AUC macro OVO': 0.6781495491721574}
AVGP:{'avg_precision': 0.9253412679412131}


METRICS_PER_CLASSES
CLASS:0
ACC:0.888
PREC:0.4080717488789238
REC:0.4972677595628415
TNR:0.9273527793065492
FPR:0.5919282511210763
FPDR:0.5919282511210763
F1:0.4482758620689655
BACC:0
CLSFE:0.5919282511210763
MCC:0.3889626140616101
GMEAN:0.679074840419038
SAMPLES:223
AUC:{}
AVGP:{}
CLASS:1
ACC:0.888
PREC:0.9482273494653911
REC:0.9273527793065492
TNR:0.4972677595628415
FPR:0.05177265053460889
FPDR:0.05177265053460889
F1:0.9376739009460211
BACC:0
CLSFE:0.05177265053460889
MCC:0.3889626140616101
GMEAN:0.679074840419038
SAMPLES:1777
AUC:{}
AVGP:{}
