

GENERAL_METRICS
ACC:0.788
PREC:0.7896741565840855
REC:0.8016666666666666
TNR:0.8016666666666666
FPR:0.21032584341591448
FPDR:0.21032584341591448
F1:0.786190314824676
BACC:0.0
CLSFE:0.212
MCC:0.5912192054938646
GMEAN:0.7987490219086343
SAMPLES:500.0
AUC:{'AUC macro OVO': 0.7896741565840856}
AVGP:{'avg_precision': 0.7559842519685039}


METRICS_PER_CLASSES
CLASS:0
ACC:0.788
PREC:0.8943089430894309
REC:0.7333333333333333
TNR:0.87
FPR:0.10569105691056911
FPDR:0.10569105691056911
F1:0.8058608058608059
BACC:0
CLSFE:0.10569105691056911
MCC:0.5912192054938646
GMEAN:0.7987490219086343
SAMPLES:246
AUC:{}
AVGP:{}
CLASS:1
ACC:0.788
PREC:0.6850393700787402
REC:0.87
TNR:0.7333333333333333
FPR:0.31496062992125984
FPDR:0.31496062992125984
F1:0.7665198237885462
BACC:0
CLSFE:0.31496062992125984
MCC:0.5912192054938646
GMEAN:0.7987490219086343
SAMPLES:254
AUC:{}
AVGP:{}
