

GENERAL_METRICS
ACC:0.774
PREC:0.7774655329778546
REC:0.7930194805194806
TNR:0.7930194805194806
FPR:0.22253446702214535
FPDR:0.22253446702214535
F1:0.7716239758446881
BACC:0.0
CLSFE:0.226
MCC:0.5702729393377587
GMEAN:0.7887706199581035
SAMPLES:500.0
AUC:{'AUC macro OVO': 0.7774655329778546}
AVGP:{'avg_precision': 0.7499844357976653}


METRICS_PER_CLASSES
CLASS:0
ACC:0.774
PREC:0.9012345679012346
REC:0.711038961038961
TNR:0.875
FPR:0.09876543209876543
FPDR:0.09876543209876543
F1:0.79491833030853
BACC:0
CLSFE:0.09876543209876543
MCC:0.5702729393377587
GMEAN:0.7887706199581035
SAMPLES:243
AUC:{}
AVGP:{}
CLASS:1
ACC:0.774
PREC:0.6536964980544747
REC:0.875
TNR:0.711038961038961
FPR:0.3463035019455253
FPDR:0.3463035019455253
F1:0.7483296213808464
BACC:0
CLSFE:0.3463035019455253
MCC:0.5702729393377587
GMEAN:0.7887706199581035
SAMPLES:257
AUC:{}
AVGP:{}
