

GENERAL_METRICS
ACC:0.794
PREC:0.7898090703602174
REC:0.8034035982814178
TNR:0.8034035982814178
FPR:0.21019092963978264
FPDR:0.21019092963978264
F1:0.7904587529244227
BACC:0.0
CLSFE:0.206
MCC:0.5930568767390951
GMEAN:0.8022231797169588
SAMPLES:500.0
AUC:{'AUC macro OVO': 0.7898090703602174}
AVGP:{'avg_precision': 0.734250362906669}


METRICS_PER_CLASSES
CLASS:0
ACC:0.794
PREC:0.8850574712643678
REC:0.7598684210526315
TNR:0.8469387755102041
FPR:0.11494252873563218
FPDR:0.11494252873563218
F1:0.8176991150442477
BACC:0
CLSFE:0.11494252873563218
MCC:0.5930568767390951
GMEAN:0.8022231797169588
SAMPLES:261
AUC:{}
AVGP:{}
CLASS:1
ACC:0.794
PREC:0.694560669456067
REC:0.8469387755102041
TNR:0.7598684210526315
FPR:0.3054393305439331
FPDR:0.3054393305439331
F1:0.7632183908045977
BACC:0
CLSFE:0.3054393305439331
MCC:0.5930568767390951
GMEAN:0.8022231797169588
SAMPLES:239
AUC:{}
AVGP:{}
