

GENERAL_METRICS
ACC:0.772
PREC:0.7653954235246889
REC:0.7823717346363466
TNR:0.7823717346363466
FPR:0.23460457647531113
FPDR:0.23460457647531113
F1:0.7663129929975894
BACC:0.0
CLSFE:0.228
MCC:0.5475040314197303
GMEAN:0.7812884081895005
SAMPLES:500.0
AUC:{'AUC macro OVO': 0.7653954235246889}
AVGP:{'avg_precision': 0.7016745932415519}


METRICS_PER_CLASSES
CLASS:0
ACC:0.772
PREC:0.8754716981132076
REC:0.7412140575079872
TNR:0.8235294117647058
FPR:0.12452830188679245
FPDR:0.12452830188679245
F1:0.8027681660899654
BACC:0
CLSFE:0.12452830188679245
MCC:0.5475040314197303
GMEAN:0.7812884081895005
SAMPLES:265
AUC:{}
AVGP:{}
CLASS:1
ACC:0.772
PREC:0.6553191489361702
REC:0.8235294117647058
TNR:0.7412140575079872
FPR:0.3446808510638298
FPDR:0.3446808510638298
F1:0.7298578199052133
BACC:0
CLSFE:0.3446808510638298
MCC:0.5475040314197303
GMEAN:0.7812884081895005
SAMPLES:235
AUC:{}
AVGP:{}
