

GENERAL_METRICS
ACC:0.927
PREC:0.6082013098182015
REC:0.6555081852991121
TNR:0.6555081852991121
FPR:0.3917986901817984
FPDR:0.3917986901817984
F1:0.6263901612663838
BACC:0.0
CLSFE:0.073
MCC:0.25943160437244756
GMEAN:0.5847569534950138
SAMPLES:4000.0
AUC:{'AUC macro OVO': 0.6082013098182016}
AVGP:{'avg_precision': 0.9513649233841789}


METRICS_PER_CLASSES
CLASS:0
ACC:0.927
PREC:0.24489795918367346
REC:0.3592814371257485
TNR:0.9517349334724758
FPR:0.7551020408163265
FPDR:0.7551020408163265
F1:0.2912621359223301
BACC:0
CLSFE:0.7551020408163265
MCC:0.25943160437244756
GMEAN:0.5847569534950138
SAMPLES:245
AUC:{}
AVGP:{}
CLASS:1
ACC:0.927
PREC:0.9715046604527297
REC:0.9517349334724758
TNR:0.3592814371257485
FPR:0.028495339547270307
FPDR:0.028495339547270307
F1:0.9615181866104375
BACC:0
CLSFE:0.028495339547270307
MCC:0.25943160437244756
GMEAN:0.5847569534950138
SAMPLES:3755
AUC:{}
AVGP:{}
