

GENERAL_METRICS
ACC:0.9255
PREC:0.5736541696643673
REC:0.634759902082592
TNR:0.634759902082592
FPR:0.42634583033563267
FPDR:0.42634583033563267
F1:0.5924150910364145
BACC:0.0
CLSFE:0.0745
MCC:0.19925489898062496
GMEAN:0.553098557751243
SAMPLES:4000.0
AUC:{'AUC macro OVO': 0.5736541696643673}
AVGP:{'avg_precision': 0.9459963993156558}


METRICS_PER_CLASSES
CLASS:0
ACC:0.9255
PREC:0.17131474103585656
REC:0.3233082706766917
TNR:0.9462115334884924
FPR:0.8286852589641435
FPDR:0.8286852589641435
F1:0.22395833333333334
BACC:0
CLSFE:0.8286852589641435
MCC:0.19925489898062496
GMEAN:0.553098557751243
SAMPLES:251
AUC:{}
AVGP:{}
CLASS:1
ACC:0.9255
PREC:0.9759935982928781
REC:0.9462115334884924
TNR:0.3233082706766917
FPR:0.0240064017071219
FPDR:0.0240064017071219
F1:0.9608718487394958
BACC:0
CLSFE:0.0240064017071219
MCC:0.19925489898062496
GMEAN:0.553098557751243
SAMPLES:3749
AUC:{}
AVGP:{}
