

GENERAL_METRICS
ACC:0.9058461538461539
PREC:0.5854460253319298
REC:0.6250196251448286
TNR:0.6250196251448286
FPR:0.4145539746680702
FPDR:0.4145539746680702
F1:0.5998850952068286
BACC:0.0
CLSFE:0.09415384615384616
MCC:0.20671168382182356
GMEAN:0.5414984127233368
SAMPLES:3250.0
AUC:{'AUC macro OVO': 0.5854460253319298}
AVGP:{'avg_precision': 0.9366884176451903}


METRICS_PER_CLASSES
CLASS:0
ACC:0.9058461538461539
PREC:0.20816326530612245
REC:0.3128834355828221
TNR:0.9371558147068351
FPR:0.7918367346938775
FPDR:0.7918367346938775
F1:0.25
BACC:0
CLSFE:0.7918367346938775
MCC:0.20671168382182356
GMEAN:0.5414984127233368
SAMPLES:245
AUC:{}
AVGP:{}
CLASS:1
ACC:0.9058461538461539
PREC:0.9627287853577371
REC:0.9371558147068351
TNR:0.3128834355828221
FPR:0.03727121464226289
FPDR:0.03727121464226289
F1:0.9497701904136573
BACC:0
CLSFE:0.03727121464226289
MCC:0.20671168382182356
GMEAN:0.5414984127233368
SAMPLES:3005
AUC:{}
AVGP:{}
