

GENERAL_METRICS
ACC:0.9107692307692308
PREC:0.6090165904931569
REC:0.6473763011416044
TNR:0.6473763011416044
FPR:0.39098340950684307
FPDR:0.39098340950684307
F1:0.6242409068292869
BACC:0.0
CLSFE:0.08923076923076922
MCC:0.2535070955216083
GMEAN:0.5763711383539473
SAMPLES:3250.0
AUC:{'AUC macro OVO': 0.6090165904931569}
AVGP:{'avg_precision': 0.9415678295853962}


METRICS_PER_CLASSES
CLASS:0
ACC:0.9107692307692308
PREC:0.25523012552301255
REC:0.35260115606936415
TNR:0.9421514462138446
FPR:0.7447698744769874
FPDR:0.7447698744769874
F1:0.2961165048543689
BACC:0
CLSFE:0.7447698744769874
MCC:0.2535070955216083
GMEAN:0.5763711383539473
SAMPLES:239
AUC:{}
AVGP:{}
CLASS:1
ACC:0.9107692307692308
PREC:0.9628030554633012
REC:0.9421514462138446
TNR:0.35260115606936415
FPR:0.03719694453669877
FPDR:0.03719694453669877
F1:0.952365308804205
BACC:0
CLSFE:0.03719694453669877
MCC:0.2535070955216083
GMEAN:0.5763711383539473
SAMPLES:3011
AUC:{}
AVGP:{}
