

GENERAL_METRICS
ACC:0.9043076923076923
PREC:0.6140575421676686
REC:0.6481709353034995
TNR:0.6481709353034995
FPR:0.38594245783233133
FPDR:0.38594245783233133
F1:0.627976601264898
BACC:0.0
CLSFE:0.09569230769230769
MCC:0.2600000977030724
GMEAN:0.5793474768300315
SAMPLES:3250.0
AUC:{'AUC macro OVO': 0.6140575421676686}
AVGP:{'avg_precision': 0.9381000694258181}


METRICS_PER_CLASSES
CLASS:0
ACC:0.9043076923076923
PREC:0.26953125
REC:0.35751295336787564
TNR:0.9388289172391233
FPR:0.73046875
FPDR:0.73046875
F1:0.30734966592427615
BACC:0
CLSFE:0.73046875
MCC:0.2600000977030724
GMEAN:0.5793474768300315
SAMPLES:256
AUC:{}
AVGP:{}
CLASS:1
ACC:0.9043076923076923
PREC:0.9585838343353373
REC:0.9388289172391233
TNR:0.35751295336787564
FPR:0.041416165664662656
FPDR:0.041416165664662656
F1:0.9486035366055198
BACC:0
CLSFE:0.041416165664662656
MCC:0.2600000977030724
GMEAN:0.5793474768300315
SAMPLES:2994
AUC:{}
AVGP:{}
