

GENERAL_METRICS
ACC:0.9144615384615384
PREC:0.62386686986155
REC:0.6628522949074348
TNR:0.6628522949074348
FPR:0.37613313013844996
FPDR:0.37613313013844996
F1:0.639789558960489
BACC:0.0
CLSFE:0.08553846153846154
MCC:0.28405636074521545
GMEAN:0.5997941204517523
SAMPLES:3250.0
AUC:{'AUC macro OVO': 0.62386686986155}
AVGP:{'avg_precision': 0.944384895378546}


METRICS_PER_CLASSES
CLASS:0
ACC:0.9144615384615384
PREC:0.2838983050847458
REC:0.3806818181818182
TNR:0.9450227716330514
FPR:0.7161016949152542
FPDR:0.7161016949152542
F1:0.32524271844660196
BACC:0
CLSFE:0.7161016949152542
MCC:0.28405636074521545
GMEAN:0.5997941204517523
SAMPLES:236
AUC:{}
AVGP:{}
CLASS:1
ACC:0.9144615384615384
PREC:0.9638354346383543
REC:0.9450227716330514
TNR:0.3806818181818182
FPR:0.036164565361645654
FPDR:0.036164565361645654
F1:0.9543363994743759
BACC:0
CLSFE:0.036164565361645654
MCC:0.28405636074521545
GMEAN:0.5997941204517523
SAMPLES:3014
AUC:{}
AVGP:{}
