

GENERAL_METRICS
ACC:0.8692
PREC:0.5830341936329098
REC:0.6104427468146206
TNR:0.6104427468146206
FPR:0.4169658063670903
FPDR:0.4169658063670903
F1:0.5933885728013513
BACC:0.0
CLSFE:0.1308
MCC:0.19152571027781767
GMEAN:0.5293672993695808
SAMPLES:2500.0
AUC:{'AUC macro OVO': 0.5830341936329098}
AVGP:{'avg_precision': 0.9134895731030062}


METRICS_PER_CLASSES
CLASS:0
ACC:0.8692
PREC:0.2235294117647059
REC:0.3064516129032258
TNR:0.9144338807260155
FPR:0.7764705882352941
FPDR:0.7764705882352941
F1:0.2585034013605442
BACC:0
CLSFE:0.7764705882352941
MCC:0.19152571027781767
GMEAN:0.5293672993695808
SAMPLES:255
AUC:{}
AVGP:{}
CLASS:1
ACC:0.8692
PREC:0.9425389755011135
REC:0.9144338807260155
TNR:0.3064516129032258
FPR:0.05746102449888642
FPDR:0.05746102449888642
F1:0.9282737442421584
BACC:0
CLSFE:0.05746102449888642
MCC:0.19152571027781767
GMEAN:0.5293672993695808
SAMPLES:2245
AUC:{}
AVGP:{}
