

GENERAL_METRICS
ACC:0.8724
PREC:0.5955206456272217
REC:0.6235615699096865
TNR:0.6235615699096865
FPR:0.4044793543727782
FPDR:0.4044793543727782
F1:0.6065565682852527
BACC:0.0
CLSFE:0.1276
MCC:0.21728028840634717
GMEAN:0.5500530821437184
SAMPLES:2500.0
AUC:{'AUC macro OVO': 0.5955206456272217}
AVGP:{'avg_precision': 0.9162042209681656}


METRICS_PER_CLASSES
CLASS:0
ACC:0.8724
PREC:0.24803149606299213
REC:0.3298429319371728
TNR:0.9172802078822001
FPR:0.7519685039370079
FPDR:0.7519685039370079
F1:0.28314606741573034
BACC:0
CLSFE:0.7519685039370079
MCC:0.21728028840634717
GMEAN:0.5500530821437184
SAMPLES:254
AUC:{}
AVGP:{}
CLASS:1
ACC:0.8724
PREC:0.9430097951914514
REC:0.9172802078822001
TNR:0.3298429319371728
FPR:0.05699020480854853
FPDR:0.05699020480854853
F1:0.929967069154775
BACC:0
CLSFE:0.05699020480854853
MCC:0.21728028840634717
GMEAN:0.5500530821437184
SAMPLES:2246
AUC:{}
AVGP:{}
