

GENERAL_METRICS
ACC:0.8716
PREC:0.5770856013292843
REC:0.6047058279888416
TNR:0.6047058279888416
FPR:0.4229143986707156
FPDR:0.4229143986707156
F1:0.5872709739633558
BACC:0.0
CLSFE:0.1284
MCC:0.1796809585148128
GMEAN:0.5186497569207378
SAMPLES:2500.0
AUC:{'AUC macro OVO': 0.5770856013292844}
AVGP:{'avg_precision': 0.9148033909113361}


METRICS_PER_CLASSES
CLASS:0
ACC:0.8716
PREC:0.20967741935483872
REC:0.2937853107344633
TNR:0.91562634524322
FPR:0.7903225806451613
FPDR:0.7903225806451613
F1:0.2447058823529412
BACC:0
CLSFE:0.7903225806451613
MCC:0.1796809585148128
GMEAN:0.5186497569207378
SAMPLES:248
AUC:{}
AVGP:{}
CLASS:1
ACC:0.8716
PREC:0.94449378330373
REC:0.91562634524322
TNR:0.2937853107344633
FPR:0.05550621669626998
FPDR:0.05550621669626998
F1:0.9298360655737705
BACC:0
CLSFE:0.05550621669626998
MCC:0.1796809585148128
GMEAN:0.5186497569207378
SAMPLES:2252
AUC:{}
AVGP:{}
