

GENERAL_METRICS
ACC:0.862
PREC:0.5743315063942867
REC:0.6034723522707043
TNR:0.6034723522707043
FPR:0.42566849360571335
FPDR:0.42566849360571335
F1:0.5845677891444312
BACC:0.0
CLSFE:0.138
MCC:0.17539961019844644
GMEAN:0.521304667190055
SAMPLES:2500.0
AUC:{'AUC macro OVO': 0.5743315063942867}
AVGP:{'avg_precision': 0.9065701321638856}


METRICS_PER_CLASSES
CLASS:0
ACC:0.862
PREC:0.2074074074074074
REC:0.2994652406417112
TNR:0.9074794638996974
FPR:0.7925925925925926
FPDR:0.7925925925925926
F1:0.24507658643326038
BACC:0
CLSFE:0.7925925925925926
MCC:0.17539961019844644
GMEAN:0.521304667190055
SAMPLES:270
AUC:{}
AVGP:{}
CLASS:1
ACC:0.862
PREC:0.9412556053811659
REC:0.9074794638996974
TNR:0.2994652406417112
FPR:0.05874439461883408
FPDR:0.05874439461883408
F1:0.924058991855602
BACC:0
CLSFE:0.05874439461883408
MCC:0.17539961019844644
GMEAN:0.521304667190055
SAMPLES:2230
AUC:{}
AVGP:{}
