

GENERAL_METRICS
ACC:0.8146666666666667
PREC:0.6412501447796375
REC:0.6633245860103159
TNR:0.6633245860103159
FPR:0.35874985522036246
FPDR:0.35874985522036246
F1:0.6505242973610813
BACC:0.0
CLSFE:0.18533333333333332
MCC:0.3037737409325005
GMEAN:0.6284798159173242
SAMPLES:1500.0
AUC:{'AUC macro OVO': 0.6412501447796375}
AVGP:{'avg_precision': 0.8710417101005579}


METRICS_PER_CLASSES
CLASS:0
ACC:0.8146666666666667
PREC:0.377431906614786
REC:0.4511627906976744
TNR:0.8754863813229572
FPR:0.622568093385214
FPDR:0.622568093385214
F1:0.4110169491525424
BACC:0
CLSFE:0.622568093385214
MCC:0.3037737409325005
GMEAN:0.6284798159173242
SAMPLES:257
AUC:{}
AVGP:{}
CLASS:1
ACC:0.8146666666666667
PREC:0.9050683829444891
REC:0.8754863813229572
TNR:0.4511627906976744
FPR:0.09493161705551086
FPDR:0.09493161705551086
F1:0.8900316455696202
BACC:0
CLSFE:0.09493161705551086
MCC:0.3037737409325005
GMEAN:0.6284798159173242
SAMPLES:1243
AUC:{}
AVGP:{}
