

GENERAL_METRICS
ACC:0.7946666666666666
PREC:0.6233748376747383
REC:0.6367750524201334
TNR:0.6367750524201334
FPR:0.3766251623252616
FPDR:0.3766251623252616
F1:0.6292122928163494
BACC:0.0
CLSFE:0.20533333333333334
MCC:0.25980454107107354
GMEAN:0.5941537581535687
SAMPLES:1500.0
AUC:{'AUC macro OVO': 0.6233748376747383}
AVGP:{'avg_precision': 0.8610767505248458}


METRICS_PER_CLASSES
CLASS:0
ACC:0.7946666666666666
PREC:0.3584905660377358
REC:0.40772532188841204
TNR:0.8658247829518547
FPR:0.6415094339622641
FPDR:0.6415094339622641
F1:0.3815261044176707
BACC:0
CLSFE:0.6415094339622641
MCC:0.25980454107107354
GMEAN:0.5941537581535687
SAMPLES:265
AUC:{}
AVGP:{}
CLASS:1
ACC:0.7946666666666666
PREC:0.8882591093117409
REC:0.8658247829518547
TNR:0.40772532188841204
FPR:0.11174089068825911
FPDR:0.11174089068825911
F1:0.876898481215028
BACC:0
CLSFE:0.11174089068825911
MCC:0.25980454107107354
GMEAN:0.5941537581535687
SAMPLES:1235
AUC:{}
AVGP:{}
