

GENERAL_METRICS
ACC:0.806
PREC:0.626400496724874
REC:0.650599144497832
TNR:0.650599144497832
FPR:0.3735995032751259
FPDR:0.3735995032751259
F1:0.6360604481500782
BACC:0.0
CLSFE:0.194
MCC:0.27594062166246597
GMEAN:0.6134718484941902
SAMPLES:1500.0
AUC:{'AUC macro OVO': 0.626400496724874}
AVGP:{'avg_precision': 0.863106418554206}


METRICS_PER_CLASSES
CLASS:0
ACC:0.806
PREC:0.34980988593155893
REC:0.4339622641509434
TNR:0.8672360248447205
FPR:0.6501901140684411
FPDR:0.6501901140684411
F1:0.3873684210526316
BACC:0
CLSFE:0.6501901140684411
MCC:0.27594062166246597
GMEAN:0.6134718484941902
SAMPLES:263
AUC:{}
AVGP:{}
CLASS:1
ACC:0.806
PREC:0.9029911075181891
REC:0.8672360248447205
TNR:0.4339622641509434
FPR:0.09700889248181083
FPDR:0.09700889248181083
F1:0.8847524752475248
BACC:0
CLSFE:0.09700889248181083
MCC:0.27594062166246597
GMEAN:0.6134718484941902
SAMPLES:1237
AUC:{}
AVGP:{}
