

GENERAL_METRICS
ACC:0.7993333333333333
PREC:0.6249958476651799
REC:0.645888846593072
TNR:0.645888846593072
FPR:0.3750041523348201
FPDR:0.3750041523348201
F1:0.6334986309976549
BACC:0.0
CLSFE:0.20066666666666666
MCC:0.2700777669101729
GMEAN:0.608001184281721
SAMPLES:1500.0
AUC:{'AUC macro OVO': 0.6249958476651799}
AVGP:{'avg_precision': 0.8593946446074225}


METRICS_PER_CLASSES
CLASS:0
ACC:0.7993333333333333
PREC:0.35315985130111527
REC:0.42792792792792794
TNR:0.863849765258216
FPR:0.6468401486988847
FPDR:0.6468401486988847
F1:0.3869653767820774
BACC:0
CLSFE:0.6468401486988847
MCC:0.2700777669101729
GMEAN:0.608001184281721
SAMPLES:269
AUC:{}
AVGP:{}
CLASS:1
ACC:0.7993333333333333
PREC:0.8968318440292445
REC:0.863849765258216
TNR:0.42792792792792794
FPR:0.10316815597075549
FPDR:0.10316815597075549
F1:0.8800318852132324
BACC:0
CLSFE:0.10316815597075549
MCC:0.2700777669101729
GMEAN:0.608001184281721
SAMPLES:1231
AUC:{}
AVGP:{}
