

GENERAL_METRICS
ACC:0.784
PREC:0.7860722806680438
REC:0.7909169367051505
TNR:0.7909169367051505
FPR:0.21392771933195626
FPDR:0.21392771933195626
F1:0.7834143524089137
BACC:0.0
CLSFE:0.216
MCC:0.5769688780799302
GMEAN:0.7891791509095905
SAMPLES:500.0
AUC:{'AUC macro OVO': 0.7860722806680438}
AVGP:{'avg_precision': 0.7484948985995805}


METRICS_PER_CLASSES
CLASS:0
ACC:0.784
PREC:0.8600823045267489
REC:0.7385159010600707
TNR:0.8433179723502304
FPR:0.13991769547325103
FPDR:0.13991769547325103
F1:0.7946768060836502
BACC:0
CLSFE:0.13991769547325103
MCC:0.5769688780799302
GMEAN:0.7891791509095905
SAMPLES:243
AUC:{}
AVGP:{}
CLASS:1
ACC:0.784
PREC:0.7120622568093385
REC:0.8433179723502304
TNR:0.7385159010600707
FPR:0.28793774319066145
FPDR:0.28793774319066145
F1:0.7721518987341772
BACC:0
CLSFE:0.28793774319066145
MCC:0.5769688780799302
GMEAN:0.7891791509095905
SAMPLES:257
AUC:{}
AVGP:{}
