

GENERAL_METRICS
ACC:0.808
PREC:0.8033953734429856
REC:0.8206679205001779
TNR:0.8206679205001779
FPR:0.19660462655701438
FPDR:0.19660462655701438
F1:0.8041615667074664
BACC:0.0
CLSFE:0.192
MCC:0.6238242172001248
GMEAN:0.8189105859967067
SAMPLES:500.0
AUC:{'AUC macro OVO': 0.8033953734429857}
AVGP:{'avg_precision': 0.7549443799426055}


METRICS_PER_CLASSES
CLASS:0
ACC:0.808
PREC:0.9080459770114943
REC:0.7669902912621359
TNR:0.8743455497382199
FPR:0.09195402298850575
FPDR:0.09195402298850575
F1:0.8315789473684211
BACC:0
CLSFE:0.09195402298850575
MCC:0.6238242172001248
GMEAN:0.8189105859967067
SAMPLES:261
AUC:{}
AVGP:{}
CLASS:1
ACC:0.808
PREC:0.698744769874477
REC:0.8743455497382199
TNR:0.7669902912621359
FPR:0.301255230125523
FPDR:0.301255230125523
F1:0.7767441860465116
BACC:0
CLSFE:0.301255230125523
MCC:0.6238242172001248
GMEAN:0.8189105859967067
SAMPLES:239
AUC:{}
AVGP:{}
