

GENERAL_METRICS
ACC:0.778
PREC:0.7729827378562826
REC:0.7833333333333334
TNR:0.7833333333333334
FPR:0.22701726214371737
FPDR:0.22701726214371737
F1:0.774183704607873
BACC:0.0
CLSFE:0.222
MCC:0.5562197733244659
GMEAN:0.7828793010419934
SAMPLES:500.0
AUC:{'AUC macro OVO': 0.7729827378562826}
AVGP:{'avg_precision': 0.7043829787234043}


METRICS_PER_CLASSES
CLASS:0
ACC:0.778
PREC:0.8566037735849057
REC:0.7566666666666667
TNR:0.81
FPR:0.14339622641509434
FPDR:0.14339622641509434
F1:0.8035398230088495
BACC:0
CLSFE:0.14339622641509434
MCC:0.5562197733244659
GMEAN:0.7828793010419934
SAMPLES:265
AUC:{}
AVGP:{}
CLASS:1
ACC:0.778
PREC:0.6893617021276596
REC:0.81
TNR:0.7566666666666667
FPR:0.31063829787234043
FPDR:0.31063829787234043
F1:0.7448275862068966
BACC:0
CLSFE:0.31063829787234043
MCC:0.5562197733244659
GMEAN:0.7828793010419934
SAMPLES:235
AUC:{}
AVGP:{}
