

GENERAL_METRICS
ACC:0.796
PREC:0.7972280903911402
REC:0.8034442193320699
TNR:0.8034442193320699
FPR:0.20277190960885988
FPDR:0.20277190960885988
F1:0.7951609793715058
BACC:0.0
CLSFE:0.204
MCC:0.6006401446866548
GMEAN:0.8017793589970322
SAMPLES:500.0
AUC:{'AUC macro OVO': 0.7972280903911402}
AVGP:{'avg_precision': 0.7581049378173523}


METRICS_PER_CLASSES
CLASS:0
ACC:0.796
PREC:0.8739837398373984
REC:0.7517482517482518
TNR:0.8551401869158879
FPR:0.12601626016260162
FPDR:0.12601626016260162
F1:0.8082706766917294
BACC:0
CLSFE:0.12601626016260162
MCC:0.6006401446866548
GMEAN:0.8017793589970322
SAMPLES:246
AUC:{}
AVGP:{}
CLASS:1
ACC:0.796
PREC:0.7204724409448819
REC:0.8551401869158879
TNR:0.7517482517482518
FPR:0.2795275590551181
FPDR:0.2795275590551181
F1:0.782051282051282
BACC:0
CLSFE:0.2795275590551181
MCC:0.6006401446866548
GMEAN:0.8017793589970322
SAMPLES:254
AUC:{}
AVGP:{}
