

GENERAL_METRICS
ACC:0.816
PREC:0.7301778354409934
REC:0.7653517861111612
TNR:0.7653517861111612
FPR:0.26982216455900665
FPDR:0.26982216455900665
F1:0.7441246001946877
BACC:0.0
CLSFE:0.184
MCC:0.49427967693389346
GMEAN:0.7603189617680205
SAMPLES:1000.0
AUC:{'AUC macro OVO': 0.7301778354409934}
AVGP:{'avg_precision': 0.8427024282945835}


METRICS_PER_CLASSES
CLASS:0
ACC:0.816
PREC:0.5521235521235521
REC:0.6777251184834123
TNR:0.85297845373891
FPR:0.44787644787644787
FPDR:0.44787644787644787
F1:0.6085106382978723
BACC:0
CLSFE:0.44787644787644787
MCC:0.49427967693389346
GMEAN:0.7603189617680205
SAMPLES:259
AUC:{}
AVGP:{}
CLASS:1
ACC:0.816
PREC:0.9082321187584346
REC:0.85297845373891
TNR:0.6777251184834123
FPR:0.09176788124156546
FPDR:0.09176788124156546
F1:0.8797385620915033
BACC:0
CLSFE:0.09176788124156546
MCC:0.49427967693389346
GMEAN:0.7603189617680205
SAMPLES:741
AUC:{}
AVGP:{}
