

GENERAL_METRICS
ACC:0.774
PREC:0.682171736619176
REC:0.7074526862294565
TNR:0.7074526862294565
FPR:0.31782826338082404
FPDR:0.31782826338082404
F1:0.6919906670446367
BACC:0.0
CLSFE:0.226
MCC:0.38880337507142654
GMEAN:0.6974725790499953
SAMPLES:1000.0
AUC:{'AUC macro OVO': 0.682171736619176}
AVGP:{'avg_precision': 0.8147380386213384}


METRICS_PER_CLASSES
CLASS:0
ACC:0.774
PREC:0.4867924528301887
REC:0.589041095890411
TNR:0.8258642765685019
FPR:0.5132075471698113
FPDR:0.5132075471698113
F1:0.5330578512396694
BACC:0
CLSFE:0.5132075471698113
MCC:0.38880337507142654
GMEAN:0.6974725790499953
SAMPLES:265
AUC:{}
AVGP:{}
CLASS:1
ACC:0.774
PREC:0.8775510204081632
REC:0.8258642765685019
TNR:0.589041095890411
FPR:0.12244897959183673
FPDR:0.12244897959183673
F1:0.8509234828496042
BACC:0
CLSFE:0.12244897959183673
MCC:0.38880337507142654
GMEAN:0.6974725790499953
SAMPLES:735
AUC:{}
AVGP:{}
