

GENERAL_METRICS
ACC:0.795
PREC:0.6899316037237972
REC:0.7310675372870801
TNR:0.7310675372870801
FPR:0.3100683962762027
FPDR:0.3100683962762027
F1:0.7046922244742442
BACC:0.0
CLSFE:0.205
MCC:0.41898461988690433
GMEAN:0.7236144179663354
SAMPLES:1000.0
AUC:{'AUC macro OVO': 0.6899316037237972}
AVGP:{'avg_precision': 0.8265837195318443}


METRICS_PER_CLASSES
CLASS:0
ACC:0.795
PREC:0.4763779527559055
REC:0.6269430051813472
TNR:0.8351920693928129
FPR:0.5236220472440944
FPDR:0.5236220472440944
F1:0.5413870246085011
BACC:0
CLSFE:0.5236220472440944
MCC:0.41898461988690433
GMEAN:0.7236144179663354
SAMPLES:254
AUC:{}
AVGP:{}
CLASS:1
ACC:0.795
PREC:0.903485254691689
REC:0.8351920693928129
TNR:0.6269430051813472
FPR:0.09651474530831099
FPDR:0.09651474530831099
F1:0.8679974243399872
BACC:0
CLSFE:0.09651474530831099
MCC:0.41898461988690433
GMEAN:0.7236144179663354
SAMPLES:746
AUC:{}
AVGP:{}
