

GENERAL_METRICS
ACC:0.818
PREC:0.736372287386996
REC:0.7698885109599396
TNR:0.7698885109599396
FPR:0.263627712613004
FPDR:0.263627712613004
F1:0.7498336806338279
BACC:0.0
CLSFE:0.182
MCC:0.5051501348117062
GMEAN:0.7652147841689997
SAMPLES:1000.0
AUC:{'AUC macro OVO': 0.736372287386996}
AVGP:{'avg_precision': 0.8438489574691665}


METRICS_PER_CLASSES
CLASS:0
ACC:0.818
PREC:0.5648854961832062
REC:0.6851851851851852
TNR:0.8545918367346939
FPR:0.4351145038167939
FPDR:0.4351145038167939
F1:0.6192468619246861
BACC:0
CLSFE:0.4351145038167939
MCC:0.5051501348117062
GMEAN:0.7652147841689997
SAMPLES:262
AUC:{}
AVGP:{}
CLASS:1
ACC:0.818
PREC:0.907859078590786
REC:0.8545918367346939
TNR:0.6851851851851852
FPR:0.0921409214092141
FPDR:0.0921409214092141
F1:0.8804204993429697
BACC:0
CLSFE:0.0921409214092141
MCC:0.5051501348117062
GMEAN:0.7652147841689997
SAMPLES:738
AUC:{}
AVGP:{}
