

GENERAL_METRICS
ACC:0.8824
PREC:0.49479016550941085
REC:0.47177026246793685
TNR:0.47177026246793685
FPR:0.5052098344905891
FPDR:0.5052098344905891
F1:0.4754481171798949
BACC:0.0
CLSFE:0.1176
MCC:-0.024254670499087
GMEAN:0.20426031009575457
SAMPLES:2500.0
AUC:{'AUC macro OVO': 0.49479016550941085}
AVGP:{'avg_precision': 0.8970466320942936}


METRICS_PER_CLASSES
CLASS:0
ACC:0.8824
PREC:0.00784313725490196
REC:0.046511627906976744
TNR:0.897028897028897
FPR:0.9921568627450981
FPDR:0.9921568627450981
F1:0.013422818791946308
BACC:0
CLSFE:0.9921568627450981
MCC:-0.024254670499087
GMEAN:0.20426031009575457
SAMPLES:255
AUC:{}
AVGP:{}
CLASS:1
ACC:0.8824
PREC:0.9817371937639198
REC:0.897028897028897
TNR:0.046511627906976744
FPR:0.01826280623608018
FPDR:0.01826280623608018
F1:0.9374734155678435
BACC:0
CLSFE:0.01826280623608018
MCC:-0.024254670499087
GMEAN:0.20426031009575457
SAMPLES:2245
AUC:{}
AVGP:{}
