

GENERAL_METRICS
ACC:0.8744
PREC:0.49481870033442255
REC:0.4751038839382221
TNR:0.4751038839382221
FPR:0.5051812996655775
FPDR:0.5051812996655775
F1:0.4758279914529915
BACC:0.0
CLSFE:0.1256
MCC:-0.022715126046321463
GMEAN:0.22898551694050556
SAMPLES:2500.0
AUC:{'AUC macro OVO': 0.49481870033442255}
AVGP:{'avg_precision': 0.8914060925900472}


METRICS_PER_CLASSES
CLASS:0
ACC:0.8744
PREC:0.011152416356877323
REC:0.058823529411764705
TNR:0.8913842384646795
FPR:0.9888475836431226
FPDR:0.9888475836431226
F1:0.01875
BACC:0
CLSFE:0.9888475836431226
MCC:-0.022715126046321463
GMEAN:0.22898551694050556
SAMPLES:269
AUC:{}
AVGP:{}
CLASS:1
ACC:0.8744
PREC:0.9784849843119677
REC:0.8913842384646795
TNR:0.058823529411764705
FPR:0.021515015688032272
FPDR:0.021515015688032272
F1:0.9329059829059829
BACC:0
CLSFE:0.021515015688032272
MCC:-0.022715126046321463
GMEAN:0.22898551694050556
SAMPLES:2231
AUC:{}
AVGP:{}
