

GENERAL_METRICS
ACC:0.8856
PREC:0.49419942947523016
REC:0.46295544733044736
TNR:0.46295544733044736
FPR:0.5058005705247698
FPDR:0.5058005705247698
F1:0.47312417468402185
BACC:0.0
CLSFE:0.1144
MCC:-0.029317540164092222
GMEAN:0.15794980891296492
SAMPLES:2500.0
AUC:{'AUC macro OVO': 0.49419942947523016}
AVGP:{'avg_precision': 0.8981497276078014}


METRICS_PER_CLASSES
CLASS:0
ACC:0.8856
PREC:0.003968253968253968
REC:0.027777777777777776
TNR:0.8981331168831169
FPR:0.996031746031746
FPDR:0.996031746031746
F1:0.006944444444444444
BACC:0
CLSFE:0.996031746031746
MCC:-0.029317540164092222
GMEAN:0.15794980891296492
SAMPLES:252
AUC:{}
AVGP:{}
CLASS:1
ACC:0.8856
PREC:0.9844306049822064
REC:0.8981331168831169
TNR:0.027777777777777776
FPR:0.015569395017793594
FPDR:0.015569395017793594
F1:0.9393039049235993
BACC:0
CLSFE:0.015569395017793594
MCC:-0.029317540164092222
GMEAN:0.15794980891296492
SAMPLES:2248
AUC:{}
AVGP:{}
