

GENERAL_METRICS
ACC:0.8788
PREC:0.4921016483516483
REC:0.4583616202760806
TNR:0.4583616202760806
FPR:0.5078983516483516
FPDR:0.5078983516483516
F1:0.4710103179175614
BACC:0.0
CLSFE:0.1212
MCC:-0.036269798186761994
GMEAN:0.14098865347017106
SAMPLES:2500.0
AUC:{'AUC macro OVO': 0.4921016483516483}
AVGP:{'avg_precision': 0.8945304626127437}


METRICS_PER_CLASSES
CLASS:0
ACC:0.8788
PREC:0.0038461538461538464
REC:0.022222222222222223
TNR:0.8945010183299389
FPR:0.9961538461538462
FPDR:0.9961538461538462
F1:0.006557377049180328
BACC:0
CLSFE:0.9961538461538462
MCC:-0.036269798186761994
GMEAN:0.14098865347017106
SAMPLES:260
AUC:{}
AVGP:{}
CLASS:1
ACC:0.8788
PREC:0.9803571428571428
REC:0.8945010183299389
TNR:0.022222222222222223
FPR:0.019642857142857142
FPDR:0.019642857142857142
F1:0.9354632587859425
BACC:0
CLSFE:0.019642857142857142
MCC:-0.036269798186761994
GMEAN:0.14098865347017106
SAMPLES:2240
AUC:{}
AVGP:{}
