

GENERAL_METRICS
ACC:0.8993333333333333
PREC:0.5082274351925682
REC:0.5345882463255116
TNR:0.5345882463255116
FPR:0.49177256480743176
FPDR:0.49177256480743176
F1:0.5015404929577465
BACC:0.0
CLSFE:0.10066666666666667
MCC:0.03373855687890247
GMEAN:0.37660087510934637
SAMPLES:3000.0
AUC:{'AUC macro OVO': 0.5082274351925683}
AVGP:{'avg_precision': 0.9139801441620209}


METRICS_PER_CLASSES
CLASS:0
ACC:0.8993333333333333
PREC:0.03435114503816794
REC:0.15517241379310345
TNR:0.9140040788579198
FPR:0.9656488549618321
FPDR:0.9656488549618321
F1:0.05625
BACC:0
CLSFE:0.9656488549618321
MCC:0.03373855687890247
GMEAN:0.37660087510934637
SAMPLES:262
AUC:{}
AVGP:{}
CLASS:1
ACC:0.8993333333333333
PREC:0.9821037253469685
REC:0.9140040788579198
TNR:0.15517241379310345
FPR:0.01789627465303141
FPDR:0.01789627465303141
F1:0.946830985915493
BACC:0
CLSFE:0.01789627465303141
MCC:0.03373855687890247
GMEAN:0.37660087510934637
SAMPLES:2738
AUC:{}
AVGP:{}
