

GENERAL_METRICS
ACC:0.909
PREC:0.5062038365481694
REC:0.5363962278855896
TNR:0.5363962278855896
FPR:0.4937961634518306
FPDR:0.4937961634518306
F1:0.4971681171432518
BACC:0.0
CLSFE:0.091
MCC:0.030053036370531555
GMEAN:0.3760004709336301
SAMPLES:3000.0
AUC:{'AUC macro OVO': 0.5062038365481694}
AVGP:{'avg_precision': 0.9189349627952048}


METRICS_PER_CLASSES
CLASS:0
ACC:0.909
PREC:0.024390243902439025
REC:0.15384615384615385
TNR:0.9189463019250254
FPR:0.975609756097561
FPDR:0.975609756097561
F1:0.042105263157894736
BACC:0
CLSFE:0.975609756097561
MCC:0.030053036370531555
GMEAN:0.3760004709336301
SAMPLES:246
AUC:{}
AVGP:{}
CLASS:1
ACC:0.909
PREC:0.9880174291938998
REC:0.9189463019250254
TNR:0.15384615384615385
FPR:0.011982570806100218
FPDR:0.011982570806100218
F1:0.9522309711286089
BACC:0
CLSFE:0.011982570806100218
MCC:0.030053036370531555
GMEAN:0.3760004709336301
SAMPLES:2754
AUC:{}
AVGP:{}
