

GENERAL_METRICS
ACC:0.902
PREC:0.5074805353417129
REC:0.5345214487005532
TNR:0.5345214487005532
FPR:0.4925194646582871
FPDR:0.4925194646582871
F1:0.4999716537218663
BACC:0.0
CLSFE:0.098
MCC:0.032139627692405935
GMEAN:0.37523259321180275
SAMPLES:3000.0
AUC:{'AUC macro OVO': 0.5074805353417129}
AVGP:{'avg_precision': 0.9151775397925828}


METRICS_PER_CLASSES
CLASS:0
ACC:0.902
PREC:0.031007751937984496
REC:0.15384615384615385
TNR:0.9151967435549525
FPR:0.9689922480620154
FPDR:0.9689922480620154
F1:0.05161290322580645
BACC:0
CLSFE:0.9689922480620154
MCC:0.032139627692405935
GMEAN:0.37523259321180275
SAMPLES:258
AUC:{}
AVGP:{}
CLASS:1
ACC:0.902
PREC:0.9839533187454412
REC:0.9151967435549525
TNR:0.15384615384615385
FPR:0.016046681254558718
FPDR:0.016046681254558718
F1:0.9483304042179261
BACC:0
CLSFE:0.016046681254558718
MCC:0.032139627692405935
GMEAN:0.37523259321180275
SAMPLES:2742
AUC:{}
AVGP:{}
