

GENERAL_METRICS
ACC:0.899
PREC:0.512600450016072
REC:0.5418374316939891
TNR:0.5418374316939891
FPR:0.487399549983928
FPDR:0.487399549983928
F1:0.5099918008529054
BACC:0.0
CLSFE:0.101
MCC:0.04592038618569908
GMEAN:0.3909407876565861
SAMPLES:3000.0
AUC:{'AUC macro OVO': 0.512600450016072}
AVGP:{'avg_precision': 0.9169643017110096}


METRICS_PER_CLASSES
CLASS:0
ACC:0.899
PREC:0.047058823529411764
REC:0.16666666666666666
TNR:0.9170081967213115
FPR:0.9529411764705882
FPDR:0.9529411764705882
F1:0.07339449541284404
BACC:0
CLSFE:0.9529411764705882
MCC:0.04592038618569908
GMEAN:0.3909407876565861
SAMPLES:255
AUC:{}
AVGP:{}
CLASS:1
ACC:0.899
PREC:0.9781420765027322
REC:0.9170081967213115
TNR:0.16666666666666666
FPR:0.02185792349726776
FPDR:0.02185792349726776
F1:0.9465891062929667
BACC:0
CLSFE:0.02185792349726776
MCC:0.04592038618569908
GMEAN:0.3909407876565861
SAMPLES:2745
AUC:{}
AVGP:{}
