

GENERAL_METRICS
ACC:0.9433333333333334
PREC:0.9503315128868448
REC:0.892121660688643
TNR:0.9708739224290538
FPR:0.04966848711315513
FPDR:0.04966848711315513
F1:0.9165323895008463
BACC:0.0
CLSFE:0.056666666666666664
MCC:0.8787143460594941
GMEAN:0.9293689360347995
SAMPLES:900.0
AUC:0.9903196767363289
AVGP:0.9772898346848448


METRICS_PER_CLASSES

======>> CLASS:0
ACC:0.9433333333333334
PREC:0.99
REC:0.8608695652173913
TNR:0.9945945945945946
FPR:0.01
FPDR:0.01
F1:0.9209302325581395
BACC:0
CLSFE:0.01
MCC:0.8823108213259697
GMEAN:0.9253195211472717
SAMPLES:300
AUC:0.991225
AVGP:0.9707116104463066

======>> CLASS:1
ACC:0.9433333333333334
PREC:0.8732394366197183
REC:0.9810126582278481
TNR:0.922945205479452
FPR:0.1267605633802817
FPDR:0.1267605633802817
F1:0.9239940387481371
BACC:0
CLSFE:0.1267605633802817
MCC:0.882847566649836
GMEAN:0.9515360893975828
SAMPLES:355
AUC:0.9796950510401862
AVGP:0.9755523348565643

======>> CLASS:2
ACC:0.9433333333333334
PREC:0.9877551020408163
REC:0.8344827586206897
TNR:0.9950819672131147
FPR:0.012244897959183673
FPDR:0.012244897959183673
F1:0.9046728971962616
BACC:0
CLSFE:0.012244897959183673
MCC:0.8709846502026768
GMEAN:0.9112511975595438
SAMPLES:245
AUC:0.9998317494936906
AVGP:0.9995641607409536
