

GENERAL_METRICS
ACC:0.8605714285714285
PREC:0.7012735685867497
REC:0.7099203932977021
TNR:0.7099203932977021
FPR:0.29872643141325034
FPDR:0.29872643141325034
F1:0.7054359823399559
BACC:0.0
CLSFE:0.13942857142857143
MCC:0.41110303661326797
GMEAN:0.6794823926008924
SAMPLES:1750.0
AUC:{'AUC macro OVO': 0.7012735685867496}
AVGP:{'avg_precision': 0.9112374349391696}


METRICS_PER_CLASSES
CLASS:0
ACC:0.8605714285714285
PREC:0.4796747967479675
REC:0.5042735042735043
TNR:0.9155672823218998
FPR:0.5203252032520326
FPDR:0.5203252032520326
F1:0.49166666666666664
BACC:0
CLSFE:0.5203252032520326
MCC:0.41110303661326797
GMEAN:0.6794823926008924
SAMPLES:246
AUC:{}
AVGP:{}
CLASS:1
ACC:0.8605714285714285
PREC:0.9228723404255319
REC:0.9155672823218998
TNR:0.5042735042735043
FPR:0.07712765957446809
FPDR:0.07712765957446809
F1:0.919205298013245
BACC:0
CLSFE:0.07712765957446809
MCC:0.41110303661326797
GMEAN:0.6794823926008924
SAMPLES:1504
AUC:{}
AVGP:{}
