

GENERAL_METRICS
ACC:0.8497142857142858
PREC:0.6980357259486644
REC:0.689655486954686
TNR:0.689655486954686
FPR:0.30196427405133563
FPDR:0.30196427405133563
F1:0.6936770007833616
BACC:0.0
CLSFE:0.15028571428571427
MCC:0.38760062971681924
GMEAN:0.6513584684312038
SAMPLES:1750.0
AUC:{'AUC macro OVO': 0.6980357259486644}
AVGP:{'avg_precision': 0.911171555668056}


METRICS_PER_CLASSES
CLASS:0
ACC:0.8497142857142858
PREC:0.48770491803278687
REC:0.46303501945525294
TNR:0.9162759544541192
FPR:0.5122950819672131
FPDR:0.5122950819672131
F1:0.4750499001996008
BACC:0
CLSFE:0.5122950819672131
MCC:0.38760062971681924
GMEAN:0.6513584684312038
SAMPLES:244
AUC:{}
AVGP:{}
CLASS:1
ACC:0.8497142857142858
PREC:0.9083665338645418
REC:0.9162759544541192
TNR:0.46303501945525294
FPR:0.09163346613545817
FPDR:0.09163346613545817
F1:0.9123041013671224
BACC:0
CLSFE:0.09163346613545817
MCC:0.38760062971681924
GMEAN:0.6513584684312038
SAMPLES:1506
AUC:{}
AVGP:{}
