

GENERAL_METRICS
ACC:0.8422857142857143
PREC:0.6954368319073433
REC:0.6786396561330892
TNR:0.6786396561330892
FPR:0.3045631680926567
FPDR:0.3045631680926567
F1:0.686311490741318
BACC:0.0
CLSFE:0.15771428571428572
MCC:0.3736991755284893
GMEAN:0.6357381681064366
SAMPLES:1750.0
AUC:{'AUC macro OVO': 0.6954368319073433}
AVGP:{'avg_precision': 0.9104980775397027}


METRICS_PER_CLASSES
CLASS:0
ACC:0.8422857142857143
PREC:0.4918032786885246
REC:0.4411764705882353
TNR:0.9161028416779432
FPR:0.5081967213114754
FPDR:0.5081967213114754
F1:0.46511627906976744
BACC:0
CLSFE:0.5081967213114754
MCC:0.3736991755284893
GMEAN:0.6357381681064366
SAMPLES:244
AUC:{}
AVGP:{}
CLASS:1
ACC:0.8422857142857143
PREC:0.899070385126162
REC:0.9161028416779432
TNR:0.4411764705882353
FPR:0.10092961487383798
FPDR:0.10092961487383798
F1:0.9075067024128687
BACC:0
CLSFE:0.10092961487383798
MCC:0.3736991755284893
GMEAN:0.6357381681064366
SAMPLES:1506
AUC:{}
AVGP:{}
