

GENERAL_METRICS
ACC:0.8657142857142858
PREC:0.724031279178338
REC:0.7157035871667884
TNR:0.7157035871667884
FPR:0.275968720821662
FPDR:0.275968720821662
F1:0.7197292226498315
BACC:0.0
CLSFE:0.13428571428571429
MCC:0.4396560044231478
GMEAN:0.6842997412166147
SAMPLES:1750.0
AUC:{'AUC macro OVO': 0.724031279178338}
AVGP:{'avg_precision': 0.9203896132736905}


METRICS_PER_CLASSES
CLASS:0
ACC:0.8657142857142858
PREC:0.5294117647058824
REC:0.5060240963855421
TNR:0.9253830779480346
FPR:0.47058823529411764
FPDR:0.47058823529411764
F1:0.5174537987679672
BACC:0
CLSFE:0.47058823529411764
MCC:0.4396560044231478
GMEAN:0.6842997412166147
SAMPLES:238
AUC:{}
AVGP:{}
CLASS:1
ACC:0.8657142857142858
PREC:0.9186507936507936
REC:0.9253830779480346
TNR:0.5060240963855421
FPR:0.08134920634920635
FPDR:0.08134920634920635
F1:0.922004646531696
BACC:0
CLSFE:0.08134920634920635
MCC:0.4396560044231478
GMEAN:0.6842997412166147
SAMPLES:1512
AUC:{}
AVGP:{}
