

GENERAL_METRICS
ACC:0.8293333333333334
PREC:0.7080833708771015
REC:0.6844372918912265
TNR:0.6844372918912265
FPR:0.29191662912289856
FPDR:0.29191662912289856
F1:0.6947496947496947
BACC:0.0
CLSFE:0.17066666666666666
MCC:0.3918077764014915
GMEAN:0.6457423457965247
SAMPLES:1500.0
AUC:{'AUC macro OVO': 0.7080833708771014}
AVGP:{'avg_precision': 0.903577907745146}


METRICS_PER_CLASSES
CLASS:0
ACC:0.8293333333333334
PREC:0.5321888412017167
REC:0.4575645756457565
TNR:0.9113100081366965
FPR:0.4678111587982833
FPDR:0.4678111587982833
F1:0.49206349206349204
BACC:0
CLSFE:0.4678111587982833
MCC:0.3918077764014915
GMEAN:0.6457423457965247
SAMPLES:233
AUC:{}
AVGP:{}
CLASS:1
ACC:0.8293333333333334
PREC:0.8839779005524862
REC:0.9113100081366965
TNR:0.4575645756457565
FPR:0.11602209944751381
FPDR:0.11602209944751381
F1:0.8974358974358975
BACC:0
CLSFE:0.11602209944751381
MCC:0.3918077764014915
GMEAN:0.6457423457965247
SAMPLES:1267
AUC:{}
AVGP:{}
