

GENERAL_METRICS
ACC:0.8266666666666667
PREC:0.7136177673874927
REC:0.7016690070327758
TNR:0.7016690070327758
FPR:0.2863822326125073
FPDR:0.2863822326125073
F1:0.7072590742180814
BACC:0.0
CLSFE:0.17333333333333334
MCC:0.4151148421032143
GMEAN:0.6725946210101904
SAMPLES:1500.0
AUC:{'AUC macro OVO': 0.7136177673874928}
AVGP:{'avg_precision': 0.8930209535462521}


METRICS_PER_CLASSES
CLASS:0
ACC:0.8266666666666667
PREC:0.5402298850574713
REC:0.501779359430605
TNR:0.9015586546349467
FPR:0.45977011494252873
FPDR:0.45977011494252873
F1:0.5202952029520295
BACC:0
CLSFE:0.45977011494252873
MCC:0.4151148421032143
GMEAN:0.6725946210101904
SAMPLES:261
AUC:{}
AVGP:{}
CLASS:1
ACC:0.8266666666666667
PREC:0.8870056497175142
REC:0.9015586546349467
TNR:0.501779359430605
FPR:0.11299435028248588
FPDR:0.11299435028248588
F1:0.8942229454841334
BACC:0
CLSFE:0.11299435028248588
MCC:0.4151148421032143
GMEAN:0.6725946210101904
SAMPLES:1239
AUC:{}
AVGP:{}
