

GENERAL_METRICS
ACC:0.8373333333333334
PREC:0.7161308123874969
REC:0.7028573542650668
TNR:0.7028573542650668
FPR:0.2838691876125031
FPDR:0.2838691876125031
F1:0.7090583028083028
BACC:0.0
CLSFE:0.16266666666666665
MCC:0.4187778636751811
GMEAN:0.6717843827654625
SAMPLES:1500.0
AUC:{'AUC macro OVO': 0.7161308123874969}
AVGP:{'avg_precision': 0.9020957644901386}


METRICS_PER_CLASSES
CLASS:0
ACC:0.8373333333333334
PREC:0.5371900826446281
REC:0.4961832061068702
TNR:0.9095315024232633
FPR:0.4628099173553719
FPDR:0.4628099173553719
F1:0.5158730158730159
BACC:0
CLSFE:0.4628099173553719
MCC:0.4187778636751811
GMEAN:0.6717843827654625
SAMPLES:242
AUC:{}
AVGP:{}
CLASS:1
ACC:0.8373333333333334
PREC:0.8950715421303657
REC:0.9095315024232633
TNR:0.4961832061068702
FPR:0.10492845786963434
FPDR:0.10492845786963434
F1:0.9022435897435898
BACC:0
CLSFE:0.10492845786963434
MCC:0.4187778636751811
GMEAN:0.6717843827654625
SAMPLES:1258
AUC:{}
AVGP:{}
