

GENERAL_METRICS
ACC:0.8293333333333334
PREC:0.7101335979233692
REC:0.687775956724612
TNR:0.687775956724612
FPR:0.2898664020766309
FPDR:0.2898664020766309
F1:0.6976139853531774
BACC:0.0
CLSFE:0.17066666666666666
MCC:0.3972809453776789
GMEAN:0.6507659812648999
SAMPLES:1500.0
AUC:{'AUC macro OVO': 0.7101335979233692}
AVGP:{'avg_precision': 0.9024492879594194}


METRICS_PER_CLASSES
CLASS:0
ACC:0.8293333333333334
PREC:0.5358649789029536
REC:0.4652014652014652
TNR:0.9103504482477588
FPR:0.4641350210970464
FPDR:0.4641350210970464
F1:0.4980392156862745
BACC:0
CLSFE:0.4641350210970464
MCC:0.3972809453776789
GMEAN:0.6507659812648999
SAMPLES:237
AUC:{}
AVGP:{}
CLASS:1
ACC:0.8293333333333334
PREC:0.8844022169437846
REC:0.9103504482477588
TNR:0.4652014652014652
FPR:0.11559778305621536
FPDR:0.11559778305621536
F1:0.8971887550200803
BACC:0
CLSFE:0.11559778305621536
MCC:0.3972809453776789
GMEAN:0.6507659812648999
SAMPLES:1263
AUC:{}
AVGP:{}
