

GENERAL_METRICS
ACC:0.8771428571428571
PREC:0.7965142257414219
REC:0.7563371804459775
TNR:0.7563371804459775
FPR:0.20348577425857806
FPDR:0.20348577425857806
F1:0.7737537514784929
BACC:0.0
CLSFE:0.12285714285714286
MCC:0.5513895921711915
GMEAN:0.7329170622545079
SAMPLES:1750.0
AUC:{'AUC macro OVO': 0.7965142257414219}
AVGP:{'avg_precision': 0.9350256059148676}


METRICS_PER_CLASSES
CLASS:0
ACC:0.8771428571428571
PREC:0.6821705426356589
REC:0.56957928802589
TNR:0.9430950728660652
FPR:0.3178294573643411
FPDR:0.3178294573643411
F1:0.6208112874779541
BACC:0
CLSFE:0.3178294573643411
MCC:0.5513895921711915
GMEAN:0.7329170622545079
SAMPLES:258
AUC:{}
AVGP:{}
CLASS:1
ACC:0.8771428571428571
PREC:0.910857908847185
REC:0.9430950728660652
TNR:0.56957928802589
FPR:0.08914209115281502
FPDR:0.08914209115281502
F1:0.9266962154790317
BACC:0
CLSFE:0.08914209115281502
MCC:0.5513895921711915
GMEAN:0.7329170622545079
SAMPLES:1492
AUC:{}
AVGP:{}
