

GENERAL_METRICS
ACC:0.8817142857142857
PREC:0.770081780948255
REC:0.7590287124270974
TNR:0.7590287124270974
FPR:0.22991821905174498
FPDR:0.22991821905174498
F1:0.7643557593794215
BACC:0.0
CLSFE:0.11828571428571429
MCC:0.5289950319957413
GMEAN:0.7384143281747964
SAMPLES:1750.0
AUC:{'AUC macro OVO': 0.7700817809482551}
AVGP:{'avg_precision': 0.9289890728921505}


METRICS_PER_CLASSES
CLASS:0
ACC:0.8817142857142857
PREC:0.6135458167330677
REC:0.5833333333333334
TNR:0.9347240915208613
FPR:0.38645418326693226
FPDR:0.38645418326693226
F1:0.5980582524271845
BACC:0
CLSFE:0.38645418326693226
MCC:0.5289950319957413
GMEAN:0.7384143281747964
SAMPLES:251
AUC:{}
AVGP:{}
CLASS:1
ACC:0.8817142857142857
PREC:0.9266177451634423
REC:0.9347240915208613
TNR:0.5833333333333334
FPR:0.0733822548365577
FPDR:0.0733822548365577
F1:0.9306532663316583
BACC:0
CLSFE:0.0733822548365577
MCC:0.5289950319957413
GMEAN:0.7384143281747964
SAMPLES:1499
AUC:{}
AVGP:{}
