

GENERAL_METRICS
ACC:0.8874285714285715
PREC:0.7933190520107695
REC:0.769688868470441
TNR:0.769688868470441
FPR:0.20668094798923053
FPDR:0.20668094798923053
F1:0.7806458016656285
BACC:0.0
CLSFE:0.11257142857142857
MCC:0.5625118069431321
GMEAN:0.7500944836742476
SAMPLES:1750.0
AUC:{'AUC macro OVO': 0.7933190520107696}
AVGP:{'avg_precision': 0.9358534276474171}


METRICS_PER_CLASSES
CLASS:0
ACC:0.8874285714285715
PREC:0.6613545816733067
REC:0.5971223021582733
TNR:0.9422554347826086
FPR:0.3386454183266932
FPDR:0.3386454183266932
F1:0.6275992438563327
BACC:0
CLSFE:0.3386454183266932
MCC:0.5625118069431321
GMEAN:0.7500944836742476
SAMPLES:251
AUC:{}
AVGP:{}
CLASS:1
ACC:0.8874285714285715
PREC:0.9252835223482322
REC:0.9422554347826086
TNR:0.5971223021582733
FPR:0.07471647765176785
FPDR:0.07471647765176785
F1:0.9336923594749242
BACC:0
CLSFE:0.07471647765176785
MCC:0.5625118069431321
GMEAN:0.7500944836742476
SAMPLES:1499
AUC:{}
AVGP:{}
