

GENERAL_METRICS
ACC:0.8908571428571429
PREC:0.788111452744471
REC:0.7548683417503169
TNR:0.7548683417503169
FPR:0.21188854725552903
FPDR:0.21188854725552903
F1:0.7698223103986602
BACC:0.0
CLSFE:0.10914285714285714
MCC:0.5419612096829739
GMEAN:0.7298177829435809
SAMPLES:1750.0
AUC:{'AUC macro OVO': 0.7881114527444709}
AVGP:{'avg_precision': 0.9421599996187606}


METRICS_PER_CLASSES
CLASS:0
ACC:0.8908571428571429
PREC:0.6502242152466368
REC:0.562015503875969
TNR:0.9477211796246648
FPR:0.34977578475336324
FPDR:0.34977578475336324
F1:0.6029106029106029
BACC:0
CLSFE:0.34977578475336324
MCC:0.5419612096829739
GMEAN:0.7298177829435809
SAMPLES:223
AUC:{}
AVGP:{}
CLASS:1
ACC:0.8908571428571429
PREC:0.9259986902423052
REC:0.9477211796246648
TNR:0.562015503875969
FPR:0.07400130975769482
FPDR:0.07400130975769482
F1:0.9367340178867175
BACC:0
CLSFE:0.07400130975769482
MCC:0.5419612096829739
GMEAN:0.7298177829435809
SAMPLES:1527
AUC:{}
AVGP:{}
