

GENERAL_METRICS
ACC:0.892
PREC:0.5150625217444692
REC:0.6276005547850209
TNR:0.6276005547850209
FPR:0.4849374782555308
FPDR:0.4849374782555308
F1:0.505820338238524
BACC:0.0
CLSFE:0.108
MCC:0.08768092451738208
GMEAN:0.5663347862815473
SAMPLES:2500.0
AUC:{'AUC macro OVO': 0.5150625217444692}
AVGP:{'avg_precision': 0.8980352638017648}


METRICS_PER_CLASSES
CLASS:0
ACC:0.892
PREC:0.03816793893129771
REC:0.35714285714285715
TNR:0.8980582524271845
FPR:0.9618320610687023
FPDR:0.9618320610687023
F1:0.06896551724137931
BACC:0
CLSFE:0.9618320610687023
MCC:0.08768092451738208
GMEAN:0.5663347862815473
SAMPLES:262
AUC:{}
AVGP:{}
CLASS:1
ACC:0.892
PREC:0.9919571045576407
REC:0.8980582524271845
TNR:0.35714285714285715
FPR:0.00804289544235925
FPDR:0.00804289544235925
F1:0.9426751592356688
BACC:0
CLSFE:0.00804289544235925
MCC:0.08768092451738208
GMEAN:0.5663347862815473
SAMPLES:2238
AUC:{}
AVGP:{}
