

GENERAL_METRICS
ACC:0.8828
PREC:0.5081978033583271
REC:0.554514929058169
TNR:0.554514929058169
FPR:0.49180219664167285
FPDR:0.49180219664167285
F1:0.49465995271534907
BACC:0.0
CLSFE:0.1172
MCC:0.0422801451516915
GMEAN:0.4393640716283754
SAMPLES:2500.0
AUC:{'AUC macro OVO': 0.5081978033583271}
AVGP:{'avg_precision': 0.8927926384822118}


METRICS_PER_CLASSES
CLASS:0
ACC:0.8828
PREC:0.029411764705882353
REC:0.21621621621621623
TNR:0.8928136419001218
FPR:0.9705882352941176
FPDR:0.9705882352941176
F1:0.05177993527508091
BACC:0
CLSFE:0.9705882352941176
MCC:0.0422801451516915
GMEAN:0.4393640716283754
SAMPLES:272
AUC:{}
AVGP:{}
CLASS:1
ACC:0.8828
PREC:0.9869838420107719
REC:0.8928136419001218
TNR:0.21621621621621623
FPR:0.013016157989228007
FPDR:0.013016157989228007
F1:0.9375399701556172
BACC:0
CLSFE:0.013016157989228007
MCC:0.0422801451516915
GMEAN:0.4393640716283754
SAMPLES:2228
AUC:{}
AVGP:{}
