

GENERAL_METRICS
ACC:0.8952
PREC:0.5092876614356746
REC:0.5721263204900989
TNR:0.5721263204900989
FPR:0.4907123385643254
FPDR:0.4907123385643254
F1:0.49763158217673553
BACC:0.0
CLSFE:0.1048
MCC:0.05176426741732175
GMEAN:0.4668350264038713
SAMPLES:2500.0
AUC:{'AUC macro OVO': 0.5092876614356746}
AVGP:{'avg_precision': 0.9028569909664941}


METRICS_PER_CLASSES
CLASS:0
ACC:0.8952
PREC:0.02834008097165992
REC:0.2413793103448276
TNR:0.9028733306353703
FPR:0.97165991902834
FPDR:0.97165991902834
F1:0.050724637681159424
BACC:0
CLSFE:0.97165991902834
MCC:0.05176426741732175
GMEAN:0.4668350264038713
SAMPLES:247
AUC:{}
AVGP:{}
CLASS:1
ACC:0.8952
PREC:0.9902352418996893
REC:0.9028733306353703
TNR:0.2413793103448276
FPR:0.009764758100310697
FPDR:0.009764758100310697
F1:0.9445385266723116
BACC:0
CLSFE:0.009764758100310697
MCC:0.05176426741732175
GMEAN:0.4668350264038713
SAMPLES:2253
AUC:{}
AVGP:{}
