

GENERAL_METRICS
ACC:0.8876
PREC:0.5068754365219316
REC:0.5436404736039328
TNR:0.5436404736039328
FPR:0.49312456347806843
FPDR:0.49312456347806843
F1:0.4938669644626164
BACC:0.0
CLSFE:0.1124
MCC:0.03464374725983721
GMEAN:0.4122004991712733
SAMPLES:2500.0
AUC:{'AUC macro OVO': 0.5068754365219316}
AVGP:{'avg_precision': 0.8980744731210134}


METRICS_PER_CLASSES
CLASS:0
ACC:0.8876
PREC:0.027131782945736434
REC:0.1891891891891892
TNR:0.8980917580186764
FPR:0.9728682170542635
FPDR:0.9728682170542635
F1:0.04745762711864407
BACC:0
CLSFE:0.9728682170542635
MCC:0.03464374725983721
GMEAN:0.4122004991712733
SAMPLES:258
AUC:{}
AVGP:{}
CLASS:1
ACC:0.8876
PREC:0.9866190900981266
REC:0.8980917580186764
TNR:0.1891891891891892
FPR:0.013380909901873328
FPDR:0.013380909901873328
F1:0.9402763018065887
BACC:0
CLSFE:0.013380909901873328
MCC:0.03464374725983721
GMEAN:0.4122004991712733
SAMPLES:2242
AUC:{}
AVGP:{}
