

GENERAL_METRICS
ACC:0.832
PREC:0.8272161853587654
REC:0.8101028291250822
TNR:0.8101028291250822
FPR:0.17278381464123466
FPDR:0.17278381464123466
F1:0.8168050806057645
BACC:0.0
CLSFE:0.168
MCC:0.6370892082440903
GMEAN:0.805170900695455
SAMPLES:750.0
AUC:{'AUC macro OVO': 0.8272161853587652}
AVGP:{'avg_precision': 0.8623076674405199}


METRICS_PER_CLASSES
CLASS:0
ACC:0.832
PREC:0.8127490039840638
REC:0.7208480565371025
TNR:0.8993576017130621
FPR:0.18725099601593626
FPDR:0.18725099601593626
F1:0.7640449438202247
BACC:0
CLSFE:0.18725099601593626
MCC:0.6370892082440903
GMEAN:0.805170900695455
SAMPLES:251
AUC:{}
AVGP:{}
CLASS:1
ACC:0.832
PREC:0.8416833667334669
REC:0.8993576017130621
TNR:0.7208480565371025
FPR:0.15831663326653306
FPDR:0.15831663326653306
F1:0.8695652173913043
BACC:0
CLSFE:0.15831663326653306
MCC:0.6370892082440903
GMEAN:0.805170900695455
SAMPLES:499
AUC:{}
AVGP:{}
