

GENERAL_METRICS
ACC:0.812
PREC:0.8103134903374138
REC:0.7949697654329191
TNR:0.7949697654329191
FPR:0.1896865096625862
FPDR:0.1896865096625862
F1:0.8003733914248338
BACC:0.0
CLSFE:0.188
MCC:0.605088745410117
GMEAN:0.790005943525017
SAMPLES:750.0
AUC:{'AUC macro OVO': 0.8103134903374137}
AVGP:{'avg_precision': 0.8398427348531071}


METRICS_PER_CLASSES
CLASS:0
ACC:0.812
PREC:0.8045112781954887
REC:0.7062706270627063
TNR:0.883668903803132
FPR:0.19548872180451127
FPDR:0.19548872180451127
F1:0.7521968365553603
BACC:0
CLSFE:0.19548872180451127
MCC:0.605088745410117
GMEAN:0.790005943525017
SAMPLES:266
AUC:{}
AVGP:{}
CLASS:1
ACC:0.812
PREC:0.8161157024793388
REC:0.883668903803132
TNR:0.7062706270627063
FPR:0.18388429752066116
FPDR:0.18388429752066116
F1:0.8485499462943072
BACC:0
CLSFE:0.18388429752066116
MCC:0.605088745410117
GMEAN:0.790005943525017
SAMPLES:484
AUC:{}
AVGP:{}
