

GENERAL_METRICS
ACC:0.8173333333333334
PREC:0.8053993702608919
REC:0.792899567826576
TNR:0.792899567826576
FPR:0.19460062973910808
FPDR:0.19460062973910808
F1:0.7981887068168025
BACC:0.0
CLSFE:0.18266666666666667
MCC:0.5981683494265597
GMEAN:0.7879896386720939
SAMPLES:750.0
AUC:{'AUC macro OVO': 0.8053993702608919}
AVGP:{'avg_precision': 0.8472700152764031}


METRICS_PER_CLASSES
CLASS:0
ACC:0.8173333333333334
PREC:0.7701612903225806
REC:0.7047970479704797
TNR:0.8810020876826722
FPR:0.22983870967741934
FPDR:0.22983870967741934
F1:0.7360308285163777
BACC:0
CLSFE:0.22983870967741934
MCC:0.5981683494265597
GMEAN:0.7879896386720939
SAMPLES:248
AUC:{}
AVGP:{}
CLASS:1
ACC:0.8173333333333334
PREC:0.8406374501992032
REC:0.8810020876826722
TNR:0.7047970479704797
FPR:0.1593625498007968
FPDR:0.1593625498007968
F1:0.8603465851172273
BACC:0
CLSFE:0.1593625498007968
MCC:0.5981683494265597
GMEAN:0.7879896386720939
SAMPLES:502
AUC:{}
AVGP:{}
