

GENERAL_METRICS
ACC:0.8093333333333333
PREC:0.804
REC:0.7859701537465853
TNR:0.7859701537465853
FPR:0.196
FPDR:0.196
F1:0.7926057420653567
BACC:0.0
CLSFE:0.19066666666666668
MCC:0.5896945878637921
GMEAN:0.7796390750332675
SAMPLES:750.0
AUC:{'AUC macro OVO': 0.8039999999999999}
AVGP:{'avg_precision': 0.846133909287257}


METRICS_PER_CLASSES
CLASS:0
ACC:0.8093333333333333
PREC:0.788
REC:0.686411149825784
TNR:0.8855291576673866
FPR:0.212
FPDR:0.212
F1:0.7337057728119181
BACC:0
CLSFE:0.212
MCC:0.5896945878637921
GMEAN:0.7796390750332675
SAMPLES:250
AUC:{}
AVGP:{}
CLASS:1
ACC:0.8093333333333333
PREC:0.82
REC:0.8855291576673866
TNR:0.686411149825784
FPR:0.18
FPDR:0.18
F1:0.8515057113187954
BACC:0
CLSFE:0.18
MCC:0.5896945878637921
GMEAN:0.7796390750332675
SAMPLES:500
AUC:{}
AVGP:{}
