

GENERAL_METRICS
ACC:0.911
PREC:0.5246710777336083
REC:0.5464711801063677
TNR:0.5464711801063677
FPR:0.4753289222663917
FPDR:0.4753289222663917
F1:0.5293489282772716
BACC:0.0
CLSFE:0.089
MCC:0.06771983747106042
GMEAN:0.3818582527180664
SAMPLES:4000.0
AUC:{'AUC macro OVO': 0.5246710777336083}
AVGP:{'avg_precision': 0.9372911140682265}


METRICS_PER_CLASSES
CLASS:0
ACC:0.911
PREC:0.07984790874524715
REC:0.15555555555555556
TNR:0.9373868046571798
FPR:0.9201520912547528
FPDR:0.9201520912547528
F1:0.10552763819095477
BACC:0
CLSFE:0.9201520912547528
MCC:0.06771983747106042
GMEAN:0.3818582527180664
SAMPLES:263
AUC:{}
AVGP:{}
CLASS:1
ACC:0.911
PREC:0.9694942467219695
REC:0.9373868046571798
TNR:0.15555555555555556
FPR:0.030505753278030505
FPDR:0.030505753278030505
F1:0.9531702183635885
BACC:0
CLSFE:0.030505753278030505
MCC:0.06771983747106042
GMEAN:0.3818582527180664
SAMPLES:3737
AUC:{}
AVGP:{}
