

GENERAL_METRICS
ACC:0.9135
PREC:0.5282666666666667
REC:0.5490377498149519
TNR:0.5490377498149519
FPR:0.47173333333333334
FPDR:0.47173333333333334
F1:0.5336770106809529
BACC:0.0
CLSFE:0.0865
MCC:0.07446163382850635
GMEAN:0.38452677906667704
SAMPLES:4000.0
AUC:{'AUC macro OVO': 0.5282666666666667}
AVGP:{'avg_precision': 0.940824628670121}


METRICS_PER_CLASSES
CLASS:0
ACC:0.9135
PREC:0.088
REC:0.15714285714285714
TNR:0.9409326424870467
FPR:0.912
FPDR:0.912
F1:0.11282051282051282
BACC:0
CLSFE:0.912
MCC:0.07446163382850635
GMEAN:0.38452677906667704
SAMPLES:250
AUC:{}
AVGP:{}
CLASS:1
ACC:0.9135
PREC:0.9685333333333334
REC:0.9409326424870467
TNR:0.15714285714285714
FPR:0.031466666666666664
FPDR:0.031466666666666664
F1:0.9545335085413928
BACC:0
CLSFE:0.031466666666666664
MCC:0.07446163382850635
GMEAN:0.38452677906667704
SAMPLES:3750
AUC:{}
AVGP:{}
