

GENERAL_METRICS
ACC:0.92025
PREC:0.5383422017868924
REC:0.5685052673424766
TNR:0.5685052673424766
FPR:0.46165779821310765
FPDR:0.46165779821310765
F1:0.5468490918692439
BACC:0.0
CLSFE:0.07975
MCC:0.10250156650335146
GMEAN:0.42623188939131323
SAMPLES:4000.0
AUC:{'AUC macro OVO': 0.5383422017868924}
AVGP:{'avg_precision': 0.944578527447824}


METRICS_PER_CLASSES
CLASS:0
ACC:0.92025
PREC:0.10460251046025104
REC:0.19230769230769232
TNR:0.944702842377261
FPR:0.895397489539749
FPDR:0.895397489539749
F1:0.13550135501355012
BACC:0
CLSFE:0.895397489539749
MCC:0.10250156650335146
GMEAN:0.42623188939131323
SAMPLES:239
AUC:{}
AVGP:{}
CLASS:1
ACC:0.92025
PREC:0.9720818931135337
REC:0.944702842377261
TNR:0.19230769230769232
FPR:0.027918106886466364
FPDR:0.027918106886466364
F1:0.9581968287249377
BACC:0
CLSFE:0.027918106886466364
MCC:0.10250156650335146
GMEAN:0.42623188939131323
SAMPLES:3761
AUC:{}
AVGP:{}
