

GENERAL_METRICS
ACC:0.91925
PREC:0.5082236020897731
REC:0.5170871854361629
TNR:0.5170871854361629
FPR:0.4917763979102269
FPDR:0.4917763979102269
F1:0.5080627075360453
BACC:0.0
CLSFE:0.08075
MCC:0.023708075743186764
GMEAN:0.2940435048018773
SAMPLES:4000.0
AUC:{'AUC macro OVO': 0.508223602089773}
AVGP:{'avg_precision': 0.9424067710143907}


METRICS_PER_CLASSES
CLASS:0
ACC:0.91925
PREC:0.042735042735042736
REC:0.09174311926605505
TNR:0.9424312516062708
FPR:0.9572649572649573
FPDR:0.9572649572649573
F1:0.05830903790087463
BACC:0
CLSFE:0.9572649572649573
MCC:0.023708075743186764
GMEAN:0.2940435048018773
SAMPLES:234
AUC:{}
AVGP:{}
CLASS:1
ACC:0.91925
PREC:0.9737121614445035
REC:0.9424312516062708
TNR:0.09174311926605505
FPR:0.02628783855549655
FPDR:0.02628783855549655
F1:0.9578163771712159
BACC:0
CLSFE:0.02628783855549655
MCC:0.023708075743186764
GMEAN:0.2940435048018773
SAMPLES:3766
AUC:{}
AVGP:{}
