

GENERAL_METRICS
ACC:0.9117142857142857
PREC:0.5202991452991453
REC:0.5376341233568547
TNR:0.5376341233568547
FPR:0.4797008547008547
FPDR:0.4797008547008547
F1:0.5237191391801451
BACC:0.0
CLSFE:0.08828571428571429
MCC:0.055278948551026205
GMEAN:0.35825142485906236
SAMPLES:3500.0
AUC:{'AUC macro OVO': 0.5202991452991452}
AVGP:{'avg_precision': 0.9384385375848574}


METRICS_PER_CLASSES
CLASS:0
ACC:0.9117142857142857
PREC:0.07142857142857142
REC:0.13675213675213677
TNR:0.9385161099615725
FPR:0.9285714285714286
FPDR:0.9285714285714286
F1:0.093841642228739
BACC:0
CLSFE:0.9285714285714286
MCC:0.055278948551026205
GMEAN:0.35825142485906236
SAMPLES:224
AUC:{}
AVGP:{}
CLASS:1
ACC:0.9117142857142857
PREC:0.9691697191697192
REC:0.9385161099615725
TNR:0.13675213675213677
FPR:0.030830280830280832
FPDR:0.030830280830280832
F1:0.9535966361315513
BACC:0
CLSFE:0.030830280830280832
MCC:0.055278948551026205
GMEAN:0.35825142485906236
SAMPLES:3276
AUC:{}
AVGP:{}
