

GENERAL_METRICS
ACC:0.902
PREC:0.517064875929433
REC:0.5320053010083037
TNR:0.5320053010083037
FPR:0.4829351240705671
FPDR:0.4829351240705671
F1:0.5191982285027941
BACC:0.0
CLSFE:0.098
MCC:0.04674041038719518
GMEAN:0.35167420707819996
SAMPLES:3500.0
AUC:{'AUC macro OVO': 0.5170648759294328}
AVGP:{'avg_precision': 0.9311181738509043}


METRICS_PER_CLASSES
CLASS:0
ACC:0.902
PREC:0.06827309236947791
REC:0.1328125
TNR:0.9311981020166074
FPR:0.9317269076305221
FPDR:0.9317269076305221
F1:0.09018567639257294
BACC:0
CLSFE:0.9317269076305221
MCC:0.04674041038719518
GMEAN:0.35167420707819996
SAMPLES:249
AUC:{}
AVGP:{}
CLASS:1
ACC:0.902
PREC:0.9658566594893879
REC:0.9311981020166074
TNR:0.1328125
FPR:0.034143340510612116
FPDR:0.034143340510612116
F1:0.9482107806130152
BACC:0
CLSFE:0.034143340510612116
MCC:0.04674041038719518
GMEAN:0.35167420707819996
SAMPLES:3251
AUC:{}
AVGP:{}
