

GENERAL_METRICS
ACC:0.9008571428571429
PREC:0.516488779419814
REC:0.5310353470895164
TNR:0.5310353470895164
FPR:0.4835112205801861
FPDR:0.4835112205801861
F1:0.5184070037777987
BACC:0.0
CLSFE:0.09914285714285714
MCC:0.045243120687078996
GMEAN:0.3501372014971852
SAMPLES:3500.0
AUC:{'AUC macro OVO': 0.5164887794198139}
AVGP:{'avg_precision': 0.9302088605652676}


METRICS_PER_CLASSES
CLASS:0
ACC:0.9008571428571429
PREC:0.06746031746031746
REC:0.13178294573643412
TNR:0.9302877484425986
FPR:0.9325396825396826
FPDR:0.9325396825396826
F1:0.08923884514435695
BACC:0
CLSFE:0.9325396825396826
MCC:0.045243120687078996
GMEAN:0.3501372014971852
SAMPLES:252
AUC:{}
AVGP:{}
CLASS:1
ACC:0.9008571428571429
PREC:0.9655172413793104
REC:0.9302877484425986
TNR:0.13178294573643412
FPR:0.034482758620689655
FPDR:0.034482758620689655
F1:0.9475751624112404
BACC:0
CLSFE:0.034482758620689655
MCC:0.045243120687078996
GMEAN:0.3501372014971852
SAMPLES:3248
AUC:{}
AVGP:{}
