

GENERAL_METRICS
ACC:0.8968571428571429
PREC:0.5236644330180241
REC:0.53565949260098
TNR:0.53565949260098
FPR:0.4763355669819759
FPDR:0.4763355669819759
F1:0.5269517685489381
BACC:0.0
CLSFE:0.10314285714285715
MCC:0.0580985946168276
GMEAN:0.3592881896930314
SAMPLES:3500.0
AUC:{'AUC macro OVO': 0.5236644330180241}
AVGP:{'avg_precision': 0.9328177981405784}


METRICS_PER_CLASSES
CLASS:0
ACC:0.8968571428571429
PREC:0.08943089430894309
REC:0.13836477987421383
TNR:0.9329542053277462
FPR:0.9105691056910569
FPDR:0.9105691056910569
F1:0.10864197530864197
BACC:0
CLSFE:0.9105691056910569
MCC:0.0580985946168276
GMEAN:0.3592881896930314
SAMPLES:246
AUC:{}
AVGP:{}
CLASS:1
ACC:0.8968571428571429
PREC:0.9578979717271051
REC:0.9329542053277462
TNR:0.13836477987421383
FPR:0.0421020282728949
FPDR:0.0421020282728949
F1:0.9452615617892343
BACC:0
CLSFE:0.0421020282728949
MCC:0.0580985946168276
GMEAN:0.3592881896930314
SAMPLES:3254
AUC:{}
AVGP:{}
