

GENERAL_METRICS
ACC:0.776
PREC:0.7795647149460709
REC:0.7812802790517408
TNR:0.7812802790517408
FPR:0.22043528505392912
FPDR:0.22043528505392912
F1:0.7759103641456583
BACC:0.0
CLSFE:0.224
MCC:0.5608423701292591
GMEAN:0.7793417444740979
SAMPLES:500.0
AUC:{'AUC macro OVO': 0.7795647149460708}
AVGP:{'avg_precision': 0.7487027353177796}


METRICS_PER_CLASSES
CLASS:0
ACC:0.776
PREC:0.8432203389830508
REC:0.7262773722627737
TNR:0.8362831858407079
FPR:0.15677966101694915
FPDR:0.15677966101694915
F1:0.7803921568627451
BACC:0
CLSFE:0.15677966101694915
MCC:0.5608423701292591
GMEAN:0.7793417444740979
SAMPLES:236
AUC:{}
AVGP:{}
CLASS:1
ACC:0.776
PREC:0.7159090909090909
REC:0.8362831858407079
TNR:0.7262773722627737
FPR:0.2840909090909091
FPDR:0.2840909090909091
F1:0.7714285714285715
BACC:0
CLSFE:0.2840909090909091
MCC:0.5608423701292591
GMEAN:0.7793417444740979
SAMPLES:264
AUC:{}
AVGP:{}
