

GENERAL_METRICS
ACC:0.824
PREC:0.8242211875390006
REC:0.8280422852147448
TNR:0.8280422852147448
FPR:0.17577881246099936
FPDR:0.17577881246099936
F1:0.8235228056665223
BACC:0.0
CLSFE:0.176
MCC:0.6522522802576687
GMEAN:0.8271959432267035
SAMPLES:500.0
AUC:{'AUC macro OVO': 0.8242211875390006}
AVGP:{'avg_precision': 0.7814815714719596}


METRICS_PER_CLASSES
CLASS:0
ACC:0.824
PREC:0.8795180722891566
REC:0.7906137184115524
TNR:0.8654708520179372
FPR:0.12048192771084337
FPDR:0.12048192771084337
F1:0.8326996197718631
BACC:0
CLSFE:0.12048192771084337
MCC:0.6522522802576687
GMEAN:0.8271959432267035
SAMPLES:249
AUC:{}
AVGP:{}
CLASS:1
ACC:0.824
PREC:0.7689243027888446
REC:0.8654708520179372
TNR:0.7906137184115524
FPR:0.23107569721115537
FPDR:0.23107569721115537
F1:0.8143459915611815
BACC:0
CLSFE:0.23107569721115537
MCC:0.6522522802576687
GMEAN:0.8271959432267035
SAMPLES:251
AUC:{}
AVGP:{}
