

GENERAL_METRICS
ACC:0.828
PREC:0.8266521516393442
REC:0.8319018804086148
TNR:0.8319018804086148
FPR:0.17334784836065575
FPDR:0.17334784836065575
F1:0.8270007563687861
BACC:0.0
CLSFE:0.172
MCC:0.6585331073488054
GMEAN:0.8313431893453799
SAMPLES:500.0
AUC:{'AUC macro OVO': 0.8266521516393442}
AVGP:{'avg_precision': 0.7764608211761167}


METRICS_PER_CLASSES
CLASS:0
ACC:0.828
PREC:0.8828125
REC:0.8014184397163121
TNR:0.8623853211009175
FPR:0.1171875
FPDR:0.1171875
F1:0.8401486988847584
BACC:0
CLSFE:0.1171875
MCC:0.6585331073488054
GMEAN:0.8313431893453799
SAMPLES:256
AUC:{}
AVGP:{}
CLASS:1
ACC:0.828
PREC:0.7704918032786885
REC:0.8623853211009175
TNR:0.8014184397163121
FPR:0.22950819672131148
FPDR:0.22950819672131148
F1:0.8138528138528138
BACC:0
CLSFE:0.22950819672131148
MCC:0.6585331073488054
GMEAN:0.8313431893453799
SAMPLES:244
AUC:{}
AVGP:{}
