

GENERAL_METRICS
ACC:0.81
PREC:0.80859375
REC:0.8138851345850092
TNR:0.8138851345850092
FPR:0.19140625
FPDR:0.19140625
F1:0.8088369640895207
BACC:0.0
CLSFE:0.19
MCC:0.6224563944593795
GMEAN:0.8133527650162289
SAMPLES:500.0
AUC:{'AUC macro OVO': 0.80859375}
AVGP:{'avg_precision': 0.7544884792626728}


METRICS_PER_CLASSES
CLASS:0
ACC:0.81
PREC:0.8671875
REC:0.784452296819788
TNR:0.8433179723502304
FPR:0.1328125
FPDR:0.1328125
F1:0.8237476808905381
BACC:0
CLSFE:0.1328125
MCC:0.6224563944593795
GMEAN:0.8133527650162289
SAMPLES:256
AUC:{}
AVGP:{}
CLASS:1
ACC:0.81
PREC:0.75
REC:0.8433179723502304
TNR:0.784452296819788
FPR:0.25
FPDR:0.25
F1:0.7939262472885033
BACC:0
CLSFE:0.25
MCC:0.6224563944593795
GMEAN:0.8133527650162289
SAMPLES:244
AUC:{}
AVGP:{}
