

GENERAL_METRICS
ACC:0.9312941176470588
PREC:0.49697253177036926
REC:0.4822592702049615
TNR:0.4822592702049615
FPR:0.5030274682296307
FPDR:0.5030274682296307
F1:0.4856095009293018
BACC:0.0
CLSFE:0.06870588235294117
MCC:-0.014657352533788933
GMEAN:0.1514264126610746
SAMPLES:4250.0
AUC:{'AUC macro OVO': 0.49697253177036926}
AVGP:{'avg_precision': 0.9401317219938768}


METRICS_PER_CLASSES
CLASS:0
ACC:0.9312941176470588
PREC:0.003952569169960474
REC:0.024390243902439025
TNR:0.940128296507484
FPR:0.9960474308300395
FPDR:0.9960474308300395
F1:0.006802721088435374
BACC:0
CLSFE:0.9960474308300395
MCC:-0.014657352533788933
GMEAN:0.1514264126610746
SAMPLES:253
AUC:{}
AVGP:{}
CLASS:1
ACC:0.9312941176470588
PREC:0.9899924943707781
REC:0.940128296507484
TNR:0.024390243902439025
FPR:0.010007505629221916
FPDR:0.010007505629221916
F1:0.9644162807701682
BACC:0
CLSFE:0.010007505629221916
MCC:-0.014657352533788933
GMEAN:0.1514264126610746
SAMPLES:3997
AUC:{}
AVGP:{}
