

GENERAL_METRICS
ACC:0.9341176470588235
PREC:0.5033848265555583
REC:0.5188642947673365
TNR:0.5188642947673365
FPR:0.4966151734444417
FPDR:0.4966151734444417
F1:0.49684066677490935
BACC:0.0
CLSFE:0.06588235294117648
MCC:0.015981535080255547
GMEAN:0.2996014009593696
SAMPLES:4250.0
AUC:{'AUC macro OVO': 0.5033848265555583}
AVGP:{'avg_precision': 0.9424869557863296}


METRICS_PER_CLASSES
CLASS:0
ACC:0.9341176470588235
PREC:0.016260162601626018
REC:0.09523809523809523
TNR:0.9424904942965779
FPR:0.983739837398374
FPDR:0.983739837398374
F1:0.027777777777777776
BACC:0
CLSFE:0.983739837398374
MCC:0.015981535080255547
GMEAN:0.2996014009593696
SAMPLES:246
AUC:{}
AVGP:{}
CLASS:1
ACC:0.9341176470588235
PREC:0.9905094905094906
REC:0.9424904942965779
TNR:0.09523809523809523
FPR:0.00949050949050949
FPDR:0.00949050949050949
F1:0.9659035557720409
BACC:0
CLSFE:0.00949050949050949
MCC:0.015981535080255547
GMEAN:0.2996014009593696
SAMPLES:4004
AUC:{}
AVGP:{}
