

GENERAL_METRICS
ACC:0.9331764705882353
PREC:0.49960796972151406
REC:0.49747563846780557
TNR:0.49747563846780557
FPR:0.500392030278486
FPDR:0.500392030278486
F1:0.48965267630026515
BACC:0.0
CLSFE:0.06682352941176471
MCC:-0.0019895991098363686
GMEAN:0.22552008634476228
SAMPLES:4250.0
AUC:{'AUC macro OVO': 0.4996079697215141}
AVGP:{'avg_precision': 0.9408976075716337}


METRICS_PER_CLASSES
CLASS:0
ACC:0.9331764705882353
PREC:0.00796812749003984
REC:0.05405405405405406
TNR:0.9408972228815571
FPR:0.9920318725099602
FPDR:0.9920318725099602
F1:0.013888888888888888
BACC:0
CLSFE:0.9920318725099602
MCC:-0.0019895991098363686
GMEAN:0.22552008634476228
SAMPLES:251
AUC:{}
AVGP:{}
CLASS:1
ACC:0.9331764705882353
PREC:0.9912478119529883
REC:0.9408972228815571
TNR:0.05405405405405406
FPR:0.008752188047011753
FPDR:0.008752188047011753
F1:0.9654164637116415
BACC:0
CLSFE:0.008752188047011753
MCC:-0.0019895991098363686
GMEAN:0.22552008634476228
SAMPLES:3999
AUC:{}
AVGP:{}
