

GENERAL_METRICS
ACC:0.9378823529411765
PREC:0.5012633334855198
REC:0.5057431115565882
TNR:0.5057431115565882
FPR:0.4987366665144802
FPDR:0.4987366665144802
F1:0.4950722289725935
BACC:0.0
CLSFE:0.06211764705882353
MCC:0.005387194127006686
GMEAN:0.2459445235680929
SAMPLES:4250.0
AUC:{'AUC macro OVO': 0.5012633334855199}
AVGP:{'avg_precision': 0.9476550479821797}


METRICS_PER_CLASSES
CLASS:0
ACC:0.9378823529411765
PREC:0.013452914798206279
REC:0.06382978723404255
TNR:0.947656435879134
FPR:0.9865470852017937
FPDR:0.9865470852017937
F1:0.022222222222222223
BACC:0
CLSFE:0.9865470852017937
MCC:0.005387194127006686
GMEAN:0.2459445235680929
SAMPLES:223
AUC:{}
AVGP:{}
CLASS:1
ACC:0.9378823529411765
PREC:0.9890737521728333
REC:0.947656435879134
TNR:0.06382978723404255
FPR:0.010926247827166625
FPDR:0.010926247827166625
F1:0.9679222357229648
BACC:0
CLSFE:0.010926247827166625
MCC:0.005387194127006686
GMEAN:0.2459445235680929
SAMPLES:4027
AUC:{}
AVGP:{}
