NAME: KRNN
DIMENSIONS: 2
SAMPLES_COUNT: (50,)
TOTAL_SIZE: 350
SIZES: dict_values([50, 300])
IMBALANCED: True
IMBALANCED_RATIO: {0: 4, 1: 1}
NO_LABELS: (2,)
MEAN: ([0, 2.0],)
ST_DEV: 0.8107837207100556
NOISE: 0.966696883465281
