

GENERAL_METRICS
ACC:0.86
PREC:0.5919871671595123
REC:0.6511571707407752
TNR:0.6511571707407752
FPR:0.4080128328404877
FPDR:0.4080128328404877
F1:0.6093739100834544
BACC:0.0
CLSFE:0.14
MCC:0.23583485690025235
GMEAN:0.6036078288133283
SAMPLES:2000.0
AUC:{'AUC macro OVO': 0.5919871671595123}
AVGP:{'avg_precision': 0.8943388373137161}


METRICS_PER_CLASSES
CLASS:0
ACC:0.86
PREC:0.233201581027668
REC:0.4068965517241379
TNR:0.8954177897574124
FPR:0.766798418972332
FPDR:0.766798418972332
F1:0.2964824120603015
BACC:0
CLSFE:0.766798418972332
MCC:0.23583485690025235
GMEAN:0.6036078288133283
SAMPLES:253
AUC:{}
AVGP:{}
CLASS:1
ACC:0.86
PREC:0.9507727532913566
REC:0.8954177897574124
TNR:0.4068965517241379
FPR:0.04922724670864339
FPDR:0.04922724670864339
F1:0.9222654081066074
BACC:0
CLSFE:0.04922724670864339
MCC:0.23583485690025235
GMEAN:0.6036078288133283
SAMPLES:1747
AUC:{}
AVGP:{}
