

GENERAL_METRICS
ACC:0.8495
PREC:0.5981561387186808
REC:0.6753373042167057
TNR:0.6753373042167057
FPR:0.4018438612813192
FPDR:0.4018438612813192
F1:0.6179599441789978
BACC:0.0
CLSFE:0.1505
MCC:0.26237707792606046
GMEAN:0.6434272433411242
SAMPLES:2000.0
AUC:{'AUC macro OVO': 0.5981561387186808}
AVGP:{'avg_precision': 0.8792358424010447}


METRICS_PER_CLASSES
CLASS:0
ACC:0.8495
PREC:0.24315068493150685
REC:0.47019867549668876
TNR:0.8804759329367225
FPR:0.7568493150684932
FPDR:0.7568493150684932
F1:0.32054176072234764
BACC:0
CLSFE:0.7568493150684932
MCC:0.26237707792606046
GMEAN:0.6434272433411242
SAMPLES:292
AUC:{}
AVGP:{}
CLASS:1
ACC:0.8495
PREC:0.9531615925058547
REC:0.8804759329367225
TNR:0.47019867549668876
FPR:0.0468384074941452
FPDR:0.0468384074941452
F1:0.915378127635648
BACC:0
CLSFE:0.0468384074941452
MCC:0.26237707792606046
GMEAN:0.6434272433411242
SAMPLES:1708
AUC:{}
AVGP:{}
