

GENERAL_METRICS
ACC:0.8625
PREC:0.5909749034749034
REC:0.6236407612761727
TNR:0.6236407612761727
FPR:0.4090250965250965
FPDR:0.4090250965250965
F1:0.6029772376022424
BACC:0.0
CLSFE:0.1375
MCC:0.21211512272974217
GMEAN:0.5552130282776969
SAMPLES:2000.0
AUC:{'AUC macro OVO': 0.5909749034749034}
AVGP:{'avg_precision': 0.906496616116388}


METRICS_PER_CLASSES
CLASS:0
ACC:0.8625
PREC:0.24107142857142858
REC:0.33962264150943394
TNR:0.9076588810429115
FPR:0.7589285714285714
FPDR:0.7589285714285714
F1:0.2819843342036554
BACC:0
CLSFE:0.7589285714285714
MCC:0.21211512272974217
GMEAN:0.5552130282776969
SAMPLES:224
AUC:{}
AVGP:{}
CLASS:1
ACC:0.8625
PREC:0.9408783783783784
REC:0.9076588810429115
TNR:0.33962264150943394
FPR:0.05912162162162162
FPDR:0.05912162162162162
F1:0.9239701410008294
BACC:0
CLSFE:0.05912162162162162
MCC:0.21211512272974217
GMEAN:0.5552130282776969
SAMPLES:1776
AUC:{}
AVGP:{}
