

GENERAL_METRICS
ACC:0.861
PREC:0.62671170680324
REC:0.6670417544531699
TNR:0.6670417544531699
FPR:0.37328829319676005
FPDR:0.37328829319676005
F1:0.642191538216003
BACC:0.0
CLSFE:0.139
MCC:0.29097179116999555
GMEAN:0.6232546017493977
SAMPLES:2000.0
AUC:{'AUC macro OVO': 0.62671170680324}
AVGP:{'avg_precision': 0.9028894318491114}


METRICS_PER_CLASSES
CLASS:0
ACC:0.861
PREC:0.3134920634920635
REC:0.42934782608695654
TNR:0.9047356828193832
FPR:0.6865079365079365
FPDR:0.6865079365079365
F1:0.3623853211009174
BACC:0
CLSFE:0.6865079365079365
MCC:0.29097179116999555
GMEAN:0.6232546017493977
SAMPLES:252
AUC:{}
AVGP:{}
CLASS:1
ACC:0.861
PREC:0.9399313501144165
REC:0.9047356828193832
TNR:0.42934782608695654
FPR:0.060068649885583525
FPDR:0.060068649885583525
F1:0.9219977553310886
BACC:0
CLSFE:0.060068649885583525
MCC:0.29097179116999555
GMEAN:0.6232546017493977
SAMPLES:1748
AUC:{}
AVGP:{}
