

GENERAL_METRICS
ACC:0.8417142857142857
PREC:0.6961082107261509
REC:0.6787974996538286
TNR:0.6787974996538286
FPR:0.3038917892738491
FPDR:0.3038917892738491
F1:0.6866797359513269
BACC:0.0
CLSFE:0.15828571428571428
MCC:0.3745058490300088
GMEAN:0.6360079888255648
SAMPLES:1750.0
AUC:{'AUC macro OVO': 0.6961082107261509}
AVGP:{'avg_precision': 0.9102972386534496}


METRICS_PER_CLASSES
CLASS:0
ACC:0.8417142857142857
PREC:0.49387755102040815
REC:0.4416058394160584
TNR:0.9159891598915989
FPR:0.5061224489795918
FPDR:0.5061224489795918
F1:0.4662813102119461
BACC:0
CLSFE:0.5061224489795918
MCC:0.3745058490300088
GMEAN:0.6360079888255648
SAMPLES:245
AUC:{}
AVGP:{}
CLASS:1
ACC:0.8417142857142857
PREC:0.8983388704318936
REC:0.9159891598915989
TNR:0.4416058394160584
FPR:0.10166112956810631
FPDR:0.10166112956810631
F1:0.9070781616907078
BACC:0
CLSFE:0.10166112956810631
MCC:0.3745058490300088
GMEAN:0.6360079888255648
SAMPLES:1505
AUC:{}
AVGP:{}
