

GENERAL_METRICS
ACC:0.8445714285714285
PREC:0.6858092074038917
REC:0.6797167027346056
TNR:0.6797167027346056
FPR:0.3141907925961082
FPDR:0.3141907925961082
F1:0.6826666666666666
BACC:0.0
CLSFE:0.15542857142857142
MCC:0.36547513235435264
GMEAN:0.6386588347624619
SAMPLES:1750.0
AUC:{'AUC macro OVO': 0.6858092074038918}
AVGP:{'avg_precision': 0.9074677274191936}


METRICS_PER_CLASSES
CLASS:0
ACC:0.8445714285714285
PREC:0.46530612244897956
REC:0.4470588235294118
TNR:0.9123745819397994
FPR:0.5346938775510204
FPDR:0.5346938775510204
F1:0.456
BACC:0
CLSFE:0.5346938775510204
MCC:0.36547513235435264
GMEAN:0.6386588347624619
SAMPLES:245
AUC:{}
AVGP:{}
CLASS:1
ACC:0.8445714285714285
PREC:0.906312292358804
REC:0.9123745819397994
TNR:0.4470588235294118
FPR:0.09368770764119601
FPDR:0.09368770764119601
F1:0.9093333333333333
BACC:0
CLSFE:0.09368770764119601
MCC:0.36547513235435264
GMEAN:0.6386588347624619
SAMPLES:1505
AUC:{}
AVGP:{}
