

GENERAL_METRICS
ACC:0.8905
PREC:0.7410211759597775
REC:0.747064393939394
TNR:0.747064393939394
FPR:0.25897882404022254
FPDR:0.25897882404022254
F1:0.7439840638847437
BACC:0.0
CLSFE:0.1095
MCC:0.48804815649713273
GMEAN:0.7228317891837253
SAMPLES:2000.0
AUC:{'AUC macro OVO': 0.7410211759597775}
AVGP:{'avg_precision': 0.9322099906653529}


METRICS_PER_CLASSES
CLASS:0
ACC:0.8905
PREC:0.5425101214574899
REC:0.5583333333333333
TNR:0.9357954545454545
FPR:0.4574898785425101
FPDR:0.4574898785425101
F1:0.5503080082135524
BACC:0
CLSFE:0.4574898785425101
MCC:0.48804815649713273
GMEAN:0.7228317891837253
SAMPLES:247
AUC:{}
AVGP:{}
CLASS:1
ACC:0.8905
PREC:0.939532230462065
REC:0.9357954545454545
TNR:0.5583333333333333
FPR:0.06046776953793497
FPDR:0.06046776953793497
F1:0.9376601195559351
BACC:0
CLSFE:0.06046776953793497
MCC:0.48804815649713273
GMEAN:0.7228317891837253
SAMPLES:1753
AUC:{}
AVGP:{}
