

GENERAL_METRICS
ACC:0.8875
PREC:0.7505321499760984
REC:0.7464012383598828
TNR:0.7464012383598828
FPR:0.24946785002390165
FPDR:0.24946785002390165
F1:0.7484390643945682
BACC:0.0
CLSFE:0.1125
MCC:0.49691621830274174
GMEAN:0.7217037451048322
SAMPLES:2000.0
AUC:{'AUC macro OVO': 0.7505321499760983}
AVGP:{'avg_precision': 0.9326145639857543}


METRICS_PER_CLASSES
CLASS:0
ACC:0.8875
PREC:0.5669291338582677
REC:0.555984555984556
TNR:0.9368179207352096
FPR:0.4330708661417323
FPDR:0.4330708661417323
F1:0.5614035087719298
BACC:0
CLSFE:0.4330708661417323
MCC:0.49691621830274174
GMEAN:0.7217037451048322
SAMPLES:254
AUC:{}
AVGP:{}
CLASS:1
ACC:0.8875
PREC:0.934135166093929
REC:0.9368179207352096
TNR:0.555984555984556
FPR:0.06586483390607102
FPDR:0.06586483390607102
F1:0.9354746200172067
BACC:0
CLSFE:0.06586483390607102
MCC:0.49691621830274174
GMEAN:0.7217037451048322
SAMPLES:1746
AUC:{}
AVGP:{}
