

GENERAL_METRICS
ACC:0.8835
PREC:0.735381273810261
REC:0.7329782790309106
TNR:0.7329782790309106
FPR:0.264618726189739
FPDR:0.264618726189739
F1:0.7341698426525058
BACC:0.0
CLSFE:0.1165
MCC:0.4683533883230404
GMEAN:0.7048139755877382
SAMPLES:2000.0
AUC:{'AUC macro OVO': 0.735381273810261}
AVGP:{'avg_precision': 0.9302540202591001}


METRICS_PER_CLASSES
CLASS:0
ACC:0.8835
PREC:0.5381526104417671
REC:0.5317460317460317
TNR:0.9342105263157895
FPR:0.46184738955823296
FPDR:0.46184738955823296
F1:0.5349301397205589
BACC:0
CLSFE:0.46184738955823296
MCC:0.4683533883230404
GMEAN:0.7048139755877382
SAMPLES:249
AUC:{}
AVGP:{}
CLASS:1
ACC:0.8835
PREC:0.932609937178755
REC:0.9342105263157895
TNR:0.5317460317460317
FPR:0.067390062821245
FPDR:0.067390062821245
F1:0.9334095455844527
BACC:0
CLSFE:0.067390062821245
MCC:0.4683533883230404
GMEAN:0.7048139755877382
SAMPLES:1751
AUC:{}
AVGP:{}
