

GENERAL_METRICS
ACC:0.892
PREC:0.7441410596216173
REC:0.7632835090370391
TNR:0.7632835090370391
FPR:0.2558589403783828
FPDR:0.2558589403783828
F1:0.7531428571428571
BACC:0.0
CLSFE:0.108
MCC:0.5070633683365438
GMEAN:0.7443070286138167
SAMPLES:2000.0
AUC:{'AUC macro OVO': 0.7441410596216173}
AVGP:{'avg_precision': 0.9289148670037248}


METRICS_PER_CLASSES
CLASS:0
ACC:0.892
PREC:0.5440613026819924
REC:0.5941422594142259
TNR:0.9324247586598523
FPR:0.4559386973180077
FPDR:0.4559386973180077
F1:0.568
BACC:0
CLSFE:0.4559386973180077
MCC:0.5070633683365438
GMEAN:0.7443070286138167
SAMPLES:261
AUC:{}
AVGP:{}
CLASS:1
ACC:0.892
PREC:0.9442208165612421
REC:0.9324247586598523
TNR:0.5941422594142259
FPR:0.05577918343875791
FPDR:0.05577918343875791
F1:0.9382857142857143
BACC:0
CLSFE:0.05577918343875791
MCC:0.5070633683365438
GMEAN:0.7443070286138167
SAMPLES:1739
AUC:{}
AVGP:{}
