

GENERAL_METRICS
ACC:0.818
PREC:0.8159259733606558
REC:0.8273125342090859
TNR:0.8273125342090859
FPR:0.18407402663934427
FPDR:0.18407402663934427
F1:0.8159318098150823
BACC:0.0
CLSFE:0.182
MCC:0.6431377176410925
GMEAN:0.8258282734108533
SAMPLES:500.0
AUC:{'AUC macro OVO': 0.8159259733606558}
AVGP:{'avg_precision': 0.7716672857950416}


METRICS_PER_CLASSES
CLASS:0
ACC:0.818
PREC:0.90234375
REC:0.7777777777777778
TNR:0.8768472906403941
FPR:0.09765625
FPDR:0.09765625
F1:0.8354430379746836
BACC:0
CLSFE:0.09765625
MCC:0.6431377176410925
GMEAN:0.8258282734108533
SAMPLES:256
AUC:{}
AVGP:{}
CLASS:1
ACC:0.818
PREC:0.7295081967213115
REC:0.8768472906403941
TNR:0.7777777777777778
FPR:0.27049180327868855
FPDR:0.27049180327868855
F1:0.796420581655481
BACC:0
CLSFE:0.27049180327868855
MCC:0.6431377176410925
GMEAN:0.8258282734108533
SAMPLES:244
AUC:{}
AVGP:{}
