

GENERAL_METRICS
ACC:0.808
PREC:0.8052958504098361
REC:0.8237691001697793
TNR:0.8237691001697793
FPR:0.19470414959016394
FPDR:0.19470414959016394
F1:0.8045952679487388
BACC:0.0
CLSFE:0.192
MCC:0.6287936474639678
GMEAN:0.8211445902096417
SAMPLES:500.0
AUC:{'AUC macro OVO': 0.8052958504098361}
AVGP:{'avg_precision': 0.7660698878343399}


METRICS_PER_CLASSES
CLASS:0
ACC:0.808
PREC:0.91796875
REC:0.7580645161290323
TNR:0.8894736842105263
FPR:0.08203125
FPDR:0.08203125
F1:0.8303886925795053
BACC:0
CLSFE:0.08203125
MCC:0.6287936474639678
GMEAN:0.8211445902096417
SAMPLES:256
AUC:{}
AVGP:{}
CLASS:1
ACC:0.808
PREC:0.6926229508196722
REC:0.8894736842105263
TNR:0.7580645161290323
FPR:0.3073770491803279
FPDR:0.3073770491803279
F1:0.7788018433179723
BACC:0
CLSFE:0.3073770491803279
MCC:0.6287936474639678
GMEAN:0.8211445902096417
SAMPLES:244
AUC:{}
AVGP:{}
