

GENERAL_METRICS
ACC:0.778
PREC:0.7834809964047251
REC:0.7904026702181883
TNR:0.7904026702181883
FPR:0.2165190035952748
FPDR:0.2165190035952748
F1:0.7773507548009997
BACC:0.0
CLSFE:0.222
MCC:0.5738419235714479
GMEAN:0.7867763872138023
SAMPLES:500.0
AUC:{'AUC macro OVO': 0.7834809964047252}
AVGP:{'avg_precision': 0.7597545309554878}


METRICS_PER_CLASSES
CLASS:0
ACC:0.778
PREC:0.8813559322033898
REC:0.7147766323024055
TNR:0.8660287081339713
FPR:0.11864406779661017
FPDR:0.11864406779661017
F1:0.7893738140417458
BACC:0
CLSFE:0.11864406779661017
MCC:0.5738419235714479
GMEAN:0.7867763872138023
SAMPLES:236
AUC:{}
AVGP:{}
CLASS:1
ACC:0.778
PREC:0.6856060606060606
REC:0.8660287081339713
TNR:0.7147766323024055
FPR:0.3143939393939394
FPDR:0.3143939393939394
F1:0.7653276955602537
BACC:0
CLSFE:0.3143939393939394
MCC:0.5738419235714479
GMEAN:0.7867763872138023
SAMPLES:264
AUC:{}
AVGP:{}
