

GENERAL_METRICS
ACC:0.818
PREC:0.8184210947375159
REC:0.832814904006957
TNR:0.832814904006957
FPR:0.1815789052624842
FPDR:0.1815789052624842
F1:0.8160865646182887
BACC:0.0
CLSFE:0.182
MCC:0.6510769112135877
GMEAN:0.8297635762559733
SAMPLES:500.0
AUC:{'AUC macro OVO': 0.8184210947375157}
AVGP:{'avg_precision': 0.7887140730009257}


METRICS_PER_CLASSES
CLASS:0
ACC:0.818
PREC:0.9236947791164659
REC:0.7615894039735099
TNR:0.9040404040404041
FPR:0.07630522088353414
FPDR:0.07630522088353414
F1:0.8348457350272233
BACC:0
CLSFE:0.07630522088353414
MCC:0.6510769112135877
GMEAN:0.8297635762559733
SAMPLES:249
AUC:{}
AVGP:{}
CLASS:1
ACC:0.818
PREC:0.7131474103585658
REC:0.9040404040404041
TNR:0.7615894039735099
FPR:0.2868525896414343
FPDR:0.2868525896414343
F1:0.7973273942093542
BACC:0
CLSFE:0.2868525896414343
MCC:0.6510769112135877
GMEAN:0.8297635762559733
SAMPLES:251
AUC:{}
AVGP:{}
