

GENERAL_METRICS
ACC:0.7746666666666666
PREC:0.6059059849814497
REC:0.6078553518379971
TNR:0.6078553518379971
FPR:0.39409401501855035
FPDR:0.39409401501855035
F1:0.6068548387096775
BACC:0.0
CLSFE:0.22533333333333333
MCC:0.21375244814433245
GMEAN:0.5523486610738421
SAMPLES:1500.0
AUC:{'AUC macro OVO': 0.6059059849814497}
AVGP:{'avg_precision': 0.8566654400725985}


METRICS_PER_CLASSES
CLASS:0
ACC:0.7746666666666666
PREC:0.34600760456273766
REC:0.3540856031128405
TNR:0.8616251005631537
FPR:0.6539923954372624
FPDR:0.6539923954372624
F1:0.35
BACC:0
CLSFE:0.6539923954372624
MCC:0.21375244814433245
GMEAN:0.5523486610738421
SAMPLES:263
AUC:{}
AVGP:{}
CLASS:1
ACC:0.7746666666666666
PREC:0.8658043654001617
REC:0.8616251005631537
TNR:0.3540856031128405
FPR:0.13419563459983833
FPDR:0.13419563459983833
F1:0.8637096774193549
BACC:0
CLSFE:0.13419563459983833
MCC:0.21375244814433245
GMEAN:0.5523486610738421
SAMPLES:1237
AUC:{}
AVGP:{}
