

GENERAL_METRICS
ACC:0.7846666666666666
PREC:0.6154324137348138
REC:0.618
TNR:0.618
FPR:0.3845675862651862
FPDR:0.3845675862651862
F1:0.6166781781888697
BACC:0.0
CLSFE:0.21533333333333332
MCC:0.23341829251974255
GMEAN:0.565176078757762
SAMPLES:1500.0
AUC:{'AUC macro OVO': 0.6154324137348137}
AVGP:{'avg_precision': 0.8630002681684097}


METRICS_PER_CLASSES
CLASS:0
ACC:0.7846666666666666
PREC:0.35797665369649806
REC:0.368
TNR:0.868
FPR:0.642023346303502
FPDR:0.642023346303502
F1:0.3629191321499014
BACC:0
CLSFE:0.642023346303502
MCC:0.23341829251974255
GMEAN:0.565176078757762
SAMPLES:257
AUC:{}
AVGP:{}
CLASS:1
ACC:0.7846666666666666
PREC:0.8728881737731295
REC:0.868
TNR:0.368
FPR:0.12711182622687048
FPDR:0.12711182622687048
F1:0.870437224227838
BACC:0
CLSFE:0.12711182622687048
MCC:0.23341829251974255
GMEAN:0.565176078757762
SAMPLES:1243
AUC:{}
AVGP:{}
