

GENERAL_METRICS
ACC:0.7786666666666666
PREC:0.6196672696360139
REC:0.6218036399851228
TNR:0.6218036399851228
FPR:0.3803327303639861
FPDR:0.3803327303639861
F1:0.6207089847796152
BACC:0.0
CLSFE:0.22133333333333333
MCC:0.24146145886039583
GMEAN:0.5729581511762302
SAMPLES:1500.0
AUC:{'AUC macro OVO': 0.6196672696360139}
AVGP:{'avg_precision': 0.8577234699307676}


METRICS_PER_CLASSES
CLASS:0
ACC:0.7786666666666666
PREC:0.37174721189591076
REC:0.38022813688212925
TNR:0.8633791430881164
FPR:0.6282527881040892
FPDR:0.6282527881040892
F1:0.37593984962406013
BACC:0
CLSFE:0.6282527881040892
MCC:0.24146145886039583
GMEAN:0.5729581511762302
SAMPLES:269
AUC:{}
AVGP:{}
CLASS:1
ACC:0.7786666666666666
PREC:0.867587327376117
REC:0.8633791430881164
TNR:0.38022813688212925
FPR:0.132412672623883
FPDR:0.132412672623883
F1:0.8654781199351702
BACC:0
CLSFE:0.132412672623883
MCC:0.24146145886039583
GMEAN:0.5729581511762302
SAMPLES:1231
AUC:{}
AVGP:{}
