

GENERAL_METRICS
ACC:0.7766666666666666
PREC:0.6213352685050799
REC:0.6188865204062082
TNR:0.6188865204062082
FPR:0.3786647314949202
FPDR:0.3786647314949202
F1:0.6200754405423735
BACC:0.0
CLSFE:0.22333333333333333
MCC:0.24020930768912274
GMEAN:0.5672152066283035
SAMPLES:1500.0
AUC:{'AUC macro OVO': 0.6213352685050799}
AVGP:{'avg_precision': 0.860479579052869}


METRICS_PER_CLASSES
CLASS:0
ACC:0.7766666666666666
PREC:0.38113207547169814
REC:0.3713235294117647
TNR:0.8664495114006515
FPR:0.6188679245283019
FPDR:0.6188679245283019
F1:0.3761638733705773
BACC:0
CLSFE:0.6188679245283019
MCC:0.24020930768912274
GMEAN:0.5672152066283035
SAMPLES:265
AUC:{}
AVGP:{}
CLASS:1
ACC:0.7766666666666666
PREC:0.8615384615384616
REC:0.8664495114006515
TNR:0.3713235294117647
FPR:0.13846153846153847
FPDR:0.13846153846153847
F1:0.8639870077141697
BACC:0
CLSFE:0.13846153846153847
MCC:0.24020930768912274
GMEAN:0.5672152066283035
SAMPLES:1235
AUC:{}
AVGP:{}
