

GENERAL_METRICS
ACC:0.8288
PREC:0.6935827244579589
REC:0.7353898216842379
TNR:0.7353898216842379
FPR:0.3064172755420412
FPDR:0.3064172755420412
F1:0.7100271002710028
BACC:0.0
CLSFE:0.1712
MCC:0.42693045331204893
GMEAN:0.7226284329730535
SAMPLES:1250.0
AUC:{'AUC macro OVO': 0.6935827244579589}
AVGP:{'avg_precision': 0.8659158398271738}


METRICS_PER_CLASSES
CLASS:0
ACC:0.8288
PREC:0.466403162055336
REC:0.5989847715736041
TNR:0.8717948717948718
FPR:0.5335968379446641
FPDR:0.5335968379446641
F1:0.5244444444444445
BACC:0
CLSFE:0.5335968379446641
MCC:0.42693045331204893
GMEAN:0.7226284329730535
SAMPLES:253
AUC:{}
AVGP:{}
CLASS:1
ACC:0.8288
PREC:0.9207622868605817
REC:0.8717948717948718
TNR:0.5989847715736041
FPR:0.07923771313941826
FPDR:0.07923771313941826
F1:0.895609756097561
BACC:0
CLSFE:0.07923771313941826
MCC:0.42693045331204893
GMEAN:0.7226284329730535
SAMPLES:997
AUC:{}
AVGP:{}
