

GENERAL_METRICS
ACC:0.8112
PREC:0.6765
REC:0.7005171410913587
TNR:0.7005171410913587
FPR:0.3235
FPDR:0.3235
F1:0.6866888427241715
BACC:0.0
CLSFE:0.1888
MCC:0.37625138087520577
GMEAN:0.6801974665117038
SAMPLES:1250.0
AUC:{'AUC macro OVO': 0.6765}
AVGP:{'avg_precision': 0.8612818882466282}


METRICS_PER_CLASSES
CLASS:0
ACC:0.8112
PREC:0.452
REC:0.5330188679245284
TNR:0.8680154142581888
FPR:0.548
FPDR:0.548
F1:0.48917748917748916
BACC:0
CLSFE:0.548
MCC:0.37625138087520577
GMEAN:0.6801974665117038
SAMPLES:250
AUC:{}
AVGP:{}
CLASS:1
ACC:0.8112
PREC:0.901
REC:0.8680154142581888
TNR:0.5330188679245284
FPR:0.099
FPDR:0.099
F1:0.8842001962708538
BACC:0
CLSFE:0.099
MCC:0.37625138087520577
GMEAN:0.6801974665117038
SAMPLES:1000
AUC:{}
AVGP:{}
