

GENERAL_METRICS
ACC:0.8176
PREC:0.6934312051355026
REC:0.7159532215357458
TNR:0.7159532215357458
FPR:0.30656879486449734
FPDR:0.30656879486449734
F1:0.703225161507991
BACC:0.0
CLSFE:0.1824
MCC:0.40876444020757724
GMEAN:0.6985579649262266
SAMPLES:1250.0
AUC:{'AUC macro OVO': 0.6934312051355027}
AVGP:{'avg_precision': 0.8654124147073732}


METRICS_PER_CLASSES
CLASS:0
ACC:0.8176
PREC:0.484251968503937
REC:0.5590909090909091
TNR:0.8728155339805825
FPR:0.515748031496063
FPDR:0.515748031496063
F1:0.5189873417721519
BACC:0
CLSFE:0.515748031496063
MCC:0.40876444020757724
GMEAN:0.6985579649262266
SAMPLES:254
AUC:{}
AVGP:{}
CLASS:1
ACC:0.8176
PREC:0.9026104417670683
REC:0.8728155339805825
TNR:0.5590909090909091
FPR:0.09738955823293173
FPDR:0.09738955823293173
F1:0.8874629812438302
BACC:0
CLSFE:0.09738955823293173
MCC:0.40876444020757724
GMEAN:0.6985579649262266
SAMPLES:996
AUC:{}
AVGP:{}
