

GENERAL_METRICS
ACC:0.8192
PREC:0.690399779937649
REC:0.7299387272995719
TNR:0.7299387272995719
FPR:0.309600220062351
FPDR:0.309600220062351
F1:0.7058284495649385
BACC:0.0
CLSFE:0.1808
MCC:0.41847476902189246
GMEAN:0.717573794942752
SAMPLES:1250.0
AUC:{'AUC macro OVO': 0.690399779937649}
AVGP:{'avg_precision': 0.857191105285333}


METRICS_PER_CLASSES
CLASS:0
ACC:0.8192
PREC:0.46616541353383456
REC:0.5961538461538461
TNR:0.8637236084452975
FPR:0.5338345864661654
FPDR:0.5338345864661654
F1:0.5232067510548524
BACC:0
CLSFE:0.5338345864661654
MCC:0.41847476902189246
GMEAN:0.717573794942752
SAMPLES:266
AUC:{}
AVGP:{}
CLASS:1
ACC:0.8192
PREC:0.9146341463414634
REC:0.8637236084452975
TNR:0.5961538461538461
FPR:0.08536585365853659
FPDR:0.08536585365853659
F1:0.8884501480750246
BACC:0
CLSFE:0.08536585365853659
MCC:0.41847476902189246
GMEAN:0.717573794942752
SAMPLES:984
AUC:{}
AVGP:{}
