

GENERAL_METRICS
ACC:0.888
PREC:0.6066850346577998
REC:0.5775714794594241
TNR:0.5775714794594241
FPR:0.39331496534220023
FPDR:0.39331496534220023
F1:0.5884581097149082
BACC:0.0
CLSFE:0.112
MCC:0.18194192452082572
GMEAN:0.4393501477405122
SAMPLES:3500.0
AUC:{'AUC macro OVO': 0.6066850346577998}
AVGP:{'avg_precision': 0.9515109652173972}


METRICS_PER_CLASSES
CLASS:0
ACC:0.888
PREC:0.2863849765258216
REC:0.2026578073089701
TNR:0.9524851516098781
FPR:0.7136150234741784
FPDR:0.7136150234741784
F1:0.23735408560311283
BACC:0
CLSFE:0.7136150234741784
MCC:0.18194192452082572
GMEAN:0.4393501477405122
SAMPLES:213
AUC:{}
AVGP:{}
CLASS:1
ACC:0.888
PREC:0.9269850927897779
REC:0.9524851516098781
TNR:0.2026578073089701
FPR:0.0730149072102221
FPDR:0.0730149072102221
F1:0.9395621338267036
BACC:0
CLSFE:0.0730149072102221
MCC:0.18194192452082572
GMEAN:0.4393501477405122
SAMPLES:3287
AUC:{}
AVGP:{}
