

GENERAL_METRICS
ACC:0.822
PREC:0.6873237965960113
REC:0.677525442282894
TNR:0.677525442282894
FPR:0.3126762034039887
FPDR:0.3126762034039887
F1:0.6821365503283795
BACC:0.0
CLSFE:0.178
MCC:0.3647176433397089
GMEAN:0.6402656006662373
SAMPLES:1500.0
AUC:{'AUC macro OVO': 0.6873237965960113}
AVGP:{'avg_precision': 0.8921276352924846}


METRICS_PER_CLASSES
CLASS:0
ACC:0.822
PREC:0.48770491803278687
REC:0.4559386973180077
TNR:0.8991121872477804
FPR:0.5122950819672131
FPDR:0.5122950819672131
F1:0.47128712871287126
BACC:0
CLSFE:0.5122950819672131
MCC:0.3647176433397089
GMEAN:0.6402656006662373
SAMPLES:244
AUC:{}
AVGP:{}
CLASS:1
ACC:0.822
PREC:0.8869426751592356
REC:0.8991121872477804
TNR:0.4559386973180077
FPR:0.11305732484076433
FPDR:0.11305732484076433
F1:0.8929859719438877
BACC:0
CLSFE:0.11305732484076433
MCC:0.3647176433397089
GMEAN:0.6402656006662373
SAMPLES:1256
AUC:{}
AVGP:{}
