

GENERAL_METRICS
ACC:0.83
PREC:0.706
REC:0.6967000229165075
TNR:0.6967000229165075
FPR:0.294
FPDR:0.294
F1:0.7011193373835245
BACC:0.0
CLSFE:0.17
MCC:0.4025926214962244
GMEAN:0.6655071014537728
SAMPLES:1500.0
AUC:{'AUC macro OVO': 0.706}
AVGP:{'avg_precision': 0.8953279352226721}


METRICS_PER_CLASSES
CLASS:0
ACC:0.83
PREC:0.52
REC:0.49056603773584906
TNR:0.902834008097166
FPR:0.48
FPDR:0.48
F1:0.5048543689320388
BACC:0
CLSFE:0.48
MCC:0.4025926214962244
GMEAN:0.6655071014537728
SAMPLES:250
AUC:{}
AVGP:{}
CLASS:1
ACC:0.83
PREC:0.892
REC:0.902834008097166
TNR:0.49056603773584906
FPR:0.108
FPDR:0.108
F1:0.89738430583501
BACC:0
CLSFE:0.108
MCC:0.4025926214962244
GMEAN:0.6655071014537728
SAMPLES:1250
AUC:{}
AVGP:{}
