

GENERAL_METRICS
ACC:0.8253333333333334
PREC:0.6835708028444811
REC:0.6835708028444811
TNR:0.6835708028444811
FPR:0.31642919715551887
FPDR:0.31642919715551887
F1:0.6835708028444811
BACC:0.0
CLSFE:0.17466666666666666
MCC:0.3671416056889622
GMEAN:0.6499317185613626
SAMPLES:1500.0
AUC:{'AUC macro OVO': 0.6835708028444811}
AVGP:{'avg_precision': 0.8890161360566438}


METRICS_PER_CLASSES
CLASS:0
ACC:0.8253333333333334
PREC:0.4717741935483871
REC:0.4717741935483871
TNR:0.895367412140575
FPR:0.5282258064516129
FPDR:0.5282258064516129
F1:0.4717741935483871
BACC:0
CLSFE:0.5282258064516129
MCC:0.3671416056889622
GMEAN:0.6499317185613626
SAMPLES:248
AUC:{}
AVGP:{}
CLASS:1
ACC:0.8253333333333334
PREC:0.895367412140575
REC:0.895367412140575
TNR:0.4717741935483871
FPR:0.10463258785942492
FPDR:0.10463258785942492
F1:0.895367412140575
BACC:0
CLSFE:0.10463258785942492
MCC:0.3671416056889622
GMEAN:0.6499317185613626
SAMPLES:1252
AUC:{}
AVGP:{}
