

GENERAL_METRICS
ACC:0.8393333333333334
PREC:0.7130357337104318
REC:0.6974013701866288
TNR:0.6974013701866288
FPR:0.28696426628956817
FPDR:0.28696426628956817
F1:0.7046160785271822
BACC:0.0
CLSFE:0.16066666666666668
MCC:0.4101392238406517
GMEAN:0.6634175489979521
SAMPLES:1500.0
AUC:{'AUC macro OVO': 0.7130357337104318}
AVGP:{'avg_precision': 0.9054629115832415}


METRICS_PER_CLASSES
CLASS:0
ACC:0.8393333333333334
PREC:0.5301724137931034
REC:0.4823529411764706
TNR:0.9124497991967871
FPR:0.4698275862068966
FPDR:0.4698275862068966
F1:0.5051334702258727
BACC:0
CLSFE:0.4698275862068966
MCC:0.4101392238406517
GMEAN:0.6634175489979521
SAMPLES:232
AUC:{}
AVGP:{}
CLASS:1
ACC:0.8393333333333334
PREC:0.8958990536277602
REC:0.9124497991967871
TNR:0.4823529411764706
FPR:0.10410094637223975
FPDR:0.10410094637223975
F1:0.9040986868284918
BACC:0
CLSFE:0.10410094637223975
MCC:0.4101392238406517
GMEAN:0.6634175489979521
SAMPLES:1268
AUC:{}
AVGP:{}
