

GENERAL_METRICS
ACC:0.8926153846153846
PREC:0.5713383437422815
REC:0.5806058073817026
TNR:0.5806058073817026
FPR:0.4286616562577185
FPDR:0.4286616562577185
F1:0.5755082579876865
BACC:0.0
CLSFE:0.10738461538461538
MCC:0.15166126459475454
GMEAN:0.4576421717602193
SAMPLES:3250.0
AUC:{'AUC macro OVO': 0.5713383437422814}
AVGP:{'avg_precision': 0.9373683772920833}


METRICS_PER_CLASSES
CLASS:0
ACC:0.8926153846153846
PREC:0.19574468085106383
REC:0.22330097087378642
TNR:0.937910643889619
FPR:0.8042553191489362
FPDR:0.8042553191489362
F1:0.20861678004535147
BACC:0
CLSFE:0.8042553191489362
MCC:0.15166126459475454
GMEAN:0.4576421717602193
SAMPLES:235
AUC:{}
AVGP:{}
CLASS:1
ACC:0.8926153846153846
PREC:0.9469320066334992
REC:0.937910643889619
TNR:0.22330097087378642
FPR:0.05306799336650083
FPDR:0.05306799336650083
F1:0.9423997359300215
BACC:0
CLSFE:0.05306799336650083
MCC:0.15166126459475454
GMEAN:0.4576421717602193
SAMPLES:3015
AUC:{}
AVGP:{}
