

GENERAL_METRICS
ACC:0.8815384615384615
PREC:0.5666787159559509
REC:0.5767426352563497
TNR:0.5767426352563497
FPR:0.4333212840440491
FPDR:0.4333212840440491
F1:0.5710894584843732
BACC:0.0
CLSFE:0.11846153846153847
MCC:0.14306782137111454
GMEAN:0.4556860469583231
SAMPLES:3250.0
AUC:{'AUC macro OVO': 0.5666787159559509}
AVGP:{'avg_precision': 0.9296551635148868}


METRICS_PER_CLASSES
CLASS:0
ACC:0.8815384615384615
PREC:0.19157088122605365
REC:0.22321428571428573
TNR:0.9302709847984137
FPR:0.8084291187739464
FPDR:0.8084291187739464
F1:0.20618556701030927
BACC:0
CLSFE:0.8084291187739464
MCC:0.14306782137111454
GMEAN:0.4556860469583231
SAMPLES:261
AUC:{}
AVGP:{}
CLASS:1
ACC:0.8815384615384615
PREC:0.9417865506858482
REC:0.9302709847984137
TNR:0.22321428571428573
FPR:0.05821344931415189
FPDR:0.05821344931415189
F1:0.9359933499584372
BACC:0
CLSFE:0.05821344931415189
MCC:0.14306782137111454
GMEAN:0.4556860469583231
SAMPLES:2989
AUC:{}
AVGP:{}
