

GENERAL_METRICS
ACC:0.8846153846153846
PREC:0.5655254154548801
REC:0.5695278480123613
TNR:0.5695278480123613
FPR:0.43447458454511984
FPDR:0.43447458454511984
F1:0.567422005522091
BACC:0.0
CLSFE:0.11538461538461539
MCC:0.13499394248178304
GMEAN:0.4363653689462767
SAMPLES:3250.0
AUC:{'AUC macro OVO': 0.5655254154548801}
AVGP:{'avg_precision': 0.9349374252091102}


METRICS_PER_CLASSES
CLASS:0
ACC:0.8846153846153846
PREC:0.1908713692946058
REC:0.20353982300884957
TNR:0.935515873015873
FPR:0.8091286307053942
FPDR:0.8091286307053942
F1:0.19700214132762311
BACC:0
CLSFE:0.8091286307053942
MCC:0.13499394248178304
GMEAN:0.4363653689462767
SAMPLES:241
AUC:{}
AVGP:{}
CLASS:1
ACC:0.8846153846153846
PREC:0.9401794616151545
REC:0.935515873015873
TNR:0.20353982300884957
FPR:0.05982053838484546
FPDR:0.05982053838484546
F1:0.9378418697165589
BACC:0
CLSFE:0.05982053838484546
MCC:0.13499394248178304
GMEAN:0.4363653689462767
SAMPLES:3009
AUC:{}
AVGP:{}
