

GENERAL_METRICS
ACC:0.9146666666666666
PREC:0.659218520289778
REC:0.7081815093873518
TNR:0.7081815093873518
FPR:0.34078147971022194
FPDR:0.34078147971022194
F1:0.6793453300488497
BACC:0.0
CLSFE:0.08533333333333333
MCC:0.3641227917961011
GMEAN:0.6679287951350453
SAMPLES:3000.0
AUC:{'AUC macro OVO': 0.659218520289778}
AVGP:{'avg_precision': 0.942637482876147}


METRICS_PER_CLASSES
CLASS:0
ACC:0.9146666666666666
PREC:0.35365853658536583
REC:0.47282608695652173
TNR:0.9435369318181818
FPR:0.6463414634146342
FPDR:0.6463414634146342
F1:0.4046511627906977
BACC:0
CLSFE:0.6463414634146342
MCC:0.3641227917961011
GMEAN:0.6679287951350453
SAMPLES:246
AUC:{}
AVGP:{}
CLASS:1
ACC:0.9146666666666666
PREC:0.9647785039941903
REC:0.9435369318181818
TNR:0.47282608695652173
FPR:0.03522149600580973
FPDR:0.03522149600580973
F1:0.9540394973070018
BACC:0
CLSFE:0.03522149600580973
MCC:0.3641227917961011
GMEAN:0.6679287951350453
SAMPLES:2754
AUC:{}
AVGP:{}
