

GENERAL_METRICS
ACC:0.8946666666666667
PREC:0.6601356332006487
REC:0.7381293407852583
TNR:0.7381293407852583
FPR:0.33986436679935134
FPDR:0.33986436679935134
F1:0.6881467701479409
BACC:0.0
CLSFE:0.10533333333333333
MCC:0.39055341642495145
GMEAN:0.7150202009081019
SAMPLES:2250.0
AUC:{'AUC macro OVO': 0.6601356332006487}
AVGP:{'avg_precision': 0.9201103974381464}


METRICS_PER_CLASSES
CLASS:0
ACC:0.8946666666666667
PREC:0.3568627450980392
REC:0.5548780487804879
TNR:0.9213806327900288
FPR:0.6431372549019608
FPDR:0.6431372549019608
F1:0.4343675417661098
BACC:0
CLSFE:0.6431372549019608
MCC:0.39055341642495145
GMEAN:0.7150202009081019
SAMPLES:255
AUC:{}
AVGP:{}
CLASS:1
ACC:0.8946666666666667
PREC:0.9634085213032582
REC:0.9213806327900288
TNR:0.5548780487804879
FPR:0.036591478696741855
FPDR:0.036591478696741855
F1:0.9419259985297721
BACC:0
CLSFE:0.036591478696741855
MCC:0.39055341642495145
GMEAN:0.7150202009081019
SAMPLES:1995
AUC:{}
AVGP:{}
