

GENERAL_METRICS
ACC:0.8982222222222223
PREC:0.6650071273955969
REC:0.7233858240702622
TNR:0.7233858240702622
FPR:0.33499287260440314
FPDR:0.33499287260440314
F1:0.6879336148037873
BACC:0.0
CLSFE:0.10177777777777777
MCC:0.38398048455999495
GMEAN:0.6935740852025891
SAMPLES:2250.0
AUC:{'AUC macro OVO': 0.6650071273955969}
AVGP:{'avg_precision': 0.9275735251702528}


METRICS_PER_CLASSES
CLASS:0
ACC:0.8982222222222223
PREC:0.3702127659574468
REC:0.5178571428571429
TNR:0.9289145052833814
FPR:0.6297872340425532
FPDR:0.6297872340425532
F1:0.4317617866004963
BACC:0
CLSFE:0.6297872340425532
MCC:0.38398048455999495
GMEAN:0.6935740852025891
SAMPLES:235
AUC:{}
AVGP:{}
CLASS:1
ACC:0.8982222222222223
PREC:0.9598014888337469
REC:0.9289145052833814
TNR:0.5178571428571429
FPR:0.0401985111662531
FPDR:0.0401985111662531
F1:0.9441054430070783
BACC:0
CLSFE:0.0401985111662531
MCC:0.38398048455999495
GMEAN:0.6935740852025891
SAMPLES:2015
AUC:{}
AVGP:{}
