

GENERAL_METRICS
ACC:0.9026666666666666
PREC:0.6671934069729458
REC:0.7459958856806994
TNR:0.7459958856806994
FPR:0.3328065930270542
FPDR:0.3328065930270542
F1:0.6961100232812717
BACC:0.0
CLSFE:0.09733333333333333
MCC:0.4056051786073913
GMEAN:0.7234809472389747
SAMPLES:2250.0
AUC:{'AUC macro OVO': 0.6671934069729458}
AVGP:{'avg_precision': 0.9267357626020909}


METRICS_PER_CLASSES
CLASS:0
ACC:0.9026666666666666
PREC:0.3682008368200837
REC:0.5641025641025641
TNR:0.9278892072588347
FPR:0.6317991631799164
FPDR:0.6317991631799164
F1:0.44556962025316454
BACC:0
CLSFE:0.6317991631799164
MCC:0.4056051786073913
GMEAN:0.7234809472389747
SAMPLES:239
AUC:{}
AVGP:{}
CLASS:1
ACC:0.9026666666666666
PREC:0.966185977125808
REC:0.9278892072588347
TNR:0.5641025641025641
FPR:0.03381402287419195
FPDR:0.03381402287419195
F1:0.9466504263093788
BACC:0
CLSFE:0.03381402287419195
MCC:0.4056051786073913
GMEAN:0.7234809472389747
SAMPLES:2011
AUC:{}
AVGP:{}
