

GENERAL_METRICS
ACC:0.8982222222222223
PREC:0.6789592516933664
REC:0.7594115011368665
TNR:0.7594115011368665
FPR:0.32104074830663365
FPDR:0.32104074830663365
F1:0.7086143275225856
BACC:0.0
CLSFE:0.10177777777777777
MCC:0.4309249963699319
GMEAN:0.741483709463781
SAMPLES:2250.0
AUC:{'AUC macro OVO': 0.6789592516933664}
AVGP:{'avg_precision': 0.9220426415552104}


METRICS_PER_CLASSES
CLASS:0
ACC:0.8982222222222223
PREC:0.3931297709923664
REC:0.5953757225433526
TNR:0.9234472797303803
FPR:0.6068702290076335
FPDR:0.6068702290076335
F1:0.4735632183908046
BACC:0
CLSFE:0.6068702290076335
MCC:0.4309249963699319
GMEAN:0.741483709463781
SAMPLES:262
AUC:{}
AVGP:{}
CLASS:1
ACC:0.8982222222222223
PREC:0.9647887323943662
REC:0.9234472797303803
TNR:0.5953757225433526
FPR:0.035211267605633804
FPDR:0.035211267605633804
F1:0.9436654366543665
BACC:0
CLSFE:0.035211267605633804
MCC:0.4309249963699319
GMEAN:0.741483709463781
SAMPLES:1988
AUC:{}
AVGP:{}
