

GENERAL_METRICS
ACC:0.894
PREC:0.5644015355526271
REC:0.6606783083390291
TNR:0.6606783083390291
FPR:0.43559846444737294
FPDR:0.43559846444737294
F1:0.582997370837763
BACC:0.0
CLSFE:0.106
MCC:0.20344954939278634
GMEAN:0.610699138510779
SAMPLES:2500.0
AUC:{'AUC macro OVO': 0.5644015355526271}
AVGP:{'avg_precision': 0.9124625053776692}


METRICS_PER_CLASSES
CLASS:0
ACC:0.894
PREC:0.1532258064516129
REC:0.40860215053763443
TNR:0.9127544661404238
FPR:0.8467741935483871
FPDR:0.8467741935483871
F1:0.22287390029325513
BACC:0
CLSFE:0.8467741935483871
MCC:0.20344954939278634
GMEAN:0.610699138510779
SAMPLES:248
AUC:{}
AVGP:{}
CLASS:1
ACC:0.894
PREC:0.9755772646536413
REC:0.9127544661404238
TNR:0.40860215053763443
FPR:0.024422735346358793
FPDR:0.024422735346358793
F1:0.9431208413822709
BACC:0
CLSFE:0.024422735346358793
MCC:0.20344954939278634
GMEAN:0.610699138510779
SAMPLES:2252
AUC:{}
AVGP:{}
