

GENERAL_METRICS
ACC:0.8884
PREC:0.559032330442221
REC:0.641679182495509
TNR:0.641679182495509
FPR:0.44096766955777905
FPDR:0.44096766955777905
F1:0.5747964966888992
BACC:0.0
CLSFE:0.1116
MCC:0.18290601212490115
GMEAN:0.583060340245779
SAMPLES:2500.0
AUC:{'AUC macro OVO': 0.559032330442221}
AVGP:{'avg_precision': 0.9093112399367582}


METRICS_PER_CLASSES
CLASS:0
ACC:0.8884
PREC:0.14566929133858267
REC:0.37373737373737376
TNR:0.9096209912536443
FPR:0.8543307086614174
FPDR:0.8543307086614174
F1:0.2096317280453258
BACC:0
CLSFE:0.8543307086614174
MCC:0.18290601212490115
GMEAN:0.583060340245779
SAMPLES:254
AUC:{}
AVGP:{}
CLASS:1
ACC:0.8884
PREC:0.9723953695458593
REC:0.9096209912536443
TNR:0.37373737373737376
FPR:0.027604630454140695
FPDR:0.027604630454140695
F1:0.9399612653324726
BACC:0
CLSFE:0.027604630454140695
MCC:0.18290601212490115
GMEAN:0.583060340245779
SAMPLES:2246
AUC:{}
AVGP:{}
