

GENERAL_METRICS
ACC:0.882
PREC:0.5432237169905332
REC:0.6267811472415054
TNR:0.6267811472415054
FPR:0.4567762830094668
FPDR:0.4567762830094668
F1:0.5527524674418958
BACC:0.0
CLSFE:0.118
MCC:0.1480534015563565
GMEAN:0.5637963080276075
SAMPLES:2500.0
AUC:{'AUC macro OVO': 0.5432237169905332}
AVGP:{'avg_precision': 0.9004084895412641}


METRICS_PER_CLASSES
CLASS:0
ACC:0.882
PREC:0.1111111111111111
REC:0.35294117647058826
TNR:0.9006211180124224
FPR:0.8888888888888888
FPDR:0.8888888888888888
F1:0.16901408450704225
BACC:0
CLSFE:0.8888888888888888
MCC:0.1480534015563565
GMEAN:0.5637963080276075
SAMPLES:270
AUC:{}
AVGP:{}
CLASS:1
ACC:0.882
PREC:0.9753363228699552
REC:0.9006211180124224
TNR:0.35294117647058826
FPR:0.02466367713004484
FPDR:0.02466367713004484
F1:0.9364908503767492
BACC:0
CLSFE:0.02466367713004484
MCC:0.1480534015563565
GMEAN:0.5637963080276075
SAMPLES:2230
AUC:{}
AVGP:{}
