

GENERAL_METRICS
ACC:0.8884
PREC:0.5520110048473733
REC:0.6372752420470262
TNR:0.6372752420470262
FPR:0.44798899515262675
FPDR:0.44798899515262675
F1:0.5656843973287256
BACC:0.0
CLSFE:0.1116
MCC:0.1689949499781839
GMEAN:0.5769668387842651
SAMPLES:2500.0
AUC:{'AUC macro OVO': 0.5520110048473732}
AVGP:{'avg_precision': 0.9076328697243298}


METRICS_PER_CLASSES
CLASS:0
ACC:0.8884
PREC:0.12941176470588237
REC:0.36666666666666664
TNR:0.9078838174273859
FPR:0.8705882352941177
FPDR:0.8705882352941177
F1:0.19130434782608696
BACC:0
CLSFE:0.8705882352941177
MCC:0.1689949499781839
GMEAN:0.5769668387842651
SAMPLES:255
AUC:{}
AVGP:{}
CLASS:1
ACC:0.8884
PREC:0.9746102449888642
REC:0.9078838174273859
TNR:0.36666666666666664
FPR:0.025389755011135856
FPDR:0.025389755011135856
F1:0.9400644468313641
BACC:0
CLSFE:0.025389755011135856
MCC:0.1689949499781839
GMEAN:0.5769668387842651
SAMPLES:2245
AUC:{}
AVGP:{}
