

GENERAL_METRICS
ACC:0.9106666666666666
PREC:0.5463441024793939
REC:0.6263118982615412
TNR:0.6263118982615412
FPR:0.45365589752060603
FPDR:0.45365589752060603
F1:0.5602510725716999
BACC:0.0
CLSFE:0.08933333333333333
MCC:0.15302041115354054
GMEAN:0.5492350647376608
SAMPLES:3000.0
AUC:{'AUC macro OVO': 0.5463441024793939}
AVGP:{'avg_precision': 0.9271808320266063}


METRICS_PER_CLASSES
CLASS:0
ACC:0.9106666666666666
PREC:0.11297071129707113
REC:0.3253012048192771
TNR:0.9273225917038053
FPR:0.8870292887029289
FPDR:0.8870292887029289
F1:0.16770186335403728
BACC:0
CLSFE:0.8870292887029289
MCC:0.15302041115354054
GMEAN:0.5492350647376608
SAMPLES:239
AUC:{}
AVGP:{}
CLASS:1
ACC:0.9106666666666666
PREC:0.9797174936617168
REC:0.9273225917038053
TNR:0.3253012048192771
FPR:0.02028250633828323
FPDR:0.02028250633828323
F1:0.9528002817893625
BACC:0
CLSFE:0.02028250633828323
MCC:0.15302041115354054
GMEAN:0.5492350647376608
SAMPLES:2761
AUC:{}
AVGP:{}
