

GENERAL_METRICS
ACC:0.9063333333333333
PREC:0.5592949748205293
REC:0.6459408711796228
TNR:0.6459408711796228
FPR:0.4407050251794707
FPDR:0.4407050251794707
F1:0.5771025353279914
BACC:0.0
CLSFE:0.09366666666666666
MCC:0.18604902882715452
GMEAN:0.5827735665658685
SAMPLES:3000.0
AUC:{'AUC macro OVO': 0.5592949748205294}
AVGP:{'avg_precision': 0.9243194455428642}


METRICS_PER_CLASSES
CLASS:0
ACC:0.9063333333333333
PREC:0.1411764705882353
REC:0.3673469387755102
TNR:0.9245348035837354
FPR:0.8588235294117647
FPDR:0.8588235294117647
F1:0.20396600566572237
BACC:0
CLSFE:0.8588235294117647
MCC:0.18604902882715452
GMEAN:0.5827735665658685
SAMPLES:255
AUC:{}
AVGP:{}
CLASS:1
ACC:0.9063333333333333
PREC:0.9774134790528233
REC:0.9245348035837354
TNR:0.3673469387755102
FPR:0.022586520947176687
FPDR:0.022586520947176687
F1:0.9502390649902603
BACC:0
CLSFE:0.022586520947176687
MCC:0.18604902882715452
GMEAN:0.5827735665658685
SAMPLES:2745
AUC:{}
AVGP:{}
