

GENERAL_METRICS
ACC:0.9056666666666666
PREC:0.5482074526239067
REC:0.6336221693478699
TNR:0.6336221693478699
FPR:0.4517925473760933
FPDR:0.4517925473760933
F1:0.5624502989407586
BACC:0.0
CLSFE:0.09433333333333334
MCC:0.16051896334503377
GMEAN:0.5639811541510338
SAMPLES:3000.0
AUC:{'AUC macro OVO': 0.5482074526239067}
AVGP:{'avg_precision': 0.9222557630967644}


METRICS_PER_CLASSES
CLASS:0
ACC:0.9056666666666666
PREC:0.1171875
REC:0.3448275862068966
TNR:0.9224167524888431
FPR:0.8828125
FPDR:0.8828125
F1:0.1749271137026239
BACC:0
CLSFE:0.8828125
MCC:0.16051896334503377
GMEAN:0.5639811541510338
SAMPLES:256
AUC:{}
AVGP:{}
CLASS:1
ACC:0.9056666666666666
PREC:0.9792274052478134
REC:0.9224167524888431
TNR:0.3448275862068966
FPR:0.02077259475218659
FPDR:0.02077259475218659
F1:0.9499734841788934
BACC:0
CLSFE:0.02077259475218659
MCC:0.16051896334503377
GMEAN:0.5639811541510338
SAMPLES:2744
AUC:{}
AVGP:{}
