

GENERAL_METRICS
ACC:0.898
PREC:0.5517504350565675
REC:0.6259067357512953
TNR:0.6259067357512953
FPR:0.4482495649434325
FPDR:0.4482495649434325
F1:0.565880269967616
BACC:0.0
CLSFE:0.102
MCC:0.1614401232863976
GMEAN:0.5533173104615643
SAMPLES:3000.0
AUC:{'AUC macro OVO': 0.5517504350565675}
AVGP:{'avg_precision': 0.918254068911221}


METRICS_PER_CLASSES
CLASS:0
ACC:0.898
PREC:0.12915129151291513
REC:0.3333333333333333
TNR:0.9184801381692573
FPR:0.8708487084870848
FPDR:0.8708487084870848
F1:0.18617021276595744
BACC:0
CLSFE:0.8708487084870848
MCC:0.1614401232863976
GMEAN:0.5533173104615643
SAMPLES:271
AUC:{}
AVGP:{}
CLASS:1
ACC:0.898
PREC:0.9743495786002199
REC:0.9184801381692573
TNR:0.3333333333333333
FPR:0.02565042139978014
FPDR:0.02565042139978014
F1:0.9455903271692745
BACC:0
CLSFE:0.02565042139978014
MCC:0.1614401232863976
GMEAN:0.5533173104615643
SAMPLES:2729
AUC:{}
AVGP:{}
