

GENERAL_METRICS
ACC:0.806
PREC:0.8058823529411765
REC:0.8059362192622951
TNR:0.8059362192622951
FPR:0.19411764705882353
FPDR:0.19411764705882353
F1:0.8059060585323297
BACC:0.0
CLSFE:0.194
MCC:0.6118185698321963
GMEAN:0.8059318377190346
SAMPLES:500.0
AUC:{'AUC macro OVO': 0.8058823529411765}
AVGP:{'avg_precision': 0.7523878676470588}


METRICS_PER_CLASSES
CLASS:0
ACC:0.806
PREC:0.8
REC:0.8032786885245902
TNR:0.80859375
FPR:0.2
FPDR:0.2
F1:0.8016359918200409
BACC:0
CLSFE:0.2
MCC:0.6118185698321963
GMEAN:0.8059318377190346
SAMPLES:245
AUC:{}
AVGP:{}
CLASS:1
ACC:0.806
PREC:0.8117647058823529
REC:0.80859375
TNR:0.8032786885245902
FPR:0.18823529411764706
FPDR:0.18823529411764706
F1:0.8101761252446184
BACC:0
CLSFE:0.18823529411764706
MCC:0.6118185698321963
GMEAN:0.8059318377190346
SAMPLES:255
AUC:{}
AVGP:{}
