

GENERAL_METRICS
ACC:0.81
PREC:0.8088379101941359
REC:0.8102254428341384
TNR:0.8102254428341384
FPR:0.19116208980586416
FPDR:0.19116208980586416
F1:0.8092668216624705
BACC:0.0
CLSFE:0.19
MCC:0.6190617980587906
GMEAN:0.810220542131653
SAMPLES:500.0
AUC:{'AUC macro OVO': 0.8088379101941359}
AVGP:{'avg_precision': 0.7401469892668728}


METRICS_PER_CLASSES
CLASS:0
ACC:0.81
PREC:0.8352490421455939
REC:0.8074074074074075
TNR:0.8130434782608695
FPR:0.16475095785440613
FPDR:0.16475095785440613
F1:0.8210922787193974
BACC:0
CLSFE:0.16475095785440613
MCC:0.6190617980587906
GMEAN:0.810220542131653
SAMPLES:261
AUC:{}
AVGP:{}
CLASS:1
ACC:0.81
PREC:0.7824267782426778
REC:0.8130434782608695
TNR:0.8074074074074075
FPR:0.2175732217573222
FPDR:0.2175732217573222
F1:0.7974413646055437
BACC:0
CLSFE:0.2175732217573222
MCC:0.6190617980587906
GMEAN:0.810220542131653
SAMPLES:239
AUC:{}
AVGP:{}
