

GENERAL_METRICS
ACC:0.79
PREC:0.7892648287385129
REC:0.7891208350060217
TNR:0.7891208350060217
FPR:0.21073517126148705
FPDR:0.21073517126148705
F1:0.7891896449953621
BACC:0.0
CLSFE:0.21
MCC:0.5783856458203392
GMEAN:0.7889847838589662
SAMPLES:500.0
AUC:{'AUC macro OVO': 0.789264828738513}
AVGP:{'avg_precision': 0.7496232089658108}


METRICS_PER_CLASSES
CLASS:0
ACC:0.79
PREC:0.7777777777777778
REC:0.774468085106383
TNR:0.8037735849056604
FPR:0.2222222222222222
FPDR:0.2222222222222222
F1:0.7761194029850746
BACC:0
CLSFE:0.2222222222222222
MCC:0.5783856458203392
GMEAN:0.7889847838589662
SAMPLES:234
AUC:{}
AVGP:{}
CLASS:1
ACC:0.79
PREC:0.8007518796992481
REC:0.8037735849056604
TNR:0.774468085106383
FPR:0.19924812030075187
FPDR:0.19924812030075187
F1:0.8022598870056498
BACC:0
CLSFE:0.19924812030075187
MCC:0.5783856458203392
GMEAN:0.7889847838589662
SAMPLES:266
AUC:{}
AVGP:{}
