

GENERAL_METRICS
ACC:0.79
PREC:0.789423076923077
REC:0.7897434663329643
TNR:0.7897434663329643
FPR:0.21057692307692308
FPDR:0.21057692307692308
F1:0.7895546977404188
BACC:0.0
CLSFE:0.21
MCC:0.579166454637851
GMEAN:0.7897280574821375
SAMPLES:500.0
AUC:{'AUC macro OVO': 0.789423076923077}
AVGP:{'avg_precision': 0.7407978941210881}


METRICS_PER_CLASSES
CLASS:0
ACC:0.79
PREC:0.775
REC:0.7848101265822784
TNR:0.7946768060836502
FPR:0.225
FPDR:0.225
F1:0.779874213836478
BACC:0
CLSFE:0.225
MCC:0.579166454637851
GMEAN:0.7897280574821375
SAMPLES:240
AUC:{}
AVGP:{}
CLASS:1
ACC:0.79
PREC:0.8038461538461539
REC:0.7946768060836502
TNR:0.7848101265822784
FPR:0.19615384615384615
FPDR:0.19615384615384615
F1:0.7992351816443595
BACC:0
CLSFE:0.19615384615384615
MCC:0.579166454637851
GMEAN:0.7897280574821375
SAMPLES:260
AUC:{}
AVGP:{}
