

GENERAL_METRICS
ACC:0.9277142857142857
PREC:0.4998460591133005
REC:0.4639897113460989
TNR:0.4639897113460989
FPR:0.5001539408866995
FPDR:0.5001539408866995
F1:0.48125092633763156
BACC:0.0
CLSFE:0.07228571428571429
MCC:-0.004708908903636488
GMEAN:0.0
SAMPLES:3500.0
AUC:{'AUC macro OVO': 0.4998460591133005}
AVGP:{'avg_precision': 0.9279794290275759}


METRICS_PER_CLASSES
CLASS:0
ACC:0.9277142857142857
PREC:0.0
REC:0.0
TNR:0.9279794226921978
FPR:1.0
FPDR:1.0
F1:0.0
BACC:0
CLSFE:1.0
MCC:-0.004708908903636488
GMEAN:0
SAMPLES:252
AUC:{}
AVGP:{}
CLASS:1
ACC:0.9277142857142857
PREC:0.999692118226601
REC:0.9279794226921978
TNR:0.0
FPR:0.0003078817733990148
FPDR:0.0003078817733990148
F1:0.9625018526752631
BACC:0
CLSFE:0.0003078817733990148
MCC:-0.004708908903636488
GMEAN:0
SAMPLES:3248
AUC:{}
AVGP:{}
