

GENERAL_METRICS
ACC:0.936
PREC:0.5
REC:0.468
TNR:0.468
FPR:0.5
FPDR:0.5
F1:0.4834710743801653
BACC:0.0
CLSFE:0.064
MCC:0.0
GMEAN:0.0
SAMPLES:3500.0
AUC:{'AUC macro OVO': 0.5}
AVGP:{'avg_precision': 0.936}


METRICS_PER_CLASSES
CLASS:0
ACC:0.936
PREC:0.0
REC:0
TNR:0.936
FPR:1.0
FPDR:1.0
F1:0.0
BACC:0
CLSFE:1.0
MCC:0
GMEAN:0
SAMPLES:224
AUC:{}
AVGP:{}
CLASS:1
ACC:0.936
PREC:1.0
REC:0.936
TNR:0
FPR:0.0
FPDR:0.0
F1:0.9669421487603306
BACC:0
CLSFE:0.0
MCC:0
GMEAN:0
SAMPLES:3276
AUC:{}
AVGP:{}
