

GENERAL_METRICS
ACC:0.9297142857142857
PREC:0.5018788632877109
REC:0.7149799885648942
TNR:0.7149799885648942
FPR:0.4981211367122891
FPDR:0.4981211367122891
F1:0.48581543341996636
BACC:0.0
CLSFE:0.07028571428571428
MCC:0.04019542302835468
GMEAN:0.6818944115952954
SAMPLES:3500.0
AUC:{'AUC macro OVO': 0.5018788632877109}
AVGP:{'avg_precision': 0.9299599016253584}


METRICS_PER_CLASSES
CLASS:0
ACC:0.9297142857142857
PREC:0.0040650406504065045
REC:0.5
TNR:0.9299599771297884
FPR:0.9959349593495935
FPDR:0.9959349593495935
F1:0.008064516129032258
BACC:0
CLSFE:0.9959349593495935
MCC:0.04019542302835468
GMEAN:0.6818944115952954
SAMPLES:246
AUC:{}
AVGP:{}
CLASS:1
ACC:0.9297142857142857
PREC:0.9996926859250154
REC:0.9299599771297884
TNR:0.5
FPR:0.00030731407498463427
FPDR:0.00030731407498463427
F1:0.9635663507109005
BACC:0
CLSFE:0.00030731407498463427
MCC:0.04019542302835468
GMEAN:0.6818944115952954
SAMPLES:3254
AUC:{}
AVGP:{}
