

GENERAL_METRICS
ACC:0.9269333333333334
PREC:0.5178212851405622
REC:0.6378513313609467
TNR:0.6378513313609467
FPR:0.48217871485943775
FPDR:0.48217871485943775
F1:0.5181449495025287
BACC:0.0
CLSFE:0.07306666666666667
MCC:0.09912997292826349
GMEAN:0.5660024097215938
SAMPLES:3750.0
AUC:{'AUC macro OVO': 0.5178212851405622}
AVGP:{'avg_precision': 0.931938490054894}


METRICS_PER_CLASSES
CLASS:0
ACC:0.9269333333333334
PREC:0.041666666666666664
REC:0.34375
TNR:0.9319526627218935
FPR:0.9583333333333334
FPDR:0.9583333333333334
F1:0.07432432432432433
BACC:0
CLSFE:0.9583333333333334
MCC:0.09912997292826349
GMEAN:0.5660024097215938
SAMPLES:264
AUC:{}
AVGP:{}
CLASS:1
ACC:0.9269333333333334
PREC:0.9939759036144579
REC:0.9319526627218935
TNR:0.34375
FPR:0.006024096385542169
FPDR:0.006024096385542169
F1:0.961965574680733
BACC:0
CLSFE:0.006024096385542169
MCC:0.09912997292826349
GMEAN:0.5660024097215938
SAMPLES:3486
AUC:{}
AVGP:{}
