

GENERAL_METRICS
ACC:0.9314666666666667
PREC:0.5193748429880619
REC:0.6513440860215054
TNR:0.6513440860215054
FPR:0.4806251570119381
FPDR:0.4806251570119381
F1:0.5216312040896252
BACC:0.0
CLSFE:0.06853333333333333
MCC:0.10830083847945786
GMEAN:0.5858394705929769
SAMPLES:3750.0
AUC:{'AUC macro OVO': 0.5193748429880619}
AVGP:{'avg_precision': 0.9360083638161754}


METRICS_PER_CLASSES
CLASS:0
ACC:0.9314666666666667
PREC:0.04417670682730924
REC:0.36666666666666664
TNR:0.9360215053763441
FPR:0.9558232931726908
FPDR:0.9558232931726908
F1:0.07885304659498207
BACC:0
CLSFE:0.9558232931726908
MCC:0.10830083847945786
GMEAN:0.5858394705929769
SAMPLES:249
AUC:{}
AVGP:{}
CLASS:1
ACC:0.9314666666666667
PREC:0.9945729791488146
REC:0.9360215053763441
TNR:0.36666666666666664
FPR:0.005427020851185376
FPDR:0.005427020851185376
F1:0.9644093615842682
BACC:0
CLSFE:0.005427020851185376
MCC:0.10830083847945786
GMEAN:0.5858394705929769
SAMPLES:3501
AUC:{}
AVGP:{}
