

GENERAL_METRICS
ACC:0.9392
PREC:0.5199708208229373
REC:0.6196099537769898
TNR:0.6196099537769898
FPR:0.4800291791770626
FPDR:0.4800291791770626
F1:0.5246027792110741
BACC:0.0
CLSFE:0.0608
MCC:0.09774884051527331
GMEAN:0.5272297915395247
SAMPLES:3750.0
AUC:{'AUC macro OVO': 0.5199708208229374}
AVGP:{'avg_precision': 0.9450875392700758}


METRICS_PER_CLASSES
CLASS:0
ACC:0.9392
PREC:0.04672897196261682
REC:0.29411764705882354
TNR:0.9451022604951561
FPR:0.9532710280373832
FPDR:0.9532710280373832
F1:0.08064516129032258
BACC:0
CLSFE:0.9532710280373832
MCC:0.09774884051527331
GMEAN:0.5272297915395247
SAMPLES:214
AUC:{}
AVGP:{}
CLASS:1
ACC:0.9392
PREC:0.9932126696832579
REC:0.9451022604951561
TNR:0.29411764705882354
FPR:0.006787330316742082
FPDR:0.006787330316742082
F1:0.9685603971318257
BACC:0
CLSFE:0.006787330316742082
MCC:0.09774884051527331
GMEAN:0.5272297915395247
SAMPLES:3536
AUC:{}
AVGP:{}
