

GENERAL_METRICS
ACC:0.9306666666666666
PREC:0.5154988861146934
REC:0.647248322147651
TNR:0.647248322147651
FPR:0.48450111388530653
FPDR:0.48450111388530653
F1:0.5143735468562287
BACC:0.0
CLSFE:0.06933333333333333
MCC:0.09554443941007006
GMEAN:0.5800161997274806
SAMPLES:3750.0
AUC:{'AUC macro OVO': 0.5154988861146934}
AVGP:{'avg_precision': 0.9344876614599026}


METRICS_PER_CLASSES
CLASS:0
ACC:0.9306666666666666
PREC:0.03557312252964427
REC:0.36
TNR:0.934496644295302
FPR:0.9644268774703557
FPDR:0.9644268774703557
F1:0.06474820143884892
BACC:0
CLSFE:0.9644268774703557
MCC:0.09554443941007006
GMEAN:0.5800161997274806
SAMPLES:253
AUC:{}
AVGP:{}
CLASS:1
ACC:0.9306666666666666
PREC:0.9954246496997426
REC:0.934496644295302
TNR:0.36
FPR:0.004575350300257364
FPDR:0.004575350300257364
F1:0.9639988922736085
BACC:0
CLSFE:0.004575350300257364
MCC:0.09554443941007006
GMEAN:0.5800161997274806
SAMPLES:3497
AUC:{}
AVGP:{}
