

GENERAL_METRICS
ACC:0.8726666666666667
PREC:0.7405333140627258
REC:0.7671241121945347
TNR:0.7671241121945347
FPR:0.2594666859372742
FPDR:0.2594666859372742
F1:0.7525853321531122
BACC:0.0
CLSFE:0.12733333333333333
MCC:0.5069605427337115
GMEAN:0.7528286212333561
SAMPLES:1500.0
AUC:{'AUC macro OVO': 0.7405333140627258}
AVGP:{'avg_precision': 0.9096452379981791}


METRICS_PER_CLASSES
CLASS:0
ACC:0.8726666666666667
PREC:0.5454545454545454
REC:0.6197183098591549
TNR:0.9145299145299145
FPR:0.45454545454545453
FPDR:0.45454545454545453
F1:0.5802197802197803
BACC:0
CLSFE:0.45454545454545453
MCC:0.5069605427337115
GMEAN:0.7528286212333561
SAMPLES:242
AUC:{}
AVGP:{}
CLASS:1
ACC:0.8726666666666667
PREC:0.9356120826709062
REC:0.9145299145299145
TNR:0.6197183098591549
FPR:0.0643879173290938
FPDR:0.0643879173290938
F1:0.924950884086444
BACC:0
CLSFE:0.0643879173290938
MCC:0.5069605427337115
GMEAN:0.7528286212333561
SAMPLES:1258
AUC:{}
AVGP:{}
