

GENERAL_METRICS
ACC:0.872
PREC:0.7303286328512584
REC:0.7618566529049606
TNR:0.7618566529049606
FPR:0.2696713671487417
FPDR:0.2696713671487417
F1:0.7443181818181819
BACC:0.0
CLSFE:0.128
MCC:0.4911744491180544
GMEAN:0.7467387471083821
SAMPLES:1500.0
AUC:{'AUC macro OVO': 0.7303286328512584}
AVGP:{'avg_precision': 0.9084426183573641}


METRICS_PER_CLASSES
CLASS:0
ACC:0.872
PREC:0.5232067510548524
REC:0.6108374384236454
TNR:0.912875867386276
FPR:0.4767932489451477
FPDR:0.4767932489451477
F1:0.5636363636363636
BACC:0
CLSFE:0.4767932489451477
MCC:0.4911744491180544
GMEAN:0.7467387471083821
SAMPLES:237
AUC:{}
AVGP:{}
CLASS:1
ACC:0.872
PREC:0.9374505146476643
REC:0.912875867386276
TNR:0.6108374384236454
FPR:0.0625494853523357
FPDR:0.0625494853523357
F1:0.925
BACC:0
CLSFE:0.0625494853523357
MCC:0.4911744491180544
GMEAN:0.7467387471083821
SAMPLES:1263
AUC:{}
AVGP:{}
