

GENERAL_METRICS
ACC:0.8593333333333333
PREC:0.7333917786869277
REC:0.7565606983574459
TNR:0.7565606983574459
FPR:0.26660822131307227
FPDR:0.26660822131307227
F1:0.7439218868709196
BACC:0.0
CLSFE:0.14066666666666666
MCC:0.4894043634084381
GMEAN:0.7417830086897751
SAMPLES:1500.0
AUC:{'AUC macro OVO': 0.7333917786869277}
AVGP:{'avg_precision': 0.8995338715714056}


METRICS_PER_CLASSES
CLASS:0
ACC:0.8593333333333333
PREC:0.5402298850574713
REC:0.6077586206896551
TNR:0.9053627760252366
FPR:0.45977011494252873
FPDR:0.45977011494252873
F1:0.5720081135902637
BACC:0
CLSFE:0.45977011494252873
MCC:0.4894043634084381
GMEAN:0.7417830086897751
SAMPLES:261
AUC:{}
AVGP:{}
CLASS:1
ACC:0.8593333333333333
PREC:0.9265536723163842
REC:0.9053627760252366
TNR:0.6077586206896551
FPR:0.07344632768361582
FPDR:0.07344632768361582
F1:0.9158356601515756
BACC:0
CLSFE:0.07344632768361582
MCC:0.4894043634084381
GMEAN:0.7417830086897751
SAMPLES:1239
AUC:{}
AVGP:{}
