

GENERAL_METRICS
ACC:0.8646666666666667
PREC:0.713237311617792
REC:0.7421153846153845
TNR:0.7421153846153845
FPR:0.286762688382208
FPDR:0.286762688382208
F1:0.7260485951106197
BACC:0.0
CLSFE:0.13533333333333333
MCC:0.454436062462883
GMEAN:0.7230544186350653
SAMPLES:1500.0
AUC:{'AUC macro OVO': 0.713237311617792}
AVGP:{'avg_precision': 0.9048993179932406}


METRICS_PER_CLASSES
CLASS:0
ACC:0.8646666666666667
PREC:0.49356223175965663
REC:0.575
TNR:0.9092307692307692
FPR:0.5064377682403434
FPDR:0.5064377682403434
F1:0.5311778290993071
BACC:0
CLSFE:0.5064377682403434
MCC:0.454436062462883
GMEAN:0.7230544186350653
SAMPLES:233
AUC:{}
AVGP:{}
CLASS:1
ACC:0.8646666666666667
PREC:0.9329123914759274
REC:0.9092307692307692
TNR:0.575
FPR:0.06708760852407261
FPDR:0.06708760852407261
F1:0.9209193611219322
BACC:0
CLSFE:0.06708760852407261
MCC:0.454436062462883
GMEAN:0.7230544186350653
SAMPLES:1267
AUC:{}
AVGP:{}
