

GENERAL_METRICS
ACC:0.473
PREC:0.473
REC:0.47296875187717
TNR:0.47296875187717
FPR:0.527
FPDR:0.527
F1:0.47284765297170883
BACC:0.0
CLSFE:0.527
MCC:-0.05403123908689897
GMEAN:0.4729678589254099
SAMPLES:1000.0
AUC:0.473
AVGP:0.4872546583850932


METRICS_PER_CLASSES

======>> CLASS:0
ACC:0.473
PREC:0.49
REC:0.4738878143133462
TNR:0.4720496894409938
FPR:0.51
FPDR:0.51
F1:0.48180924287118976
BACC:0
CLSFE:0.51
MCC:-0.05403123908689897
GMEAN:0.4729678589254099
SAMPLES:500
AUC:0.473
AVGP:0.4872546583850932

======>> CLASS:1
ACC:0.473
PREC:0.456
REC:0.4720496894409938
TNR:0.4738878143133462
FPR:0.544
FPDR:0.544
F1:0.46388606307222785
BACC:0
CLSFE:0.544
MCC:-0.05403123908689897
GMEAN:0.4729678589254099
SAMPLES:500
AUC:{}
AVGP:{}
