

GENERAL_METRICS
ACC:0.501
PREC:0.501
REC:0.5010067695182406
TNR:0.5010067695182406
FPR:0.499
FPDR:0.499
F1:0.5001597685709678
BACC:0.0
CLSFE:0.499
MCC:0.002006758100260866
GMEAN:0.5010067627165914
SAMPLES:1000.0
AUC:0.501
AVGP:0.5005010893246188


METRICS_PER_CLASSES

======>> CLASS:0
ACC:0.501
PREC:0.542
REC:0.5009242144177449
TNR:0.5010893246187363
FPR:0.458
FPDR:0.458
F1:0.5206532180595581
BACC:0
CLSFE:0.458
MCC:0.002006758100260866
GMEAN:0.5010067627165914
SAMPLES:500
AUC:0.501
AVGP:0.5005010893246188

======>> CLASS:1
ACC:0.501
PREC:0.46
REC:0.5010893246187363
TNR:0.5009242144177449
FPR:0.54
FPDR:0.54
F1:0.4796663190823775
BACC:0
CLSFE:0.54
MCC:0.002006758100260866
GMEAN:0.5010067627165914
SAMPLES:500
AUC:{}
AVGP:{}
