

GENERAL_METRICS
ACC:0.448
PREC:0.448
REC:0.4479166666666667
TNR:0.4479166666666667
FPR:0.552
FPDR:0.552
F1:0.4477791116446579
BACC:0.0
CLSFE:0.552
MCC:-0.10408329997330663
GMEAN:0.44791182167922294
SAMPLES:1000.0
AUC:0.44799999999999995
AVGP:0.47681666666666667


METRICS_PER_CLASSES

======>> CLASS:0
ACC:0.448
PREC:0.468
REC:0.45
TNR:0.44583333333333336
FPR:0.532
FPDR:0.532
F1:0.4588235294117647
BACC:0
CLSFE:0.532
MCC:-0.10408329997330663
GMEAN:0.44791182167922294
SAMPLES:500
AUC:0.44799999999999995
AVGP:0.47681666666666667

======>> CLASS:1
ACC:0.448
PREC:0.428
REC:0.44583333333333336
TNR:0.45
FPR:0.572
FPDR:0.572
F1:0.43673469387755104
BACC:0
CLSFE:0.572
MCC:-0.10408329997330663
GMEAN:0.44791182167922294
SAMPLES:500
AUC:{}
AVGP:{}
