

GENERAL_METRICS
ACC:0.9312
PREC:0.6015930529509881
REC:0.6918180524171308
TNR:0.6918180524171308
FPR:0.3984069470490119
FPDR:0.3984069470490119
F1:0.629458561403025
BACC:0.0
CLSFE:0.0688
MCC:0.2791944236991059
GMEAN:0.6425768475994943
SAMPLES:3750.0
AUC:{'AUC macro OVO': 0.6015930529509881}
AVGP:{'avg_precision': 0.9478991011116764}


METRICS_PER_CLASSES
CLASS:0
ACC:0.9312
PREC:0.2231404958677686
REC:0.43548387096774194
TNR:0.9481522338665196
FPR:0.7768595041322314
FPDR:0.7768595041322314
F1:0.29508196721311475
BACC:0
CLSFE:0.7768595041322314
MCC:0.2791944236991059
GMEAN:0.6425768475994943
SAMPLES:242
AUC:{}
AVGP:{}
CLASS:1
ACC:0.9312
PREC:0.9800456100342075
REC:0.9481522338665196
TNR:0.43548387096774194
FPR:0.019954389965792473
FPDR:0.019954389965792473
F1:0.9638351555929352
BACC:0
CLSFE:0.019954389965792473
MCC:0.2791944236991059
GMEAN:0.6425768475994943
SAMPLES:3508
AUC:{}
AVGP:{}
