

GENERAL_METRICS
ACC:0.9248
PREC:0.5731192707100091
REC:0.6932740237387397
TNR:0.6932740237387397
FPR:0.4268807292899909
FPDR:0.4268807292899909
F1:0.5991433228459877
BACC:0.0
CLSFE:0.0752
MCC:0.23775664586266052
GMEAN:0.6488059051307866
SAMPLES:3750.0
AUC:{'AUC macro OVO': 0.5731192707100091}
AVGP:{'avg_precision': 0.9374116136037693}


METRICS_PER_CLASSES
CLASS:0
ACC:0.9248
PREC:0.16176470588235295
REC:0.4489795918367347
TNR:0.9375684556407448
FPR:0.8382352941176471
FPDR:0.8382352941176471
F1:0.23783783783783785
BACC:0
CLSFE:0.8382352941176471
MCC:0.23775664586266052
GMEAN:0.6488059051307866
SAMPLES:272
AUC:{}
AVGP:{}
CLASS:1
ACC:0.9248
PREC:0.9844738355376653
REC:0.9375684556407448
TNR:0.4489795918367347
FPR:0.015526164462334674
FPDR:0.015526164462334674
F1:0.9604488078541374
BACC:0
CLSFE:0.015526164462334674
MCC:0.23775664586266052
GMEAN:0.6488059051307866
SAMPLES:3478
AUC:{}
AVGP:{}
