

GENERAL_METRICS
ACC:0.9301333333333334
PREC:0.5864790356583002
REC:0.7025190936326428
TNR:0.7025190936326428
FPR:0.4135209643416998
FPDR:0.4135209643416998
F1:0.6157360112263751
BACC:0.0
CLSFE:0.06986666666666666
MCC:0.26467834002610746
GMEAN:0.6598950006432226
SAMPLES:3750.0
AUC:{'AUC macro OVO': 0.5864790356583002}
AVGP:{'avg_precision': 0.9433197911423362}


METRICS_PER_CLASSES
CLASS:0
ACC:0.9301333333333334
PREC:0.1889763779527559
REC:0.46153846153846156
TNR:0.943499725726824
FPR:0.8110236220472441
FPDR:0.8110236220472441
F1:0.2681564245810056
BACC:0
CLSFE:0.8110236220472441
MCC:0.26467834002610746
GMEAN:0.6598950006432226
SAMPLES:254
AUC:{}
AVGP:{}
CLASS:1
ACC:0.9301333333333334
PREC:0.9839816933638444
REC:0.943499725726824
TNR:0.46153846153846156
FPR:0.016018306636155607
FPDR:0.016018306636155607
F1:0.9633155978717446
BACC:0
CLSFE:0.016018306636155607
MCC:0.26467834002610746
GMEAN:0.6598950006432226
SAMPLES:3496
AUC:{}
AVGP:{}
