

GENERAL_METRICS
ACC:0.9314666666666667
PREC:0.5820350125779694
REC:0.690417013748511
TNR:0.690417013748511
FPR:0.41796498742203064
FPDR:0.41796498742203064
F1:0.6095767629811928
BACC:0.0
CLSFE:0.06853333333333333
MCC:0.2499668947514328
GMEAN:0.6416900672117929
SAMPLES:3750.0
AUC:{'AUC macro OVO': 0.5820350125779694}
AVGP:{'avg_precision': 0.9450237043274051}


METRICS_PER_CLASSES
CLASS:0
ACC:0.9314666666666667
PREC:0.18032786885245902
REC:0.43564356435643564
TNR:0.9451904631405864
FPR:0.819672131147541
FPDR:0.819672131147541
F1:0.25507246376811593
BACC:0
CLSFE:0.819672131147541
MCC:0.2499668947514328
GMEAN:0.6416900672117929
SAMPLES:244
AUC:{}
AVGP:{}
CLASS:1
ACC:0.9314666666666667
PREC:0.9837421563034797
REC:0.9451904631405864
TNR:0.43564356435643564
FPR:0.016257843696520252
FPDR:0.016257843696520252
F1:0.9640810621942697
BACC:0
CLSFE:0.016257843696520252
MCC:0.2499668947514328
GMEAN:0.6416900672117929
SAMPLES:3506
AUC:{}
AVGP:{}
