

GENERAL_METRICS
ACC:0.935
PREC:0.5052568893787819
REC:0.6822296161139136
TNR:0.6822296161139136
FPR:0.4947431106212181
FPDR:0.4947431106212181
F1:0.49446929970387565
BACC:0.0
CLSFE:0.065
MCC:0.061901887966321005
GMEAN:0.6333204346897385
SAMPLES:4000.0
AUC:{'AUC macro OVO': 0.5052568893787819}
AVGP:{'avg_precision': 0.935887121695793}


METRICS_PER_CLASSES
CLASS:0
ACC:0.935
PREC:0.011583011583011582
REC:0.42857142857142855
TNR:0.9358878036563987
FPR:0.9884169884169884
FPDR:0.9884169884169884
F1:0.022556390977443608
BACC:0
CLSFE:0.9884169884169884
MCC:0.061901887966321005
GMEAN:0.6333204346897385
SAMPLES:259
AUC:{}
AVGP:{}
CLASS:1
ACC:0.935
PREC:0.9989307671745522
REC:0.9358878036563987
TNR:0.42857142857142855
FPR:0.0010692328254477412
FPDR:0.0010692328254477412
F1:0.9663822084303078
BACC:0
CLSFE:0.0010692328254477412
MCC:0.061901887966321005
GMEAN:0.6333204346897385
SAMPLES:3741
AUC:{}
AVGP:{}
