

GENERAL_METRICS
ACC:0.93425
PREC:0.5054141522289274
REC:0.767334167709637
TNR:0.767334167709637
FPR:0.4945858477710726
FPDR:0.4945858477710726
F1:0.4941429738526735
BACC:0.0
CLSFE:0.06575
MCC:0.0760891025041978
GMEAN:0.748866477585667
SAMPLES:4000.0
AUC:{'AUC macro OVO': 0.5054141522289274}
AVGP:{'avg_precision': 0.9346679776380005}


METRICS_PER_CLASSES
CLASS:0
ACC:0.93425
PREC:0.011363636363636364
REC:0.6
TNR:0.9346683354192741
FPR:0.9886363636363636
FPDR:0.9886363636363636
F1:0.022304832713754646
BACC:0
CLSFE:0.9886363636363636
MCC:0.0760891025041978
GMEAN:0.748866477585667
SAMPLES:264
AUC:{}
AVGP:{}
CLASS:1
ACC:0.93425
PREC:0.9994646680942184
REC:0.9346683354192741
TNR:0.6
FPR:0.0005353319057815846
FPDR:0.0005353319057815846
F1:0.9659811149915923
BACC:0
CLSFE:0.0005353319057815846
MCC:0.0760891025041978
GMEAN:0.748866477585667
SAMPLES:3736
AUC:{}
AVGP:{}
