

GENERAL_METRICS
ACC:0.94
PREC:0.5094855415431848
REC:0.6632131349964308
TNR:0.6632131349964308
FPR:0.49051445845681524
FPDR:0.49051445845681524
F1:0.5045161290322581
BACC:0.0
CLSFE:0.06
MCC:0.07869345518915953
GMEAN:0.6018595815590329
SAMPLES:4000.0
AUC:{'AUC macro OVO': 0.5094855415431848}
AVGP:{'avg_precision': 0.9418086299740701}


METRICS_PER_CLASSES
CLASS:0
ACC:0.94
PREC:0.02109704641350211
REC:0.38461538461538464
TNR:0.9418108853774768
FPR:0.9789029535864979
FPDR:0.9789029535864979
F1:0.04
BACC:0
CLSFE:0.9789029535864979
MCC:0.07869345518915953
GMEAN:0.6018595815590329
SAMPLES:237
AUC:{}
AVGP:{}
CLASS:1
ACC:0.94
PREC:0.9978740366728674
REC:0.9418108853774768
TNR:0.38461538461538464
FPR:0.002125963327132607
FPDR:0.002125963327132607
F1:0.9690322580645161
BACC:0
CLSFE:0.002125963327132607
MCC:0.07869345518915953
GMEAN:0.6018595815590329
SAMPLES:3763
AUC:{}
AVGP:{}
