

GENERAL_METRICS
ACC:0.9395
PREC:0.4994683678894205
REC:0.4702202202202202
TNR:0.4702202202202202
FPR:0.5005316321105795
FPDR:0.5005316321105795
F1:0.48440319670018045
BACC:0.0
CLSFE:0.0605
MCC:-0.007957860812282763
GMEAN:0.0
SAMPLES:4000.0
AUC:{'AUC macro OVO': 0.4994683678894205}
AVGP:{'avg_precision': 0.940440503767989}


METRICS_PER_CLASSES
CLASS:0
ACC:0.9395
PREC:0.0
REC:0.0
TNR:0.9404404404404404
FPR:1.0
FPDR:1.0
F1:0.0
BACC:0
CLSFE:1.0
MCC:-0.007957860812282763
GMEAN:0
SAMPLES:238
AUC:{}
AVGP:{}
CLASS:1
ACC:0.9395
PREC:0.998936735778841
REC:0.9404404404404404
TNR:0.0
FPR:0.001063264221158958
FPDR:0.001063264221158958
F1:0.9688063934003609
BACC:0
CLSFE:0.001063264221158958
MCC:-0.007957860812282763
GMEAN:0
SAMPLES:3762
AUC:{}
AVGP:{}
