

GENERAL_METRICS
ACC:0.8737777777777778
PREC:0.6419281778275894
REC:0.6763178759282178
TNR:0.6763178759282178
FPR:0.35807182217241057
FPDR:0.35807182217241057
F1:0.6561558329746018
BACC:0.0
CLSFE:0.12622222222222224
MCC:0.31638252068610206
GMEAN:0.632045682723571
SAMPLES:2250.0
AUC:{'AUC macro OVO': 0.6419281778275894}
AVGP:{'avg_precision': 0.9151803856049198}


METRICS_PER_CLASSES
CLASS:0
ACC:0.8737777777777778
PREC:0.34108527131782945
REC:0.43564356435643564
TNR:0.9169921875
FPR:0.6589147286821705
FPDR:0.6589147286821705
F1:0.3826086956521739
BACC:0
CLSFE:0.6589147286821705
MCC:0.31638252068610206
GMEAN:0.632045682723571
SAMPLES:258
AUC:{}
AVGP:{}
CLASS:1
ACC:0.8737777777777778
PREC:0.9427710843373494
REC:0.9169921875
TNR:0.43564356435643564
FPR:0.0572289156626506
FPDR:0.0572289156626506
F1:0.9297029702970298
BACC:0
CLSFE:0.0572289156626506
MCC:0.31638252068610206
GMEAN:0.632045682723571
SAMPLES:1992
AUC:{}
AVGP:{}
