

GENERAL_METRICS
ACC:0.8857777777777778
PREC:0.6520419273284246
REC:0.6931498499624906
TNR:0.6931498499624906
FPR:0.3479580726715754
FPDR:0.3479580726715754
F1:0.66890147435468
BACC:0.0
CLSFE:0.11422222222222222
MCC:0.342735323253925
GMEAN:0.6536018210667655
SAMPLES:2250.0
AUC:{'AUC macro OVO': 0.6520419273284246}
AVGP:{'avg_precision': 0.9223429720783459}


METRICS_PER_CLASSES
CLASS:0
ACC:0.8857777777777778
PREC:0.35390946502057613
REC:0.46236559139784944
TNR:0.9239341085271318
FPR:0.6460905349794238
FPDR:0.6460905349794238
F1:0.40093240093240096
BACC:0
CLSFE:0.6460905349794238
MCC:0.342735323253925
GMEAN:0.6536018210667655
SAMPLES:243
AUC:{}
AVGP:{}
CLASS:1
ACC:0.8857777777777778
PREC:0.9501743896362731
REC:0.9239341085271318
TNR:0.46236559139784944
FPR:0.04982561036372696
FPDR:0.04982561036372696
F1:0.936870547776959
BACC:0
CLSFE:0.04982561036372696
MCC:0.342735323253925
GMEAN:0.6536018210667655
SAMPLES:2007
AUC:{}
AVGP:{}
