

GENERAL_METRICS
ACC:0.8733333333333333
PREC:0.6327141382868937
REC:0.6692682217497693
TNR:0.6692682217497693
FPR:0.3672858617131063
FPDR:0.3672858617131063
F1:0.6474515627310807
BACC:0.0
CLSFE:0.12666666666666668
MCC:0.29976181337105284
GMEAN:0.6221851853828924
SAMPLES:2250.0
AUC:{'AUC macro OVO': 0.6327141382868937}
AVGP:{'avg_precision': 0.9142173299656403}


METRICS_PER_CLASSES
CLASS:0
ACC:0.8733333333333333
PREC:0.3215686274509804
REC:0.422680412371134
TNR:0.9158560311284046
FPR:0.6784313725490196
FPDR:0.6784313725490196
F1:0.36525612472160357
BACC:0
CLSFE:0.6784313725490196
MCC:0.29976181337105284
GMEAN:0.6221851853828924
SAMPLES:255
AUC:{}
AVGP:{}
CLASS:1
ACC:0.8733333333333333
PREC:0.9438596491228071
REC:0.9158560311284046
TNR:0.422680412371134
FPR:0.056140350877192984
FPDR:0.056140350877192984
F1:0.9296470007405578
BACC:0
CLSFE:0.056140350877192984
MCC:0.29976181337105284
GMEAN:0.6221851853828924
SAMPLES:1995
AUC:{}
AVGP:{}
