

GENERAL_METRICS
ACC:0.884
PREC:0.6361571024631025
REC:0.6854720431035202
TNR:0.6854720431035202
FPR:0.36384289753689747
FPDR:0.36384289753689747
F1:0.655088566912818
BACC:0.0
CLSFE:0.116
MCC:0.3178259648102211
GMEAN:0.6440748559264523
SAMPLES:2250.0
AUC:{'AUC macro OVO': 0.6361571024631025}
AVGP:{'avg_precision': 0.9187263161033136}


METRICS_PER_CLASSES
CLASS:0
ACC:0.884
PREC:0.319672131147541
REC:0.4508670520231214
TNR:0.9200770341839191
FPR:0.680327868852459
FPDR:0.680327868852459
F1:0.37410071942446044
BACC:0
CLSFE:0.680327868852459
MCC:0.3178259648102211
GMEAN:0.6440748559264523
SAMPLES:244
AUC:{}
AVGP:{}
CLASS:1
ACC:0.884
PREC:0.9526420737786641
REC:0.9200770341839191
TNR:0.4508670520231214
FPR:0.04735792622133599
FPDR:0.04735792622133599
F1:0.9360764144011756
BACC:0
CLSFE:0.04735792622133599
MCC:0.3178259648102211
GMEAN:0.6440748559264523
SAMPLES:2006
AUC:{}
AVGP:{}
