

GENERAL_METRICS
ACC:0.842
PREC:0.6480858491449211
REC:0.7365691515022867
TNR:0.7365691515022867
FPR:0.351914150855079
FPDR:0.351914150855079
F1:0.6738744540493234
BACC:0.0
CLSFE:0.158
MCC:0.374339651555694
GMEAN:0.7245218957241294
SAMPLES:1500.0
AUC:{'AUC macro OVO': 0.6480858491449211}
AVGP:{'avg_precision': 0.8668351256081039}


METRICS_PER_CLASSES
CLASS:0
ACC:0.842
PREC:0.34572490706319703
REC:0.6038961038961039
TNR:0.8692421991084696
FPR:0.654275092936803
FPDR:0.654275092936803
F1:0.4397163120567376
BACC:0
CLSFE:0.654275092936803
MCC:0.374339651555694
GMEAN:0.7245218957241294
SAMPLES:269
AUC:{}
AVGP:{}
CLASS:1
ACC:0.842
PREC:0.950446791226645
REC:0.8692421991084696
TNR:0.6038961038961039
FPR:0.04955320877335499
FPDR:0.04955320877335499
F1:0.9080325960419092
BACC:0
CLSFE:0.04955320877335499
MCC:0.374339651555694
GMEAN:0.7245218957241294
SAMPLES:1231
AUC:{}
AVGP:{}
