

GENERAL_METRICS
ACC:0.8446666666666667
PREC:0.6608947851157141
REC:0.7250192630989072
TNR:0.7250192630989072
FPR:0.33910521488428585
FPDR:0.33910521488428585
F1:0.6831251206980495
BACC:0.0
CLSFE:0.15533333333333332
MCC:0.38054921354902327
GMEAN:0.7082018101266258
SAMPLES:1500.0
AUC:{'AUC macro OVO': 0.6608947851157141}
AVGP:{'avg_precision': 0.8771988985709531}


METRICS_PER_CLASSES
CLASS:0
ACC:0.8446666666666667
PREC:0.38132295719844356
REC:0.5697674418604651
TNR:0.8802710843373494
FPR:0.6186770428015564
FPDR:0.6186770428015564
F1:0.4568764568764569
BACC:0
CLSFE:0.6186770428015564
MCC:0.38054921354902327
GMEAN:0.7082018101266258
SAMPLES:257
AUC:{}
AVGP:{}
CLASS:1
ACC:0.8446666666666667
PREC:0.9404666130329847
REC:0.8802710843373494
TNR:0.5697674418604651
FPR:0.05953338696701529
FPDR:0.05953338696701529
F1:0.9093737845196421
BACC:0
CLSFE:0.05953338696701529
MCC:0.38054921354902327
GMEAN:0.7082018101266258
SAMPLES:1243
AUC:{}
AVGP:{}
