

GENERAL_METRICS
ACC:0.852
PREC:0.670048124665801
REC:0.755367524583469
TNR:0.755367524583469
FPR:0.32995187533419906
FPDR:0.32995187533419906
F1:0.697497129402189
BACC:0.0
CLSFE:0.148
MCC:0.4167722095148223
GMEAN:0.7452089116797292
SAMPLES:1500.0
AUC:{'AUC macro OVO': 0.670048124665801}
AVGP:{'avg_precision': 0.8761368584570568}


METRICS_PER_CLASSES
CLASS:0
ACC:0.852
PREC:0.3886792452830189
REC:0.6319018404907976
TNR:0.8788332086761406
FPR:0.6113207547169811
FPDR:0.6113207547169811
F1:0.48130841121495327
BACC:0
CLSFE:0.6113207547169811
MCC:0.4167722095148223
GMEAN:0.7452089116797292
SAMPLES:265
AUC:{}
AVGP:{}
CLASS:1
ACC:0.852
PREC:0.951417004048583
REC:0.8788332086761406
TNR:0.6319018404907976
FPR:0.048582995951417005
FPDR:0.048582995951417005
F1:0.9136858475894246
BACC:0
CLSFE:0.048582995951417005
MCC:0.4167722095148223
GMEAN:0.7452089116797292
SAMPLES:1235
AUC:{}
AVGP:{}
