

GENERAL_METRICS
ACC:0.846
PREC:0.6431680350166445
REC:0.741536849965774
TNR:0.741536849965774
FPR:0.3568319649833554
FPDR:0.3568319649833554
F1:0.6703061442945836
BACC:0.0
CLSFE:0.154
MCC:0.3719158840044881
GMEAN:0.7302546102030376
SAMPLES:1500.0
AUC:{'AUC macro OVO': 0.6431680350166447}
AVGP:{'avg_precision': 0.8683643341909517}


METRICS_PER_CLASSES
CLASS:0
ACC:0.846
PREC:0.33079847908745247
REC:0.6126760563380281
TNR:0.8703976435935199
FPR:0.6692015209125475
FPDR:0.6692015209125475
F1:0.42962962962962964
BACC:0
CLSFE:0.6692015209125475
MCC:0.3719158840044881
GMEAN:0.7302546102030376
SAMPLES:263
AUC:{}
AVGP:{}
CLASS:1
ACC:0.846
PREC:0.9555375909458367
REC:0.8703976435935199
TNR:0.6126760563380281
FPR:0.0444624090541633
FPDR:0.0444624090541633
F1:0.9109826589595376
BACC:0
CLSFE:0.0444624090541633
MCC:0.3719158840044881
GMEAN:0.7302546102030376
SAMPLES:1237
AUC:{}
AVGP:{}
