

GENERAL_METRICS
ACC:0.793
PREC:0.7098684210526316
REC:0.7154932193943897
TNR:0.7154932193943897
FPR:0.2901315789473684
FPDR:0.2901315789473684
F1:0.7125634755658126
BACC:0.0
CLSFE:0.207
MCC:0.4253244488709714
GMEAN:0.7008394425300514
SAMPLES:1000.0
AUC:{'AUC macro OVO': 0.7098684210526316}
AVGP:{'avg_precision': 0.846589145164602}


METRICS_PER_CLASSES
CLASS:0
ACC:0.793
PREC:0.55
REC:0.5714285714285714
TNR:0.8595578673602081
FPR:0.45
FPDR:0.45
F1:0.5605095541401274
BACC:0
CLSFE:0.45
MCC:0.4253244488709714
GMEAN:0.7008394425300514
SAMPLES:240
AUC:{}
AVGP:{}
CLASS:1
ACC:0.793
PREC:0.8697368421052631
REC:0.8595578673602081
TNR:0.5714285714285714
FPR:0.13026315789473683
FPDR:0.13026315789473683
F1:0.8646173969914978
BACC:0
CLSFE:0.13026315789473683
MCC:0.4253244488709714
GMEAN:0.7008394425300514
SAMPLES:760
AUC:{}
AVGP:{}
