

GENERAL_METRICS
ACC:0.797
PREC:0.7177458185839538
REC:0.7309626436781609
TNR:0.7309626436781609
FPR:0.28225418141604625
FPDR:0.28225418141604625
F1:0.723724949814569
BACC:0.0
CLSFE:0.203
MCC:0.4485137675033629
GMEAN:0.7205047919149558
SAMPLES:1000.0
AUC:{'AUC macro OVO': 0.7177458185839538}
AVGP:{'avg_precision': 0.8411115573404729}


METRICS_PER_CLASSES
CLASS:0
ACC:0.797
PREC:0.5573122529644269
REC:0.6077586206896551
TNR:0.8541666666666666
FPR:0.4426877470355731
FPDR:0.4426877470355731
F1:0.5814432989690722
BACC:0
CLSFE:0.4426877470355731
MCC:0.4485137675033629
GMEAN:0.7205047919149558
SAMPLES:253
AUC:{}
AVGP:{}
CLASS:1
ACC:0.797
PREC:0.8781793842034806
REC:0.8541666666666666
TNR:0.6077586206896551
FPR:0.12182061579651941
FPDR:0.12182061579651941
F1:0.866006600660066
BACC:0
CLSFE:0.12182061579651941
MCC:0.4485137675033629
GMEAN:0.7205047919149558
SAMPLES:747
AUC:{}
AVGP:{}
