

GENERAL_METRICS
ACC:0.8748571428571429
PREC:0.7385743739530088
REC:0.7426754705749028
TNR:0.7426754705749028
FPR:0.2614256260469911
FPDR:0.2614256260469911
F1:0.7405949158634078
BACC:0.0
CLSFE:0.12514285714285714
MCC:0.4812323699260443
GMEAN:0.7197750610531701
SAMPLES:1750.0
AUC:{'AUC macro OVO': 0.7385743739530088}
AVGP:{'avg_precision': 0.9208790902741741}


METRICS_PER_CLASSES
CLASS:0
ACC:0.8748571428571429
PREC:0.5483870967741935
REC:0.5596707818930041
TNR:0.9256801592568016
FPR:0.45161290322580644
FPDR:0.45161290322580644
F1:0.5539714867617108
BACC:0
CLSFE:0.45161290322580644
MCC:0.4812323699260443
GMEAN:0.7197750610531701
SAMPLES:248
AUC:{}
AVGP:{}
CLASS:1
ACC:0.8748571428571429
PREC:0.9287616511318242
REC:0.9256801592568016
TNR:0.5596707818930041
FPR:0.07123834886817576
FPDR:0.07123834886817576
F1:0.9272183449651047
BACC:0
CLSFE:0.07123834886817576
MCC:0.4812323699260443
GMEAN:0.7197750610531701
SAMPLES:1502
AUC:{}
AVGP:{}
