

GENERAL_METRICS
ACC:0.8617142857142858
PREC:0.7151919934744977
REC:0.7282392026578073
TNR:0.7282392026578073
FPR:0.2848080065255024
FPDR:0.2848080065255024
F1:0.7213698471514589
BACC:0.0
CLSFE:0.1382857142857143
MCC:0.443239208594923
GMEAN:0.7042484136948707
SAMPLES:1750.0
AUC:{'AUC macro OVO': 0.7151919934744977}
AVGP:{'avg_precision': 0.9088078250708801}


METRICS_PER_CLASSES
CLASS:0
ACC:0.8617142857142858
PREC:0.5057034220532319
REC:0.5428571428571428
TNR:0.9136212624584718
FPR:0.49429657794676807
FPDR:0.49429657794676807
F1:0.5236220472440944
BACC:0
CLSFE:0.49429657794676807
MCC:0.443239208594923
GMEAN:0.7042484136948707
SAMPLES:263
AUC:{}
AVGP:{}
CLASS:1
ACC:0.8617142857142858
PREC:0.9246805648957633
REC:0.9136212624584718
TNR:0.5428571428571428
FPR:0.07531943510423672
FPDR:0.07531943510423672
F1:0.9191176470588235
BACC:0
CLSFE:0.07531943510423672
MCC:0.443239208594923
GMEAN:0.7042484136948707
SAMPLES:1487
AUC:{}
AVGP:{}
