

GENERAL_METRICS
ACC:0.8697142857142857
PREC:0.6949976841130152
REC:0.7369585795788881
TNR:0.7369585795788881
FPR:0.30500231588698473
FPDR:0.30500231588698473
F1:0.7125492772667543
BACC:0.0
CLSFE:0.13028571428571428
MCC:0.4299133598696036
GMEAN:0.7164610582047444
SAMPLES:1750.0
AUC:{'AUC macro OVO': 0.6949976841130152}
AVGP:{'avg_precision': 0.906342865828502}


METRICS_PER_CLASSES
CLASS:0
ACC:0.8697142857142857
PREC:0.44881889763779526
REC:0.5643564356435643
TNR:0.9095607235142119
FPR:0.5511811023622047
FPDR:0.5511811023622047
F1:0.5
BACC:0
CLSFE:0.5511811023622047
MCC:0.4299133598696036
GMEAN:0.7164610582047444
SAMPLES:254
AUC:{}
AVGP:{}
CLASS:1
ACC:0.8697142857142857
PREC:0.9411764705882353
REC:0.9095607235142119
TNR:0.5643564356435643
FPR:0.058823529411764705
FPDR:0.058823529411764705
F1:0.9250985545335085
BACC:0
CLSFE:0.058823529411764705
MCC:0.4299133598696036
GMEAN:0.7164610582047444
SAMPLES:1496
AUC:{}
AVGP:{}
