

GENERAL_METRICS
ACC:0.8748571428571429
PREC:0.7267196092916359
REC:0.7556628032430774
TNR:0.7556628032430774
FPR:0.2732803907083641
FPDR:0.2732803907083641
F1:0.7397069640357544
BACC:0.0
CLSFE:0.12514285714285714
MCC:0.4815133263438299
GMEAN:0.7383235363522559
SAMPLES:1750.0
AUC:{'AUC macro OVO': 0.7267196092916359}
AVGP:{'avg_precision': 0.9125111344433988}


METRICS_PER_CLASSES
CLASS:0
ACC:0.8748571428571429
PREC:0.5152671755725191
REC:0.5947136563876652
TNR:0.9166119500984898
FPR:0.4847328244274809
FPDR:0.4847328244274809
F1:0.5521472392638037
BACC:0
CLSFE:0.4847328244274809
MCC:0.4815133263438299
GMEAN:0.7383235363522559
SAMPLES:262
AUC:{}
AVGP:{}
CLASS:1
ACC:0.8748571428571429
PREC:0.9381720430107527
REC:0.9166119500984898
TNR:0.5947136563876652
FPR:0.06182795698924731
FPDR:0.06182795698924731
F1:0.9272666888077051
BACC:0
CLSFE:0.06182795698924731
MCC:0.4815133263438299
GMEAN:0.7383235363522559
SAMPLES:1488
AUC:{}
AVGP:{}
