

GENERAL_METRICS
ACC:0.9218666666666666
PREC:0.5239499196515414
REC:0.5448667958972988
TNR:0.5448667958972988
FPR:0.4760500803484586
FPDR:0.4760500803484586
F1:0.5288126507638703
BACC:0.0
CLSFE:0.07813333333333333
MCC:0.06556084675360482
GMEAN:0.36918989916208245
SAMPLES:3750.0
AUC:{'AUC macro OVO': 0.5239499196515414}
AVGP:{'avg_precision': 0.9455180871130873}


METRICS_PER_CLASSES
CLASS:0
ACC:0.9218666666666666
PREC:0.07476635514018691
REC:0.14414414414414414
TNR:0.9455894476504534
FPR:0.9252336448598131
FPDR:0.9252336448598131
F1:0.09846153846153846
BACC:0
CLSFE:0.9252336448598131
MCC:0.06556084675360482
GMEAN:0.36918989916208245
SAMPLES:214
AUC:{}
AVGP:{}
CLASS:1
ACC:0.9218666666666666
PREC:0.9731334841628959
REC:0.9455894476504534
TNR:0.14414414414414414
FPR:0.026866515837104074
FPDR:0.026866515837104074
F1:0.9591637630662021
BACC:0
CLSFE:0.026866515837104074
MCC:0.06556084675360482
GMEAN:0.36918989916208245
SAMPLES:3536
AUC:{}
AVGP:{}
