

GENERAL_METRICS
ACC:0.9101333333333333
PREC:0.5350427684765034
REC:0.5711724137931035
TNR:0.5711724137931035
FPR:0.46495723152349655
FPDR:0.46495723152349655
F1:0.5431423635274506
BACC:0.0
CLSFE:0.08986666666666666
MCC:0.09988149815587714
GMEAN:0.4408443309581411
SAMPLES:3750.0
AUC:{'AUC macro OVO': 0.5350427684765034}
AVGP:{'avg_precision': 0.9342100777494213}


METRICS_PER_CLASSES
CLASS:0
ACC:0.9101333333333333
PREC:0.09848484848484848
REC:0.208
TNR:0.9343448275862068
FPR:0.9015151515151515
FPDR:0.9015151515151515
F1:0.13367609254498714
BACC:0
CLSFE:0.9015151515151515
MCC:0.09988149815587714
GMEAN:0.4408443309581411
SAMPLES:264
AUC:{}
AVGP:{}
CLASS:1
ACC:0.9101333333333333
PREC:0.9716006884681584
REC:0.9343448275862068
TNR:0.208
FPR:0.028399311531841654
FPDR:0.028399311531841654
F1:0.9526086345099142
BACC:0
CLSFE:0.028399311531841654
MCC:0.09988149815587714
GMEAN:0.4408443309581411
SAMPLES:3486
AUC:{}
AVGP:{}
