

GENERAL_METRICS
ACC:0.916
PREC:0.5424677956599728
REC:0.587669398193086
TNR:0.587669398193086
FPR:0.45753220434002717
FPDR:0.45753220434002717
F1:0.5533788379645191
BACC:0.0
CLSFE:0.084
MCC:0.1220348489259812
GMEAN:0.4717926370679685
SAMPLES:3750.0
AUC:{'AUC macro OVO': 0.5424677956599728}
AVGP:{'avg_precision': 0.937908664947551}


METRICS_PER_CLASSES
CLASS:0
ACC:0.916
PREC:0.11067193675889328
REC:0.23728813559322035
TNR:0.9380506607929515
FPR:0.8893280632411067
FPDR:0.8893280632411067
F1:0.1509433962264151
BACC:0
CLSFE:0.8893280632411067
MCC:0.1220348489259812
GMEAN:0.4717926370679685
SAMPLES:253
AUC:{}
AVGP:{}
CLASS:1
ACC:0.916
PREC:0.9742636545610524
REC:0.9380506607929515
TNR:0.23728813559322035
FPR:0.02573634543894767
FPDR:0.02573634543894767
F1:0.9558142797026231
BACC:0
CLSFE:0.02573634543894767
MCC:0.1220348489259812
GMEAN:0.4717926370679685
SAMPLES:3497
AUC:{}
AVGP:{}
