

GENERAL_METRICS
ACC:0.9136
PREC:0.5433800325552425
REC:0.5786106127913092
TNR:0.5786106127913092
FPR:0.4566199674447576
FPDR:0.4566199674447576
F1:0.5531570283434519
BACC:0.0
CLSFE:0.0864
MCC:0.11679265288663578
GMEAN:0.45252929345815684
SAMPLES:3750.0
AUC:{'AUC macro OVO': 0.5433800325552424}
AVGP:{'avg_precision': 0.9390104699182673}


METRICS_PER_CLASSES
CLASS:0
ACC:0.9136
PREC:0.11646586345381527
REC:0.21804511278195488
TNR:0.9391761128006635
FPR:0.8835341365461847
FPDR:0.8835341365461847
F1:0.1518324607329843
BACC:0
CLSFE:0.8835341365461847
MCC:0.11679265288663578
GMEAN:0.45252929345815684
SAMPLES:249
AUC:{}
AVGP:{}
CLASS:1
ACC:0.9136
PREC:0.9702942016566696
REC:0.9391761128006635
TNR:0.21804511278195488
FPR:0.029705798343330477
FPDR:0.029705798343330477
F1:0.9544815959539197
BACC:0
CLSFE:0.029705798343330477
MCC:0.11679265288663578
GMEAN:0.45252929345815684
SAMPLES:3501
AUC:{}
AVGP:{}
