

GENERAL_METRICS
ACC:0.781
PREC:0.7011124121779859
REC:0.7028110803142374
TNR:0.7028110803142374
FPR:0.2988875878220141
FPDR:0.2988875878220141
F1:0.7019495764009391
BACC:0.0
CLSFE:0.219
MCC:0.4039199206695285
GMEAN:0.6864104935247192
SAMPLES:1000.0
AUC:{'AUC macro OVO': 0.7011124121779859}
AVGP:{'avg_precision': 0.8397899491812535}


METRICS_PER_CLASSES
CLASS:0
ACC:0.781
PREC:0.5450819672131147
REC:0.5518672199170125
TNR:0.8537549407114624
FPR:0.45491803278688525
FPDR:0.45491803278688525
F1:0.5484536082474227
BACC:0
CLSFE:0.45491803278688525
MCC:0.4039199206695285
GMEAN:0.6864104935247192
SAMPLES:244
AUC:{}
AVGP:{}
CLASS:1
ACC:0.781
PREC:0.8571428571428571
REC:0.8537549407114624
TNR:0.5518672199170125
FPR:0.14285714285714285
FPDR:0.14285714285714285
F1:0.8554455445544554
BACC:0
CLSFE:0.14285714285714285
MCC:0.4039199206695285
GMEAN:0.6864104935247192
SAMPLES:756
AUC:{}
AVGP:{}
