

GENERAL_METRICS
ACC:0.77
PREC:0.696796259554572
REC:0.694749309119621
TNR:0.694749309119621
FPR:0.3032037404454279
FPDR:0.3032037404454279
F1:0.6957527078009005
BACC:0.0
CLSFE:0.23
MCC:0.39154021803936584
GMEAN:0.6775632706896114
SAMPLES:1000.0
AUC:{'AUC macro OVO': 0.696796259554572}
AVGP:{'avg_precision': 0.8328072060286198}


METRICS_PER_CLASSES
CLASS:0
ACC:0.77
PREC:0.549800796812749
REC:0.5411764705882353
TNR:0.8483221476510067
FPR:0.450199203187251
FPDR:0.450199203187251
F1:0.5454545454545454
BACC:0
CLSFE:0.450199203187251
MCC:0.39154021803936584
GMEAN:0.6775632706896114
SAMPLES:251
AUC:{}
AVGP:{}
CLASS:1
ACC:0.77
PREC:0.8437917222963952
REC:0.8483221476510067
TNR:0.5411764705882353
FPR:0.15620827770360482
FPDR:0.15620827770360482
F1:0.8460508701472557
BACC:0
CLSFE:0.15620827770360482
MCC:0.39154021803936584
GMEAN:0.6775632706896114
SAMPLES:749
AUC:{}
AVGP:{}
