

GENERAL_METRICS
ACC:0.77
PREC:0.6991975402865305
REC:0.6899168399168399
TNR:0.6899168399168399
FPR:0.3008024597134695
FPDR:0.3008024597134695
F1:0.6941473092941983
BACC:0.0
CLSFE:0.23
MCC:0.38900368826233656
GMEAN:0.6694398316127359
SAMPLES:1000.0
AUC:{'AUC macro OVO': 0.6991975402865305}
AVGP:{'avg_precision': 0.8406012978677887}


METRICS_PER_CLASSES
CLASS:0
ACC:0.77
PREC:0.5619834710743802
REC:0.5230769230769231
TNR:0.8567567567567568
FPR:0.4380165289256198
FPDR:0.4380165289256198
F1:0.5418326693227091
BACC:0
CLSFE:0.4380165289256198
MCC:0.38900368826233656
GMEAN:0.6694398316127359
SAMPLES:242
AUC:{}
AVGP:{}
CLASS:1
ACC:0.77
PREC:0.8364116094986808
REC:0.8567567567567568
TNR:0.5230769230769231
FPR:0.16358839050131926
FPDR:0.16358839050131926
F1:0.8464619492656876
BACC:0
CLSFE:0.16358839050131926
MCC:0.38900368826233656
GMEAN:0.6694398316127359
SAMPLES:758
AUC:{}
AVGP:{}
