

GENERAL_METRICS
ACC:0.777
PREC:0.7129203521141627
REC:0.707136439481453
TNR:0.707136439481453
FPR:0.2870796478858373
FPDR:0.2870796478858373
F1:0.7098768082285702
BACC:0.0
CLSFE:0.223
MCC:0.42001696932416865
GMEAN:0.6913366389470914
SAMPLES:1000.0
AUC:{'AUC macro OVO': 0.7129203521141627}
AVGP:{'avg_precision': 0.8385644434717586}


METRICS_PER_CLASSES
CLASS:0
ACC:0.777
PREC:0.5826771653543307
REC:0.5584905660377358
TNR:0.85578231292517
FPR:0.41732283464566927
FPDR:0.41732283464566927
F1:0.5703275529865125
BACC:0
CLSFE:0.41732283464566927
MCC:0.42001696932416865
GMEAN:0.6913366389470914
SAMPLES:254
AUC:{}
AVGP:{}
CLASS:1
ACC:0.777
PREC:0.8431635388739946
REC:0.85578231292517
TNR:0.5584905660377358
FPR:0.15683646112600536
FPDR:0.15683646112600536
F1:0.849426063470628
BACC:0
CLSFE:0.15683646112600536
MCC:0.42001696932416865
GMEAN:0.6913366389470914
SAMPLES:746
AUC:{}
AVGP:{}
