

GENERAL_METRICS
ACC:0.768
PREC:0.7706201662103089
REC:0.778651629816491
TNR:0.778651629816491
FPR:0.22937983378969112
FPDR:0.22937983378969112
F1:0.7667910447761195
BACC:0.0
CLSFE:0.232
MCC:0.5492130747741254
GMEAN:0.7761850768229911
SAMPLES:500.0
AUC:{'AUC macro OVO': 0.7706201662103089}
AVGP:{'avg_precision': 0.7351084418880054}


METRICS_PER_CLASSES
CLASS:0
ACC:0.768
PREC:0.8641975308641975
REC:0.7167235494880546
TNR:0.8405797101449275
FPR:0.13580246913580246
FPDR:0.13580246913580246
F1:0.7835820895522388
BACC:0
CLSFE:0.13580246913580246
MCC:0.5492130747741254
GMEAN:0.7761850768229911
SAMPLES:243
AUC:{}
AVGP:{}
CLASS:1
ACC:0.768
PREC:0.6770428015564203
REC:0.8405797101449275
TNR:0.7167235494880546
FPR:0.3229571984435798
FPDR:0.3229571984435798
F1:0.75
BACC:0
CLSFE:0.3229571984435798
MCC:0.5492130747741254
GMEAN:0.7761850768229911
SAMPLES:257
AUC:{}
AVGP:{}
