

GENERAL_METRICS
ACC:0.782
PREC:0.7822925166802669
REC:0.7882654728449121
TNR:0.7882654728449121
FPR:0.2177074833197331
FPDR:0.2177074833197331
F1:0.7809265400462265
BACC:0.0
CLSFE:0.218
MCC:0.5705267243571237
GMEAN:0.7870637304126
SAMPLES:500.0
AUC:{'AUC macro OVO': 0.7822925166802669}
AVGP:{'avg_precision': 0.7358648397065942}


METRICS_PER_CLASSES
CLASS:0
ACC:0.782
PREC:0.8554216867469879
REC:0.7447552447552448
TNR:0.8317757009345794
FPR:0.14457831325301204
FPDR:0.14457831325301204
F1:0.7962616822429907
BACC:0
CLSFE:0.14457831325301204
MCC:0.5705267243571237
GMEAN:0.7870637304126
SAMPLES:249
AUC:{}
AVGP:{}
CLASS:1
ACC:0.782
PREC:0.7091633466135459
REC:0.8317757009345794
TNR:0.7447552447552448
FPR:0.2908366533864542
FPDR:0.2908366533864542
F1:0.7655913978494624
BACC:0
CLSFE:0.2908366533864542
MCC:0.5705267243571237
GMEAN:0.7870637304126
SAMPLES:251
AUC:{}
AVGP:{}
