

GENERAL_METRICS
ACC:0.774
PREC:0.7765183678046749
REC:0.7801948051948051
TNR:0.7801948051948051
FPR:0.22348163219532516
FPDR:0.22348163219532516
F1:0.7736006315139907
BACC:0.0
CLSFE:0.226
MCC:0.5567010335891838
GMEAN:0.7784850422705378
SAMPLES:500.0
AUC:{'AUC macro OVO': 0.776518367804675}
AVGP:{'avg_precision': 0.7397325377325378}


METRICS_PER_CLASSES
CLASS:0
ACC:0.774
PREC:0.8464730290456431
REC:0.7285714285714285
TNR:0.8318181818181818
FPR:0.15352697095435686
FPDR:0.15352697095435686
F1:0.783109404990403
BACC:0
CLSFE:0.15352697095435686
MCC:0.5567010335891838
GMEAN:0.7784850422705378
SAMPLES:241
AUC:{}
AVGP:{}
CLASS:1
ACC:0.774
PREC:0.7065637065637066
REC:0.8318181818181818
TNR:0.7285714285714285
FPR:0.29343629343629346
FPDR:0.29343629343629346
F1:0.7640918580375783
BACC:0
CLSFE:0.29343629343629346
MCC:0.5567010335891838
GMEAN:0.7784850422705378
SAMPLES:259
AUC:{}
AVGP:{}
