

GENERAL_METRICS
ACC:0.784
PREC:0.7833141321044548
REC:0.792351892213196
TNR:0.792351892213196
FPR:0.21668586789554534
FPDR:0.21668586789554534
F1:0.7821561698213682
BACC:0.0
CLSFE:0.216
MCC:0.5755950750709277
GMEAN:0.790929608330515
SAMPLES:500.0
AUC:{'AUC macro OVO': 0.7833141321044548}
AVGP:{'avg_precision': 0.7358322893830254}


METRICS_PER_CLASSES
CLASS:0
ACC:0.784
PREC:0.8690476190476191
REC:0.7448979591836735
TNR:0.8398058252427184
FPR:0.13095238095238096
FPDR:0.13095238095238096
F1:0.8021978021978022
BACC:0
CLSFE:0.13095238095238096
MCC:0.5755950750709277
GMEAN:0.790929608330515
SAMPLES:252
AUC:{}
AVGP:{}
CLASS:1
ACC:0.784
PREC:0.6975806451612904
REC:0.8398058252427184
TNR:0.7448979591836735
FPR:0.3024193548387097
FPDR:0.3024193548387097
F1:0.762114537444934
BACC:0
CLSFE:0.3024193548387097
MCC:0.5755950750709277
GMEAN:0.790929608330515
SAMPLES:248
AUC:{}
AVGP:{}
