

GENERAL_METRICS
ACC:0.792
PREC:0.7322969031217029
REC:0.7311635375494071
TNR:0.7311635375494071
FPR:0.267703096878297
FPDR:0.267703096878297
F1:0.7317250594590132
BACC:0.0
CLSFE:0.208
MCC:0.4634590548792192
GMEAN:0.7197133302002847
SAMPLES:1000.0
AUC:{'AUC macro OVO': 0.7322969031217028}
AVGP:{'avg_precision': 0.8426888918345705}


METRICS_PER_CLASSES
CLASS:0
ACC:0.792
PREC:0.6068702290076335
REC:0.6022727272727273
TNR:0.8600543478260869
FPR:0.3931297709923664
FPDR:0.3931297709923664
F1:0.6045627376425855
BACC:0
CLSFE:0.3931297709923664
MCC:0.4634590548792192
GMEAN:0.7197133302002847
SAMPLES:262
AUC:{}
AVGP:{}
CLASS:1
ACC:0.792
PREC:0.8577235772357723
REC:0.8600543478260869
TNR:0.6022727272727273
FPR:0.14227642276422764
FPDR:0.14227642276422764
F1:0.858887381275441
BACC:0
CLSFE:0.14227642276422764
MCC:0.4634590548792192
GMEAN:0.7197133302002847
SAMPLES:738
AUC:{}
AVGP:{}
