

GENERAL_METRICS
ACC:0.778
PREC:0.7055793458697945
REC:0.712
TNR:0.712
FPR:0.29442065413020546
FPDR:0.29442065413020546
F1:0.7086063508064516
BACC:0.0
CLSFE:0.222
MCC:0.4175299813158162
GMEAN:0.6996570588509773
SAMPLES:1000.0
AUC:{'AUC macro OVO': 0.7055793458697945}
AVGP:{'avg_precision': 0.8289186991869919}


METRICS_PER_CLASSES
CLASS:0
ACC:0.778
PREC:0.5534351145038168
REC:0.58
TNR:0.844
FPR:0.44656488549618323
FPDR:0.44656488549618323
F1:0.56640625
BACC:0
CLSFE:0.44656488549618323
MCC:0.4175299813158162
GMEAN:0.6996570588509773
SAMPLES:262
AUC:{}
AVGP:{}
CLASS:1
ACC:0.778
PREC:0.8577235772357723
REC:0.844
TNR:0.58
FPR:0.14227642276422764
FPDR:0.14227642276422764
F1:0.8508064516129032
BACC:0
CLSFE:0.14227642276422764
MCC:0.4175299813158162
GMEAN:0.6996570588509773
SAMPLES:738
AUC:{}
AVGP:{}
