

GENERAL_METRICS
ACC:0.81
PREC:0.7519955499930469
REC:0.737246728218234
TNR:0.737246728218234
FPR:0.24800445000695315
FPDR:0.24800445000695315
F1:0.7439132216255849
BACC:0.0
CLSFE:0.19
MCC:0.48901991681895657
GMEAN:0.7218886479874254
SAMPLES:1000.0
AUC:{'AUC macro OVO': 0.7519955499930469}
AVGP:{'avg_precision': 0.8700478892319602}


METRICS_PER_CLASSES
CLASS:0
ACC:0.81
PREC:0.6425531914893617
REC:0.5875486381322957
TNR:0.8869448183041723
FPR:0.3574468085106383
FPDR:0.3574468085106383
F1:0.6138211382113821
BACC:0
CLSFE:0.3574468085106383
MCC:0.48901991681895657
GMEAN:0.7218886479874254
SAMPLES:235
AUC:{}
AVGP:{}
CLASS:1
ACC:0.81
PREC:0.8614379084967321
REC:0.8869448183041723
TNR:0.5875486381322957
FPR:0.13856209150326798
FPDR:0.13856209150326798
F1:0.8740053050397878
BACC:0
CLSFE:0.13856209150326798
MCC:0.48901991681895657
GMEAN:0.7218886479874254
SAMPLES:765
AUC:{}
AVGP:{}
