

GENERAL_METRICS
ACC:0.786
PREC:0.712
REC:0.7143041987449052
TNR:0.7143041987449052
FPR:0.28800000000000003
FPDR:0.28800000000000003
F1:0.7131305765271105
BACC:0.0
CLSFE:0.214
MCC:0.4262979715359664
GMEAN:0.7002227023073095
SAMPLES:1000.0
AUC:{'AUC macro OVO': 0.712}
AVGP:{'avg_precision': 0.8406763925729442}


METRICS_PER_CLASSES
CLASS:0
ACC:0.786
PREC:0.564
REC:0.573170731707317
TNR:0.8554376657824934
FPR:0.436
FPDR:0.436
F1:0.5685483870967742
BACC:0
CLSFE:0.436
MCC:0.4262979715359664
GMEAN:0.7002227023073095
SAMPLES:250
AUC:{}
AVGP:{}
CLASS:1
ACC:0.786
PREC:0.86
REC:0.8554376657824934
TNR:0.573170731707317
FPR:0.14
FPDR:0.14
F1:0.8577127659574468
BACC:0
CLSFE:0.14
MCC:0.4262979715359664
GMEAN:0.7002227023073095
SAMPLES:750
AUC:{}
AVGP:{}
