

GENERAL_METRICS
ACC:0.9257142857142857
PREC:0.4972412305697077
REC:0.48901926673829865
TNR:0.48901926673829865
FPR:0.5027587694302923
FPDR:0.5027587694302923
F1:0.4882764701648312
BACC:0.0
CLSFE:0.07428571428571429
MCC:-0.011007871955028508
GMEAN:0.19187647652388012
SAMPLES:3500.0
AUC:{'AUC macro OVO': 0.4972412305697077}
AVGP:{'avg_precision': 0.9388276176575476}


METRICS_PER_CLASSES
CLASS:0
ACC:0.9257142857142857
PREC:0.009389671361502348
REC:0.0392156862745098
TNR:0.9388228472020875
FPR:0.9906103286384976
FPDR:0.9906103286384976
F1:0.015151515151515152
BACC:0
CLSFE:0.9906103286384976
MCC:-0.011007871955028508
GMEAN:0.19187647652388012
SAMPLES:213
AUC:{}
AVGP:{}
CLASS:1
ACC:0.9257142857142857
PREC:0.985092789777913
REC:0.9388228472020875
TNR:0.0392156862745098
FPR:0.014907210222087009
FPDR:0.014907210222087009
F1:0.9614014251781473
BACC:0
CLSFE:0.014907210222087009
MCC:-0.011007871955028508
GMEAN:0.19187647652388012
SAMPLES:3287
AUC:{}
AVGP:{}
