

GENERAL_METRICS
ACC:0.9188571428571428
PREC:0.49503899899792014
REC:0.4761755118891374
TNR:0.4761755118891374
FPR:0.5049610010020799
FPDR:0.5049610010020799
F1:0.4823466673332625
BACC:0.0
CLSFE:0.08114285714285714
MCC:-0.021743349272090446
GMEAN:0.14074833645013615
SAMPLES:3500.0
AUC:{'AUC macro OVO': 0.49503899899792014}
AVGP:{'avg_precision': 0.9310834539315737}


METRICS_PER_CLASSES
CLASS:0
ACC:0.9188571428571428
PREC:0.0041841004184100415
REC:0.02127659574468085
TNR:0.931074428033594
FPR:0.99581589958159
FPDR:0.99581589958159
F1:0.006993006993006993
BACC:0
CLSFE:0.99581589958159
MCC:-0.021743349272090446
GMEAN:0.14074833645013615
SAMPLES:239
AUC:{}
AVGP:{}
CLASS:1
ACC:0.9188571428571428
PREC:0.9858938975774303
REC:0.931074428033594
TNR:0.02127659574468085
FPR:0.014106102422569764
FPDR:0.014106102422569764
F1:0.957700327673518
BACC:0
CLSFE:0.014106102422569764
MCC:-0.021743349272090446
GMEAN:0.14074833645013615
SAMPLES:3261
AUC:{}
AVGP:{}
