

GENERAL_METRICS
ACC:0.9188571428571428
PREC:0.49751405961961004
REC:0.48734523235246824
TNR:0.48734523235246824
FPR:0.50248594038039
FPDR:0.50248594038039
F1:0.4857883061846113
BACC:0.0
CLSFE:0.08114285714285714
MCC:-0.011217664266584455
GMEAN:0.20333289838865964
SAMPLES:3500.0
AUC:{'AUC macro OVO': 0.49751405961961004}
AVGP:{'avg_precision': 0.9302503164095157}


METRICS_PER_CLASSES
CLASS:0
ACC:0.9188571428571428
PREC:0.00823045267489712
REC:0.044444444444444446
TNR:0.9302460202604921
FPR:0.9917695473251029
FPDR:0.9917695473251029
F1:0.013888888888888888
BACC:0
CLSFE:0.9917695473251029
MCC:-0.011217664266584455
GMEAN:0.20333289838865964
SAMPLES:243
AUC:{}
AVGP:{}
CLASS:1
ACC:0.9188571428571428
PREC:0.986797666564323
REC:0.9302460202604921
TNR:0.044444444444444446
FPR:0.013202333435677003
FPDR:0.013202333435677003
F1:0.9576877234803337
BACC:0
CLSFE:0.013202333435677003
MCC:-0.011217664266584455
GMEAN:0.20333289838865964
SAMPLES:3257
AUC:{}
AVGP:{}
