

GENERAL_METRICS
ACC:0.9137142857142857
PREC:0.4963714915858485
REC:0.4829305453697861
TNR:0.4829305453697861
FPR:0.5036285084141515
FPDR:0.5036285084141515
F1:0.4839784335206047
BACC:0.0
CLSFE:0.08628571428571429
MCC:-0.01573996947274146
GMEAN:0.19062800284642897
SAMPLES:3500.0
AUC:{'AUC macro OVO': 0.4963714915858485}
AVGP:{'avg_precision': 0.9266529160771462}


METRICS_PER_CLASSES
CLASS:0
ACC:0.9137142857142857
PREC:0.00784313725490196
REC:0.0392156862745098
TNR:0.9266454044650624
FPR:0.9921568627450981
FPDR:0.9921568627450981
F1:0.013071895424836602
BACC:0
CLSFE:0.9921568627450981
MCC:-0.01573996947274146
GMEAN:0.19062800284642897
SAMPLES:255
AUC:{}
AVGP:{}
CLASS:1
ACC:0.9137142857142857
PREC:0.984899845916795
REC:0.9266454044650624
TNR:0.0392156862745098
FPR:0.01510015408320493
FPDR:0.01510015408320493
F1:0.9548849716163729
BACC:0
CLSFE:0.01510015408320493
MCC:-0.01573996947274146
GMEAN:0.19062800284642897
SAMPLES:3245
AUC:{}
AVGP:{}
