

GENERAL_METRICS
ACC:0.9309333333333333
PREC:0.49985681557846506
REC:0.4655908242197919
TNR:0.4655908242197919
FPR:0.5001431844215349
FPDR:0.5001431844215349
F1:0.4821157298715647
BACC:0.0
CLSFE:0.06906666666666667
MCC:-0.004439305319341329
GMEAN:0.0
SAMPLES:3750.0
AUC:{'AUC macro OVO': 0.49985681557846506}
AVGP:{'avg_precision': 0.9311816536948989}


METRICS_PER_CLASSES
CLASS:0
ACC:0.9309333333333333
PREC:0.0
REC:0.0
TNR:0.9311816484395838
FPR:1.0
FPDR:1.0
F1:0.0
BACC:0
CLSFE:1.0
MCC:-0.004439305319341329
GMEAN:0
SAMPLES:258
AUC:{}
AVGP:{}
CLASS:1
ACC:0.9309333333333333
PREC:0.9997136311569301
REC:0.9311816484395838
TNR:0.0
FPR:0.000286368843069874
FPDR:0.000286368843069874
F1:0.9642314597431294
BACC:0
CLSFE:0.000286368843069874
MCC:-0.004439305319341329
GMEAN:0
SAMPLES:3492
AUC:{}
AVGP:{}
