

GENERAL_METRICS
ACC:0.9282666666666667
PREC:0.4994261119081779
REC:0.4646289375333689
TNR:0.4646289375333689
FPR:0.5005738880918221
FPDR:0.5005738880918221
F1:0.4813995298022404
BACC:0.0
CLSFE:0.07173333333333333
MCC:-0.009010889311204532
GMEAN:0.0
SAMPLES:3750.0
AUC:{'AUC macro OVO': 0.4994261119081779}
AVGP:{'avg_precision': 0.9292579616759391}


METRICS_PER_CLASSES
CLASS:0
ACC:0.9282666666666667
PREC:0.0
REC:0.0
TNR:0.9292578750667378
FPR:1.0
FPDR:1.0
F1:0.0
BACC:0
CLSFE:1.0
MCC:-0.009010889311204532
GMEAN:0
SAMPLES:265
AUC:{}
AVGP:{}
CLASS:1
ACC:0.9282666666666667
PREC:0.9988522238163559
REC:0.9292578750667378
TNR:0.0
FPR:0.0011477761836441894
FPDR:0.0011477761836441894
F1:0.9627990596044808
BACC:0
CLSFE:0.0011477761836441894
MCC:-0.009010889311204532
GMEAN:0
SAMPLES:3485
AUC:{}
AVGP:{}
