

GENERAL_METRICS
ACC:0.9304
PREC:0.4989988558352403
REC:0.46606999732834625
TNR:0.46606999732834625
FPR:0.5010011441647597
FPDR:0.5010011441647597
F1:0.48197264815582264
BACC:0.0
CLSFE:0.0696
MCC:-0.011656555955342563
GMEAN:0.0
SAMPLES:3750.0
AUC:{'AUC macro OVO': 0.4989988558352403}
AVGP:{'avg_precision': 0.9321402482905798}


METRICS_PER_CLASSES
CLASS:0
ACC:0.9304
PREC:0.0
REC:0.0
TNR:0.9321399946566925
FPR:1.0
FPDR:1.0
F1:0.0
BACC:0
CLSFE:1.0
MCC:-0.011656555955342563
GMEAN:0
SAMPLES:254
AUC:{}
AVGP:{}
CLASS:1
ACC:0.9304
PREC:0.9979977116704806
REC:0.9321399946566925
TNR:0.0
FPR:0.002002288329519451
FPDR:0.002002288329519451
F1:0.9639452963116453
BACC:0
CLSFE:0.002002288329519451
MCC:-0.011656555955342563
GMEAN:0
SAMPLES:3496
AUC:{}
AVGP:{}
