

GENERAL_METRICS
ACC:0.7773333333333333
PREC:0.7626730014459823
REC:0.7445083682008369
TNR:0.7445083682008369
FPR:0.2373269985540178
FPDR:0.2373269985540178
F1:0.7512170995787077
BACC:0.0
CLSFE:0.22266666666666668
MCC:0.5068559833087626
GMEAN:0.7348540400998324
SAMPLES:750.0
AUC:{'AUC macro OVO': 0.7626730014459822}
AVGP:{'avg_precision': 0.8288910915221189}


METRICS_PER_CLASSES
CLASS:0
ACC:0.7773333333333333
PREC:0.723404255319149
REC:0.625
TNR:0.8640167364016736
FPR:0.2765957446808511
FPDR:0.2765957446808511
F1:0.6706114398422091
BACC:0
CLSFE:0.2765957446808511
MCC:0.5068559833087626
GMEAN:0.7348540400998324
SAMPLES:235
AUC:{}
AVGP:{}
CLASS:1
ACC:0.7773333333333333
PREC:0.8019417475728156
REC:0.8640167364016736
TNR:0.625
FPR:0.19805825242718447
FPDR:0.19805825242718447
F1:0.8318227593152064
BACC:0
CLSFE:0.19805825242718447
MCC:0.5068559833087626
GMEAN:0.7348540400998324
SAMPLES:515
AUC:{}
AVGP:{}
