

GENERAL_METRICS
ACC:0.8013333333333333
PREC:0.7895420050592464
REC:0.7689254882563432
TNR:0.7689254882563432
FPR:0.21045799494075357
FPDR:0.21045799494075357
F1:0.7767228306150462
BACC:0.0
CLSFE:0.19866666666666666
MCC:0.5580868214938549
GMEAN:0.76032998976979
SAMPLES:750.0
AUC:{'AUC macro OVO': 0.7895420050592463}
AVGP:{'avg_precision': 0.8489416033199817}


METRICS_PER_CLASSES
CLASS:0
ACC:0.8013333333333333
PREC:0.7586206896551724
REC:0.654275092936803
TNR:0.8835758835758836
FPR:0.2413793103448276
FPDR:0.2413793103448276
F1:0.7025948103792415
BACC:0
CLSFE:0.2413793103448276
MCC:0.5580868214938549
GMEAN:0.76032998976979
SAMPLES:232
AUC:{}
AVGP:{}
CLASS:1
ACC:0.8013333333333333
PREC:0.8204633204633205
REC:0.8835758835758836
TNR:0.654275092936803
FPR:0.17953667953667954
FPDR:0.17953667953667954
F1:0.8508508508508509
BACC:0
CLSFE:0.17953667953667954
MCC:0.5580868214938549
GMEAN:0.76032998976979
SAMPLES:518
AUC:{}
AVGP:{}
