

GENERAL_METRICS
ACC:0.788
PREC:0.770926643139631
REC:0.7570061517429938
TNR:0.7570061517429938
FPR:0.22907335686036895
FPDR:0.22907335686036895
F1:0.7626747599383055
BACC:0.0
CLSFE:0.212
MCC:0.5277492357472968
GMEAN:0.7494586791066681
SAMPLES:750.0
AUC:{'AUC macro OVO': 0.770926643139631}
AVGP:{'avg_precision': 0.8304579256360078}


METRICS_PER_CLASSES
CLASS:0
ACC:0.788
PREC:0.7238493723849372
REC:0.650375939849624
TNR:0.8636363636363636
FPR:0.27615062761506276
FPDR:0.27615062761506276
F1:0.6851485148514852
BACC:0
CLSFE:0.27615062761506276
MCC:0.5277492357472968
GMEAN:0.7494586791066681
SAMPLES:239
AUC:{}
AVGP:{}
CLASS:1
ACC:0.788
PREC:0.8180039138943248
REC:0.8636363636363636
TNR:0.650375939849624
FPR:0.18199608610567514
FPDR:0.18199608610567514
F1:0.8402010050251256
BACC:0
CLSFE:0.18199608610567514
MCC:0.5277492357472968
GMEAN:0.7494586791066681
SAMPLES:511
AUC:{}
AVGP:{}
