

GENERAL_METRICS
ACC:0.7733333333333333
PREC:0.7677125506072875
REC:0.7513511908297202
TNR:0.7513511908297202
FPR:0.23228744939271256
FPDR:0.23228744939271256
F1:0.7567183886552538
BACC:0.0
CLSFE:0.22666666666666666
MCC:0.5188058149065157
GMEAN:0.7436851811290791
SAMPLES:750.0
AUC:{'AUC macro OVO': 0.7677125506072875}
AVGP:{'avg_precision': 0.8155478007476143}


METRICS_PER_CLASSES
CLASS:0
ACC:0.7733333333333333
PREC:0.75
REC:0.6442953020134228
TNR:0.8584070796460177
FPR:0.25
FPDR:0.25
F1:0.6931407942238267
BACC:0
CLSFE:0.25
MCC:0.5188058149065157
GMEAN:0.7436851811290791
SAMPLES:256
AUC:{}
AVGP:{}
CLASS:1
ACC:0.7733333333333333
PREC:0.7854251012145749
REC:0.8584070796460177
TNR:0.6442953020134228
FPR:0.2145748987854251
FPDR:0.2145748987854251
F1:0.8202959830866807
BACC:0
CLSFE:0.2145748987854251
MCC:0.5188058149065157
GMEAN:0.7436851811290791
SAMPLES:494
AUC:{}
AVGP:{}
