

GENERAL_METRICS
ACC:0.846
PREC:0.845942140296979
REC:0.8460584233693478
TNR:0.8460584233693478
FPR:0.154057859703021
FPDR:0.154057859703021
F1:0.8459698100827762
BACC:0.0
CLSFE:0.154
MCC:0.692000553896282
GMEAN:0.8460533804252611
SAMPLES:500.0
AUC:{'AUC macro OVO': 0.845942140296979}
AVGP:{'avg_precision': 0.7920473996050033}


METRICS_PER_CLASSES
CLASS:0
ACC:0.846
PREC:0.8531746031746031
REC:0.8431372549019608
TNR:0.8489795918367347
FPR:0.14682539682539683
FPDR:0.14682539682539683
F1:0.8481262327416174
BACC:0
CLSFE:0.14682539682539683
MCC:0.692000553896282
GMEAN:0.8460533804252611
SAMPLES:252
AUC:{}
AVGP:{}
CLASS:1
ACC:0.846
PREC:0.8387096774193549
REC:0.8489795918367347
TNR:0.8431372549019608
FPR:0.16129032258064516
FPDR:0.16129032258064516
F1:0.8438133874239351
BACC:0
CLSFE:0.16129032258064516
MCC:0.692000553896282
GMEAN:0.8460533804252611
SAMPLES:248
AUC:{}
AVGP:{}
