

GENERAL_METRICS
ACC:0.85
PREC:0.8500709494324046
REC:0.8486150140505822
TNR:0.8486150140505822
FPR:0.14992905056759545
FPDR:0.14992905056759545
F1:0.8491740772470047
BACC:0.0
CLSFE:0.15
MCC:0.6986844465281257
GMEAN:0.8483010153273303
SAMPLES:500.0
AUC:{'AUC macro OVO': 0.8500709494324045}
AVGP:{'avg_precision': 0.8223024417314095}


METRICS_PER_CLASSES
CLASS:0
ACC:0.85
PREC:0.8508771929824561
REC:0.825531914893617
TNR:0.8716981132075472
FPR:0.14912280701754385
FPDR:0.14912280701754385
F1:0.838012958963283
BACC:0
CLSFE:0.14912280701754385
MCC:0.6986844465281257
GMEAN:0.8483010153273303
SAMPLES:228
AUC:{}
AVGP:{}
CLASS:1
ACC:0.85
PREC:0.8492647058823529
REC:0.8716981132075472
TNR:0.825531914893617
FPR:0.15073529411764705
FPDR:0.15073529411764705
F1:0.8603351955307262
BACC:0
CLSFE:0.15073529411764705
MCC:0.6986844465281257
GMEAN:0.8483010153273303
SAMPLES:272
AUC:{}
AVGP:{}
