

GENERAL_METRICS
ACC:0.854
PREC:0.8540989902545967
REC:0.8540706605222734
TNR:0.8540706605222734
FPR:0.14590100974540332
FPDR:0.14590100974540332
F1:0.853999415997664
BACC:0.0
CLSFE:0.146
MCC:0.7081696502102165
GMEAN:0.854024987313283
SAMPLES:500.0
AUC:{'AUC macro OVO': 0.8540989902545967}
AVGP:{'avg_precision': 0.8078865230141528}


METRICS_PER_CLASSES
CLASS:0
ACC:0.854
PREC:0.8623481781376519
REC:0.8452380952380952
TNR:0.8629032258064516
FPR:0.13765182186234817
FPDR:0.13765182186234817
F1:0.8537074148296593
BACC:0
CLSFE:0.13765182186234817
MCC:0.7081696502102165
GMEAN:0.854024987313283
SAMPLES:247
AUC:{}
AVGP:{}
CLASS:1
ACC:0.854
PREC:0.8458498023715415
REC:0.8629032258064516
TNR:0.8452380952380952
FPR:0.1541501976284585
FPDR:0.1541501976284585
F1:0.8542914171656687
BACC:0
CLSFE:0.1541501976284585
MCC:0.7081696502102165
GMEAN:0.854024987313283
SAMPLES:253
AUC:{}
AVGP:{}
