

GENERAL_METRICS
ACC:0.834
PREC:0.8335898299107072
REC:0.8337128744627622
TNR:0.8337128744627622
FPR:0.16641017008929287
FPDR:0.16641017008929287
F1:0.8336479991662358
BACC:0.0
CLSFE:0.166
MCC:0.6673026930293209
GMEAN:0.833691414930463
SAMPLES:500.0
AUC:{'AUC macro OVO': 0.8335898299107072}
AVGP:{'avg_precision': 0.7662720720087197}


METRICS_PER_CLASSES
CLASS:0
ACC:0.834
PREC:0.842911877394636
REC:0.8396946564885496
TNR:0.8277310924369747
FPR:0.15708812260536398
FPDR:0.15708812260536398
F1:0.8413001912045889
BACC:0
CLSFE:0.15708812260536398
MCC:0.6673026930293209
GMEAN:0.833691414930463
SAMPLES:261
AUC:{}
AVGP:{}
CLASS:1
ACC:0.834
PREC:0.8242677824267782
REC:0.8277310924369747
TNR:0.8396946564885496
FPR:0.17573221757322174
FPDR:0.17573221757322174
F1:0.8259958071278826
BACC:0
CLSFE:0.17573221757322174
MCC:0.6673026930293209
GMEAN:0.833691414930463
SAMPLES:239
AUC:{}
AVGP:{}
