

GENERAL_METRICS
ACC:0.788
PREC:0.6305000000000001
REC:0.6559892708069367
TNR:0.6559892708069367
FPR:0.3695
FPDR:0.3695
F1:0.6402971444208323
BACC:0.0
CLSFE:0.212
MCC:0.2853531134598341
GMEAN:0.6267462539927438
SAMPLES:1250.0
AUC:{'AUC macro OVO': 0.6305000000000001}
AVGP:{'avg_precision': 0.8443526165556613}


METRICS_PER_CLASSES
CLASS:0
ACC:0.788
PREC:0.368
REC:0.4623115577889447
TNR:0.8496669838249287
FPR:0.632
FPDR:0.632
F1:0.40979955456570155
BACC:0
CLSFE:0.632
MCC:0.2853531134598341
GMEAN:0.6267462539927438
SAMPLES:250
AUC:{}
AVGP:{}
CLASS:1
ACC:0.788
PREC:0.893
REC:0.8496669838249287
TNR:0.4623115577889447
FPR:0.107
FPDR:0.107
F1:0.870794734275963
BACC:0
CLSFE:0.107
MCC:0.2853531134598341
GMEAN:0.6267462539927438
SAMPLES:1000
AUC:{}
AVGP:{}
