

GENERAL_METRICS
ACC:0.8016
PREC:0.6531611039794609
REC:0.6973505434782609
TNR:0.6973505434782609
FPR:0.34683889602053913
FPDR:0.34683889602053913
F1:0.6685328622935816
BACC:0.0
CLSFE:0.1984
MCC:0.34771498161613357
GMEAN:0.6809220890119132
SAMPLES:1250.0
AUC:{'AUC macro OVO': 0.6531611039794609}
AVGP:{'avg_precision': 0.8424658536585365}


METRICS_PER_CLASSES
CLASS:0
ACC:0.8016
PREC:0.39473684210526316
REC:0.546875
TNR:0.8478260869565217
FPR:0.6052631578947368
FPDR:0.6052631578947368
F1:0.4585152838427948
BACC:0
CLSFE:0.6052631578947368
MCC:0.34771498161613357
GMEAN:0.6809220890119132
SAMPLES:266
AUC:{}
AVGP:{}
CLASS:1
ACC:0.8016
PREC:0.9115853658536586
REC:0.8478260869565217
TNR:0.546875
FPR:0.08841463414634146
FPDR:0.08841463414634146
F1:0.8785504407443683
BACC:0
CLSFE:0.08841463414634146
MCC:0.34771498161613357
GMEAN:0.6809220890119132
SAMPLES:984
AUC:{}
AVGP:{}
