

GENERAL_METRICS
ACC:0.7904
PREC:0.6484995098504254
REC:0.6682068916111469
TNR:0.6682068916111469
FPR:0.35150049014957463
FPDR:0.35150049014957463
F1:0.6567445760402473
BACC:0.0
CLSFE:0.2096
MCC:0.31609265070683906
GMEAN:0.6415871501273536
SAMPLES:1250.0
AUC:{'AUC macro OVO': 0.6484995098504254}
AVGP:{'avg_precision': 0.848395336083211}


METRICS_PER_CLASSES
CLASS:0
ACC:0.7904
PREC:0.4094488188976378
REC:0.48148148148148145
TNR:0.8549323017408124
FPR:0.5905511811023622
FPDR:0.5905511811023622
F1:0.4425531914893617
BACC:0
CLSFE:0.5905511811023622
MCC:0.31609265070683906
GMEAN:0.6415871501273536
SAMPLES:254
AUC:{}
AVGP:{}
CLASS:1
ACC:0.7904
PREC:0.8875502008032129
REC:0.8549323017408124
TNR:0.48148148148148145
FPR:0.11244979919678715
FPDR:0.11244979919678715
F1:0.870935960591133
BACC:0
CLSFE:0.11244979919678715
MCC:0.31609265070683906
GMEAN:0.6415871501273536
SAMPLES:996
AUC:{}
AVGP:{}
