

GENERAL_METRICS
ACC:0.816
PREC:0.6885082123841881
REC:0.7121220908186527
TNR:0.7121220908186527
FPR:0.31149178761581187
FPDR:0.31149178761581187
F1:0.6986689026307515
BACC:0.0
CLSFE:0.184
MCC:0.39993377525495705
GMEAN:0.6941156718164088
SAMPLES:1250.0
AUC:{'AUC macro OVO': 0.6885082123841881}
AVGP:{'avg_precision': 0.8640833610220788}


METRICS_PER_CLASSES
CLASS:0
ACC:0.816
PREC:0.4743083003952569
REC:0.5529953917050692
TNR:0.8712487899322362
FPR:0.525691699604743
FPDR:0.525691699604743
F1:0.5106382978723404
BACC:0
CLSFE:0.525691699604743
MCC:0.39993377525495705
GMEAN:0.6941156718164088
SAMPLES:253
AUC:{}
AVGP:{}
CLASS:1
ACC:0.816
PREC:0.9027081243731193
REC:0.8712487899322362
TNR:0.5529953917050692
FPR:0.09729187562688064
FPDR:0.09729187562688064
F1:0.8866995073891626
BACC:0
CLSFE:0.09729187562688064
MCC:0.39993377525495705
GMEAN:0.6941156718164088
SAMPLES:997
AUC:{}
AVGP:{}
