

GENERAL_METRICS
ACC:0.8394285714285714
PREC:0.5564028040842096
REC:0.6084784440571336
TNR:0.6084784440571336
FPR:0.4435971959157904
FPDR:0.4435971959157904
F1:0.5660438465591049
BACC:0.0
CLSFE:0.16057142857142856
MCC:0.15644153447872336
GMEAN:0.5469656925236931
SAMPLES:1750.0
AUC:{'AUC macro OVO': 0.5564028040842096}
AVGP:{'avg_precision': 0.8743349167120048}


METRICS_PER_CLASSES
CLASS:0
ACC:0.8394285714285714
PREC:0.16393442622950818
REC:0.3418803418803419
TNR:0.8750765462339253
FPR:0.8360655737704918
FPDR:0.8360655737704918
F1:0.22160664819944598
BACC:0
CLSFE:0.8360655737704918
MCC:0.15644153447872336
GMEAN:0.5469656925236931
SAMPLES:244
AUC:{}
AVGP:{}
CLASS:1
ACC:0.8394285714285714
PREC:0.9488711819389111
REC:0.8750765462339253
TNR:0.3418803418803419
FPR:0.05112881806108898
FPDR:0.05112881806108898
F1:0.9104810449187639
BACC:0
CLSFE:0.05112881806108898
MCC:0.15644153447872336
GMEAN:0.5469656925236931
SAMPLES:1506
AUC:{}
AVGP:{}
