

GENERAL_METRICS
ACC:0.8348571428571429
PREC:0.545501915870142
REC:0.6001013171225937
TNR:0.6001013171225937
FPR:0.4544980841298581
FPDR:0.4544980841298581
F1:0.5514885790324568
BACC:0.0
CLSFE:0.16514285714285715
MCC:0.1349785421495232
GMEAN:0.5375466804262535
SAMPLES:1750.0
AUC:{'AUC macro OVO': 0.5455019158701419}
AVGP:{'avg_precision': 0.8663072346927165}


METRICS_PER_CLASSES
CLASS:0
ACC:0.8348571428571429
PREC:0.1377952755905512
REC:0.3333333333333333
TNR:0.8668693009118541
FPR:0.8622047244094488
FPDR:0.8622047244094488
F1:0.19498607242339833
BACC:0
CLSFE:0.8622047244094488
MCC:0.1349785421495232
GMEAN:0.5375466804262535
SAMPLES:254
AUC:{}
AVGP:{}
CLASS:1
ACC:0.8348571428571429
PREC:0.9532085561497327
REC:0.8668693009118541
TNR:0.3333333333333333
FPR:0.04679144385026738
FPDR:0.04679144385026738
F1:0.9079910856415154
BACC:0
CLSFE:0.04679144385026738
MCC:0.1349785421495232
GMEAN:0.5375466804262535
SAMPLES:1496
AUC:{}
AVGP:{}
