

GENERAL_METRICS
ACC:0.8274285714285714
PREC:0.5449531848489148
REC:0.5983647450110865
TNR:0.5983647450110865
FPR:0.45504681515108525
FPDR:0.45504681515108525
F1:0.5500687879695971
BACC:0.0
CLSFE:0.17257142857142857
MCC:0.13299336171553428
GMEAN:0.5379551906429471
SAMPLES:1750.0
AUC:{'AUC macro OVO': 0.5449531848489148}
AVGP:{'avg_precision': 0.8597575603181907}


METRICS_PER_CLASSES
CLASS:0
ACC:0.8274285714285714
PREC:0.13909774436090225
REC:0.33636363636363636
TNR:0.8603658536585366
FPR:0.8609022556390977
FPDR:0.8609022556390977
F1:0.19680851063829788
BACC:0
CLSFE:0.8609022556390977
MCC:0.13299336171553428
GMEAN:0.5379551906429471
SAMPLES:266
AUC:{}
AVGP:{}
CLASS:1
ACC:0.8274285714285714
PREC:0.9508086253369272
REC:0.8603658536585366
TNR:0.33636363636363636
FPR:0.04919137466307277
FPDR:0.04919137466307277
F1:0.9033290653008963
BACC:0
CLSFE:0.04919137466307277
MCC:0.13299336171553428
GMEAN:0.5379551906429471
SAMPLES:1484
AUC:{}
AVGP:{}
