

GENERAL_METRICS
ACC:0.8337142857142857
PREC:0.5632432753848815
REC:0.6058869314556455
TNR:0.6058869314556455
FPR:0.4367567246151185
FPDR:0.4367567246151185
F1:0.5734249391235297
BACC:0.0
CLSFE:0.1662857142857143
MCC:0.16366595694535208
GMEAN:0.5423411148102516
SAMPLES:1750.0
AUC:{'AUC macro OVO': 0.5632432753848815}
AVGP:{'avg_precision': 0.8750043298465923}


METRICS_PER_CLASSES
CLASS:0
ACC:0.8337142857142857
PREC:0.18699186991869918
REC:0.3357664233576642
TNR:0.8760074395536268
FPR:0.8130081300813008
FPDR:0.8130081300813008
F1:0.2402088772845953
BACC:0
CLSFE:0.8130081300813008
MCC:0.16366595694535208
GMEAN:0.5423411148102516
SAMPLES:246
AUC:{}
AVGP:{}
CLASS:1
ACC:0.8337142857142857
PREC:0.9394946808510638
REC:0.8760074395536268
TNR:0.3357664233576642
FPR:0.06050531914893617
FPDR:0.06050531914893617
F1:0.9066410009624639
BACC:0
CLSFE:0.06050531914893617
MCC:0.16366595694535208
GMEAN:0.5423411148102516
SAMPLES:1504
AUC:{}
AVGP:{}
