

GENERAL_METRICS
ACC:0.485
PREC:0.485
REC:0.4848162769511084
TNR:0.4848162769511084
FPR:0.515
FPDR:0.515
F1:0.4834373981293412
BACC:0.0
CLSFE:0.515
MCC:-0.030183163898662036
GMEAN:0.48481339997657014
SAMPLES:1000.0
AUC:0.4850000000000001
AVGP:0.4927027027027027


METRICS_PER_CLASSES

======>> CLASS:0
ACC:0.485
PREC:0.43
REC:0.48314606741573035
TNR:0.4864864864864865
FPR:0.57
FPDR:0.57
F1:0.455026455026455
BACC:0
CLSFE:0.57
MCC:-0.030183163898662036
GMEAN:0.48481339997657014
SAMPLES:500
AUC:0.4850000000000001
AVGP:0.4927027027027027

======>> CLASS:1
ACC:0.485
PREC:0.54
REC:0.4864864864864865
TNR:0.48314606741573035
FPR:0.46
FPDR:0.46
F1:0.5118483412322274
BACC:0
CLSFE:0.46
MCC:-0.030183163898662036
GMEAN:0.48481339997657014
SAMPLES:500
AUC:{}
AVGP:{}
