

GENERAL_METRICS
ACC:0.8748571428571429
PREC:0.5910450466781474
REC:0.575091575091575
TNR:0.575091575091575
FPR:0.4089549533218526
FPDR:0.4089549533218526
F1:0.5817303757059835
BACC:0.0
CLSFE:0.12514285714285714
MCC:0.16536887203277484
GMEAN:0.4439487904241884
SAMPLES:3500.0
AUC:{'AUC macro OVO': 0.5910450466781474}
AVGP:{'avg_precision': 0.9396221744357337}


METRICS_PER_CLASSES
CLASS:0
ACC:0.8748571428571429
PREC:0.25882352941176473
REC:0.20952380952380953
TNR:0.9406593406593406
FPR:0.7411764705882353
FPDR:0.7411764705882353
F1:0.23157894736842105
BACC:0
CLSFE:0.7411764705882353
MCC:0.16536887203277484
GMEAN:0.4439487904241884
SAMPLES:255
AUC:{}
AVGP:{}
CLASS:1
ACC:0.8748571428571429
PREC:0.92326656394453
REC:0.9406593406593406
TNR:0.20952380952380953
FPR:0.07673343605546995
FPDR:0.07673343605546995
F1:0.9318818040435459
BACC:0
CLSFE:0.07673343605546995
MCC:0.16536887203277484
GMEAN:0.4439487904241884
SAMPLES:3245
AUC:{}
AVGP:{}
