

GENERAL_METRICS
ACC:0.8731428571428571
PREC:0.5732589664335324
REC:0.5572378201780195
TNR:0.5572378201780195
FPR:0.42674103356646764
FPDR:0.42674103356646764
F1:0.5633968065594994
BACC:0.0
CLSFE:0.12685714285714286
MCC:0.12950959110660634
GMEAN:0.4031243422344532
SAMPLES:3500.0
AUC:{'AUC macro OVO': 0.5732589664335324}
AVGP:{'avg_precision': 0.9411385892184854}


METRICS_PER_CLASSES
CLASS:0
ACC:0.8731428571428571
PREC:0.22594142259414227
REC:0.17252396166134185
TNR:0.9419516786946972
FPR:0.7740585774058577
FPDR:0.7740585774058577
F1:0.1956521739130435
BACC:0
CLSFE:0.7740585774058577
MCC:0.12950959110660634
GMEAN:0.4031243422344532
SAMPLES:239
AUC:{}
AVGP:{}
CLASS:1
ACC:0.8731428571428571
PREC:0.9205765102729224
REC:0.9419516786946972
TNR:0.17252396166134185
FPR:0.07942348972707758
FPDR:0.07942348972707758
F1:0.9311414392059554
BACC:0
CLSFE:0.07942348972707758
MCC:0.12950959110660634
GMEAN:0.4031243422344532
SAMPLES:3261
AUC:{}
AVGP:{}
