

GENERAL_METRICS
ACC:0.8822857142857143
PREC:0.5959181301179732
REC:0.5798015538883475
TNR:0.5798015538883475
FPR:0.40408186988202677
FPDR:0.40408186988202677
F1:0.5866299736268776
BACC:0.0
CLSFE:0.11771428571428572
MCC:0.17497903679559978
GMEAN:0.4510494799410517
SAMPLES:3500.0
AUC:{'AUC macro OVO': 0.5959181301179732}
AVGP:{'avg_precision': 0.9431460169289239}


METRICS_PER_CLASSES
CLASS:0
ACC:0.8822857142857143
PREC:0.26337448559670784
REC:0.21548821548821548
TNR:0.9441148922884796
FPR:0.7366255144032922
FPDR:0.7366255144032922
F1:0.23703703703703705
BACC:0
CLSFE:0.7366255144032922
MCC:0.17497903679559978
GMEAN:0.4510494799410517
SAMPLES:243
AUC:{}
AVGP:{}
CLASS:1
ACC:0.8822857142857143
PREC:0.9284617746392385
REC:0.9441148922884796
TNR:0.21548821548821548
FPR:0.07153822536076143
FPDR:0.07153822536076143
F1:0.9362229102167182
BACC:0
CLSFE:0.07153822536076143
MCC:0.17497903679559978
GMEAN:0.4510494799410517
SAMPLES:3257
AUC:{}
AVGP:{}
