

GENERAL_METRICS
ACC:0.93275
PREC:0.5216787605750052
REC:0.6085736122847716
TNR:0.6085736122847716
FPR:0.4783212394249949
FPDR:0.4783212394249949
F1:0.5266115993356724
BACC:0.0
CLSFE:0.06725
MCC:0.09703074451914717
GMEAN:0.5100515042527464
SAMPLES:4000.0
AUC:{'AUC macro OVO': 0.5216787605750052}
AVGP:{'avg_precision': 0.9405283588022808}


METRICS_PER_CLASSES
CLASS:0
ACC:0.93275
PREC:0.05241935483870968
REC:0.2765957446808511
TNR:0.9405514798886921
FPR:0.9475806451612904
FPDR:0.9475806451612904
F1:0.08813559322033898
BACC:0
CLSFE:0.9475806451612904
MCC:0.09703074451914717
GMEAN:0.5100515042527464
SAMPLES:248
AUC:{}
AVGP:{}
CLASS:1
ACC:0.93275
PREC:0.9909381663113006
REC:0.9405514798886921
TNR:0.2765957446808511
FPR:0.00906183368869936
FPDR:0.00906183368869936
F1:0.9650876054510058
BACC:0
CLSFE:0.00906183368869936
MCC:0.09703074451914717
GMEAN:0.5100515042527464
SAMPLES:3752
AUC:{}
AVGP:{}
