

GENERAL_METRICS
ACC:0.94025
PREC:0.5293867335851747
REC:0.7064012096774194
TNR:0.7064012096774194
FPR:0.4706132664148252
FPDR:0.4706132664148252
F1:0.5403048317520492
BACC:0.0
CLSFE:0.05975
MCC:0.15576209244162226
GMEAN:0.6652252036510498
SAMPLES:4000.0
AUC:{'AUC macro OVO': 0.5293867335851747}
AVGP:{'avg_precision': 0.9440375001071555}


METRICS_PER_CLASSES
CLASS:0
ACC:0.94025
PREC:0.06329113924050633
REC:0.46875
TNR:0.9440524193548387
FPR:0.9367088607594937
FPDR:0.9367088607594937
F1:0.11152416356877323
BACC:0
CLSFE:0.9367088607594937
MCC:0.15576209244162226
GMEAN:0.6652252036510498
SAMPLES:237
AUC:{}
AVGP:{}
CLASS:1
ACC:0.94025
PREC:0.9954823279298433
REC:0.9440524193548387
TNR:0.46875
FPR:0.00451767207015679
FPDR:0.00451767207015679
F1:0.9690854999353253
BACC:0
CLSFE:0.00451767207015679
MCC:0.15576209244162226
GMEAN:0.6652252036510498
SAMPLES:3763
AUC:{}
AVGP:{}
