

GENERAL_METRICS
ACC:0.93825
PREC:0.5221401425431957
REC:0.5983046558704453
TNR:0.5983046558704453
FPR:0.47785985745680426
FPDR:0.47785985745680426
F1:0.5283016615908169
BACC:0.0
CLSFE:0.06175
MCC:0.09330550023726278
GMEAN:0.48646924664897645
SAMPLES:4000.0
AUC:{'AUC macro OVO': 0.5221401425431957}
AVGP:{'avg_precision': 0.9465868242580545}


METRICS_PER_CLASSES
CLASS:0
ACC:0.93825
PREC:0.053811659192825115
REC:0.25
TNR:0.9466093117408907
FPR:0.9461883408071748
FPDR:0.9461883408071748
F1:0.08856088560885608
BACC:0
CLSFE:0.9461883408071748
MCC:0.09330550023726278
GMEAN:0.48646924664897645
SAMPLES:223
AUC:{}
AVGP:{}
CLASS:1
ACC:0.93825
PREC:0.9904686258935663
REC:0.9466093117408907
TNR:0.25
FPR:0.009531374106433678
FPDR:0.009531374106433678
F1:0.9680424375727779
BACC:0
CLSFE:0.009531374106433678
MCC:0.09330550023726278
GMEAN:0.48646924664897645
SAMPLES:3777
AUC:{}
AVGP:{}
