

GENERAL_METRICS
ACC:0.93
PREC:0.524167009461127
REC:0.6189873417721519
TNR:0.6189873417721519
FPR:0.4758329905388729
FPDR:0.4758329905388729
F1:0.5301816351357019
BACC:0.0
CLSFE:0.07
MCC:0.10724864967657094
GMEAN:0.5304643296804141
SAMPLES:4000.0
AUC:{'AUC macro OVO': 0.5241670094611272}
AVGP:{'avg_precision': 0.9379468455966967}


METRICS_PER_CLASSES
CLASS:0
ACC:0.93
PREC:0.057692307692307696
REC:0.3
TNR:0.9379746835443038
FPR:0.9423076923076923
FPDR:0.9423076923076923
F1:0.0967741935483871
BACC:0
CLSFE:0.9423076923076923
MCC:0.10724864967657094
GMEAN:0.5304643296804141
SAMPLES:260
AUC:{}
AVGP:{}
CLASS:1
ACC:0.93
PREC:0.9906417112299465
REC:0.9379746835443038
TNR:0.3
FPR:0.009358288770053475
FPDR:0.009358288770053475
F1:0.9635890767230169
BACC:0
CLSFE:0.009358288770053475
MCC:0.10724864967657094
GMEAN:0.5304643296804141
SAMPLES:3740
AUC:{}
AVGP:{}
