

GENERAL_METRICS
ACC:0.93125
PREC:0.5464463724161933
REC:0.6607440519933037
TNR:0.6607440519933037
FPR:0.45355362758380674
FPDR:0.45355362758380674
F1:0.564142218016855
BACC:0.0
CLSFE:0.06875
MCC:0.17281178319280108
GMEAN:0.5982671358420669
SAMPLES:4000.0
AUC:{'AUC macro OVO': 0.5464463724161932}
AVGP:{'avg_precision': 0.9411393154467207}


METRICS_PER_CLASSES
CLASS:0
ACC:0.93125
PREC:0.10465116279069768
REC:0.38028169014084506
TNR:0.9412064138457623
FPR:0.8953488372093024
FPDR:0.8953488372093024
F1:0.1641337386018237
BACC:0
CLSFE:0.8953488372093024
MCC:0.17281178319280108
GMEAN:0.5982671358420669
SAMPLES:258
AUC:{}
AVGP:{}
CLASS:1
ACC:0.93125
PREC:0.9882415820416889
REC:0.9412064138457623
TNR:0.38028169014084506
FPR:0.011758417958311064
FPDR:0.011758417958311064
F1:0.9641506974318863
BACC:0
CLSFE:0.011758417958311064
MCC:0.17281178319280108
GMEAN:0.5982671358420669
SAMPLES:3742
AUC:{}
AVGP:{}
