

GENERAL_METRICS
ACC:0.92825
PREC:0.5610822467776218
REC:0.6497489836185465
TNR:0.6497489836185465
FPR:0.43891775322237825
FPDR:0.43891775322237825
F1:0.5814982871687302
BACC:0.0
CLSFE:0.07175
MCC:0.19127994533757156
GMEAN:0.5797767037917178
SAMPLES:4000.0
AUC:{'AUC macro OVO': 0.5610822467776218}
AVGP:{'avg_precision': 0.9429309631599819}


METRICS_PER_CLASSES
CLASS:0
ACC:0.92825
PREC:0.13953488372093023
REC:0.3564356435643564
TNR:0.9430623236727366
FPR:0.8604651162790697
FPDR:0.8604651162790697
F1:0.20055710306406685
BACC:0
CLSFE:0.8604651162790697
MCC:0.19127994533757156
GMEAN:0.5797767037917178
SAMPLES:258
AUC:{}
AVGP:{}
CLASS:1
ACC:0.92825
PREC:0.9826296098343132
REC:0.9430623236727366
TNR:0.3564356435643564
FPR:0.017370390165686797
FPDR:0.017370390165686797
F1:0.9624394712733936
BACC:0
CLSFE:0.017370390165686797
MCC:0.19127994533757156
GMEAN:0.5797767037917178
SAMPLES:3742
AUC:{}
AVGP:{}
