

GENERAL_METRICS
ACC:0.9325
PREC:0.5699153321162069
REC:0.6988984941438929
TNR:0.6988984941438929
FPR:0.430084667883793
FPDR:0.430084667883793
F1:0.5966386554621849
BACC:0.0
CLSFE:0.0675
MCC:0.23584786855499648
GMEAN:0.6547905750357171
SAMPLES:4000.0
AUC:{'AUC macro OVO': 0.5699153321162069}
AVGP:{'avg_precision': 0.9431391544968438}


METRICS_PER_CLASSES
CLASS:0
ACC:0.9325
PREC:0.15267175572519084
REC:0.45454545454545453
TNR:0.9432515337423313
FPR:0.8473282442748091
FPDR:0.8473282442748091
F1:0.22857142857142856
BACC:0
CLSFE:0.8473282442748091
MCC:0.23584786855499648
GMEAN:0.6547905750357171
SAMPLES:262
AUC:{}
AVGP:{}
CLASS:1
ACC:0.9325
PREC:0.9871589085072231
REC:0.9432515337423313
TNR:0.45454545454545453
FPR:0.012841091492776886
FPDR:0.012841091492776886
F1:0.9647058823529412
BACC:0
CLSFE:0.012841091492776886
MCC:0.23584786855499648
GMEAN:0.6547905750357171
SAMPLES:3738
AUC:{}
AVGP:{}
