

GENERAL_METRICS
ACC:0.9365
PREC:0.5436811353500131
REC:0.6402102942423471
TNR:0.6402102942423471
FPR:0.456318864649987
FPDR:0.456318864649987
F1:0.5601731601731601
BACC:0.0
CLSFE:0.0635
MCC:0.15651894249917636
GMEAN:0.5618680910294873
SAMPLES:4000.0
AUC:{'AUC macro OVO': 0.5436811353500131}
AVGP:{'avg_precision': 0.9470282172800523}


METRICS_PER_CLASSES
CLASS:0
ACC:0.9365
PREC:0.09956709956709957
REC:0.3333333333333333
TNR:0.9470872551513609
FPR:0.9004329004329005
FPDR:0.9004329004329005
F1:0.15333333333333332
BACC:0
CLSFE:0.9004329004329005
MCC:0.15651894249917636
GMEAN:0.5618680910294873
SAMPLES:231
AUC:{}
AVGP:{}
CLASS:1
ACC:0.9365
PREC:0.9877951711329265
REC:0.9470872551513609
TNR:0.3333333333333333
FPR:0.012204828867073494
FPDR:0.012204828867073494
F1:0.967012987012987
BACC:0
CLSFE:0.012204828867073494
MCC:0.15651894249917636
GMEAN:0.5618680910294873
SAMPLES:3769
AUC:{}
AVGP:{}
