

GENERAL_METRICS
ACC:0.8812
PREC:0.5050221632125248
REC:0.5216025283509946
TNR:0.5216025283509946
FPR:0.49497783678747515
FPDR:0.49497783678747515
F1:0.49387572587082346
BACC:0.0
CLSFE:0.1188
MCC:0.020831843238838882
GMEAN:0.36136116634896276
SAMPLES:2500.0
AUC:{'AUC macro OVO': 0.5050221632125249}
AVGP:{'avg_precision': 0.8977305852757087}


METRICS_PER_CLASSES
CLASS:0
ACC:0.8812
PREC:0.031007751937984496
REC:0.14545454545454545
TNR:0.8977505112474438
FPR:0.9689922480620154
FPDR:0.9689922480620154
F1:0.051118210862619806
BACC:0
CLSFE:0.9689922480620154
MCC:0.020831843238838882
GMEAN:0.36136116634896276
SAMPLES:258
AUC:{}
AVGP:{}
CLASS:1
ACC:0.8812
PREC:0.9790365744870652
REC:0.8977505112474438
TNR:0.14545454545454545
FPR:0.02096342551293488
FPDR:0.02096342551293488
F1:0.9366332408790271
BACC:0
CLSFE:0.02096342551293488
MCC:0.020831843238838882
GMEAN:0.36136116634896276
SAMPLES:2242
AUC:{}
AVGP:{}
