

GENERAL_METRICS
ACC:0.8808
PREC:0.5244710586850693
REC:0.5885134481424148
TNR:0.5885134481424148
FPR:0.47552894131493073
FPDR:0.47552894131493073
F1:0.5246007922894715
BACC:0.0
CLSFE:0.1192
MCC:0.09308099234346119
GMEAN:0.5008035821968294
SAMPLES:2500.0
AUC:{'AUC macro OVO': 0.5244710586850693}
AVGP:{'avg_precision': 0.8975094230451801}


METRICS_PER_CLASSES
CLASS:0
ACC:0.8808
PREC:0.0708955223880597
REC:0.27941176470588236
TNR:0.8976151315789473
FPR:0.9291044776119403
FPDR:0.9291044776119403
F1:0.1130952380952381
BACC:0
CLSFE:0.9291044776119403
MCC:0.09308099234346119
GMEAN:0.5008035821968294
SAMPLES:268
AUC:{}
AVGP:{}
CLASS:1
ACC:0.8808
PREC:0.9780465949820788
REC:0.8976151315789473
TNR:0.27941176470588236
FPR:0.021953405017921146
FPDR:0.021953405017921146
F1:0.9361063464837049
BACC:0
CLSFE:0.021953405017921146
MCC:0.09308099234346119
GMEAN:0.5008035821968294
SAMPLES:2232
AUC:{}
AVGP:{}
