

GENERAL_METRICS
ACC:0.878
PREC:0.52080971425949
REC:0.5648065807025344
TNR:0.5648065807025344
FPR:0.47919028574051
FPDR:0.47919028574051
F1:0.5200535777566706
BACC:0.0
CLSFE:0.122
MCC:0.07344675422520235
GMEAN:0.45543992189357335
SAMPLES:2500.0
AUC:{'AUC macro OVO': 0.52080971425949}
AVGP:{'avg_precision': 0.8987354657998299}


METRICS_PER_CLASSES
CLASS:0
ACC:0.878
PREC:0.06844106463878327
REC:0.23076923076923078
TNR:0.8988439306358381
FPR:0.9315589353612167
FPDR:0.9315589353612167
F1:0.10557184750733138
BACC:0
CLSFE:0.9315589353612167
MCC:0.07344675422520235
GMEAN:0.45543992189357335
SAMPLES:263
AUC:{}
AVGP:{}
CLASS:1
ACC:0.878
PREC:0.9731783638801967
REC:0.8988439306358381
TNR:0.23076923076923078
FPR:0.02682163611980331
FPDR:0.02682163611980331
F1:0.9345353080060099
BACC:0
CLSFE:0.02682163611980331
MCC:0.07344675422520235
GMEAN:0.45543992189357335
SAMPLES:2237
AUC:{}
AVGP:{}
