

GENERAL_METRICS
ACC:0.8844
PREC:0.5234811896288765
REC:0.5750800074504292
TNR:0.5750800074504292
FPR:0.47651881037112354
FPDR:0.47651881037112354
F1:0.5244755244755245
BACC:0.0
CLSFE:0.1156
MCC:0.08397542241110757
GMEAN:0.47201874968320023
SAMPLES:2500.0
AUC:{'AUC macro OVO': 0.5234811896288765}
AVGP:{'avg_precision': 0.9034773961967018}


METRICS_PER_CLASSES
CLASS:0
ACC:0.8844
PREC:0.07142857142857142
REC:0.2465753424657534
TNR:0.9035846724351051
FPR:0.9285714285714286
FPDR:0.9285714285714286
F1:0.11076923076923077
BACC:0
CLSFE:0.9285714285714286
MCC:0.08397542241110757
GMEAN:0.47201874968320023
SAMPLES:252
AUC:{}
AVGP:{}
CLASS:1
ACC:0.8844
PREC:0.9755338078291815
REC:0.9035846724351051
TNR:0.2465753424657534
FPR:0.024466192170818506
FPDR:0.024466192170818506
F1:0.9381818181818182
BACC:0
CLSFE:0.024466192170818506
MCC:0.08397542241110757
GMEAN:0.47201874968320023
SAMPLES:2248
AUC:{}
AVGP:{}
