

GENERAL_METRICS
ACC:0.913
PREC:0.5104791822955739
REC:0.5890981799155361
TNR:0.5890981799155361
FPR:0.4895208177044261
FPDR:0.4895208177044261
F1:0.502659785629218
BACC:0.0
CLSFE:0.087
MCC:0.061112226912091616
GMEAN:0.4881013747164616
SAMPLES:3000.0
AUC:{'AUC macro OVO': 0.5104791822955739}
AVGP:{'avg_precision': 0.9189254452866497}


METRICS_PER_CLASSES
CLASS:0
ACC:0.913
PREC:0.028225806451612902
REC:0.25925925925925924
TNR:0.918937100571813
FPR:0.9717741935483871
FPDR:0.9717741935483871
F1:0.05090909090909091
BACC:0
CLSFE:0.9717741935483871
MCC:0.061112226912091616
GMEAN:0.4881013747164616
SAMPLES:248
AUC:{}
AVGP:{}
CLASS:1
ACC:0.913
PREC:0.9927325581395349
REC:0.918937100571813
TNR:0.25925925925925924
FPR:0.007267441860465116
FPDR:0.007267441860465116
F1:0.954410480349345
BACC:0
CLSFE:0.007267441860465116
MCC:0.061112226912091616
GMEAN:0.4881013747164616
SAMPLES:2752
AUC:{}
AVGP:{}
