

GENERAL_METRICS
ACC:0.9096666666666666
PREC:0.5081632826149645
REC:0.5776470588235294
TNR:0.5776470588235294
FPR:0.49183671738503554
FPDR:0.49183671738503554
F1:0.4975001715174691
BACC:0.0
CLSFE:0.09033333333333333
MCC:0.05035294968111563
GMEAN:0.46869029031471743
SAMPLES:3000.0
AUC:{'AUC macro OVO': 0.5081632826149645}
AVGP:{'avg_precision': 0.9152851503840048}


METRICS_PER_CLASSES
CLASS:0
ACC:0.9096666666666666
PREC:0.023255813953488372
REC:0.24
TNR:0.9152941176470588
FPR:0.9767441860465116
FPDR:0.9767441860465116
F1:0.04240282685512368
BACC:0
CLSFE:0.9767441860465116
MCC:0.05035294968111563
GMEAN:0.46869029031471743
SAMPLES:258
AUC:{}
AVGP:{}
CLASS:1
ACC:0.9096666666666666
PREC:0.9930707512764405
REC:0.9152941176470588
TNR:0.24
FPR:0.006929248723559446
FPDR:0.006929248723559446
F1:0.9525975161798146
BACC:0
CLSFE:0.006929248723559446
MCC:0.05035294968111563
GMEAN:0.46869029031471743
SAMPLES:2742
AUC:{}
AVGP:{}
