

GENERAL_METRICS
ACC:0.9126666666666666
PREC:0.5193877566026609
REC:0.6141636141636142
TNR:0.6141636141636142
FPR:0.4806122433973391
FPDR:0.4806122433973391
F1:0.5190318956507266
BACC:0.0
CLSFE:0.08733333333333333
MCC:0.09409306806102655
GMEAN:0.532233297786115
SAMPLES:3000.0
AUC:{'AUC macro OVO': 0.5193877566026609}
AVGP:{'avg_precision': 0.9206058095353409}


METRICS_PER_CLASSES
CLASS:0
ACC:0.9126666666666666
PREC:0.048582995951417005
REC:0.3076923076923077
TNR:0.9206349206349206
FPR:0.951417004048583
FPDR:0.951417004048583
F1:0.08391608391608392
BACC:0
CLSFE:0.951417004048583
MCC:0.09409306806102655
GMEAN:0.532233297786115
SAMPLES:247
AUC:{}
AVGP:{}
CLASS:1
ACC:0.9126666666666666
PREC:0.9901925172539048
REC:0.9206349206349206
TNR:0.3076923076923077
FPR:0.00980748274609517
FPDR:0.00980748274609517
F1:0.9541477073853692
BACC:0
CLSFE:0.00980748274609517
MCC:0.09409306806102655
GMEAN:0.532233297786115
SAMPLES:2753
AUC:{}
AVGP:{}
