

GENERAL_METRICS
ACC:0.9093333333333333
PREC:0.5123521092752924
REC:0.6307487841567962
TNR:0.6307487841567962
FPR:0.48764789072470766
FPDR:0.48764789072470766
F1:0.503968253968254
BACC:0.0
CLSFE:0.09066666666666667
MCC:0.0803747042175922
GMEAN:0.5637364420757262
SAMPLES:3000.0
AUC:{'AUC macro OVO': 0.5123521092752923}
AVGP:{'avg_precision': 0.9136604860297013}


METRICS_PER_CLASSES
CLASS:0
ACC:0.9093333333333333
PREC:0.03018867924528302
REC:0.34782608695652173
TNR:0.9136714813570709
FPR:0.969811320754717
FPDR:0.969811320754717
F1:0.05555555555555555
BACC:0
CLSFE:0.969811320754717
MCC:0.0803747042175922
GMEAN:0.5637364420757262
SAMPLES:265
AUC:{}
AVGP:{}
CLASS:1
ACC:0.9093333333333333
PREC:0.9945155393053017
REC:0.9136714813570709
TNR:0.34782608695652173
FPR:0.005484460694698354
FPDR:0.005484460694698354
F1:0.9523809523809523
BACC:0
CLSFE:0.005484460694698354
MCC:0.0803747042175922
GMEAN:0.5637364420757262
SAMPLES:2735
AUC:{}
AVGP:{}
