

GENERAL_METRICS
ACC:0.865
PREC:0.5232856038660639
REC:0.594905351717691
TNR:0.594905351717691
FPR:0.4767143961339361
FPDR:0.4767143961339361
F1:0.519395078605605
BACC:0.0
CLSFE:0.135
MCC:0.09401975164544144
GMEAN:0.5217494435917412
SAMPLES:2000.0
AUC:{'AUC macro OVO': 0.5232856038660638}
AVGP:{'avg_precision': 0.8806065149697786}


METRICS_PER_CLASSES
CLASS:0
ACC:0.865
PREC:0.06827309236947791
REC:0.3090909090909091
TNR:0.880719794344473
FPR:0.9317269076305221
FPDR:0.9317269076305221
F1:0.1118421052631579
BACC:0
CLSFE:0.9317269076305221
MCC:0.09401975164544144
GMEAN:0.5217494435917412
SAMPLES:249
AUC:{}
AVGP:{}
CLASS:1
ACC:0.865
PREC:0.9782981153626499
REC:0.880719794344473
TNR:0.3090909090909091
FPR:0.021701884637350087
FPDR:0.021701884637350087
F1:0.926948051948052
BACC:0
CLSFE:0.021701884637350087
MCC:0.09401975164544144
GMEAN:0.5217494435917412
SAMPLES:1751
AUC:{}
AVGP:{}
