

GENERAL_METRICS
ACC:0.861
PREC:0.5325604401173
REC:0.6211044734534668
TNR:0.6211044734534668
FPR:0.46743955988270003
FPDR:0.46743955988270003
F1:0.533174814277462
BACC:0.0
CLSFE:0.139
MCC:0.1255900466727957
GMEAN:0.5658815342683817
SAMPLES:2000.0
AUC:{'AUC macro OVO': 0.5325604401173}
AVGP:{'avg_precision': 0.8769540882835185}


METRICS_PER_CLASSES
CLASS:0
ACC:0.861
PREC:0.08812260536398467
REC:0.36507936507936506
TNR:0.8771295818275684
FPR:0.9118773946360154
FPDR:0.9118773946360154
F1:0.1419753086419753
BACC:0
CLSFE:0.9118773946360154
MCC:0.1255900466727957
GMEAN:0.5658815342683817
SAMPLES:261
AUC:{}
AVGP:{}
CLASS:1
ACC:0.861
PREC:0.9769982748706153
REC:0.8771295818275684
TNR:0.36507936507936506
FPR:0.023001725129384705
FPDR:0.023001725129384705
F1:0.9243743199129488
BACC:0
CLSFE:0.023001725129384705
MCC:0.1255900466727957
GMEAN:0.5658815342683817
SAMPLES:1739
AUC:{}
AVGP:{}
