

GENERAL_METRICS
ACC:0.8625
PREC:0.5128824848553434
REC:0.5550663402306113
TNR:0.5550663402306113
FPR:0.48711751514465657
FPDR:0.48711751514465657
F1:0.5029816582158487
BACC:0.0
CLSFE:0.1375
MCC:0.0532688011526461
GMEAN:0.4504775542155215
SAMPLES:2000.0
AUC:{'AUC macro OVO': 0.5128824848553435}
AVGP:{'avg_precision': 0.8792981114217809}


METRICS_PER_CLASSES
CLASS:0
ACC:0.8625
PREC:0.048582995951417005
REC:0.23076923076923078
TNR:0.8793634496919918
FPR:0.951417004048583
FPDR:0.951417004048583
F1:0.0802675585284281
BACC:0
CLSFE:0.951417004048583
MCC:0.0532688011526461
GMEAN:0.4504775542155215
SAMPLES:247
AUC:{}
AVGP:{}
CLASS:1
ACC:0.8625
PREC:0.9771819737592699
REC:0.8793634496919918
TNR:0.23076923076923078
FPR:0.022818026240730177
FPDR:0.022818026240730177
F1:0.9256957579032694
BACC:0
CLSFE:0.022818026240730177
MCC:0.0532688011526461
GMEAN:0.4504775542155215
SAMPLES:1753
AUC:{}
AVGP:{}
