

GENERAL_METRICS
ACC:0.856
PREC:0.5070848102750043
REC:0.5298998896121199
TNR:0.5298998896121199
FPR:0.4929151897249957
FPDR:0.4929151897249957
F1:0.4934642821966766
BACC:0.0
CLSFE:0.144
MCC:0.02910910820656933
GMEAN:0.4024495813922383
SAMPLES:2000.0
AUC:{'AUC macro OVO': 0.5070848102750043}
AVGP:{'avg_precision': 0.8745739055294792}


METRICS_PER_CLASSES
CLASS:0
ACC:0.856
PREC:0.03937007874015748
REC:0.18518518518518517
TNR:0.8746145940390545
FPR:0.9606299212598425
FPDR:0.9606299212598425
F1:0.06493506493506493
BACC:0
CLSFE:0.9606299212598425
MCC:0.02910910820656933
GMEAN:0.4024495813922383
SAMPLES:254
AUC:{}
AVGP:{}
CLASS:1
ACC:0.856
PREC:0.9747995418098511
REC:0.8746145940390545
TNR:0.18518518518518517
FPR:0.025200458190148912
FPDR:0.025200458190148912
F1:0.9219934994582882
BACC:0
CLSFE:0.025200458190148912
MCC:0.02910910820656933
GMEAN:0.4024495813922383
SAMPLES:1746
AUC:{}
AVGP:{}
