

GENERAL_METRICS
ACC:0.9230588235294117
PREC:0.5848781852718861
REC:0.620806310254163
TNR:0.620806310254163
FPR:0.41512181472811394
FPDR:0.41512181472811394
F1:0.5986234060822092
BACC:0.0
CLSFE:0.07694117647058824
MCC:0.20252229885882492
GMEAN:0.5262231275965819
SAMPLES:4250.0
AUC:{'AUC macro OVO': 0.5848781852718861}
AVGP:{'avg_precision': 0.9498753289558053}


METRICS_PER_CLASSES
CLASS:0
ACC:0.9230588235294117
PREC:0.20078740157480315
REC:0.2914285714285714
TNR:0.9501840490797546
FPR:0.7992125984251969
FPDR:0.7992125984251969
F1:0.23776223776223776
BACC:0
CLSFE:0.7992125984251969
MCC:0.20252229885882492
GMEAN:0.5262231275965819
SAMPLES:254
AUC:{}
AVGP:{}
CLASS:1
ACC:0.9230588235294117
PREC:0.968968968968969
REC:0.9501840490797546
TNR:0.2914285714285714
FPR:0.031031031031031032
FPDR:0.031031031031031032
F1:0.9594845744021806
BACC:0
CLSFE:0.031031031031031032
MCC:0.20252229885882492
GMEAN:0.5262231275965819
SAMPLES:3996
AUC:{}
AVGP:{}
