

GENERAL_METRICS
ACC:0.9289411764705883
PREC:0.6022500000000001
REC:0.6491011642285527
TNR:0.6491011642285527
FPR:0.39775
FPDR:0.39775
F1:0.6200724866766363
BACC:0.0
CLSFE:0.07105882352941177
MCC:0.24694609972517906
GMEAN:0.5735848295645232
SAMPLES:4250.0
AUC:{'AUC macro OVO': 0.60225}
AVGP:{'avg_precision': 0.9526400697466639}


METRICS_PER_CLASSES
CLASS:0
ACC:0.9289411764705883
PREC:0.232
REC:0.34523809523809523
TNR:0.9529642332190102
FPR:0.768
FPDR:0.768
F1:0.27751196172248804
BACC:0
CLSFE:0.768
MCC:0.24694609972517906
GMEAN:0.5735848295645232
SAMPLES:250
AUC:{}
AVGP:{}
CLASS:1
ACC:0.9289411764705883
PREC:0.9725
REC:0.9529642332190102
TNR:0.34523809523809523
FPR:0.0275
FPDR:0.0275
F1:0.9626330116307844
BACC:0
CLSFE:0.0275
MCC:0.24694609972517906
GMEAN:0.5735848295645232
SAMPLES:4000
AUC:{}
AVGP:{}
