

GENERAL_METRICS
ACC:0.9263529411764706
PREC:0.5829266713932162
REC:0.6238086178154671
TNR:0.6238086178154671
FPR:0.4170733286067838
FPDR:0.4170733286067838
F1:0.5980169339049486
BACC:0.0
CLSFE:0.07364705882352941
MCC:0.20265277264554304
GMEAN:0.5309170094411807
SAMPLES:4250.0
AUC:{'AUC macro OVO': 0.5829266713932162}
AVGP:{'avg_precision': 0.9510521412210096}


METRICS_PER_CLASSES
CLASS:0
ACC:0.9263529411764706
PREC:0.19433198380566802
REC:0.2962962962962963
TNR:0.951320939334638
FPR:0.805668016194332
FPDR:0.805668016194332
F1:0.23471882640586797
BACC:0
CLSFE:0.805668016194332
MCC:0.20265277264554304
GMEAN:0.5309170094411807
SAMPLES:247
AUC:{}
AVGP:{}
CLASS:1
ACC:0.9263529411764706
PREC:0.9715213589807644
REC:0.951320939334638
TNR:0.2962962962962963
FPR:0.028478641019235574
FPDR:0.028478641019235574
F1:0.9613150414040291
BACC:0
CLSFE:0.028478641019235574
MCC:0.20265277264554304
GMEAN:0.5309170094411807
SAMPLES:4003
AUC:{}
AVGP:{}
