

GENERAL_METRICS
ACC:0.9331764705882353
PREC:0.6121566082630326
REC:0.6495098039215687
TNR:0.6495098039215687
FPR:0.38784339173696736
FPDR:0.38784339173696736
F1:0.6274691358024691
BACC:0.0
CLSFE:0.06682352941176471
MCC:0.25898658274060604
GMEAN:0.5716585877477833
SAMPLES:4250.0
AUC:{'AUC macro OVO': 0.6121566082630326}
AVGP:{'avg_precision': 0.9575099014730271}


METRICS_PER_CLASSES
CLASS:0
ACC:0.9331764705882353
PREC:0.25217391304347825
REC:0.3411764705882353
TNR:0.957843137254902
FPR:0.7478260869565218
FPDR:0.7478260869565218
F1:0.29
BACC:0
CLSFE:0.7478260869565218
MCC:0.25898658274060604
GMEAN:0.5716585877477833
SAMPLES:230
AUC:{}
AVGP:{}
CLASS:1
ACC:0.9331764705882353
PREC:0.972139303482587
REC:0.957843137254902
TNR:0.3411764705882353
FPR:0.027860696517412936
FPDR:0.027860696517412936
F1:0.9649382716049383
BACC:0
CLSFE:0.027860696517412936
MCC:0.25898658274060604
GMEAN:0.5716585877477833
SAMPLES:4020
AUC:{}
AVGP:{}
