

GENERAL_METRICS
ACC:0.89
PREC:0.7351451574475312
REC:0.7403290940871556
TNR:0.7403290940871556
FPR:0.26485484255246877
FPDR:0.26485484255246877
F1:0.7376930340808288
BACC:0.0
CLSFE:0.11
MCC:0.47544599133170434
GMEAN:0.7140090563527848
SAMPLES:2000.0
AUC:{'AUC macro OVO': 0.7351451574475313}
AVGP:{'avg_precision': 0.9325418197308217}


METRICS_PER_CLASSES
CLASS:0
ACC:0.89
PREC:0.5311203319502075
REC:0.5446808510638298
TNR:0.9359773371104816
FPR:0.46887966804979253
FPDR:0.46887966804979253
F1:0.5378151260504201
BACC:0
CLSFE:0.46887966804979253
MCC:0.47544599133170434
GMEAN:0.7140090563527848
SAMPLES:241
AUC:{}
AVGP:{}
CLASS:1
ACC:0.89
PREC:0.939169982944855
REC:0.9359773371104816
TNR:0.5446808510638298
FPR:0.06083001705514497
FPDR:0.06083001705514497
F1:0.9375709421112373
BACC:0
CLSFE:0.06083001705514497
MCC:0.47544599133170434
GMEAN:0.7140090563527848
SAMPLES:1759
AUC:{}
AVGP:{}
