

GENERAL_METRICS
ACC:0.8935
PREC:0.7710546202842607
REC:0.7650417083175347
TNR:0.7650417083175347
FPR:0.22894537971573922
FPDR:0.22894537971573922
F1:0.767993948236509
BACC:0.0
CLSFE:0.1065
MCC:0.5360626068193944
GMEAN:0.7446423715824675
SAMPLES:2000.0
AUC:{'AUC macro OVO': 0.7710546202842609}
AVGP:{'avg_precision': 0.9360381188519855}


METRICS_PER_CLASSES
CLASS:0
ACC:0.8935
PREC:0.6053639846743295
REC:0.5895522388059702
TNR:0.9405311778290993
FPR:0.3946360153256705
FPDR:0.3946360153256705
F1:0.5973534971644613
BACC:0
CLSFE:0.3946360153256705
MCC:0.5360626068193944
GMEAN:0.7446423715824675
SAMPLES:261
AUC:{}
AVGP:{}
CLASS:1
ACC:0.8935
PREC:0.9367452558941921
REC:0.9405311778290993
TNR:0.5895522388059702
FPR:0.06325474410580793
FPDR:0.06325474410580793
F1:0.9386343993085566
BACC:0
CLSFE:0.06325474410580793
MCC:0.5360626068193944
GMEAN:0.7446423715824675
SAMPLES:1739
AUC:{}
AVGP:{}
