

GENERAL_METRICS
ACC:0.8975
PREC:0.7826599967375347
REC:0.7765012254901962
TNR:0.7765012254901962
FPR:0.21734000326246533
FPDR:0.21734000326246533
F1:0.7795261533067581
BACC:0.0
CLSFE:0.1025
MCC:0.5591273039120274
GMEAN:0.7585046805987398
SAMPLES:2000.0
AUC:{'AUC macro OVO': 0.7826599967375347}
AVGP:{'avg_precision': 0.9381134726224784}


METRICS_PER_CLASSES
CLASS:0
ACC:0.8975
PREC:0.6264150943396226
REC:0.6102941176470589
TNR:0.9427083333333334
FPR:0.37358490566037733
FPDR:0.37358490566037733
F1:0.6182495344506518
BACC:0
CLSFE:0.37358490566037733
MCC:0.5591273039120274
GMEAN:0.7585046805987398
SAMPLES:265
AUC:{}
AVGP:{}
CLASS:1
ACC:0.8975
PREC:0.9389048991354467
REC:0.9427083333333334
TNR:0.6102941176470589
FPR:0.06109510086455332
FPDR:0.06109510086455332
F1:0.9408027721628646
BACC:0
CLSFE:0.06109510086455332
MCC:0.5591273039120274
GMEAN:0.7585046805987398
SAMPLES:1735
AUC:{}
AVGP:{}
