

GENERAL_METRICS
ACC:0.907
PREC:0.7998048313448225
REC:0.7842305543918446
TNR:0.7842305543918446
FPR:0.20019516865517747
FPDR:0.20019516865517747
F1:0.7916965309633027
BACC:0.0
CLSFE:0.093
MCC:0.583827691780691
GMEAN:0.7662853363659695
SAMPLES:2000.0
AUC:{'AUC macro OVO': 0.7998048313448225}
AVGP:{'avg_precision': 0.9467111109357573}


METRICS_PER_CLASSES
CLASS:0
ACC:0.907
PREC:0.657258064516129
REC:0.6174242424242424
TNR:0.951036866359447
FPR:0.34274193548387094
FPDR:0.34274193548387094
F1:0.63671875
BACC:0
CLSFE:0.34274193548387094
MCC:0.583827691780691
GMEAN:0.7662853363659695
SAMPLES:248
AUC:{}
AVGP:{}
CLASS:1
ACC:0.907
PREC:0.942351598173516
REC:0.951036866359447
TNR:0.6174242424242424
FPR:0.057648401826484015
FPDR:0.057648401826484015
F1:0.9466743119266054
BACC:0
CLSFE:0.057648401826484015
MCC:0.583827691780691
GMEAN:0.7662853363659695
SAMPLES:1752
AUC:{}
AVGP:{}
