

GENERAL_METRICS
ACC:0.7688
PREC:0.5997493912658508
REC:0.6226637501519018
TNR:0.6226637501519018
FPR:0.4002506087341492
FPDR:0.4002506087341492
F1:0.6077202820287566
BACC:0.0
CLSFE:0.2312
MCC:0.2212296038783112
GMEAN:0.5853146740956963
SAMPLES:1250.0
AUC:{'AUC macro OVO': 0.5997493912658508}
AVGP:{'avg_precision': 0.8306522392889092}


METRICS_PER_CLASSES
CLASS:0
ACC:0.7688
PREC:0.31496062992125984
REC:0.41025641025641024
TNR:0.8350710900473933
FPR:0.6850393700787402
FPDR:0.6850393700787402
F1:0.35634743875278396
BACC:0
CLSFE:0.6850393700787402
MCC:0.2212296038783112
GMEAN:0.5853146740956963
SAMPLES:254
AUC:{}
AVGP:{}
CLASS:1
ACC:0.7688
PREC:0.8845381526104418
REC:0.8350710900473933
TNR:0.41025641025641024
FPR:0.11546184738955824
FPDR:0.11546184738955824
F1:0.8590931253047294
BACC:0
CLSFE:0.11546184738955824
MCC:0.2212296038783112
GMEAN:0.5853146740956963
SAMPLES:996
AUC:{}
AVGP:{}
