

GENERAL_METRICS
ACC:0.78
PREC:0.6024092242802127
REC:0.6497276916631756
TNR:0.6497276916631756
FPR:0.39759077571978724
FPDR:0.39759077571978724
F1:0.6145172522453318
BACC:0.0
CLSFE:0.22
MCC:0.24765699470431018
GMEAN:0.6251535211533831
SAMPLES:1250.0
AUC:{'AUC macro OVO': 0.6024092242802128}
AVGP:{'avg_precision': 0.8232332471619648}


METRICS_PER_CLASSES
CLASS:0
ACC:0.78
PREC:0.2932330827067669
REC:0.4727272727272727
TNR:0.8267281105990784
FPR:0.706766917293233
FPDR:0.706766917293233
F1:0.3619489559164733
BACC:0
CLSFE:0.706766917293233
MCC:0.24765699470431018
GMEAN:0.6251535211533831
SAMPLES:266
AUC:{}
AVGP:{}
CLASS:1
ACC:0.78
PREC:0.9115853658536586
REC:0.8267281105990784
TNR:0.4727272727272727
FPR:0.08841463414634146
FPDR:0.08841463414634146
F1:0.8670855485741904
BACC:0
CLSFE:0.08841463414634146
MCC:0.24765699470431018
GMEAN:0.6251535211533831
SAMPLES:984
AUC:{}
AVGP:{}
