

GENERAL_METRICS
ACC:0.7928
PREC:0.6297211793483216
REC:0.6653377395100655
TNR:0.6653377395100655
FPR:0.3702788206516784
FPDR:0.3702788206516784
F1:0.6421778135876275
BACC:0.0
CLSFE:0.2072
MCC:0.2929013933734784
GMEAN:0.6401125825668615
SAMPLES:1250.0
AUC:{'AUC macro OVO': 0.6297211793483216}
AVGP:{'avg_precision': 0.842066664655621}


METRICS_PER_CLASSES
CLASS:0
ACC:0.7928
PREC:0.3557312252964427
REC:0.4838709677419355
TNR:0.8468045112781954
FPR:0.6442687747035574
FPDR:0.6442687747035574
F1:0.41002277904328016
BACC:0
CLSFE:0.6442687747035574
MCC:0.2929013933734784
GMEAN:0.6401125825668615
SAMPLES:253
AUC:{}
AVGP:{}
CLASS:1
ACC:0.7928
PREC:0.9037111334002006
REC:0.8468045112781954
TNR:0.4838709677419355
FPR:0.09628886659979939
FPDR:0.09628886659979939
F1:0.8743328481319748
BACC:0
CLSFE:0.09628886659979939
MCC:0.2929013933734784
GMEAN:0.6401125825668615
SAMPLES:997
AUC:{}
AVGP:{}
