

GENERAL_METRICS
ACC:0.7832
PREC:0.6125
REC:0.642748382185002
TNR:0.642748382185002
FPR:0.3875
FPDR:0.3875
F1:0.6228883137123932
BACC:0.0
CLSFE:0.2168
MCC:0.2534497425195987
GMEAN:0.6110017858707673
SAMPLES:1250.0
AUC:{'AUC macro OVO': 0.6125}
AVGP:{'avg_precision': 0.8379014084507043}


METRICS_PER_CLASSES
CLASS:0
ACC:0.7832
PREC:0.328
REC:0.44324324324324327
TNR:0.8422535211267606
FPR:0.672
FPDR:0.672
F1:0.37701149425287356
BACC:0
CLSFE:0.672
MCC:0.2534497425195987
GMEAN:0.6110017858707673
SAMPLES:250
AUC:{}
AVGP:{}
CLASS:1
ACC:0.7832
PREC:0.897
REC:0.8422535211267606
TNR:0.44324324324324327
FPR:0.103
FPDR:0.103
F1:0.8687651331719128
BACC:0
CLSFE:0.103
MCC:0.2534497425195987
GMEAN:0.6110017858707673
SAMPLES:1000
AUC:{}
AVGP:{}
