

GENERAL_METRICS
ACC:0.8026666666666666
PREC:0.7856370510098578
REC:0.7806313536650615
TNR:0.7806313536650615
FPR:0.21436294899014213
FPDR:0.21436294899014213
F1:0.7829589538230509
BACC:0.0
CLSFE:0.19733333333333333
MCC:0.5662462795702684
GMEAN:0.7768727696093574
SAMPLES:750.0
AUC:{'AUC macro OVO': 0.7856370510098578}
AVGP:{'avg_precision': 0.8251246981551241}


METRICS_PER_CLASSES
CLASS:0
ACC:0.8026666666666666
PREC:0.7315175097276264
REC:0.704119850187266
TNR:0.8571428571428571
FPR:0.26848249027237353
FPDR:0.26848249027237353
F1:0.7175572519083969
BACC:0
CLSFE:0.26848249027237353
MCC:0.5662462795702684
GMEAN:0.7768727696093574
SAMPLES:257
AUC:{}
AVGP:{}
CLASS:1
ACC:0.8026666666666666
PREC:0.8397565922920892
REC:0.8571428571428571
TNR:0.704119850187266
FPR:0.16024340770791076
FPDR:0.16024340770791076
F1:0.8483606557377049
BACC:0
CLSFE:0.16024340770791076
MCC:0.5662462795702684
GMEAN:0.7768727696093574
SAMPLES:493
AUC:{}
AVGP:{}
