

GENERAL_METRICS
ACC:0.816
PREC:0.8052515899738122
REC:0.7976063829787234
TNR:0.7976063829787234
FPR:0.1947484100261878
FPDR:0.1947484100261878
F1:0.8009860324883091
BACC:0.0
CLSFE:0.184
MCC:0.6028094942537339
GMEAN:0.7942948163743415
SAMPLES:750.0
AUC:{'AUC macro OVO': 0.8052515899738122}
AVGP:{'avg_precision': 0.8350062166185097}


METRICS_PER_CLASSES
CLASS:0
ACC:0.816
PREC:0.7689393939393939
REC:0.725
TNR:0.8702127659574468
FPR:0.23106060606060605
FPDR:0.23106060606060605
F1:0.7463235294117647
BACC:0
CLSFE:0.23106060606060605
MCC:0.6028094942537339
GMEAN:0.7942948163743415
SAMPLES:264
AUC:{}
AVGP:{}
CLASS:1
ACC:0.816
PREC:0.8415637860082305
REC:0.8702127659574468
TNR:0.725
FPR:0.15843621399176955
FPDR:0.15843621399176955
F1:0.8556485355648535
BACC:0
CLSFE:0.15843621399176955
MCC:0.6028094942537339
GMEAN:0.7942948163743415
SAMPLES:486
AUC:{}
AVGP:{}
