

GENERAL_METRICS
ACC:0.7946666666666666
PREC:0.7752696812525872
REC:0.7657193897938557
TNR:0.7657193897938557
FPR:0.22473031874741278
FPDR:0.22473031874741278
F1:0.7699129852744311
BACC:0.0
CLSFE:0.20533333333333334
MCC:0.5409047669643395
GMEAN:0.7597756819513521
SAMPLES:750.0
AUC:{'AUC macro OVO': 0.7752696812525872}
AVGP:{'avg_precision': 0.8295700842600324}


METRICS_PER_CLASSES
CLASS:0
ACC:0.7946666666666666
PREC:0.720164609053498
REC:0.6704980842911877
TNR:0.8609406952965235
FPR:0.27983539094650206
FPDR:0.27983539094650206
F1:0.6944444444444444
BACC:0
CLSFE:0.27983539094650206
MCC:0.5409047669643395
GMEAN:0.7597756819513521
SAMPLES:243
AUC:{}
AVGP:{}
CLASS:1
ACC:0.7946666666666666
PREC:0.8303747534516766
REC:0.8609406952965235
TNR:0.6704980842911877
FPR:0.16962524654832348
FPDR:0.16962524654832348
F1:0.8453815261044176
BACC:0
CLSFE:0.16962524654832348
MCC:0.5409047669643395
GMEAN:0.7597756819513521
SAMPLES:507
AUC:{}
AVGP:{}
