

GENERAL_METRICS
ACC:0.832
PREC:0.8218162731328684
REC:0.8107448107448108
TNR:0.8107448107448108
FPR:0.17818372686713163
FPDR:0.17818372686713163
F1:0.8155464120361333
BACC:0.0
CLSFE:0.168
MCC:0.6324641867782665
GMEAN:0.8069700435584032
SAMPLES:750.0
AUC:{'AUC macro OVO': 0.8218162731328683}
AVGP:{'avg_precision': 0.8556610775765705}


METRICS_PER_CLASSES
CLASS:0
ACC:0.832
PREC:0.7905138339920948
REC:0.7326007326007326
TNR:0.8888888888888888
FPR:0.20948616600790515
FPDR:0.20948616600790515
F1:0.7604562737642585
BACC:0
CLSFE:0.20948616600790515
MCC:0.6324641867782665
GMEAN:0.8069700435584032
SAMPLES:253
AUC:{}
AVGP:{}
CLASS:1
ACC:0.832
PREC:0.8531187122736419
REC:0.8888888888888888
TNR:0.7326007326007326
FPR:0.14688128772635814
FPDR:0.14688128772635814
F1:0.8706365503080082
BACC:0
CLSFE:0.14688128772635814
MCC:0.6324641867782665
GMEAN:0.8069700435584032
SAMPLES:497
AUC:{}
AVGP:{}
