

GENERAL_METRICS
ACC:0.9094285714285715
PREC:0.5247721121335542
REC:0.5557393179973539
TNR:0.5557393179973539
FPR:0.4752278878664458
FPDR:0.4752278878664458
F1:0.5296686060683136
BACC:0.0
CLSFE:0.09057142857142857
MCC:0.07431771351914118
GMEAN:0.40877674982046447
SAMPLES:3500.0
AUC:{'AUC macro OVO': 0.5247721121335542}
AVGP:{'avg_precision': 0.9321430022282771}


METRICS_PER_CLASSES
CLASS:0
ACC:0.9094285714285715
PREC:0.07630522088353414
REC:0.1792452830188679
TNR:0.9322333529758398
FPR:0.9236947791164659
FPDR:0.9236947791164659
F1:0.10704225352112676
BACC:0
CLSFE:0.9236947791164659
MCC:0.07431771351914118
GMEAN:0.40877674982046447
SAMPLES:249
AUC:{}
AVGP:{}
CLASS:1
ACC:0.9094285714285715
PREC:0.9732390033835743
REC:0.9322333529758398
TNR:0.1792452830188679
FPR:0.026760996616425715
FPDR:0.026760996616425715
F1:0.9522949586155004
BACC:0
CLSFE:0.026760996616425715
MCC:0.07431771351914118
GMEAN:0.40877674982046447
SAMPLES:3251
AUC:{}
AVGP:{}
