

GENERAL_METRICS
ACC:0.9094285714285715
PREC:0.5156164477285167
REC:0.5403407279762412
TNR:0.5403407279762412
FPR:0.4843835522714833
FPDR:0.4843835522714833
F1:0.5167630309563476
BACC:0.0
CLSFE:0.09057142857142857
MCC:0.050198759736522644
GMEAN:0.3741946693300062
SAMPLES:3500.0
AUC:{'AUC macro OVO': 0.5156164477285168}
AVGP:{'avg_precision': 0.9300916781011566}


METRICS_PER_CLASSES
CLASS:0
ACC:0.9094285714285715
PREC:0.05555555555555555
REC:0.15053763440860216
TNR:0.9301438215438802
FPR:0.9444444444444444
FPDR:0.9444444444444444
F1:0.08115942028985507
BACC:0
CLSFE:0.9444444444444444
MCC:0.050198759736522644
GMEAN:0.3741946693300062
SAMPLES:252
AUC:{}
AVGP:{}
CLASS:1
ACC:0.9094285714285715
PREC:0.9756773399014779
REC:0.9301438215438802
TNR:0.15053763440860216
FPR:0.02432266009852217
FPDR:0.02432266009852217
F1:0.95236664162284
BACC:0
CLSFE:0.02432266009852217
MCC:0.050198759736522644
GMEAN:0.3741946693300062
SAMPLES:3248
AUC:{}
AVGP:{}
