

GENERAL_METRICS
ACC:0.904
PREC:0.5312635855307539
REC:0.5539404598711947
TNR:0.5539404598711947
FPR:0.46873641446924613
FPDR:0.46873641446924613
F1:0.5371070133010882
BACC:0.0
CLSFE:0.096
MCC:0.08213092427950128
GMEAN:0.40302505613425865
SAMPLES:3500.0
AUC:{'AUC macro OVO': 0.5312635855307538}
AVGP:{'avg_precision': 0.933818856804177}


METRICS_PER_CLASSES
CLASS:0
ACC:0.904
PREC:0.0975609756097561
REC:0.17391304347826086
TNR:0.9339678762641285
FPR:0.9024390243902439
FPDR:0.9024390243902439
F1:0.125
BACC:0
CLSFE:0.9024390243902439
MCC:0.08213092427950128
GMEAN:0.40302505613425865
SAMPLES:246
AUC:{}
AVGP:{}
CLASS:1
ACC:0.904
PREC:0.9649661954517517
REC:0.9339678762641285
TNR:0.17391304347826086
FPR:0.03503380454824831
FPDR:0.03503380454824831
F1:0.9492140266021766
BACC:0
CLSFE:0.03503380454824831
MCC:0.08213092427950128
GMEAN:0.40302505613425865
SAMPLES:3254
AUC:{}
AVGP:{}
