

GENERAL_METRICS
ACC:0.9197142857142857
PREC:0.5308112026862026
REC:0.5698972099853157
TNR:0.5698972099853157
FPR:0.4691887973137973
FPDR:0.4691887973137973
F1:0.5385313425664602
BACC:0.0
CLSFE:0.08028571428571428
MCC:0.09281416064497126
GMEAN:0.43354225168272387
SAMPLES:3500.0
AUC:{'AUC macro OVO': 0.5308112026862027}
AVGP:{'avg_precision': 0.939706393133706}


METRICS_PER_CLASSES
CLASS:0
ACC:0.9197142857142857
PREC:0.08482142857142858
REC:0.2
TNR:0.9397944199706314
FPR:0.9151785714285714
FPDR:0.9151785714285714
F1:0.11912225705329153
BACC:0
CLSFE:0.9151785714285714
MCC:0.09281416064497126
GMEAN:0.43354225168272387
SAMPLES:224
AUC:{}
AVGP:{}
CLASS:1
ACC:0.9197142857142857
PREC:0.9768009768009768
REC:0.9397944199706314
TNR:0.2
FPR:0.0231990231990232
FPDR:0.0231990231990232
F1:0.9579404280796288
BACC:0
CLSFE:0.0231990231990232
MCC:0.09281416064497126
GMEAN:0.43354225168272387
SAMPLES:3276
AUC:{}
AVGP:{}
