

GENERAL_METRICS
ACC:0.9046153846153846
PREC:0.5555123366588522
REC:0.6057114830237027
TNR:0.6057114830237027
FPR:0.4444876633411478
FPDR:0.4444876633411478
F1:0.568905760873844
BACC:0.0
CLSFE:0.09538461538461539
MCC:0.15320954845333015
GMEAN:0.5114793707480614
SAMPLES:3250.0
AUC:{'AUC macro OVO': 0.5555123366588521}
AVGP:{'avg_precision': 0.9299172695445633}


METRICS_PER_CLASSES
CLASS:0
ACC:0.9046153846153846
PREC:0.14173228346456693
REC:0.28125
TNR:0.9301729660474055
FPR:0.8582677165354331
FPDR:0.8582677165354331
F1:0.18848167539267016
BACC:0
CLSFE:0.8582677165354331
MCC:0.15320954845333015
GMEAN:0.5114793707480614
SAMPLES:254
AUC:{}
AVGP:{}
CLASS:1
ACC:0.9046153846153846
PREC:0.9692923898531375
REC:0.9301729660474055
TNR:0.28125
FPR:0.030707610146862484
FPDR:0.030707610146862484
F1:0.9493298463550179
BACC:0
CLSFE:0.030707610146862484
MCC:0.15320954845333015
GMEAN:0.5114793707480614
SAMPLES:2996
AUC:{}
AVGP:{}
