

GENERAL_METRICS
ACC:0.9135384615384615
PREC:0.576690880534014
REC:0.644
TNR:0.644
FPR:0.4233091194659861
FPDR:0.4233091194659861
F1:0.5963248655484434
BACC:0.0
CLSFE:0.08646153846153846
MCC:0.21017599098753414
GMEAN:0.5739965156688671
SAMPLES:3250.0
AUC:{'AUC macro OVO': 0.5766908805340138}
AVGP:{'avg_precision': 0.9357015200368494}


METRICS_PER_CLASSES
CLASS:0
ACC:0.9135384615384615
PREC:0.18032786885245902
REC:0.352
TNR:0.936
FPR:0.819672131147541
FPDR:0.819672131147541
F1:0.23848238482384823
BACC:0
CLSFE:0.819672131147541
MCC:0.21017599098753414
GMEAN:0.5739965156688671
SAMPLES:244
AUC:{}
AVGP:{}
CLASS:1
ACC:0.9135384615384615
PREC:0.9730538922155688
REC:0.936
TNR:0.352
FPR:0.02694610778443114
FPDR:0.02694610778443114
F1:0.9541673462730387
BACC:0
CLSFE:0.02694610778443114
MCC:0.21017599098753414
GMEAN:0.5739965156688671
SAMPLES:3006
AUC:{}
AVGP:{}
