

GENERAL_METRICS
ACC:0.9107692307692308
PREC:0.5764411027568922
REC:0.6367699807748437
TNR:0.6367699807748437
FPR:0.42355889724310775
FPDR:0.42355889724310775
F1:0.5947282421740626
BACC:0.0
CLSFE:0.08923076923076922
MCC:0.2044979037004341
GMEAN:0.562511382407553
SAMPLES:3250.0
AUC:{'AUC macro OVO': 0.5764411027568923}
AVGP:{'avg_precision': 0.9348660647447943}


METRICS_PER_CLASSES
CLASS:0
ACC:0.9107692307692308
PREC:0.18218623481781376
REC:0.3383458646616541
TNR:0.9351940968880333
FPR:0.8178137651821862
FPDR:0.8178137651821862
F1:0.23684210526315788
BACC:0
CLSFE:0.8178137651821862
MCC:0.2044979037004341
GMEAN:0.562511382407553
SAMPLES:247
AUC:{}
AVGP:{}
CLASS:1
ACC:0.9107692307692308
PREC:0.9706959706959707
REC:0.9351940968880333
TNR:0.3383458646616541
FPR:0.029304029304029304
FPDR:0.029304029304029304
F1:0.9526143790849673
BACC:0
CLSFE:0.029304029304029304
MCC:0.2044979037004341
GMEAN:0.562511382407553
SAMPLES:3003
AUC:{}
AVGP:{}
