

GENERAL_METRICS
ACC:0.9163076923076923
PREC:0.5762605412653047
REC:0.6427131948791497
TNR:0.6427131948791497
FPR:0.4237394587346953
FPDR:0.4237394587346953
F1:0.595842111423221
BACC:0.0
CLSFE:0.08369230769230769
MCC:0.20864693131876988
GMEAN:0.5706991215881105
SAMPLES:3250.0
AUC:{'AUC macro OVO': 0.5762605412653047}
AVGP:{'avg_precision': 0.9380405089955325}


METRICS_PER_CLASSES
CLASS:0
ACC:0.9163076923076923
PREC:0.17872340425531916
REC:0.34710743801652894
TNR:0.9383189517417705
FPR:0.8212765957446808
FPDR:0.8212765957446808
F1:0.23595505617977527
BACC:0
CLSFE:0.8212765957446808
MCC:0.20864693131876988
GMEAN:0.5706991215881105
SAMPLES:235
AUC:{}
AVGP:{}
CLASS:1
ACC:0.9163076923076923
PREC:0.9737976782752902
REC:0.9383189517417705
TNR:0.34710743801652894
FPR:0.026202321724709786
FPDR:0.026202321724709786
F1:0.9557291666666666
BACC:0
CLSFE:0.026202321724709786
MCC:0.20864693131876988
GMEAN:0.5706991215881105
SAMPLES:3015
AUC:{}
AVGP:{}
