

GENERAL_METRICS
ACC:0.9090909090909091
PREC:0.6463486812039155
REC:0.745812790525015
TNR:0.745812790525015
FPR:0.3536513187960844
FPDR:0.3536513187960844
F1:0.6791754786468531
BACC:0.0
CLSFE:0.09090909090909091
MCC:0.3793382538916438
GMEAN:0.722829998768262
SAMPLES:2750.0
AUC:{'AUC macro OVO': 0.6463486812039156}
AVGP:{'avg_precision': 0.9287954234518604}


METRICS_PER_CLASSES
CLASS:0
ACC:0.9090909090909091
PREC:0.31970260223048325
REC:0.5620915032679739
TNR:0.9295340777820562
FPR:0.6802973977695167
FPDR:0.6802973977695167
F1:0.4075829383886256
BACC:0
CLSFE:0.6802973977695167
MCC:0.3793382538916438
GMEAN:0.722829998768262
SAMPLES:269
AUC:{}
AVGP:{}
CLASS:1
ACC:0.9090909090909091
PREC:0.9729947601773479
REC:0.9295340777820562
TNR:0.5620915032679739
FPR:0.027005239822652155
FPDR:0.027005239822652155
F1:0.9507680189050808
BACC:0
CLSFE:0.027005239822652155
MCC:0.3793382538916438
GMEAN:0.722829998768262
SAMPLES:2481
AUC:{}
AVGP:{}
