

GENERAL_METRICS
ACC:0.9109090909090909
PREC:0.6544892083327312
REC:0.7242903502555113
TNR:0.7242903502555113
FPR:0.34551079166726884
FPDR:0.34551079166726884
F1:0.6807288149648743
BACC:0.0
CLSFE:0.0890909090909091
MCC:0.37229256585457043
GMEAN:0.6924953271030837
SAMPLES:2750.0
AUC:{'AUC macro OVO': 0.6544892083327312}
AVGP:{'avg_precision': 0.9356555325519667}


METRICS_PER_CLASSES
CLASS:0
ACC:0.9109090909090909
PREC:0.3413654618473896
REC:0.5120481927710844
TNR:0.9365325077399381
FPR:0.6586345381526104
FPDR:0.6586345381526104
F1:0.40963855421686746
BACC:0
CLSFE:0.6586345381526104
MCC:0.37229256585457043
GMEAN:0.6924953271030837
SAMPLES:249
AUC:{}
AVGP:{}
CLASS:1
ACC:0.9109090909090909
PREC:0.9676129548180727
REC:0.9365325077399381
TNR:0.5120481927710844
FPR:0.032387045181927226
FPDR:0.032387045181927226
F1:0.951819075712881
BACC:0
CLSFE:0.032387045181927226
MCC:0.37229256585457043
GMEAN:0.6924953271030837
SAMPLES:2501
AUC:{}
AVGP:{}
