

GENERAL_METRICS
ACC:0.9076363636363637
PREC:0.6551508602423934
REC:0.7337323301413589
TNR:0.7337323301413589
FPR:0.3448491397576066
FPDR:0.3448491397576066
F1:0.683636607388727
BACC:0.0
CLSFE:0.09236363636363637
MCC:0.38086098297353027
GMEAN:0.7063889920693378
SAMPLES:2750.0
AUC:{'AUC macro OVO': 0.6551508602423934}
AVGP:{'avg_precision': 0.9312514897316043}


METRICS_PER_CLASSES
CLASS:0
ACC:0.9076363636363637
PREC:0.34210526315789475
REC:0.5352941176470588
TNR:0.9321705426356589
FPR:0.6578947368421053
FPDR:0.6578947368421053
F1:0.41743119266055045
BACC:0
CLSFE:0.6578947368421053
MCC:0.38086098297353027
GMEAN:0.7063889920693378
SAMPLES:266
AUC:{}
AVGP:{}
CLASS:1
ACC:0.9076363636363637
PREC:0.9681964573268921
REC:0.9321705426356589
TNR:0.5352941176470588
FPR:0.03180354267310789
FPDR:0.03180354267310789
F1:0.9498420221169036
BACC:0
CLSFE:0.03180354267310789
MCC:0.38086098297353027
GMEAN:0.7063889920693378
SAMPLES:2484
AUC:{}
AVGP:{}
