

GENERAL_METRICS
ACC:0.9138181818181819
PREC:0.647958662422885
REC:0.7476037918481577
TNR:0.7476037918481577
FPR:0.35204133757711503
FPDR:0.35204133757711503
F1:0.681248927103696
BACC:0.0
CLSFE:0.08618181818181818
MCC:0.3828060911359058
GMEAN:0.7241065696871148
SAMPLES:2750.0
AUC:{'AUC macro OVO': 0.6479586624228849}
AVGP:{'avg_precision': 0.932889349149353}


METRICS_PER_CLASSES
CLASS:0
ACC:0.9138181818181819
PREC:0.3215686274509804
REC:0.5616438356164384
TNR:0.9335637480798771
FPR:0.6784313725490196
FPDR:0.6784313725490196
F1:0.4089775561097257
BACC:0
CLSFE:0.6784313725490196
MCC:0.3828060911359058
GMEAN:0.7241065696871148
SAMPLES:255
AUC:{}
AVGP:{}
CLASS:1
ACC:0.9138181818181819
PREC:0.9743486973947896
REC:0.9335637480798771
TNR:0.5616438356164384
FPR:0.02565130260521042
FPDR:0.02565130260521042
F1:0.9535202980976663
BACC:0
CLSFE:0.02565130260521042
MCC:0.3828060911359058
GMEAN:0.7241065696871148
SAMPLES:2495
AUC:{}
AVGP:{}
