

GENERAL_METRICS
ACC:0.9185714285714286
PREC:0.6124336049389583
REC:0.6467072386837249
TNR:0.6467072386837249
FPR:0.38756639506104174
FPDR:0.38756639506104174
F1:0.6265408699070565
BACC:0.0
CLSFE:0.08142857142857143
MCC:0.25686435109490285
GMEAN:0.5719256315172434
SAMPLES:3500.0
AUC:{'AUC macro OVO': 0.6124336049389583}
AVGP:{'avg_precision': 0.9480782017777747}


METRICS_PER_CLASSES
CLASS:0
ACC:0.9185714285714286
PREC:0.2597402597402597
REC:0.3448275862068966
TNR:0.9485868911605532
FPR:0.7402597402597403
FPDR:0.7402597402597403
F1:0.2962962962962963
BACC:0
CLSFE:0.7402597402597403
MCC:0.25686435109490285
GMEAN:0.5719256315172434
SAMPLES:231
AUC:{}
AVGP:{}
CLASS:1
ACC:0.9185714285714286
PREC:0.9651269501376568
REC:0.9485868911605532
TNR:0.3448275862068966
FPR:0.03487304986234322
FPDR:0.03487304986234322
F1:0.9567854435178166
BACC:0
CLSFE:0.03487304986234322
MCC:0.25686435109490285
GMEAN:0.5719256315172434
SAMPLES:3269
AUC:{}
AVGP:{}
