

GENERAL_METRICS
ACC:0.9131428571428571
PREC:0.6289853426687911
REC:0.6675780055356536
TNR:0.6675780055356536
FPR:0.3710146573312088
FPDR:0.3710146573312088
F1:0.644887785875345
BACC:0.0
CLSFE:0.08685714285714285
MCC:0.29404153766275176
GMEAN:0.6075270926338824
SAMPLES:3500.0
AUC:{'AUC macro OVO': 0.6289853426687911}
AVGP:{'avg_precision': 0.9435941661809807}


METRICS_PER_CLASSES
CLASS:0
ACC:0.9131428571428571
PREC:0.2950191570881226
REC:0.39086294416243655
TNR:0.9442930669088707
FPR:0.7049808429118773
FPDR:0.7049808429118773
F1:0.33624454148471616
BACC:0
CLSFE:0.7049808429118773
MCC:0.29404153766275176
GMEAN:0.6075270926338824
SAMPLES:261
AUC:{}
AVGP:{}
CLASS:1
ACC:0.9131428571428571
PREC:0.9629515282494597
REC:0.9442930669088707
TNR:0.39086294416243655
FPR:0.03704847175054029
FPDR:0.03704847175054029
F1:0.9535310302659737
BACC:0
CLSFE:0.03704847175054029
MCC:0.29404153766275176
GMEAN:0.6075270926338824
SAMPLES:3239
AUC:{}
AVGP:{}
