

GENERAL_METRICS
ACC:0.9111428571428571
PREC:0.6038068054750073
REC:0.6319476564909035
TNR:0.6319476564909035
FPR:0.3961931945249927
FPDR:0.3961931945249927
F1:0.6155393451418266
BACC:0.0
CLSFE:0.08885714285714286
MCC:0.23406891899809595
GMEAN:0.5491036342167872
SAMPLES:3500.0
AUC:{'AUC macro OVO': 0.6038068054750073}
AVGP:{'avg_precision': 0.9441893017809706}


METRICS_PER_CLASSES
CLASS:0
ACC:0.9111428571428571
PREC:0.24691358024691357
REC:0.3191489361702128
TNR:0.9447463768115942
FPR:0.7530864197530864
FPDR:0.7530864197530864
F1:0.27842227378190254
BACC:0
CLSFE:0.7530864197530864
MCC:0.23406891899809595
GMEAN:0.5491036342167872
SAMPLES:243
AUC:{}
AVGP:{}
CLASS:1
ACC:0.9111428571428571
PREC:0.9607000307031011
REC:0.9447463768115942
TNR:0.3191489361702128
FPR:0.03929996929689899
FPDR:0.03929996929689899
F1:0.9526564165017507
BACC:0
CLSFE:0.03929996929689899
MCC:0.23406891899809595
GMEAN:0.5491036342167872
SAMPLES:3257
AUC:{}
AVGP:{}
