

GENERAL_METRICS
ACC:0.9131428571428571
PREC:0.6070661712312717
REC:0.6547438848224715
TNR:0.6547438848224715
FPR:0.3929338287687283
FPDR:0.3929338287687283
F1:0.6250056390129471
BACC:0.0
CLSFE:0.08685714285714285
MCC:0.25743220676049783
GMEAN:0.588525272517725
SAMPLES:3500.0
AUC:{'AUC macro OVO': 0.6070661712312717}
AVGP:{'avg_precision': 0.9411496369831555}


METRICS_PER_CLASSES
CLASS:0
ACC:0.9131428571428571
PREC:0.24806201550387597
REC:0.367816091954023
TNR:0.94167167769092
FPR:0.751937984496124
FPDR:0.751937984496124
F1:0.2962962962962963
BACC:0
CLSFE:0.751937984496124
MCC:0.25743220676049783
GMEAN:0.588525272517725
SAMPLES:258
AUC:{}
AVGP:{}
CLASS:1
ACC:0.9131428571428571
PREC:0.9660703269586675
REC:0.94167167769092
TNR:0.367816091954023
FPR:0.03392967304133251
FPDR:0.03392967304133251
F1:0.953714981729598
BACC:0
CLSFE:0.03392967304133251
MCC:0.25743220676049783
GMEAN:0.588525272517725
SAMPLES:3242
AUC:{}
AVGP:{}
