

GENERAL_METRICS
ACC:0.8232
PREC:0.7487651021928545
REC:0.7245150021376813
TNR:0.7245150021376813
FPR:0.25123489780714536
FPDR:0.25123489780714536
F1:0.7350523996819669
BACC:0.0
CLSFE:0.1768
MCC:0.47265842825706283
GMEAN:0.7017104305401515
SAMPLES:1250.0
AUC:{'AUC macro OVO': 0.7487651021928545}
AVGP:{'avg_precision': 0.8917984500467623}


METRICS_PER_CLASSES
CLASS:0
ACC:0.8232
PREC:0.6260162601626016
REC:0.5441696113074205
TNR:0.9048603929679421
FPR:0.37398373983739835
FPDR:0.37398373983739835
F1:0.5822306238185255
BACC:0
CLSFE:0.37398373983739835
MCC:0.47265842825706283
GMEAN:0.7017104305401515
SAMPLES:246
AUC:{}
AVGP:{}
CLASS:1
ACC:0.8232
PREC:0.8715139442231076
REC:0.9048603929679421
TNR:0.5441696113074205
FPR:0.12848605577689243
FPDR:0.12848605577689243
F1:0.8878741755454084
BACC:0
CLSFE:0.12848605577689243
MCC:0.47265842825706283
GMEAN:0.7017104305401515
SAMPLES:1004
AUC:{}
AVGP:{}
