

GENERAL_METRICS
ACC:0.9211428571428572
PREC:0.49523809523809526
REC:0.4646872297492073
TNR:0.4646872297492073
FPR:0.5047619047619047
FPDR:0.5047619047619047
F1:0.47947650208209397
BACC:0.0
CLSFE:0.07885714285714286
MCC:-0.025934999426512333
GMEAN:0.0
SAMPLES:3500.0
AUC:{'AUC macro OVO': 0.49523809523809526}
AVGP:{'avg_precision': 0.929380417027001}


METRICS_PER_CLASSES
CLASS:0
ACC:0.9211428571428572
PREC:0.0
REC:0.0
TNR:0.9293744594984146
FPR:1.0
FPDR:1.0
F1:0.0
BACC:0
CLSFE:1.0
MCC:-0.025934999426512333
GMEAN:0
SAMPLES:245
AUC:{}
AVGP:{}
CLASS:1
ACC:0.9211428571428572
PREC:0.9904761904761905
REC:0.9293744594984146
TNR:0.0
FPR:0.009523809523809525
FPDR:0.009523809523809525
F1:0.9589530041641879
BACC:0
CLSFE:0.009523809523809525
MCC:-0.025934999426512333
GMEAN:0
SAMPLES:3255
AUC:{}
AVGP:{}
