

GENERAL_METRICS
ACC:0.9185714285714286
PREC:0.49598889231718607
REC:0.4627230857800806
TNR:0.4627230857800806
FPR:0.504011107682814
FPDR:0.504011107682814
F1:0.4787788533134773
BACC:0.0
CLSFE:0.08142857142857143
MCC:-0.024455814606683224
GMEAN:0.0
SAMPLES:3500.0
AUC:{'AUC macro OVO': 0.49598889231718607}
AVGP:{'avg_precision': 0.9254506144911813}


METRICS_PER_CLASSES
CLASS:0
ACC:0.9185714285714286
PREC:0.0
REC:0.0
TNR:0.9254461715601612
FPR:1.0
FPDR:1.0
F1:0.0
BACC:0
CLSFE:1.0
MCC:-0.024455814606683224
GMEAN:0
SAMPLES:259
AUC:{}
AVGP:{}
CLASS:1
ACC:0.9185714285714286
PREC:0.9919777846343721
REC:0.9254461715601612
TNR:0.0
FPR:0.008022215365627893
FPDR:0.008022215365627893
F1:0.9575577066269546
BACC:0
CLSFE:0.008022215365627893
MCC:-0.024455814606683224
GMEAN:0
SAMPLES:3241
AUC:{}
AVGP:{}
