

GENERAL_METRICS
ACC:0.9117142857142857
PREC:0.49243827160493825
REC:0.4623297594900029
TNR:0.4623297594900029
FPR:0.5075617283950618
FPDR:0.5075617283950618
F1:0.4769092811238978
BACC:0.0
CLSFE:0.08828571428571429
MCC:-0.0337551256737847
GMEAN:0.0
SAMPLES:3500.0
AUC:{'AUC macro OVO': 0.49243827160493825}
AVGP:{'avg_precision': 0.9246754706991352}


METRICS_PER_CLASSES
CLASS:0
ACC:0.9117142857142857
PREC:0.0
REC:0.0
TNR:0.9246595189800058
FPR:1.0
FPDR:1.0
F1:0.0
BACC:0
CLSFE:1.0
MCC:-0.0337551256737847
GMEAN:0
SAMPLES:260
AUC:{}
AVGP:{}
CLASS:1
ACC:0.9117142857142857
PREC:0.9848765432098765
REC:0.9246595189800058
TNR:0.0
FPR:0.015123456790123457
FPDR:0.015123456790123457
F1:0.9538185622477956
BACC:0
CLSFE:0.015123456790123457
MCC:-0.0337551256737847
GMEAN:0
SAMPLES:3240
AUC:{}
AVGP:{}
