

GENERAL_METRICS
ACC:0.9117142857142857
PREC:0.49426889714993805
REC:0.4607276927519492
TNR:0.4607276927519492
FPR:0.505731102850062
FPDR:0.505731102850062
F1:0.4769092811238978
BACC:0.0
CLSFE:0.08828571428571429
MCC:-0.03000490839831463
GMEAN:0.0
SAMPLES:3500.0
AUC:{'AUC macro OVO': 0.49426889714993805}
AVGP:{'avg_precision': 0.9214649029031943}


METRICS_PER_CLASSES
CLASS:0
ACC:0.9117142857142857
PREC:0.0
REC:0.0
TNR:0.9214553855038984
FPR:1.0
FPDR:1.0
F1:0.0
BACC:0
CLSFE:1.0
MCC:-0.03000490839831463
GMEAN:0
SAMPLES:272
AUC:{}
AVGP:{}
CLASS:1
ACC:0.9117142857142857
PREC:0.9885377942998761
REC:0.9214553855038984
TNR:0.0
FPR:0.011462205700123915
FPDR:0.011462205700123915
F1:0.9538185622477956
BACC:0
CLSFE:0.011462205700123915
MCC:-0.03000490839831463
GMEAN:0
SAMPLES:3228
AUC:{}
AVGP:{}
