

GENERAL_METRICS
ACC:0.94075
PREC:0.5039536638668088
REC:0.7205955955955956
TNR:0.7205955955955956
FPR:0.49604633613319116
FPDR:0.49604633613319116
F1:0.4930261685131816
BACC:0.0
CLSFE:0.05925
MCC:0.05906473856654181
GMEAN:0.6859997052445399
SAMPLES:4000.0
AUC:{'AUC macro OVO': 0.5039536638668088}
AVGP:{'avg_precision': 0.941190956702118}


METRICS_PER_CLASSES
CLASS:0
ACC:0.94075
PREC:0.008438818565400843
REC:0.5
TNR:0.9411911911911912
FPR:0.9915611814345991
FPDR:0.9915611814345991
F1:0.016597510373443983
BACC:0
CLSFE:0.9915611814345991
MCC:0.05906473856654181
GMEAN:0.6859997052445399
SAMPLES:237
AUC:{}
AVGP:{}
CLASS:1
ACC:0.94075
PREC:0.9994685091682168
REC:0.9411911911911912
TNR:0.5
FPR:0.0005314908317831517
FPDR:0.0005314908317831517
F1:0.9694548266529192
BACC:0
CLSFE:0.0005314908317831517
MCC:0.05906473856654181
GMEAN:0.6859997052445399
SAMPLES:3763
AUC:{}
AVGP:{}
