

GENERAL_METRICS
ACC:0.94025
PREC:0.4998670919723551
REC:0.47024256064016007
TNR:0.47024256064016007
FPR:0.5001329080276449
FPDR:0.5001329080276449
F1:0.48460249967787655
BACC:0.0
CLSFE:0.05975
MCC:-0.0039774376541075514
GMEAN:0.0
SAMPLES:4000.0
AUC:{'AUC macro OVO': 0.4998670919723551}
AVGP:{'avg_precision': 0.9404851252353227}


METRICS_PER_CLASSES
CLASS:0
ACC:0.94025
PREC:0.0
REC:0.0
TNR:0.9404851212803201
FPR:1.0
FPDR:1.0
F1:0.0
BACC:0
CLSFE:1.0
MCC:-0.0039774376541075514
GMEAN:0
SAMPLES:238
AUC:{}
AVGP:{}
CLASS:1
ACC:0.94025
PREC:0.9997341839447103
REC:0.9404851212803201
TNR:0.0
FPR:0.0002658160552897395
FPDR:0.0002658160552897395
F1:0.9692049993557531
BACC:0
CLSFE:0.0002658160552897395
MCC:-0.0039774376541075514
GMEAN:0
SAMPLES:3762
AUC:{}
AVGP:{}
