

GENERAL_METRICS
ACC:0.93475
PREC:0.49973269179363805
REC:0.4676088044022011
TNR:0.4676088044022011
FPR:0.5002673082063619
FPDR:0.5002673082063619
F1:0.4831373562475772
BACC:0.0
CLSFE:0.06525
MCC:-0.005885042870588535
GMEAN:0.0
SAMPLES:4000.0
AUC:{'AUC macro OVO': 0.49973269179363805}
AVGP:{'avg_precision': 0.935217626121267}


METRICS_PER_CLASSES
CLASS:0
ACC:0.93475
PREC:0.0
REC:0.0
TNR:0.9352176088044022
FPR:1.0
FPDR:1.0
F1:0.0
BACC:0
CLSFE:1.0
MCC:-0.005885042870588535
GMEAN:0
SAMPLES:259
AUC:{}
AVGP:{}
CLASS:1
ACC:0.93475
PREC:0.9994653835872761
REC:0.9352176088044022
TNR:0.0
FPR:0.0005346164127238706
FPDR:0.0005346164127238706
F1:0.9662747124951544
BACC:0
CLSFE:0.0005346164127238706
MCC:-0.005885042870588535
GMEAN:0
SAMPLES:3741
AUC:{}
AVGP:{}
