

GENERAL_METRICS
ACC:0.9341176470588235
PREC:0.49674674674674674
REC:0.4699337121212121
TNR:0.4699337121212121
FPR:0.5032532532532532
FPDR:0.5032532532532532
F1:0.4829683698296837
BACC:0.0
CLSFE:0.06588235294117648
MCC:-0.01978011616294662
GMEAN:0.0
SAMPLES:4250.0
AUC:{'AUC macro OVO': 0.49674674674674674}
AVGP:{'avg_precision': 0.9398698177901609}


METRICS_PER_CLASSES
CLASS:0
ACC:0.9341176470588235
PREC:0.0
REC:0.0
TNR:0.9398674242424242
FPR:1.0
FPDR:1.0
F1:0.0
BACC:0
CLSFE:1.0
MCC:-0.01978011616294662
GMEAN:0
SAMPLES:254
AUC:{}
AVGP:{}
CLASS:1
ACC:0.9341176470588235
PREC:0.9934934934934935
REC:0.9398674242424242
TNR:0.0
FPR:0.0065065065065065065
FPDR:0.0065065065065065065
F1:0.9659367396593674
BACC:0
CLSFE:0.0065065065065065065
MCC:-0.01978011616294662
GMEAN:0
SAMPLES:3996
AUC:{}
AVGP:{}
