

GENERAL_METRICS
ACC:0.9355294117647058
PREC:0.502625
REC:0.5207345971563981
TNR:0.5207345971563981
FPR:0.497375
FPDR:0.497375
F1:0.49404761904761907
BACC:0.0
CLSFE:0.06447058823529411
MCC:0.014755109967132744
GMEAN:0.30683369996022214
SAMPLES:4250.0
AUC:{'AUC macro OVO': 0.502625}
AVGP:{'avg_precision': 0.9414672184276555}


METRICS_PER_CLASSES
CLASS:0
ACC:0.9355294117647058
PREC:0.012
REC:0.1
TNR:0.9414691943127962
FPR:0.988
FPDR:0.988
F1:0.02142857142857143
BACC:0
CLSFE:0.988
MCC:0.014755109967132744
GMEAN:0.30683369996022214
SAMPLES:250
AUC:{}
AVGP:{}
CLASS:1
ACC:0.9355294117647058
PREC:0.99325
REC:0.9414691943127962
TNR:0.1
FPR:0.00675
FPDR:0.00675
F1:0.9666666666666667
BACC:0
CLSFE:0.00675
MCC:0.014755109967132744
GMEAN:0.30683369996022214
SAMPLES:4000
AUC:{}
AVGP:{}
