

GENERAL_METRICS
ACC:0.9407058823529412
PREC:0.5013627514600909
REC:0.5114729020979021
TNR:0.5114729020979021
FPR:0.49863724853990915
FPDR:0.49863724853990915
F1:0.4925286572052402
BACC:0.0
CLSFE:0.059294117647058824
MCC:0.007908151259402025
GMEAN:0.26976096645174413
SAMPLES:4250.0
AUC:{'AUC macro OVO': 0.5013627514600908}
AVGP:{'avg_precision': 0.9460218892170165}


METRICS_PER_CLASSES
CLASS:0
ACC:0.9407058823529412
PREC:0.008695652173913044
REC:0.07692307692307693
TNR:0.9460227272727273
FPR:0.991304347826087
FPDR:0.991304347826087
F1:0.015625
BACC:0
CLSFE:0.991304347826087
MCC:0.007908151259402025
GMEAN:0.26976096645174413
SAMPLES:230
AUC:{}
AVGP:{}
CLASS:1
ACC:0.9407058823529412
PREC:0.9940298507462687
REC:0.9460227272727273
TNR:0.07692307692307693
FPR:0.005970149253731343
FPDR:0.005970149253731343
F1:0.9694323144104804
BACC:0
CLSFE:0.005970149253731343
MCC:0.007908151259402025
GMEAN:0.26976096645174413
SAMPLES:4020
AUC:{}
AVGP:{}
