

GENERAL_METRICS
ACC:0.9371764705882353
PREC:0.5013006439502358
REC:0.512679444707367
TNR:0.512679444707367
FPR:0.4986993560497643
FPDR:0.4986993560497643
F1:0.49115696042122653
BACC:0.0
CLSFE:0.06282352941176471
MCC:0.008121931556221124
GMEAN:0.2801823150619076
SAMPLES:4250.0
AUC:{'AUC macro OVO': 0.5013006439502357}
AVGP:{'avg_precision': 0.9420247690543998}


METRICS_PER_CLASSES
CLASS:0
ACC:0.9371764705882353
PREC:0.008097165991902834
REC:0.08333333333333333
TNR:0.9420255560814008
FPR:0.9919028340080972
FPDR:0.9919028340080972
F1:0.014760147601476014
BACC:0
CLSFE:0.9919028340080972
MCC:0.008121931556221124
GMEAN:0.2801823150619076
SAMPLES:247
AUC:{}
AVGP:{}
CLASS:1
ACC:0.9371764705882353
PREC:0.9945041219085686
REC:0.9420255560814008
TNR:0.08333333333333333
FPR:0.005495878091431427
FPDR:0.005495878091431427
F1:0.967553773240977
BACC:0
CLSFE:0.005495878091431427
MCC:0.008121931556221124
GMEAN:0.2801823150619076
SAMPLES:4003
AUC:{}
AVGP:{}
