

GENERAL_METRICS
ACC:0.8617142857142858
PREC:0.5974076546506453
REC:0.7148039536405272
TNR:0.7148039536405272
FPR:0.40259234534935473
FPDR:0.40259234534935473
F1:0.6216263544615033
BACC:0.0
CLSFE:0.1382857142857143
MCC:0.2892994941842083
GMEAN:0.6950876127651621
SAMPLES:1750.0
AUC:{'AUC macro OVO': 0.5974076546506453}
AVGP:{'avg_precision': 0.8807299453138815}


METRICS_PER_CLASSES
CLASS:0
ACC:0.8617142857142858
PREC:0.2261904761904762
REC:0.5480769230769231
TNR:0.8815309842041312
FPR:0.7738095238095238
FPDR:0.7738095238095238
F1:0.3202247191011236
BACC:0
CLSFE:0.7738095238095238
MCC:0.2892994941842083
GMEAN:0.6950876127651621
SAMPLES:252
AUC:{}
AVGP:{}
CLASS:1
ACC:0.8617142857142858
PREC:0.9686248331108144
REC:0.8815309842041312
TNR:0.5480769230769231
FPR:0.03137516688918558
FPDR:0.03137516688918558
F1:0.9230279898218829
BACC:0
CLSFE:0.03137516688918558
MCC:0.2892994941842083
GMEAN:0.6950876127651621
SAMPLES:1498
AUC:{}
AVGP:{}
