

GENERAL_METRICS
ACC:0.8634285714285714
PREC:0.6000593383770954
REC:0.7226584375239475
TNR:0.7226584375239475
FPR:0.39994066162290465
FPDR:0.39994066162290465
F1:0.6253834613403793
BACC:0.0
CLSFE:0.13657142857142857
MCC:0.29852340573378183
GMEAN:0.7048251492737359
SAMPLES:1750.0
AUC:{'AUC macro OVO': 0.6000593383770954}
AVGP:{'avg_precision': 0.8814227267605541}


METRICS_PER_CLASSES
CLASS:0
ACC:0.8634285714285714
PREC:0.23015873015873015
REC:0.5631067961165048
TNR:0.8822100789313904
FPR:0.7698412698412699
FPDR:0.7698412698412699
F1:0.3267605633802817
BACC:0
CLSFE:0.7698412698412699
MCC:0.29852340573378183
GMEAN:0.7048251492737359
SAMPLES:252
AUC:{}
AVGP:{}
CLASS:1
ACC:0.8634285714285714
PREC:0.9699599465954606
REC:0.8822100789313904
TNR:0.5631067961165048
FPR:0.030040053404539385
FPDR:0.030040053404539385
F1:0.9240063593004769
BACC:0
CLSFE:0.030040053404539385
MCC:0.29852340573378183
GMEAN:0.7048251492737359
SAMPLES:1498
AUC:{}
AVGP:{}
