

GENERAL_METRICS
ACC:0.872
PREC:0.6262881494213723
REC:0.7585697990604441
TNR:0.7585697990604441
FPR:0.3737118505786276
FPDR:0.3737118505786276
F1:0.6582519938206381
BACC:0.0
CLSFE:0.128
MCC:0.36141002431919117
GMEAN:0.7473036605291874
SAMPLES:1750.0
AUC:{'AUC macro OVO': 0.6262881494213723}
AVGP:{'avg_precision': 0.8878841519324537}


METRICS_PER_CLASSES
CLASS:0
ACC:0.872
PREC:0.28063241106719367
REC:0.6283185840707964
TNR:0.8888210140500916
FPR:0.7193675889328063
FPDR:0.7193675889328063
F1:0.3879781420765027
BACC:0
CLSFE:0.7193675889328063
MCC:0.36141002431919117
GMEAN:0.7473036605291874
SAMPLES:253
AUC:{}
AVGP:{}
CLASS:1
ACC:0.872
PREC:0.9719438877755511
REC:0.8888210140500916
TNR:0.6283185840707964
FPR:0.028056112224448898
FPDR:0.028056112224448898
F1:0.9285258455647735
BACC:0
CLSFE:0.028056112224448898
MCC:0.36141002431919117
GMEAN:0.7473036605291874
SAMPLES:1497
AUC:{}
AVGP:{}
