

GENERAL_METRICS
ACC:0.8702857142857143
PREC:0.6049207533298737
REC:0.7421027684746884
TNR:0.7421027684746884
FPR:0.3950792466701263
FPDR:0.3950792466701263
F1:0.6331443568875127
BACC:0.0
CLSFE:0.12971428571428573
MCC:0.3187576185857355
GMEAN:0.727965026716935
SAMPLES:1750.0
AUC:{'AUC macro OVO': 0.6049207533298737}
AVGP:{'avg_precision': 0.8855714391444495}


METRICS_PER_CLASSES
CLASS:0
ACC:0.8702857142857143
PREC:0.23577235772357724
REC:0.5979381443298969
TNR:0.8862673926194797
FPR:0.7642276422764228
FPDR:0.7642276422764228
F1:0.33819241982507287
BACC:0
CLSFE:0.7642276422764228
MCC:0.3187576185857355
GMEAN:0.727965026716935
SAMPLES:246
AUC:{}
AVGP:{}
CLASS:1
ACC:0.8702857142857143
PREC:0.9740691489361702
REC:0.8862673926194797
TNR:0.5979381443298969
FPR:0.025930851063829786
FPDR:0.025930851063829786
F1:0.9280962939499525
BACC:0
CLSFE:0.025930851063829786
MCC:0.3187576185857355
GMEAN:0.727965026716935
SAMPLES:1504
AUC:{}
AVGP:{}
