

GENERAL_METRICS
ACC:0.8554285714285714
PREC:0.7162234235981478
REC:0.7046142787226233
TNR:0.7046142787226233
FPR:0.28377657640185217
FPDR:0.28377657640185217
F1:0.7101243371815378
BACC:0.0
CLSFE:0.14457142857142857
MCC:0.4206775480696409
GMEAN:0.6706972655190977
SAMPLES:1750.0
AUC:{'AUC macro OVO': 0.7162234235981478}
AVGP:{'avg_precision': 0.9150471293521398}


METRICS_PER_CLASSES
CLASS:0
ACC:0.8554285714285714
PREC:0.5222672064777328
REC:0.48863636363636365
TNR:0.9205921938088829
FPR:0.4777327935222672
FPDR:0.4777327935222672
F1:0.5048923679060665
BACC:0
CLSFE:0.4777327935222672
MCC:0.4206775480696409
GMEAN:0.6706972655190977
SAMPLES:247
AUC:{}
AVGP:{}
CLASS:1
ACC:0.8554285714285714
PREC:0.9101796407185628
REC:0.9205921938088829
TNR:0.48863636363636365
FPR:0.08982035928143713
FPDR:0.08982035928143713
F1:0.915356306457009
BACC:0
CLSFE:0.08982035928143713
MCC:0.4206775480696409
GMEAN:0.6706972655190977
SAMPLES:1503
AUC:{}
AVGP:{}
