

GENERAL_METRICS
ACC:0.8514285714285714
PREC:0.6932130991931656
REC:0.6919036421084955
TNR:0.6919036421084955
FPR:0.30678690080683435
FPDR:0.30678690080683435
F1:0.6925542726171943
BACC:0.0
CLSFE:0.14857142857142858
MCC:0.38511451511589906
GMEAN:0.6552309361274823
SAMPLES:1750.0
AUC:{'AUC macro OVO': 0.6932130991931655}
AVGP:{'avg_precision': 0.9094563829152326}


METRICS_PER_CLASSES
CLASS:0
ACC:0.8514285714285714
PREC:0.47346938775510206
REC:0.46963562753036436
TNR:0.9141716566866267
FPR:0.5265306122448979
FPDR:0.5265306122448979
F1:0.4715447154471545
BACC:0
CLSFE:0.5265306122448979
MCC:0.38511451511589906
GMEAN:0.6552309361274823
SAMPLES:245
AUC:{}
AVGP:{}
CLASS:1
ACC:0.8514285714285714
PREC:0.9129568106312292
REC:0.9141716566866267
TNR:0.46963562753036436
FPR:0.08704318936877077
FPDR:0.08704318936877077
F1:0.913563829787234
BACC:0
CLSFE:0.08704318936877077
MCC:0.38511451511589906
GMEAN:0.6552309361274823
SAMPLES:1505
AUC:{}
AVGP:{}
