

GENERAL_METRICS
ACC:0.844
PREC:0.6886167905158713
REC:0.6819384777131257
TNR:0.6819384777131257
FPR:0.3113832094841287
FPDR:0.3113832094841287
F1:0.6851628158009715
BACC:0.0
CLSFE:0.156
MCC:0.3704950835711218
GMEAN:0.6419093199396954
SAMPLES:1750.0
AUC:{'AUC macro OVO': 0.6886167905158713}
AVGP:{'avg_precision': 0.9070481334522895}


METRICS_PER_CLASSES
CLASS:0
ACC:0.844
PREC:0.4717741935483871
REC:0.4517374517374517
TNR:0.9121395036887995
FPR:0.5282258064516129
FPDR:0.5282258064516129
F1:0.46153846153846156
BACC:0
CLSFE:0.5282258064516129
MCC:0.3704950835711218
GMEAN:0.6419093199396954
SAMPLES:248
AUC:{}
AVGP:{}
CLASS:1
ACC:0.844
PREC:0.9054593874833555
REC:0.9121395036887995
TNR:0.4517374517374517
FPR:0.09454061251664447
FPDR:0.09454061251664447
F1:0.9087871700634814
BACC:0
CLSFE:0.09454061251664447
MCC:0.3704950835711218
GMEAN:0.6419093199396954
SAMPLES:1502
AUC:{}
AVGP:{}
