

GENERAL_METRICS
ACC:0.8571428571428571
PREC:0.6965353583293783
REC:0.7020952030364129
TNR:0.7020952030364129
FPR:0.3034646416706217
FPDR:0.3034646416706217
F1:0.6992457426945932
BACC:0.0
CLSFE:0.14285714285714285
MCC:0.3985917868968696
GMEAN:0.6691190625114221
SAMPLES:1750.0
AUC:{'AUC macro OVO': 0.6965353583293783}
AVGP:{'avg_precision': 0.9103379921082622}


METRICS_PER_CLASSES
CLASS:0
ACC:0.8571428571428571
PREC:0.47346938775510206
REC:0.48945147679324896
TNR:0.914738929279577
FPR:0.5265306122448979
FPDR:0.5265306122448979
F1:0.48132780082987553
BACC:0
CLSFE:0.5265306122448979
MCC:0.3985917868968696
GMEAN:0.6691190625114221
SAMPLES:245
AUC:{}
AVGP:{}
CLASS:1
ACC:0.8571428571428571
PREC:0.9196013289036545
REC:0.914738929279577
TNR:0.48945147679324896
FPR:0.08039867109634552
FPDR:0.08039867109634552
F1:0.9171636845593109
BACC:0
CLSFE:0.08039867109634552
MCC:0.3985917868968696
GMEAN:0.6691190625114221
SAMPLES:1505
AUC:{}
AVGP:{}
