

GENERAL_METRICS
ACC:0.8
PREC:0.7834558823529412
REC:0.7704124579124578
TNR:0.7704124579124578
FPR:0.21654411764705883
FPDR:0.21654411764705883
F1:0.7758892713711991
BACC:0.0
CLSFE:0.2
MCC:0.5537147347029997
GMEAN:0.7639003672232204
SAMPLES:750.0
AUC:{'AUC macro OVO': 0.7834558823529413}
AVGP:{'avg_precision': 0.8378954248366013}


METRICS_PER_CLASSES
CLASS:0
ACC:0.8
PREC:0.7375
REC:0.6704545454545454
TNR:0.8703703703703703
FPR:0.2625
FPDR:0.2625
F1:0.7023809523809523
BACC:0
CLSFE:0.2625
MCC:0.5537147347029997
GMEAN:0.7639003672232204
SAMPLES:240
AUC:{}
AVGP:{}
CLASS:1
ACC:0.8
PREC:0.8294117647058824
REC:0.8703703703703703
TNR:0.6704545454545454
FPR:0.17058823529411765
FPDR:0.17058823529411765
F1:0.8493975903614458
BACC:0
CLSFE:0.17058823529411765
MCC:0.5537147347029997
GMEAN:0.7639003672232204
SAMPLES:510
AUC:{}
AVGP:{}
