

GENERAL_METRICS
ACC:0.8133333333333334
PREC:0.7869999999999999
REC:0.7905705306810082
TNR:0.7905705306810082
FPR:0.213
FPDR:0.213
F1:0.7887170901715215
BACC:0.0
CLSFE:0.18666666666666668
MCC:0.577559494097186
GMEAN:0.78788060507826
SAMPLES:750.0
AUC:{'AUC macro OVO': 0.787}
AVGP:{'avg_precision': 0.8303965744400527}


METRICS_PER_CLASSES
CLASS:0
ACC:0.8133333333333334
PREC:0.708
REC:0.7254098360655737
TNR:0.8557312252964426
FPR:0.292
FPDR:0.292
F1:0.7165991902834008
BACC:0
CLSFE:0.292
MCC:0.577559494097186
GMEAN:0.78788060507826
SAMPLES:250
AUC:{}
AVGP:{}
CLASS:1
ACC:0.8133333333333334
PREC:0.866
REC:0.8557312252964426
TNR:0.7254098360655737
FPR:0.134
FPDR:0.134
F1:0.8608349900596421
BACC:0
CLSFE:0.134
MCC:0.577559494097186
GMEAN:0.78788060507826
SAMPLES:500
AUC:{}
AVGP:{}
