

GENERAL_METRICS
ACC:0.8053333333333333
PREC:0.7816532768218624
REC:0.783825779307707
TNR:0.783825779307707
FPR:0.21834672317813764
FPDR:0.21834672317813764
F1:0.7827105029210057
BACC:0.0
CLSFE:0.19466666666666665
MCC:0.5654748828676104
GMEAN:0.7810782226528064
SAMPLES:750.0
AUC:{'AUC macro OVO': 0.7816532768218623}
AVGP:{'avg_precision': 0.8219848462676618}


METRICS_PER_CLASSES
CLASS:0
ACC:0.8053333333333333
PREC:0.70703125
REC:0.7182539682539683
TNR:0.8493975903614458
FPR:0.29296875
FPDR:0.29296875
F1:0.7125984251968503
BACC:0
CLSFE:0.29296875
MCC:0.5654748828676104
GMEAN:0.7810782226528064
SAMPLES:256
AUC:{}
AVGP:{}
CLASS:1
ACC:0.8053333333333333
PREC:0.8562753036437247
REC:0.8493975903614458
TNR:0.7182539682539683
FPR:0.1437246963562753
FPDR:0.1437246963562753
F1:0.8528225806451613
BACC:0
CLSFE:0.1437246963562753
MCC:0.5654748828676104
GMEAN:0.7810782226528064
SAMPLES:494
AUC:{}
AVGP:{}
