

GENERAL_METRICS
ACC:0.7893333333333333
PREC:0.7559364548494983
REC:0.7523412253511839
TNR:0.7523412253511839
FPR:0.24406354515050166
FPDR:0.24406354515050166
F1:0.7540697819211197
BACC:0.0
CLSFE:0.21066666666666667
MCC:0.508264964870727
GMEAN:0.7456926366866085
SAMPLES:750.0
AUC:{'AUC macro OVO': 0.7559364548494983}
AVGP:{'avg_precision': 0.8270974758056471}


METRICS_PER_CLASSES
CLASS:0
ACC:0.7893333333333333
PREC:0.6695652173913044
REC:0.652542372881356
TNR:0.8521400778210116
FPR:0.33043478260869563
FPDR:0.33043478260869563
F1:0.6609442060085837
BACC:0
CLSFE:0.33043478260869563
MCC:0.508264964870727
GMEAN:0.7456926366866085
SAMPLES:230
AUC:{}
AVGP:{}
CLASS:1
ACC:0.7893333333333333
PREC:0.8423076923076923
REC:0.8521400778210116
TNR:0.652542372881356
FPR:0.1576923076923077
FPDR:0.1576923076923077
F1:0.8471953578336557
BACC:0
CLSFE:0.1576923076923077
MCC:0.508264964870727
GMEAN:0.7456926366866085
SAMPLES:520
AUC:{}
AVGP:{}
