

GENERAL_METRICS
ACC:0.9268571428571428
PREC:0.49984591679506934
REC:0.46356101743355244
TNR:0.46356101743355244
FPR:0.5001540832049307
FPDR:0.5001540832049307
F1:0.48102016607354686
BACC:0.0
CLSFE:0.07314285714285715
MCC:-0.004739044299540058
GMEAN:0.0
SAMPLES:3500.0
AUC:{'AUC macro OVO': 0.49984591679506934}
AVGP:{'avg_precision': 0.9271220412838308}


METRICS_PER_CLASSES
CLASS:0
ACC:0.9268571428571428
PREC:0.0
REC:0.0
TNR:0.9271220348671049
FPR:1.0
FPDR:1.0
F1:0.0
BACC:0
CLSFE:1.0
MCC:-0.004739044299540058
GMEAN:0
SAMPLES:255
AUC:{}
AVGP:{}
CLASS:1
ACC:0.9268571428571428
PREC:0.9996918335901387
REC:0.9271220348671049
TNR:0.0
FPR:0.0003081664098613251
FPDR:0.0003081664098613251
F1:0.9620403321470937
BACC:0
CLSFE:0.0003081664098613251
MCC:-0.004739044299540058
GMEAN:0
SAMPLES:3245
AUC:{}
AVGP:{}
