

GENERAL_METRICS
ACC:0.93
PREC:0.49984643734643736
REC:0.4651328951128894
TNR:0.4651328951128894
FPR:0.5001535626535627
FPDR:0.5001535626535627
F1:0.48186528497409326
BACC:0.0
CLSFE:0.07
MCC:-0.004627865662921547
GMEAN:0.0
SAMPLES:3500.0
AUC:{'AUC macro OVO': 0.49984643734643736}
AVGP:{'avg_precision': 0.9302657963449618}


METRICS_PER_CLASSES
CLASS:0
ACC:0.93
PREC:0.0
REC:0.0
TNR:0.9302657902257788
FPR:1.0
FPDR:1.0
F1:0.0
BACC:0
CLSFE:1.0
MCC:-0.004627865662921547
GMEAN:0
SAMPLES:244
AUC:{}
AVGP:{}
CLASS:1
ACC:0.93
PREC:0.9996928746928747
REC:0.9302657902257788
TNR:0.0
FPR:0.0003071253071253071
FPDR:0.0003071253071253071
F1:0.9637305699481865
BACC:0
CLSFE:0.0003071253071253071
MCC:-0.004627865662921547
GMEAN:0
SAMPLES:3256
AUC:{}
AVGP:{}
