

GENERAL_METRICS
ACC:0.9282857142857143
PREC:0.49969240233774226
REC:0.4644082332761578
TNR:0.4644082332761578
FPR:0.5003075976622577
FPDR:0.5003075976622577
F1:0.4814046525411172
BACC:0.0
CLSFE:0.07171428571428572
MCC:-0.006617535565413347
GMEAN:0.0
SAMPLES:3500.0
AUC:{'AUC macro OVO': 0.49969240233774226}
AVGP:{'avg_precision': 0.9288164915761882}


METRICS_PER_CLASSES
CLASS:0
ACC:0.9282857142857143
PREC:0.0
REC:0.0
TNR:0.9288164665523156
FPR:1.0
FPDR:1.0
F1:0.0
BACC:0
CLSFE:1.0
MCC:-0.006617535565413347
GMEAN:0
SAMPLES:249
AUC:{}
AVGP:{}
CLASS:1
ACC:0.9282857142857143
PREC:0.9993848046754845
REC:0.9288164665523156
TNR:0.0
FPR:0.0006151953245155337
FPDR:0.0006151953245155337
F1:0.9628093050822344
BACC:0
CLSFE:0.0006151953245155337
MCC:-0.006617535565413347
GMEAN:0
SAMPLES:3251
AUC:{}
AVGP:{}
