

GENERAL_METRICS
ACC:0.9293333333333333
PREC:0.6780595880378961
REC:0.7597641458400952
TNR:0.7597641458400952
FPR:0.32194041196210393
FPDR:0.32194041196210393
F1:0.7093102975455916
BACC:0.0
CLSFE:0.07066666666666667
MCC:0.43013252281269454
GMEAN:0.7358162088225562
SAMPLES:3000.0
AUC:{'AUC macro OVO': 0.6780595880378961}
AVGP:{'avg_precision': 0.9483610833986738}


METRICS_PER_CLASSES
CLASS:0
ACC:0.9293333333333333
PREC:0.3803418803418803
REC:0.5705128205128205
TNR:0.94901547116737
FPR:0.6196581196581197
FPDR:0.6196581196581197
F1:0.4564102564102564
BACC:0
CLSFE:0.6196581196581197
MCC:0.43013252281269454
GMEAN:0.7358162088225562
SAMPLES:234
AUC:{}
AVGP:{}
CLASS:1
ACC:0.9293333333333333
PREC:0.9757772957339118
REC:0.94901547116737
TNR:0.5705128205128205
FPR:0.024222704266088215
FPDR:0.024222704266088215
F1:0.9622103386809269
BACC:0
CLSFE:0.024222704266088215
MCC:0.43013252281269454
GMEAN:0.7358162088225562
SAMPLES:2766
AUC:{}
AVGP:{}
