

GENERAL_METRICS
ACC:0.9193333333333333
PREC:0.6765494789917472
REC:0.7248527178056046
TNR:0.7248527178056046
FPR:0.32345052100825283
FPDR:0.32345052100825283
F1:0.6968811323118033
BACC:0.0
CLSFE:0.08066666666666666
MCC:0.39848528293254615
GMEAN:0.6899623102511867
SAMPLES:3000.0
AUC:{'AUC macro OVO': 0.6765494789917471}
AVGP:{'avg_precision': 0.9460860666724175}


METRICS_PER_CLASSES
CLASS:0
ACC:0.9193333333333333
PREC:0.3868312757201646
REC:0.5026737967914439
TNR:0.9470316388197654
FPR:0.6131687242798354
FPDR:0.6131687242798354
F1:0.4372093023255814
BACC:0
CLSFE:0.6131687242798354
MCC:0.39848528293254615
GMEAN:0.6899623102511867
SAMPLES:243
AUC:{}
AVGP:{}
CLASS:1
ACC:0.9193333333333333
PREC:0.9662676822633297
REC:0.9470316388197654
TNR:0.5026737967914439
FPR:0.03373231773667029
FPDR:0.03373231773667029
F1:0.9565529622980251
BACC:0
CLSFE:0.03373231773667029
MCC:0.39848528293254615
GMEAN:0.6899623102511867
SAMPLES:2757
AUC:{}
AVGP:{}
