

GENERAL_METRICS
ACC:0.9253333333333333
PREC:0.6592045609324226
REC:0.7213026073785568
TNR:0.7213026073785568
FPR:0.3407954390675773
FPDR:0.3407954390675773
F1:0.6837819676667062
BACC:0.0
CLSFE:0.07466666666666667
MCC:0.37540583075335127
GMEAN:0.684415300147653
SAMPLES:3000.0
AUC:{'AUC macro OVO': 0.6592045609324227}
AVGP:{'avg_precision': 0.948360963527981}


METRICS_PER_CLASSES
CLASS:0
ACC:0.9253333333333333
PREC:0.34684684684684686
REC:0.4935897435897436
TNR:0.94901547116737
FPR:0.6531531531531531
FPDR:0.6531531531531531
F1:0.4074074074074074
BACC:0
CLSFE:0.6531531531531531
MCC:0.37540583075335127
GMEAN:0.684415300147653
SAMPLES:222
AUC:{}
AVGP:{}
CLASS:1
ACC:0.9253333333333333
PREC:0.9715622750179985
REC:0.94901547116737
TNR:0.4935897435897436
FPR:0.02843772498200144
FPDR:0.02843772498200144
F1:0.960156527926005
BACC:0
CLSFE:0.02843772498200144
MCC:0.37540583075335127
GMEAN:0.684415300147653
SAMPLES:2778
AUC:{}
AVGP:{}
