

GENERAL_METRICS
ACC:0.9273333333333333
PREC:0.6672949258954303
REC:0.7344747376392946
TNR:0.7344747376392946
FPR:0.33270507410456973
FPDR:0.33270507410456973
F1:0.6937628769432478
BACC:0.0
CLSFE:0.07266666666666667
MCC:0.3961132861074783
GMEAN:0.702227295321152
SAMPLES:3000.0
AUC:{'AUC macro OVO': 0.6672949258954303}
AVGP:{'avg_precision': 0.9490598793354328}


METRICS_PER_CLASSES
CLASS:0
ACC:0.9273333333333333
PREC:0.36160714285714285
REC:0.5192307692307693
TNR:0.9497187060478199
FPR:0.6383928571428571
FPDR:0.6383928571428571
F1:0.4263157894736842
BACC:0
CLSFE:0.6383928571428571
MCC:0.3961132861074783
GMEAN:0.702227295321152
SAMPLES:224
AUC:{}
AVGP:{}
CLASS:1
ACC:0.9273333333333333
PREC:0.9729827089337176
REC:0.9497187060478199
TNR:0.5192307692307693
FPR:0.02701729106628242
FPDR:0.02701729106628242
F1:0.9612099644128114
BACC:0
CLSFE:0.02701729106628242
MCC:0.3961132861074783
GMEAN:0.702227295321152
SAMPLES:2776
AUC:{}
AVGP:{}
