

GENERAL_METRICS
ACC:0.92825
PREC:0.49506666666666665
REC:0.4684582387080495
TNR:0.4684582387080495
FPR:0.5049333333333333
FPDR:0.5049333333333333
F1:0.48139504732270194
BACC:0.0
CLSFE:0.07175
MCC:-0.02494842859769911
GMEAN:0.0
SAMPLES:4000.0
AUC:{'AUC macro OVO': 0.49506666666666665}
AVGP:{'avg_precision': 0.9369222348389268}


METRICS_PER_CLASSES
CLASS:0
ACC:0.92825
PREC:0.0
REC:0.0
TNR:0.936916477416099
FPR:1.0
FPDR:1.0
F1:0.0
BACC:0
CLSFE:1.0
MCC:-0.02494842859769911
GMEAN:0
SAMPLES:250
AUC:{}
AVGP:{}
CLASS:1
ACC:0.92825
PREC:0.9901333333333333
REC:0.936916477416099
TNR:0.0
FPR:0.009866666666666666
FPDR:0.009866666666666666
F1:0.9627900946454039
BACC:0
CLSFE:0.009866666666666666
MCC:-0.02494842859769911
GMEAN:0
SAMPLES:3750
AUC:{}
AVGP:{}
