

GENERAL_METRICS
ACC:0.92475
PREC:0.4949157077869949
REC:0.46680969207470974
TNR:0.46680969207470974
FPR:0.5050842922130051
FPDR:0.5050842922130051
F1:0.4804520067541239
BACC:0.0
CLSFE:0.07525
MCC:-0.025980702387102175
GMEAN:0.0
SAMPLES:4000.0
AUC:{'AUC macro OVO': 0.4949157077869949}
AVGP:{'avg_precision': 0.9336257966199365}


METRICS_PER_CLASSES
CLASS:0
ACC:0.92475
PREC:0.0
REC:0.0
TNR:0.9336193841494195
FPR:1.0
FPDR:1.0
F1:0.0
BACC:0
CLSFE:1.0
MCC:-0.025980702387102175
GMEAN:0
SAMPLES:263
AUC:{}
AVGP:{}
CLASS:1
ACC:0.92475
PREC:0.9898314155739898
REC:0.9336193841494195
TNR:0.0
FPR:0.010168584426010168
FPDR:0.010168584426010168
F1:0.9609040135082478
BACC:0
CLSFE:0.010168584426010168
MCC:-0.025980702387102175
GMEAN:0
SAMPLES:3737
AUC:{}
AVGP:{}
