

GENERAL_METRICS
ACC:0.932
PREC:0.499531082603999
REC:0.4971254373222579
TNR:0.4971254373222579
FPR:0.500468917396001
FPDR:0.500468917396001
F1:0.48963891953557137
BACC:0.0
CLSFE:0.068
MCC:-0.0023220098582809987
GMEAN:0.22543613233385323
SAMPLES:4000.0
AUC:{'AUC macro OVO': 0.499531082603999}
AVGP:{'avg_precision': 0.9401973154799416}


METRICS_PER_CLASSES
CLASS:0
ACC:0.932
PREC:0.008368200836820083
REC:0.05405405405405406
TNR:0.9401968205904617
FPR:0.9916317991631799
FPDR:0.9916317991631799
F1:0.014492753623188406
BACC:0
CLSFE:0.9916317991631799
MCC:-0.0023220098582809987
GMEAN:0.22543613233385323
SAMPLES:239
AUC:{}
AVGP:{}
CLASS:1
ACC:0.932
PREC:0.9906939643711778
REC:0.9401968205904617
TNR:0.05405405405405406
FPR:0.009306035628822122
FPDR:0.009306035628822122
F1:0.9647850854479544
BACC:0
CLSFE:0.009306035628822122
MCC:-0.0023220098582809987
GMEAN:0.22543613233385323
SAMPLES:3761
AUC:{}
AVGP:{}
