

GENERAL_METRICS
ACC:0.93175
PREC:0.49682607768109627
REC:0.4827684990666527
TNR:0.4827684990666527
FPR:0.5031739223189038
FPDR:0.5031739223189038
F1:0.4859664607237423
BACC:0.0
CLSFE:0.06825
MCC:-0.01479073296365822
GMEAN:0.15150841192382578
SAMPLES:4000.0
AUC:{'AUC macro OVO': 0.49682607768109627}
AVGP:{'avg_precision': 0.9411505061774318}


METRICS_PER_CLASSES
CLASS:0
ACC:0.93175
PREC:0.004273504273504274
REC:0.024390243902439025
TNR:0.9411467542308664
FPR:0.9957264957264957
FPDR:0.9957264957264957
F1:0.007272727272727273
BACC:0
CLSFE:0.9957264957264957
MCC:-0.01479073296365822
GMEAN:0.15150841192382578
SAMPLES:234
AUC:{}
AVGP:{}
CLASS:1
ACC:0.93175
PREC:0.9893786510886883
REC:0.9411467542308664
TNR:0.024390243902439025
FPR:0.010621348911311737
FPDR:0.010621348911311737
F1:0.9646601941747572
BACC:0
CLSFE:0.010621348911311737
MCC:-0.01479073296365822
GMEAN:0.15150841192382578
SAMPLES:3766
AUC:{}
AVGP:{}
