

GENERAL_METRICS
ACC:0.8545
PREC:0.6294008249036744
REC:0.6561039783396655
TNR:0.6561039783396655
FPR:0.3705991750963255
FPDR:0.3705991750963255
F1:0.6405523635534919
BACC:0.0
CLSFE:0.1455
MCC:0.2842532924551485
GMEAN:0.6069194658645655
SAMPLES:2000.0
AUC:{'AUC macro OVO': 0.6294008249036744}
AVGP:{'avg_precision': 0.9031395615519063}


METRICS_PER_CLASSES
CLASS:0
ACC:0.8545
PREC:0.32806324110671936
REC:0.4068627450980392
TNR:0.9053452115812918
FPR:0.6719367588932806
FPDR:0.6719367588932806
F1:0.36323851203501095
BACC:0
CLSFE:0.6719367588932806
MCC:0.2842532924551485
GMEAN:0.6069194658645655
SAMPLES:253
AUC:{}
AVGP:{}
CLASS:1
ACC:0.8545
PREC:0.9307384087006296
REC:0.9053452115812918
TNR:0.4068627450980392
FPR:0.06926159129937035
FPDR:0.06926159129937035
F1:0.9178662150719729
BACC:0
CLSFE:0.06926159129937035
MCC:0.2842532924551485
GMEAN:0.6069194658645655
SAMPLES:1747
AUC:{}
AVGP:{}
