

GENERAL_METRICS
ACC:0.834
PREC:0.6007656264494073
REC:0.6115179968701095
TNR:0.6115179968701095
FPR:0.39923437355059266
FPDR:0.39923437355059266
F1:0.6055873540851409
BACC:0.0
CLSFE:0.166
MCC:0.21201113947148756
GMEAN:0.5399472529736031
SAMPLES:2000.0
AUC:{'AUC macro OVO': 0.6007656264494073}
AVGP:{'avg_precision': 0.8964084265178939}


METRICS_PER_CLASSES
CLASS:0
ACC:0.834
PREC:0.2885375494071146
REC:0.3244444444444444
TNR:0.8985915492957747
FPR:0.7114624505928854
FPDR:0.7114624505928854
F1:0.3054393305439331
BACC:0
CLSFE:0.7114624505928854
MCC:0.21201113947148756
GMEAN:0.5399472529736031
SAMPLES:253
AUC:{}
AVGP:{}
CLASS:1
ACC:0.834
PREC:0.9129937034917001
REC:0.8985915492957747
TNR:0.3244444444444444
FPR:0.08700629650829994
FPDR:0.08700629650829994
F1:0.9057353776263487
BACC:0
CLSFE:0.08700629650829994
MCC:0.21201113947148756
GMEAN:0.5399472529736031
SAMPLES:1747
AUC:{}
AVGP:{}
