

GENERAL_METRICS
ACC:0.857
PREC:0.6198105662522391
REC:0.6651672493234397
TNR:0.6651672493234397
FPR:0.380189433747761
FPDR:0.380189433747761
F1:0.6362794696293357
BACC:0.0
CLSFE:0.143
MCC:0.2813452090778591
GMEAN:0.6225630111930774
SAMPLES:2000.0
AUC:{'AUC macro OVO': 0.6198105662522391}
AVGP:{'avg_precision': 0.8976245918347668}


METRICS_PER_CLASSES
CLASS:0
ACC:0.857
PREC:0.2988505747126437
REC:0.430939226519337
TNR:0.8993952721275426
FPR:0.7011494252873564
FPDR:0.7011494252873564
F1:0.35294117647058826
BACC:0
CLSFE:0.7011494252873564
MCC:0.2813452090778591
GMEAN:0.6225630111930774
SAMPLES:261
AUC:{}
AVGP:{}
CLASS:1
ACC:0.857
PREC:0.9407705577918344
REC:0.8993952721275426
TNR:0.430939226519337
FPR:0.05922944220816561
FPDR:0.05922944220816561
F1:0.9196177627880832
BACC:0
CLSFE:0.05922944220816561
MCC:0.2813452090778591
GMEAN:0.6225630111930774
SAMPLES:1739
AUC:{}
AVGP:{}
