

GENERAL_METRICS
ACC:0.844
PREC:0.6129150093351734
REC:0.6321071292896037
TNR:0.6321071292896037
FPR:0.3870849906648267
FPDR:0.3870849906648267
F1:0.6210934369011273
BACC:0.0
CLSFE:0.156
MCC:0.24426934099046113
GMEAN:0.5720598199791214
SAMPLES:2000.0
AUC:{'AUC macro OVO': 0.6129150093351734}
AVGP:{'avg_precision': 0.8988412440323807}


METRICS_PER_CLASSES
CLASS:0
ACC:0.844
PREC:0.3031496062992126
REC:0.3632075471698113
TNR:0.9010067114093959
FPR:0.6968503937007874
FPDR:0.6968503937007874
F1:0.33047210300429186
BACC:0
CLSFE:0.6968503937007874
MCC:0.24426934099046113
GMEAN:0.5720598199791214
SAMPLES:254
AUC:{}
AVGP:{}
CLASS:1
ACC:0.844
PREC:0.9226804123711341
REC:0.9010067114093959
TNR:0.3632075471698113
FPR:0.07731958762886598
FPDR:0.07731958762886598
F1:0.9117147707979627
BACC:0
CLSFE:0.07731958762886598
MCC:0.24426934099046113
GMEAN:0.5720598199791214
SAMPLES:1746
AUC:{}
AVGP:{}
