

GENERAL_METRICS
ACC:0.904
PREC:0.6670286395547202
REC:0.7317357910906298
TNR:0.7317357910906298
FPR:0.3329713604452798
FPDR:0.3329713604452798
F1:0.6920746164789349
BACC:0.0
CLSFE:0.096
MCC:0.393479422191325
GMEAN:0.703785681663307
SAMPLES:2500.0
AUC:{'AUC macro OVO': 0.6670286395547202}
AVGP:{'avg_precision': 0.9308601175193754}


METRICS_PER_CLASSES
CLASS:0
ACC:0.904
PREC:0.3705179282868526
REC:0.5314285714285715
TNR:0.9320430107526881
FPR:0.6294820717131474
FPDR:0.6294820717131474
F1:0.43661971830985913
BACC:0
CLSFE:0.6294820717131474
MCC:0.393479422191325
GMEAN:0.703785681663307
SAMPLES:251
AUC:{}
AVGP:{}
CLASS:1
ACC:0.904
PREC:0.9635393508225878
REC:0.9320430107526881
TNR:0.5314285714285715
FPR:0.03646064917741218
FPDR:0.03646064917741218
F1:0.9475295146480105
BACC:0
CLSFE:0.03646064917741218
MCC:0.393479422191325
GMEAN:0.703785681663307
SAMPLES:2249
AUC:{}
AVGP:{}
