

GENERAL_METRICS
ACC:0.8976
PREC:0.6565082394595081
REC:0.716786398467433
TNR:0.716786398467433
FPR:0.34349176054049196
FPDR:0.34349176054049196
F1:0.6797046877220797
BACC:0.0
CLSFE:0.1024
MCC:0.36839575221712495
GMEAN:0.684955671580761
SAMPLES:2500.0
AUC:{'AUC macro OVO': 0.656508239459508}
AVGP:{'avg_precision': 0.9267780199329416}


METRICS_PER_CLASSES
CLASS:0
ACC:0.8976
PREC:0.35271317829457366
REC:0.5055555555555555
TNR:0.9280172413793103
FPR:0.6472868217054264
FPDR:0.6472868217054264
F1:0.4155251141552511
BACC:0
CLSFE:0.6472868217054264
MCC:0.36839575221712495
GMEAN:0.684955671580761
SAMPLES:258
AUC:{}
AVGP:{}
CLASS:1
ACC:0.8976
PREC:0.9603033006244425
REC:0.9280172413793103
TNR:0.5055555555555555
FPR:0.03969669937555754
FPDR:0.03969669937555754
F1:0.9438842612889083
BACC:0
CLSFE:0.03969669937555754
MCC:0.36839575221712495
GMEAN:0.684955671580761
SAMPLES:2242
AUC:{}
AVGP:{}
