

GENERAL_METRICS
ACC:0.894
PREC:0.6581918583658892
REC:0.7086131571346043
TNR:0.7086131571346043
FPR:0.3418081416341107
FPDR:0.3418081416341107
F1:0.6783654263952023
BACC:0.0
CLSFE:0.106
MCC:0.3633230133459664
GMEAN:0.6739128599083531
SAMPLES:2500.0
AUC:{'AUC macro OVO': 0.6581918583658892}
AVGP:{'avg_precision': 0.9262404744009419}


METRICS_PER_CLASSES
CLASS:0
ACC:0.894
PREC:0.36015325670498083
REC:0.4895833333333333
TNR:0.9276429809358753
FPR:0.6398467432950191
FPDR:0.6398467432950191
F1:0.41501103752759383
BACC:0
CLSFE:0.6398467432950191
MCC:0.3633230133459664
GMEAN:0.6739128599083531
SAMPLES:261
AUC:{}
AVGP:{}
CLASS:1
ACC:0.894
PREC:0.9562304600267977
REC:0.9276429809358753
TNR:0.4895833333333333
FPR:0.04376953997320232
FPDR:0.04376953997320232
F1:0.9417198152628107
BACC:0
CLSFE:0.04376953997320232
MCC:0.3633230133459664
GMEAN:0.6739128599083531
SAMPLES:2239
AUC:{}
AVGP:{}
