

GENERAL_METRICS
ACC:0.8952
PREC:0.6483652477545383
REC:0.7026819923371648
TNR:0.7026819923371648
FPR:0.35163475224546176
FPDR:0.35163475224546176
F1:0.6694663622729411
BACC:0.0
CLSFE:0.1048
MCC:0.3468196304045483
GMEAN:0.665717715423251
SAMPLES:2500.0
AUC:{'AUC macro OVO': 0.6483652477545383}
AVGP:{'avg_precision': 0.9263647004636595}


METRICS_PER_CLASSES
CLASS:0
ACC:0.8952
PREC:0.33858267716535434
REC:0.4777777777777778
TNR:0.9275862068965517
FPR:0.6614173228346457
FPDR:0.6614173228346457
F1:0.39631336405529954
BACC:0
CLSFE:0.6614173228346457
MCC:0.3468196304045483
GMEAN:0.665717715423251
SAMPLES:254
AUC:{}
AVGP:{}
CLASS:1
ACC:0.8952
PREC:0.9581478183437222
REC:0.9275862068965517
TNR:0.4777777777777778
FPR:0.041852181656277826
FPDR:0.041852181656277826
F1:0.9426193604905826
BACC:0
CLSFE:0.041852181656277826
MCC:0.3468196304045483
GMEAN:0.665717715423251
SAMPLES:2246
AUC:{}
AVGP:{}
