

GENERAL_METRICS
ACC:0.8594285714285714
PREC:0.6709278000355094
REC:0.7190699975265892
TNR:0.7190699975265892
FPR:0.32907219996449055
FPDR:0.32907219996449055
F1:0.6898557991562349
BACC:0.0
CLSFE:0.14057142857142857
MCC:0.38701500090308844
GMEAN:0.6960188545269711
SAMPLES:1750.0
AUC:{'AUC macro OVO': 0.6709278000355094}
AVGP:{'avg_precision': 0.8967275376956663}


METRICS_PER_CLASSES
CLASS:0
ACC:0.8594285714285714
PREC:0.40229885057471265
REC:0.5384615384615384
TNR:0.8996784565916399
FPR:0.5977011494252874
FPDR:0.5977011494252874
F1:0.4605263157894737
BACC:0
CLSFE:0.5977011494252874
MCC:0.38701500090308844
GMEAN:0.6960188545269711
SAMPLES:261
AUC:{}
AVGP:{}
CLASS:1
ACC:0.8594285714285714
PREC:0.9395567494963063
REC:0.8996784565916399
TNR:0.5384615384615384
FPR:0.06044325050369376
FPDR:0.06044325050369376
F1:0.919185282522996
BACC:0
CLSFE:0.06044325050369376
MCC:0.38701500090308844
GMEAN:0.6960188545269711
SAMPLES:1489
AUC:{}
AVGP:{}
