

GENERAL_METRICS
ACC:0.8462857142857143
PREC:0.651020749665328
REC:0.6823664061883338
TNR:0.6823664061883338
FPR:0.34897925033467203
FPDR:0.34897925033467203
F1:0.6639849705099077
BACC:0.0
CLSFE:0.15371428571428572
MCC:0.3319102973776732
GMEAN:0.6479169339532181
SAMPLES:1750.0
AUC:{'AUC macro OVO': 0.651020749665328}
AVGP:{'avg_precision': 0.8933229159510596}


METRICS_PER_CLASSES
CLASS:0
ACC:0.8462857142857143
PREC:0.375
REC:0.4682926829268293
TNR:0.8964401294498382
FPR:0.625
FPDR:0.625
F1:0.4164859002169197
BACC:0
CLSFE:0.625
MCC:0.3319102973776732
GMEAN:0.6479169339532181
SAMPLES:256
AUC:{}
AVGP:{}
CLASS:1
ACC:0.8462857142857143
PREC:0.9270414993306559
REC:0.8964401294498382
TNR:0.4682926829268293
FPR:0.07295850066934405
FPDR:0.07295850066934405
F1:0.9114840408028957
BACC:0
CLSFE:0.07295850066934405
MCC:0.3319102973776732
GMEAN:0.6479169339532181
SAMPLES:1494
AUC:{}
AVGP:{}
