

GENERAL_METRICS
ACC:0.852
PREC:0.6636143768194506
REC:0.6973785150158458
TNR:0.6973785150158458
FPR:0.33638562318054943
FPDR:0.33638562318054943
F1:0.6776616118981802
BACC:0.0
CLSFE:0.148
MCC:0.359410421283892
GMEAN:0.6674119071876286
SAMPLES:1750.0
AUC:{'AUC macro OVO': 0.6636143768194506}
AVGP:{'avg_precision': 0.8963744744162618}


METRICS_PER_CLASSES
CLASS:0
ACC:0.852
PREC:0.3968871595330739
REC:0.49514563106796117
TNR:0.8996113989637305
FPR:0.603112840466926
FPDR:0.603112840466926
F1:0.4406047516198704
BACC:0
CLSFE:0.603112840466926
MCC:0.359410421283892
GMEAN:0.6674119071876286
SAMPLES:257
AUC:{}
AVGP:{}
CLASS:1
ACC:0.852
PREC:0.9303415941058272
REC:0.8996113989637305
TNR:0.49514563106796117
FPR:0.06965840589417281
FPDR:0.06965840589417281
F1:0.9147184721764899
BACC:0
CLSFE:0.06965840589417281
MCC:0.359410421283892
GMEAN:0.6674119071876286
SAMPLES:1493
AUC:{}
AVGP:{}
