

GENERAL_METRICS
ACC:0.8537142857142858
PREC:0.6748780974133087
REC:0.704628437239603
TNR:0.704628437239603
FPR:0.32512190258669127
FPDR:0.32512190258669127
F1:0.6876577398133197
BACC:0.0
CLSFE:0.1462857142857143
MCC:0.37833864080276247
GMEAN:0.6763394434747895
SAMPLES:1750.0
AUC:{'AUC macro OVO': 0.6748780974133087}
AVGP:{'avg_precision': 0.898705553625772}


METRICS_PER_CLASSES
CLASS:0
ACC:0.8537142857142858
PREC:0.42084942084942084
REC:0.5069767441860465
TNR:0.9022801302931596
FPR:0.5791505791505791
FPDR:0.5791505791505791
F1:0.459915611814346
BACC:0
CLSFE:0.5791505791505791
MCC:0.37833864080276247
GMEAN:0.6763394434747895
SAMPLES:259
AUC:{}
AVGP:{}
CLASS:1
ACC:0.8537142857142858
PREC:0.9289067739771966
REC:0.9022801302931596
TNR:0.5069767441860465
FPR:0.07109322602280349
FPDR:0.07109322602280349
F1:0.9153998678122934
BACC:0
CLSFE:0.07109322602280349
MCC:0.37833864080276247
GMEAN:0.6763394434747895
SAMPLES:1491
AUC:{}
AVGP:{}
