

GENERAL_METRICS
ACC:0.9352941176470588
PREC:0.540534633212913
REC:0.6193169230582473
TNR:0.6193169230582473
FPR:0.459465366787087
FPDR:0.459465366787087
F1:0.5548397442123453
BACC:0.0
CLSFE:0.06470588235294118
MCC:0.1390894347139195
GMEAN:0.5252169645595879
SAMPLES:4250.0
AUC:{'AUC macro OVO': 0.5405346332129131}
AVGP:{'avg_precision': 0.9474326286150252}


METRICS_PER_CLASSES
CLASS:0
ACC:0.9352941176470588
PREC:0.09504132231404959
REC:0.2911392405063291
TNR:0.9474946056101654
FPR:0.9049586776859504
FPDR:0.9049586776859504
F1:0.14330218068535824
BACC:0
CLSFE:0.9049586776859504
MCC:0.1390894347139195
GMEAN:0.5252169645595879
SAMPLES:242
AUC:{}
AVGP:{}
CLASS:1
ACC:0.9352941176470588
PREC:0.9860279441117764
REC:0.9474946056101654
TNR:0.2911392405063291
FPR:0.013972055888223553
FPDR:0.013972055888223553
F1:0.9663773077393324
BACC:0
CLSFE:0.013972055888223553
MCC:0.1390894347139195
GMEAN:0.5252169645595879
SAMPLES:4008
AUC:{}
AVGP:{}
