

GENERAL_METRICS
ACC:0.9303529411764706
PREC:0.5278104900806232
REC:0.6067269250825655
TNR:0.6067269250825655
FPR:0.47218950991937675
FPDR:0.47218950991937675
F1:0.5360973767744829
BACC:0.0
CLSFE:0.06964705882352941
MCC:0.10896105894023077
GMEAN:0.5065192926697745
SAMPLES:4250.0
AUC:{'AUC macro OVO': 0.5278104900806233}
AVGP:{'avg_precision': 0.9406866399350636}


METRICS_PER_CLASSES
CLASS:0
ACC:0.9303529411764706
PREC:0.06766917293233082
REC:0.2727272727272727
TNR:0.9407265774378585
FPR:0.9323308270676691
FPDR:0.9323308270676691
F1:0.10843373493975904
BACC:0
CLSFE:0.9323308270676691
MCC:0.10896105894023077
GMEAN:0.5065192926697745
SAMPLES:266
AUC:{}
AVGP:{}
CLASS:1
ACC:0.9303529411764706
PREC:0.9879518072289156
REC:0.9407265774378585
TNR:0.2727272727272727
FPR:0.012048192771084338
FPDR:0.012048192771084338
F1:0.9637610186092067
BACC:0
CLSFE:0.012048192771084338
MCC:0.10896105894023077
GMEAN:0.5065192926697745
SAMPLES:3984
AUC:{}
AVGP:{}
