

GENERAL_METRICS
ACC:0.9374117647058824
PREC:0.5320473300932895
REC:0.6164659319662902
TNR:0.6164659319662902
FPR:0.46795266990671053
FPDR:0.46795266990671053
F1:0.5433791798678081
BACC:0.0
CLSFE:0.06258823529411765
MCC:0.12218710515183338
GMEAN:0.5202245609125502
SAMPLES:4250.0
AUC:{'AUC macro OVO': 0.5320473300932894}
AVGP:{'avg_precision': 0.9471788399347951}


METRICS_PER_CLASSES
CLASS:0
ACC:0.9374117647058824
PREC:0.07531380753138076
REC:0.2857142857142857
TNR:0.9472175782182948
FPR:0.9246861924686193
FPDR:0.9246861924686193
F1:0.11920529801324503
BACC:0
CLSFE:0.9246861924686193
MCC:0.12218710515183338
GMEAN:0.5202245609125502
SAMPLES:239
AUC:{}
AVGP:{}
CLASS:1
ACC:0.9374117647058824
PREC:0.9887808526551982
REC:0.9472175782182948
TNR:0.2857142857142857
FPR:0.011219147344801795
FPDR:0.011219147344801795
F1:0.9675530617223713
BACC:0
CLSFE:0.011219147344801795
MCC:0.12218710515183338
GMEAN:0.5202245609125502
SAMPLES:4011
AUC:{}
AVGP:{}
