

GENERAL_METRICS
ACC:0.9230588235294117
PREC:0.532056628849495
REC:0.609713375324633
TNR:0.609713375324633
FPR:0.467943371150505
FPDR:0.467943371150505
F1:0.5415440736221334
BACC:0.0
CLSFE:0.07694117647058824
MCC:0.11860929057383503
GMEAN:0.5153921085188292
SAMPLES:4250.0
AUC:{'AUC macro OVO': 0.532056628849495}
AVGP:{'avg_precision': 0.9354148506690904}


METRICS_PER_CLASSES
CLASS:0
ACC:0.9230588235294117
PREC:0.07876712328767123
REC:0.2839506172839506
TNR:0.9354761333653154
FPR:0.9212328767123288
FPDR:0.9212328767123288
F1:0.12332439678284182
BACC:0
CLSFE:0.9212328767123288
MCC:0.11860929057383503
GMEAN:0.5153921085188292
SAMPLES:292
AUC:{}
AVGP:{}
CLASS:1
ACC:0.9230588235294117
PREC:0.9853461344113188
REC:0.9354761333653154
TNR:0.2839506172839506
FPR:0.014653865588681153
FPDR:0.014653865588681153
F1:0.9597637504614249
BACC:0
CLSFE:0.014653865588681153
MCC:0.11860929057383503
GMEAN:0.5153921085188292
SAMPLES:3958
AUC:{}
AVGP:{}
