

GENERAL_METRICS
ACC:0.93425
PREC:0.5604380913204443
REC:0.7106761208636394
TNR:0.7106761208636394
FPR:0.43956190867955575
FPDR:0.43956190867955575
F1:0.5855720779581467
BACC:0.0
CLSFE:0.06575
MCC:0.22567997369543974
GMEAN:0.6718094766583166
SAMPLES:4000.0
AUC:{'AUC macro OVO': 0.5604380913204443}
AVGP:{'avg_precision': 0.9424050121610457}


METRICS_PER_CLASSES
CLASS:0
ACC:0.93425
PREC:0.13076923076923078
REC:0.4788732394366197
TNR:0.9424790022906592
FPR:0.8692307692307693
FPDR:0.8692307692307693
F1:0.2054380664652568
BACC:0
CLSFE:0.8692307692307693
MCC:0.22567997369543974
GMEAN:0.6718094766583166
SAMPLES:260
AUC:{}
AVGP:{}
CLASS:1
ACC:0.93425
PREC:0.9901069518716578
REC:0.9424790022906592
TNR:0.4788732394366197
FPR:0.009893048128342246
FPDR:0.009893048128342246
F1:0.9657060894510366
BACC:0
CLSFE:0.009893048128342246
MCC:0.22567997369543974
GMEAN:0.6718094766583166
SAMPLES:3740
AUC:{}
AVGP:{}
