

GENERAL_METRICS
ACC:0.93175
PREC:0.5602604253564563
REC:0.6611395282750782
TNR:0.6611395282750782
FPR:0.43973957464354374
FPDR:0.43973957464354374
F1:0.5818845748719521
BACC:0.0
CLSFE:0.06825
MCC:0.19708207950592485
GMEAN:0.5973370859095378
SAMPLES:4000.0
AUC:{'AUC macro OVO': 0.5602604253564563}
AVGP:{'avg_precision': 0.9443929641254718}


METRICS_PER_CLASSES
CLASS:0
ACC:0.93175
PREC:0.13545816733067728
REC:0.37777777777777777
TNR:0.9445012787723785
FPR:0.8645418326693227
FPDR:0.8645418326693227
F1:0.19941348973607037
BACC:0
CLSFE:0.8645418326693227
MCC:0.19708207950592485
GMEAN:0.5973370859095378
SAMPLES:251
AUC:{}
AVGP:{}
CLASS:1
ACC:0.93175
PREC:0.9850626833822352
REC:0.9445012787723785
TNR:0.37777777777777777
FPR:0.014937316617764738
FPDR:0.014937316617764738
F1:0.9643556600078339
BACC:0
CLSFE:0.014937316617764738
MCC:0.19708207950592485
GMEAN:0.5973370859095378
SAMPLES:3749
AUC:{}
AVGP:{}
