

GENERAL_METRICS
ACC:0.9405
PREC:0.5826531569565625
REC:0.7249744637385087
TNR:0.7249744637385087
FPR:0.41734684304343744
FPDR:0.41734684304343744
F1:0.6149359547889509
BACC:0.0
CLSFE:0.0595
MCC:0.2727258672190626
GMEAN:0.6891839114042845
SAMPLES:4000.0
AUC:{'AUC macro OVO': 0.5826531569565626}
AVGP:{'avg_precision': 0.9498434370586136}


METRICS_PER_CLASSES
CLASS:0
ACC:0.9405
PREC:0.17647058823529413
REC:0.5
TNR:0.9499489274770173
FPR:0.8235294117647058
FPDR:0.8235294117647058
F1:0.2608695652173913
BACC:0
CLSFE:0.8235294117647058
MCC:0.2727258672190626
GMEAN:0.6891839114042845
SAMPLES:238
AUC:{}
AVGP:{}
CLASS:1
ACC:0.9405
PREC:0.988835725677831
REC:0.9499489274770173
TNR:0.5
FPR:0.011164274322169059
FPDR:0.011164274322169059
F1:0.9690023443605106
BACC:0
CLSFE:0.011164274322169059
MCC:0.2727258672190626
GMEAN:0.6891839114042845
SAMPLES:3762
AUC:{}
AVGP:{}
