

GENERAL_METRICS
ACC:0.9345
PREC:0.5707955260183234
REC:0.6717896174863388
TNR:0.6717896174863388
FPR:0.42920447398167655
FPDR:0.42920447398167655
F1:0.5953286718903248
BACC:0.0
CLSFE:0.0655
MCC:0.2205623388924948
GMEAN:0.6124944239737266
SAMPLES:4000.0
AUC:{'AUC macro OVO': 0.5707955260183234}
AVGP:{'avg_precision': 0.9476186365262305}


METRICS_PER_CLASSES
CLASS:0
ACC:0.9345
PREC:0.15702479338842976
REC:0.3958333333333333
TNR:0.9477459016393442
FPR:0.8429752066115702
FPDR:0.8429752066115702
F1:0.22485207100591717
BACC:0
CLSFE:0.8429752066115702
MCC:0.2205623388924948
GMEAN:0.6124944239737266
SAMPLES:242
AUC:{}
AVGP:{}
CLASS:1
ACC:0.9345
PREC:0.9845662586482171
REC:0.9477459016393442
TNR:0.3958333333333333
FPR:0.015433741351782864
FPDR:0.015433741351782864
F1:0.9658052727747325
BACC:0
CLSFE:0.015433741351782864
MCC:0.2205623388924948
GMEAN:0.6124944239737266
SAMPLES:3758
AUC:{}
AVGP:{}
