

GENERAL_METRICS
ACC:0.8911111111111111
PREC:0.7329261830525136
REC:0.735269135821622
TNR:0.735269135821622
FPR:0.26707381694748644
FPDR:0.26707381694748644
F1:0.7340886101167405
BACC:0.0
CLSFE:0.10888888888888888
MCC:0.46818945651090355
GMEAN:0.7068482548861251
SAMPLES:2250.0
AUC:{'AUC macro OVO': 0.7329261830525136}
AVGP:{'avg_precision': 0.9344230254567192}


METRICS_PER_CLASSES
CLASS:0
ACC:0.8911111111111111
PREC:0.5267175572519084
REC:0.5328185328185329
TNR:0.9377197388247112
FPR:0.4732824427480916
FPDR:0.4732824427480916
F1:0.5297504798464492
BACC:0
CLSFE:0.4732824427480916
MCC:0.46818945651090355
GMEAN:0.7068482548861251
SAMPLES:262
AUC:{}
AVGP:{}
CLASS:1
ACC:0.8911111111111111
PREC:0.9391348088531187
REC:0.9377197388247112
TNR:0.5328185328185329
FPR:0.06086519114688129
FPDR:0.06086519114688129
F1:0.9384267403870319
BACC:0
CLSFE:0.06086519114688129
MCC:0.46818945651090355
GMEAN:0.7068482548861251
SAMPLES:1988
AUC:{}
AVGP:{}
