

GENERAL_METRICS
ACC:0.8848888888888888
PREC:0.7030032635967477
REC:0.6964546516722652
TNR:0.6964546516722652
FPR:0.2969967364032523
FPDR:0.2969967364032523
F1:0.6996460694223463
BACC:0.0
CLSFE:0.11511111111111111
MCC:0.39940423351903576
GMEAN:0.6533651852278619
SAMPLES:2250.0
AUC:{'AUC macro OVO': 0.7030032635967477}
AVGP:{'avg_precision': 0.9347651463094675}


METRICS_PER_CLASSES
CLASS:0
ACC:0.8848888888888888
PREC:0.47257383966244726
REC:0.45528455284552843
TNR:0.937624750499002
FPR:0.5274261603375527
FPDR:0.5274261603375527
F1:0.463768115942029
BACC:0
CLSFE:0.5274261603375527
MCC:0.39940423351903576
GMEAN:0.6533651852278619
SAMPLES:237
AUC:{}
AVGP:{}
CLASS:1
ACC:0.8848888888888888
PREC:0.9334326875310481
REC:0.937624750499002
TNR:0.45528455284552843
FPR:0.06656731246895181
FPDR:0.06656731246895181
F1:0.9355240229026637
BACC:0
CLSFE:0.06656731246895181
MCC:0.39940423351903576
GMEAN:0.6533651852278619
SAMPLES:2013
AUC:{}
AVGP:{}
