

GENERAL_METRICS
ACC:0.9298823529411765
PREC:0.5959063278401874
REC:0.6404638085574159
TNR:0.6404638085574159
FPR:0.40409367215981257
FPDR:0.40409367215981257
F1:0.6127839686142527
BACC:0.0
CLSFE:0.07011764705882353
MCC:0.23213244558388513
GMEAN:0.558600862021269
SAMPLES:4250.0
AUC:{'AUC macro OVO': 0.5959063278401875}
AVGP:{'avg_precision': 0.9534759045567205}


METRICS_PER_CLASSES
CLASS:0
ACC:0.9298823529411765
PREC:0.2190082644628099
REC:0.3271604938271605
TNR:0.9537671232876712
FPR:0.78099173553719
FPDR:0.78099173553719
F1:0.2623762376237624
BACC:0
CLSFE:0.78099173553719
MCC:0.23213244558388513
GMEAN:0.558600862021269
SAMPLES:242
AUC:{}
AVGP:{}
CLASS:1
ACC:0.9298823529411765
PREC:0.9728043912175649
REC:0.9537671232876712
TNR:0.3271604938271605
FPR:0.02719560878243513
FPDR:0.02719560878243513
F1:0.963191699604743
BACC:0
CLSFE:0.02719560878243513
MCC:0.23213244558388513
GMEAN:0.558600862021269
SAMPLES:4008
AUC:{}
AVGP:{}
