

GENERAL_METRICS
ACC:0.9251764705882353
PREC:0.6011767786740568
REC:0.6272167487684729
TNR:0.6272167487684729
FPR:0.39882322132594317
FPDR:0.39882322132594317
F1:0.6122369580785545
BACC:0.0
CLSFE:0.0748235294117647
MCC:0.22690421621275245
GMEAN:0.5350981678730397
SAMPLES:4250.0
AUC:{'AUC macro OVO': 0.6011767786740568}
AVGP:{'avg_precision': 0.9540560445322048}


METRICS_PER_CLASSES
CLASS:0
ACC:0.9251764705882353
PREC:0.23553719008264462
REC:0.3
TNR:0.9544334975369458
FPR:0.7644628099173554
FPDR:0.7644628099173554
F1:0.2638888888888889
BACC:0
CLSFE:0.7644628099173554
MCC:0.22690421621275245
GMEAN:0.5350981678730397
SAMPLES:242
AUC:{}
AVGP:{}
CLASS:1
ACC:0.9251764705882353
PREC:0.966816367265469
REC:0.9544334975369458
TNR:0.3
FPR:0.03318363273453094
FPDR:0.03318363273453094
F1:0.9605850272682201
BACC:0
CLSFE:0.03318363273453094
MCC:0.22690421621275245
GMEAN:0.5350981678730397
SAMPLES:4008
AUC:{}
AVGP:{}
