

GENERAL_METRICS
ACC:0.9197647058823529
PREC:0.5995132060921534
REC:0.6256601922484697
TNR:0.6256601922484697
FPR:0.40048679390784653
FPDR:0.40048679390784653
F1:0.610535076566775
BACC:0.0
CLSFE:0.08023529411764706
MCC:0.2236501608208819
GMEAN:0.5345247610388993
SAMPLES:4250.0
AUC:{'AUC macro OVO': 0.5995132060921535}
AVGP:{'avg_precision': 0.9504005549419122}


METRICS_PER_CLASSES
CLASS:0
ACC:0.9197647058823529
PREC:0.23461538461538461
REC:0.30049261083743845
TNR:0.9508277736595009
FPR:0.7653846153846153
FPDR:0.7653846153846153
F1:0.2634989200863931
BACC:0
CLSFE:0.7653846153846153
MCC:0.2236501608208819
GMEAN:0.5345247610388993
SAMPLES:260
AUC:{}
AVGP:{}
CLASS:1
ACC:0.9197647058823529
PREC:0.9644110275689223
REC:0.9508277736595009
TNR:0.30049261083743845
FPR:0.03558897243107769
FPDR:0.03558897243107769
F1:0.9575712330471569
BACC:0
CLSFE:0.03558897243107769
MCC:0.2236501608208819
GMEAN:0.5345247610388993
SAMPLES:3990
AUC:{}
AVGP:{}
