

GENERAL_METRICS
ACC:0.9216470588235294
PREC:0.5945045615718494
REC:0.635507570596874
TNR:0.635507570596874
FPR:0.40549543842815056
FPDR:0.40549543842815056
F1:0.610134599634886
BACC:0.0
CLSFE:0.07835294117647058
MCC:0.22632793507584528
GMEAN:0.5530246459736523
SAMPLES:4250.0
AUC:{'AUC macro OVO': 0.5945045615718495}
AVGP:{'avg_precision': 0.9482473769548122}


METRICS_PER_CLASSES
CLASS:0
ACC:0.9216470588235294
PREC:0.22014925373134328
REC:0.3224043715846995
TNR:0.9486107696090484
FPR:0.7798507462686567
FPDR:0.7798507462686567
F1:0.2616407982261641
BACC:0
CLSFE:0.7798507462686567
MCC:0.22632793507584528
GMEAN:0.5530246459736523
SAMPLES:268
AUC:{}
AVGP:{}
CLASS:1
ACC:0.9216470588235294
PREC:0.9688598694123556
REC:0.9486107696090484
TNR:0.3224043715846995
FPR:0.0311401305876444
FPDR:0.0311401305876444
F1:0.9586284010436079
BACC:0
CLSFE:0.0311401305876444
MCC:0.22632793507584528
GMEAN:0.5530246459736523
SAMPLES:3982
AUC:{}
AVGP:{}
