

GENERAL_METRICS
ACC:0.824
PREC:0.807141192917055
REC:0.792981648463297
TNR:0.792981648463297
FPR:0.192858807082945
FPDR:0.192858807082945
F1:0.7991087734677478
BACC:0.0
CLSFE:0.176
MCC:0.5999557750762043
GMEAN:0.7871332013435549
SAMPLES:750.0
AUC:{'AUC macro OVO': 0.807141192917055}
AVGP:{'avg_precision': 0.8596141383318803}


METRICS_PER_CLASSES
CLASS:0
ACC:0.824
PREC:0.7629310344827587
REC:0.6968503937007874
TNR:0.8891129032258065
FPR:0.23706896551724138
FPDR:0.23706896551724138
F1:0.7283950617283951
BACC:0
CLSFE:0.23706896551724138
MCC:0.5999557750762043
GMEAN:0.7871332013435549
SAMPLES:232
AUC:{}
AVGP:{}
CLASS:1
ACC:0.824
PREC:0.8513513513513513
REC:0.8891129032258065
TNR:0.6968503937007874
FPR:0.14864864864864866
FPDR:0.14864864864864866
F1:0.8698224852071006
BACC:0
CLSFE:0.14864864864864866
MCC:0.5999557750762043
GMEAN:0.7871332013435549
SAMPLES:518
AUC:{}
AVGP:{}
