

GENERAL_METRICS
ACC:0.8
PREC:0.7849617847552158
REC:0.7683330091421903
TNR:0.7683330091421903
FPR:0.21503821524478411
FPDR:0.21503821524478411
F1:0.7749999999999999
BACC:0.0
CLSFE:0.2
MCC:0.5530448560248841
GMEAN:0.7607109769353124
SAMPLES:750.0
AUC:{'AUC macro OVO': 0.7849617847552159}
AVGP:{'avg_precision': 0.843150835752177}


METRICS_PER_CLASSES
CLASS:0
ACC:0.8
PREC:0.7446808510638298
REC:0.660377358490566
TNR:0.8762886597938144
FPR:0.2553191489361702
FPDR:0.2553191489361702
F1:0.7
BACC:0
CLSFE:0.2553191489361702
MCC:0.5530448560248841
GMEAN:0.7607109769353124
SAMPLES:235
AUC:{}
AVGP:{}
CLASS:1
ACC:0.8
PREC:0.8252427184466019
REC:0.8762886597938144
TNR:0.660377358490566
FPR:0.17475728155339806
FPDR:0.17475728155339806
F1:0.85
BACC:0
CLSFE:0.17475728155339806
MCC:0.5530448560248841
GMEAN:0.7607109769353124
SAMPLES:515
AUC:{}
AVGP:{}
