

GENERAL_METRICS
ACC:0.804
PREC:0.7793275962302155
REC:0.7740168358822773
TNR:0.7740168358822773
FPR:0.2206724037697844
FPDR:0.2206724037697844
F1:0.7765192132665493
BACC:0.0
CLSFE:0.196
MCC:0.5533189463360387
GMEAN:0.7689369131161892
SAMPLES:750.0
AUC:{'AUC macro OVO': 0.7793275962302155}
AVGP:{'avg_precision': 0.8348885787573775}


METRICS_PER_CLASSES
CLASS:0
ACC:0.804
PREC:0.7112970711297071
REC:0.6854838709677419
TNR:0.8625498007968128
FPR:0.28870292887029286
FPDR:0.28870292887029286
F1:0.6981519507186859
BACC:0
CLSFE:0.28870292887029286
MCC:0.5533189463360387
GMEAN:0.7689369131161892
SAMPLES:239
AUC:{}
AVGP:{}
CLASS:1
ACC:0.804
PREC:0.8473581213307241
REC:0.8625498007968128
TNR:0.6854838709677419
FPR:0.15264187866927592
FPDR:0.15264187866927592
F1:0.8548864758144127
BACC:0
CLSFE:0.15264187866927592
MCC:0.5533189463360387
GMEAN:0.7689369131161892
SAMPLES:511
AUC:{}
AVGP:{}
