

GENERAL_METRICS
ACC:0.7866666666666666
PREC:0.7797159665991903
REC:0.7645061913022672
TNR:0.7645061913022672
FPR:0.2202840334008097
FPDR:0.2202840334008097
F1:0.7699809850947679
BACC:0.0
CLSFE:0.21333333333333335
MCC:0.544009577017111
GMEAN:0.7579216157161499
SAMPLES:750.0
AUC:{'AUC macro OVO': 0.7797159665991903}
AVGP:{'avg_precision': 0.8237699320521661}


METRICS_PER_CLASSES
CLASS:0
ACC:0.7866666666666666
PREC:0.7578125
REC:0.6643835616438356
TNR:0.8646288209606987
FPR:0.2421875
FPDR:0.2421875
F1:0.708029197080292
BACC:0
CLSFE:0.2421875
MCC:0.544009577017111
GMEAN:0.7579216157161499
SAMPLES:256
AUC:{}
AVGP:{}
CLASS:1
ACC:0.7866666666666666
PREC:0.8016194331983806
REC:0.8646288209606987
TNR:0.6643835616438356
FPR:0.19838056680161945
FPDR:0.19838056680161945
F1:0.8319327731092437
BACC:0
CLSFE:0.19838056680161945
MCC:0.544009577017111
GMEAN:0.7579216157161499
SAMPLES:494
AUC:{}
AVGP:{}
