

GENERAL_METRICS
ACC:0.9047272727272727
PREC:0.5100578242598542
REC:0.585193346118796
TNR:0.585193346118796
FPR:0.4899421757401457
FPDR:0.4899421757401457
F1:0.5002857491621724
BACC:0.0
CLSFE:0.09527272727272727
MCC:0.05854433203553662
GMEAN:0.4860228630062097
SAMPLES:2750.0
AUC:{'AUC macro OVO': 0.5100578242598544}
AVGP:{'avg_precision': 0.9111140552292422}


METRICS_PER_CLASSES
CLASS:0
ACC:0.9047272727272727
PREC:0.028112449799196786
REC:0.25925925925925924
TNR:0.9111274329783328
FPR:0.9718875502008032
FPDR:0.9718875502008032
F1:0.050724637681159424
BACC:0
CLSFE:0.9718875502008032
MCC:0.05854433203553662
GMEAN:0.4860228630062097
SAMPLES:249
AUC:{}
AVGP:{}
CLASS:1
ACC:0.9047272727272727
PREC:0.9920031987205118
REC:0.9111274329783328
TNR:0.25925925925925924
FPR:0.007996801279488205
FPDR:0.007996801279488205
F1:0.9498468606431854
BACC:0
CLSFE:0.007996801279488205
MCC:0.05854433203553662
GMEAN:0.4860228630062097
SAMPLES:2501
AUC:{}
AVGP:{}
