

GENERAL_METRICS
ACC:0.9018181818181819
PREC:0.5159789570544719
REC:0.6613780875519687
TNR:0.6613780875519687
FPR:0.48402104294552806
FPDR:0.48402104294552806
F1:0.5085710503673307
BACC:0.0
CLSFE:0.09818181818181818
MCC:0.10156088874218694
GMEAN:0.6144406360114834
SAMPLES:2750.0
AUC:{'AUC macro OVO': 0.5159789570544719}
AVGP:{'avg_precision': 0.9060736328590487}


METRICS_PER_CLASSES
CLASS:0
ACC:0.9018181818181819
PREC:0.03759398496240601
REC:0.4166666666666667
TNR:0.9060895084372708
FPR:0.9624060150375939
FPDR:0.9624060150375939
F1:0.06896551724137931
BACC:0
CLSFE:0.9624060150375939
MCC:0.10156088874218694
GMEAN:0.6144406360114834
SAMPLES:266
AUC:{}
AVGP:{}
CLASS:1
ACC:0.9018181818181819
PREC:0.9943639291465378
REC:0.9060895084372708
TNR:0.4166666666666667
FPR:0.005636070853462158
FPDR:0.005636070853462158
F1:0.9481765834932822
BACC:0
CLSFE:0.005636070853462158
MCC:0.10156088874218694
GMEAN:0.6144406360114834
SAMPLES:2484
AUC:{}
AVGP:{}
