

GENERAL_METRICS
ACC:0.9018181818181819
PREC:0.5246565346447125
REC:0.695227135213373
TNR:0.695227135213373
FPR:0.47534346535528754
FPDR:0.47534346535528754
F1:0.5240384615384616
BACC:0.0
CLSFE:0.09818181818181818
MCC:0.13876057974765738
GMEAN:0.6623211758722345
SAMPLES:2750.0
AUC:{'AUC macro OVO': 0.5246565346447125}
AVGP:{'avg_precision': 0.9065549174562544}


METRICS_PER_CLASSES
CLASS:0
ACC:0.9018181818181819
PREC:0.055762081784386616
REC:0.4838709677419355
TNR:0.9065833026848106
FPR:0.9442379182156134
FPDR:0.9442379182156134
F1:0.1
BACC:0
CLSFE:0.9442379182156134
MCC:0.13876057974765738
GMEAN:0.6623211758722345
SAMPLES:269
AUC:{}
AVGP:{}
CLASS:1
ACC:0.9018181818181819
PREC:0.9935509875050383
REC:0.9065833026848106
TNR:0.4838709677419355
FPR:0.006449012494961709
FPDR:0.006449012494961709
F1:0.948076923076923
BACC:0
CLSFE:0.006449012494961709
MCC:0.13876057974765738
GMEAN:0.6623211758722345
SAMPLES:2481
AUC:{}
AVGP:{}
