

GENERAL_METRICS
ACC:0.9069090909090909
PREC:0.5226845848559865
REC:0.6963044572299071
TNR:0.6963044572299071
FPR:0.4773154151440135
FPDR:0.4773154151440135
F1:0.5215688193351438
BACC:0.0
CLSFE:0.09309090909090909
MCC:0.13346288049701605
GMEAN:0.662337516866459
SAMPLES:2750.0
AUC:{'AUC macro OVO': 0.5226845848559865}
AVGP:{'avg_precision': 0.911105803367159}


METRICS_PER_CLASSES
CLASS:0
ACC:0.9069090909090909
PREC:0.050980392156862744
REC:0.48148148148148145
TNR:0.9111274329783328
FPR:0.9490196078431372
FPDR:0.9490196078431372
F1:0.09219858156028368
BACC:0
CLSFE:0.9490196078431372
MCC:0.13346288049701605
GMEAN:0.662337516866459
SAMPLES:255
AUC:{}
AVGP:{}
CLASS:1
ACC:0.9069090909090909
PREC:0.9943887775551102
REC:0.9111274329783328
TNR:0.48148148148148145
FPR:0.0056112224448897794
FPDR:0.0056112224448897794
F1:0.9509390571100038
BACC:0
CLSFE:0.0056112224448897794
MCC:0.13346288049701605
GMEAN:0.662337516866459
SAMPLES:2495
AUC:{}
AVGP:{}
