

GENERAL_METRICS
ACC:0.9266666666666666
PREC:0.5769145256916997
REC:0.6353339665001163
TNR:0.6353339665001163
FPR:0.4230854743083004
FPDR:0.4230854743083004
F1:0.5955963233676503
BACC:0.0
CLSFE:0.07333333333333333
MCC:0.20405046281087244
GMEAN:0.5531667230311708
SAMPLES:3750.0
AUC:{'AUC macro OVO': 0.5769145256916997}
AVGP:{'avg_precision': 0.9476093301215299}


METRICS_PER_CLASSES
CLASS:0
ACC:0.9266666666666666
PREC:0.1782608695652174
REC:0.3228346456692913
TNR:0.9478332873309412
FPR:0.8217391304347826
FPDR:0.8217391304347826
F1:0.22969187675070027
BACC:0
CLSFE:0.8217391304347826
MCC:0.20405046281087244
GMEAN:0.5531667230311708
SAMPLES:230
AUC:{}
AVGP:{}
CLASS:1
ACC:0.9266666666666666
PREC:0.9755681818181818
REC:0.9478332873309412
TNR:0.3228346456692913
FPR:0.024431818181818183
FPDR:0.024431818181818183
F1:0.9615007699846003
BACC:0
CLSFE:0.024431818181818183
MCC:0.20405046281087244
GMEAN:0.5531667230311708
SAMPLES:3520
AUC:{}
AVGP:{}
