

GENERAL_METRICS
ACC:0.9229333333333334
PREC:0.5432677575534719
REC:0.5797250277019063
TNR:0.5797250277019063
FPR:0.45673224244652816
FPDR:0.45673224244652816
F1:0.5535675666991682
BACC:0.0
CLSFE:0.07706666666666667
MCC:0.11746528286348966
GMEAN:0.44954270252668965
SAMPLES:3750.0
AUC:{'AUC macro OVO': 0.5432677575534719}
AVGP:{'avg_precision': 0.945645112295767}


METRICS_PER_CLASSES
CLASS:0
ACC:0.9229333333333334
PREC:0.11261261261261261
REC:0.21367521367521367
TNR:0.9457748417285989
FPR:0.8873873873873874
FPDR:0.8873873873873874
F1:0.14749262536873156
BACC:0
CLSFE:0.8873873873873874
MCC:0.11746528286348966
GMEAN:0.44954270252668965
SAMPLES:222
AUC:{}
AVGP:{}
CLASS:1
ACC:0.9229333333333334
PREC:0.9739229024943311
REC:0.9457748417285989
TNR:0.21367521367521367
FPR:0.026077097505668934
FPDR:0.026077097505668934
F1:0.9596425080296048
BACC:0
CLSFE:0.026077097505668934
MCC:0.11746528286348966
GMEAN:0.44954270252668965
SAMPLES:3528
AUC:{}
AVGP:{}
