

GENERAL_METRICS
ACC:0.9250666666666667
PREC:0.5564072985202513
REC:0.6225405422198289
TNR:0.6225405422198289
FPR:0.4435927014797486
FPDR:0.4435927014797486
F1:0.5731170054385806
BACC:0.0
CLSFE:0.07493333333333334
MCC:0.16627905395241285
GMEAN:0.5336083764969601
SAMPLES:3750.0
AUC:{'AUC macro OVO': 0.5564072985202513}
AVGP:{'avg_precision': 0.9430482810857477}


METRICS_PER_CLASSES
CLASS:0
ACC:0.9250666666666667
PREC:0.13389121338912133
REC:0.3018867924528302
TNR:0.9431942919868277
FPR:0.8661087866108786
FPDR:0.8661087866108786
F1:0.1855072463768116
BACC:0
CLSFE:0.8661087866108786
MCC:0.16627905395241285
GMEAN:0.5336083764969601
SAMPLES:239
AUC:{}
AVGP:{}
CLASS:1
ACC:0.9250666666666667
PREC:0.9789233836513813
REC:0.9431942919868277
TNR:0.3018867924528302
FPR:0.021076616348618626
FPDR:0.021076616348618626
F1:0.9607267645003494
BACC:0
CLSFE:0.021076616348618626
MCC:0.16627905395241285
GMEAN:0.5336083764969601
SAMPLES:3511
AUC:{}
AVGP:{}
