

GENERAL_METRICS
ACC:0.9248
PREC:0.5625863561835633
REC:0.6407224074726094
TNR:0.6407224074726094
FPR:0.4374136438164367
FPDR:0.4374136438164367
F1:0.581963597034254
BACC:0.0
CLSFE:0.0752
MCC:0.18769446147491153
GMEAN:0.5655653228181671
SAMPLES:3750.0
AUC:{'AUC macro OVO': 0.5625863561835633}
AVGP:{'avg_precision': 0.9416631541685553}


METRICS_PER_CLASSES
CLASS:0
ACC:0.9248
PREC:0.14516129032258066
REC:0.33962264150943394
TNR:0.9418221734357849
FPR:0.8548387096774194
FPDR:0.8548387096774194
F1:0.2033898305084746
BACC:0
CLSFE:0.8548387096774194
MCC:0.18769446147491153
GMEAN:0.5655653228181671
SAMPLES:248
AUC:{}
AVGP:{}
CLASS:1
ACC:0.9248
PREC:0.9800114220445459
REC:0.9418221734357849
TNR:0.33962264150943394
FPR:0.019988577955454025
FPDR:0.019988577955454025
F1:0.9605373635600336
BACC:0
CLSFE:0.019988577955454025
MCC:0.18769446147491153
GMEAN:0.5655653228181671
SAMPLES:3502
AUC:{}
AVGP:{}
