

GENERAL_METRICS
ACC:0.88
PREC:0.5754026262592512
REC:0.6390784851472945
TNR:0.6390784851472945
FPR:0.4245973737407488
FPDR:0.4245973737407488
F1:0.5923913043478262
BACC:0.0
CLSFE:0.12
MCC:0.2048109668573855
GMEAN:0.579136603039095
SAMPLES:2250.0
AUC:{'AUC macro OVO': 0.5754026262592512}
AVGP:{'avg_precision': 0.9087273063789361}


METRICS_PER_CLASSES
CLASS:0
ACC:0.88
PREC:0.18907563025210083
REC:0.36885245901639346
TNR:0.9093045112781954
FPR:0.8109243697478992
FPDR:0.8109243697478992
F1:0.25
BACC:0
CLSFE:0.8109243697478992
MCC:0.2048109668573855
GMEAN:0.579136603039095
SAMPLES:238
AUC:{}
AVGP:{}
CLASS:1
ACC:0.88
PREC:0.9617296222664016
REC:0.9093045112781954
TNR:0.36885245901639346
FPR:0.03827037773359841
FPDR:0.03827037773359841
F1:0.9347826086956522
BACC:0
CLSFE:0.03827037773359841
MCC:0.2048109668573855
GMEAN:0.579136603039095
SAMPLES:2012
AUC:{}
AVGP:{}
