

GENERAL_METRICS
ACC:0.8822222222222222
PREC:0.5818407960199005
REC:0.6532555151411635
TNR:0.6532555151411635
FPR:0.41815920398009954
FPDR:0.41815920398009954
F1:0.6009514254985514
BACC:0.0
CLSFE:0.11777777777777777
MCC:0.2239870831417985
GMEAN:0.6007654011913574
SAMPLES:2250.0
AUC:{'AUC macro OVO': 0.5818407960199005}
AVGP:{'avg_precision': 0.9092181615797637}


METRICS_PER_CLASSES
CLASS:0
ACC:0.8822222222222222
PREC:0.2
REC:0.39669421487603307
TNR:0.909816815406294
FPR:0.8
FPDR:0.8
F1:0.2659279778393352
BACC:0
CLSFE:0.8
MCC:0.2239870831417985
GMEAN:0.6007654011913574
SAMPLES:240
AUC:{}
AVGP:{}
CLASS:1
ACC:0.8822222222222222
PREC:0.963681592039801
REC:0.909816815406294
TNR:0.39669421487603307
FPR:0.03631840796019901
FPDR:0.03631840796019901
F1:0.9359748731577676
BACC:0
CLSFE:0.03631840796019901
MCC:0.2239870831417985
GMEAN:0.6007654011913574
SAMPLES:2010
AUC:{}
AVGP:{}
