

GENERAL_METRICS
ACC:0.8662222222222222
PREC:0.5642781300359956
REC:0.6305055786806105
TNR:0.6305055786806105
FPR:0.4357218699640044
FPDR:0.4357218699640044
F1:0.5784625975417943
BACC:0.0
CLSFE:0.13377777777777777
MCC:0.18317919703782018
GMEAN:0.5722732266247059
SAMPLES:2250.0
AUC:{'AUC macro OVO': 0.5642781300359956}
AVGP:{'avg_precision': 0.8945959692711604}


METRICS_PER_CLASSES
CLASS:0
ACC:0.8662222222222222
PREC:0.16791044776119404
REC:0.36585365853658536
TNR:0.8951574988246357
FPR:0.832089552238806
FPDR:0.832089552238806
F1:0.23017902813299232
BACC:0
CLSFE:0.832089552238806
MCC:0.18317919703782018
GMEAN:0.5722732266247059
SAMPLES:268
AUC:{}
AVGP:{}
CLASS:1
ACC:0.8662222222222222
PREC:0.9606458123107972
REC:0.8951574988246357
TNR:0.36585365853658536
FPR:0.039354187689202826
FPDR:0.039354187689202826
F1:0.9267461669505963
BACC:0
CLSFE:0.039354187689202826
MCC:0.18317919703782018
GMEAN:0.5722732266247059
SAMPLES:1982
AUC:{}
AVGP:{}
