

GENERAL_METRICS
ACC:0.8737777777777778
PREC:0.5665486915486916
REC:0.6331883804496454
TNR:0.6331883804496454
FPR:0.43345130845130847
FPDR:0.43345130845130847
F1:0.5818336496302599
BACC:0.0
CLSFE:0.12622222222222224
MCC:0.1882924581433174
GMEAN:0.5733096686904445
SAMPLES:2250.0
AUC:{'AUC macro OVO': 0.5665486915486915}
AVGP:{'avg_precision': 0.9014455825431434}


METRICS_PER_CLASSES
CLASS:0
ACC:0.8737777777777778
PREC:0.17063492063492064
REC:0.3644067796610169
TNR:0.9019699812382739
FPR:0.8293650793650794
FPDR:0.8293650793650794
F1:0.23243243243243245
BACC:0
CLSFE:0.8293650793650794
MCC:0.1882924581433174
GMEAN:0.5733096686904445
SAMPLES:252
AUC:{}
AVGP:{}
CLASS:1
ACC:0.8737777777777778
PREC:0.9624624624624625
REC:0.9019699812382739
TNR:0.3644067796610169
FPR:0.03753753753753754
FPDR:0.03753753753753754
F1:0.9312348668280872
BACC:0
CLSFE:0.03753753753753754
MCC:0.1882924581433174
GMEAN:0.5733096686904445
SAMPLES:1998
AUC:{}
AVGP:{}
