

GENERAL_METRICS
ACC:0.8473333333333334
PREC:0.6870508087085627
REC:0.7145023071852341
TNR:0.7145023071852341
FPR:0.3129491912914373
FPDR:0.3129491912914373
F1:0.6989986776972479
BACC:0.0
CLSFE:0.15266666666666667
MCC:0.40061367939125875
GMEAN:0.6907239235490206
SAMPLES:1500.0
AUC:{'AUC macro OVO': 0.6870508087085627}
AVGP:{'avg_precision': 0.8928230997293001}


METRICS_PER_CLASSES
CLASS:0
ACC:0.8473333333333334
PREC:0.45041322314049587
REC:0.5317073170731708
TNR:0.8972972972972973
FPR:0.5495867768595041
FPDR:0.5495867768595041
F1:0.48769574944071586
BACC:0
CLSFE:0.5495867768595041
MCC:0.40061367939125875
GMEAN:0.6907239235490206
SAMPLES:242
AUC:{}
AVGP:{}
CLASS:1
ACC:0.8473333333333334
PREC:0.9236883942766295
REC:0.8972972972972973
TNR:0.5317073170731708
FPR:0.07631160572337042
FPDR:0.07631160572337042
F1:0.9103016059537798
BACC:0
CLSFE:0.07631160572337042
MCC:0.40061367939125875
GMEAN:0.6907239235490206
SAMPLES:1258
AUC:{}
AVGP:{}
