

GENERAL_METRICS
ACC:0.8566666666666667
PREC:0.6989436443268489
REC:0.7290384615384615
TNR:0.7290384615384615
FPR:0.3010563556731511
FPDR:0.3010563556731511
F1:0.7120615411537716
BACC:0.0
CLSFE:0.14333333333333334
MCC:0.4269226919688217
GMEAN:0.7079602335637873
SAMPLES:1500.0
AUC:{'AUC macro OVO': 0.698943644326849}
AVGP:{'avg_precision': 0.8987730068822706}


METRICS_PER_CLASSES
CLASS:0
ACC:0.8566666666666667
PREC:0.46835443037974683
REC:0.555
TNR:0.9030769230769231
FPR:0.5316455696202531
FPDR:0.5316455696202531
F1:0.5080091533180778
BACC:0
CLSFE:0.5316455696202531
MCC:0.4269226919688217
GMEAN:0.7079602335637873
SAMPLES:237
AUC:{}
AVGP:{}
CLASS:1
ACC:0.8566666666666667
PREC:0.9295328582739509
REC:0.9030769230769231
TNR:0.555
FPR:0.07046714172604909
FPDR:0.07046714172604909
F1:0.9161139289894654
BACC:0
CLSFE:0.07046714172604909
MCC:0.4269226919688217
GMEAN:0.7079602335637873
SAMPLES:1263
AUC:{}
AVGP:{}
