

GENERAL_METRICS
ACC:0.832
PREC:0.6606257896894085
REC:0.674346181138985
TNR:0.674346181138985
FPR:0.3393742103105914
FPDR:0.3393742103105914
F1:0.666920441568329
BACC:0.0
CLSFE:0.168
MCC:0.334690860495366
GMEAN:0.6376673338985894
SAMPLES:1500.0
AUC:{'AUC macro OVO': 0.6606257896894085}
AVGP:{'avg_precision': 0.8892640620276931}


METRICS_PER_CLASSES
CLASS:0
ACC:0.832
PREC:0.41201716738197425
REC:0.4549763033175355
TNR:0.8937160589604345
FPR:0.5879828326180258
FPDR:0.5879828326180258
F1:0.43243243243243246
BACC:0
CLSFE:0.5879828326180258
MCC:0.334690860495366
GMEAN:0.6376673338985894
SAMPLES:233
AUC:{}
AVGP:{}
CLASS:1
ACC:0.832
PREC:0.909234411996843
REC:0.8937160589604345
TNR:0.4549763033175355
FPR:0.09076558800315707
FPDR:0.09076558800315707
F1:0.9014084507042254
BACC:0
CLSFE:0.09076558800315707
MCC:0.334690860495366
GMEAN:0.6376673338985894
SAMPLES:1267
AUC:{}
AVGP:{}
