

GENERAL_METRICS
ACC:0.826
PREC:0.6572643863701725
REC:0.6892414860681115
TNR:0.6892414860681115
FPR:0.3427356136298275
FPDR:0.3427356136298275
F1:0.6701877528876473
BACC:0.0
CLSFE:0.174
MCC:0.3450272231710483
GMEAN:0.6627529600598638
SAMPLES:1500.0
AUC:{'AUC macro OVO': 0.6572643863701725}
AVGP:{'avg_precision': 0.8740776217712777}


METRICS_PER_CLASSES
CLASS:0
ACC:0.826
PREC:0.39846743295019155
REC:0.5
TNR:0.878482972136223
FPR:0.6015325670498084
FPDR:0.6015325670498084
F1:0.44349680170575695
BACC:0
CLSFE:0.6015325670498084
MCC:0.3450272231710483
GMEAN:0.6627529600598638
SAMPLES:261
AUC:{}
AVGP:{}
CLASS:1
ACC:0.826
PREC:0.9160613397901534
REC:0.878482972136223
TNR:0.5
FPR:0.08393866020984665
FPDR:0.08393866020984665
F1:0.8968787040695377
BACC:0
CLSFE:0.08393866020984665
MCC:0.3450272231710483
GMEAN:0.6627529600598638
SAMPLES:1239
AUC:{}
AVGP:{}
