

GENERAL_METRICS
ACC:0.9029333333333334
PREC:0.5951282025940312
REC:0.6083209019145427
TNR:0.6083209019145427
FPR:0.40487179740596885
FPDR:0.40487179740596885
F1:0.6010936754790382
BACC:0.0
CLSFE:0.09706666666666666
MCC:0.20302091224792382
GMEAN:0.507641480604816
SAMPLES:3750.0
AUC:{'AUC macro OVO': 0.5951282025940311}
AVGP:{'avg_precision': 0.9428938675682147}


METRICS_PER_CLASSES
CLASS:0
ACC:0.9029333333333334
PREC:0.23754789272030652
REC:0.27312775330396477
TNR:0.9435140505251206
FPR:0.7624521072796935
FPDR:0.7624521072796935
F1:0.2540983606557377
BACC:0
CLSFE:0.7624521072796935
MCC:0.20302091224792382
GMEAN:0.507641480604816
SAMPLES:261
AUC:{}
AVGP:{}
CLASS:1
ACC:0.9029333333333334
PREC:0.9527085124677558
REC:0.9435140505251206
TNR:0.27312775330396477
FPR:0.04729148753224419
FPDR:0.04729148753224419
F1:0.9480889903023388
BACC:0
CLSFE:0.04729148753224419
MCC:0.20302091224792382
GMEAN:0.507641480604816
SAMPLES:3489
AUC:{}
AVGP:{}
