

GENERAL_METRICS
ACC:0.9138666666666667
PREC:0.5824860364836055
REC:0.6047948636637299
TNR:0.6047948636637299
FPR:0.41751396351639447
FPDR:0.41751396351639447
F1:0.5917509594905727
BACC:0.0
CLSFE:0.08613333333333334
MCC:0.18594744362277094
GMEAN:0.49846838079447725
SAMPLES:3750.0
AUC:{'AUC macro OVO': 0.5824860364836055}
AVGP:{'avg_precision': 0.9469017093546596}


METRICS_PER_CLASSES
CLASS:0
ACC:0.9138666666666667
PREC:0.2033898305084746
REC:0.26229508196721313
TNR:0.9472946453602467
FPR:0.7966101694915254
FPDR:0.7966101694915254
F1:0.22911694510739858
BACC:0
CLSFE:0.7966101694915254
MCC:0.18594744362277094
GMEAN:0.49846838079447725
SAMPLES:236
AUC:{}
AVGP:{}
CLASS:1
ACC:0.9138666666666667
PREC:0.9615822424587365
REC:0.9472946453602467
TNR:0.26229508196721313
FPR:0.03841775754126352
FPDR:0.03841775754126352
F1:0.9543849738737467
BACC:0
CLSFE:0.03841775754126352
MCC:0.18594744362277094
GMEAN:0.49846838079447725
SAMPLES:3514
AUC:{}
AVGP:{}
