

GENERAL_METRICS
ACC:0.8989333333333334
PREC:0.5873797044934173
REC:0.5931418172891176
TNR:0.5931418172891176
FPR:0.4126202955065827
FPDR:0.4126202955065827
F1:0.5901196115328877
BACC:0.0
CLSFE:0.10106666666666667
MCC:0.18042953716842444
GMEAN:0.47853129992987764
SAMPLES:3750.0
AUC:{'AUC macro OVO': 0.5873797044934173}
AVGP:{'avg_precision': 0.9429907793050554}


METRICS_PER_CLASSES
CLASS:0
ACC:0.8989333333333334
PREC:0.2265625
REC:0.24267782426778242
TNR:0.9436058103104529
FPR:0.7734375
FPDR:0.7734375
F1:0.23434343434343435
BACC:0
CLSFE:0.7734375
MCC:0.18042953716842444
GMEAN:0.47853129992987764
SAMPLES:256
AUC:{}
AVGP:{}
CLASS:1
ACC:0.8989333333333334
PREC:0.9481969089868346
REC:0.9436058103104529
TNR:0.24267782426778242
FPR:0.05180309101316543
FPDR:0.05180309101316543
F1:0.9458957887223411
BACC:0
CLSFE:0.05180309101316543
MCC:0.18042953716842444
GMEAN:0.47853129992987764
SAMPLES:3494
AUC:{}
AVGP:{}
