

GENERAL_METRICS
ACC:0.9069333333333334
PREC:0.6028864764790036
REC:0.6170749831464117
TNR:0.6170749831464117
FPR:0.3971135235209964
FPDR:0.3971135235209964
F1:0.6093249762460631
BACC:0.0
CLSFE:0.09306666666666667
MCC:0.219503371270448
GMEAN:0.5221885139577617
SAMPLES:3750.0
AUC:{'AUC macro OVO': 0.6028864764790036}
AVGP:{'avg_precision': 0.945235027038951}


METRICS_PER_CLASSES
CLASS:0
ACC:0.9069333333333334
PREC:0.25098039215686274
REC:0.2882882882882883
TNR:0.9458616780045351
FPR:0.7490196078431373
FPDR:0.7490196078431373
F1:0.26834381551362685
BACC:0
CLSFE:0.7490196078431373
MCC:0.219503371270448
GMEAN:0.5221885139577617
SAMPLES:255
AUC:{}
AVGP:{}
CLASS:1
ACC:0.9069333333333334
PREC:0.9547925608011445
REC:0.9458616780045351
TNR:0.2882882882882883
FPR:0.04520743919885551
FPDR:0.04520743919885551
F1:0.9503061369784992
BACC:0
CLSFE:0.04520743919885551
MCC:0.219503371270448
GMEAN:0.5221885139577617
SAMPLES:3495
AUC:{}
AVGP:{}
