

GENERAL_METRICS
ACC:0.7866666666666666
PREC:0.7599259799064924
REC:0.7544669696751076
TNR:0.7544669696751076
FPR:0.24007402009350767
FPDR:0.24007402009350767
F1:0.7570141903712824
BACC:0.0
CLSFE:0.21333333333333335
MCC:0.5143639818130271
GMEAN:0.7483559002234336
SAMPLES:750.0
AUC:{'AUC macro OVO': 0.7599259799064922}
AVGP:{'avg_precision': 0.8221934994980685}


METRICS_PER_CLASSES
CLASS:0
ACC:0.7866666666666666
PREC:0.6861924686192469
REC:0.6586345381526104
TNR:0.8502994011976048
FPR:0.3138075313807531
FPDR:0.3138075313807531
F1:0.6721311475409836
BACC:0
CLSFE:0.3138075313807531
MCC:0.5143639818130271
GMEAN:0.7483559002234336
SAMPLES:239
AUC:{}
AVGP:{}
CLASS:1
ACC:0.7866666666666666
PREC:0.8336594911937377
REC:0.8502994011976048
TNR:0.6586345381526104
FPR:0.16634050880626222
FPDR:0.16634050880626222
F1:0.841897233201581
BACC:0
CLSFE:0.16634050880626222
MCC:0.5143639818130271
GMEAN:0.7483559002234336
SAMPLES:511
AUC:{}
AVGP:{}
