

GENERAL_METRICS
ACC:0.7546666666666667
PREC:0.724372153340081
REC:0.7270000000000001
TNR:0.7270000000000001
FPR:0.275627846659919
FPDR:0.275627846659919
F1:0.7256264861898665
BACC:0.0
CLSFE:0.24533333333333332
MCC:0.4513645037359424
GMEAN:0.7222464953185996
SAMPLES:750.0
AUC:{'AUC macro OVO': 0.7243721533400811}
AVGP:{'avg_precision': 0.7827354925775978}


METRICS_PER_CLASSES
CLASS:0
ACC:0.7546666666666667
PREC:0.62890625
REC:0.644
TNR:0.81
FPR:0.37109375
FPDR:0.37109375
F1:0.6363636363636364
BACC:0
CLSFE:0.37109375
MCC:0.4513645037359424
GMEAN:0.7222464953185996
SAMPLES:256
AUC:{}
AVGP:{}
CLASS:1
ACC:0.7546666666666667
PREC:0.819838056680162
REC:0.81
TNR:0.644
FPR:0.18016194331983806
FPDR:0.18016194331983806
F1:0.8148893360160966
BACC:0
CLSFE:0.18016194331983806
MCC:0.4513645037359424
GMEAN:0.7222464953185996
SAMPLES:494
AUC:{}
AVGP:{}
