

GENERAL_METRICS
ACC:0.7666666666666667
PREC:0.7515550173391314
REC:0.7430851063829788
TNR:0.7430851063829788
FPR:0.24844498266086862
FPDR:0.24844498266086862
F1:0.7466113491087476
BACC:0.0
CLSFE:0.23333333333333334
MCC:0.49456760165241237
GMEAN:0.7372317398877183
SAMPLES:750.0
AUC:{'AUC macro OVO': 0.7515550173391313}
AVGP:{'avg_precision': 0.7999434357441031}


METRICS_PER_CLASSES
CLASS:0
ACC:0.7666666666666667
PREC:0.7027027027027027
REC:0.65
TNR:0.8361702127659575
FPR:0.2972972972972973
FPDR:0.2972972972972973
F1:0.6753246753246753
BACC:0
CLSFE:0.2972972972972973
MCC:0.49456760165241237
GMEAN:0.7372317398877183
SAMPLES:259
AUC:{}
AVGP:{}
CLASS:1
ACC:0.7666666666666667
PREC:0.8004073319755601
REC:0.8361702127659575
TNR:0.65
FPR:0.19959266802443992
FPDR:0.19959266802443992
F1:0.81789802289282
BACC:0
CLSFE:0.19959266802443992
MCC:0.49456760165241237
GMEAN:0.7372317398877183
SAMPLES:491
AUC:{}
AVGP:{}
