

GENERAL_METRICS
ACC:0.776
PREC:0.7609025481423848
REC:0.7551765860785791
TNR:0.7551765860785791
FPR:0.23909745185761525
FPDR:0.23909745185761525
F1:0.7577221265075067
BACC:0.0
CLSFE:0.224
MCC:0.5160473681133385
GMEAN:0.7507830864795678
SAMPLES:750.0
AUC:{'AUC macro OVO': 0.7609025481423848}
AVGP:{'avg_precision': 0.8008964475671416}


METRICS_PER_CLASSES
CLASS:0
ACC:0.776
PREC:0.7094339622641509
REC:0.6738351254480287
TNR:0.8365180467091295
FPR:0.29056603773584905
FPDR:0.29056603773584905
F1:0.6911764705882353
BACC:0
CLSFE:0.29056603773584905
MCC:0.5160473681133385
GMEAN:0.7507830864795678
SAMPLES:265
AUC:{}
AVGP:{}
CLASS:1
ACC:0.776
PREC:0.8123711340206186
REC:0.8365180467091295
TNR:0.6738351254480287
FPR:0.18762886597938144
FPDR:0.18762886597938144
F1:0.8242677824267782
BACC:0
CLSFE:0.18762886597938144
MCC:0.5160473681133385
GMEAN:0.7507830864795678
SAMPLES:485
AUC:{}
AVGP:{}
