

GENERAL_METRICS
ACC:0.8751111111111111
PREC:0.6502876869965477
REC:0.6990853658536585
TNR:0.6990853658536585
FPR:0.34971231300345224
FPDR:0.34971231300345224
F1:0.6693036940176529
BACC:0.0
CLSFE:0.12488888888888888
MCC:0.34594843054425223
GMEAN:0.6654981629411525
SAMPLES:2250.0
AUC:{'AUC macro OVO': 0.6502876869965477}
AVGP:{'avg_precision': 0.9113249219580803}


METRICS_PER_CLASSES
CLASS:0
ACC:0.8751111111111111
PREC:0.3527272727272727
REC:0.485
TNR:0.9131707317073171
FPR:0.6472727272727272
FPDR:0.6472727272727272
F1:0.40842105263157896
BACC:0
CLSFE:0.6472727272727272
MCC:0.34594843054425223
GMEAN:0.6654981629411525
SAMPLES:275
AUC:{}
AVGP:{}
CLASS:1
ACC:0.8751111111111111
PREC:0.9478481012658228
REC:0.9131707317073171
TNR:0.485
FPR:0.052151898734177214
FPDR:0.052151898734177214
F1:0.9301863354037267
BACC:0
CLSFE:0.052151898734177214
MCC:0.34594843054425223
GMEAN:0.6654981629411525
SAMPLES:1975
AUC:{}
AVGP:{}
