

GENERAL_METRICS
ACC:0.9028235294117647
PREC:0.5611677115987461
REC:0.5795716756778799
TNR:0.5795716756778799
FPR:0.43883228840125393
FPDR:0.43883228840125393
F1:0.5684609822592657
BACC:0.0
CLSFE:0.0971764705882353
MCC:0.1395308899031827
GMEAN:0.4538940239992613
SAMPLES:4250.0
AUC:{'AUC macro OVO': 0.561167711598746}
AVGP:{'avg_precision': 0.9396111539313634}


METRICS_PER_CLASSES
CLASS:0
ACC:0.9028235294117647
PREC:0.16551724137931034
REC:0.2191780821917808
TNR:0.9399652691639792
FPR:0.8344827586206897
FPDR:0.8344827586206897
F1:0.18860510805500982
BACC:0
CLSFE:0.8344827586206897
MCC:0.1395308899031827
GMEAN:0.4538940239992613
SAMPLES:290
AUC:{}
AVGP:{}
CLASS:1
ACC:0.9028235294117647
PREC:0.9568181818181818
REC:0.9399652691639792
TNR:0.2191780821917808
FPR:0.04318181818181818
FPDR:0.04318181818181818
F1:0.9483168564635215
BACC:0
CLSFE:0.04318181818181818
MCC:0.1395308899031827
GMEAN:0.4538940239992613
SAMPLES:3960
AUC:{}
AVGP:{}
