

GENERAL_METRICS
ACC:0.9065714285714286
PREC:0.6177890478171671
REC:0.6407208079630812
TNR:0.6407208079630812
FPR:0.38221095218283285
FPDR:0.38221095218283285
F1:0.6278241222648975
BACC:0.0
CLSFE:0.09342857142857143
MCC:0.25749073752687696
GMEAN:0.5647125995433039
SAMPLES:3500.0
AUC:{'AUC macro OVO': 0.6177890478171671}
AVGP:{'avg_precision': 0.942668533185885}


METRICS_PER_CLASSES
CLASS:0
ACC:0.9065714285714286
PREC:0.27906976744186046
REC:0.3380281690140845
TNR:0.9434134469120778
FPR:0.7209302325581395
FPDR:0.7209302325581395
F1:0.3057324840764331
BACC:0
CLSFE:0.7209302325581395
MCC:0.25749073752687696
GMEAN:0.5647125995433039
SAMPLES:258
AUC:{}
AVGP:{}
CLASS:1
ACC:0.9065714285714286
PREC:0.9565083281924738
REC:0.9434134469120778
TNR:0.3380281690140845
FPR:0.043491671807526215
FPDR:0.043491671807526215
F1:0.9499157604533619
BACC:0
CLSFE:0.043491671807526215
MCC:0.25749073752687696
GMEAN:0.5647125995433039
SAMPLES:3242
AUC:{}
AVGP:{}
