

GENERAL_METRICS
ACC:0.9071428571428571
PREC:0.6035616860677414
REC:0.6219005806205977
TNR:0.6219005806205977
FPR:0.3964383139322586
FPDR:0.3964383139322586
F1:0.6116675218515966
BACC:0.0
CLSFE:0.09285714285714286
MCC:0.2247151945170219
GMEAN:0.5315150135175086
SAMPLES:3500.0
AUC:{'AUC macro OVO': 0.6035616860677414}
AVGP:{'avg_precision': 0.9441576516939723}


METRICS_PER_CLASSES
CLASS:0
ACC:0.9071428571428571
PREC:0.25102880658436216
REC:0.29901960784313725
TNR:0.9447815533980582
FPR:0.7489711934156379
FPDR:0.7489711934156379
F1:0.27293064876957496
BACC:0
CLSFE:0.7489711934156379
MCC:0.2247151945170219
GMEAN:0.5315150135175086
SAMPLES:243
AUC:{}
AVGP:{}
CLASS:1
ACC:0.9071428571428571
PREC:0.9560945655511207
REC:0.9447815533980582
TNR:0.29901960784313725
FPR:0.04390543444887934
FPDR:0.04390543444887934
F1:0.9504043949336182
BACC:0
CLSFE:0.04390543444887934
MCC:0.2247151945170219
GMEAN:0.5315150135175086
SAMPLES:3257
AUC:{}
AVGP:{}
