

GENERAL_METRICS
ACC:0.9154285714285715
PREC:0.6228204343836035
REC:0.642535396985666
TNR:0.642535396985666
FPR:0.3771795656163965
FPDR:0.3771795656163965
F1:0.6316858265880171
BACC:0.0
CLSFE:0.08457142857142858
MCC:0.26462244328717754
GMEAN:0.5641713625044016
SAMPLES:3500.0
AUC:{'AUC macro OVO': 0.6228204343836035}
AVGP:{'avg_precision': 0.9494024187249891}


METRICS_PER_CLASSES
CLASS:0
ACC:0.9154285714285715
PREC:0.2857142857142857
REC:0.3350253807106599
TNR:0.9500454132606722
FPR:0.7142857142857143
FPDR:0.7142857142857143
F1:0.308411214953271
BACC:0
CLSFE:0.7142857142857143
MCC:0.26462244328717754
GMEAN:0.5641713625044016
SAMPLES:231
AUC:{}
AVGP:{}
CLASS:1
ACC:0.9154285714285715
PREC:0.9599265830529213
REC:0.9500454132606722
TNR:0.3350253807106599
FPR:0.04007341694707862
FPDR:0.04007341694707862
F1:0.9549604382227632
BACC:0
CLSFE:0.04007341694707862
MCC:0.26462244328717754
GMEAN:0.5641713625044016
SAMPLES:3269
AUC:{}
AVGP:{}
