

GENERAL_METRICS
ACC:0.9108571428571428
PREC:0.6436024552301394
REC:0.666123860963284
TNR:0.666123860963284
FPR:0.35639754476986063
FPDR:0.35639754476986063
F1:0.65374488227326
BACC:0.0
CLSFE:0.08914285714285715
MCC:0.30890642147186187
GMEAN:0.604198259873332
SAMPLES:3500.0
AUC:{'AUC macro OVO': 0.6436024552301394}
AVGP:{'avg_precision': 0.945702115525234}


METRICS_PER_CLASSES
CLASS:0
ACC:0.9108571428571428
PREC:0.32950191570881227
REC:0.38565022421524664
TNR:0.9465974977113213
FPR:0.6704980842911877
FPDR:0.6704980842911877
F1:0.35537190082644626
BACC:0
CLSFE:0.6704980842911877
MCC:0.30890642147186187
GMEAN:0.604198259873332
SAMPLES:261
AUC:{}
AVGP:{}
CLASS:1
ACC:0.9108571428571428
PREC:0.9577029947514665
REC:0.9465974977113213
TNR:0.38565022421524664
FPR:0.0422970052485335
FPDR:0.0422970052485335
F1:0.9521178637200737
BACC:0
CLSFE:0.0422970052485335
MCC:0.30890642147186187
GMEAN:0.604198259873332
SAMPLES:3239
AUC:{}
AVGP:{}
