

GENERAL_METRICS
ACC:0.9068571428571428
PREC:0.509133992319795
REC:0.5248941023134571
TNR:0.5248941023134571
FPR:0.49086600768020505
FPDR:0.49086600768020505
F1:0.5071052868033813
BACC:0.0
CLSFE:0.09314285714285714
MCC:0.030158417686563535
GMEAN:0.33670339414273825
SAMPLES:3500.0
AUC:{'AUC macro OVO': 0.509133992319795}
AVGP:{'avg_precision': 0.9275347852481841}


METRICS_PER_CLASSES
CLASS:0
ACC:0.9068571428571428
PREC:0.04263565891472868
REC:0.12222222222222222
TNR:0.9275659824046921
FPR:0.9573643410852714
FPDR:0.9573643410852714
F1:0.06321839080459771
BACC:0
CLSFE:0.9573643410852714
MCC:0.030158417686563535
GMEAN:0.33670339414273825
SAMPLES:258
AUC:{}
AVGP:{}
CLASS:1
ACC:0.9068571428571428
PREC:0.9756323257248612
REC:0.9275659824046921
TNR:0.12222222222222222
FPR:0.024367674275138803
FPDR:0.024367674275138803
F1:0.9509921828021648
BACC:0
CLSFE:0.024367674275138803
MCC:0.030158417686563535
GMEAN:0.33670339414273825
SAMPLES:3242
AUC:{}
AVGP:{}
