

GENERAL_METRICS
ACC:0.9125714285714286
PREC:0.5228556753980483
REC:0.5651537335285505
TNR:0.5651537335285505
FPR:0.4771443246019517
FPDR:0.4771443246019517
F1:0.5270270270270271
BACC:0.0
CLSFE:0.08742857142857142
MCC:0.07717856138849662
GMEAN:0.4313484593822264
SAMPLES:3500.0
AUC:{'AUC macro OVO': 0.5228556753980482}
AVGP:{'avg_precision': 0.9302411516567409}


METRICS_PER_CLASSES
CLASS:0
ACC:0.9125714285714286
PREC:0.06666666666666667
REC:0.2
TNR:0.930307467057101
FPR:0.9333333333333333
FPDR:0.9333333333333333
F1:0.1
BACC:0
CLSFE:0.9333333333333333
MCC:0.07717856138849662
GMEAN:0.4313484593822264
SAMPLES:255
AUC:{}
AVGP:{}
CLASS:1
ACC:0.9125714285714286
PREC:0.9790446841294299
REC:0.930307467057101
TNR:0.2
FPR:0.020955315870570108
FPDR:0.020955315870570108
F1:0.9540540540540541
BACC:0
CLSFE:0.020955315870570108
MCC:0.07717856138849662
GMEAN:0.4313484593822264
SAMPLES:3245
AUC:{}
AVGP:{}
