

GENERAL_METRICS
ACC:0.91
PREC:0.5121000767141157
REC:0.5319159335288368
TNR:0.5319159335288368
FPR:0.4878999232858842
FPDR:0.4878999232858842
F1:0.511753131754912
BACC:0.0
CLSFE:0.09
MCC:0.03930319295434122
GMEAN:0.3522307072974265
SAMPLES:3500.0
AUC:{'AUC macro OVO': 0.5121000767141157}
AVGP:{'avg_precision': 0.9304591524608393}


METRICS_PER_CLASSES
CLASS:0
ACC:0.91
PREC:0.04819277108433735
REC:0.13333333333333333
TNR:0.9304985337243402
FPR:0.9518072289156626
FPDR:0.9518072289156626
F1:0.07079646017699115
BACC:0
CLSFE:0.9518072289156626
MCC:0.03930319295434122
GMEAN:0.3522307072974265
SAMPLES:249
AUC:{}
AVGP:{}
CLASS:1
ACC:0.91
PREC:0.9760073823438942
REC:0.9304985337243402
TNR:0.13333333333333333
FPR:0.023992617656105813
FPDR:0.023992617656105813
F1:0.952709803332833
BACC:0
CLSFE:0.023992617656105813
MCC:0.03930319295434122
GMEAN:0.3522307072974265
SAMPLES:3251
AUC:{}
AVGP:{}
