

GENERAL_METRICS
ACC:0.9137142857142857
PREC:0.5233188665565714
REC:0.5590873137374974
TNR:0.5590873137374974
FPR:0.4766811334434285
FPDR:0.4766811334434285
F1:0.5279361744697879
BACC:0.0
CLSFE:0.08628571428571429
MCC:0.07423878189278095
GMEAN:0.41530062866042966
SAMPLES:3500.0
AUC:{'AUC macro OVO': 0.5233188665565716}
AVGP:{'avg_precision': 0.9333204669252204}


METRICS_PER_CLASSES
CLASS:0
ACC:0.9137142857142857
PREC:0.06967213114754098
REC:0.18478260869565216
TNR:0.9333920187793427
FPR:0.930327868852459
FPDR:0.930327868852459
F1:0.10119047619047619
BACC:0
CLSFE:0.930327868852459
MCC:0.07423878189278095
GMEAN:0.41530062866042966
SAMPLES:244
AUC:{}
AVGP:{}
CLASS:1
ACC:0.9137142857142857
PREC:0.976965601965602
REC:0.9333920187793427
TNR:0.18478260869565216
FPR:0.023034398034398034
FPDR:0.023034398034398034
F1:0.9546818727490997
BACC:0
CLSFE:0.023034398034398034
MCC:0.07423878189278095
GMEAN:0.41530062866042966
SAMPLES:3256
AUC:{}
AVGP:{}
