

GENERAL_METRICS
ACC:0.7613333333333333
PREC:0.7284919028340081
REC:0.734543550782867
TNR:0.734543550782867
FPR:0.2715080971659919
FPDR:0.2715080971659919
F1:0.7312306931545408
BACC:0.0
CLSFE:0.23866666666666667
MCC:0.46299590588177814
GMEAN:0.7305901048353097
SAMPLES:750.0
AUC:{'AUC macro OVO': 0.7284919028340081}
AVGP:{'avg_precision': 0.7851150771786088}


METRICS_PER_CLASSES
CLASS:0
ACC:0.7613333333333333
PREC:0.625
REC:0.6584362139917695
TNR:0.8106508875739645
FPR:0.375
FPDR:0.375
F1:0.6412825651302605
BACC:0
CLSFE:0.375
MCC:0.46299590588177814
GMEAN:0.7305901048353097
SAMPLES:256
AUC:{}
AVGP:{}
CLASS:1
ACC:0.7613333333333333
PREC:0.8319838056680162
REC:0.8106508875739645
TNR:0.6584362139917695
FPR:0.1680161943319838
FPDR:0.1680161943319838
F1:0.8211788211788211
BACC:0
CLSFE:0.1680161943319838
MCC:0.46299590588177814
GMEAN:0.7305901048353097
SAMPLES:494
AUC:{}
AVGP:{}
