

GENERAL_METRICS
ACC:0.7773333333333333
PREC:0.7593658821241003
REC:0.7563915210435639
TNR:0.7563915210435639
FPR:0.2406341178758996
FPDR:0.2406341178758996
F1:0.7577983141602418
BACC:0.0
CLSFE:0.22266666666666668
MCC:0.515748826560386
GMEAN:0.7525389791149518
SAMPLES:750.0
AUC:{'AUC macro OVO': 0.7593658821241005}
AVGP:{'avg_precision': 0.7992765388431178}


METRICS_PER_CLASSES
CLASS:0
ACC:0.7773333333333333
PREC:0.6981132075471698
REC:0.6801470588235294
TNR:0.8326359832635983
FPR:0.3018867924528302
FPDR:0.3018867924528302
F1:0.6890130353817505
BACC:0
CLSFE:0.3018867924528302
MCC:0.515748826560386
GMEAN:0.7525389791149518
SAMPLES:265
AUC:{}
AVGP:{}
CLASS:1
ACC:0.7773333333333333
PREC:0.8206185567010309
REC:0.8326359832635983
TNR:0.6801470588235294
FPR:0.17938144329896907
FPDR:0.17938144329896907
F1:0.8265835929387332
BACC:0
CLSFE:0.17938144329896907
MCC:0.515748826560386
GMEAN:0.7525389791149518
SAMPLES:485
AUC:{}
AVGP:{}
