

GENERAL_METRICS
ACC:0.7986666666666666
PREC:0.7720729720213872
REC:0.7680023228803716
TNR:0.7680023228803716
FPR:0.22792702797861278
FPDR:0.22792702797861278
F1:0.7699456604540145
BACC:0.0
CLSFE:0.20133333333333334
MCC:0.5400599540595401
GMEAN:0.7628115973823716
SAMPLES:750.0
AUC:{'AUC macro OVO': 0.7720729720213872}
AVGP:{'avg_precision': 0.8299629111918739}


METRICS_PER_CLASSES
CLASS:0
ACC:0.7986666666666666
PREC:0.698744769874477
REC:0.6788617886178862
TNR:0.8571428571428571
FPR:0.301255230125523
FPDR:0.301255230125523
F1:0.688659793814433
BACC:0
CLSFE:0.301255230125523
MCC:0.5400599540595401
GMEAN:0.7628115973823716
SAMPLES:239
AUC:{}
AVGP:{}
CLASS:1
ACC:0.7986666666666666
PREC:0.8454011741682974
REC:0.8571428571428571
TNR:0.6788617886178862
FPR:0.15459882583170254
FPDR:0.15459882583170254
F1:0.8512315270935961
BACC:0
CLSFE:0.15459882583170254
MCC:0.5400599540595401
GMEAN:0.7628115973823716
SAMPLES:511
AUC:{}
AVGP:{}
