

GENERAL_METRICS
ACC:0.7653333333333333
PREC:0.7450636554506208
REC:0.7408589601898152
TNR:0.7408589601898152
FPR:0.2549363445493792
FPDR:0.2549363445493792
F1:0.742798353909465
BACC:0.0
CLSFE:0.23466666666666666
MCC:0.4859044236561411
GMEAN:0.7357820552480516
SAMPLES:750.0
AUC:{'AUC macro OVO': 0.7450636554506208}
AVGP:{'avg_precision': 0.7947174039149599}


METRICS_PER_CLASSES
CLASS:0
ACC:0.7653333333333333
PREC:0.6795366795366795
REC:0.654275092936803
TNR:0.8274428274428275
FPR:0.3204633204633205
FPDR:0.3204633204633205
F1:0.6666666666666666
BACC:0
CLSFE:0.3204633204633205
MCC:0.4859044236561411
GMEAN:0.7357820552480516
SAMPLES:259
AUC:{}
AVGP:{}
CLASS:1
ACC:0.7653333333333333
PREC:0.8105906313645621
REC:0.8274428274428275
TNR:0.654275092936803
FPR:0.1894093686354379
FPDR:0.1894093686354379
F1:0.8189300411522634
BACC:0
CLSFE:0.1894093686354379
MCC:0.4859044236561411
GMEAN:0.7357820552480516
SAMPLES:491
AUC:{}
AVGP:{}
