

GENERAL_METRICS
ACC:0.896
PREC:0.5
REC:0.448
TNR:0.448
FPR:0.5
FPDR:0.5
F1:0.47257383966244726
BACC:0.0
CLSFE:0.104
MCC:0.0
GMEAN:0.0
SAMPLES:2250.0
AUC:{'AUC macro OVO': 0.5}
AVGP:{'avg_precision': 0.896}


METRICS_PER_CLASSES
CLASS:0
ACC:0.896
PREC:0.0
REC:0
TNR:0.896
FPR:1.0
FPDR:1.0
F1:0.0
BACC:0
CLSFE:1.0
MCC:0
GMEAN:0
SAMPLES:234
AUC:{}
AVGP:{}
CLASS:1
ACC:0.896
PREC:1.0
REC:0.896
TNR:0
FPR:0.0
FPDR:0.0
F1:0.9451476793248945
BACC:0
CLSFE:0.0
MCC:0
GMEAN:0
SAMPLES:2016
AUC:{}
AVGP:{}
