

GENERAL_METRICS
ACC:0.8866666666666667
PREC:0.499749498997996
REC:0.443530457981325
TNR:0.443530457981325
FPR:0.500250501002004
FPDR:0.500250501002004
F1:0.46996466431095407
BACC:0.0
CLSFE:0.11333333333333333
MCC:-0.007522147793917774
GMEAN:0.0
SAMPLES:2250.0
AUC:{'AUC macro OVO': 0.499749498997996}
AVGP:{'avg_precision': 0.88706094111052}


METRICS_PER_CLASSES
CLASS:0
ACC:0.8866666666666667
PREC:0.0
REC:0.0
TNR:0.88706091596265
FPR:1.0
FPDR:1.0
F1:0.0
BACC:0
CLSFE:1.0
MCC:-0.007522147793917774
GMEAN:0
SAMPLES:254
AUC:{}
AVGP:{}
CLASS:1
ACC:0.8866666666666667
PREC:0.999498997995992
REC:0.88706091596265
TNR:0.0
FPR:0.000501002004008016
FPDR:0.000501002004008016
F1:0.9399293286219081
BACC:0
CLSFE:0.000501002004008016
MCC:-0.007522147793917774
GMEAN:0
SAMPLES:1996
AUC:{}
AVGP:{}
