

GENERAL_METRICS
ACC:0.9285333333333333
PREC:0.501648678354565
REC:0.5217934976777421
TNR:0.5217934976777421
FPR:0.49835132164543505
FPDR:0.49835132164543505
F1:0.4888139262345779
BACC:0.0
CLSFE:0.07146666666666666
MCC:0.011988405714114744
GMEAN:0.32188263634857367
SAMPLES:3750.0
AUC:{'AUC macro OVO': 0.501648678354565}
AVGP:{'avg_precision': 0.9324749267268548}


METRICS_PER_CLASSES
CLASS:0
ACC:0.9285333333333333
PREC:0.007874015748031496
REC:0.1111111111111111
TNR:0.932475884244373
FPR:0.9921259842519685
FPDR:0.9921259842519685
F1:0.014705882352941176
BACC:0
CLSFE:0.9921259842519685
MCC:0.011988405714114744
GMEAN:0.32188263634857367
SAMPLES:254
AUC:{}
AVGP:{}
CLASS:1
ACC:0.9285333333333333
PREC:0.9954233409610984
REC:0.932475884244373
TNR:0.1111111111111111
FPR:0.004576659038901602
FPDR:0.004576659038901602
F1:0.9629219701162147
BACC:0
CLSFE:0.004576659038901602
MCC:0.011988405714114744
GMEAN:0.32188263634857367
SAMPLES:3496
AUC:{}
AVGP:{}
