

GENERAL_METRICS
ACC:0.9277333333333333
PREC:0.5061124495817655
REC:0.6079267360048944
TNR:0.6079267360048944
FPR:0.4938875504182345
FPDR:0.4938875504182345
F1:0.4955722035341961
BACC:0.0
CLSFE:0.07226666666666667
MCC:0.05136912428120357
GMEAN:0.5155133880194448
SAMPLES:3750.0
AUC:{'AUC macro OVO': 0.5061124495817655}
AVGP:{'avg_precision': 0.9301368739484094}


METRICS_PER_CLASSES
CLASS:0
ACC:0.9277333333333333
PREC:0.01509433962264151
REC:0.2857142857142857
TNR:0.9301391862955032
FPR:0.9849056603773585
FPDR:0.9849056603773585
F1:0.02867383512544803
BACC:0
CLSFE:0.9849056603773585
MCC:0.05136912428120357
GMEAN:0.5155133880194448
SAMPLES:265
AUC:{}
AVGP:{}
CLASS:1
ACC:0.9277333333333333
PREC:0.9971305595408895
REC:0.9301391862955032
TNR:0.2857142857142857
FPR:0.0028694404591104736
FPDR:0.0028694404591104736
F1:0.9624705719429442
BACC:0
CLSFE:0.0028694404591104736
MCC:0.05136912428120357
GMEAN:0.5155133880194448
SAMPLES:3485
AUC:{}
AVGP:{}
