

GENERAL_METRICS
ACC:0.9272
PREC:0.5014418338261541
REC:0.5183244226889927
TNR:0.5183244226889927
FPR:0.49855816617384585
FPDR:0.49855816617384585
F1:0.4883222517719419
BACC:0.0
CLSFE:0.0728
MCC:0.01028022810597817
GMEAN:0.31311435400257076
SAMPLES:3750.0
AUC:{'AUC macro OVO': 0.5014418338261541}
AVGP:{'avg_precision': 0.9313847835063827}


METRICS_PER_CLASSES
CLASS:0
ACC:0.9272
PREC:0.007751937984496124
REC:0.10526315789473684
TNR:0.9313856874832485
FPR:0.9922480620155039
FPDR:0.9922480620155039
F1:0.01444043321299639
BACC:0
CLSFE:0.9922480620155039
MCC:0.01028022810597817
GMEAN:0.31311435400257076
SAMPLES:258
AUC:{}
AVGP:{}
CLASS:1
ACC:0.9272
PREC:0.9951317296678122
REC:0.9313856874832485
TNR:0.10526315789473684
FPR:0.004868270332187858
FPDR:0.004868270332187858
F1:0.9622040703308874
BACC:0
CLSFE:0.004868270332187858
MCC:0.01028022810597817
GMEAN:0.31311435400257076
SAMPLES:3492
AUC:{}
AVGP:{}
