

GENERAL_METRICS
ACC:0.9288
PREC:0.5054426656336151
REC:0.561717044017929
TNR:0.561717044017929
FPR:0.494557334366385
FPDR:0.494557334366385
F1:0.49606794589493547
BACC:0.0
CLSFE:0.0712
MCC:0.03665543531236193
GMEAN:0.42155221052894676
SAMPLES:3750.0
AUC:{'AUC macro OVO': 0.5054426656336151}
AVGP:{'avg_precision': 0.9329545363110459}


METRICS_PER_CLASSES
CLASS:0
ACC:0.9288
PREC:0.015748031496062992
REC:0.19047619047619047
TNR:0.9329578975596675
FPR:0.984251968503937
FPDR:0.984251968503937
F1:0.02909090909090909
BACC:0
CLSFE:0.984251968503937
MCC:0.03665543531236193
GMEAN:0.42155221052894676
SAMPLES:254
AUC:{}
AVGP:{}
CLASS:1
ACC:0.9288
PREC:0.995137299771167
REC:0.9329578975596675
TNR:0.19047619047619047
FPR:0.004862700228832952
FPDR:0.004862700228832952
F1:0.9630449826989619
BACC:0
CLSFE:0.004862700228832952
MCC:0.03665543531236193
GMEAN:0.42155221052894676
SAMPLES:3496
AUC:{}
AVGP:{}
