

GENERAL_METRICS
ACC:0.9066666666666666
PREC:0.7216275984077841
REC:0.7737593147002906
TNR:0.7737593147002906
FPR:0.2783724015922159
FPDR:0.2783724015922159
F1:0.7437724504138685
BACC:0.0
CLSFE:0.09333333333333334
MCC:0.4926362530662404
GMEAN:0.7566492470648792
SAMPLES:2250.0
AUC:{'AUC macro OVO': 0.7216275984077842}
AVGP:{'avg_precision': 0.9336659951489266}


METRICS_PER_CLASSES
CLASS:0
ACC:0.9066666666666666
PREC:0.4823529411764706
REC:0.6119402985074627
TNR:0.9355783308931186
FPR:0.5176470588235295
FPDR:0.5176470588235295
F1:0.5394736842105263
BACC:0
CLSFE:0.5176470588235295
MCC:0.4926362530662404
GMEAN:0.7566492470648792
SAMPLES:255
AUC:{}
AVGP:{}
CLASS:1
ACC:0.9066666666666666
PREC:0.9609022556390977
REC:0.9355783308931186
TNR:0.6119402985074627
FPR:0.039097744360902256
FPDR:0.039097744360902256
F1:0.9480712166172107
BACC:0
CLSFE:0.039097744360902256
MCC:0.4926362530662404
GMEAN:0.7566492470648792
SAMPLES:1995
AUC:{}
AVGP:{}
