

GENERAL_METRICS
ACC:0.9053333333333333
PREC:0.7310331454375105
REC:0.7750357122450147
TNR:0.7750357122450147
FPR:0.2689668545624894
FPDR:0.2689668545624894
F1:0.7502567782420891
BACC:0.0
CLSFE:0.09466666666666666
MCC:0.5041522218838741
GMEAN:0.7581113852246852
SAMPLES:2250.0
AUC:{'AUC macro OVO': 0.7310331454375105}
AVGP:{'avg_precision': 0.9339234302896274}


METRICS_PER_CLASSES
CLASS:0
ACC:0.9053333333333333
PREC:0.5038167938931297
REC:0.6139534883720931
TNR:0.9361179361179361
FPR:0.4961832061068702
FPDR:0.4961832061068702
F1:0.5534591194968553
BACC:0
CLSFE:0.4961832061068702
MCC:0.5041522218838741
GMEAN:0.7581113852246852
SAMPLES:262
AUC:{}
AVGP:{}
CLASS:1
ACC:0.9053333333333333
PREC:0.9582494969818913
REC:0.9361179361179361
TNR:0.6139534883720931
FPR:0.041750503018108655
FPDR:0.041750503018108655
F1:0.947054436987323
BACC:0
CLSFE:0.041750503018108655
MCC:0.5041522218838741
GMEAN:0.7581113852246852
SAMPLES:1988
AUC:{}
AVGP:{}
