

GENERAL_METRICS
ACC:0.9142222222222223
PREC:0.7308038008526327
REC:0.7807413143828961
TNR:0.7807413143828961
FPR:0.2691961991473673
FPDR:0.2691961991473673
F1:0.7523861874543475
BACC:0.0
CLSFE:0.08577777777777777
MCC:0.5091018067771368
GMEAN:0.763971341664302
SAMPLES:2250.0
AUC:{'AUC macro OVO': 0.7308038008526327}
AVGP:{'avg_precision': 0.9399516968303744}


METRICS_PER_CLASSES
CLASS:0
ACC:0.9142222222222223
PREC:0.497907949790795
REC:0.6197916666666666
TNR:0.9416909620991254
FPR:0.502092050209205
FPDR:0.502092050209205
F1:0.5522041763341067
BACC:0
CLSFE:0.502092050209205
MCC:0.5091018067771368
GMEAN:0.763971341664302
SAMPLES:239
AUC:{}
AVGP:{}
CLASS:1
ACC:0.9142222222222223
PREC:0.9636996519144704
REC:0.9416909620991254
TNR:0.6197916666666666
FPR:0.036300348085529587
FPDR:0.036300348085529587
F1:0.9525681985745883
BACC:0
CLSFE:0.036300348085529587
MCC:0.5091018067771368
GMEAN:0.763971341664302
SAMPLES:2011
AUC:{}
AVGP:{}
