

GENERAL_METRICS
ACC:0.904
PREC:0.7321366348133678
REC:0.7431800734921608
TNR:0.7431800734921608
FPR:0.2678633651866322
FPDR:0.2678633651866322
F1:0.7374726939190898
BACC:0.0
CLSFE:0.096
MCC:0.47518840017044894
GMEAN:0.7156008772617413
SAMPLES:2250.0
AUC:{'AUC macro OVO': 0.7321366348133678}
AVGP:{'avg_precision': 0.9413191623586137}


METRICS_PER_CLASSES
CLASS:0
ACC:0.904
PREC:0.5148936170212766
REC:0.5426008968609866
TNR:0.943759250123335
FPR:0.4851063829787234
FPDR:0.4851063829787234
F1:0.5283842794759825
BACC:0
CLSFE:0.4851063829787234
MCC:0.47518840017044894
GMEAN:0.7156008772617413
SAMPLES:235
AUC:{}
AVGP:{}
CLASS:1
ACC:0.904
PREC:0.9493796526054591
REC:0.943759250123335
TNR:0.5426008968609866
FPR:0.050620347394540945
FPDR:0.050620347394540945
F1:0.946561108362197
BACC:0
CLSFE:0.050620347394540945
MCC:0.47518840017044894
GMEAN:0.7156008772617413
SAMPLES:2015
AUC:{}
AVGP:{}
