

GENERAL_METRICS
ACC:0.9181538461538462
PREC:0.6283217102576777
REC:0.6932342233009708
TNR:0.6932342233009708
FPR:0.37167828974232237
FPDR:0.37167828974232237
F1:0.6521876971405765
BACC:0.0
CLSFE:0.08184615384615385
MCC:0.31493584117591045
GMEAN:0.6467853667791283
SAMPLES:3250.0
AUC:{'AUC macro OVO': 0.6283217102576777}
AVGP:{'avg_precision': 0.9421543805250072}


METRICS_PER_CLASSES
CLASS:0
ACC:0.9181538461538462
PREC:0.2862903225806452
REC:0.44375
TNR:0.9427184466019417
FPR:0.7137096774193549
FPDR:0.7137096774193549
F1:0.3480392156862745
BACC:0
CLSFE:0.7137096774193549
MCC:0.31493584117591045
GMEAN:0.6467853667791283
SAMPLES:248
AUC:{}
AVGP:{}
CLASS:1
ACC:0.9181538461538462
PREC:0.9703530979347101
REC:0.9427184466019417
TNR:0.44375
FPR:0.029646902065289808
FPDR:0.029646902065289808
F1:0.9563361785948785
BACC:0
CLSFE:0.029646902065289808
MCC:0.31493584117591045
GMEAN:0.6467853667791283
SAMPLES:3002
AUC:{}
AVGP:{}
