

GENERAL_METRICS
ACC:0.9196923076923077
PREC:0.6243052258777365
REC:0.6839043309631545
TNR:0.6839043309631545
FPR:0.37569477412226343
FPDR:0.37569477412226343
F1:0.6465700103872793
BACC:0.0
CLSFE:0.0803076923076923
MCC:0.3023922578391777
GMEAN:0.6322137274731618
SAMPLES:3250.0
AUC:{'AUC macro OVO': 0.6243052258777366}
AVGP:{'avg_precision': 0.9442043795996276}


METRICS_PER_CLASSES
CLASS:0
ACC:0.9196923076923077
PREC:0.27848101265822783
REC:0.4230769230769231
TNR:0.9447317388493859
FPR:0.7215189873417721
FPDR:0.7215189873417721
F1:0.33587786259541985
BACC:0
CLSFE:0.7215189873417721
MCC:0.3023922578391777
GMEAN:0.6322137274731618
SAMPLES:237
AUC:{}
AVGP:{}
CLASS:1
ACC:0.9196923076923077
PREC:0.9701294390972452
REC:0.9447317388493859
TNR:0.4230769230769231
FPR:0.02987056090275473
FPDR:0.02987056090275473
F1:0.9572621581791387
BACC:0
CLSFE:0.02987056090275473
MCC:0.3023922578391777
GMEAN:0.6322137274731618
SAMPLES:3013
AUC:{}
AVGP:{}
