

GENERAL_METRICS
ACC:0.9132307692307692
PREC:0.6123447425808287
REC:0.6899085156715796
TNR:0.6899085156715796
FPR:0.3876552574191713
FPDR:0.3876552574191713
F1:0.6378821499013807
BACC:0.0
CLSFE:0.08676923076923077
MCC:0.29213163681485016
GMEAN:0.6444837981553653
SAMPLES:3250.0
AUC:{'AUC macro OVO': 0.6123447425808287}
AVGP:{'avg_precision': 0.935611826351955}


METRICS_PER_CLASSES
CLASS:0
ACC:0.9132307692307692
PREC:0.2528301886792453
REC:0.44370860927152317
TNR:0.936108422071636
FPR:0.7471698113207547
FPDR:0.7471698113207547
F1:0.32211538461538464
BACC:0
CLSFE:0.7471698113207547
MCC:0.29213163681485016
GMEAN:0.6444837981553653
SAMPLES:265
AUC:{}
AVGP:{}
CLASS:1
ACC:0.9132307692307692
PREC:0.9718592964824121
REC:0.936108422071636
TNR:0.44370860927152317
FPR:0.02814070351758794
FPDR:0.02814070351758794
F1:0.9536489151873767
BACC:0
CLSFE:0.02814070351758794
MCC:0.29213163681485016
GMEAN:0.6444837981553653
SAMPLES:2985
AUC:{}
AVGP:{}
