

GENERAL_METRICS
ACC:0.916923076923077
PREC:0.6020959034614164
REC:0.6606696651674162
TNR:0.6606696651674162
FPR:0.39790409653858366
FPDR:0.39790409653858366
F1:0.6226780185758514
BACC:0.0
CLSFE:0.08307692307692308
MCC:0.2561539741960731
GMEAN:0.5977636149267825
SAMPLES:3250.0
AUC:{'AUC macro OVO': 0.6020959034614163}
AVGP:{'avg_precision': 0.9416010249754572}


METRICS_PER_CLASSES
CLASS:0
ACC:0.916923076923077
PREC:0.23404255319148937
REC:0.3793103448275862
TNR:0.9420289855072463
FPR:0.7659574468085106
FPDR:0.7659574468085106
F1:0.2894736842105263
BACC:0
CLSFE:0.7659574468085106
MCC:0.2561539741960731
GMEAN:0.5977636149267825
SAMPLES:235
AUC:{}
AVGP:{}
CLASS:1
ACC:0.916923076923077
PREC:0.9701492537313433
REC:0.9420289855072463
TNR:0.3793103448275862
FPR:0.029850746268656716
FPDR:0.029850746268656716
F1:0.9558823529411765
BACC:0
CLSFE:0.029850746268656716
MCC:0.2561539741960731
GMEAN:0.5977636149267825
SAMPLES:3015
AUC:{}
AVGP:{}
