

GENERAL_METRICS
ACC:0.9335
PREC:0.5314791557592674
REC:0.6405485895664728
TNR:0.6405485895664728
FPR:0.4685208442407326
FPDR:0.4685208442407326
F1:0.5423254341456196
BACC:0.0
CLSFE:0.0665
MCC:0.13303158937197346
GMEAN:0.565460935327605
SAMPLES:4000.0
AUC:{'AUC macro OVO': 0.5314791557592674}
AVGP:{'avg_precision': 0.9414397845398478}


METRICS_PER_CLASSES
CLASS:0
ACC:0.9335
PREC:0.07228915662650602
REC:0.33962264150943394
TNR:0.9414745376235115
FPR:0.927710843373494
FPDR:0.927710843373494
F1:0.11920529801324503
BACC:0
CLSFE:0.927710843373494
MCC:0.13303158937197346
GMEAN:0.565460935327605
SAMPLES:249
AUC:{}
AVGP:{}
CLASS:1
ACC:0.9335
PREC:0.9906691548920288
REC:0.9414745376235115
TNR:0.33962264150943394
FPR:0.009330845107971207
FPDR:0.009330845107971207
F1:0.9654455702779943
BACC:0
CLSFE:0.009330845107971207
MCC:0.13303158937197346
GMEAN:0.565460935327605
SAMPLES:3751
AUC:{}
AVGP:{}
