

GENERAL_METRICS
ACC:0.93825
PREC:0.5304715512842817
REC:0.6271237627620607
TNR:0.6271237627620607
FPR:0.46952844871571836
FPDR:0.46952844871571836
F1:0.5413523328593665
BACC:0.0
CLSFE:0.06175
MCC:0.12447743982674109
GMEAN:0.5396737526810672
SAMPLES:4000.0
AUC:{'AUC macro OVO': 0.5304715512842816}
AVGP:{'avg_precision': 0.9465236811655148}


METRICS_PER_CLASSES
CLASS:0
ACC:0.93825
PREC:0.07048458149779736
REC:0.3076923076923077
TNR:0.9465552178318136
FPR:0.9295154185022027
FPDR:0.9295154185022027
F1:0.11469534050179211
BACC:0
CLSFE:0.9295154185022027
MCC:0.12447743982674109
GMEAN:0.5396737526810672
SAMPLES:227
AUC:{}
AVGP:{}
CLASS:1
ACC:0.93825
PREC:0.9904585210707659
REC:0.9465552178318136
TNR:0.3076923076923077
FPR:0.00954147892923403
FPDR:0.00954147892923403
F1:0.9680093252169408
BACC:0
CLSFE:0.00954147892923403
MCC:0.12447743982674109
GMEAN:0.5396737526810672
SAMPLES:3773
AUC:{}
AVGP:{}
