

GENERAL_METRICS
ACC:0.93525
PREC:0.5306459490098222
REC:0.6292776557601697
TNR:0.6292776557601697
FPR:0.46935405099017774
FPDR:0.46935405099017774
F1:0.5412175713670166
BACC:0.0
CLSFE:0.06475
MCC:0.1258862414489449
GMEAN:0.5450720041458661
SAMPLES:4000.0
AUC:{'AUC macro OVO': 0.5306459490098223}
AVGP:{'avg_precision': 0.9437061578652948}


METRICS_PER_CLASSES
CLASS:0
ACC:0.93525
PREC:0.07112970711297072
REC:0.3148148148148148
TNR:0.9437404967055246
FPR:0.9288702928870293
FPDR:0.9288702928870293
F1:0.11604095563139932
BACC:0
CLSFE:0.9288702928870293
MCC:0.1258862414489449
GMEAN:0.5450720041458661
SAMPLES:239
AUC:{}
AVGP:{}
CLASS:1
ACC:0.93525
PREC:0.9901621909066738
REC:0.9437404967055246
TNR:0.3148148148148148
FPR:0.009837809093326244
FPDR:0.009837809093326244
F1:0.9663941871026339
BACC:0
CLSFE:0.009837809093326244
MCC:0.1258862414489449
GMEAN:0.5450720041458661
SAMPLES:3761
AUC:{}
AVGP:{}
