

GENERAL_METRICS
ACC:0.937
PREC:0.5396343703201378
REC:0.6508156322709112
TNR:0.6508156322709112
FPR:0.4603656296798621
FPDR:0.4603656296798621
F1:0.5550776760223944
BACC:0.0
CLSFE:0.063
MCC:0.1546283624629199
GMEAN:0.5801764822702852
SAMPLES:4000.0
AUC:{'AUC macro OVO': 0.5396343703201378}
AVGP:{'avg_precision': 0.9456541569491298}


METRICS_PER_CLASSES
CLASS:0
ACC:0.937
PREC:0.08936170212765958
REC:0.3559322033898305
TNR:0.9456990611519919
FPR:0.9106382978723404
FPDR:0.9106382978723404
F1:0.14285714285714285
BACC:0
CLSFE:0.9106382978723404
MCC:0.1546283624629199
GMEAN:0.5801764822702852
SAMPLES:235
AUC:{}
AVGP:{}
CLASS:1
ACC:0.937
PREC:0.9899070385126162
REC:0.9456990611519919
TNR:0.3559322033898305
FPR:0.010092961487383798
FPDR:0.010092961487383798
F1:0.967298209187646
BACC:0
CLSFE:0.010092961487383798
MCC:0.1546283624629199
GMEAN:0.5801764822702852
SAMPLES:3765
AUC:{}
AVGP:{}
