

GENERAL_METRICS
ACC:0.8337142857142857
PREC:0.6248220218319886
REC:0.6423160173160173
TNR:0.6423160173160173
FPR:0.3751779781680114
FPDR:0.3751779781680114
F1:0.6324365289882531
BACC:0.0
CLSFE:0.1662857142857143
MCC:0.2665646114581723
GMEAN:0.5908862561593359
SAMPLES:1750.0
AUC:{'AUC macro OVO': 0.6248220218319886}
AVGP:{'avg_precision': 0.8912508952841178}


METRICS_PER_CLASSES
CLASS:0
ACC:0.8337142857142857
PREC:0.3346938775510204
REC:0.3904761904761905
TNR:0.8941558441558441
FPR:0.6653061224489796
FPDR:0.6653061224489796
F1:0.36043956043956044
BACC:0
CLSFE:0.6653061224489796
MCC:0.2665646114581723
GMEAN:0.5908862561593359
SAMPLES:245
AUC:{}
AVGP:{}
CLASS:1
ACC:0.8337142857142857
PREC:0.9149501661129568
REC:0.8941558441558441
TNR:0.3904761904761905
FPR:0.0850498338870432
FPDR:0.0850498338870432
F1:0.9044334975369458
BACC:0
CLSFE:0.0850498338870432
MCC:0.2665646114581723
GMEAN:0.5908862561593359
SAMPLES:1505
AUC:{}
AVGP:{}
