

GENERAL_METRICS
ACC:0.8308571428571428
PREC:0.5906976744186047
REC:0.6201148620254938
TNR:0.6201148620254938
FPR:0.40930232558139534
FPDR:0.40930232558139534
F1:0.601205928635878
BACC:0.0
CLSFE:0.16914285714285715
MCC:0.20874998106657497
GMEAN:0.56102581489722
SAMPLES:1750.0
AUC:{'AUC macro OVO': 0.5906976744186047}
AVGP:{'avg_precision': 0.8824570440130695}


METRICS_PER_CLASSES
CLASS:0
ACC:0.8308571428571428
PREC:0.2571428571428571
REC:0.3559322033898305
TNR:0.8842975206611571
FPR:0.7428571428571429
FPDR:0.7428571428571429
F1:0.2985781990521327
BACC:0
CLSFE:0.7428571428571429
MCC:0.20874998106657497
GMEAN:0.56102581489722
SAMPLES:245
AUC:{}
AVGP:{}
CLASS:1
ACC:0.8308571428571428
PREC:0.9242524916943522
REC:0.8842975206611571
TNR:0.3559322033898305
FPR:0.07574750830564785
FPDR:0.07574750830564785
F1:0.9038336582196231
BACC:0
CLSFE:0.07574750830564785
MCC:0.20874998106657497
GMEAN:0.56102581489722
SAMPLES:1505
AUC:{}
AVGP:{}
