

GENERAL_METRICS
ACC:0.8177142857142857
PREC:0.5773592199647781
REC:0.5967730018907274
TNR:0.5967730018907274
FPR:0.4226407800352219
FPDR:0.4226407800352219
F1:0.5845671051564283
BACC:0.0
CLSFE:0.18228571428571427
MCC:0.17304662885958422
GMEAN:0.5255990981509285
SAMPLES:1750.0
AUC:{'AUC macro OVO': 0.5773592199647781}
AVGP:{'avg_precision': 0.8775674910010332}


METRICS_PER_CLASSES
CLASS:0
ACC:0.8177142857142857
PREC:0.24193548387096775
REC:0.31413612565445026
TNR:0.8794098781270044
FPR:0.7580645161290323
FPDR:0.7580645161290323
F1:0.2733485193621868
BACC:0
CLSFE:0.7580645161290323
MCC:0.17304662885958422
GMEAN:0.5255990981509285
SAMPLES:248
AUC:{}
AVGP:{}
CLASS:1
ACC:0.8177142857142857
PREC:0.9127829560585885
REC:0.8794098781270044
TNR:0.31413612565445026
FPR:0.08721704394141146
FPDR:0.08721704394141146
F1:0.8957856909506697
BACC:0
CLSFE:0.08721704394141146
MCC:0.17304662885958422
GMEAN:0.5255990981509285
SAMPLES:1502
AUC:{}
AVGP:{}
