

GENERAL_METRICS
ACC:0.8377142857142857
PREC:0.592571941137967
REC:0.6343338714531973
TNR:0.6343338714531973
FPR:0.407428058862033
FPDR:0.407428058862033
F1:0.606035816655252
BACC:0.0
CLSFE:0.16228571428571428
MCC:0.22302956970770133
GMEAN:0.5833168367759851
SAMPLES:1750.0
AUC:{'AUC macro OVO': 0.5925719411379671}
AVGP:{'avg_precision': 0.881946480858296}


METRICS_PER_CLASSES
CLASS:0
ACC:0.8377142857142857
PREC:0.25101214574898784
REC:0.38509316770186336
TNR:0.8835745752045312
FPR:0.7489878542510121
FPDR:0.7489878542510121
F1:0.30392156862745096
BACC:0
CLSFE:0.7489878542510121
MCC:0.22302956970770133
GMEAN:0.5833168367759851
SAMPLES:247
AUC:{}
AVGP:{}
CLASS:1
ACC:0.8377142857142857
PREC:0.9341317365269461
REC:0.8835745752045312
TNR:0.38509316770186336
FPR:0.0658682634730539
FPDR:0.0658682634730539
F1:0.908150064683053
BACC:0
CLSFE:0.0658682634730539
MCC:0.22302956970770133
GMEAN:0.5833168367759851
SAMPLES:1503
AUC:{}
AVGP:{}
