

GENERAL_METRICS
ACC:0.926
PREC:0.6165571891423847
REC:0.724914403104314
TNR:0.724914403104314
FPR:0.38344281085761533
FPDR:0.38344281085761533
F1:0.6492034616052899
BACC:0.0
CLSFE:0.074
MCC:0.32382335075455
GMEAN:0.6916035375075095
SAMPLES:3500.0
AUC:{'AUC macro OVO': 0.6165571891423847}
AVGP:{'avg_precision': 0.9418063634951361}


METRICS_PER_CLASSES
CLASS:0
ACC:0.926
PREC:0.25287356321839083
REC:0.5076923076923077
TNR:0.9421364985163204
FPR:0.7471264367816092
FPDR:0.7471264367816092
F1:0.3375959079283887
BACC:0
CLSFE:0.7471264367816092
MCC:0.32382335075455
GMEAN:0.6916035375075095
SAMPLES:261
AUC:{}
AVGP:{}
CLASS:1
ACC:0.926
PREC:0.9802408150663785
REC:0.9421364985163204
TNR:0.5076923076923077
FPR:0.019759184933621488
FPDR:0.019759184933621488
F1:0.9608110152821909
BACC:0
CLSFE:0.019759184933621488
MCC:0.32382335075455
GMEAN:0.6916035375075095
SAMPLES:3239
AUC:{}
AVGP:{}
