

GENERAL_METRICS
ACC:0.9182857142857143
PREC:0.5652482676498859
REC:0.651699447415528
TNR:0.651699447415528
FPR:0.43475173235011405
FPDR:0.43475173235011405
F1:0.5855937311633514
BACC:0.0
CLSFE:0.08171428571428571
MCC:0.1989786536019195
GMEAN:0.586671939881013
SAMPLES:3500.0
AUC:{'AUC macro OVO': 0.565248267649886}
AVGP:{'avg_precision': 0.9352844714951434}


METRICS_PER_CLASSES
CLASS:0
ACC:0.9182857142857143
PREC:0.1511627906976744
REC:0.36792452830188677
TNR:0.9354743665291692
FPR:0.8488372093023255
FPDR:0.8488372093023255
F1:0.21428571428571427
BACC:0
CLSFE:0.8488372093023255
MCC:0.1989786536019195
GMEAN:0.586671939881013
SAMPLES:258
AUC:{}
AVGP:{}
CLASS:1
ACC:0.9182857142857143
PREC:0.9793337446020974
REC:0.9354743665291692
TNR:0.36792452830188677
FPR:0.02066625539790253
FPDR:0.02066625539790253
F1:0.9569017480409886
BACC:0
CLSFE:0.02066625539790253
MCC:0.1989786536019195
GMEAN:0.586671939881013
SAMPLES:3242
AUC:{}
AVGP:{}
