

GENERAL_METRICS
ACC:0.9182857142857143
PREC:0.5733709351558087
REC:0.6355588963772058
TNR:0.6355588963772058
FPR:0.4266290648441912
FPDR:0.4266290648441912
F1:0.5919448860625331
BACC:0.0
CLSFE:0.08171428571428571
MCC:0.1994601012321508
GMEAN:0.5576750353109918
SAMPLES:3500.0
AUC:{'AUC macro OVO': 0.5733709351558088}
AVGP:{'avg_precision': 0.9401523905525996}


METRICS_PER_CLASSES
CLASS:0
ACC:0.9182857142857143
PREC:0.1728395061728395
REC:0.33070866141732286
TNR:0.9404091313370887
FPR:0.8271604938271605
FPDR:0.8271604938271605
F1:0.22702702702702704
BACC:0
CLSFE:0.8271604938271605
MCC:0.1994601012321508
GMEAN:0.5576750353109918
SAMPLES:243
AUC:{}
AVGP:{}
CLASS:1
ACC:0.9182857142857143
PREC:0.9739023641387781
REC:0.9404091313370887
TNR:0.33070866141732286
FPR:0.026097635861221984
FPDR:0.026097635861221984
F1:0.9568627450980393
BACC:0
CLSFE:0.026097635861221984
MCC:0.1994601012321508
GMEAN:0.5576750353109918
SAMPLES:3257
AUC:{}
AVGP:{}
