

GENERAL_METRICS
ACC:0.9291428571428572
PREC:0.589931125263031
REC:0.6837310852526521
TNR:0.6837310852526521
FPR:0.41006887473696896
FPDR:0.41006887473696896
F1:0.6166754990284402
BACC:0.0
CLSFE:0.07085714285714285
MCC:0.2570847583391041
GMEAN:0.6316602254590947
SAMPLES:3500.0
AUC:{'AUC macro OVO': 0.589931125263031}
AVGP:{'avg_precision': 0.9452232771342709}


METRICS_PER_CLASSES
CLASS:0
ACC:0.9291428571428572
PREC:0.19913419913419914
REC:0.42201834862385323
TNR:0.9454438218814509
FPR:0.8008658008658008
FPDR:0.8008658008658008
F1:0.27058823529411763
BACC:0
CLSFE:0.8008658008658008
MCC:0.2570847583391041
GMEAN:0.6316602254590947
SAMPLES:231
AUC:{}
AVGP:{}
CLASS:1
ACC:0.9291428571428572
PREC:0.9807280513918629
REC:0.9454438218814509
TNR:0.42201834862385323
FPR:0.019271948608137045
FPDR:0.019271948608137045
F1:0.9627627627627627
BACC:0
CLSFE:0.019271948608137045
MCC:0.2570847583391041
GMEAN:0.6316602254590947
SAMPLES:3269
AUC:{}
AVGP:{}
