

GENERAL_METRICS
ACC:0.7373333333333333
PREC:0.6930158730158731
REC:0.6888292585967004
TNR:0.6888292585967004
FPR:0.306984126984127
FPDR:0.306984126984127
F1:0.6907824929523523
BACC:0.0
CLSFE:0.26266666666666666
MCC:0.38182217954949754
GMEAN:0.6766422217219298
SAMPLES:750.0
AUC:{'AUC macro OVO': 0.6930158730158731}
AVGP:{'avg_precision': 0.7947124400147656}


METRICS_PER_CLASSES
CLASS:0
ACC:0.7373333333333333
PREC:0.5822222222222222
REC:0.5598290598290598
TNR:0.8178294573643411
FPR:0.4177777777777778
FPDR:0.4177777777777778
F1:0.5708061002178649
BACC:0
CLSFE:0.4177777777777778
MCC:0.38182217954949754
GMEAN:0.6766422217219298
SAMPLES:225
AUC:{}
AVGP:{}
CLASS:1
ACC:0.7373333333333333
PREC:0.8038095238095239
REC:0.8178294573643411
TNR:0.5598290598290598
FPR:0.1961904761904762
FPDR:0.1961904761904762
F1:0.8107588856868396
BACC:0
CLSFE:0.1961904761904762
MCC:0.38182217954949754
GMEAN:0.6766422217219298
SAMPLES:525
AUC:{}
AVGP:{}
