

GENERAL_METRICS
ACC:0.7373333333333333
PREC:0.7114806531515283
REC:0.7056210250654695
TNR:0.7056210250654695
FPR:0.28851934684847175
FPDR:0.28851934684847175
F1:0.7081948369742322
BACC:0.0
CLSFE:0.26266666666666666
MCC:0.41706051686791096
GMEAN:0.6974402273185352
SAMPLES:750.0
AUC:{'AUC macro OVO': 0.7114806531515282}
AVGP:{'avg_precision': 0.7821299294415285}


METRICS_PER_CLASSES
CLASS:0
ACC:0.7373333333333333
PREC:0.6345381526104418
REC:0.5984848484848485
TNR:0.8127572016460906
FPR:0.3654618473895582
FPDR:0.3654618473895582
F1:0.6159844054580896
BACC:0
CLSFE:0.3654618473895582
MCC:0.41706051686791096
GMEAN:0.6974402273185352
SAMPLES:249
AUC:{}
AVGP:{}
CLASS:1
ACC:0.7373333333333333
PREC:0.7884231536926147
REC:0.8127572016460906
TNR:0.5984848484848485
FPR:0.21157684630738524
FPDR:0.21157684630738524
F1:0.8004052684903749
BACC:0
CLSFE:0.21157684630738524
MCC:0.41706051686791096
GMEAN:0.6974402273185352
SAMPLES:501
AUC:{}
AVGP:{}
