

GENERAL_METRICS
ACC:0.7453333333333333
PREC:0.7175011885994544
REC:0.7054263565891473
TNR:0.7054263565891473
FPR:0.2824988114005455
FPDR:0.2824988114005455
F1:0.7102425467101151
BACC:0.0
CLSFE:0.25466666666666665
MCC:0.4227551382433804
GMEAN:0.6937334861968255
SAMPLES:750.0
AUC:{'AUC macro OVO': 0.7175011885994544}
AVGP:{'avg_precision': 0.80365061014772}


METRICS_PER_CLASSES
CLASS:0
ACC:0.7453333333333333
PREC:0.645021645021645
REC:0.5775193798449613
TNR:0.8333333333333334
FPR:0.354978354978355
FPDR:0.354978354978355
F1:0.6094069529652352
BACC:0
CLSFE:0.354978354978355
MCC:0.4227551382433804
GMEAN:0.6937334861968255
SAMPLES:231
AUC:{}
AVGP:{}
CLASS:1
ACC:0.7453333333333333
PREC:0.789980732177264
REC:0.8333333333333334
TNR:0.5775193798449613
FPR:0.21001926782273603
FPDR:0.21001926782273603
F1:0.811078140454995
BACC:0
CLSFE:0.21001926782273603
MCC:0.4227551382433804
GMEAN:0.6937334861968255
SAMPLES:519
AUC:{}
AVGP:{}
