

GENERAL_METRICS
ACC:0.7386666666666667
PREC:0.7196078431372549
REC:0.7054668868097597
TNR:0.7054668868097597
FPR:0.2803921568627451
FPDR:0.2803921568627451
F1:0.7104840234448856
BACC:0.0
CLSFE:0.2613333333333333
MCC:0.42483945131504824
GMEAN:0.6941676816564007
SAMPLES:750.0
AUC:{'AUC macro OVO': 0.7196078431372549}
AVGP:{'avg_precision': 0.796827666087532}


METRICS_PER_CLASSES
CLASS:0
ACC:0.7386666666666667
PREC:0.6666666666666666
REC:0.5797101449275363
TNR:0.8312236286919831
FPR:0.3333333333333333
FPDR:0.3333333333333333
F1:0.6201550387596899
BACC:0
CLSFE:0.3333333333333333
MCC:0.42483945131504824
GMEAN:0.6941676816564007
SAMPLES:240
AUC:{}
AVGP:{}
CLASS:1
ACC:0.7386666666666667
PREC:0.7725490196078432
REC:0.8312236286919831
TNR:0.5797101449275363
FPR:0.22745098039215686
FPDR:0.22745098039215686
F1:0.8008130081300813
BACC:0
CLSFE:0.22745098039215686
MCC:0.42483945131504824
GMEAN:0.6941676816564007
SAMPLES:510
AUC:{}
AVGP:{}
