

GENERAL_METRICS
ACC:0.9275294117647059
PREC:0.5008950488257173
REC:0.503714578050625
TNR:0.503714578050625
FPR:0.49910495117428266
FPDR:0.49910495117428266
F1:0.493841023547026
BACC:0.0
CLSFE:0.07247058823529412
MCC:0.0036467677317029564
GMEAN:0.2523963181567874
SAMPLES:4250.0
AUC:{'AUC macro OVO': 0.5008950488257173}
AVGP:{'avg_precision': 0.9396311253509451}


METRICS_PER_CLASSES
CLASS:0
ACC:0.9275294117647059
PREC:0.01556420233463035
REC:0.06779661016949153
TNR:0.9396325459317585
FPR:0.9844357976653697
FPDR:0.9844357976653697
F1:0.02531645569620253
BACC:0
CLSFE:0.9844357976653697
MCC:0.0036467677317029564
GMEAN:0.2523963181567874
SAMPLES:257
AUC:{}
AVGP:{}
CLASS:1
ACC:0.9275294117647059
PREC:0.9862258953168044
REC:0.9396325459317585
TNR:0.06779661016949153
FPR:0.013774104683195593
FPDR:0.013774104683195593
F1:0.9623655913978495
BACC:0
CLSFE:0.013774104683195593
MCC:0.0036467677317029564
GMEAN:0.2523963181567874
SAMPLES:3993
AUC:{}
AVGP:{}
