

GENERAL_METRICS
ACC:0.9258823529411765
PREC:0.5007717620321489
REC:0.5033520334298499
TNR:0.5033520334298499
FPR:0.49922823796785115
FPDR:0.49922823796785115
F1:0.493122558138038
BACC:0.0
CLSFE:0.07411764705882352
MCC:0.003216813411842172
GMEAN:0.25430616215815205
SAMPLES:4250.0
AUC:{'AUC macro OVO': 0.5007717620321489}
AVGP:{'avg_precision': 0.9377373098434352}


METRICS_PER_CLASSES
CLASS:0
ACC:0.9258823529411765
PREC:0.01509433962264151
REC:0.06896551724137931
TNR:0.9377385496183206
FPR:0.9849056603773585
FPDR:0.9849056603773585
F1:0.02476780185758514
BACC:0
CLSFE:0.9849056603773585
MCC:0.003216813411842172
GMEAN:0.25430616215815205
SAMPLES:265
AUC:{}
AVGP:{}
CLASS:1
ACC:0.9258823529411765
PREC:0.9864491844416562
REC:0.9377385496183206
TNR:0.06896551724137931
FPR:0.013550815558343789
FPDR:0.013550815558343789
F1:0.9614773144184909
BACC:0
CLSFE:0.013550815558343789
MCC:0.003216813411842172
GMEAN:0.25430616215815205
SAMPLES:3985
AUC:{}
AVGP:{}
