

GENERAL_METRICS
ACC:0.9352941176470588
PREC:0.5109934194844553
REC:0.5432257605616713
TNR:0.5432257605616713
FPR:0.4890065805155447
FPDR:0.4890065805155447
F1:0.5107415002978459
BACC:0.0
CLSFE:0.06470588235294118
MCC:0.04359811548170762
GMEAN:0.3643982097767106
SAMPLES:4250.0
AUC:{'AUC macro OVO': 0.5109934194844553}
AVGP:{'avg_precision': 0.9460864970415331}


METRICS_PER_CLASSES
CLASS:0
ACC:0.9352941176470588
PREC:0.03418803418803419
REC:0.14035087719298245
TNR:0.9461006439303601
FPR:0.9658119658119658
FPDR:0.9658119658119658
F1:0.054982817869415807
BACC:0
CLSFE:0.9658119658119658
MCC:0.04359811548170762
GMEAN:0.3643982097767106
SAMPLES:234
AUC:{}
AVGP:{}
CLASS:1
ACC:0.9352941176470588
PREC:0.9877988047808764
REC:0.9461006439303601
TNR:0.14035087719298245
FPR:0.012201195219123506
FPDR:0.012201195219123506
F1:0.966500182726276
BACC:0
CLSFE:0.012201195219123506
MCC:0.04359811548170762
GMEAN:0.3643982097767106
SAMPLES:4016
AUC:{}
AVGP:{}
