

GENERAL_METRICS
ACC:0.9348235294117647
PREC:0.5021831680145167
REC:0.5083765339893975
TNR:0.5083765339893975
FPR:0.4978168319854833
FPDR:0.4978168319854833
F1:0.4971756841891704
BACC:0.0
CLSFE:0.0651764705882353
MCC:0.008552749517708149
GMEAN:0.25773338997407785
SAMPLES:4250.0
AUC:{'AUC macro OVO': 0.5021831680145167}
AVGP:{'avg_precision': 0.9465746685481643}


METRICS_PER_CLASSES
CLASS:0
ACC:0.9348235294117647
PREC:0.017543859649122806
REC:0.07017543859649122
TNR:0.9465776293823038
FPR:0.9824561403508771
FPDR:0.9824561403508771
F1:0.028070175438596492
BACC:0
CLSFE:0.9824561403508771
MCC:0.008552749517708149
GMEAN:0.25773338997407785
SAMPLES:228
AUC:{}
AVGP:{}
CLASS:1
ACC:0.9348235294117647
PREC:0.9868224763799105
REC:0.9465776293823038
TNR:0.07017543859649122
FPR:0.013177523620089508
FPDR:0.013177523620089508
F1:0.9662811929397443
BACC:0
CLSFE:0.013177523620089508
MCC:0.008552749517708149
GMEAN:0.25773338997407785
SAMPLES:4022
AUC:{}
AVGP:{}
