

GENERAL_METRICS
ACC:0.822
PREC:0.820654174201085
REC:0.8388460497835498
TNR:0.8388460497835498
FPR:0.17934582579891503
FPDR:0.17934582579891503
F1:0.8193106192570214
BACC:0.0
CLSFE:0.178
MCC:0.6592492708365899
GMEAN:0.8356974042769019
SAMPLES:500.0
AUC:{'AUC macro OVO': 0.8206541742010849}
AVGP:{'avg_precision': 0.7897700742240217}


METRICS_PER_CLASSES
CLASS:0
ACC:0.822
PREC:0.932806324110672
REC:0.7662337662337663
TNR:0.9114583333333334
FPR:0.06719367588932806
FPDR:0.06719367588932806
F1:0.8413547237076648
BACC:0
CLSFE:0.06719367588932806
MCC:0.6592492708365899
GMEAN:0.8356974042769019
SAMPLES:253
AUC:{}
AVGP:{}
CLASS:1
ACC:0.822
PREC:0.708502024291498
REC:0.9114583333333334
TNR:0.7662337662337663
FPR:0.291497975708502
FPDR:0.291497975708502
F1:0.7972665148063781
BACC:0
CLSFE:0.291497975708502
MCC:0.6592492708365899
GMEAN:0.8356974042769019
SAMPLES:247
AUC:{}
AVGP:{}
