

GENERAL_METRICS
ACC:0.84
PREC:0.8367608431033378
REC:0.8541877231992453
TNR:0.8541877231992453
FPR:0.16323915689666219
FPDR:0.16323915689666219
F1:0.8373348949183421
BACC:0.0
CLSFE:0.16
MCC:0.6907287637891721
GMEAN:0.8518362271510498
SAMPLES:500.0
AUC:{'AUC macro OVO': 0.8367608431033379}
AVGP:{'avg_precision': 0.8028743290449007}


METRICS_PER_CLASSES
CLASS:0
ACC:0.84
PREC:0.937984496124031
REC:0.7908496732026143
TNR:0.9175257731958762
FPR:0.06201550387596899
FPDR:0.06201550387596899
F1:0.8581560283687943
BACC:0
CLSFE:0.06201550387596899
MCC:0.6907287637891721
GMEAN:0.8518362271510498
SAMPLES:258
AUC:{}
AVGP:{}
CLASS:1
ACC:0.84
PREC:0.7355371900826446
REC:0.9175257731958762
TNR:0.7908496732026143
FPR:0.2644628099173554
FPDR:0.2644628099173554
F1:0.8165137614678899
BACC:0
CLSFE:0.2644628099173554
MCC:0.6907287637891721
GMEAN:0.8518362271510498
SAMPLES:242
AUC:{}
AVGP:{}
