

GENERAL_METRICS
ACC:0.814
PREC:0.809773207764751
REC:0.8366052315564141
TNR:0.8366052315564141
FPR:0.19022679223524888
FPDR:0.19022679223524888
F1:0.8092378127576828
BACC:0.0
CLSFE:0.186
MCC:0.6458212828008294
GMEAN:0.8328101875201338
SAMPLES:500.0
AUC:{'AUC macro OVO': 0.809773207764751}
AVGP:{'avg_precision': 0.7768966249596011}


METRICS_PER_CLASSES
CLASS:0
ACC:0.814
PREC:0.9418604651162791
REC:0.7570093457943925
TNR:0.9162011173184358
FPR:0.05813953488372093
FPDR:0.05813953488372093
F1:0.8393782383419689
BACC:0
CLSFE:0.05813953488372093
MCC:0.6458212828008294
GMEAN:0.8328101875201338
SAMPLES:258
AUC:{}
AVGP:{}
CLASS:1
ACC:0.814
PREC:0.6776859504132231
REC:0.9162011173184358
TNR:0.7570093457943925
FPR:0.32231404958677684
FPDR:0.32231404958677684
F1:0.7790973871733967
BACC:0
CLSFE:0.32231404958677684
MCC:0.6458212828008294
GMEAN:0.8328101875201338
SAMPLES:242
AUC:{}
AVGP:{}
