

GENERAL_METRICS
ACC:0.81
PREC:0.81148485381895
REC:0.8304753820033955
TNR:0.8304753820033955
FPR:0.18851514618105006
FPDR:0.18851514618105006
F1:0.8074982472208826
BACC:0.0
CLSFE:0.19
MCC:0.6416792845466941
GMEAN:0.8260816339045212
SAMPLES:500.0
AUC:{'AUC macro OVO': 0.8114848538189501}
AVGP:{'avg_precision': 0.7878314957353859}


METRICS_PER_CLASSES
CLASS:0
ACC:0.81
PREC:0.9352226720647774
REC:0.7451612903225806
TNR:0.9157894736842105
FPR:0.06477732793522267
FPDR:0.06477732793522267
F1:0.829443447037702
BACC:0
CLSFE:0.06477732793522267
MCC:0.6416792845466941
GMEAN:0.8260816339045212
SAMPLES:247
AUC:{}
AVGP:{}
CLASS:1
ACC:0.81
PREC:0.6877470355731226
REC:0.9157894736842105
TNR:0.7451612903225806
FPR:0.31225296442687744
FPDR:0.31225296442687744
F1:0.7855530474040632
BACC:0
CLSFE:0.31225296442687744
MCC:0.6416792845466941
GMEAN:0.8260816339045212
SAMPLES:253
AUC:{}
AVGP:{}
