

GENERAL_METRICS
ACC:0.836
PREC:0.7427488914828126
REC:0.7535775223746056
TNR:0.7535775223746056
FPR:0.25725110851718735
FPDR:0.25725110851718735
F1:0.747879481964897
BACC:0.0
CLSFE:0.164
MCC:0.49620827264927236
GMEAN:0.7410857140316629
SAMPLES:1250.0
AUC:{'AUC macro OVO': 0.7427488914828128}
AVGP:{'avg_precision': 0.8805348007126578}


METRICS_PER_CLASSES
CLASS:0
ACC:0.836
PREC:0.5817490494296578
REC:0.6169354838709677
TNR:0.8902195608782435
FPR:0.41825095057034223
FPDR:0.41825095057034223
F1:0.598825831702544
BACC:0
CLSFE:0.41825095057034223
MCC:0.49620827264927236
GMEAN:0.7410857140316629
SAMPLES:263
AUC:{}
AVGP:{}
CLASS:1
ACC:0.836
PREC:0.9037487335359676
REC:0.8902195608782435
TNR:0.6169354838709677
FPR:0.09625126646403243
FPDR:0.09625126646403243
F1:0.8969331322272499
BACC:0
CLSFE:0.09625126646403243
MCC:0.49620827264927236
GMEAN:0.7410857140316629
SAMPLES:987
AUC:{}
AVGP:{}
