

GENERAL_METRICS
ACC:0.8384
PREC:0.7539816321785631
REC:0.7390167854463616
TNR:0.7390167854463616
FPR:0.24601836782143688
FPDR:0.24601836782143688
F1:0.7459717661451291
BACC:0.0
CLSFE:0.1616
MCC:0.4927712381450052
GMEAN:0.7193750543820775
SAMPLES:1250.0
AUC:{'AUC macro OVO': 0.7539816321785631}
AVGP:{'avg_precision': 0.8974440536146883}


METRICS_PER_CLASSES
CLASS:0
ACC:0.8384
PREC:0.6176470588235294
REC:0.5697674418604651
TNR:0.9082661290322581
FPR:0.38235294117647056
FPDR:0.38235294117647056
F1:0.592741935483871
BACC:0
CLSFE:0.38235294117647056
MCC:0.4927712381450052
GMEAN:0.7193750543820775
SAMPLES:238
AUC:{}
AVGP:{}
CLASS:1
ACC:0.8384
PREC:0.8903162055335968
REC:0.9082661290322581
TNR:0.5697674418604651
FPR:0.10968379446640317
FPDR:0.10968379446640317
F1:0.8992015968063872
BACC:0
CLSFE:0.10968379446640317
MCC:0.4927712381450052
GMEAN:0.7193750543820775
SAMPLES:1012
AUC:{}
AVGP:{}
