

GENERAL_METRICS
ACC:0.9355294117647058
PREC:0.6129066646845268
REC:0.6952478080857283
TNR:0.6952478080857283
FPR:0.3870933353154732
FPDR:0.3870933353154732
F1:0.6405864197530864
BACC:0.0
CLSFE:0.06447058823529411
MCC:0.29694968461289295
GMEAN:0.6457054917491505
SAMPLES:4250.0
AUC:{'AUC macro OVO': 0.6129066646845268}
AVGP:{'avg_precision': 0.9527272877454631}


METRICS_PER_CLASSES
CLASS:0
ACC:0.9355294117647058
PREC:0.24609375
REC:0.4375
TNR:0.9529956161714564
FPR:0.75390625
FPDR:0.75390625
F1:0.315
BACC:0
CLSFE:0.75390625
MCC:0.29694968461289295
GMEAN:0.6457054917491505
SAMPLES:256
AUC:{}
AVGP:{}
CLASS:1
ACC:0.9355294117647058
PREC:0.9797195793690536
REC:0.9529956161714564
TNR:0.4375
FPR:0.02028042063094642
FPDR:0.02028042063094642
F1:0.9661728395061728
BACC:0
CLSFE:0.02028042063094642
MCC:0.29694968461289295
GMEAN:0.6457054917491505
SAMPLES:3994
AUC:{}
AVGP:{}
