

GENERAL_METRICS
ACC:0.939764705882353
PREC:0.6261346500246272
REC:0.7123519285681448
TNR:0.7123519285681448
FPR:0.37386534997537274
FPDR:0.37386534997537274
F1:0.656011887824465
BACC:0.0
CLSFE:0.06023529411764706
MCC:0.3273220810883225
GMEAN:0.6693256706583566
SAMPLES:4250.0
AUC:{'AUC macro OVO': 0.6261346500246273}
AVGP:{'avg_precision': 0.9559010814076097}


METRICS_PER_CLASSES
CLASS:0
ACC:0.939764705882353
PREC:0.27125506072874495
REC:0.46853146853146854
TNR:0.956172388604821
FPR:0.728744939271255
FPDR:0.728744939271255
F1:0.3435897435897436
BACC:0
CLSFE:0.728744939271255
MCC:0.3273220810883225
GMEAN:0.6693256706583566
SAMPLES:247
AUC:{}
AVGP:{}
CLASS:1
ACC:0.939764705882353
PREC:0.9810142393205096
REC:0.956172388604821
TNR:0.46853146853146854
FPR:0.01898576067949038
FPDR:0.01898576067949038
F1:0.9684340320591862
BACC:0
CLSFE:0.01898576067949038
MCC:0.3273220810883225
GMEAN:0.6693256706583566
SAMPLES:4003
AUC:{}
AVGP:{}
