

GENERAL_METRICS
ACC:0.9357647058823529
PREC:0.6314054366685946
REC:0.7070697174209248
TNR:0.7070697174209248
FPR:0.36859456333140544
FPDR:0.36859456333140544
F1:0.6588763160935407
BACC:0.0
CLSFE:0.06423529411764706
MCC:0.3299096036100744
GMEAN:0.6623593056653941
SAMPLES:4250.0
AUC:{'AUC macro OVO': 0.6314054366685946}
AVGP:{'avg_precision': 0.9541700239117927}


METRICS_PER_CLASSES
CLASS:0
ACC:0.9357647058823529
PREC:0.2846153846153846
REC:0.45962732919254656
TNR:0.954512105649303
FPR:0.7153846153846154
FPDR:0.7153846153846154
F1:0.3515439429928741
BACC:0
CLSFE:0.7153846153846154
MCC:0.3299096036100744
GMEAN:0.6623593056653941
SAMPLES:260
AUC:{}
AVGP:{}
CLASS:1
ACC:0.9357647058823529
PREC:0.9781954887218045
REC:0.954512105649303
TNR:0.45962732919254656
FPR:0.02180451127819549
FPDR:0.02180451127819549
F1:0.9662086891942072
BACC:0
CLSFE:0.02180451127819549
MCC:0.3299096036100744
GMEAN:0.6623593056653941
SAMPLES:3990
AUC:{}
AVGP:{}
