

GENERAL_METRICS
ACC:0.9343529411764706
PREC:0.5958292908112168
REC:0.6815863555409766
TNR:0.6815863555409766
FPR:0.4041707091887832
FPDR:0.4041707091887832
F1:0.6223402578118954
BACC:0.0
CLSFE:0.0656470588235294
MCC:0.26382791112757764
GMEAN:0.6260977194520015
SAMPLES:4250.0
AUC:{'AUC macro OVO': 0.5958292908112168}
AVGP:{'avg_precision': 0.950743157307688}


METRICS_PER_CLASSES
CLASS:0
ACC:0.9343529411764706
PREC:0.2109375
REC:0.4122137404580153
TNR:0.9509589706239379
FPR:0.7890625
FPDR:0.7890625
F1:0.27906976744186046
BACC:0
CLSFE:0.7890625
MCC:0.26382791112757764
GMEAN:0.6260977194520015
SAMPLES:256
AUC:{}
AVGP:{}
CLASS:1
ACC:0.9343529411764706
PREC:0.9807210816224337
REC:0.9509589706239379
TNR:0.4122137404580153
FPR:0.01927891837756635
FPDR:0.01927891837756635
F1:0.9656107481819303
BACC:0
CLSFE:0.01927891837756635
MCC:0.26382791112757764
GMEAN:0.6260977194520015
SAMPLES:3994
AUC:{}
AVGP:{}
