

GENERAL_METRICS
ACC:0.9153333333333333
PREC:0.614146881966251
REC:0.7080425394916441
TNR:0.7080425394916441
FPR:0.38585311803374894
FPDR:0.38585311803374894
F1:0.6431916089155273
BACC:0.0
CLSFE:0.08466666666666667
MCC:0.30820387537675004
GMEAN:0.6706249224854748
SAMPLES:3000.0
AUC:{'AUC macro OVO': 0.614146881966251}
AVGP:{'avg_precision': 0.9347199407446375}


METRICS_PER_CLASSES
CLASS:0
ACC:0.9153333333333333
PREC:0.25301204819277107
REC:0.48091603053435117
TNR:0.9351690484489369
FPR:0.7469879518072289
FPDR:0.7469879518072289
F1:0.33157894736842103
BACC:0
CLSFE:0.7469879518072289
MCC:0.30820387537675004
GMEAN:0.6706249224854748
SAMPLES:249
AUC:{}
AVGP:{}
CLASS:1
ACC:0.9153333333333333
PREC:0.975281715739731
REC:0.9351690484489369
TNR:0.48091603053435117
FPR:0.024718284260268994
FPDR:0.024718284260268994
F1:0.9548042704626335
BACC:0
CLSFE:0.024718284260268994
MCC:0.30820387537675004
GMEAN:0.6706249224854748
SAMPLES:2751
AUC:{}
AVGP:{}
