

GENERAL_METRICS
ACC:0.912
PREC:0.6131841625614758
REC:0.724510542473654
TNR:0.724510542473654
FPR:0.3868158374385242
FPDR:0.3868158374385242
F1:0.6447786953331456
BACC:0.0
CLSFE:0.088
MCC:0.31881679840374255
GMEAN:0.6948646796992484
SAMPLES:3000.0
AUC:{'AUC macro OVO': 0.6131841625614758}
AVGP:{'avg_precision': 0.929202905964658}


METRICS_PER_CLASSES
CLASS:0
ACC:0.912
PREC:0.24907063197026022
REC:0.5193798449612403
TNR:0.9296412399860676
FPR:0.7509293680297398
FPDR:0.7509293680297398
F1:0.33668341708542715
BACC:0
CLSFE:0.7509293680297398
MCC:0.31881679840374255
GMEAN:0.6948646796992484
SAMPLES:269
AUC:{}
AVGP:{}
CLASS:1
ACC:0.912
PREC:0.9772976931526913
REC:0.9296412399860676
TNR:0.5193798449612403
FPR:0.022702306847308677
FPDR:0.022702306847308677
F1:0.952873973580864
BACC:0
CLSFE:0.022702306847308677
MCC:0.31881679840374255
GMEAN:0.6948646796992484
SAMPLES:2731
AUC:{}
AVGP:{}
