

GENERAL_METRICS
ACC:0.918
PREC:0.6080451465018936
REC:0.6916028763627928
TNR:0.6916028763627928
FPR:0.39195485349810644
FPDR:0.39195485349810644
F1:0.6346238011402906
BACC:0.0
CLSFE:0.082
MCC:0.28776212986980865
GMEAN:0.6459313029455622
SAMPLES:3000.0
AUC:{'AUC macro OVO': 0.6080451465018936}
AVGP:{'avg_precision': 0.9383542906102549}


METRICS_PER_CLASSES
CLASS:0
ACC:0.918
PREC:0.2413793103448276
REC:0.4444444444444444
TNR:0.9387613082811412
FPR:0.7586206896551724
FPDR:0.7586206896551724
F1:0.3128491620111732
BACC:0
CLSFE:0.7586206896551724
MCC:0.28776212986980865
GMEAN:0.6459313029455622
SAMPLES:232
AUC:{}
AVGP:{}
CLASS:1
ACC:0.918
PREC:0.9747109826589595
REC:0.9387613082811412
TNR:0.4444444444444444
FPR:0.025289017341040464
FPDR:0.025289017341040464
F1:0.956398440269408
BACC:0
CLSFE:0.025289017341040464
MCC:0.28776212986980865
GMEAN:0.6459313029455622
SAMPLES:2768
AUC:{}
AVGP:{}
