

GENERAL_METRICS
ACC:0.909
PREC:0.600776102928495
REC:0.6986855849582172
TNR:0.6986855849582172
FPR:0.39922389707150496
FPDR:0.39922389707150496
F1:0.6283271864368013
BACC:0.0
CLSFE:0.091
MCC:0.28300359686871507
GMEAN:0.6597659989710963
SAMPLES:3000.0
AUC:{'AUC macro OVO': 0.600776102928495}
AVGP:{'avg_precision': 0.928199631992857}


METRICS_PER_CLASSES
CLASS:0
ACC:0.909
PREC:0.22641509433962265
REC:0.46875
TNR:0.9286211699164345
FPR:0.7735849056603774
FPDR:0.7735849056603774
F1:0.3053435114503817
BACC:0
CLSFE:0.7735849056603774
MCC:0.28300359686871507
GMEAN:0.6597659989710963
SAMPLES:265
AUC:{}
AVGP:{}
CLASS:1
ACC:0.909
PREC:0.9751371115173675
REC:0.9286211699164345
TNR:0.46875
FPR:0.02486288848263254
FPDR:0.02486288848263254
F1:0.951310861423221
BACC:0
CLSFE:0.02486288848263254
MCC:0.28300359686871507
GMEAN:0.6597659989710963
SAMPLES:2735
AUC:{}
AVGP:{}
