

GENERAL_METRICS
ACC:0.8923333333333333
PREC:0.5454358895048657
REC:0.5747862567953572
TNR:0.5747862567953572
FPR:0.4545641104951343
FPDR:0.4545641104951343
F1:0.5539148460730006
BACC:0.0
CLSFE:0.10766666666666666
MCC:0.1165843917552665
GMEAN:0.4551606284826547
SAMPLES:3000.0
AUC:{'AUC macro OVO': 0.5454358895048658}
AVGP:{'avg_precision': 0.9255091388096256}


METRICS_PER_CLASSES
CLASS:0
ACC:0.8923333333333333
PREC:0.13114754098360656
REC:0.22377622377622378
TNR:0.9257962898144907
FPR:0.8688524590163934
FPDR:0.8688524590163934
F1:0.165374677002584
BACC:0
CLSFE:0.8688524590163934
MCC:0.1165843917552665
GMEAN:0.4551606284826547
SAMPLES:244
AUC:{}
AVGP:{}
CLASS:1
ACC:0.8923333333333333
PREC:0.9597242380261248
REC:0.9257962898144907
TNR:0.22377622377622378
FPR:0.04027576197387518
FPDR:0.04027576197387518
F1:0.9424550151434171
BACC:0
CLSFE:0.04027576197387518
MCC:0.1165843917552665
GMEAN:0.4551606284826547
SAMPLES:2756
AUC:{}
AVGP:{}
