

GENERAL_METRICS
ACC:0.8996666666666666
PREC:0.5529473758789876
REC:0.6013674474596675
TNR:0.6013674474596675
FPR:0.4470526241210125
FPDR:0.4470526241210125
F1:0.565413874703478
BACC:0.0
CLSFE:0.10033333333333333
MCC:0.14652153892913541
GMEAN:0.5060175488097174
SAMPLES:3000.0
AUC:{'AUC macro OVO': 0.5529473758789876}
AVGP:{'avg_precision': 0.9260435106366598}


METRICS_PER_CLASSES
CLASS:0
ACC:0.8996666666666666
PREC:0.13821138211382114
REC:0.2764227642276423
TNR:0.9263121306916927
FPR:0.8617886178861789
FPDR:0.8617886178861789
F1:0.1842818428184282
BACC:0
CLSFE:0.8617886178861789
MCC:0.14652153892913541
GMEAN:0.5060175488097174
SAMPLES:246
AUC:{}
AVGP:{}
CLASS:1
ACC:0.8996666666666666
PREC:0.9676833696441539
REC:0.9263121306916927
TNR:0.2764227642276423
FPR:0.03231663035584604
FPDR:0.03231663035584604
F1:0.9465459065885278
BACC:0
CLSFE:0.03231663035584604
MCC:0.14652153892913541
GMEAN:0.5060175488097174
SAMPLES:2754
AUC:{}
AVGP:{}
