

GENERAL_METRICS
ACC:0.9026666666666666
PREC:0.5649293279525489
REC:0.6139996115357906
TNR:0.6139996115357906
FPR:0.4350706720474511
FPDR:0.4350706720474511
F1:0.5794729009649081
BACC:0.0
CLSFE:0.09733333333333333
MCC:0.17206880209812028
GMEAN:0.5262664309189257
SAMPLES:3000.0
AUC:{'AUC macro OVO': 0.5649293279525489}
AVGP:{'avg_precision': 0.9299575540692412}


METRICS_PER_CLASSES
CLASS:0
ACC:0.9026666666666666
PREC:0.16317991631799164
REC:0.29770992366412213
TNR:0.9302892994074591
FPR:0.8368200836820083
FPDR:0.8368200836820083
F1:0.21081081081081082
BACC:0
CLSFE:0.8368200836820083
MCC:0.17206880209812028
GMEAN:0.5262664309189257
SAMPLES:239
AUC:{}
AVGP:{}
CLASS:1
ACC:0.9026666666666666
PREC:0.9666787395871062
REC:0.9302892994074591
TNR:0.29770992366412213
FPR:0.03332126041289388
FPDR:0.03332126041289388
F1:0.9481349911190053
BACC:0
CLSFE:0.03332126041289388
MCC:0.17206880209812028
GMEAN:0.5262664309189257
SAMPLES:2761
AUC:{}
AVGP:{}
