

GENERAL_METRICS
ACC:0.907
PREC:0.5674725285199795
REC:0.6155336002785515
TNR:0.6155336002785515
FPR:0.4325274714800205
FPDR:0.4325274714800205
F1:0.5823301188887087
BACC:0.0
CLSFE:0.093
MCC:0.17658249222174294
GMEAN:0.5266291954880492
SAMPLES:3000.0
AUC:{'AUC macro OVO': 0.5674725285199795}
AVGP:{'avg_precision': 0.9338722228974783}


METRICS_PER_CLASSES
CLASS:0
ACC:0.907
PREC:0.16740088105726872
REC:0.296875
TNR:0.9341922005571031
FPR:0.8325991189427313
FPDR:0.8325991189427313
F1:0.2140845070422535
BACC:0
CLSFE:0.8325991189427313
MCC:0.17658249222174294
GMEAN:0.5266291954880492
SAMPLES:227
AUC:{}
AVGP:{}
CLASS:1
ACC:0.907
PREC:0.9675441759826903
REC:0.9341922005571031
TNR:0.296875
FPR:0.03245582401730977
FPDR:0.03245582401730977
F1:0.9505757307351639
BACC:0
CLSFE:0.03245582401730977
MCC:0.17658249222174294
GMEAN:0.5266291954880492
SAMPLES:2773
AUC:{}
AVGP:{}
