

GENERAL_METRICS
ACC:0.912
PREC:0.5887613189266947
REC:0.6693567383222556
TNR:0.6693567383222556
FPR:0.4112386810733053
FPDR:0.4112386810733053
F1:0.6121288559812004
BACC:0.0
CLSFE:0.088
MCC:0.2452127848429319
GMEAN:0.6151163605276864
SAMPLES:2750.0
AUC:{'AUC macro OVO': 0.5887613189266947}
AVGP:{'avg_precision': 0.9329512769718931}


METRICS_PER_CLASSES
CLASS:0
ACC:0.912
PREC:0.20361990950226244
REC:0.40540540540540543
TNR:0.9333080712391058
FPR:0.7963800904977375
FPDR:0.7963800904977375
F1:0.2710843373493976
BACC:0
CLSFE:0.7963800904977375
MCC:0.2452127848429319
GMEAN:0.6151163605276864
SAMPLES:221
AUC:{}
AVGP:{}
CLASS:1
ACC:0.912
PREC:0.9739027283511269
REC:0.9333080712391058
TNR:0.40540540540540543
FPR:0.02609727164887307
FPDR:0.02609727164887307
F1:0.9531733746130031
BACC:0
CLSFE:0.02609727164887307
MCC:0.2452127848429319
GMEAN:0.6151163605276864
SAMPLES:2529
AUC:{}
AVGP:{}
