

GENERAL_METRICS
ACC:0.9105454545454545
PREC:0.5921783046036979
REC:0.6763836754252854
TNR:0.6763836754252854
FPR:0.40782169539630203
FPDR:0.40782169539630203
F1:0.6165044250797602
BACC:0.0
CLSFE:0.08945454545454545
MCC:0.2550195926627738
GMEAN:0.626339312537667
SAMPLES:2750.0
AUC:{'AUC macro OVO': 0.592178304603698}
AVGP:{'avg_precision': 0.9313320184500823}


METRICS_PER_CLASSES
CLASS:0
ACC:0.9105454545454545
PREC:0.21052631578947367
REC:0.42105263157894735
TNR:0.9317147192716236
FPR:0.7894736842105263
FPDR:0.7894736842105263
F1:0.2807017543859649
BACC:0
CLSFE:0.7894736842105263
MCC:0.2550195926627738
GMEAN:0.626339312537667
SAMPLES:228
AUC:{}
AVGP:{}
CLASS:1
ACC:0.9105454545454545
PREC:0.9738302934179223
REC:0.9317147192716236
TNR:0.42105263157894735
FPR:0.026169706582077717
FPDR:0.026169706582077717
F1:0.9523070957735557
BACC:0
CLSFE:0.026169706582077717
MCC:0.2550195926627738
GMEAN:0.626339312537667
SAMPLES:2522
AUC:{}
AVGP:{}
