

GENERAL_METRICS
ACC:0.8949090909090909
PREC:0.5803760221047033
REC:0.688738763132243
TNR:0.688738763132243
FPR:0.4196239778952967
FPDR:0.4196239778952967
F1:0.60402102388031
BACC:0.0
CLSFE:0.1050909090909091
MCC:0.24633368423771465
GMEAN:0.651138935024185
SAMPLES:2750.0
AUC:{'AUC macro OVO': 0.5803760221047033}
AVGP:{'avg_precision': 0.9128182122178826}


METRICS_PER_CLASSES
CLASS:0
ACC:0.8949090909090909
PREC:0.18505338078291814
REC:0.4642857142857143
TNR:0.9131918119787718
FPR:0.8149466192170819
FPDR:0.8149466192170819
F1:0.26463104325699743
BACC:0
CLSFE:0.8149466192170819
MCC:0.24633368423771465
GMEAN:0.651138935024185
SAMPLES:281
AUC:{}
AVGP:{}
CLASS:1
ACC:0.8949090909090909
PREC:0.9756986634264885
REC:0.9131918119787718
TNR:0.4642857142857143
FPR:0.024301336573511544
FPDR:0.024301336573511544
F1:0.9434110045036225
BACC:0
CLSFE:0.024301336573511544
MCC:0.24633368423771465
GMEAN:0.651138935024185
SAMPLES:2469
AUC:{}
AVGP:{}
