

GENERAL_METRICS
ACC:0.9116363636363637
PREC:0.5959186374033536
REC:0.6889079930683418
TNR:0.6889079930683418
FPR:0.40408136259664645
FPDR:0.40408136259664645
F1:0.6222123853281029
BACC:0.0
CLSFE:0.08836363636363637
MCC:0.2692195928213064
GMEAN:0.6448239705490895
SAMPLES:2750.0
AUC:{'AUC macro OVO': 0.5959186374033536}
AVGP:{'avg_precision': 0.931008685167857}


METRICS_PER_CLASSES
CLASS:0
ACC:0.9116363636363637
PREC:0.21645021645021645
REC:0.44642857142857145
TNR:0.9313874147081123
FPR:0.7835497835497836
FPDR:0.7835497835497836
F1:0.2915451895043732
BACC:0
CLSFE:0.7835497835497836
MCC:0.2692195928213064
GMEAN:0.6448239705490895
SAMPLES:231
AUC:{}
AVGP:{}
CLASS:1
ACC:0.9116363636363637
PREC:0.9753870583564906
REC:0.9313874147081123
TNR:0.44642857142857145
FPR:0.02461294164350933
FPDR:0.02461294164350933
F1:0.9528795811518325
BACC:0
CLSFE:0.02461294164350933
MCC:0.2692195928213064
GMEAN:0.6448239705490895
SAMPLES:2519
AUC:{}
AVGP:{}
