

GENERAL_METRICS
ACC:0.868
PREC:0.5985938459653776
REC:0.6312710633448757
TNR:0.6312710633448757
FPR:0.40140615403462243
FPDR:0.40140615403462243
F1:0.6110281304456062
BACC:0.0
CLSFE:0.132
MCC:0.22753038477650403
GMEAN:0.5652720204581868
SAMPLES:2500.0
AUC:{'AUC macro OVO': 0.5985938459653776}
AVGP:{'avg_precision': 0.9111002958475565}


METRICS_PER_CLASSES
CLASS:0
ACC:0.868
PREC:0.25461254612546125
REC:0.350253807106599
TNR:0.9122883195831524
FPR:0.7453874538745388
FPDR:0.7453874538745388
F1:0.2948717948717949
BACC:0
CLSFE:0.7453874538745388
MCC:0.22753038477650403
GMEAN:0.5652720204581868
SAMPLES:271
AUC:{}
AVGP:{}
CLASS:1
ACC:0.868
PREC:0.9425751458052939
REC:0.9122883195831524
TNR:0.350253807106599
FPR:0.057424854194706144
FPDR:0.057424854194706144
F1:0.9271844660194175
BACC:0
CLSFE:0.057424854194706144
MCC:0.22753038477650403
GMEAN:0.5652720204581868
SAMPLES:2229
AUC:{}
AVGP:{}
