

GENERAL_METRICS
ACC:0.8796
PREC:0.6046647970525475
REC:0.6195879393424036
TNR:0.6195879393424036
FPR:0.3953352029474525
FPDR:0.3953352029474525
F1:0.6113262375191819
BACC:0.0
CLSFE:0.1204
MCC:0.22375564709034756
GMEAN:0.5374022679170216
SAMPLES:2500.0
AUC:{'AUC macro OVO': 0.6046647970525475}
AVGP:{'avg_precision': 0.9268376900327516}


METRICS_PER_CLASSES
CLASS:0
ACC:0.8796
PREC:0.2687224669603524
REC:0.3112244897959184
TNR:0.9279513888888888
FPR:0.7312775330396476
FPDR:0.7312775330396476
F1:0.28841607565011823
BACC:0
CLSFE:0.7312775330396476
MCC:0.22375564709034756
GMEAN:0.5374022679170216
SAMPLES:227
AUC:{}
AVGP:{}
CLASS:1
ACC:0.8796
PREC:0.9406071271447426
REC:0.9279513888888888
TNR:0.3112244897959184
FPR:0.05939287285525737
FPDR:0.05939287285525737
F1:0.9342363993882455
BACC:0
CLSFE:0.05939287285525737
MCC:0.22375564709034756
GMEAN:0.5374022679170216
SAMPLES:2273
AUC:{}
AVGP:{}
