

GENERAL_METRICS
ACC:0.8632
PREC:0.5659580286213111
REC:0.5874248380591258
TNR:0.5874248380591258
FPR:0.434041971378689
FPDR:0.434041971378689
F1:0.5738636363636364
BACC:0.0
CLSFE:0.1368
MCC:0.15187323623229082
GMEAN:0.4900023698607202
SAMPLES:2500.0
AUC:{'AUC macro OVO': 0.5659580286213111}
AVGP:{'avg_precision': 0.9106153128850598}


METRICS_PER_CLASSES
CLASS:0
ACC:0.8632
PREC:0.19291338582677164
REC:0.26344086021505375
TNR:0.9114088159031979
FPR:0.8070866141732284
FPDR:0.8070866141732284
F1:0.22272727272727272
BACC:0
CLSFE:0.8070866141732284
MCC:0.15187323623229082
GMEAN:0.4900023698607202
SAMPLES:254
AUC:{}
AVGP:{}
CLASS:1
ACC:0.8632
PREC:0.9390026714158504
REC:0.9114088159031979
TNR:0.26344086021505375
FPR:0.0609973285841496
FPDR:0.0609973285841496
F1:0.925
BACC:0
CLSFE:0.0609973285841496
MCC:0.15187323623229082
GMEAN:0.4900023698607202
SAMPLES:2246
AUC:{}
AVGP:{}
