

GENERAL_METRICS
ACC:0.876
PREC:0.6013205965143439
REC:0.6187724332815558
TNR:0.6187724332815558
FPR:0.3986794034856561
FPDR:0.3986794034856561
F1:0.608910581315312
BACC:0.0
CLSFE:0.124
MCC:0.21940003454464033
GMEAN:0.5380174995875899
SAMPLES:2500.0
AUC:{'AUC macro OVO': 0.6013205965143439}
AVGP:{'avg_precision': 0.9232834106461427}


METRICS_PER_CLASSES
CLASS:0
ACC:0.876
PREC:0.2627118644067797
REC:0.31313131313131315
TNR:0.9244135534317984
FPR:0.7372881355932204
FPDR:0.7372881355932204
F1:0.2857142857142857
BACC:0
CLSFE:0.7372881355932204
MCC:0.21940003454464033
GMEAN:0.5380174995875899
SAMPLES:236
AUC:{}
AVGP:{}
CLASS:1
ACC:0.876
PREC:0.9399293286219081
REC:0.9244135534317984
TNR:0.31313131313131315
FPR:0.06007067137809187
FPDR:0.06007067137809187
F1:0.9321068769163382
BACC:0
CLSFE:0.06007067137809187
MCC:0.21940003454464033
GMEAN:0.5380174995875899
SAMPLES:2264
AUC:{}
AVGP:{}
