

GENERAL_METRICS
ACC:0.9190588235294118
PREC:0.6187670177140712
REC:0.6313378758382002
TNR:0.6313378758382002
FPR:0.3812329822859289
FPDR:0.3812329822859289
F1:0.6246280942506992
BACC:0.0
CLSFE:0.08094117647058824
MCC:0.2497887733762589
GMEAN:0.5426688759979282
SAMPLES:4250.0
AUC:{'AUC macro OVO': 0.6187670177140712}
AVGP:{'avg_precision': 0.9534141887399433}


METRICS_PER_CLASSES
CLASS:0
ACC:0.9190588235294118
PREC:0.27734375
REC:0.30869565217391304
TNR:0.9539800995024875
FPR:0.72265625
FPDR:0.72265625
F1:0.29218106995884774
BACC:0
CLSFE:0.72265625
MCC:0.2497887733762589
GMEAN:0.5426688759979282
SAMPLES:256
AUC:{}
AVGP:{}
CLASS:1
ACC:0.9190588235294118
PREC:0.9601902854281422
REC:0.9539800995024875
TNR:0.30869565217391304
FPR:0.039809714571857786
FPDR:0.039809714571857786
F1:0.9570751185425506
BACC:0
CLSFE:0.039809714571857786
MCC:0.2497887733762589
GMEAN:0.5426688759979282
SAMPLES:3994
AUC:{}
AVGP:{}
