

GENERAL_METRICS
ACC:0.9223529411764706
PREC:0.6479387049323986
REC:0.6535679767387085
TNR:0.6535679767387085
FPR:0.3520612950676014
FPDR:0.3520612950676014
F1:0.6506845834964717
BACC:0.0
CLSFE:0.07764705882352942
MCC:0.3014541265122323
GMEAN:0.5785763694089313
SAMPLES:4250.0
AUC:{'AUC macro OVO': 0.6479387049323986}
AVGP:{'avg_precision': 0.9568302792085526}


METRICS_PER_CLASSES
CLASS:0
ACC:0.9223529411764706
PREC:0.3359375
REC:0.34959349593495936
TNR:0.9575424575424576
FPR:0.6640625
FPDR:0.6640625
F1:0.3426294820717131
BACC:0
CLSFE:0.6640625
MCC:0.3014541265122323
GMEAN:0.5785763694089313
SAMPLES:256
AUC:{}
AVGP:{}
CLASS:1
ACC:0.9223529411764706
PREC:0.9599399098647972
REC:0.9575424575424576
TNR:0.34959349593495936
FPR:0.04006009013520281
FPDR:0.04006009013520281
F1:0.9587396849212303
BACC:0
CLSFE:0.04006009013520281
MCC:0.3014541265122323
GMEAN:0.5785763694089313
SAMPLES:3994
AUC:{}
AVGP:{}
