

GENERAL_METRICS
ACC:0.9169411764705883
PREC:0.5909864155985549
REC:0.5999683956188852
TNR:0.5999683956188852
FPR:0.40901358440144503
FPDR:0.40901358440144503
F1:0.595181192338111
BACC:0.0
CLSFE:0.08305882352941177
MCC:0.19074345063986492
GMEAN:0.4848457751951716
SAMPLES:4250.0
AUC:{'AUC macro OVO': 0.5909864155985549}
AVGP:{'avg_precision': 0.9529373137508018}


METRICS_PER_CLASSES
CLASS:0
ACC:0.9169411764705883
PREC:0.2231404958677686
REC:0.2465753424657534
TNR:0.9533614487720169
FPR:0.7768595041322314
FPDR:0.7768595041322314
F1:0.23427331887201736
BACC:0
CLSFE:0.7768595041322314
MCC:0.19074345063986492
GMEAN:0.4848457751951716
SAMPLES:242
AUC:{}
AVGP:{}
CLASS:1
ACC:0.9169411764705883
PREC:0.9588323353293413
REC:0.9533614487720169
TNR:0.2465753424657534
FPR:0.04116766467065868
FPDR:0.04116766467065868
F1:0.9560890658042045
BACC:0
CLSFE:0.04116766467065868
MCC:0.19074345063986492
GMEAN:0.4848457751951716
SAMPLES:4008
AUC:{}
AVGP:{}
