

GENERAL_METRICS
ACC:0.9103529411764706
PREC:0.5728164801307376
REC:0.5903706443100848
TNR:0.5903706443100848
FPR:0.42718351986926245
FPDR:0.42718351986926245
F1:0.5801940246384691
BACC:0.0
CLSFE:0.08964705882352941
MCC:0.16224021974599567
GMEAN:0.4712383806571455
SAMPLES:4250.0
AUC:{'AUC macro OVO': 0.5728164801307375}
AVGP:{'avg_precision': 0.9456287091325205}


METRICS_PER_CLASSES
CLASS:0
ACC:0.9103529411764706
PREC:0.1865671641791045
REC:0.2347417840375587
TNR:0.9459995045826108
FPR:0.8134328358208955
FPDR:0.8134328358208955
F1:0.2079002079002079
BACC:0
CLSFE:0.8134328358208955
MCC:0.16224021974599567
GMEAN:0.4712383806571455
SAMPLES:268
AUC:{}
AVGP:{}
CLASS:1
ACC:0.9103529411764706
PREC:0.9590657960823706
REC:0.9459995045826108
TNR:0.2347417840375587
FPR:0.04093420391762933
FPDR:0.04093420391762933
F1:0.9524878413767303
BACC:0
CLSFE:0.04093420391762933
MCC:0.16224021974599567
GMEAN:0.4712383806571455
SAMPLES:3982
AUC:{}
AVGP:{}
