

GENERAL_METRICS
ACC:0.9105882352941177
PREC:0.5820416425679583
REC:0.5928119029548012
TNR:0.5928119029548012
FPR:0.4179583574320416
FPDR:0.4179583574320416
F1:0.5869413093474543
BACC:0.0
CLSFE:0.08941176470588236
MCC:0.17452152839429114
GMEAN:0.47403739875273887
SAMPLES:4250.0
AUC:{'AUC macro OVO': 0.5820416425679584}
AVGP:{'avg_precision': 0.948347434532451}


METRICS_PER_CLASSES
CLASS:0
ACC:0.9105882352941177
PREC:0.2076923076923077
REC:0.23684210526315788
TNR:0.9487817006464445
FPR:0.7923076923076923
FPDR:0.7923076923076923
F1:0.22131147540983606
BACC:0
CLSFE:0.7923076923076923
MCC:0.17452152839429114
GMEAN:0.47403739875273887
SAMPLES:260
AUC:{}
AVGP:{}
CLASS:1
ACC:0.9105882352941177
PREC:0.956390977443609
REC:0.9487817006464445
TNR:0.23684210526315788
FPR:0.04360902255639098
FPDR:0.04360902255639098
F1:0.9525711432850724
BACC:0
CLSFE:0.04360902255639098
MCC:0.17452152839429114
GMEAN:0.47403739875273887
SAMPLES:3990
AUC:{}
AVGP:{}
