

GENERAL_METRICS
ACC:0.9150588235294118
PREC:0.5705747595717655
REC:0.5817934259846744
TNR:0.5817934259846744
FPR:0.4294252404282345
FPDR:0.4294252404282345
F1:0.5755759704489669
BACC:0.0
CLSFE:0.08494117647058824
MCC:0.15195461655927928
GMEAN:0.4496115579611723
SAMPLES:4250.0
AUC:{'AUC macro OVO': 0.5705747595717655}
AVGP:{'avg_precision': 0.9507024321524705}


METRICS_PER_CLASSES
CLASS:0
ACC:0.9150588235294118
PREC:0.18181818181818182
REC:0.21256038647342995
TNR:0.9510264654959188
FPR:0.8181818181818182
FPDR:0.8181818181818182
F1:0.19599109131403117
BACC:0
CLSFE:0.8181818181818182
MCC:0.15195461655927928
GMEAN:0.4496115579611723
SAMPLES:242
AUC:{}
AVGP:{}
CLASS:1
ACC:0.9150588235294118
PREC:0.9593313373253493
REC:0.9510264654959188
TNR:0.21256038647342995
FPR:0.0406686626746507
FPDR:0.0406686626746507
F1:0.9551608495839026
BACC:0
CLSFE:0.0406686626746507
MCC:0.15195461655927928
GMEAN:0.4496115579611723
SAMPLES:4008
AUC:{}
AVGP:{}
