

GENERAL_METRICS
ACC:0.9018666666666667
PREC:0.5428499713138267
REC:0.5647962536970096
TNR:0.5647962536970096
FPR:0.45715002868617327
FPDR:0.45715002868617327
F1:0.5499966738884592
BACC:0.0
CLSFE:0.09813333333333334
MCC:0.10538534266510306
GMEAN:0.4261363382427621
SAMPLES:3750.0
AUC:{'AUC macro OVO': 0.5428499713138267}
AVGP:{'avg_precision': 0.9352439779869678}


METRICS_PER_CLASSES
CLASS:0
ACC:0.9018666666666667
PREC:0.125
REC:0.19411764705882353
TNR:0.9354748603351956
FPR:0.875
FPDR:0.875
F1:0.15207373271889402
BACC:0
CLSFE:0.875
MCC:0.10538534266510306
GMEAN:0.4261363382427621
SAMPLES:264
AUC:{}
AVGP:{}
CLASS:1
ACC:0.9018666666666667
PREC:0.9606999426276535
REC:0.9354748603351956
TNR:0.19411764705882353
FPR:0.03930005737234653
FPDR:0.03930005737234653
F1:0.9479196150580244
BACC:0
CLSFE:0.03930005737234653
MCC:0.10538534266510306
GMEAN:0.4261363382427621
SAMPLES:3486
AUC:{}
AVGP:{}
