

GENERAL_METRICS
ACC:0.9117333333333333
PREC:0.522966708250518
REC:0.5315786030842695
TNR:0.5315786030842695
FPR:0.47703329174948195
FPDR:0.47703329174948195
F1:0.525844302739961
BACC:0.0
CLSFE:0.08826666666666666
MCC:0.053861175776075604
GMEAN:0.333521345528202
SAMPLES:3750.0
AUC:{'AUC macro OVO': 0.522966708250518}
AVGP:{'avg_precision': 0.9454117678507856}


METRICS_PER_CLASSES
CLASS:0
ACC:0.9117333333333333
PREC:0.08411214953271028
REC:0.11764705882352941
TNR:0.9455101473450097
FPR:0.9158878504672897
FPDR:0.9158878504672897
F1:0.09809264305177112
BACC:0
CLSFE:0.9158878504672897
MCC:0.053861175776075604
GMEAN:0.333521345528202
SAMPLES:214
AUC:{}
AVGP:{}
CLASS:1
ACC:0.9117333333333333
PREC:0.9618212669683258
REC:0.9455101473450097
TNR:0.11764705882352941
FPR:0.03817873303167421
FPDR:0.03817873303167421
F1:0.9535959624281508
BACC:0
CLSFE:0.03817873303167421
MCC:0.053861175776075604
GMEAN:0.333521345528202
SAMPLES:3536
AUC:{}
AVGP:{}
