

GENERAL_METRICS
ACC:0.9069333333333334
PREC:0.5603269977940898
REC:0.5818394024276377
TNR:0.5818394024276377
FPR:0.4396730022059102
FPDR:0.4396730022059102
F1:0.5685618299110026
BACC:0.0
CLSFE:0.09306666666666667
MCC:0.14052936276411032
GMEAN:0.45739761031126547
SAMPLES:3750.0
AUC:{'AUC macro OVO': 0.5603269977940898}
AVGP:{'avg_precision': 0.9411424090916}


METRICS_PER_CLASSES
CLASS:0
ACC:0.9069333333333334
PREC:0.1606425702811245
REC:0.2222222222222222
TNR:0.9414565826330532
FPR:0.8393574297188755
FPDR:0.8393574297188755
F1:0.1864801864801865
BACC:0
CLSFE:0.8393574297188755
MCC:0.14052936276411032
GMEAN:0.45739761031126547
SAMPLES:249
AUC:{}
AVGP:{}
CLASS:1
ACC:0.9069333333333334
PREC:0.9600114253070551
REC:0.9414565826330532
TNR:0.2222222222222222
FPR:0.039988574692944874
FPDR:0.039988574692944874
F1:0.9506434733418186
BACC:0
CLSFE:0.039988574692944874
MCC:0.14052936276411032
GMEAN:0.45739761031126547
SAMPLES:3501
AUC:{}
AVGP:{}
