

GENERAL_METRICS
ACC:0.9058666666666667
PREC:0.5315346525141256
REC:0.5516666666666666
TNR:0.5516666666666666
FPR:0.46846534748587443
FPDR:0.46846534748587443
F1:0.5371650762161064
BACC:0.0
CLSFE:0.09413333333333333
MCC:0.08072893855109181
GMEAN:0.3951089863709899
SAMPLES:3750.0
AUC:{'AUC macro OVO': 0.5315346525141256}
AVGP:{'avg_precision': 0.9365189209798874}


METRICS_PER_CLASSES
CLASS:0
ACC:0.9058666666666667
PREC:0.09881422924901186
REC:0.16666666666666666
TNR:0.9366666666666666
FPR:0.9011857707509882
FPDR:0.9011857707509882
F1:0.12406947890818859
BACC:0
CLSFE:0.9011857707509882
MCC:0.08072893855109181
GMEAN:0.3951089863709899
SAMPLES:253
AUC:{}
AVGP:{}
CLASS:1
ACC:0.9058666666666667
PREC:0.9642550757792393
REC:0.9366666666666666
TNR:0.16666666666666666
FPR:0.03574492422076065
FPDR:0.03574492422076065
F1:0.9502606735240242
BACC:0
CLSFE:0.03574492422076065
MCC:0.08072893855109181
GMEAN:0.3951089863709899
SAMPLES:3497
AUC:{}
AVGP:{}
