

GENERAL_METRICS
ACC:0.9172307692307692
PREC:0.4933796756041046
REC:0.4643302180685358
TNR:0.4643302180685358
FPR:0.5066203243958954
FPDR:0.5066203243958954
F1:0.4784143797143316
BACC:0.0
CLSFE:0.08276923076923078
MCC:-0.03073405456604391
GMEAN:0.0
SAMPLES:3250.0
AUC:{'AUC macro OVO': 0.4933796756041046}
AVGP:{'avg_precision': 0.9286720617630416}


METRICS_PER_CLASSES
CLASS:0
ACC:0.9172307692307692
PREC:0.0
REC:0.0
TNR:0.9286604361370716
FPR:1.0
FPDR:1.0
F1:0.0
BACC:0
CLSFE:1.0
MCC:-0.03073405456604391
GMEAN:0
SAMPLES:229
AUC:{}
AVGP:{}
CLASS:1
ACC:0.9172307692307692
PREC:0.9867593512082092
REC:0.9286604361370716
TNR:0.0
FPR:0.013240648791790799
FPDR:0.013240648791790799
F1:0.9568287594286632
BACC:0
CLSFE:0.013240648791790799
MCC:-0.03073405456604391
GMEAN:0
SAMPLES:3021
AUC:{}
AVGP:{}
