

GENERAL_METRICS
ACC:0.9243076923076923
PREC:0.5024317761965924
REC:0.5175732531126551
TNR:0.5175732531126551
FPR:0.4975682238034076
FPDR:0.4975682238034076
F1:0.49221846228888483
BACC:0.0
CLSFE:0.0756923076923077
MCC:0.01307428294263942
GMEAN:0.31045543247754265
SAMPLES:3250.0
AUC:{'AUC macro OVO': 0.5024317761965924}
AVGP:{'avg_precision': 0.9316955366105341}


METRICS_PER_CLASSES
CLASS:0
ACC:0.9243076923076923
PREC:0.013452914798206279
REC:0.10344827586206896
TNR:0.9316982303632412
FPR:0.9865470852017937
FPDR:0.9865470852017937
F1:0.023809523809523808
BACC:0
CLSFE:0.9865470852017937
MCC:0.01307428294263942
GMEAN:0.31045543247754265
SAMPLES:223
AUC:{}
AVGP:{}
CLASS:1
ACC:0.9243076923076923
PREC:0.9914106375949785
REC:0.9316982303632412
TNR:0.10344827586206896
FPR:0.008589362405021473
FPDR:0.008589362405021473
F1:0.9606274007682458
BACC:0
CLSFE:0.008589362405021473
MCC:0.01307428294263942
GMEAN:0.31045543247754265
SAMPLES:3027
AUC:{}
AVGP:{}
