

GENERAL_METRICS
ACC:0.9058461538461539
PREC:0.500474987974988
REC:0.5038358452454941
TNR:0.5038358452454941
FPR:0.49952501202501204
FPDR:0.49952501202501204
F1:0.4848901098901099
BACC:0.0
CLSFE:0.09415384615384616
MCC:0.002699615058132913
GMEAN:0.2927117327397898
SAMPLES:3250.0
AUC:{'AUC macro OVO': 0.5004749879749879}
AVGP:{'avg_precision': 0.9139209529277894}


METRICS_PER_CLASSES
CLASS:0
ACC:0.9058461538461539
PREC:0.010714285714285714
REC:0.09375
TNR:0.9139216904909881
FPR:0.9892857142857143
FPDR:0.9892857142857143
F1:0.019230769230769232
BACC:0
CLSFE:0.9892857142857143
MCC:0.002699615058132913
GMEAN:0.2927117327397898
SAMPLES:280
AUC:{}
AVGP:{}
CLASS:1
ACC:0.9058461538461539
PREC:0.9902356902356902
REC:0.9139216904909881
TNR:0.09375
FPR:0.009764309764309764
FPDR:0.009764309764309764
F1:0.9505494505494505
BACC:0
CLSFE:0.009764309764309764
MCC:0.002699615058132913
GMEAN:0.2927117327397898
SAMPLES:2970
AUC:{}
AVGP:{}
