

GENERAL_METRICS
ACC:0.9113846153846153
PREC:0.5011325156194163
REC:0.5059109031027907
TNR:0.5059109031027907
FPR:0.4988674843805837
FPDR:0.4988674843805837
F1:0.4903026817920435
BACC:0.0
CLSFE:0.08861538461538461
MCC:0.005174626590882409
GMEAN:0.28642360506644976
SAMPLES:3250.0
AUC:{'AUC macro OVO': 0.5011325156194163}
AVGP:{'avg_precision': 0.9229306795212788}


METRICS_PER_CLASSES
CLASS:0
ACC:0.9113846153846153
PREC:0.01593625498007968
REC:0.08888888888888889
TNR:0.9229329173166927
FPR:0.9840637450199203
FPDR:0.9840637450199203
F1:0.02702702702702703
BACC:0
CLSFE:0.9840637450199203
MCC:0.005174626590882409
GMEAN:0.28642360506644976
SAMPLES:251
AUC:{}
AVGP:{}
CLASS:1
ACC:0.9113846153846153
PREC:0.9863287762587529
REC:0.9229329173166927
TNR:0.08888888888888889
FPR:0.013671223741247083
FPDR:0.013671223741247083
F1:0.9535783365570599
BACC:0
CLSFE:0.013671223741247083
MCC:0.005174626590882409
GMEAN:0.28642360506644976
SAMPLES:2999
AUC:{}
AVGP:{}
