

GENERAL_METRICS
ACC:0.9104
PREC:0.67724740971432
REC:0.7365140254135698
TNR:0.7365140254135698
FPR:0.3227525902856801
FPDR:0.3227525902856801
F1:0.7010999521759923
BACC:0.0
CLSFE:0.0896
MCC:0.4094948027297152
GMEAN:0.7083771099808754
SAMPLES:2500.0
AUC:{'AUC macro OVO': 0.67724740971432}
AVGP:{'avg_precision': 0.9369943535754617}


METRICS_PER_CLASSES
CLASS:0
ACC:0.9104
PREC:0.3898305084745763
REC:0.5348837209302325
TNR:0.9381443298969072
FPR:0.6101694915254238
FPDR:0.6101694915254238
F1:0.45098039215686275
BACC:0
CLSFE:0.6101694915254238
MCC:0.4094948027297152
GMEAN:0.7083771099808754
SAMPLES:236
AUC:{}
AVGP:{}
CLASS:1
ACC:0.9104
PREC:0.9646643109540636
REC:0.9381443298969072
TNR:0.5348837209302325
FPR:0.0353356890459364
FPDR:0.0353356890459364
F1:0.9512195121951219
BACC:0
CLSFE:0.0353356890459364
MCC:0.4094948027297152
GMEAN:0.7083771099808754
SAMPLES:2264
AUC:{}
AVGP:{}
