

GENERAL_METRICS
ACC:0.904
PREC:0.664161944445824
REC:0.7603187978925317
TNR:0.7603187978925317
FPR:0.335838055554176
FPDR:0.335838055554176
F1:0.6972210952118544
BACC:0.0
CLSFE:0.096
MCC:0.4134461998269544
GMEAN:0.7421487639255455
SAMPLES:2500.0
AUC:{'AUC macro OVO': 0.664161944445824}
AVGP:{'avg_precision': 0.9245404533886665}


METRICS_PER_CLASSES
CLASS:0
ACC:0.904
PREC:0.35793357933579334
REC:0.5950920245398773
TNR:0.9255455712451861
FPR:0.6420664206642066
FPDR:0.6420664206642066
F1:0.4470046082949309
BACC:0
CLSFE:0.6420664206642066
MCC:0.4134461998269544
GMEAN:0.7421487639255455
SAMPLES:271
AUC:{}
AVGP:{}
CLASS:1
ACC:0.904
PREC:0.9703903095558546
REC:0.9255455712451861
TNR:0.5950920245398773
FPR:0.029609690444145357
FPDR:0.029609690444145357
F1:0.9474375821287779
BACC:0
CLSFE:0.029609690444145357
MCC:0.4134461998269544
GMEAN:0.7421487639255455
SAMPLES:2229
AUC:{}
AVGP:{}
