

GENERAL_METRICS
ACC:0.9112
PREC:0.6676441117814761
REC:0.7270739320244348
TNR:0.7270739320244348
FPR:0.3323558882185239
FPDR:0.3323558882185239
F1:0.6913065242783247
BACC:0.0
CLSFE:0.0888
MCC:0.39021843955899194
GMEAN:0.6955603162257862
SAMPLES:2500.0
AUC:{'AUC macro OVO': 0.6676441117814761}
AVGP:{'avg_precision': 0.9377813053122542}


METRICS_PER_CLASSES
CLASS:0
ACC:0.9112
PREC:0.3700440528634361
REC:0.5153374233128835
TNR:0.9388104407359863
FPR:0.6299559471365639
FPDR:0.6299559471365639
F1:0.4307692307692308
BACC:0
CLSFE:0.6299559471365639
MCC:0.39021843955899194
GMEAN:0.6955603162257862
SAMPLES:227
AUC:{}
AVGP:{}
CLASS:1
ACC:0.9112
PREC:0.9652441706995161
REC:0.9388104407359863
TNR:0.5153374233128835
FPR:0.034755829300483945
FPDR:0.034755829300483945
F1:0.9518438177874187
BACC:0
CLSFE:0.034755829300483945
MCC:0.39021843955899194
GMEAN:0.6955603162257862
SAMPLES:2273
AUC:{}
AVGP:{}
