

GENERAL_METRICS
ACC:0.9052
PREC:0.6661518990891944
REC:0.7406133944595483
TNR:0.7406133944595483
FPR:0.3338481009108056
FPDR:0.3338481009108056
F1:0.6939678348572961
BACC:0.0
CLSFE:0.0948
MCC:0.3998918475575685
GMEAN:0.715742576185292
SAMPLES:2500.0
AUC:{'AUC macro OVO': 0.6661518990891944}
AVGP:{'avg_precision': 0.9298301514337134}


METRICS_PER_CLASSES
CLASS:0
ACC:0.9052
PREC:0.3661417322834646
REC:0.5502958579881657
TNR:0.9309309309309309
FPR:0.6338582677165354
FPDR:0.6338582677165354
F1:0.4397163120567376
BACC:0
CLSFE:0.6338582677165354
MCC:0.3998918475575685
GMEAN:0.715742576185292
SAMPLES:254
AUC:{}
AVGP:{}
CLASS:1
ACC:0.9052
PREC:0.9661620658949243
REC:0.9309309309309309
TNR:0.5502958579881657
FPR:0.03383793410507569
FPDR:0.03383793410507569
F1:0.9482193576578545
BACC:0
CLSFE:0.03383793410507569
MCC:0.3998918475575685
GMEAN:0.715742576185292
SAMPLES:2246
AUC:{}
AVGP:{}
