NAME: SWISSROLL
DIMENSIONS: 3
SAMPLES_COUNT: 300
TOTAL_SIZE: 300
SIZES: dict_values([58, 39, 43, 49, 58, 53])
IMBALANCED: True
IMBALANCED_RATIO: {0: 0.8620689655172413, 1: 0.8620689655172413, 2: 0.9433962264150944, 3: 1.2820512820512822, 4: 1.0204081632653061, 5: 1.1627906976744187}
NO_LABELS: 6
MEAN: 0.6239569416872953
ST_DEV: 0.663875514762488
NOISE: 10
