

GENERAL_METRICS
ACC:0.814
PREC:0.8136526639344263
REC:0.8140800589942128
TNR:0.8140800589942128
FPR:0.18634733606557377
FPDR:0.18634733606557377
F1:0.8137847351538379
BACC:0.0
CLSFE:0.186
MCC:0.6277325774315575
GMEAN:0.8140780256152014
SAMPLES:500.0
AUC:{'AUC macro OVO': 0.8136526639344263}
AVGP:{'avg_precision': 0.7500508951231223}


METRICS_PER_CLASSES
CLASS:0
ACC:0.814
PREC:0.828125
REC:0.8122605363984674
TNR:0.8158995815899581
FPR:0.171875
FPDR:0.171875
F1:0.8201160541586073
BACC:0
CLSFE:0.171875
MCC:0.6277325774315575
GMEAN:0.8140780256152014
SAMPLES:256
AUC:{}
AVGP:{}
CLASS:1
ACC:0.814
PREC:0.7991803278688525
REC:0.8158995815899581
TNR:0.8122605363984674
FPR:0.20081967213114754
FPDR:0.20081967213114754
F1:0.8074534161490683
BACC:0
CLSFE:0.20081967213114754
MCC:0.6277325774315575
GMEAN:0.8140780256152014
SAMPLES:244
AUC:{}
AVGP:{}
