

GENERAL_METRICS
ACC:0.824
PREC:0.8231301229508197
REC:0.8254643962848297
TNR:0.8254643962848297
FPR:0.17686987704918034
FPDR:0.17686987704918034
F1:0.8234463276836159
BACC:0.0
CLSFE:0.176
MCC:0.6485903187301868
GMEAN:0.8252966442943963
SAMPLES:500.0
AUC:{'AUC macro OVO': 0.8231301229508197}
AVGP:{'avg_precision': 0.7666402070750646}


METRICS_PER_CLASSES
CLASS:0
ACC:0.824
PREC:0.859375
REC:0.8088235294117647
TNR:0.8421052631578947
FPR:0.140625
FPDR:0.140625
F1:0.8333333333333334
BACC:0
CLSFE:0.140625
MCC:0.6485903187301868
GMEAN:0.8252966442943963
SAMPLES:256
AUC:{}
AVGP:{}
CLASS:1
ACC:0.824
PREC:0.7868852459016393
REC:0.8421052631578947
TNR:0.8088235294117647
FPR:0.21311475409836064
FPDR:0.21311475409836064
F1:0.8135593220338984
BACC:0
CLSFE:0.21311475409836064
MCC:0.6485903187301868
GMEAN:0.8252966442943963
SAMPLES:244
AUC:{}
AVGP:{}
