

GENERAL_METRICS
ACC:0.792
PREC:0.7938174114021572
REC:0.7931962329425332
TNR:0.7931962329425332
FPR:0.20618258859784283
FPDR:0.20618258859784283
F1:0.7919700436862909
BACC:0.0
CLSFE:0.208
MCC:0.5870133156787467
GMEAN:0.7923148548001838
SAMPLES:500.0
AUC:{'AUC macro OVO': 0.7938174114021571}
AVGP:{'avg_precision': 0.7583722764838468}


METRICS_PER_CLASSES
CLASS:0
ACC:0.792
PREC:0.826271186440678
REC:0.7558139534883721
TNR:0.8305785123966942
FPR:0.17372881355932204
FPDR:0.17372881355932204
F1:0.7894736842105263
BACC:0
CLSFE:0.17372881355932204
MCC:0.5870133156787467
GMEAN:0.7923148548001838
SAMPLES:236
AUC:{}
AVGP:{}
CLASS:1
ACC:0.792
PREC:0.7613636363636364
REC:0.8305785123966942
TNR:0.7558139534883721
FPR:0.23863636363636365
FPDR:0.23863636363636365
F1:0.7944664031620553
BACC:0
CLSFE:0.23863636363636365
MCC:0.5870133156787467
GMEAN:0.7923148548001838
SAMPLES:264
AUC:{}
AVGP:{}
