

GENERAL_METRICS
ACC:0.836
PREC:0.8360133762140194
REC:0.8360133762140194
TNR:0.8360133762140194
FPR:0.16398662378598056
FPDR:0.16398662378598056
F1:0.836
BACC:0.0
CLSFE:0.164
MCC:0.6720267524280389
GMEAN:0.836006688080257
SAMPLES:500.0
AUC:{'AUC macro OVO': 0.8360133762140195}
AVGP:{'avg_precision': 0.7829071825149202}


METRICS_PER_CLASSES
CLASS:0
ACC:0.836
PREC:0.8393574297188755
REC:0.8326693227091634
TNR:0.8393574297188755
FPR:0.1606425702811245
FPDR:0.1606425702811245
F1:0.836
BACC:0
CLSFE:0.1606425702811245
MCC:0.6720267524280389
GMEAN:0.836006688080257
SAMPLES:249
AUC:{}
AVGP:{}
CLASS:1
ACC:0.836
PREC:0.8326693227091634
REC:0.8393574297188755
TNR:0.8326693227091634
FPR:0.16733067729083664
FPDR:0.16733067729083664
F1:0.836
BACC:0
CLSFE:0.16733067729083664
MCC:0.6720267524280389
GMEAN:0.836006688080257
SAMPLES:251
AUC:{}
AVGP:{}
