

GENERAL_METRICS
ACC:0.8853333333333333
PREC:0.8914884771213591
REC:0.8633711911986137
TNR:0.8633711911986137
FPR:0.10851152287864088
FPDR:0.10851152287864088
F1:0.8738815542485296
BACC:0.0
CLSFE:0.11466666666666667
MCC:0.7543358251392268
GMEAN:0.8587176805050271
SAMPLES:750.0
AUC:{'AUC macro OVO': 0.891488477121359}
AVGP:{'avg_precision': 0.9184107450614142}


METRICS_PER_CLASSES
CLASS:0
ACC:0.8853333333333333
PREC:0.9087136929460581
REC:0.773851590106007
TNR:0.9528907922912205
FPR:0.0912863070539419
FPDR:0.0912863070539419
F1:0.8358778625954199
BACC:0
CLSFE:0.0912863070539419
MCC:0.7543358251392268
GMEAN:0.8587176805050271
SAMPLES:241
AUC:{}
AVGP:{}
CLASS:1
ACC:0.8853333333333333
PREC:0.8742632612966601
REC:0.9528907922912205
TNR:0.773851590106007
FPR:0.12573673870333987
FPDR:0.12573673870333987
F1:0.9118852459016393
BACC:0
CLSFE:0.12573673870333987
MCC:0.7543358251392268
GMEAN:0.8587176805050271
SAMPLES:509
AUC:{}
AVGP:{}
