

GENERAL_METRICS
ACC:0.8733333333333333
PREC:0.8745692216280452
REC:0.8553391053391053
TNR:0.8553391053391053
FPR:0.12543077837195485
FPDR:0.12543077837195485
F1:0.8628887464856221
BACC:0.0
CLSFE:0.12666666666666668
MCC:0.729654965311344
GMEAN:0.8518152532029616
SAMPLES:750.0
AUC:{'AUC macro OVO': 0.8745692216280452}
AVGP:{'avg_precision': 0.8976163365254274}


METRICS_PER_CLASSES
CLASS:0
ACC:0.8733333333333333
PREC:0.8784313725490196
REC:0.7777777777777778
TNR:0.9329004329004329
FPR:0.12156862745098039
FPDR:0.12156862745098039
F1:0.8250460405156538
BACC:0
CLSFE:0.12156862745098039
MCC:0.729654965311344
GMEAN:0.8518152532029616
SAMPLES:255
AUC:{}
AVGP:{}
CLASS:1
ACC:0.8733333333333333
PREC:0.8707070707070707
REC:0.9329004329004329
TNR:0.7777777777777778
FPR:0.1292929292929293
FPDR:0.1292929292929293
F1:0.9007314524555904
BACC:0
CLSFE:0.1292929292929293
MCC:0.729654965311344
GMEAN:0.8518152532029616
SAMPLES:495
AUC:{}
AVGP:{}
