

GENERAL_METRICS
ACC:0.892
PREC:0.894404266199138
REC:0.87142267473858
TNR:0.87142267473858
FPR:0.10559573380086201
FPDR:0.10559573380086201
F1:0.8806809142493504
BACC:0.0
CLSFE:0.108
MCC:0.7654820376207159
GMEAN:0.8679298049929826
SAMPLES:750.0
AUC:{'AUC macro OVO': 0.894404266199138}
AVGP:{'avg_precision': 0.9186335105984571}


METRICS_PER_CLASSES
CLASS:0
ACC:0.892
PREC:0.9012345679012346
REC:0.7934782608695652
TNR:0.9493670886075949
FPR:0.09876543209876543
FPDR:0.09876543209876543
F1:0.8439306358381503
BACC:0
CLSFE:0.09876543209876543
MCC:0.7654820376207159
GMEAN:0.8679298049929826
SAMPLES:243
AUC:{}
AVGP:{}
CLASS:1
ACC:0.892
PREC:0.8875739644970414
REC:0.9493670886075949
TNR:0.7934782608695652
FPR:0.11242603550295859
FPDR:0.11242603550295859
F1:0.9174311926605505
BACC:0
CLSFE:0.11242603550295859
MCC:0.7654820376207159
GMEAN:0.8679298049929826
SAMPLES:507
AUC:{}
AVGP:{}
