

GENERAL_METRICS
ACC:0.856
PREC:0.8635138967668747
REC:0.8389478168889934
TNR:0.8389478168889934
FPR:0.13648610323312538
FPDR:0.13648610323312538
F1:0.8467777937515606
BACC:0.0
CLSFE:0.144
MCC:0.7020320269558735
GMEAN:0.8335012856941524
SAMPLES:750.0
AUC:{'AUC macro OVO': 0.8635138967668746}
AVGP:{'avg_precision': 0.8896884449839974}


METRICS_PER_CLASSES
CLASS:0
ACC:0.856
PREC:0.8875968992248062
REC:0.7435064935064936
TNR:0.9343891402714932
FPR:0.1124031007751938
FPDR:0.1124031007751938
F1:0.8091872791519434
BACC:0
CLSFE:0.1124031007751938
MCC:0.7020320269558735
GMEAN:0.8335012856941524
SAMPLES:258
AUC:{}
AVGP:{}
CLASS:1
ACC:0.856
PREC:0.8394308943089431
REC:0.9343891402714932
TNR:0.7435064935064936
FPR:0.16056910569105692
FPDR:0.16056910569105692
F1:0.8843683083511777
BACC:0
CLSFE:0.16056910569105692
MCC:0.7020320269558735
GMEAN:0.8335012856941524
SAMPLES:492
AUC:{}
AVGP:{}
