

GENERAL_METRICS
ACC:0.794
PREC:0.7122949051877168
REC:0.7148133019232168
TNR:0.7148133019232168
FPR:0.2877050948122833
FPDR:0.2877050948122833
F1:0.7135308023918787
BACC:0.0
CLSFE:0.206
MCC:0.4271007823212207
GMEAN:0.699262627656693
SAMPLES:1000.0
AUC:{'AUC macro OVO': 0.7122949051877168}
AVGP:{'avg_precision': 0.8498521430365622}


METRICS_PER_CLASSES
CLASS:0
ACC:0.794
PREC:0.5569620253164557
REC:0.5665236051502146
TNR:0.863102998696219
FPR:0.4430379746835443
FPDR:0.4430379746835443
F1:0.5617021276595745
BACC:0
CLSFE:0.4430379746835443
MCC:0.4271007823212207
GMEAN:0.699262627656693
SAMPLES:237
AUC:{}
AVGP:{}
CLASS:1
ACC:0.794
PREC:0.8676277850589778
REC:0.863102998696219
TNR:0.5665236051502146
FPR:0.13237221494102228
FPDR:0.13237221494102228
F1:0.865359477124183
BACC:0
CLSFE:0.13237221494102228
MCC:0.4271007823212207
GMEAN:0.699262627656693
SAMPLES:763
AUC:{}
AVGP:{}
