

GENERAL_METRICS
ACC:0.783
PREC:0.722076755230394
REC:0.7215432996660589
TNR:0.7215432996660589
FPR:0.27792324476960595
FPDR:0.27792324476960595
F1:0.7218087813558041
BACC:0.0
CLSFE:0.217
MCC:0.44361973415470685
GMEAN:0.7094930482878791
SAMPLES:1000.0
AUC:{'AUC macro OVO': 0.722076755230394}
AVGP:{'avg_precision': 0.835382324046785}


METRICS_PER_CLASSES
CLASS:0
ACC:0.783
PREC:0.5924528301886792
REC:0.5902255639097744
TNR:0.8528610354223434
FPR:0.4075471698113208
FPDR:0.4075471698113208
F1:0.591337099811676
BACC:0
CLSFE:0.4075471698113208
MCC:0.44361973415470685
GMEAN:0.7094930482878791
SAMPLES:265
AUC:{}
AVGP:{}
CLASS:1
ACC:0.783
PREC:0.8517006802721089
REC:0.8528610354223434
TNR:0.5902255639097744
FPR:0.14829931972789115
FPDR:0.14829931972789115
F1:0.852280462899932
BACC:0
CLSFE:0.14829931972789115
MCC:0.44361973415470685
GMEAN:0.7094930482878791
SAMPLES:735
AUC:{}
AVGP:{}
