

GENERAL_METRICS
ACC:0.809
PREC:0.7530528358664602
REC:0.7406638358763784
TNR:0.7406638358763784
FPR:0.24694716413353976
FPDR:0.24694716413353976
F1:0.7463449098329197
BACC:0.0
CLSFE:0.191
MCC:0.4935612065753058
GMEAN:0.726735569555941
SAMPLES:1000.0
AUC:{'AUC macro OVO': 0.7530528358664603}
AVGP:{'avg_precision': 0.8662244315037435}


METRICS_PER_CLASSES
CLASS:0
ACC:0.809
PREC:0.6446280991735537
REC:0.5977011494252874
TNR:0.8836265223274695
FPR:0.35537190082644626
FPDR:0.35537190082644626
F1:0.6202783300198808
BACC:0
CLSFE:0.35537190082644626
MCC:0.4935612065753058
GMEAN:0.726735569555941
SAMPLES:242
AUC:{}
AVGP:{}
CLASS:1
ACC:0.809
PREC:0.8614775725593667
REC:0.8836265223274695
TNR:0.5977011494252874
FPR:0.13852242744063326
FPDR:0.13852242744063326
F1:0.8724114896459586
BACC:0
CLSFE:0.13852242744063326
MCC:0.4935612065753058
GMEAN:0.726735569555941
SAMPLES:758
AUC:{}
AVGP:{}
