

GENERAL_METRICS
ACC:0.788
PREC:0.7092017909526015
REC:0.7080043859649123
TNR:0.7080043859649123
FPR:0.2907982090473985
FPDR:0.2907982090473985
F1:0.7085974741448985
BACC:0.0
CLSFE:0.212
MCC:0.4172044586044392
GMEAN:0.6910891162988075
SAMPLES:1000.0
AUC:{'AUC macro OVO': 0.7092017909526015}
AVGP:{'avg_precision': 0.8478222820831607}


METRICS_PER_CLASSES
CLASS:0
ACC:0.788
PREC:0.5588235294117647
REC:0.5541666666666667
TNR:0.8618421052631579
FPR:0.4411764705882353
FPDR:0.4411764705882353
F1:0.5564853556485355
BACC:0
CLSFE:0.4411764705882353
MCC:0.4172044586044392
GMEAN:0.6910891162988075
SAMPLES:238
AUC:{}
AVGP:{}
CLASS:1
ACC:0.788
PREC:0.8595800524934383
REC:0.8618421052631579
TNR:0.5541666666666667
FPR:0.14041994750656167
FPDR:0.14041994750656167
F1:0.8607095926412615
BACC:0
CLSFE:0.14041994750656167
MCC:0.4172044586044392
GMEAN:0.6910891162988075
SAMPLES:762
AUC:{}
AVGP:{}
