

GENERAL_METRICS
ACC:0.9016
PREC:0.6674644242062431
REC:0.7229505838291932
TNR:0.7229505838291932
FPR:0.3325355757937569
FPDR:0.3325355757937569
F1:0.6896516225921507
BACC:0.0
CLSFE:0.0984
MCC:0.38645202107067084
GMEAN:0.6919938593588054
SAMPLES:2500.0
AUC:{'AUC macro OVO': 0.6674644242062431}
AVGP:{'avg_precision': 0.9309482994312152}


METRICS_PER_CLASSES
CLASS:0
ACC:0.9016
PREC:0.3745019920318725
REC:0.5136612021857924
TNR:0.9322399654725939
FPR:0.6254980079681275
FPDR:0.6254980079681275
F1:0.43317972350230416
BACC:0
CLSFE:0.6254980079681275
MCC:0.38645202107067084
GMEAN:0.6919938593588054
SAMPLES:251
AUC:{}
AVGP:{}
CLASS:1
ACC:0.9016
PREC:0.9604268563806136
REC:0.9322399654725939
TNR:0.5136612021857924
FPR:0.039573143619386394
FPDR:0.039573143619386394
F1:0.9461235216819974
BACC:0
CLSFE:0.039573143619386394
MCC:0.38645202107067084
GMEAN:0.6919938593588054
SAMPLES:2249
AUC:{}
AVGP:{}
