

GENERAL_METRICS
ACC:0.8948
PREC:0.6552536966591886
REC:0.7107949740244051
TNR:0.7107949740244051
FPR:0.34474630334081136
FPDR:0.34474630334081136
F1:0.6769344990224504
BACC:0.0
CLSFE:0.1052
MCC:0.3618104418308931
GMEAN:0.6771258792312957
SAMPLES:2500.0
AUC:{'AUC macro OVO': 0.6552536966591886}
AVGP:{'avg_precision': 0.9256494402095639}


METRICS_PER_CLASSES
CLASS:0
ACC:0.8948
PREC:0.3524904214559387
REC:0.4946236559139785
TNR:0.9269662921348315
FPR:0.6475095785440613
FPDR:0.6475095785440613
F1:0.4116331096196868
BACC:0
CLSFE:0.6475095785440613
MCC:0.3618104418308931
GMEAN:0.6771258792312957
SAMPLES:261
AUC:{}
AVGP:{}
CLASS:1
ACC:0.8948
PREC:0.9580169718624386
REC:0.9269662921348315
TNR:0.4946236559139785
FPR:0.04198302813756141
FPDR:0.04198302813756141
F1:0.9422358884252141
BACC:0
CLSFE:0.04198302813756141
MCC:0.3618104418308931
GMEAN:0.6771258792312957
SAMPLES:2239
AUC:{}
AVGP:{}
