

GENERAL_METRICS
ACC:0.9
PREC:0.6835708704160876
REC:0.7267028762724602
TNR:0.7267028762724602
FPR:0.3164291295839125
FPDR:0.3164291295839125
F1:0.7018920553517292
BACC:0.0
CLSFE:0.1
MCC:0.4080002172703643
GMEAN:0.6965692482685371
SAMPLES:2500.0
AUC:{'AUC macro OVO': 0.6835708704160874}
AVGP:{'avg_precision': 0.9321806948126828}


METRICS_PER_CLASSES
CLASS:0
ACC:0.9
PREC:0.4108527131782946
REC:0.5196078431372549
TNR:0.9337979094076655
FPR:0.5891472868217055
FPDR:0.5891472868217055
F1:0.4588744588744589
BACC:0
CLSFE:0.5891472868217055
MCC:0.4080002172703643
GMEAN:0.6965692482685371
SAMPLES:258
AUC:{}
AVGP:{}
CLASS:1
ACC:0.9
PREC:0.9562890276538805
REC:0.9337979094076655
TNR:0.5196078431372549
FPR:0.043710972346119537
FPDR:0.043710972346119537
F1:0.9449096518289996
BACC:0
CLSFE:0.043710972346119537
MCC:0.4080002172703643
GMEAN:0.6965692482685371
SAMPLES:2242
AUC:{}
AVGP:{}
