

GENERAL_METRICS
ACC:0.8972
PREC:0.6774125128837969
REC:0.713232459217404
TNR:0.713232459217404
FPR:0.3225874871162031
FPDR:0.3225874871162031
F1:0.6929479340055504
BACC:0.0
CLSFE:0.1028
MCC:0.3889992617892809
GMEAN:0.6782990665957045
SAMPLES:2500.0
AUC:{'AUC macro OVO': 0.6774125128837969}
AVGP:{'avg_precision': 0.9320605000545623}


METRICS_PER_CLASSES
CLASS:0
ACC:0.8972
PREC:0.4015748031496063
REC:0.4927536231884058
TNR:0.9337112952464021
FPR:0.5984251968503937
FPDR:0.5984251968503937
F1:0.44251626898047725
BACC:0
CLSFE:0.5984251968503937
MCC:0.3889992617892809
GMEAN:0.6782990665957045
SAMPLES:254
AUC:{}
AVGP:{}
CLASS:1
ACC:0.8972
PREC:0.9532502226179875
REC:0.9337112952464021
TNR:0.4927536231884058
FPR:0.04674977738201247
FPDR:0.04674977738201247
F1:0.9433795990306235
BACC:0
CLSFE:0.04674977738201247
MCC:0.3889992617892809
GMEAN:0.6782990665957045
SAMPLES:2246
AUC:{}
AVGP:{}
