

GENERAL_METRICS
ACC:0.9250666666666667
PREC:0.5080693050788812
REC:0.5365917656600353
TNR:0.5365917656600353
FPR:0.49193069492111885
FPDR:0.49193069492111885
F1:0.504228466578059
BACC:0.0
CLSFE:0.07493333333333334
MCC:0.03436685149883547
GMEAN:0.3584142746389994
SAMPLES:3750.0
AUC:{'AUC macro OVO': 0.5080693050788812}
AVGP:{'avg_precision': 0.9359161384793258}


METRICS_PER_CLASSES
CLASS:0
ACC:0.9250666666666667
PREC:0.028688524590163935
REC:0.13725490196078433
TNR:0.9359286293592863
FPR:0.9713114754098361
FPDR:0.9713114754098361
F1:0.04745762711864407
BACC:0
CLSFE:0.9713114754098361
MCC:0.03436685149883547
GMEAN:0.3584142746389994
SAMPLES:244
AUC:{}
AVGP:{}
CLASS:1
ACC:0.9250666666666667
PREC:0.9874500855675984
REC:0.9359286293592863
TNR:0.13725490196078433
FPR:0.012549914432401598
FPDR:0.012549914432401598
F1:0.960999306037474
BACC:0
CLSFE:0.012549914432401598
MCC:0.03436685149883547
GMEAN:0.3584142746389994
SAMPLES:3506
AUC:{}
AVGP:{}
