

GENERAL_METRICS
ACC:0.9234666666666667
PREC:0.5062332204183859
REC:0.5331983805668016
TNR:0.5331983805668016
FPR:0.4937667795816141
FPDR:0.4937667795816141
F1:0.500139101824858
BACC:0.0
CLSFE:0.07653333333333333
MCC:0.02877031967888672
GMEAN:0.35271583043582827
SAMPLES:3750.0
AUC:{'AUC macro OVO': 0.5062332204183859}
AVGP:{'avg_precision': 0.9330545394466627}


METRICS_PER_CLASSES
CLASS:0
ACC:0.9234666666666667
PREC:0.023622047244094488
REC:0.13333333333333333
TNR:0.9330634278002699
FPR:0.9763779527559056
FPDR:0.9763779527559056
F1:0.04013377926421405
BACC:0
CLSFE:0.9763779527559056
MCC:0.02877031967888672
GMEAN:0.35271583043582827
SAMPLES:254
AUC:{}
AVGP:{}
CLASS:1
ACC:0.9234666666666667
PREC:0.9888443935926774
REC:0.9330634278002699
TNR:0.13333333333333333
FPR:0.011155606407322655
FPDR:0.011155606407322655
F1:0.960144424385502
BACC:0
CLSFE:0.011155606407322655
MCC:0.02877031967888672
GMEAN:0.35271583043582827
SAMPLES:3496
AUC:{}
AVGP:{}
