

GENERAL_METRICS
ACC:0.9192
PREC:0.5107936863647127
REC:0.556305797109441
TNR:0.556305797109441
FPR:0.4892063136352874
FPDR:0.4892063136352874
F1:0.5069341654592249
BACC:0.0
CLSFE:0.0808
MCC:0.04930505509638739
GMEAN:0.41306329809641595
SAMPLES:3750.0
AUC:{'AUC macro OVO': 0.5107936863647126}
AVGP:{'avg_precision': 0.9289212017930075}


METRICS_PER_CLASSES
CLASS:0
ACC:0.9192
PREC:0.03308823529411765
REC:0.1836734693877551
TNR:0.9289381248311267
FPR:0.9669117647058824
FPDR:0.9669117647058824
F1:0.056074766355140186
BACC:0
CLSFE:0.9669117647058824
MCC:0.04930505509638739
GMEAN:0.41306329809641595
SAMPLES:272
AUC:{}
AVGP:{}
CLASS:1
ACC:0.9192
PREC:0.9884991374353076
REC:0.9289381248311267
TNR:0.1836734693877551
FPR:0.011500862564692352
FPDR:0.011500862564692352
F1:0.9577935645633097
BACC:0
CLSFE:0.011500862564692352
MCC:0.04930505509638739
GMEAN:0.41306329809641595
SAMPLES:3478
AUC:{}
AVGP:{}
