

GENERAL_METRICS
ACC:0.9266666666666666
PREC:0.5106851399869955
REC:0.5500195755146154
TNR:0.5500195755146154
FPR:0.4893148600130045
FPDR:0.4893148600130045
F1:0.5084180284381065
BACC:0.0
CLSFE:0.07333333333333333
MCC:0.04623704862829193
GMEAN:0.3910788520953406
SAMPLES:3750.0
AUC:{'AUC macro OVO': 0.5106851399869955}
AVGP:{'avg_precision': 0.9367585671679437}


METRICS_PER_CLASSES
CLASS:0
ACC:0.9266666666666666
PREC:0.03305785123966942
REC:0.16326530612244897
TNR:0.936773844906782
FPR:0.9669421487603306
FPDR:0.9669421487603306
F1:0.054982817869415807
BACC:0
CLSFE:0.9669421487603306
MCC:0.04623704862829193
GMEAN:0.3910788520953406
SAMPLES:242
AUC:{}
AVGP:{}
CLASS:1
ACC:0.9266666666666666
PREC:0.9883124287343216
REC:0.936773844906782
TNR:0.16326530612244897
FPR:0.011687571265678449
FPDR:0.011687571265678449
F1:0.9618532390067971
BACC:0
CLSFE:0.011687571265678449
MCC:0.04623704862829193
GMEAN:0.3910788520953406
SAMPLES:3508
AUC:{}
AVGP:{}
