

GENERAL_METRICS
ACC:0.8112
PREC:0.6407921962754951
REC:0.7037455298324864
TNR:0.7037455298324864
FPR:0.3592078037245049
FPDR:0.3592078037245049
F1:0.6597242728480732
BACC:0.0
CLSFE:0.1888
MCC:0.3387375422147959
GMEAN:0.6887004431501819
SAMPLES:1250.0
AUC:{'AUC macro OVO': 0.6407921962754952}
AVGP:{'avg_precision': 0.8447396984924623}


METRICS_PER_CLASSES
CLASS:0
ACC:0.8112
PREC:0.35294117647058826
REC:0.5590062111801242
TNR:0.8484848484848485
FPR:0.6470588235294118
FPDR:0.6470588235294118
F1:0.4326923076923077
BACC:0
CLSFE:0.6470588235294118
MCC:0.3387375422147959
GMEAN:0.6887004431501819
SAMPLES:255
AUC:{}
AVGP:{}
CLASS:1
ACC:0.8112
PREC:0.928643216080402
REC:0.8484848484848485
TNR:0.5590062111801242
FPR:0.07135678391959799
FPDR:0.07135678391959799
F1:0.8867562380038387
BACC:0
CLSFE:0.07135678391959799
MCC:0.3387375422147959
GMEAN:0.6887004431501819
SAMPLES:995
AUC:{}
AVGP:{}
