

GENERAL_METRICS
ACC:0.8144
PREC:0.654285297833058
REC:0.6997002347811504
TNR:0.6997002347811504
FPR:0.345714702166942
FPDR:0.345714702166942
F1:0.6705384084051332
BACC:0.0
CLSFE:0.1856
MCC:0.35106016692607783
GMEAN:0.6810730305307333
SAMPLES:1250.0
AUC:{'AUC macro OVO': 0.654285297833058}
AVGP:{'avg_precision': 0.8554294880180768}


METRICS_PER_CLASSES
CLASS:0
ACC:0.8144
PREC:0.3902439024390244
REC:0.5393258426966292
TNR:0.8600746268656716
FPR:0.6097560975609756
FPDR:0.6097560975609756
F1:0.4528301886792453
BACC:0
CLSFE:0.6097560975609756
MCC:0.35106016692607783
GMEAN:0.6810730305307333
SAMPLES:246
AUC:{}
AVGP:{}
CLASS:1
ACC:0.8144
PREC:0.9183266932270916
REC:0.8600746268656716
TNR:0.5393258426966292
FPR:0.08167330677290836
FPDR:0.08167330677290836
F1:0.8882466281310212
BACC:0
CLSFE:0.08167330677290836
MCC:0.35106016692607783
GMEAN:0.6810730305307333
SAMPLES:1004
AUC:{}
AVGP:{}
