

GENERAL_METRICS
ACC:0.8112
PREC:0.6253384858962548
REC:0.6985363326826741
TNR:0.6985363326826741
FPR:0.37466151410374515
FPDR:0.37466151410374515
F1:0.6444772248494752
BACC:0.0
CLSFE:0.1888
MCC:0.3154948071448499
GMEAN:0.6830893619191957
SAMPLES:1250.0
AUC:{'AUC macro OVO': 0.625338485896255}
AVGP:{'avg_precision': 0.8417149955737129}


METRICS_PER_CLASSES
CLASS:0
ACC:0.8112
PREC:0.3147410358565737
REC:0.5524475524475524
TNR:0.8446251129177959
FPR:0.6852589641434262
FPDR:0.6852589641434262
F1:0.4010152284263959
BACC:0
CLSFE:0.6852589641434262
MCC:0.3154948071448499
GMEAN:0.6830893619191957
SAMPLES:251
AUC:{}
AVGP:{}
CLASS:1
ACC:0.8112
PREC:0.9359359359359359
REC:0.8446251129177959
TNR:0.5524475524475524
FPR:0.06406406406406406
FPDR:0.06406406406406406
F1:0.8879392212725546
BACC:0
CLSFE:0.06406406406406406
MCC:0.3154948071448499
GMEAN:0.6830893619191957
SAMPLES:999
AUC:{}
AVGP:{}
