

GENERAL_METRICS
ACC:0.8352
PREC:0.6563148160951328
REC:0.7192424242424242
TNR:0.7192424242424242
FPR:0.34368518390486724
FPDR:0.34368518390486724
F1:0.6775704211243339
BACC:0.0
CLSFE:0.1648
MCC:0.3702476966880719
GMEAN:0.7028728925135064
SAMPLES:1250.0
AUC:{'AUC macro OVO': 0.6563148160951328}
AVGP:{'avg_precision': 0.8684781605113637}


METRICS_PER_CLASSES
CLASS:0
ACC:0.8352
PREC:0.37610619469026546
REC:0.5666666666666667
TNR:0.8718181818181818
FPR:0.6238938053097345
FPDR:0.6238938053097345
F1:0.4521276595744681
BACC:0
CLSFE:0.6238938053097345
MCC:0.3702476966880719
GMEAN:0.7028728925135064
SAMPLES:226
AUC:{}
AVGP:{}
CLASS:1
ACC:0.8352
PREC:0.9365234375
REC:0.8718181818181818
TNR:0.5666666666666667
FPR:0.0634765625
FPDR:0.0634765625
F1:0.9030131826741996
BACC:0
CLSFE:0.0634765625
MCC:0.3702476966880719
GMEAN:0.7028728925135064
SAMPLES:1024
AUC:{}
AVGP:{}
