

GENERAL_METRICS
ACC:0.8732
PREC:0.5674456638245199
REC:0.6086437699636025
TNR:0.6086437699636025
FPR:0.4325543361754801
FPDR:0.4325543361754801
F1:0.5798161158678932
BACC:0.0
CLSFE:0.1268
MCC:0.1712022334619921
GMEAN:0.5287462410740883
SAMPLES:2500.0
AUC:{'AUC macro OVO': 0.5674456638245199}
AVGP:{'avg_precision': 0.90946927856352}


METRICS_PER_CLASSES
CLASS:0
ACC:0.8732
PREC:0.1821705426356589
REC:0.30718954248366015
TNR:0.9100979974435449
FPR:0.8178294573643411
FPDR:0.8178294573643411
F1:0.22871046228710462
BACC:0
CLSFE:0.8178294573643411
MCC:0.1712022334619921
GMEAN:0.5287462410740883
SAMPLES:258
AUC:{}
AVGP:{}
CLASS:1
ACC:0.8732
PREC:0.9527207850133809
REC:0.9100979974435449
TNR:0.30718954248366015
FPR:0.04727921498661909
FPDR:0.04727921498661909
F1:0.9309217694486817
BACC:0
CLSFE:0.04727921498661909
MCC:0.1712022334619921
GMEAN:0.5287462410740883
SAMPLES:2242
AUC:{}
AVGP:{}
