

GENERAL_METRICS
ACC:0.8752
PREC:0.5779620655719314
REC:0.6261916225324988
TNR:0.6261916225324988
FPR:0.4220379344280686
FPDR:0.4220379344280686
F1:0.5927479903679678
BACC:0.0
CLSFE:0.1248
MCC:0.19837499389295105
GMEAN:0.5579555499886347
SAMPLES:2500.0
AUC:{'AUC macro OVO': 0.5779620655719314}
AVGP:{'avg_precision': 0.9097342736474089}


METRICS_PER_CLASSES
CLASS:0
ACC:0.8752
PREC:0.20152091254752852
REC:0.3419354838709677
TNR:0.9104477611940298
FPR:0.7984790874524715
FPDR:0.7984790874524715
F1:0.2535885167464115
BACC:0
CLSFE:0.7984790874524715
MCC:0.19837499389295105
GMEAN:0.5579555499886347
SAMPLES:263
AUC:{}
AVGP:{}
CLASS:1
ACC:0.8752
PREC:0.9544032185963344
REC:0.9104477611940298
TNR:0.3419354838709677
FPR:0.045596781403665625
FPDR:0.045596781403665625
F1:0.9319074639895242
BACC:0
CLSFE:0.045596781403665625
MCC:0.19837499389295105
GMEAN:0.5579555499886347
SAMPLES:2237
AUC:{}
AVGP:{}
