

GENERAL_METRICS
ACC:0.8696
PREC:0.576911399197876
REC:0.6043342911877395
TNR:0.6043342911877395
FPR:0.4230886008021239
FPDR:0.4230886008021239
F1:0.5870021729259908
BACC:0.0
CLSFE:0.1304
MCC:0.17915910604340124
GMEAN:0.518833517027191
SAMPLES:2500.0
AUC:{'AUC macro OVO': 0.576911399197876}
AVGP:{'avg_precision': 0.9133753543379556}


METRICS_PER_CLASSES
CLASS:0
ACC:0.8696
PREC:0.21031746031746032
REC:0.29444444444444445
TNR:0.9142241379310345
FPR:0.7896825396825397
FPDR:0.7896825396825397
F1:0.24537037037037038
BACC:0
CLSFE:0.7896825396825397
MCC:0.17915910604340124
GMEAN:0.518833517027191
SAMPLES:252
AUC:{}
AVGP:{}
CLASS:1
ACC:0.8696
PREC:0.9435053380782918
REC:0.9142241379310345
TNR:0.29444444444444445
FPR:0.056494661921708184
FPDR:0.056494661921708184
F1:0.9286339754816112
BACC:0
CLSFE:0.056494661921708184
MCC:0.17915910604340124
GMEAN:0.518833517027191
SAMPLES:2248
AUC:{}
AVGP:{}
