

GENERAL_METRICS
ACC:0.8744
PREC:0.5898364360990745
REC:0.6371651147594544
TNR:0.6371651147594544
FPR:0.41016356390092545
FPDR:0.41016356390092545
F1:0.6055086074504097
BACC:0.0
CLSFE:0.1256
MCC:0.2220128380712246
GMEAN:0.5752087326976965
SAMPLES:2500.0
AUC:{'AUC macro OVO': 0.5898364360990745}
AVGP:{'avg_precision': 0.9103512351143818}


METRICS_PER_CLASSES
CLASS:0
ACC:0.8744
PREC:0.22761194029850745
REC:0.3630952380952381
TNR:0.9112349914236707
FPR:0.7723880597014925
FPDR:0.7723880597014925
F1:0.2798165137614679
BACC:0
CLSFE:0.7723880597014925
MCC:0.2220128380712246
GMEAN:0.5752087326976965
SAMPLES:268
AUC:{}
AVGP:{}
CLASS:1
ACC:0.8744
PREC:0.9520609318996416
REC:0.9112349914236707
TNR:0.3630952380952381
FPR:0.047939068100358424
FPDR:0.047939068100358424
F1:0.9312007011393515
BACC:0
CLSFE:0.047939068100358424
MCC:0.2220128380712246
GMEAN:0.5752087326976965
SAMPLES:2232
AUC:{}
AVGP:{}
