

GENERAL_METRICS
ACC:0.8897777777777778
PREC:0.6876789525743141
REC:0.6953220941992343
TNR:0.6953220941992343
FPR:0.3123210474256859
FPDR:0.3123210474256859
F1:0.691386019676077
BACC:0.0
CLSFE:0.11022222222222222
MCC:0.3829247761842203
GMEAN:0.6521490903410445
SAMPLES:2250.0
AUC:{'AUC macro OVO': 0.6876789525743141}
AVGP:{'avg_precision': 0.9342882303844067}


METRICS_PER_CLASSES
CLASS:0
ACC:0.8897777777777778
PREC:0.4342105263157895
REC:0.4541284403669725
TNR:0.9365157480314961
FPR:0.5657894736842105
FPDR:0.5657894736842105
F1:0.4439461883408072
BACC:0
CLSFE:0.5657894736842105
MCC:0.3829247761842203
GMEAN:0.6521490903410445
SAMPLES:228
AUC:{}
AVGP:{}
CLASS:1
ACC:0.8897777777777778
PREC:0.9411473788328387
REC:0.9365157480314961
TNR:0.4541284403669725
FPR:0.05885262116716122
FPDR:0.05885262116716122
F1:0.9388258510113469
BACC:0
CLSFE:0.05885262116716122
MCC:0.3829247761842203
GMEAN:0.6521490903410445
SAMPLES:2022
AUC:{}
AVGP:{}
