

GENERAL_METRICS
ACC:0.904
PREC:0.7384449641327482
REC:0.7548967284560153
TNR:0.7548967284560153
FPR:0.26155503586725176
FPDR:0.26155503586725176
F1:0.7462702774946957
BACC:0.0
CLSFE:0.096
MCC:0.49306730280662275
GMEAN:0.7313146108835404
SAMPLES:2250.0
AUC:{'AUC macro OVO': 0.7384449641327484}
AVGP:{'avg_precision': 0.9395433746955026}


METRICS_PER_CLASSES
CLASS:0
ACC:0.904
PREC:0.5263157894736842
REC:0.5676855895196506
TNR:0.9421078673923801
FPR:0.47368421052631576
FPDR:0.47368421052631576
F1:0.5462184873949579
BACC:0
CLSFE:0.47368421052631576
MCC:0.49306730280662275
GMEAN:0.7313146108835404
SAMPLES:247
AUC:{}
AVGP:{}
CLASS:1
ACC:0.904
PREC:0.9505741387918123
REC:0.9421078673923801
TNR:0.5676855895196506
FPR:0.04942586120818772
FPDR:0.04942586120818772
F1:0.9463220675944334
BACC:0
CLSFE:0.04942586120818772
MCC:0.49306730280662275
GMEAN:0.7313146108835404
SAMPLES:2003
AUC:{}
AVGP:{}
