

GENERAL_METRICS
ACC:0.8870769230769231
PREC:0.578258961028272
REC:0.5983004385964912
TNR:0.5983004385964912
FPR:0.421741038971728
FPDR:0.421741038971728
F1:0.586433564639281
BACC:0.0
CLSFE:0.11292307692307692
MCC:0.17541824526753028
GMEAN:0.49797836914905336
SAMPLES:3250.0
AUC:{'AUC macro OVO': 0.578258961028272}
AVGP:{'avg_precision': 0.9292779441863245}


METRICS_PER_CLASSES
CLASS:0
ACC:0.8870769230769231
PREC:0.20817843866171004
REC:0.26666666666666666
TNR:0.9299342105263158
FPR:0.79182156133829
FPDR:0.79182156133829
F1:0.23382045929018788
BACC:0
CLSFE:0.79182156133829
MCC:0.17541824526753028
GMEAN:0.49797836914905336
SAMPLES:269
AUC:{}
AVGP:{}
CLASS:1
ACC:0.8870769230769231
PREC:0.948339483394834
REC:0.9299342105263158
TNR:0.26666666666666666
FPR:0.05166051660516605
FPDR:0.05166051660516605
F1:0.939046669988374
BACC:0
CLSFE:0.05166051660516605
MCC:0.17541824526753028
GMEAN:0.49797836914905336
SAMPLES:2981
AUC:{}
AVGP:{}
