

GENERAL_METRICS
ACC:0.8913846153846153
PREC:0.5860877694440265
REC:0.5973804281931017
TNR:0.5973804281931017
FPR:0.4139122305559734
FPDR:0.4139122305559734
F1:0.5911840429038494
BACC:0.0
CLSFE:0.10861538461538461
MCC:0.18312033039123016
GMEAN:0.49165850730797106
SAMPLES:3250.0
AUC:{'AUC macro OVO': 0.5860877694440265}
AVGP:{'avg_precision': 0.9359989221216137}


METRICS_PER_CLASSES
CLASS:0
ACC:0.8913846153846153
PREC:0.22580645161290322
REC:0.25806451612903225
TNR:0.9366963402571711
FPR:0.7741935483870968
FPDR:0.7741935483870968
F1:0.24086021505376345
BACC:0
CLSFE:0.7741935483870968
MCC:0.18312033039123016
GMEAN:0.49165850730797106
SAMPLES:248
AUC:{}
AVGP:{}
CLASS:1
ACC:0.8913846153846153
PREC:0.9463690872751499
REC:0.9366963402571711
TNR:0.25806451612903225
FPR:0.0536309127248501
FPDR:0.0536309127248501
F1:0.9415078707539354
BACC:0
CLSFE:0.0536309127248501
MCC:0.18312033039123016
GMEAN:0.49165850730797106
SAMPLES:3002
AUC:{}
AVGP:{}
