

GENERAL_METRICS
ACC:0.8929230769230769
PREC:0.6007340201235805
REC:0.6148574267794875
TNR:0.6148574267794875
FPR:0.3992659798764195
FPDR:0.3992659798764195
F1:0.6070892084671407
BACC:0.0
CLSFE:0.10707692307692308
MCC:0.2151283369577106
GMEAN:0.5237595123727198
SAMPLES:3250.0
AUC:{'AUC macro OVO': 0.6007340201235805}
AVGP:{'avg_precision': 0.9360992375293554}


METRICS_PER_CLASSES
CLASS:0
ACC:0.8929230769230769
PREC:0.25390625
REC:0.2927927927927928
TNR:0.9369220607661823
FPR:0.74609375
FPDR:0.74609375
F1:0.2719665271966527
BACC:0
CLSFE:0.74609375
MCC:0.2151283369577106
GMEAN:0.5237595123727198
SAMPLES:256
AUC:{}
AVGP:{}
CLASS:1
ACC:0.8929230769230769
PREC:0.947561790247161
REC:0.9369220607661823
TNR:0.2927927927927928
FPR:0.05243820975283901
FPDR:0.05243820975283901
F1:0.9422118897376287
BACC:0
CLSFE:0.05243820975283901
MCC:0.2151283369577106
GMEAN:0.5237595123727198
SAMPLES:2994
AUC:{}
AVGP:{}
