

GENERAL_METRICS
ACC:0.9003076923076923
PREC:0.6007192806090718
REC:0.618081905645705
TNR:0.618081905645705
FPR:0.3992807193909282
FPDR:0.3992807193909282
F1:0.6083848048841444
BACC:0.0
CLSFE:0.09969230769230769
MCC:0.2181112064024561
GMEAN:0.52726564158549
SAMPLES:3250.0
AUC:{'AUC macro OVO': 0.6007192806090718}
AVGP:{'avg_precision': 0.9398962735467158}


METRICS_PER_CLASSES
CLASS:0
ACC:0.9003076923076923
PREC:0.24896265560165975
REC:0.2955665024630542
TNR:0.9405973088283558
FPR:0.7510373443983402
FPDR:0.7510373443983402
F1:0.2702702702702703
BACC:0
CLSFE:0.7510373443983402
MCC:0.2181112064024561
GMEAN:0.52726564158549
SAMPLES:241
AUC:{}
AVGP:{}
CLASS:1
ACC:0.9003076923076923
PREC:0.9524759056164839
REC:0.9405973088283558
TNR:0.2955665024630542
FPR:0.04752409438351612
FPDR:0.04752409438351612
F1:0.9464993394980185
BACC:0
CLSFE:0.04752409438351612
MCC:0.2181112064024561
GMEAN:0.52726564158549
SAMPLES:3009
AUC:{}
AVGP:{}
