

GENERAL_METRICS
ACC:0.8941818181818182
PREC:0.6012642337731802
REC:0.617889881053238
TNR:0.617889881053238
FPR:0.3987357662268198
FPDR:0.3987357662268198
F1:0.6086221003678292
BACC:0.0
CLSFE:0.10581818181818183
MCC:0.21852257068291595
GMEAN:0.5291896467228466
SAMPLES:2750.0
AUC:{'AUC macro OVO': 0.6012642337731802}
AVGP:{'avg_precision': 0.9360632920864416}


METRICS_PER_CLASSES
CLASS:0
ACC:0.8941818181818182
PREC:0.2534562211981567
REC:0.29891304347826086
TNR:0.9368667186282151
FPR:0.7465437788018433
FPDR:0.7465437788018433
F1:0.2743142144638404
BACC:0
CLSFE:0.7465437788018433
MCC:0.21852257068291595
GMEAN:0.5291896467228466
SAMPLES:217
AUC:{}
AVGP:{}
CLASS:1
ACC:0.8941818181818182
PREC:0.9490722463482038
REC:0.9368667186282151
TNR:0.29891304347826086
FPR:0.05092775365179629
FPDR:0.05092775365179629
F1:0.942929986271818
BACC:0
CLSFE:0.05092775365179629
MCC:0.21852257068291595
GMEAN:0.5291896467228466
SAMPLES:2533
AUC:{}
AVGP:{}
