

GENERAL_METRICS
ACC:0.8743333333333333
PREC:0.5790905465133215
REC:0.5926794954412337
TNR:0.5926794954412337
FPR:0.42090945348667846
FPDR:0.42090945348667846
F1:0.5849503206451435
BACC:0.0
CLSFE:0.12566666666666668
MCC:0.1712316786698777
GMEAN:0.4912217277541158
SAMPLES:3000.0
AUC:{'AUC macro OVO': 0.5790905465133216}
AVGP:{'avg_precision': 0.9234431663972559}


METRICS_PER_CLASSES
CLASS:0
ACC:0.8743333333333333
PREC:0.21933085501858737
REC:0.2610619469026549
TNR:0.9242970439798125
FPR:0.7806691449814126
FPDR:0.7806691449814126
F1:0.2383838383838384
BACC:0
CLSFE:0.7806691449814126
MCC:0.1712316786698777
GMEAN:0.4912217277541158
SAMPLES:269
AUC:{}
AVGP:{}
CLASS:1
ACC:0.8743333333333333
PREC:0.9388502380080557
REC:0.9242970439798125
TNR:0.2610619469026549
FPR:0.06114976199194434
FPDR:0.06114976199194434
F1:0.9315168029064487
BACC:0
CLSFE:0.06114976199194434
MCC:0.1712316786698777
GMEAN:0.4912217277541158
SAMPLES:2731
AUC:{}
AVGP:{}
