

GENERAL_METRICS
ACC:0.8746666666666667
PREC:0.5648171217859279
REC:0.5638107385513503
TNR:0.5638107385513503
FPR:0.43518287821407214
FPDR:0.43518287821407214
F1:0.564306505738176
BACC:0.0
CLSFE:0.12533333333333332
MCC:0.1286239233102905
GMEAN:0.42637855311742945
SAMPLES:3000.0
AUC:{'AUC macro OVO': 0.5648171217859279}
AVGP:{'avg_precision': 0.932017091478938}


METRICS_PER_CLASSES
CLASS:0
ACC:0.8746666666666667
PREC:0.19827586206896552
REC:0.19491525423728814
TNR:0.9327062228654125
FPR:0.8017241379310345
FPDR:0.8017241379310345
F1:0.19658119658119658
BACC:0
CLSFE:0.8017241379310345
MCC:0.1286239233102905
GMEAN:0.42637855311742945
SAMPLES:232
AUC:{}
AVGP:{}
CLASS:1
ACC:0.8746666666666667
PREC:0.9313583815028902
REC:0.9327062228654125
TNR:0.19491525423728814
FPR:0.06864161849710983
FPDR:0.06864161849710983
F1:0.9320318148951554
BACC:0
CLSFE:0.06864161849710983
MCC:0.1286239233102905
GMEAN:0.42637855311742945
SAMPLES:2768
AUC:{}
AVGP:{}
