

GENERAL_METRICS
ACC:0.8786666666666667
PREC:0.5758913516662069
REC:0.5846450186352394
TNR:0.5846450186352394
FPR:0.4241086483337932
FPDR:0.4241086483337932
F1:0.5798545650417453
BACC:0.0
CLSFE:0.12133333333333333
MCC:0.1602975343046746
GMEAN:0.4721279676187023
SAMPLES:3000.0
AUC:{'AUC macro OVO': 0.5758913516662068}
AVGP:{'avg_precision': 0.9287094429596017}


METRICS_PER_CLASSES
CLASS:0
ACC:0.8786666666666667
PREC:0.21285140562248997
REC:0.2398190045248869
TNR:0.929471032745592
FPR:0.7871485943775101
FPDR:0.7871485943775101
F1:0.225531914893617
BACC:0
CLSFE:0.7871485943775101
MCC:0.1602975343046746
GMEAN:0.4721279676187023
SAMPLES:249
AUC:{}
AVGP:{}
CLASS:1
ACC:0.8786666666666667
PREC:0.9389312977099237
REC:0.929471032745592
TNR:0.2398190045248869
FPR:0.061068702290076333
FPDR:0.061068702290076333
F1:0.9341772151898734
BACC:0
CLSFE:0.061068702290076333
MCC:0.1602975343046746
GMEAN:0.4721279676187023
SAMPLES:2751
AUC:{}
AVGP:{}
