

GENERAL_METRICS
ACC:0.8888571428571429
PREC:0.5261741484106375
REC:0.5360668917037748
TNR:0.5360668917037748
FPR:0.4738258515893625
FPDR:0.4738258515893625
F1:0.5293030054426608
BACC:0.0
CLSFE:0.11114285714285714
MCC:0.06144982265767707
GMEAN:0.36350967769648945
SAMPLES:3500.0
AUC:{'AUC macro OVO': 0.5261741484106375}
AVGP:{'avg_precision': 0.9298746354183176}


METRICS_PER_CLASSES
CLASS:0
ACC:0.8888571428571429
PREC:0.10077519379844961
REC:0.14207650273224043
TNR:0.930057280675309
FPR:0.8992248062015504
FPDR:0.8992248062015504
F1:0.11791383219954649
BACC:0
CLSFE:0.8992248062015504
MCC:0.06144982265767707
GMEAN:0.36350967769648945
SAMPLES:258
AUC:{}
AVGP:{}
CLASS:1
ACC:0.8888571428571429
PREC:0.9515731030228254
REC:0.930057280675309
TNR:0.14207650273224043
FPR:0.04842689697717458
FPDR:0.04842689697717458
F1:0.9406921786857753
BACC:0
CLSFE:0.04842689697717458
MCC:0.06144982265767707
GMEAN:0.36350967769648945
SAMPLES:3242
AUC:{}
AVGP:{}
