

GENERAL_METRICS
ACC:0.8917142857142857
PREC:0.5247638659523906
REC:0.5324112742602688
TNR:0.5324112742602688
FPR:0.47523613404760945
FPDR:0.47523613404760945
F1:0.527376026616586
BACC:0.0
CLSFE:0.10828571428571429
MCC:0.056661396069191995
GMEAN:0.3499273943496262
SAMPLES:3500.0
AUC:{'AUC macro OVO': 0.5247638659523906}
AVGP:{'avg_precision': 0.9335094984377469}


METRICS_PER_CLASSES
CLASS:0
ACC:0.8917142857142857
PREC:0.09836065573770492
REC:0.13114754098360656
TNR:0.933675007536931
FPR:0.9016393442622951
FPDR:0.9016393442622951
F1:0.11241217798594848
BACC:0
CLSFE:0.9016393442622951
MCC:0.056661396069191995
GMEAN:0.3499273943496262
SAMPLES:244
AUC:{}
AVGP:{}
CLASS:1
ACC:0.8917142857142857
PREC:0.9511670761670762
REC:0.933675007536931
TNR:0.13114754098360656
FPR:0.048832923832923834
FPDR:0.048832923832923834
F1:0.9423398752472235
BACC:0
CLSFE:0.048832923832923834
MCC:0.056661396069191995
GMEAN:0.3499273943496262
SAMPLES:3256
AUC:{}
AVGP:{}
