

GENERAL_METRICS
ACC:0.8954285714285715
PREC:0.52836136919255
REC:0.541246939065164
TNR:0.541246939065164
FPR:0.47163863080745005
FPDR:0.47163863080745005
F1:0.5323015001402
BACC:0.0
CLSFE:0.10457142857142857
MCC:0.06840525321610111
GMEAN:0.37368397406664555
SAMPLES:3500.0
AUC:{'AUC macro OVO': 0.5283613691925501}
AVGP:{'avg_precision': 0.9326213533424353}


METRICS_PER_CLASSES
CLASS:0
ACC:0.8954285714285715
PREC:0.10040160642570281
REC:0.1497005988023952
TNR:0.9327932793279328
FPR:0.8995983935742972
FPDR:0.8995983935742972
F1:0.1201923076923077
BACC:0
CLSFE:0.8995983935742972
MCC:0.06840525321610111
GMEAN:0.37368397406664555
SAMPLES:249
AUC:{}
AVGP:{}
CLASS:1
ACC:0.8954285714285715
PREC:0.9563211319593972
REC:0.9327932793279328
TNR:0.1497005988023952
FPR:0.04367886804060289
FPDR:0.04367886804060289
F1:0.9444106925880923
BACC:0
CLSFE:0.04367886804060289
MCC:0.06840525321610111
GMEAN:0.37368397406664555
SAMPLES:3251
AUC:{}
AVGP:{}
