

GENERAL_METRICS
ACC:0.8937142857142857
PREC:0.5343665971781625
REC:0.5488721804511278
TNR:0.5488721804511278
FPR:0.4656334028218375
FPDR:0.4656334028218375
F1:0.5391313581820113
BACC:0.0
CLSFE:0.10628571428571429
MCC:0.08196512767713783
GMEAN:0.39300216052078696
SAMPLES:3500.0
AUC:{'AUC macro OVO': 0.5343665971781625}
AVGP:{'avg_precision': 0.9318101880278508}


METRICS_PER_CLASSES
CLASS:0
ACC:0.8937142857142857
PREC:0.11372549019607843
REC:0.1657142857142857
TNR:0.9320300751879699
FPR:0.8862745098039215
FPDR:0.8862745098039215
F1:0.13488372093023257
BACC:0
CLSFE:0.8862745098039215
MCC:0.08196512767713783
GMEAN:0.39300216052078696
SAMPLES:255
AUC:{}
AVGP:{}
CLASS:1
ACC:0.8937142857142857
PREC:0.9550077041602465
REC:0.9320300751879699
TNR:0.1657142857142857
FPR:0.04499229583975347
FPDR:0.04499229583975347
F1:0.94337899543379
BACC:0
CLSFE:0.04499229583975347
MCC:0.08196512767713783
GMEAN:0.39300216052078696
SAMPLES:3245
AUC:{}
AVGP:{}
