

GENERAL_METRICS
ACC:0.8883636363636364
PREC:0.6149094268323494
REC:0.6509480062548867
TNR:0.6509480062548867
FPR:0.38509057316765066
FPDR:0.38509057316765066
F1:0.6292431730021399
BACC:0.0
CLSFE:0.11163636363636363
MCC:0.26340348426119886
GMEAN:0.5895642498414951
SAMPLES:2750.0
AUC:{'AUC macro OVO': 0.6149094268323494}
AVGP:{'avg_precision': 0.9258806212279624}


METRICS_PER_CLASSES
CLASS:0
ACC:0.8883636363636364
PREC:0.277992277992278
REC:0.375
TNR:0.9268960125097733
FPR:0.722007722007722
FPDR:0.722007722007722
F1:0.31929046563192903
BACC:0
CLSFE:0.722007722007722
MCC:0.26340348426119886
GMEAN:0.5895642498414951
SAMPLES:259
AUC:{}
AVGP:{}
CLASS:1
ACC:0.8883636363636364
PREC:0.9518265756724207
REC:0.9268960125097733
TNR:0.375
FPR:0.04817342432757928
FPDR:0.04817342432757928
F1:0.9391958803723509
BACC:0
CLSFE:0.04817342432757928
MCC:0.26340348426119886
GMEAN:0.5895642498414951
SAMPLES:2491
AUC:{}
AVGP:{}
