

GENERAL_METRICS
ACC:0.934
PREC:0.5566075165086007
REC:0.6640551413027385
TNR:0.6640551413027385
FPR:0.44339248349139926
FPDR:0.44339248349139926
F1:0.5778910863068828
BACC:0.0
CLSFE:0.066
MCC:0.19273561289617028
GMEAN:0.6015127147851632
SAMPLES:4000.0
AUC:{'AUC macro OVO': 0.5566075165086007}
AVGP:{'avg_precision': 0.945305761408876}


METRICS_PER_CLASSES
CLASS:0
ACC:0.934
PREC:0.12653061224489795
REC:0.38271604938271603
TNR:0.945394233222761
FPR:0.8734693877551021
FPDR:0.8734693877551021
F1:0.1901840490797546
BACC:0
CLSFE:0.8734693877551021
MCC:0.19273561289617028
GMEAN:0.6015127147851632
SAMPLES:245
AUC:{}
AVGP:{}
CLASS:1
ACC:0.934
PREC:0.9866844207723036
REC:0.945394233222761
TNR:0.38271604938271603
FPR:0.013315579227696404
FPDR:0.013315579227696404
F1:0.965598123534011
BACC:0
CLSFE:0.013315579227696404
MCC:0.19273561289617028
GMEAN:0.6015127147851632
SAMPLES:3755
AUC:{}
AVGP:{}
