

GENERAL_METRICS
ACC:0.93075
PREC:0.5318470051509088
REC:0.6189659552845528
TNR:0.6189659552845528
FPR:0.46815299484909123
FPDR:0.46815299484909123
F1:0.5422953393024961
BACC:0.0
CLSFE:0.06925
MCC:0.12310498593850595
GMEAN:0.5285605644816904
SAMPLES:4000.0
AUC:{'AUC macro OVO': 0.5318470051509088}
AVGP:{'avg_precision': 0.9410112154569132}


METRICS_PER_CLASSES
CLASS:0
ACC:0.93075
PREC:0.07569721115537849
REC:0.296875
TNR:0.9410569105691057
FPR:0.9243027888446215
FPDR:0.9243027888446215
F1:0.12063492063492064
BACC:0
CLSFE:0.9243027888446215
MCC:0.12310498593850595
GMEAN:0.5285605644816904
SAMPLES:251
AUC:{}
AVGP:{}
CLASS:1
ACC:0.93075
PREC:0.987996799146439
REC:0.9410569105691057
TNR:0.296875
FPR:0.01200320085356095
FPDR:0.01200320085356095
F1:0.9639557579700716
BACC:0
CLSFE:0.01200320085356095
MCC:0.12310498593850595
GMEAN:0.5285605644816904
SAMPLES:3749
AUC:{}
AVGP:{}
