

GENERAL_METRICS
ACC:0.93475
PREC:0.5405737195956299
REC:0.625919325639285
TNR:0.625919325639285
FPR:0.45942628040437
FPDR:0.45942628040437
F1:0.5551720832134982
BACC:0.0
CLSFE:0.06525
MCC:0.1429547538231474
GMEAN:0.5377193106319287
SAMPLES:4000.0
AUC:{'AUC macro OVO': 0.5405737195956299}
AVGP:{'avg_precision': 0.9462229272106303}


METRICS_PER_CLASSES
CLASS:0
ACC:0.93475
PREC:0.0944206008583691
REC:0.3055555555555556
TNR:0.9462830957230143
FPR:0.9055793991416309
FPDR:0.9055793991416309
F1:0.14426229508196722
BACC:0
CLSFE:0.9055793991416309
MCC:0.1429547538231474
GMEAN:0.5377193106319287
SAMPLES:233
AUC:{}
AVGP:{}
CLASS:1
ACC:0.93475
PREC:0.9867268383328909
REC:0.9462830957230143
TNR:0.3055555555555556
FPR:0.013273161667109106
FPDR:0.013273161667109106
F1:0.9660818713450292
BACC:0
CLSFE:0.013273161667109106
MCC:0.1429547538231474
GMEAN:0.5377193106319287
SAMPLES:3767
AUC:{}
AVGP:{}
