

GENERAL_METRICS
ACC:0.92675
PREC:0.5330630698896214
REC:0.6189567430025446
TNR:0.6189567430025446
FPR:0.4669369301103786
FPDR:0.4669369301103786
F1:0.5435737165444792
BACC:0.0
CLSFE:0.07325
MCC:0.1254284673865524
GMEAN:0.5304470245005873
SAMPLES:4000.0
AUC:{'AUC macro OVO': 0.5330630698896214}
AVGP:{'avg_precision': 0.9378588646358121}


METRICS_PER_CLASSES
CLASS:0
ACC:0.92675
PREC:0.07924528301886792
REC:0.3
TNR:0.9379134860050891
FPR:0.9207547169811321
FPDR:0.9207547169811321
F1:0.1253731343283582
BACC:0
CLSFE:0.9207547169811321
MCC:0.1254284673865524
GMEAN:0.5304470245005873
SAMPLES:265
AUC:{}
AVGP:{}
CLASS:1
ACC:0.92675
PREC:0.9868808567603748
REC:0.9379134860050891
TNR:0.3
FPR:0.013119143239625167
FPDR:0.013119143239625167
F1:0.9617742987606002
BACC:0
CLSFE:0.013119143239625167
MCC:0.1254284673865524
GMEAN:0.5304470245005873
SAMPLES:3735
AUC:{}
AVGP:{}
