

GENERAL_METRICS
ACC:0.856
PREC:0.6275431852650254
REC:0.6447273002781656
TNR:0.6447273002781656
FPR:0.3724568147349746
FPDR:0.3724568147349746
F1:0.6351807375429422
BACC:0.0
CLSFE:0.144
MCC:0.2717276641954959
GMEAN:0.5872573998627362
SAMPLES:2000.0
AUC:{'AUC macro OVO': 0.6275431852650254}
AVGP:{'avg_precision': 0.9086480069142064}


METRICS_PER_CLASSES
CLASS:0
ACC:0.856
PREC:0.3277310924369748
REC:0.3786407766990291
TNR:0.9108138238573021
FPR:0.6722689075630253
FPDR:0.6722689075630253
F1:0.35135135135135137
BACC:0
CLSFE:0.6722689075630253
MCC:0.2717276641954959
GMEAN:0.5872573998627362
SAMPLES:238
AUC:{}
AVGP:{}
CLASS:1
ACC:0.856
PREC:0.927355278093076
REC:0.9108138238573021
TNR:0.3786407766990291
FPR:0.07264472190692395
FPDR:0.07264472190692395
F1:0.9190101237345332
BACC:0
CLSFE:0.07264472190692395
MCC:0.2717276641954959
GMEAN:0.5872573998627362
SAMPLES:1762
AUC:{}
AVGP:{}
