NAME: KRNN
DIMENSIONS: 2
SAMPLES_COUNT: (50,)
TOTAL_SIZE: 650
SIZES: dict_values([50, 600])
IMBALANCED: True
IMBALANCED_RATIO: {0: 7, 1: 1}
NO_LABELS: (2,)
MEAN: ([0, 2.0],)
ST_DEV: 0.3916371812090075
NOISE: 0.3945213470807639
