

GENERAL_METRICS
ACC:0.9215384615384615
PREC:0.5269588656479626
REC:0.7212099476495841
TNR:0.7212099476495841
FPR:0.47304113435203743
FPDR:0.47304113435203743
F1:0.5321166956006267
BACC:0.0
CLSFE:0.07846153846153846
MCC:0.15444829890520617
GMEAN:0.691766298484074
SAMPLES:3250.0
AUC:{'AUC macro OVO': 0.5269588656479626}
AVGP:{'avg_precision': 0.9251600562511437}


METRICS_PER_CLASSES
CLASS:0
ACC:0.9215384615384615
PREC:0.05859375
REC:0.5172413793103449
TNR:0.9251785159888234
FPR:0.94140625
FPDR:0.94140625
F1:0.10526315789473684
BACC:0
CLSFE:0.94140625
MCC:0.15444829890520617
GMEAN:0.691766298484074
SAMPLES:256
AUC:{}
AVGP:{}
CLASS:1
ACC:0.9215384615384615
PREC:0.9953239812959251
REC:0.9251785159888234
TNR:0.5172413793103449
FPR:0.004676018704074816
FPDR:0.004676018704074816
F1:0.9589702333065165
BACC:0
CLSFE:0.004676018704074816
MCC:0.15444829890520617
GMEAN:0.691766298484074
SAMPLES:2994
AUC:{}
AVGP:{}
