

GENERAL_METRICS
ACC:0.9184615384615384
PREC:0.5101155681158798
REC:0.5754692400966038
TNR:0.5754692400966038
FPR:0.4898844318841203
FPDR:0.4898844318841203
F1:0.5037907791795508
BACC:0.0
CLSFE:0.08153846153846153
MCC:0.0552599036861585
GMEAN:0.4570566492757386
SAMPLES:3250.0
AUC:{'AUC macro OVO': 0.5101155681158797}
AVGP:{'avg_precision': 0.9251205184865963}


METRICS_PER_CLASSES
CLASS:0
ACC:0.9184615384615384
PREC:0.028225806451612902
REC:0.22580645161290322
TNR:0.9251320285803044
FPR:0.9717741935483871
FPDR:0.9717741935483871
F1:0.05017921146953405
BACC:0
CLSFE:0.9717741935483871
MCC:0.0552599036861585
GMEAN:0.4570566492757386
SAMPLES:248
AUC:{}
AVGP:{}
CLASS:1
ACC:0.9184615384615384
PREC:0.9920053297801465
REC:0.9251320285803044
TNR:0.22580645161290322
FPR:0.007994670219853431
FPDR:0.007994670219853431
F1:0.9574023468895676
BACC:0
CLSFE:0.007994670219853431
MCC:0.0552599036861585
GMEAN:0.4570566492757386
SAMPLES:3002
AUC:{}
AVGP:{}
