

GENERAL_METRICS
ACC:0.9153846153846154
PREC:0.5243587329418411
REC:0.6688187098112425
TNR:0.6688187098112425
FPR:0.47564126705815896
FPDR:0.47564126705815896
F1:0.5269850090633641
BACC:0.0
CLSFE:0.08461538461538462
MCC:0.12825302909293365
GMEAN:0.6194657486347336
SAMPLES:3250.0
AUC:{'AUC macro OVO': 0.524358732941841}
AVGP:{'avg_precision': 0.9209444062070005}


METRICS_PER_CLASSES
CLASS:0
ACC:0.9153846153846154
PREC:0.055762081784386616
REC:0.4166666666666667
TNR:0.9209707529558183
FPR:0.9442379182156134
FPDR:0.9442379182156134
F1:0.09836065573770492
BACC:0
CLSFE:0.9442379182156134
MCC:0.12825302909293365
GMEAN:0.6194657486347336
SAMPLES:269
AUC:{}
AVGP:{}
CLASS:1
ACC:0.9153846153846154
PREC:0.9929553840992955
REC:0.9209707529558183
TNR:0.4166666666666667
FPR:0.007044615900704461
FPDR:0.007044615900704461
F1:0.9556093623890234
BACC:0
CLSFE:0.007044615900704461
MCC:0.12825302909293365
GMEAN:0.6194657486347336
SAMPLES:2981
AUC:{}
AVGP:{}
