

GENERAL_METRICS
ACC:0.9224615384615384
PREC:0.5115317946575212
REC:0.6037209302325581
TNR:0.6037209302325581
FPR:0.4884682053424788
FPDR:0.4884682053424788
F1:0.5061040474140115
BACC:0.0
CLSFE:0.07753846153846154
MCC:0.06916902396677126
GMEAN:0.5095917198407295
SAMPLES:3250.0
AUC:{'AUC macro OVO': 0.5115317946575213}
AVGP:{'avg_precision': 0.9274323148622112}


METRICS_PER_CLASSES
CLASS:0
ACC:0.9224615384615384
PREC:0.029045643153526972
REC:0.28
TNR:0.9274418604651162
FPR:0.970954356846473
FPDR:0.970954356846473
F1:0.05263157894736842
BACC:0
CLSFE:0.970954356846473
MCC:0.06916902396677126
GMEAN:0.5095917198407295
SAMPLES:241
AUC:{}
AVGP:{}
CLASS:1
ACC:0.9224615384615384
PREC:0.9940179461615155
REC:0.9274418604651162
TNR:0.28
FPR:0.005982053838484547
FPDR:0.005982053838484547
F1:0.9595765158806545
BACC:0
CLSFE:0.005982053838484547
MCC:0.06916902396677126
GMEAN:0.5095917198407295
SAMPLES:3009
AUC:{}
AVGP:{}
