

GENERAL_METRICS
ACC:0.796
PREC:0.7943814466013197
REC:0.7983766233766234
TNR:0.7983766233766234
FPR:0.20561855339868024
FPDR:0.20561855339868024
F1:0.7948148505769324
BACC:0.0
CLSFE:0.204
MCC:0.5927446061218189
GMEAN:0.7981309335021335
SAMPLES:500.0
AUC:{'AUC macro OVO': 0.7943814466013197}
AVGP:{'avg_precision': 0.732564988730278}


METRICS_PER_CLASSES
CLASS:0
ACC:0.796
PREC:0.8449612403100775
REC:0.7785714285714286
TNR:0.8181818181818182
FPR:0.15503875968992248
FPDR:0.15503875968992248
F1:0.8104089219330854
BACC:0
CLSFE:0.15503875968992248
MCC:0.5927446061218189
GMEAN:0.7981309335021335
SAMPLES:258
AUC:{}
AVGP:{}
CLASS:1
ACC:0.796
PREC:0.743801652892562
REC:0.8181818181818182
TNR:0.7785714285714286
FPR:0.256198347107438
FPDR:0.256198347107438
F1:0.7792207792207793
BACC:0
CLSFE:0.256198347107438
MCC:0.5927446061218189
GMEAN:0.7981309335021335
SAMPLES:242
AUC:{}
AVGP:{}
