

GENERAL_METRICS
ACC:0.776
PREC:0.776975884527372
REC:0.7838436182948227
TNR:0.7838436182948227
FPR:0.22302411547262807
FPDR:0.22302411547262807
F1:0.7748327328872877
BACC:0.0
CLSFE:0.224
MCC:0.5607774504905071
GMEAN:0.7822293649035875
SAMPLES:500.0
AUC:{'AUC macro OVO': 0.776975884527372}
AVGP:{'avg_precision': 0.7342596332165671}


METRICS_PER_CLASSES
CLASS:0
ACC:0.776
PREC:0.8582995951417004
REC:0.7335640138408305
TNR:0.8341232227488151
FPR:0.1417004048582996
FPDR:0.1417004048582996
F1:0.7910447761194029
BACC:0
CLSFE:0.1417004048582996
MCC:0.5607774504905071
GMEAN:0.7822293649035875
SAMPLES:247
AUC:{}
AVGP:{}
CLASS:1
ACC:0.776
PREC:0.6956521739130435
REC:0.8341232227488151
TNR:0.7335640138408305
FPR:0.30434782608695654
FPDR:0.30434782608695654
F1:0.7586206896551724
BACC:0
CLSFE:0.30434782608695654
MCC:0.5607774504905071
GMEAN:0.7822293649035875
SAMPLES:253
AUC:{}
AVGP:{}
