

GENERAL_METRICS
ACC:0.812
PREC:0.8102697161893779
REC:0.8151148415641876
TNR:0.8151148415641876
FPR:0.18973028381062207
FPDR:0.18973028381062207
F1:0.8107890499194848
BACC:0.0
CLSFE:0.188
MCC:0.6253657888282067
GMEAN:0.8147515126268484
SAMPLES:500.0
AUC:{'AUC macro OVO': 0.8102697161893779}
AVGP:{'avg_precision': 0.7527903555993631}


METRICS_PER_CLASSES
CLASS:0
ACC:0.812
PREC:0.8643410852713178
REC:0.7907801418439716
TNR:0.8394495412844036
FPR:0.13565891472868216
FPDR:0.13565891472868216
F1:0.825925925925926
BACC:0
CLSFE:0.13565891472868216
MCC:0.6253657888282067
GMEAN:0.8147515126268484
SAMPLES:258
AUC:{}
AVGP:{}
CLASS:1
ACC:0.812
PREC:0.756198347107438
REC:0.8394495412844036
TNR:0.7907801418439716
FPR:0.24380165289256198
FPDR:0.24380165289256198
F1:0.7956521739130434
BACC:0
CLSFE:0.24380165289256198
MCC:0.6253657888282067
GMEAN:0.8147515126268484
SAMPLES:242
AUC:{}
AVGP:{}
