

GENERAL_METRICS
ACC:0.804
PREC:0.8032516682402266
REC:0.8085847812281187
TNR:0.8085847812281187
FPR:0.1967483317597734
FPDR:0.1967483317597734
F1:0.8029786412763767
BACC:0.0
CLSFE:0.196
MCC:0.6118132058103106
GMEAN:0.8078384454011825
SAMPLES:500.0
AUC:{'AUC macro OVO': 0.8032516682402266}
AVGP:{'avg_precision': 0.7528064329558387}


METRICS_PER_CLASSES
CLASS:0
ACC:0.804
PREC:0.8656126482213439
REC:0.773851590106007
TNR:0.8433179723502304
FPR:0.13438735177865613
FPDR:0.13438735177865613
F1:0.8171641791044776
BACC:0
CLSFE:0.13438735177865613
MCC:0.6118132058103106
GMEAN:0.8078384454011825
SAMPLES:253
AUC:{}
AVGP:{}
CLASS:1
ACC:0.804
PREC:0.7408906882591093
REC:0.8433179723502304
TNR:0.773851590106007
FPR:0.2591093117408907
FPDR:0.2591093117408907
F1:0.7887931034482759
BACC:0
CLSFE:0.2591093117408907
MCC:0.6118132058103106
GMEAN:0.8078384454011825
SAMPLES:247
AUC:{}
AVGP:{}
