

GENERAL_METRICS
ACC:0.788
PREC:0.7048677738812059
REC:0.7072816942268639
TNR:0.7072816942268639
FPR:0.29513222611879397
FPDR:0.29513222611879397
F1:0.7060520010648682
BACC:0.0
CLSFE:0.212
MCC:0.4121423989961841
GMEAN:0.6908158754923905
SAMPLES:1000.0
AUC:{'AUC macro OVO': 0.704867773881206}
AVGP:{'avg_precision': 0.845767918696847}


METRICS_PER_CLASSES
CLASS:0
ACC:0.788
PREC:0.5462184873949579
REC:0.5555555555555556
TNR:0.8590078328981723
FPR:0.453781512605042
FPDR:0.453781512605042
F1:0.5508474576271186
BACC:0
CLSFE:0.453781512605042
MCC:0.4121423989961841
GMEAN:0.6908158754923905
SAMPLES:238
AUC:{}
AVGP:{}
CLASS:1
ACC:0.788
PREC:0.863517060367454
REC:0.8590078328981723
TNR:0.5555555555555556
FPR:0.13648293963254593
FPDR:0.13648293963254593
F1:0.8612565445026178
BACC:0
CLSFE:0.13648293963254593
MCC:0.4121423989961841
GMEAN:0.6908158754923905
SAMPLES:762
AUC:{}
AVGP:{}
