

GENERAL_METRICS
ACC:0.9047272727272727
PREC:0.4993978321959053
REC:0.45285766290498725
TNR:0.45285766290498725
FPR:0.5006021678040947
FPDR:0.5006021678040947
F1:0.4749904543718977
BACC:0.0
CLSFE:0.09527272727272727
MCC:-0.010656002554128425
GMEAN:0.0
SAMPLES:2750.0
AUC:{'AUC macro OVO': 0.4993978321959053}
AVGP:{'avg_precision': 0.9057154496831277}


METRICS_PER_CLASSES
CLASS:0
ACC:0.9047272727272727
PREC:0.0
REC:0.0
TNR:0.9057153258099745
FPR:1.0
FPDR:1.0
F1:0.0
BACC:0
CLSFE:1.0
MCC:-0.010656002554128425
GMEAN:0
SAMPLES:259
AUC:{}
AVGP:{}
CLASS:1
ACC:0.9047272727272727
PREC:0.9987956643918106
REC:0.9057153258099745
TNR:0.0
FPR:0.0012043356081894822
FPDR:0.0012043356081894822
F1:0.9499809087437954
BACC:0
CLSFE:0.0012043356081894822
MCC:-0.010656002554128425
GMEAN:0
SAMPLES:2491
AUC:{}
AVGP:{}
