

GENERAL_METRICS
ACC:0.9032727272727272
PREC:0.5014843779659087
REC:0.618614245843951
TNR:0.618614245843951
FPR:0.49851562203409133
FPDR:0.49851562203409133
F1:0.478310853986946
BACC:0.0
CLSFE:0.09672727272727273
MCC:0.026538151629202332
GMEAN:0.5489065367785206
SAMPLES:2750.0
AUC:{'AUC macro OVO': 0.5014843779659087}
AVGP:{'avg_precision': 0.903894950069081}


METRICS_PER_CLASSES
CLASS:0
ACC:0.9032727272727272
PREC:0.0037735849056603774
REC:0.3333333333333333
TNR:0.9038951583545686
FPR:0.9962264150943396
FPDR:0.9962264150943396
F1:0.007462686567164179
BACC:0
CLSFE:0.9962264150943396
MCC:0.026538151629202332
GMEAN:0.5489065367785206
SAMPLES:265
AUC:{}
AVGP:{}
CLASS:1
ACC:0.9032727272727272
PREC:0.999195171026157
REC:0.9038951583545686
TNR:0.3333333333333333
FPR:0.0008048289738430583
FPDR:0.0008048289738430583
F1:0.9491590214067278
BACC:0
CLSFE:0.0008048289738430583
MCC:0.026538151629202332
GMEAN:0.5489065367785206
SAMPLES:2485
AUC:{}
AVGP:{}
