

GENERAL_METRICS
ACC:0.9174545454545454
PREC:0.4980260560600079
REC:0.4604014598540146
TNR:0.4604014598540146
FPR:0.5019739439399921
FPDR:0.5019739439399921
F1:0.4784752512801062
BACC:0.0
CLSFE:0.08254545454545455
MCC:-0.01768222818014765
GMEAN:0.0
SAMPLES:2750.0
AUC:{'AUC macro OVO': 0.4980260560600079}
AVGP:{'avg_precision': 0.9208040566578234}


METRICS_PER_CLASSES
CLASS:0
ACC:0.9174545454545454
PREC:0.0
REC:0.0
TNR:0.9208029197080292
FPR:1.0
FPDR:1.0
F1:0.0
BACC:0
CLSFE:1.0
MCC:-0.01768222818014765
GMEAN:0
SAMPLES:217
AUC:{}
AVGP:{}
CLASS:1
ACC:0.9174545454545454
PREC:0.9960521121200158
REC:0.9208029197080292
TNR:0.0
FPR:0.0039478878799842085
FPDR:0.0039478878799842085
F1:0.9569505025602124
BACC:0
CLSFE:0.0039478878799842085
MCC:-0.01768222818014765
GMEAN:0
SAMPLES:2533
AUC:{}
AVGP:{}
