

GENERAL_METRICS
ACC:0.9112727272727272
PREC:0.49880573248407645
REC:0.45663265306122447
TNR:0.45663265306122447
FPR:0.5011942675159236
FPDR:0.5011942675159236
F1:0.4767884322678843
BACC:0.0
CLSFE:0.08872727272727272
MCC:-0.014393361483790635
GMEAN:0.0
SAMPLES:2750.0
AUC:{'AUC macro OVO': 0.49880573248407645}
AVGP:{'avg_precision': 0.9132657581272231}


METRICS_PER_CLASSES
CLASS:0
ACC:0.9112727272727272
PREC:0.0
REC:0.0
TNR:0.9132653061224489
FPR:1.0
FPDR:1.0
F1:0.0
BACC:0
CLSFE:1.0
MCC:-0.014393361483790635
GMEAN:0
SAMPLES:238
AUC:{}
AVGP:{}
CLASS:1
ACC:0.9112727272727272
PREC:0.9976114649681529
REC:0.9132653061224489
TNR:0.0
FPR:0.0023885350318471337
FPDR:0.0023885350318471337
F1:0.9535768645357686
BACC:0
CLSFE:0.0023885350318471337
MCC:-0.014393361483790635
GMEAN:0
SAMPLES:2512
AUC:{}
AVGP:{}
