

GENERAL_METRICS
ACC:0.772
PREC:0.7735785578109229
REC:0.7744932568195335
TNR:0.7744932568195335
FPR:0.22642144218907706
FPDR:0.22642144218907706
F1:0.7719416170539658
BACC:0.0
CLSFE:0.228
MCC:0.5480710513410146
GMEAN:0.7736248722269079
SAMPLES:500.0
AUC:{'AUC macro OVO': 0.773578557810923}
AVGP:{'avg_precision': 0.731926690639137}


METRICS_PER_CLASSES
CLASS:0
ACC:0.772
PREC:0.8174273858921162
REC:0.7378277153558053
TNR:0.8111587982832618
FPR:0.1825726141078838
FPDR:0.1825726141078838
F1:0.7755905511811023
BACC:0
CLSFE:0.1825726141078838
MCC:0.5480710513410146
GMEAN:0.7736248722269079
SAMPLES:241
AUC:{}
AVGP:{}
CLASS:1
ACC:0.772
PREC:0.7297297297297297
REC:0.8111587982832618
TNR:0.7378277153558053
FPR:0.2702702702702703
FPDR:0.2702702702702703
F1:0.7682926829268293
BACC:0
CLSFE:0.2702702702702703
MCC:0.5480710513410146
GMEAN:0.7736248722269079
SAMPLES:259
AUC:{}
AVGP:{}
