

GENERAL_METRICS
ACC:0.772
PREC:0.7722043552696843
REC:0.7749494949494949
TNR:0.7749494949494949
FPR:0.22779564473031566
FPDR:0.22779564473031566
F1:0.7714734748861376
BACC:0.0
CLSFE:0.228
MCC:0.5471469638203345
GMEAN:0.7743879955660261
SAMPLES:500.0
AUC:{'AUC macro OVO': 0.7722043552696843}
AVGP:{'avg_precision': 0.7200973882248782}


METRICS_PER_CLASSES
CLASS:0
ACC:0.772
PREC:0.8232931726907631
REC:0.7454545454545455
TNR:0.8044444444444444
FPR:0.17670682730923695
FPDR:0.17670682730923695
F1:0.7824427480916031
BACC:0
CLSFE:0.17670682730923695
MCC:0.5471469638203345
GMEAN:0.7743879955660261
SAMPLES:249
AUC:{}
AVGP:{}
CLASS:1
ACC:0.772
PREC:0.7211155378486056
REC:0.8044444444444444
TNR:0.7454545454545455
FPR:0.2788844621513944
FPDR:0.2788844621513944
F1:0.7605042016806722
BACC:0
CLSFE:0.2788844621513944
MCC:0.5471469638203345
GMEAN:0.7743879955660261
SAMPLES:251
AUC:{}
AVGP:{}
