

GENERAL_METRICS
ACC:0.766
PREC:0.7655529953917051
REC:0.7691577871843527
TNR:0.7691577871843527
FPR:0.23444700460829493
FPDR:0.23444700460829493
F1:0.7650970329948321
BACC:0.0
CLSFE:0.234
MCC:0.5346986314544219
GMEAN:0.7686759055601027
SAMPLES:500.0
AUC:{'AUC macro OVO': 0.7655529953917051}
AVGP:{'avg_precision': 0.7091729674500074}


METRICS_PER_CLASSES
CLASS:0
ACC:0.766
PREC:0.8214285714285714
REC:0.7419354838709677
TNR:0.7963800904977375
FPR:0.17857142857142858
FPDR:0.17857142857142858
F1:0.7796610169491526
BACC:0
CLSFE:0.17857142857142858
MCC:0.5346986314544219
GMEAN:0.7686759055601027
SAMPLES:252
AUC:{}
AVGP:{}
CLASS:1
ACC:0.766
PREC:0.7096774193548387
REC:0.7963800904977375
TNR:0.7419354838709677
FPR:0.2903225806451613
FPDR:0.2903225806451613
F1:0.7505330490405118
BACC:0
CLSFE:0.2903225806451613
MCC:0.5346986314544219
GMEAN:0.7686759055601027
SAMPLES:248
AUC:{}
AVGP:{}
