

GENERAL_METRICS
ACC:0.784
PREC:0.7845030503915069
REC:0.7843937575030011
TNR:0.7843937575030011
FPR:0.21549694960849305
FPDR:0.21549694960849305
F1:0.7839965439447031
BACC:0.0
CLSFE:0.216
MCC:0.5688967973961757
GMEAN:0.7841466408662047
SAMPLES:500.0
AUC:{'AUC macro OVO': 0.7845030503915069}
AVGP:{'avg_precision': 0.7363582942904788}


METRICS_PER_CLASSES
CLASS:0
ACC:0.784
PREC:0.8024691358024691
REC:0.7647058823529411
TNR:0.8040816326530612
FPR:0.19753086419753085
FPDR:0.19753086419753085
F1:0.7831325301204819
BACC:0
CLSFE:0.19753086419753085
MCC:0.5688967973961757
GMEAN:0.7841466408662047
SAMPLES:243
AUC:{}
AVGP:{}
CLASS:1
ACC:0.784
PREC:0.7665369649805448
REC:0.8040816326530612
TNR:0.7647058823529411
FPR:0.23346303501945526
FPDR:0.23346303501945526
F1:0.7848605577689243
BACC:0
CLSFE:0.23346303501945526
MCC:0.5688967973961757
GMEAN:0.7841466408662047
SAMPLES:257
AUC:{}
AVGP:{}
