

GENERAL_METRICS
ACC:0.776
PREC:0.7769278776143764
REC:0.7830887765618099
TNR:0.7830887765618099
FPR:0.22307212238562352
FPDR:0.22307212238562352
F1:0.7749594123225796
BACC:0.0
CLSFE:0.224
MCC:0.5599827642694459
GMEAN:0.7816226046240491
SAMPLES:500.0
AUC:{'AUC macro OVO': 0.7769278776143764}
AVGP:{'avg_precision': 0.7333616879140455}


METRICS_PER_CLASSES
CLASS:0
ACC:0.776
PREC:0.854251012145749
REC:0.735191637630662
TNR:0.8309859154929577
FPR:0.145748987854251
FPDR:0.145748987854251
F1:0.7902621722846442
BACC:0
CLSFE:0.145748987854251
MCC:0.5599827642694459
GMEAN:0.7816226046240491
SAMPLES:247
AUC:{}
AVGP:{}
CLASS:1
ACC:0.776
PREC:0.6996047430830039
REC:0.8309859154929577
TNR:0.735191637630662
FPR:0.30039525691699603
FPDR:0.30039525691699603
F1:0.759656652360515
BACC:0
CLSFE:0.30039525691699603
MCC:0.5599827642694459
GMEAN:0.7816226046240491
SAMPLES:253
AUC:{}
AVGP:{}
