

GENERAL_METRICS
ACC:0.812
PREC:0.811300827319134
REC:0.8161166089796714
TNR:0.8161166089796714
FPR:0.18869917268086606
FPDR:0.18869917268086606
F1:0.8111266496278793
BACC:0.0
CLSFE:0.188
MCC:0.627398954110352
GMEAN:0.8154410964247569
SAMPLES:500.0
AUC:{'AUC macro OVO': 0.8113008273191339}
AVGP:{'avg_precision': 0.761565193278243}


METRICS_PER_CLASSES
CLASS:0
ACC:0.812
PREC:0.8695652173913043
REC:0.7829181494661922
TNR:0.8493150684931506
FPR:0.13043478260869565
FPDR:0.13043478260869565
F1:0.8239700374531835
BACC:0
CLSFE:0.13043478260869565
MCC:0.627398954110352
GMEAN:0.8154410964247569
SAMPLES:253
AUC:{}
AVGP:{}
CLASS:1
ACC:0.812
PREC:0.7530364372469636
REC:0.8493150684931506
TNR:0.7829181494661922
FPR:0.24696356275303644
FPDR:0.24696356275303644
F1:0.7982832618025751
BACC:0
CLSFE:0.24696356275303644
MCC:0.627398954110352
GMEAN:0.8154410964247569
SAMPLES:247
AUC:{}
AVGP:{}
