

GENERAL_METRICS
ACC:0.82
PREC:0.8178935229675188
REC:0.8250786163522013
TNR:0.8250786163522013
FPR:0.18210647703248126
FPDR:0.18210647703248126
F1:0.8184634748511401
BACC:0.0
CLSFE:0.18
MCC:0.6429319920290409
GMEAN:0.8244018224020822
SAMPLES:500.0
AUC:{'AUC macro OVO': 0.8178935229675187}
AVGP:{'avg_precision': 0.7656416653672229}


METRICS_PER_CLASSES
CLASS:0
ACC:0.82
PREC:0.8837209302325582
REC:0.7916666666666666
TNR:0.8584905660377359
FPR:0.11627906976744186
FPDR:0.11627906976744186
F1:0.8351648351648352
BACC:0
CLSFE:0.11627906976744186
MCC:0.6429319920290409
GMEAN:0.8244018224020822
SAMPLES:258
AUC:{}
AVGP:{}
CLASS:1
ACC:0.82
PREC:0.7520661157024794
REC:0.8584905660377359
TNR:0.7916666666666666
FPR:0.24793388429752067
FPDR:0.24793388429752067
F1:0.801762114537445
BACC:0
CLSFE:0.24793388429752067
MCC:0.6429319920290409
GMEAN:0.8244018224020822
SAMPLES:242
AUC:{}
AVGP:{}
