

GENERAL_METRICS
ACC:0.8
PREC:0.7981292843872125
REC:0.8034363588941054
TNR:0.8034363588941054
FPR:0.20187071561278752
FPDR:0.20187071561278752
F1:0.798578771813919
BACC:0.0
CLSFE:0.2
MCC:0.6015422330448994
GMEAN:0.8030389430652106
SAMPLES:500.0
AUC:{'AUC macro OVO': 0.7981292843872124}
AVGP:{'avg_precision': 0.7389667891031527}


METRICS_PER_CLASSES
CLASS:0
ACC:0.8
PREC:0.8565891472868217
REC:0.778169014084507
TNR:0.8287037037037037
FPR:0.1434108527131783
FPDR:0.1434108527131783
F1:0.8154981549815498
BACC:0
CLSFE:0.1434108527131783
MCC:0.6015422330448994
GMEAN:0.8030389430652106
SAMPLES:258
AUC:{}
AVGP:{}
CLASS:1
ACC:0.8
PREC:0.7396694214876033
REC:0.8287037037037037
TNR:0.778169014084507
FPR:0.2603305785123967
FPDR:0.2603305785123967
F1:0.7816593886462883
BACC:0
CLSFE:0.2603305785123967
MCC:0.6015422330448994
GMEAN:0.8030389430652106
SAMPLES:242
AUC:{}
AVGP:{}
