

GENERAL_METRICS
ACC:0.812
PREC:0.8113488342321294
REC:0.8155500413564929
TNR:0.8155500413564929
FPR:0.18865116576787055
FPDR:0.18865116576787055
F1:0.8112267849109955
BACC:0.0
CLSFE:0.188
MCC:0.6268847980873179
GMEAN:0.8149756297512846
SAMPLES:500.0
AUC:{'AUC macro OVO': 0.8113488342321294}
AVGP:{'avg_precision': 0.760610401744005}


METRICS_PER_CLASSES
CLASS:0
ACC:0.812
PREC:0.8656126482213439
REC:0.7849462365591398
TNR:0.8461538461538461
FPR:0.13438735177865613
FPDR:0.13438735177865613
F1:0.8233082706766918
BACC:0
CLSFE:0.13438735177865613
MCC:0.6268847980873179
GMEAN:0.8149756297512846
SAMPLES:253
AUC:{}
AVGP:{}
CLASS:1
ACC:0.812
PREC:0.757085020242915
REC:0.8461538461538461
TNR:0.7849462365591398
FPR:0.242914979757085
FPDR:0.242914979757085
F1:0.7991452991452992
BACC:0
CLSFE:0.242914979757085
MCC:0.6268847980873179
GMEAN:0.8149756297512846
SAMPLES:247
AUC:{}
AVGP:{}
