

GENERAL_METRICS
ACC:0.804
PREC:0.802645909411237
REC:0.8056418219461697
TNR:0.8056418219461697
FPR:0.1973540905887629
FPDR:0.1973540905887629
F1:0.8030894857822571
BACC:0.0
CLSFE:0.196
MCC:0.608280353642976
GMEAN:0.8054871344779653
SAMPLES:500.0
AUC:{'AUC macro OVO': 0.8026459094112371}
AVGP:{'avg_precision': 0.7405572609208972}


METRICS_PER_CLASSES
CLASS:0
ACC:0.804
PREC:0.8449612403100775
REC:0.7898550724637681
TNR:0.8214285714285714
FPR:0.15503875968992248
FPDR:0.15503875968992248
F1:0.8164794007490637
BACC:0
CLSFE:0.15503875968992248
MCC:0.608280353642976
GMEAN:0.8054871344779653
SAMPLES:258
AUC:{}
AVGP:{}
CLASS:1
ACC:0.804
PREC:0.7603305785123967
REC:0.8214285714285714
TNR:0.7898550724637681
FPR:0.2396694214876033
FPDR:0.2396694214876033
F1:0.7896995708154506
BACC:0
CLSFE:0.2396694214876033
MCC:0.608280353642976
GMEAN:0.8054871344779653
SAMPLES:242
AUC:{}
AVGP:{}
