

GENERAL_METRICS
ACC:0.818
PREC:0.816468063296816
REC:0.820456056698941
TNR:0.820456056698941
FPR:0.18353193670318407
FPDR:0.18353193670318407
F1:0.8169978803930322
BACC:0.0
CLSFE:0.182
MCC:0.6369116347979474
GMEAN:0.8201828144812823
SAMPLES:500.0
AUC:{'AUC macro OVO': 0.8164680632968159}
AVGP:{'avg_precision': 0.7588718447328073}


METRICS_PER_CLASSES
CLASS:0
ACC:0.818
PREC:0.8643410852713178
REC:0.7992831541218638
TNR:0.8416289592760181
FPR:0.13565891472868216
FPDR:0.13565891472868216
F1:0.8305400372439479
BACC:0
CLSFE:0.13565891472868216
MCC:0.6369116347979474
GMEAN:0.8201828144812823
SAMPLES:258
AUC:{}
AVGP:{}
CLASS:1
ACC:0.818
PREC:0.768595041322314
REC:0.8416289592760181
TNR:0.7992831541218638
FPR:0.23140495867768596
FPDR:0.23140495867768596
F1:0.8034557235421166
BACC:0
CLSFE:0.23140495867768596
MCC:0.6369116347979474
GMEAN:0.8201828144812823
SAMPLES:242
AUC:{}
AVGP:{}
