

GENERAL_METRICS
ACC:0.8794285714285714
PREC:0.769140989729225
REC:0.7445998469546243
TNR:0.7445998469546243
FPR:0.23085901027077496
FPDR:0.23085901027077496
F1:0.7558637332848477
BACC:0.0
CLSFE:0.12057142857142857
MCC:0.5131543428520685
GMEAN:0.7188728451866879
SAMPLES:1750.0
AUC:{'AUC macro OVO': 0.769140989729225}
AVGP:{'avg_precision': 0.9327142536043412}


METRICS_PER_CLASSES
CLASS:0
ACC:0.8794285714285714
PREC:0.6176470588235294
REC:0.550561797752809
TNR:0.9386378961564397
FPR:0.38235294117647056
FPDR:0.38235294117647056
F1:0.5821782178217821
BACC:0
CLSFE:0.38235294117647056
MCC:0.5131543428520685
GMEAN:0.7188728451866879
SAMPLES:238
AUC:{}
AVGP:{}
CLASS:1
ACC:0.8794285714285714
PREC:0.9206349206349206
REC:0.9386378961564397
TNR:0.550561797752809
FPR:0.07936507936507936
FPDR:0.07936507936507936
F1:0.9295492487479132
BACC:0
CLSFE:0.07936507936507936
MCC:0.5131543428520685
GMEAN:0.7188728451866879
SAMPLES:1512
AUC:{}
AVGP:{}
