

GENERAL_METRICS
ACC:0.8777142857142857
PREC:0.7675364117301287
REC:0.746021021021021
TNR:0.746021021021021
FPR:0.23246358826987132
FPDR:0.23246358826987132
F1:0.7559949022806821
BACC:0.0
CLSFE:0.12228571428571429
MCC:0.5131065432213724
GMEAN:0.7212976294639198
SAMPLES:1750.0
AUC:{'AUC macro OVO': 0.7675364117301287}
AVGP:{'avg_precision': 0.9304374778876771}


METRICS_PER_CLASSES
CLASS:0
ACC:0.8777142857142857
PREC:0.6147540983606558
REC:0.5555555555555556
TNR:0.9364864864864865
FPR:0.38524590163934425
FPDR:0.38524590163934425
F1:0.5836575875486382
BACC:0
CLSFE:0.38524590163934425
MCC:0.5131065432213724
GMEAN:0.7212976294639198
SAMPLES:244
AUC:{}
AVGP:{}
CLASS:1
ACC:0.8777142857142857
PREC:0.9203187250996016
REC:0.9364864864864865
TNR:0.5555555555555556
FPR:0.0796812749003984
FPDR:0.0796812749003984
F1:0.9283322170127261
BACC:0
CLSFE:0.0796812749003984
MCC:0.5131065432213724
GMEAN:0.7212976294639198
SAMPLES:1506
AUC:{}
AVGP:{}
