

GENERAL_METRICS
ACC:0.884
PREC:0.7642060197197716
REC:0.7598066705825132
TNR:0.7598066705825132
FPR:0.23579398028022835
FPDR:0.23579398028022835
F1:0.7619751140877902
BACC:0.0
CLSFE:0.116
MCC:0.5239942226065157
GMEAN:0.7395797441444019
SAMPLES:1750.0
AUC:{'AUC macro OVO': 0.7642060197197718}
AVGP:{'avg_precision': 0.9288024802756041}


METRICS_PER_CLASSES
CLASS:0
ACC:0.884
PREC:0.5975609756097561
REC:0.5856573705179283
TNR:0.933955970647098
FPR:0.4024390243902439
FPDR:0.4024390243902439
F1:0.5915492957746479
BACC:0
CLSFE:0.4024390243902439
MCC:0.5239942226065157
GMEAN:0.7395797441444019
SAMPLES:246
AUC:{}
AVGP:{}
CLASS:1
ACC:0.884
PREC:0.9308510638297872
REC:0.933955970647098
TNR:0.5856573705179283
FPR:0.06914893617021277
FPDR:0.06914893617021277
F1:0.9324009324009324
BACC:0
CLSFE:0.06914893617021277
MCC:0.5239942226065157
GMEAN:0.7395797441444019
SAMPLES:1504
AUC:{}
AVGP:{}
