

GENERAL_METRICS
ACC:0.8805714285714286
PREC:0.7829338384168245
REC:0.7518671766931774
TNR:0.7518671766931774
FPR:0.2170661615831755
FPDR:0.2170661615831755
F1:0.7658263305322128
BACC:0.0
CLSFE:0.11942857142857143
MCC:0.533897919355411
GMEAN:0.7275713272534012
SAMPLES:1750.0
AUC:{'AUC macro OVO': 0.7829338384168244}
AVGP:{'avg_precision': 0.9348505997404915}


METRICS_PER_CLASSES
CLASS:0
ACC:0.8805714285714286
PREC:0.6475409836065574
REC:0.5622775800711743
TNR:0.9414567733151804
FPR:0.3524590163934426
FPDR:0.3524590163934426
F1:0.6019047619047619
BACC:0
CLSFE:0.3524590163934426
MCC:0.533897919355411
GMEAN:0.7275713272534012
SAMPLES:244
AUC:{}
AVGP:{}
CLASS:1
ACC:0.8805714285714286
PREC:0.9183266932270916
REC:0.9414567733151804
TNR:0.5622775800711743
FPR:0.08167330677290836
FPDR:0.08167330677290836
F1:0.9297478991596638
BACC:0
CLSFE:0.08167330677290836
MCC:0.533897919355411
GMEAN:0.7275713272534012
SAMPLES:1506
AUC:{}
AVGP:{}
