

GENERAL_METRICS
ACC:0.8648
PREC:0.764689235929148
REC:0.7806299338596117
TNR:0.7806299338596117
FPR:0.2353107640708521
FPDR:0.2353107640708521
F1:0.7721858618276247
BACC:0.0
CLSFE:0.1352
MCC:0.545086131807251
GMEAN:0.7698548903303558
SAMPLES:1250.0
AUC:{'AUC macro OVO': 0.764689235929148}
AVGP:{'avg_precision': 0.9025544965058998}


METRICS_PER_CLASSES
CLASS:0
ACC:0.8648
PREC:0.6042553191489362
REC:0.6513761467889908
TNR:0.9098837209302325
FPR:0.39574468085106385
FPDR:0.39574468085106385
F1:0.6269315673289183
BACC:0
CLSFE:0.39574468085106385
MCC:0.545086131807251
GMEAN:0.7698548903303558
SAMPLES:235
AUC:{}
AVGP:{}
CLASS:1
ACC:0.8648
PREC:0.9251231527093596
REC:0.9098837209302325
TNR:0.6513761467889908
FPR:0.0748768472906404
FPDR:0.0748768472906404
F1:0.9174401563263312
BACC:0
CLSFE:0.0748768472906404
MCC:0.545086131807251
GMEAN:0.7698548903303558
SAMPLES:1015
AUC:{}
AVGP:{}
