

GENERAL_METRICS
ACC:0.8424
PREC:0.7588543148973848
REC:0.7566055775643512
TNR:0.7566055775643512
FPR:0.2411456851026152
FPDR:0.2411456851026152
F1:0.7577183314491936
BACC:0.0
CLSFE:0.1576
MCC:0.5154549872850892
GMEAN:0.7424421934254063
SAMPLES:1250.0
AUC:{'AUC macro OVO': 0.7588543148973848}
AVGP:{'avg_precision': 0.8917222161556599}


METRICS_PER_CLASSES
CLASS:0
ACC:0.8424
PREC:0.6181102362204725
REC:0.6108949416342413
TNR:0.9023162134944612
FPR:0.38188976377952755
FPDR:0.38188976377952755
F1:0.6144814090019569
BACC:0
CLSFE:0.38188976377952755
MCC:0.5154549872850892
GMEAN:0.7424421934254063
SAMPLES:254
AUC:{}
AVGP:{}
CLASS:1
ACC:0.8424
PREC:0.8995983935742972
REC:0.9023162134944612
TNR:0.6108949416342413
FPR:0.10040160642570281
FPDR:0.10040160642570281
F1:0.9009552538964304
BACC:0
CLSFE:0.10040160642570281
MCC:0.5154549872850892
GMEAN:0.7424421934254063
SAMPLES:996
AUC:{}
AVGP:{}
