

GENERAL_METRICS
ACC:0.8344
PREC:0.7319738347567811
REC:0.7516297262059974
TNR:0.7516297262059974
FPR:0.2680261652432189
FPDR:0.2680261652432189
F1:0.740861032409647
BACC:0.0
CLSFE:0.1656
MCC:0.48320394256174737
GMEAN:0.7397716269051716
SAMPLES:1250.0
AUC:{'AUC macro OVO': 0.7319738347567812}
AVGP:{'avg_precision': 0.875951367781155}


METRICS_PER_CLASSES
CLASS:0
ACC:0.8344
PREC:0.5551330798479087
REC:0.6186440677966102
TNR:0.8846153846153846
FPR:0.4448669201520912
FPDR:0.4448669201520912
F1:0.5851703406813628
BACC:0
CLSFE:0.4448669201520912
MCC:0.48320394256174737
GMEAN:0.7397716269051716
SAMPLES:263
AUC:{}
AVGP:{}
CLASS:1
ACC:0.8344
PREC:0.9088145896656535
REC:0.8846153846153846
TNR:0.6186440677966102
FPR:0.0911854103343465
FPDR:0.0911854103343465
F1:0.896551724137931
BACC:0
CLSFE:0.0911854103343465
MCC:0.48320394256174737
GMEAN:0.7397716269051716
SAMPLES:987
AUC:{}
AVGP:{}
