

GENERAL_METRICS
ACC:0.8368
PREC:0.7339924913079159
REC:0.747447856618803
TNR:0.747447856618803
FPR:0.26600750869208417
FPDR:0.26600750869208417
F1:0.7402877815076753
BACC:0.0
CLSFE:0.1632
MCC:0.48125228493603095
GMEAN:0.7336035684052958
SAMPLES:1250.0
AUC:{'AUC macro OVO': 0.7339924913079159}
AVGP:{'avg_precision': 0.8819616010593356}


METRICS_PER_CLASSES
CLASS:0
ACC:0.8368
PREC:0.5612648221343873
REC:0.6042553191489362
TNR:0.8906403940886699
FPR:0.43873517786561267
FPDR:0.43873517786561267
F1:0.5819672131147541
BACC:0
CLSFE:0.43873517786561267
MCC:0.48125228493603095
GMEAN:0.7336035684052958
SAMPLES:253
AUC:{}
AVGP:{}
CLASS:1
ACC:0.8368
PREC:0.9067201604814443
REC:0.8906403940886699
TNR:0.6042553191489362
FPR:0.09327983951855567
FPDR:0.09327983951855567
F1:0.8986083499005965
BACC:0
CLSFE:0.09327983951855567
MCC:0.48125228493603095
GMEAN:0.7336035684052958
SAMPLES:997
AUC:{}
AVGP:{}
