

GENERAL_METRICS
ACC:0.9116666666666666
PREC:0.5986894558501097
REC:0.6593647137515434
TNR:0.6593647137515434
FPR:0.40131054414989037
FPDR:0.40131054414989037
F1:0.6193183260157855
BACC:0.0
CLSFE:0.08833333333333333
MCC:0.25081959159402434
GMEAN:0.5978620576937231
SAMPLES:3000.0
AUC:{'AUC macro OVO': 0.5986894558501097}
AVGP:{'avg_precision': 0.9369756374174248}


METRICS_PER_CLASSES
CLASS:0
ACC:0.9116666666666666
PREC:0.22844827586206898
REC:0.381294964028777
TNR:0.9374344634743097
FPR:0.771551724137931
FPDR:0.771551724137931
F1:0.2857142857142857
BACC:0
CLSFE:0.771551724137931
MCC:0.25081959159402434
GMEAN:0.5978620576937231
SAMPLES:232
AUC:{}
AVGP:{}
CLASS:1
ACC:0.9116666666666666
PREC:0.9689306358381503
REC:0.9374344634743097
TNR:0.381294964028777
FPR:0.03106936416184971
FPDR:0.03106936416184971
F1:0.9529223663172854
BACC:0
CLSFE:0.03106936416184971
MCC:0.25081959159402434
GMEAN:0.5978620576937231
SAMPLES:2768
AUC:{}
AVGP:{}
