

GENERAL_METRICS
ACC:0.8966666666666666
PREC:0.5735776277724205
REC:0.6212396921838328
TNR:0.6212396921838328
FPR:0.42642237222757956
FPDR:0.42642237222757956
F1:0.5886382776948174
BACC:0.0
CLSFE:0.10333333333333333
MCC:0.18889710365958376
GMEAN:0.5407615045121577
SAMPLES:3000.0
AUC:{'AUC macro OVO': 0.5735776277724204}
AVGP:{'avg_precision': 0.9265956379987464}


METRICS_PER_CLASSES
CLASS:0
ACC:0.8966666666666666
PREC:0.1843137254901961
REC:0.31543624161073824
TNR:0.9270431427569273
FPR:0.8156862745098039
FPDR:0.8156862745098039
F1:0.23267326732673269
BACC:0
CLSFE:0.8156862745098039
MCC:0.18889710365958376
GMEAN:0.5407615045121577
SAMPLES:255
AUC:{}
AVGP:{}
CLASS:1
ACC:0.8966666666666666
PREC:0.9628415300546448
REC:0.9270431427569273
TNR:0.31543624161073824
FPR:0.03715846994535519
FPDR:0.03715846994535519
F1:0.9446032880629021
BACC:0
CLSFE:0.03715846994535519
MCC:0.18889710365958376
GMEAN:0.5407615045121577
SAMPLES:2745
AUC:{}
AVGP:{}
