

GENERAL_METRICS
ACC:0.8893333333333333
PREC:0.5785451680672269
REC:0.6301124944535798
TNR:0.6301124944535798
FPR:0.4214548319327731
FPDR:0.4214548319327731
F1:0.5945675305580477
BACC:0.0
CLSFE:0.11066666666666666
MCC:0.20218514034916163
GMEAN:0.5590972379688977
SAMPLES:3000.0
AUC:{'AUC macro OVO': 0.5785451680672269}
AVGP:{'avg_precision': 0.9201660293081292}


METRICS_PER_CLASSES
CLASS:0
ACC:0.8893333333333333
PREC:0.19642857142857142
REC:0.3395061728395062
TNR:0.9207188160676533
FPR:0.8035714285714286
FPDR:0.8035714285714286
F1:0.248868778280543
BACC:0
CLSFE:0.8035714285714286
MCC:0.20218514034916163
GMEAN:0.5590972379688977
SAMPLES:280
AUC:{}
AVGP:{}
CLASS:1
ACC:0.8893333333333333
PREC:0.9606617647058824
REC:0.9207188160676533
TNR:0.3395061728395062
FPR:0.039338235294117646
FPDR:0.039338235294117646
F1:0.9402662828355524
BACC:0
CLSFE:0.039338235294117646
MCC:0.20218514034916163
GMEAN:0.5590972379688977
SAMPLES:2720
AUC:{}
AVGP:{}
