

GENERAL_METRICS
ACC:0.913
PREC:0.5952986326891299
REC:0.6544696528989722
TNR:0.6544696528989722
FPR:0.4047013673108702
FPDR:0.4047013673108702
F1:0.6153617539897007
BACC:0.0
CLSFE:0.087
MCC:0.24265816873319168
GMEAN:0.5895914892808705
SAMPLES:3000.0
AUC:{'AUC macro OVO': 0.5952986326891299}
AVGP:{'avg_precision': 0.9381429466587649}


METRICS_PER_CLASSES
CLASS:0
ACC:0.913
PREC:0.22123893805309736
REC:0.37037037037037035
TNR:0.9385689354275741
FPR:0.7787610619469026
FPDR:0.7787610619469026
F1:0.2770083102493075
BACC:0
CLSFE:0.7787610619469026
MCC:0.24265816873319168
GMEAN:0.5895914892808705
SAMPLES:226
AUC:{}
AVGP:{}
CLASS:1
ACC:0.913
PREC:0.9693583273251623
REC:0.9385689354275741
TNR:0.37037037037037035
FPR:0.030641672674837778
FPDR:0.030641672674837778
F1:0.9537151977300939
BACC:0
CLSFE:0.030641672674837778
MCC:0.24265816873319168
GMEAN:0.5895914892808705
SAMPLES:2774
AUC:{}
AVGP:{}
