

GENERAL_METRICS
ACC:0.8053333333333333
PREC:0.5616541629891144
REC:0.616205725376031
TNR:0.616205725376031
FPR:0.4383458370108856
FPDR:0.4383458370108856
F1:0.569702328323018
BACC:0.0
CLSFE:0.19466666666666665
MCC:0.16928752739173777
GMEAN:0.572744752778826
SAMPLES:1500.0
AUC:{'AUC macro OVO': 0.5616541629891144}
AVGP:{'avg_precision': 0.8423063504849658}


METRICS_PER_CLASSES
CLASS:0
ACC:0.8053333333333333
PREC:0.1856060606060606
REC:0.3888888888888889
TNR:0.8435225618631732
FPR:0.8143939393939394
FPDR:0.8143939393939394
F1:0.2512820512820513
BACC:0
CLSFE:0.8143939393939394
MCC:0.16928752739173777
GMEAN:0.572744752778826
SAMPLES:264
AUC:{}
AVGP:{}
CLASS:1
ACC:0.8053333333333333
PREC:0.9377022653721683
REC:0.8435225618631732
TNR:0.3888888888888889
FPR:0.06229773462783172
FPDR:0.06229773462783172
F1:0.8881226053639847
BACC:0
CLSFE:0.06229773462783172
MCC:0.16928752739173777
GMEAN:0.572744752778826
SAMPLES:1236
AUC:{}
AVGP:{}
