

GENERAL_METRICS
ACC:0.828
PREC:0.57048968557312
REC:0.6361928777274599
TNR:0.6361928777274599
FPR:0.4295103144268801
FPDR:0.4295103144268801
F1:0.5827493261455525
BACC:0.0
CLSFE:0.172
MCC:0.1959611505202703
GMEAN:0.5948956061485942
SAMPLES:1500.0
AUC:{'AUC macro OVO': 0.5704896855731199}
AVGP:{'avg_precision': 0.8606078271076056}


METRICS_PER_CLASSES
CLASS:0
ACC:0.828
PREC:0.19327731092436976
REC:0.4107142857142857
TNR:0.861671469740634
FPR:0.8067226890756303
FPDR:0.8067226890756303
F1:0.26285714285714284
BACC:0
CLSFE:0.8067226890756303
MCC:0.1959611505202703
GMEAN:0.5948956061485942
SAMPLES:238
AUC:{}
AVGP:{}
CLASS:1
ACC:0.828
PREC:0.9477020602218701
REC:0.861671469740634
TNR:0.4107142857142857
FPR:0.05229793977812995
FPDR:0.05229793977812995
F1:0.9026415094339623
BACC:0
CLSFE:0.05229793977812995
MCC:0.1959611505202703
GMEAN:0.5948956061485942
SAMPLES:1262
AUC:{}
AVGP:{}
