

GENERAL_METRICS
ACC:0.828
PREC:0.572003734391411
REC:0.6503207817871741
TNR:0.6503207817871741
FPR:0.4279962656085891
FPDR:0.4279962656085891
F1:0.5848067151881351
BACC:0.0
CLSFE:0.172
MCC:0.20807361817696085
GMEAN:0.6165219765818153
SAMPLES:1500.0
AUC:{'AUC macro OVO': 0.5720037343914108}
AVGP:{'avg_precision': 0.8562457559053497}


METRICS_PER_CLASSES
CLASS:0
ACC:0.828
PREC:0.1910569105691057
REC:0.44339622641509435
TNR:0.857245337159254
FPR:0.8089430894308943
FPDR:0.8089430894308943
F1:0.26704545454545453
BACC:0
CLSFE:0.8089430894308943
MCC:0.20807361817696085
GMEAN:0.6165219765818153
SAMPLES:246
AUC:{}
AVGP:{}
CLASS:1
ACC:0.828
PREC:0.9529505582137161
REC:0.857245337159254
TNR:0.44339622641509435
FPR:0.04704944178628389
FPDR:0.04704944178628389
F1:0.9025679758308157
BACC:0
CLSFE:0.04704944178628389
MCC:0.20807361817696085
GMEAN:0.6165219765818153
SAMPLES:1254
AUC:{}
AVGP:{}
