

GENERAL_METRICS
ACC:0.8186666666666667
PREC:0.5566581918587168
REC:0.6550821035127832
TNR:0.6550821035127832
FPR:0.4433418081412832
FPDR:0.4433418081412832
F1:0.5622768470200494
BACC:0.0
CLSFE:0.18133333333333335
MCC:0.18747449506192185
GMEAN:0.6285654897721051
SAMPLES:1500.0
AUC:{'AUC macro OVO': 0.5566581918587168}
AVGP:{'avg_precision': 0.838934512909133}


METRICS_PER_CLASSES
CLASS:0
ACC:0.8186666666666667
PREC:0.149812734082397
REC:0.47058823529411764
TNR:0.8395759717314487
FPR:0.850187265917603
FPDR:0.850187265917603
F1:0.22727272727272727
BACC:0
CLSFE:0.850187265917603
MCC:0.18747449506192185
GMEAN:0.6285654897721051
SAMPLES:267
AUC:{}
AVGP:{}
CLASS:1
ACC:0.8186666666666667
PREC:0.9635036496350365
REC:0.8395759717314487
TNR:0.47058823529411764
FPR:0.0364963503649635
FPDR:0.0364963503649635
F1:0.8972809667673716
BACC:0
CLSFE:0.0364963503649635
MCC:0.18747449506192185
GMEAN:0.6285654897721051
SAMPLES:1233
AUC:{}
AVGP:{}
