

GENERAL_METRICS
ACC:0.8571428571428571
PREC:0.7129806800340044
REC:0.700451653761653
TNR:0.700451653761653
FPR:0.2870193199659955
FPDR:0.2870193199659955
F1:0.7063726858811907
BACC:0.0
CLSFE:0.14285714285714285
MCC:0.41324244473237576
GMEAN:0.6643899590493868
SAMPLES:1750.0
AUC:{'AUC macro OVO': 0.7129806800340045}
AVGP:{'avg_precision': 0.9170828290048654}


METRICS_PER_CLASSES
CLASS:0
ACC:0.8571428571428571
PREC:0.5146443514644351
REC:0.4785992217898833
TNR:0.9223040857334226
FPR:0.48535564853556484
FPDR:0.48535564853556484
F1:0.4959677419354839
BACC:0
CLSFE:0.48535564853556484
MCC:0.41324244473237576
GMEAN:0.6643899590493868
SAMPLES:239
AUC:{}
AVGP:{}
CLASS:1
ACC:0.8571428571428571
PREC:0.9113170086035738
REC:0.9223040857334226
TNR:0.4785992217898833
FPR:0.08868299139642621
FPDR:0.08868299139642621
F1:0.9167776298268975
BACC:0
CLSFE:0.08868299139642621
MCC:0.41324244473237576
GMEAN:0.6643899590493868
SAMPLES:1511
AUC:{}
AVGP:{}
