

GENERAL_METRICS
ACC:0.82
PREC:0.636559176207574
REC:0.6921580543490566
TNR:0.6921580543490566
FPR:0.363440823792426
FPDR:0.363440823792426
F1:0.6546007184305056
BACC:0.0
CLSFE:0.18
MCC:0.3239811451523523
GMEAN:0.671138060548019
SAMPLES:1250.0
AUC:{'AUC macro OVO': 0.636559176207574}
AVGP:{'avg_precision': 0.8580670684291684}


METRICS_PER_CLASSES
CLASS:0
ACC:0.82
PREC:0.3448275862068966
REC:0.5228758169934641
TNR:0.8614402917046491
FPR:0.6551724137931034
FPDR:0.6551724137931034
F1:0.4155844155844156
BACC:0
CLSFE:0.6551724137931034
MCC:0.3239811451523523
GMEAN:0.671138060548019
SAMPLES:232
AUC:{}
AVGP:{}
CLASS:1
ACC:0.82
PREC:0.9282907662082515
REC:0.8614402917046491
TNR:0.5228758169934641
FPR:0.07170923379174853
FPDR:0.07170923379174853
F1:0.8936170212765957
BACC:0
CLSFE:0.07170923379174853
MCC:0.3239811451523523
GMEAN:0.671138060548019
SAMPLES:1018
AUC:{}
AVGP:{}
