

GENERAL_METRICS
ACC:0.8024
PREC:0.629691895972003
REC:0.675
TNR:0.675
FPR:0.37030810402799696
FPDR:0.37030810402799696
F1:0.6445474441378247
BACC:0.0
CLSFE:0.1976
MCC:0.3013043763047628
GMEAN:0.6519202405202649
SAMPLES:1250.0
AUC:{'AUC macro OVO': 0.629691895972003}
AVGP:{'avg_precision': 0.8459661016949152}


METRICS_PER_CLASSES
CLASS:0
ACC:0.8024
PREC:0.3441295546558704
REC:0.5
TNR:0.85
FPR:0.6558704453441295
FPDR:0.6558704453441295
F1:0.407673860911271
BACC:0
CLSFE:0.6558704453441295
MCC:0.3013043763047628
GMEAN:0.6519202405202649
SAMPLES:247
AUC:{}
AVGP:{}
CLASS:1
ACC:0.8024
PREC:0.9152542372881356
REC:0.85
TNR:0.5
FPR:0.0847457627118644
FPDR:0.0847457627118644
F1:0.8814210273643783
BACC:0
CLSFE:0.0847457627118644
MCC:0.3013043763047628
GMEAN:0.6519202405202649
SAMPLES:1003
AUC:{}
AVGP:{}
