

GENERAL_METRICS
ACC:0.7968
PREC:0.6112020526405672
REC:0.6491272168691524
TNR:0.6491272168691524
FPR:0.38879794735943285
FPDR:0.38879794735943285
F1:0.6235457602359983
BACC:0.0
CLSFE:0.2032
MCC:0.25755195685860943
GMEAN:0.6173400875444821
SAMPLES:1250.0
AUC:{'AUC macro OVO': 0.611202052640567}
AVGP:{'avg_precision': 0.8462329295199277}


METRICS_PER_CLASSES
CLASS:0
ACC:0.7968
PREC:0.31223628691983124
REC:0.4484848484848485
TNR:0.8497695852534562
FPR:0.6877637130801688
FPDR:0.6877637130801688
F1:0.3681592039800995
BACC:0
CLSFE:0.6877637130801688
MCC:0.25755195685860943
GMEAN:0.6173400875444821
SAMPLES:237
AUC:{}
AVGP:{}
CLASS:1
ACC:0.7968
PREC:0.910167818361303
REC:0.8497695852534562
TNR:0.4484848484848485
FPR:0.08983218163869694
FPDR:0.08983218163869694
F1:0.8789323164918971
BACC:0
CLSFE:0.08983218163869694
MCC:0.25755195685860943
GMEAN:0.6173400875444821
SAMPLES:1013
AUC:{}
AVGP:{}
