

GENERAL_METRICS
ACC:0.8176
PREC:0.6319220225403595
REC:0.7051945344628272
TNR:0.7051945344628272
FPR:0.36807797745964055
FPDR:0.36807797745964055
F1:0.6522082942830365
BACC:0.0
CLSFE:0.1824
MCC:0.329057308082125
GMEAN:0.6899674703936786
SAMPLES:1250.0
AUC:{'AUC macro OVO': 0.6319220225403595}
AVGP:{'avg_precision': 0.8480054685919993}


METRICS_PER_CLASSES
CLASS:0
ACC:0.8176
PREC:0.32653061224489793
REC:0.5594405594405595
TNR:0.8509485094850948
FPR:0.673469387755102
FPDR:0.673469387755102
F1:0.41237113402061853
BACC:0
CLSFE:0.673469387755102
MCC:0.329057308082125
GMEAN:0.6899674703936786
SAMPLES:245
AUC:{}
AVGP:{}
CLASS:1
ACC:0.8176
PREC:0.9373134328358209
REC:0.8509485094850948
TNR:0.5594405594405595
FPR:0.0626865671641791
FPDR:0.0626865671641791
F1:0.8920454545454546
BACC:0
CLSFE:0.0626865671641791
MCC:0.329057308082125
GMEAN:0.6899674703936786
SAMPLES:1005
AUC:{}
AVGP:{}
