NAME: KRNN
DIMENSIONS: 2
SAMPLES_COUNT: (50,)
TOTAL_SIZE: 400
SIZES: dict_values([50, 350])
IMBALANCED: True
IMBALANCED_RATIO: {0: 4, 1: 1}
NO_LABELS: (2,)
MEAN: ([0, 2.0],)
ST_DEV: 0.32313141485236063
NOISE: 0.6389641210827772
