NAME: KRNN
DIMENSIONS: 2
SAMPLES_COUNT: (50,)
TOTAL_SIZE: 750
SIZES: dict_values([50, 700])
IMBALANCED: True
IMBALANCED_RATIO: {0: 8, 1: 1}
NO_LABELS: (2,)
MEAN: ([0, 2.0],)
ST_DEV: 0.00011395753583476331
NOISE: 0.6847387244636562
