NAME: KRNN
DIMENSIONS: 2
SAMPLES_COUNT: (50,)
TOTAL_SIZE: 450
SIZES: dict_values([50, 400])
IMBALANCED: True
IMBALANCED_RATIO: {0: 5, 1: 1}
NO_LABELS: (2,)
MEAN: ([0, 2.0],)
ST_DEV: 0.5347615128166423
NOISE: 0.2345954119950242
