NAME: KRNN
DIMENSIONS: 2
SAMPLES_COUNT: (50,)
TOTAL_SIZE: 250
SIZES: dict_values([50, 200])
IMBALANCED: True
IMBALANCED_RATIO: {0: 3, 1: 1}
NO_LABELS: (2,)
MEAN: ([0, 2.0],)
ST_DEV: 0.12487503752266271
NOISE: 0.42029731161969375
