

GENERAL_METRICS
ACC:0.9149090909090909
PREC:0.6024449657887849
REC:0.7529388442858559
TNR:0.7529388442858559
FPR:0.39755503421121513
FPDR:0.39755503421121513
F1:0.6371917116206902
BACC:0.0
CLSFE:0.08509090909090909
MCC:0.32194602808246786
GMEAN:0.7325598061325149
SAMPLES:2750.0
AUC:{'AUC macro OVO': 0.6024449657887849}
AVGP:{'avg_precision': 0.9266508195557592}


METRICS_PER_CLASSES
CLASS:0
ACC:0.9149090909090909
PREC:0.22088353413654618
REC:0.5789473684210527
TNR:0.9269303201506591
FPR:0.7791164658634538
FPDR:0.7791164658634538
F1:0.31976744186046513
BACC:0
CLSFE:0.7791164658634538
MCC:0.32194602808246786
GMEAN:0.7325598061325149
SAMPLES:249
AUC:{}
AVGP:{}
CLASS:1
ACC:0.9149090909090909
PREC:0.9840063974410236
REC:0.9269303201506591
TNR:0.5789473684210527
FPR:0.01599360255897641
FPDR:0.01599360255897641
F1:0.9546159813809154
BACC:0
CLSFE:0.01599360255897641
MCC:0.32194602808246786
GMEAN:0.7325598061325149
SAMPLES:2501
AUC:{}
AVGP:{}
