

GENERAL_METRICS
ACC:0.9123636363636364
PREC:0.5678675132473371
REC:0.7022429906542056
TNR:0.7022429906542056
FPR:0.43213248675266286
FPDR:0.43213248675266286
F1:0.5917848196307924
BACC:0.0
CLSFE:0.08763636363636364
MCC:0.2343137114844574
GMEAN:0.6661480849090818
SAMPLES:2750.0
AUC:{'AUC macro OVO': 0.5678675132473371}
AVGP:{'avg_precision': 0.9243147129969858}


METRICS_PER_CLASSES
CLASS:0
ACC:0.9123636363636364
PREC:0.15126050420168066
REC:0.48
TNR:0.9244859813084112
FPR:0.8487394957983193
FPDR:0.8487394957983193
F1:0.23003194888178913
BACC:0
CLSFE:0.8487394957983193
MCC:0.2343137114844574
GMEAN:0.6661480849090818
SAMPLES:238
AUC:{}
AVGP:{}
CLASS:1
ACC:0.9123636363636364
PREC:0.9844745222929936
REC:0.9244859813084112
TNR:0.48
FPR:0.01552547770700637
FPDR:0.01552547770700637
F1:0.9535376903797956
BACC:0
CLSFE:0.01552547770700637
MCC:0.2343137114844574
GMEAN:0.6661480849090818
SAMPLES:2512
AUC:{}
AVGP:{}
