

GENERAL_METRICS
ACC:0.9076363636363637
PREC:0.5828397145533448
REC:0.7480992586770028
TNR:0.7480992586770028
FPR:0.41716028544665523
FPDR:0.41716028544665523
F1:0.6124826629680998
BACC:0.0
CLSFE:0.09236363636363637
MCC:0.2867226657918718
GMEAN:0.7285775271811649
SAMPLES:2750.0
AUC:{'AUC macro OVO': 0.5828397145533448}
AVGP:{'avg_precision': 0.9176741624208334}


METRICS_PER_CLASSES
CLASS:0
ACC:0.9076363636363637
PREC:0.1797752808988764
REC:0.5783132530120482
TNR:0.9178852643419573
FPR:0.8202247191011236
FPDR:0.8202247191011236
F1:0.2742857142857143
BACC:0
CLSFE:0.8202247191011236
MCC:0.2867226657918718
GMEAN:0.7285775271811649
SAMPLES:267
AUC:{}
AVGP:{}
CLASS:1
ACC:0.9076363636363637
PREC:0.9859041482078131
REC:0.9178852643419573
TNR:0.5783132530120482
FPR:0.014095851792186871
FPDR:0.014095851792186871
F1:0.9506796116504854
BACC:0
CLSFE:0.014095851792186871
MCC:0.2867226657918718
GMEAN:0.7285775271811649
SAMPLES:2483
AUC:{}
AVGP:{}
