

GENERAL_METRICS
ACC:0.9112727272727272
PREC:0.5759855942455774
REC:0.709117685590506
TNR:0.709117685590506
FPR:0.4240144057544226
FPDR:0.4240144057544226
F1:0.602187435525907
BACC:0.0
CLSFE:0.08872727272727272
MCC:0.25211054406235706
GMEAN:0.6756936477912208
SAMPLES:2750.0
AUC:{'AUC macro OVO': 0.5759855942455774}
AVGP:{'avg_precision': 0.9240479915533639}


METRICS_PER_CLASSES
CLASS:0
ACC:0.9112727272727272
PREC:0.16872427983539096
REC:0.4939759036144578
TNR:0.9242594675665542
FPR:0.831275720164609
FPDR:0.831275720164609
F1:0.25153374233128833
BACC:0
CLSFE:0.831275720164609
MCC:0.25211054406235706
GMEAN:0.6756936477912208
SAMPLES:243
AUC:{}
AVGP:{}
CLASS:1
ACC:0.9112727272727272
PREC:0.9832469086557638
REC:0.9242594675665542
TNR:0.4939759036144578
FPR:0.016753091344236137
FPDR:0.016753091344236137
F1:0.9528411287205257
BACC:0
CLSFE:0.016753091344236137
MCC:0.25211054406235706
GMEAN:0.6756936477912208
SAMPLES:2507
AUC:{}
AVGP:{}
