

GENERAL_METRICS
ACC:0.9091428571428571
PREC:0.6394081572336338
REC:0.6659328639194411
TNR:0.6659328639194411
FPR:0.3605918427663662
FPDR:0.3605918427663662
F1:0.6510862409479921
BACC:0.0
CLSFE:0.09085714285714286
MCC:0.30418675042485727
GMEAN:0.6048793241229856
SAMPLES:3500.0
AUC:{'AUC macro OVO': 0.6394081572336339}
AVGP:{'avg_precision': 0.9435925828440946}


METRICS_PER_CLASSES
CLASS:0
ACC:0.9091428571428571
PREC:0.3208955223880597
REC:0.38738738738738737
TNR:0.9444783404514948
FPR:0.6791044776119403
FPDR:0.6791044776119403
F1:0.3510204081632653
BACC:0
CLSFE:0.6791044776119403
MCC:0.30418675042485727
GMEAN:0.6048793241229856
SAMPLES:268
AUC:{}
AVGP:{}
CLASS:1
ACC:0.9091428571428571
PREC:0.9579207920792079
REC:0.9444783404514948
TNR:0.38738738738738737
FPR:0.04207920792079208
FPDR:0.04207920792079208
F1:0.9511520737327189
BACC:0
CLSFE:0.04207920792079208
MCC:0.30418675042485727
GMEAN:0.6048793241229856
SAMPLES:3232
AUC:{}
AVGP:{}
