

GENERAL_METRICS
ACC:0.874
PREC:0.882062693498452
REC:0.8842748017321072
TNR:0.8842748017321072
FPR:0.11793730650154799
FPDR:0.11793730650154799
F1:0.8739752991586351
BACC:0.0
CLSFE:0.126
MCC:0.7663343024903753
GMEAN:0.8798273915898929
SAMPLES:500.0
AUC:{'AUC macro OVO': 0.8820626934984521}
AVGP:{'avg_precision': 0.8829812350279478}


METRICS_PER_CLASSES
CLASS:0
ACC:0.874
PREC:0.9736842105263158
REC:0.7956989247311828
TNR:0.9728506787330317
FPR:0.02631578947368421
FPDR:0.02631578947368421
F1:0.8757396449704142
BACC:0
CLSFE:0.02631578947368421
MCC:0.7663343024903753
GMEAN:0.8798273915898929
SAMPLES:228
AUC:{}
AVGP:{}
CLASS:1
ACC:0.874
PREC:0.7904411764705882
REC:0.9728506787330317
TNR:0.7956989247311828
FPR:0.20955882352941177
FPDR:0.20955882352941177
F1:0.8722109533468559
BACC:0
CLSFE:0.20955882352941177
MCC:0.7663343024903753
GMEAN:0.8798273915898929
SAMPLES:272
AUC:{}
AVGP:{}
