

GENERAL_METRICS
ACC:0.868
PREC:0.8674795186891961
REC:0.8743805425143454
TNR:0.8743805425143454
FPR:0.13252048131080388
FPDR:0.13252048131080388
F1:0.8673121461657232
BACC:0.0
CLSFE:0.132
MCC:0.7418279627238966
GMEAN:0.873120979689958
SAMPLES:500.0
AUC:{'AUC macro OVO': 0.867479518689196}
AVGP:{'avg_precision': 0.8372659796893667}


METRICS_PER_CLASSES
CLASS:0
ACC:0.868
PREC:0.9325396825396826
REC:0.8274647887323944
TNR:0.9212962962962963
FPR:0.06746031746031746
FPDR:0.06746031746031746
F1:0.8768656716417911
BACC:0
CLSFE:0.06746031746031746
MCC:0.7418279627238966
GMEAN:0.873120979689958
SAMPLES:252
AUC:{}
AVGP:{}
CLASS:1
ACC:0.868
PREC:0.8024193548387096
REC:0.9212962962962963
TNR:0.8274647887323944
FPR:0.1975806451612903
FPDR:0.1975806451612903
F1:0.8577586206896551
BACC:0
CLSFE:0.1975806451612903
MCC:0.7418279627238966
GMEAN:0.873120979689958
SAMPLES:248
AUC:{}
AVGP:{}
