

GENERAL_METRICS
ACC:0.858
PREC:0.8539332147036662
REC:0.8705357142857143
TNR:0.8705357142857143
FPR:0.1460667852963337
FPDR:0.1460667852963337
F1:0.8555589461906214
BACC:0.0
CLSFE:0.142
MCC:0.7242786660385961
GMEAN:0.8685990362153793
SAMPLES:500.0
AUC:{'AUC macro OVO': 0.8539332147036662}
AVGP:{'avg_precision': 0.8211129707112971}


METRICS_PER_CLASSES
CLASS:0
ACC:0.858
PREC:0.946360153256705
REC:0.8125
TNR:0.9285714285714286
FPR:0.05363984674329502
FPDR:0.05363984674329502
F1:0.8743362831858407
BACC:0
CLSFE:0.05363984674329502
MCC:0.7242786660385961
GMEAN:0.8685990362153793
SAMPLES:261
AUC:{}
AVGP:{}
CLASS:1
ACC:0.858
PREC:0.7615062761506276
REC:0.9285714285714286
TNR:0.8125
FPR:0.2384937238493724
FPDR:0.2384937238493724
F1:0.8367816091954023
BACC:0
CLSFE:0.2384937238493724
MCC:0.7242786660385961
GMEAN:0.8685990362153793
SAMPLES:239
AUC:{}
AVGP:{}
