

GENERAL_METRICS
ACC:0.86
PREC:0.8613240306604151
REC:0.8782731064984671
TNR:0.8782731064984671
FPR:0.1386759693395849
FPDR:0.1386759693395849
F1:0.8585858585858586
BACC:0.0
CLSFE:0.14
MCC:0.7394029037824036
GMEAN:0.87403332971143
SAMPLES:500.0
AUC:{'AUC macro OVO': 0.8613240306604151}
AVGP:{'avg_precision': 0.8503032844445336}


METRICS_PER_CLASSES
CLASS:0
ACC:0.86
PREC:0.97165991902834
REC:0.7920792079207921
TNR:0.9644670050761421
FPR:0.02834008097165992
FPDR:0.02834008097165992
F1:0.8727272727272727
BACC:0
CLSFE:0.02834008097165992
MCC:0.7394029037824036
GMEAN:0.87403332971143
SAMPLES:247
AUC:{}
AVGP:{}
CLASS:1
ACC:0.86
PREC:0.7509881422924901
REC:0.9644670050761421
TNR:0.7920792079207921
FPR:0.2490118577075099
FPDR:0.2490118577075099
F1:0.8444444444444444
BACC:0
CLSFE:0.2490118577075099
MCC:0.7394029037824036
GMEAN:0.87403332971143
SAMPLES:253
AUC:{}
AVGP:{}
