

GENERAL_METRICS
ACC:0.9402352941176471
PREC:0.5839230629649791
REC:0.696144578313253
TNR:0.696144578313253
FPR:0.4160769370350209
FPDR:0.4160769370350209
F1:0.6130874296962476
BACC:0.0
CLSFE:0.05976470588235294
MCC:0.2566012766610674
GMEAN:0.6473076771641617
SAMPLES:4250.0
AUC:{'AUC macro OVO': 0.5839230629649791}
AVGP:{'avg_precision': 0.9521601898966066}


METRICS_PER_CLASSES
CLASS:0
ACC:0.9402352941176471
PREC:0.18181818181818182
REC:0.44
TNR:0.952289156626506
FPR:0.8181818181818182
FPDR:0.8181818181818182
F1:0.2573099415204678
BACC:0
CLSFE:0.8181818181818182
MCC:0.2566012766610674
GMEAN:0.6473076771641617
SAMPLES:242
AUC:{}
AVGP:{}
CLASS:1
ACC:0.9402352941176471
PREC:0.9860279441117764
REC:0.952289156626506
TNR:0.44
FPR:0.013972055888223553
FPDR:0.013972055888223553
F1:0.9688649178720274
BACC:0
CLSFE:0.013972055888223553
MCC:0.2566012766610674
GMEAN:0.6473076771641617
SAMPLES:4008
AUC:{}
AVGP:{}
