

GENERAL_METRICS
ACC:0.9392941176470588
PREC:0.5698345045446297
REC:0.6809161324786325
TNR:0.6809161324786325
FPR:0.43016549545537025
FPDR:0.43016549545537025
F1:0.5956524432696506
BACC:0.0
CLSFE:0.06070588235294118
MCC:0.22480381202974203
GMEAN:0.6251815975494879
SAMPLES:4250.0
AUC:{'AUC macro OVO': 0.5698345045446297}
AVGP:{'avg_precision': 0.9506198306159175}


METRICS_PER_CLASSES
CLASS:0
ACC:0.9392941176470588
PREC:0.15289256198347106
REC:0.4111111111111111
TNR:0.9507211538461539
FPR:0.8471074380165289
FPDR:0.8471074380165289
F1:0.22289156626506024
BACC:0
CLSFE:0.8471074380165289
MCC:0.22480381202974203
GMEAN:0.6251815975494879
SAMPLES:242
AUC:{}
AVGP:{}
CLASS:1
ACC:0.9392941176470588
PREC:0.9867764471057884
REC:0.9507211538461539
TNR:0.4111111111111111
FPR:0.013223552894211578
FPDR:0.013223552894211578
F1:0.968413320274241
BACC:0
CLSFE:0.013223552894211578
MCC:0.22480381202974203
GMEAN:0.6251815975494879
SAMPLES:4008
AUC:{}
AVGP:{}
