

GENERAL_METRICS
ACC:0.936235294117647
PREC:0.5813186813186814
REC:0.6974991864513124
TNR:0.6974991864513124
FPR:0.41868131868131864
FPDR:0.41868131868131864
F1:0.6100694342172662
BACC:0.0
CLSFE:0.06376470588235295
MCC:0.25345905707812527
GMEAN:0.6508115608225736
SAMPLES:4250.0
AUC:{'AUC macro OVO': 0.5813186813186814}
AVGP:{'avg_precision': 0.9482596754158621}


METRICS_PER_CLASSES
CLASS:0
ACC:0.936235294117647
PREC:0.17692307692307693
REC:0.44660194174757284
TNR:0.9483964311550519
FPR:0.823076923076923
FPDR:0.823076923076923
F1:0.2534435261707989
BACC:0
CLSFE:0.823076923076923
MCC:0.25345905707812527
GMEAN:0.6508115608225736
SAMPLES:260
AUC:{}
AVGP:{}
CLASS:1
ACC:0.936235294117647
PREC:0.9857142857142858
REC:0.9483964311550519
TNR:0.44660194174757284
FPR:0.014285714285714285
FPDR:0.014285714285714285
F1:0.9666953422637335
BACC:0
CLSFE:0.014285714285714285
MCC:0.25345905707812527
GMEAN:0.6508115608225736
SAMPLES:3990
AUC:{}
AVGP:{}
