

GENERAL_METRICS
ACC:0.9334117647058824
PREC:0.5694608949226744
REC:0.6840105649623549
TNR:0.6840105649623549
FPR:0.43053910507732557
FPDR:0.43053910507732557
F1:0.5949347904791574
BACC:0.0
CLSFE:0.06658823529411764
MCC:0.22611093310596095
GMEAN:0.6321210361368851
SAMPLES:4250.0
AUC:{'AUC macro OVO': 0.5694608949226745}
AVGP:{'avg_precision': 0.9452225924152916}


METRICS_PER_CLASSES
CLASS:0
ACC:0.9334117647058824
PREC:0.15298507462686567
REC:0.422680412371134
TNR:0.9453407175535757
FPR:0.8470149253731343
FPDR:0.8470149253731343
F1:0.22465753424657534
BACC:0
CLSFE:0.8470149253731343
MCC:0.22611093310596095
GMEAN:0.6321210361368851
SAMPLES:268
AUC:{}
AVGP:{}
CLASS:1
ACC:0.9334117647058824
PREC:0.9859367152184831
REC:0.9453407175535757
TNR:0.422680412371134
FPR:0.014063284781516826
FPDR:0.014063284781516826
F1:0.9652120467117394
BACC:0
CLSFE:0.014063284781516826
MCC:0.22611093310596095
GMEAN:0.6321210361368851
SAMPLES:3982
AUC:{}
AVGP:{}
