

GENERAL_METRICS
ACC:0.8386666666666667
PREC:0.7123546115843934
REC:0.7069867671035502
TNR:0.7069867671035502
FPR:0.2876453884156066
FPDR:0.2876453884156066
F1:0.7096
BACC:0.0
CLSFE:0.16133333333333333
MCC:0.41930702131676123
GMEAN:0.67836892699118
SAMPLES:1500.0
AUC:{'AUC macro OVO': 0.7123546115843934}
AVGP:{'avg_precision': 0.8991119269061315}


METRICS_PER_CLASSES
CLASS:0
ACC:0.8386666666666667
PREC:0.524390243902439
REC:0.5078740157480315
TNR:0.906099518459069
FPR:0.47560975609756095
FPDR:0.47560975609756095
F1:0.516
BACC:0
CLSFE:0.47560975609756095
MCC:0.41930702131676123
GMEAN:0.67836892699118
SAMPLES:246
AUC:{}
AVGP:{}
CLASS:1
ACC:0.8386666666666667
PREC:0.9003189792663477
REC:0.906099518459069
TNR:0.5078740157480315
FPR:0.09968102073365231
FPDR:0.09968102073365231
F1:0.9032
BACC:0
CLSFE:0.09968102073365231
MCC:0.41930702131676123
GMEAN:0.67836892699118
SAMPLES:1254
AUC:{}
AVGP:{}
