

GENERAL_METRICS
ACC:0.8506666666666667
PREC:0.7485289791115034
REC:0.7427907645142747
TNR:0.7427907645142747
FPR:0.2514710208884966
FPDR:0.2514710208884966
F1:0.7455902306648575
BACC:0.0
CLSFE:0.14933333333333335
MCC:0.49128623364565843
GMEAN:0.7232487223031139
SAMPLES:1500.0
AUC:{'AUC macro OVO': 0.7485289791115033}
AVGP:{'avg_precision': 0.903788326323224}


METRICS_PER_CLASSES
CLASS:0
ACC:0.8506666666666667
PREC:0.5909090909090909
REC:0.5735294117647058
TNR:0.9120521172638436
FPR:0.4090909090909091
FPDR:0.4090909090909091
F1:0.582089552238806
BACC:0
CLSFE:0.4090909090909091
MCC:0.49128623364565843
GMEAN:0.7232487223031139
SAMPLES:264
AUC:{}
AVGP:{}
CLASS:1
ACC:0.8506666666666667
PREC:0.9061488673139159
REC:0.9120521172638436
TNR:0.5735294117647058
FPR:0.09385113268608414
FPDR:0.09385113268608414
F1:0.9090909090909091
BACC:0
CLSFE:0.09385113268608414
MCC:0.49128623364565843
GMEAN:0.7232487223031139
SAMPLES:1236
AUC:{}
AVGP:{}
