

GENERAL_METRICS
ACC:0.842
PREC:0.7322277563957438
REC:0.7094253570688677
TNR:0.7094253570688677
FPR:0.2677722436042563
FPDR:0.2677722436042563
F1:0.7196193132211127
BACC:0.0
CLSFE:0.158
MCC:0.4410640806253923
GMEAN:0.6783765475539696
SAMPLES:1500.0
AUC:{'AUC macro OVO': 0.7322277563957437}
AVGP:{'avg_precision': 0.9089107916322264}


METRICS_PER_CLASSES
CLASS:0
ACC:0.842
PREC:0.5714285714285714
REC:0.5018450184501845
TNR:0.9170056956875509
FPR:0.42857142857142855
FPDR:0.42857142857142855
F1:0.5343811394891945
BACC:0
CLSFE:0.42857142857142855
MCC:0.4410640806253923
GMEAN:0.6783765475539696
SAMPLES:238
AUC:{}
AVGP:{}
CLASS:1
ACC:0.842
PREC:0.893026941362916
REC:0.9170056956875509
TNR:0.5018450184501845
FPR:0.10697305863708399
FPDR:0.10697305863708399
F1:0.9048574869530309
BACC:0
CLSFE:0.10697305863708399
MCC:0.4410640806253923
GMEAN:0.6783765475539696
SAMPLES:1262
AUC:{}
AVGP:{}
