

GENERAL_METRICS
ACC:0.8426666666666667
PREC:0.7370440234378559
REC:0.7316512059369202
TNR:0.7316512059369202
FPR:0.26295597656214403
FPDR:0.26295597656214403
F1:0.7342813135210278
BACC:0.0
CLSFE:0.15733333333333333
MCC:0.4686642034101556
GMEAN:0.7103434064605941
SAMPLES:1500.0
AUC:{'AUC macro OVO': 0.737044023437856}
AVGP:{'avg_precision': 0.8985344522237119}


METRICS_PER_CLASSES
CLASS:0
ACC:0.8426666666666667
PREC:0.5730337078651685
REC:0.5563636363636364
TNR:0.9069387755102041
FPR:0.42696629213483145
FPDR:0.42696629213483145
F1:0.5645756457564576
BACC:0
CLSFE:0.42696629213483145
MCC:0.4686642034101556
GMEAN:0.7103434064605941
SAMPLES:267
AUC:{}
AVGP:{}
CLASS:1
ACC:0.8426666666666667
PREC:0.9010543390105434
REC:0.9069387755102041
TNR:0.5563636363636364
FPR:0.0989456609894566
FPDR:0.0989456609894566
F1:0.9039869812855981
BACC:0
CLSFE:0.0989456609894566
MCC:0.4686642034101556
GMEAN:0.7103434064605941
SAMPLES:1233
AUC:{}
AVGP:{}
