

GENERAL_METRICS
ACC:0.8674285714285714
PREC:0.6551345517804218
REC:0.7246283857325
TNR:0.7246283857325
FPR:0.3448654482195782
FPDR:0.3448654482195782
F1:0.6795327176572736
BACC:0.0
CLSFE:0.13257142857142856
MCC:0.3733503659447574
GMEAN:0.7031182351970432
SAMPLES:1750.0
AUC:{'AUC macro OVO': 0.6551345517804218}
AVGP:{'avg_precision': 0.8978527845085047}


METRICS_PER_CLASSES
CLASS:0
ACC:0.8674285714285714
PREC:0.3588709677419355
REC:0.5493827160493827
TNR:0.8998740554156172
FPR:0.6411290322580645
FPDR:0.6411290322580645
F1:0.43414634146341463
BACC:0
CLSFE:0.6411290322580645
MCC:0.3733503659447574
GMEAN:0.7031182351970432
SAMPLES:248
AUC:{}
AVGP:{}
CLASS:1
ACC:0.8674285714285714
PREC:0.9513981358189081
REC:0.8998740554156172
TNR:0.5493827160493827
FPR:0.04860186418109188
FPDR:0.04860186418109188
F1:0.9249190938511327
BACC:0
CLSFE:0.04860186418109188
MCC:0.3733503659447574
GMEAN:0.7031182351970432
SAMPLES:1502
AUC:{}
AVGP:{}
