

GENERAL_METRICS
ACC:0.8668571428571429
PREC:0.6544031642452598
REC:0.7434826574982303
TNR:0.7434826574982303
FPR:0.3455968357547402
FPDR:0.3455968357547402
F1:0.6828356322402344
BACC:0.0
CLSFE:0.13314285714285715
MCC:0.38778598611384396
GMEAN:0.728207509271783
SAMPLES:1750.0
AUC:{'AUC macro OVO': 0.6544031642452598}
AVGP:{'avg_precision': 0.8915908079684498}


METRICS_PER_CLASSES
CLASS:0
ACC:0.8668571428571429
PREC:0.3511450381679389
REC:0.5935483870967742
TNR:0.8934169278996865
FPR:0.648854961832061
FPDR:0.648854961832061
F1:0.4412470023980815
BACC:0
CLSFE:0.648854961832061
MCC:0.38778598611384396
GMEAN:0.728207509271783
SAMPLES:262
AUC:{}
AVGP:{}
CLASS:1
ACC:0.8668571428571429
PREC:0.9576612903225806
REC:0.8934169278996865
TNR:0.5935483870967742
FPR:0.04233870967741935
FPDR:0.04233870967741935
F1:0.9244242620823873
BACC:0
CLSFE:0.04233870967741935
MCC:0.38778598611384396
GMEAN:0.728207509271783
SAMPLES:1488
AUC:{}
AVGP:{}
