

GENERAL_METRICS
ACC:0.8588571428571429
PREC:0.6446554550080419
REC:0.7199054638181422
TNR:0.7199054638181422
FPR:0.35534454499195817
FPDR:0.35534454499195817
F1:0.669249163079866
BACC:0.0
CLSFE:0.14114285714285715
MCC:0.356710105981694
GMEAN:0.6994182363426096
SAMPLES:1750.0
AUC:{'AUC macro OVO': 0.6446554550080419}
AVGP:{'avg_precision': 0.888429478171501}


METRICS_PER_CLASSES
CLASS:0
ACC:0.8588571428571429
PREC:0.33840304182509506
REC:0.5493827160493827
TNR:0.8904282115869018
FPR:0.6615969581749049
FPDR:0.6615969581749049
F1:0.4188235294117647
BACC:0
CLSFE:0.6615969581749049
MCC:0.356710105981694
GMEAN:0.6994182363426096
SAMPLES:263
AUC:{}
AVGP:{}
CLASS:1
ACC:0.8588571428571429
PREC:0.9509078681909886
REC:0.8904282115869018
TNR:0.5493827160493827
FPR:0.04909213180901143
FPDR:0.04909213180901143
F1:0.9196747967479675
BACC:0
CLSFE:0.04909213180901143
MCC:0.356710105981694
GMEAN:0.6994182363426096
SAMPLES:1487
AUC:{}
AVGP:{}
