

GENERAL_METRICS
ACC:0.8697142857142857
PREC:0.6606778180133901
REC:0.7399960691823899
TNR:0.7399960691823899
FPR:0.33932218198660996
FPDR:0.33932218198660996
F1:0.687696657180159
BACC:0.0
CLSFE:0.13028571428571428
MCC:0.39274441932644705
GMEAN:0.7227681979200028
SAMPLES:1750.0
AUC:{'AUC macro OVO': 0.6606778180133901}
AVGP:{'avg_precision': 0.8967767007317506}


METRICS_PER_CLASSES
CLASS:0
ACC:0.8697142857142857
PREC:0.3661417322834646
REC:0.58125
TNR:0.8987421383647799
FPR:0.6338582677165354
FPDR:0.6338582677165354
F1:0.4492753623188406
BACC:0
CLSFE:0.6338582677165354
MCC:0.39274441932644705
GMEAN:0.7227681979200028
SAMPLES:254
AUC:{}
AVGP:{}
CLASS:1
ACC:0.8697142857142857
PREC:0.9552139037433155
REC:0.8987421383647799
TNR:0.58125
FPR:0.04478609625668449
FPDR:0.04478609625668449
F1:0.9261179520414776
BACC:0
CLSFE:0.04478609625668449
MCC:0.39274441932644705
GMEAN:0.7227681979200028
SAMPLES:1496
AUC:{}
AVGP:{}
