

GENERAL_METRICS
ACC:0.824
PREC:0.690016500605585
REC:0.7069527368329127
TNR:0.7069527368329127
FPR:0.3099834993944151
FPDR:0.3099834993944151
F1:0.6976812703103219
BACC:0.0
CLSFE:0.176
MCC:0.3966077903608986
GMEAN:0.6847321778212427
SAMPLES:1250.0
AUC:{'AUC macro OVO': 0.690016500605585}
AVGP:{'avg_precision': 0.8761362739291789}


METRICS_PER_CLASSES
CLASS:0
ACC:0.824
PREC:0.47639484978540775
REC:0.5311004784688995
TNR:0.882804995196926
FPR:0.5236051502145923
FPDR:0.5236051502145923
F1:0.502262443438914
BACC:0
CLSFE:0.5236051502145923
MCC:0.3966077903608986
GMEAN:0.6847321778212427
SAMPLES:233
AUC:{}
AVGP:{}
CLASS:1
ACC:0.824
PREC:0.9036381514257621
REC:0.882804995196926
TNR:0.5311004784688995
FPR:0.09636184857423795
FPDR:0.09636184857423795
F1:0.8931000971817298
BACC:0
CLSFE:0.09636184857423795
MCC:0.3966077903608986
GMEAN:0.6847321778212427
SAMPLES:1017
AUC:{}
AVGP:{}
