

GENERAL_METRICS
ACC:0.812
PREC:0.6695
REC:0.7009732083149552
TNR:0.7009732083149552
FPR:0.33049999999999996
FPDR:0.33049999999999996
F1:0.6821228028598667
BACC:0.0
CLSFE:0.188
MCC:0.3691338987922129
GMEAN:0.6816002616383601
SAMPLES:1250.0
AUC:{'AUC macro OVO': 0.6695}
AVGP:{'avg_precision': 0.8586221163012393}


METRICS_PER_CLASSES
CLASS:0
ACC:0.812
PREC:0.432
REC:0.5373134328358209
TNR:0.8646329837940896
FPR:0.568
FPDR:0.568
F1:0.4789356984478936
BACC:0
CLSFE:0.568
MCC:0.3691338987922129
GMEAN:0.6816002616383601
SAMPLES:250
AUC:{}
AVGP:{}
CLASS:1
ACC:0.812
PREC:0.907
REC:0.8646329837940896
TNR:0.5373134328358209
FPR:0.093
FPDR:0.093
F1:0.8853099072718399
BACC:0
CLSFE:0.093
MCC:0.3691338987922129
GMEAN:0.6816002616383601
SAMPLES:1000
AUC:{}
AVGP:{}
