

GENERAL_METRICS
ACC:0.824
PREC:0.6679339552359667
REC:0.7194271626883358
TNR:0.7194271626883358
FPR:0.33206604476403334
FPDR:0.33206604476403334
F1:0.6864009779728047
BACC:0.0
CLSFE:0.176
MCC:0.38392328044263313
GMEAN:0.7045471611025821
SAMPLES:1250.0
AUC:{'AUC macro OVO': 0.6679339552359667}
AVGP:{'avg_precision': 0.8603748506903485}


METRICS_PER_CLASSES
CLASS:0
ACC:0.824
PREC:0.4105691056910569
REC:0.5738636363636364
TNR:0.8649906890130353
FPR:0.5894308943089431
FPDR:0.5894308943089431
F1:0.4786729857819905
BACC:0
CLSFE:0.5894308943089431
MCC:0.38392328044263313
GMEAN:0.7045471611025821
SAMPLES:246
AUC:{}
AVGP:{}
CLASS:1
ACC:0.824
PREC:0.9252988047808764
REC:0.8649906890130353
TNR:0.5738636363636364
FPR:0.07470119521912351
FPDR:0.07470119521912351
F1:0.8941289701636189
BACC:0
CLSFE:0.07470119521912351
MCC:0.38392328044263313
GMEAN:0.7045471611025821
SAMPLES:1004
AUC:{}
AVGP:{}
