

GENERAL_METRICS
ACC:0.808
PREC:0.6617401469605878
REC:0.695284594999424
TNR:0.695284594999424
FPR:0.3382598530394122
FPDR:0.3382598530394122
F1:0.6747967479674797
BACC:0.0
CLSFE:0.192
MCC:0.35544540562142984
GMEAN:0.6754270881108061
SAMPLES:1250.0
AUC:{'AUC macro OVO': 0.6617401469605878}
AVGP:{'avg_precision': 0.854501076678071}


METRICS_PER_CLASSES
CLASS:0
ACC:0.808
PREC:0.4166666666666667
REC:0.5303030303030303
TNR:0.8602661596958175
FPR:0.5833333333333334
FPDR:0.5833333333333334
F1:0.4666666666666667
BACC:0
CLSFE:0.5833333333333334
MCC:0.35544540562142984
GMEAN:0.6754270881108061
SAMPLES:252
AUC:{}
AVGP:{}
CLASS:1
ACC:0.808
PREC:0.906813627254509
REC:0.8602661596958175
TNR:0.5303030303030303
FPR:0.09318637274549098
FPDR:0.09318637274549098
F1:0.8829268292682927
BACC:0
CLSFE:0.09318637274549098
MCC:0.35544540562142984
GMEAN:0.6754270881108061
SAMPLES:998
AUC:{}
AVGP:{}
