

GENERAL_METRICS
ACC:0.927
PREC:0.4963855421686747
REC:0.46664988673546437
TNR:0.46664988673546437
FPR:0.5036144578313253
FPDR:0.5036144578313253
F1:0.48105864037363777
BACC:0.0
CLSFE:0.073
MCC:-0.021958376812923727
GMEAN:0.0
SAMPLES:4000.0
AUC:{'AUC macro OVO': 0.4963855421686747}
AVGP:{'avg_precision': 0.9333030281205366}


METRICS_PER_CLASSES
CLASS:0
ACC:0.927
PREC:0.0
REC:0.0
TNR:0.9332997734709287
FPR:1.0
FPDR:1.0
F1:0.0
BACC:0
CLSFE:1.0
MCC:-0.021958376812923727
GMEAN:0
SAMPLES:265
AUC:{}
AVGP:{}
CLASS:1
ACC:0.927
PREC:0.9927710843373494
REC:0.9332997734709287
TNR:0.0
FPR:0.007228915662650603
FPDR:0.007228915662650603
F1:0.9621172807472755
BACC:0
CLSFE:0.007228915662650603
MCC:-0.021958376812923727
GMEAN:0
SAMPLES:3735
AUC:{}
AVGP:{}
