

GENERAL_METRICS
ACC:0.9335
PREC:0.495619856649854
REC:0.4706327199395009
TNR:0.4706327199395009
FPR:0.504380143350146
FPDR:0.504380143350146
F1:0.48280320662011894
BACC:0.0
CLSFE:0.0665
MCC:-0.02268328869179869
GMEAN:0.0
SAMPLES:4000.0
AUC:{'AUC macro OVO': 0.495619856649854}
AVGP:{'avg_precision': 0.9412696847645853}


METRICS_PER_CLASSES
CLASS:0
ACC:0.9335
PREC:0.0
REC:0.0
TNR:0.9412654398790018
FPR:1.0
FPDR:1.0
F1:0.0
BACC:0
CLSFE:1.0
MCC:-0.02268328869179869
GMEAN:0
SAMPLES:233
AUC:{}
AVGP:{}
CLASS:1
ACC:0.9335
PREC:0.991239713299708
REC:0.9412654398790018
TNR:0.0
FPR:0.00876028670029201
FPDR:0.00876028670029201
F1:0.9656064132402379
BACC:0
CLSFE:0.00876028670029201
MCC:-0.02268328869179869
GMEAN:0
SAMPLES:3767
AUC:{}
AVGP:{}
