

GENERAL_METRICS
ACC:0.93175
PREC:0.4981792983504987
REC:0.48593618807724603
TNR:0.48593618807724603
FPR:0.5018207016495013
FPDR:0.5018207016495013
F1:0.4859664607237423
BACC:0.0
CLSFE:0.06825
MCC:-0.010120475397141159
GMEAN:0.17687463006521112
SAMPLES:4000.0
AUC:{'AUC macro OVO': 0.4981792983504987}
AVGP:{'avg_precision': 0.9385406720510353}


METRICS_PER_CLASSES
CLASS:0
ACC:0.93175
PREC:0.004081632653061225
REC:0.03333333333333333
TNR:0.9385390428211587
FPR:0.9959183673469387
FPDR:0.9959183673469387
F1:0.007272727272727273
BACC:0
CLSFE:0.9959183673469387
MCC:-0.010120475397141159
GMEAN:0.17687463006521112
SAMPLES:245
AUC:{}
AVGP:{}
CLASS:1
ACC:0.93175
PREC:0.9922769640479361
REC:0.9385390428211587
TNR:0.03333333333333333
FPR:0.007723035952063915
FPDR:0.007723035952063915
F1:0.9646601941747572
BACC:0
CLSFE:0.007723035952063915
MCC:-0.010120475397141159
GMEAN:0.17687463006521112
SAMPLES:3755
AUC:{}
AVGP:{}
