

GENERAL_METRICS
ACC:0.9305
PREC:0.49639903974393174
REC:0.468411779511704
TNR:0.468411779511704
FPR:0.5036009602560683
FPDR:0.5036009602560683
F1:0.481999481999482
BACC:0.0
CLSFE:0.0695
MCC:-0.021330534596045718
GMEAN:0.0
SAMPLES:4000.0
AUC:{'AUC macro OVO': 0.49639903974393174}
AVGP:{'avg_precision': 0.9368266302174245}


METRICS_PER_CLASSES
CLASS:0
ACC:0.9305
PREC:0.0
REC:0.0
TNR:0.936823559023408
FPR:1.0
FPDR:1.0
F1:0.0
BACC:0
CLSFE:1.0
MCC:-0.021330534596045718
GMEAN:0
SAMPLES:251
AUC:{}
AVGP:{}
CLASS:1
ACC:0.9305
PREC:0.9927980794878635
REC:0.936823559023408
TNR:0.0
FPR:0.00720192051213657
FPDR:0.00720192051213657
F1:0.963998963998964
BACC:0
CLSFE:0.00720192051213657
MCC:-0.021330534596045718
GMEAN:0
SAMPLES:3749
AUC:{}
AVGP:{}
