

GENERAL_METRICS
ACC:0.9053333333333333
PREC:0.6542797922740524
REC:0.6866183601498788
TNR:0.6866183601498788
FPR:0.3457202077259475
FPDR:0.3457202077259475
F1:0.6683152282240382
BACC:0.0
CLSFE:0.09466666666666666
MCC:0.33936082177203436
GMEAN:0.6379391290540372
SAMPLES:3000.0
AUC:{'AUC macro OVO': 0.6542797922740524}
AVGP:{'avg_precision': 0.9394315940866726}


METRICS_PER_CLASSES
CLASS:0
ACC:0.9053333333333333
PREC:0.3515625
REC:0.4326923076923077
TNR:0.9405444126074498
FPR:0.6484375
FPDR:0.6484375
F1:0.3879310344827586
BACC:0
CLSFE:0.6484375
MCC:0.33936082177203436
GMEAN:0.6379391290540372
SAMPLES:256
AUC:{}
AVGP:{}
CLASS:1
ACC:0.9053333333333333
PREC:0.956997084548105
REC:0.9405444126074498
TNR:0.4326923076923077
FPR:0.043002915451895045
FPDR:0.043002915451895045
F1:0.9486994219653179
BACC:0
CLSFE:0.043002915451895045
MCC:0.33936082177203436
GMEAN:0.6379391290540372
SAMPLES:2744
AUC:{}
AVGP:{}
