

GENERAL_METRICS
ACC:0.8936666666666667
PREC:0.6440912760171941
REC:0.6659420470400638
TNR:0.6659420470400638
FPR:0.355908723982806
FPDR:0.355908723982806
F1:0.6538867576784155
BACC:0.0
CLSFE:0.10633333333333334
MCC:0.3092623566029854
GMEAN:0.6090218911850338
SAMPLES:3000.0
AUC:{'AUC macro OVO': 0.644091276017194}
AVGP:{'avg_precision': 0.9340156977331183}


METRICS_PER_CLASSES
CLASS:0
ACC:0.8936666666666667
PREC:0.33948339483394835
REC:0.39655172413793105
TNR:0.9353323699421965
FPR:0.6605166051660517
FPDR:0.6605166051660517
F1:0.3658051689860835
BACC:0
CLSFE:0.6605166051660517
MCC:0.3092623566029854
GMEAN:0.6090218911850338
SAMPLES:271
AUC:{}
AVGP:{}
CLASS:1
ACC:0.8936666666666667
PREC:0.9486991572004397
REC:0.9353323699421965
TNR:0.39655172413793105
FPR:0.05130084279956028
FPDR:0.05130084279956028
F1:0.9419683463707477
BACC:0
CLSFE:0.05130084279956028
MCC:0.3092623566029854
GMEAN:0.6090218911850338
SAMPLES:2729
AUC:{}
AVGP:{}
