

GENERAL_METRICS
ACC:0.908
PREC:0.6691075181965178
REC:0.6816964336596875
TNR:0.6816964336596875
FPR:0.33089248180348213
FPDR:0.33089248180348213
F1:0.6750902527075813
BACC:0.0
CLSFE:0.092
MCC:0.3505779968072611
GMEAN:0.6279086211130412
SAMPLES:3000.0
AUC:{'AUC macro OVO': 0.6691075181965178}
AVGP:{'avg_precision': 0.9458525239550157}


METRICS_PER_CLASSES
CLASS:0
ACC:0.908
PREC:0.38493723849372385
REC:0.416289592760181
TNR:0.947103274559194
FPR:0.6150627615062761
FPDR:0.6150627615062761
F1:0.4
BACC:0
CLSFE:0.6150627615062761
MCC:0.3505779968072611
GMEAN:0.6279086211130412
SAMPLES:239
AUC:{}
AVGP:{}
CLASS:1
ACC:0.908
PREC:0.9532777978993119
REC:0.947103274559194
TNR:0.416289592760181
FPR:0.04672220210068816
FPDR:0.04672220210068816
F1:0.9501805054151624
BACC:0
CLSFE:0.04672220210068816
MCC:0.3505779968072611
GMEAN:0.6279086211130412
SAMPLES:2761
AUC:{}
AVGP:{}
