

GENERAL_METRICS
ACC:0.899
PREC:0.6335476267009537
REC:0.6609681507604144
TNR:0.6609681507604144
FPR:0.3664523732990464
FPDR:0.3664523732990464
F1:0.6454247900731424
BACC:0.0
CLSFE:0.101
MCC:0.2932365223398657
GMEAN:0.6004232215393008
SAMPLES:3000.0
AUC:{'AUC macro OVO': 0.6335476267009537}
AVGP:{'avg_precision': 0.9362800872646803}


METRICS_PER_CLASSES
CLASS:0
ACC:0.899
PREC:0.3137254901960784
REC:0.38461538461538464
TNR:0.9373209169054442
FPR:0.6862745098039216
FPDR:0.6862745098039216
F1:0.34557235421166305
BACC:0
CLSFE:0.6862745098039216
MCC:0.2932365223398657
GMEAN:0.6004232215393008
SAMPLES:255
AUC:{}
AVGP:{}
CLASS:1
ACC:0.899
PREC:0.9533697632058288
REC:0.9373209169054442
TNR:0.38461538461538464
FPR:0.04663023679417122
FPDR:0.04663023679417122
F1:0.9452772259346216
BACC:0
CLSFE:0.04663023679417122
MCC:0.2932365223398657
GMEAN:0.6004232215393008
SAMPLES:2745
AUC:{}
AVGP:{}
