

GENERAL_METRICS
ACC:0.9233846153846154
PREC:0.6095991252855272
REC:0.7139199015343005
TNR:0.7139199015343005
FPR:0.3904008747144728
FPDR:0.3904008747144728
F1:0.6404629264740576
BACC:0.0
CLSFE:0.07661538461538461
MCC:0.30623803871710936
GMEAN:0.6770985336679213
SAMPLES:3250.0
AUC:{'AUC macro OVO': 0.6095991252855272}
AVGP:{'avg_precision': 0.939907740323258}


METRICS_PER_CLASSES
CLASS:0
ACC:0.9233846153846154
PREC:0.23983739837398374
REC:0.48760330578512395
TNR:0.9402364972834771
FPR:0.7601626016260162
FPDR:0.7601626016260162
F1:0.3215258855585831
BACC:0
CLSFE:0.7601626016260162
MCC:0.30623803871710936
GMEAN:0.6770985336679213
SAMPLES:246
AUC:{}
AVGP:{}
CLASS:1
ACC:0.9233846153846154
PREC:0.9793608521970706
REC:0.9402364972834771
TNR:0.48760330578512395
FPR:0.020639147802929428
FPDR:0.020639147802929428
F1:0.959399967389532
BACC:0
CLSFE:0.020639147802929428
MCC:0.30623803871710936
GMEAN:0.6770985336679213
SAMPLES:3004
AUC:{}
AVGP:{}
