

GENERAL_METRICS
ACC:0.9301538461538461
PREC:0.6169930607428578
REC:0.7667234320866536
TNR:0.7667234320866536
FPR:0.38300693925714224
FPDR:0.38300693925714224
F1:0.6563328161050991
BACC:0.0
CLSFE:0.06984615384615385
MCC:0.3532975555627713
GMEAN:0.7466042551506882
SAMPLES:3250.0
AUC:{'AUC macro OVO': 0.6169930607428578}
AVGP:{'avg_precision': 0.9409774833558514}


METRICS_PER_CLASSES
CLASS:0
ACC:0.9301538461538461
PREC:0.24796747967479674
REC:0.5922330097087378
TNR:0.9412138544645694
FPR:0.7520325203252033
FPDR:0.7520325203252033
F1:0.3495702005730659
BACC:0
CLSFE:0.7520325203252033
MCC:0.3532975555627713
GMEAN:0.7466042551506882
SAMPLES:246
AUC:{}
AVGP:{}
CLASS:1
ACC:0.9301538461538461
PREC:0.9860186418109188
REC:0.9412138544645694
TNR:0.5922330097087378
FPR:0.013981358189081226
FPDR:0.013981358189081226
F1:0.9630954316371322
BACC:0
CLSFE:0.013981358189081226
MCC:0.3532975555627713
GMEAN:0.7466042551506882
SAMPLES:3004
AUC:{}
AVGP:{}
