

GENERAL_METRICS
ACC:0.9338461538461539
PREC:0.6165816775101108
REC:0.7952109618776286
TNR:0.7952109618776286
FPR:0.3834183224898892
FPDR:0.3834183224898892
F1:0.6597456869874577
BACC:0.0
CLSFE:0.06615384615384616
MCC:0.3710320156270469
GMEAN:0.7815323511672573
SAMPLES:3250.0
AUC:{'AUC macro OVO': 0.6165816775101107}
AVGP:{'avg_precision': 0.9418944050433413}


METRICS_PER_CLASSES
CLASS:0
ACC:0.9338461538461539
PREC:0.24380165289256198
REC:0.6483516483516484
TNR:0.9420702754036088
FPR:0.756198347107438
FPDR:0.756198347107438
F1:0.35435435435435436
BACC:0
CLSFE:0.756198347107438
MCC:0.3710320156270469
GMEAN:0.7815323511672573
SAMPLES:242
AUC:{}
AVGP:{}
CLASS:1
ACC:0.9338461538461539
PREC:0.9893617021276596
REC:0.9420702754036088
TNR:0.6483516483516484
FPR:0.010638297872340425
FPDR:0.010638297872340425
F1:0.9651370196205611
BACC:0
CLSFE:0.010638297872340425
MCC:0.3710320156270469
GMEAN:0.7815323511672573
SAMPLES:3008
AUC:{}
AVGP:{}
