

GENERAL_METRICS
ACC:0.9233846153846154
PREC:0.6182061421417979
REC:0.7185842840075607
TNR:0.7185842840075607
FPR:0.3817938578582021
FPDR:0.3817938578582021
F1:0.6494281031948503
BACC:0.0
CLSFE:0.07661538461538461
MCC:0.32148408946858226
GMEAN:0.6832823787117005
SAMPLES:3250.0
AUC:{'AUC macro OVO': 0.6182061421417979}
AVGP:{'avg_precision': 0.9406688225152046}


METRICS_PER_CLASSES
CLASS:0
ACC:0.9233846153846154
PREC:0.25806451612903225
REC:0.49612403100775193
TNR:0.9410445370073695
FPR:0.7419354838709677
FPDR:0.7419354838709677
F1:0.3395225464190981
BACC:0
CLSFE:0.7419354838709677
MCC:0.32148408946858226
GMEAN:0.6832823787117005
SAMPLES:248
AUC:{}
AVGP:{}
CLASS:1
ACC:0.9233846153846154
PREC:0.9783477681545636
REC:0.9410445370073695
TNR:0.49612403100775193
FPR:0.021652231845436375
FPDR:0.021652231845436375
F1:0.9593336599706026
BACC:0
CLSFE:0.021652231845436375
MCC:0.32148408946858226
GMEAN:0.6832823787117005
SAMPLES:3002
AUC:{}
AVGP:{}
