

GENERAL_METRICS
ACC:0.8446666666666667
PREC:0.7036
REC:0.7185982910681339
TNR:0.7185982910681339
FPR:0.2964
FPDR:0.2964
F1:0.710573147978691
BACC:0.0
CLSFE:0.15533333333333332
MCC:0.4219318052077709
GMEAN:0.6953045181863002
SAMPLES:1500.0
AUC:{'AUC macro OVO': 0.7036}
AVGP:{'avg_precision': 0.8944186729609231}


METRICS_PER_CLASSES
CLASS:0
ACC:0.8446666666666667
PREC:0.492
REC:0.537117903930131
TNR:0.9000786782061369
FPR:0.508
FPDR:0.508
F1:0.5135699373695198
BACC:0
CLSFE:0.508
MCC:0.4219318052077709
GMEAN:0.6953045181863002
SAMPLES:250
AUC:{}
AVGP:{}
CLASS:1
ACC:0.8446666666666667
PREC:0.9152
REC:0.9000786782061369
TNR:0.537117903930131
FPR:0.0848
FPDR:0.0848
F1:0.907576358587862
BACC:0
CLSFE:0.0848
MCC:0.4219318052077709
GMEAN:0.6953045181863002
SAMPLES:1250
AUC:{}
AVGP:{}
