

GENERAL_METRICS
ACC:0.84
PREC:0.702057353395857
REC:0.7088787971607027
TNR:0.7088787971607027
FPR:0.29794264660414305
FPDR:0.29794264660414305
F1:0.7053537228557117
BACC:0.0
CLSFE:0.16
MCC:0.41087952947209044
GMEAN:0.6823616836195966
SAMPLES:1500.0
AUC:{'AUC macro OVO': 0.702057353395857}
AVGP:{'avg_precision': 0.8948624662241418}


METRICS_PER_CLASSES
CLASS:0
ACC:0.84
PREC:0.4959677419354839
REC:0.5168067226890757
TNR:0.9009508716323297
FPR:0.5040322580645161
FPDR:0.5040322580645161
F1:0.5061728395061729
BACC:0
CLSFE:0.5040322580645161
MCC:0.41087952947209044
GMEAN:0.6823616836195966
SAMPLES:248
AUC:{}
AVGP:{}
CLASS:1
ACC:0.84
PREC:0.90814696485623
REC:0.9009508716323297
TNR:0.5168067226890757
FPR:0.09185303514376997
FPDR:0.09185303514376997
F1:0.9045346062052506
BACC:0
CLSFE:0.09185303514376997
MCC:0.41087952947209044
GMEAN:0.6823616836195966
SAMPLES:1252
AUC:{}
AVGP:{}
