

GENERAL_METRICS
ACC:0.858
PREC:0.7099899379963015
REC:0.7271278297221476
TNR:0.7271278297221476
FPR:0.29001006200369844
FPDR:0.29001006200369844
F1:0.7179433079291035
BACC:0.0
CLSFE:0.142
MCC:0.43678167947196833
GMEAN:0.703955229745689
SAMPLES:1500.0
AUC:{'AUC macro OVO': 0.7099899379963015}
AVGP:{'avg_precision': 0.9043942116379067}


METRICS_PER_CLASSES
CLASS:0
ACC:0.858
PREC:0.4956896551724138
REC:0.5450236966824644
TNR:0.9092319627618308
FPR:0.5043103448275862
FPDR:0.5043103448275862
F1:0.5191873589164786
BACC:0
CLSFE:0.5043103448275862
MCC:0.43678167947196833
GMEAN:0.703955229745689
SAMPLES:232
AUC:{}
AVGP:{}
CLASS:1
ACC:0.858
PREC:0.9242902208201893
REC:0.9092319627618308
TNR:0.5450236966824644
FPR:0.07570977917981073
FPDR:0.07570977917981073
F1:0.9166992569417286
BACC:0
CLSFE:0.07570977917981073
MCC:0.43678167947196833
GMEAN:0.703955229745689
SAMPLES:1268
AUC:{}
AVGP:{}
