

GENERAL_METRICS
ACC:0.8373333333333334
PREC:0.6783178448365876
REC:0.6970404984423676
TNR:0.6970404984423676
FPR:0.3216821551634123
FPDR:0.3216821551634123
F1:0.6867511126326601
BACC:0.0
CLSFE:0.16266666666666665
MCC:0.3748911150068511
GMEAN:0.6686108722137022
SAMPLES:1500.0
AUC:{'AUC macro OVO': 0.6783178448365876}
AVGP:{'avg_precision': 0.8892014207194873}


METRICS_PER_CLASSES
CLASS:0
ACC:0.8373333333333334
PREC:0.4426229508196721
REC:0.5
TNR:0.8940809968847352
FPR:0.5573770491803278
FPDR:0.5573770491803278
F1:0.46956521739130436
BACC:0
CLSFE:0.5573770491803278
MCC:0.3748911150068511
GMEAN:0.6686108722137022
SAMPLES:244
AUC:{}
AVGP:{}
CLASS:1
ACC:0.8373333333333334
PREC:0.9140127388535032
REC:0.8940809968847352
TNR:0.5
FPR:0.08598726114649681
FPDR:0.08598726114649681
F1:0.9039370078740158
BACC:0
CLSFE:0.08598726114649681
MCC:0.3748911150068511
GMEAN:0.6686108722137022
SAMPLES:1256
AUC:{}
AVGP:{}
