

GENERAL_METRICS
ACC:0.8818181818181818
PREC:0.6487644069560653
REC:0.6577999999999999
TNR:0.6577999999999999
FPR:0.3512355930439347
FPDR:0.3512355930439347
F1:0.6530757767900223
BACC:0.0
CLSFE:0.11818181818181818
MCC:0.3064312217621899
GMEAN:0.5981090201627125
SAMPLES:2750.0
AUC:{'AUC macro OVO': 0.6487644069560653}
AVGP:{'avg_precision': 0.9298205396697543}


METRICS_PER_CLASSES
CLASS:0
ACC:0.8818181818181818
PREC:0.3595505617977528
REC:0.384
TNR:0.9316
FPR:0.6404494382022472
FPDR:0.6404494382022472
F1:0.3713733075435203
BACC:0
CLSFE:0.6404494382022472
MCC:0.3064312217621899
GMEAN:0.5981090201627125
SAMPLES:267
AUC:{}
AVGP:{}
CLASS:1
ACC:0.8818181818181818
PREC:0.9379782521143778
REC:0.9316
TNR:0.384
FPR:0.06202174788562223
FPDR:0.06202174788562223
F1:0.9347782460365242
BACC:0
CLSFE:0.06202174788562223
MCC:0.3064312217621899
GMEAN:0.5981090201627125
SAMPLES:2483
AUC:{}
AVGP:{}
