

GENERAL_METRICS
ACC:0.8858181818181818
PREC:0.6344933773910417
REC:0.6408060643868504
TNR:0.6408060643868504
FPR:0.36550662260895833
FPDR:0.36550662260895833
F1:0.6375388066442684
BACC:0.0
CLSFE:0.11418181818181818
MCC:0.2752270564935649
GMEAN:0.5691314206840278
SAMPLES:2750.0
AUC:{'AUC macro OVO': 0.6344933773910417}
AVGP:{'avg_precision': 0.9338669845908234}


METRICS_PER_CLASSES
CLASS:0
ACC:0.8858181818181818
PREC:0.3292181069958848
REC:0.3463203463203463
TNR:0.9352917824533545
FPR:0.6707818930041153
FPDR:0.6707818930041153
F1:0.33755274261603374
BACC:0
CLSFE:0.6707818930041153
MCC:0.2752270564935649
GMEAN:0.5691314206840278
SAMPLES:243
AUC:{}
AVGP:{}
CLASS:1
ACC:0.8858181818181818
PREC:0.9397686477861986
REC:0.9352917824533545
TNR:0.3463203463203463
FPR:0.060231352213801354
FPDR:0.060231352213801354
F1:0.937524870672503
BACC:0
CLSFE:0.060231352213801354
MCC:0.2752270564935649
GMEAN:0.5691314206840278
SAMPLES:2507
AUC:{}
AVGP:{}
