

GENERAL_METRICS
ACC:0.892
PREC:0.6513258150555039
REC:0.6652069337896022
TNR:0.6652069337896022
FPR:0.3486741849444961
FPDR:0.3486741849444961
F1:0.6578161822466615
BACC:0.0
CLSFE:0.108
MCC:0.31622823345509304
GMEAN:0.6073231620990791
SAMPLES:2750.0
AUC:{'AUC macro OVO': 0.6513258150555039}
AVGP:{'avg_precision': 0.9351211129436714}


METRICS_PER_CLASSES
CLASS:0
ACC:0.892
PREC:0.357429718875502
REC:0.3938053097345133
TNR:0.936608557844691
FPR:0.642570281124498
FPDR:0.642570281124498
F1:0.37473684210526315
BACC:0
CLSFE:0.642570281124498
MCC:0.31622823345509304
GMEAN:0.6073231620990791
SAMPLES:249
AUC:{}
AVGP:{}
CLASS:1
ACC:0.892
PREC:0.9452219112355058
REC:0.936608557844691
TNR:0.3938053097345133
FPR:0.0547780887644942
FPDR:0.0547780887644942
F1:0.9408955223880597
BACC:0
CLSFE:0.0547780887644942
MCC:0.31622823345509304
GMEAN:0.6073231620990791
SAMPLES:2501
AUC:{}
AVGP:{}
