

GENERAL_METRICS
ACC:0.8912727272727273
PREC:0.6381001445164053
REC:0.6489547871236846
TNR:0.6489547871236846
FPR:0.3618998554835947
FPDR:0.3618998554835947
F1:0.6432214682396598
BACC:0.0
CLSFE:0.10872727272727273
MCC:0.2868496304908983
GMEAN:0.5814371247199304
SAMPLES:2750.0
AUC:{'AUC macro OVO': 0.6381001445164053}
AVGP:{'avg_precision': 0.9358567589338639}


METRICS_PER_CLASSES
CLASS:0
ACC:0.8912727272727273
PREC:0.3319327731092437
REC:0.3607305936073059
TNR:0.9371789806400632
FPR:0.6680672268907563
FPDR:0.6680672268907563
F1:0.34573304157549234
BACC:0
CLSFE:0.6680672268907563
MCC:0.2868496304908983
GMEAN:0.5814371247199304
SAMPLES:238
AUC:{}
AVGP:{}
CLASS:1
ACC:0.8912727272727273
PREC:0.9442675159235668
REC:0.9371789806400632
TNR:0.3607305936073059
FPR:0.05573248407643312
FPDR:0.05573248407643312
F1:0.9407098949038271
BACC:0
CLSFE:0.05573248407643312
MCC:0.2868496304908983
GMEAN:0.5814371247199304
SAMPLES:2512
AUC:{}
AVGP:{}
