

GENERAL_METRICS
ACC:0.8453333333333334
PREC:0.5666977611940298
REC:0.5751050420168067
TNR:0.5751050420168067
FPR:0.43330223880597013
FPDR:0.43330223880597013
F1:0.5703703703703703
BACC:0.0
CLSFE:0.15466666666666667
MCC:0.1415533561157001
GMEAN:0.46942213716136444
SAMPLES:2250.0
AUC:{'AUC macro OVO': 0.5666977611940299}
AVGP:{'avg_precision': 0.906243927421715}


METRICS_PER_CLASSES
CLASS:0
ACC:0.8453333333333334
PREC:0.2125
REC:0.24285714285714285
TNR:0.9073529411764706
FPR:0.7875
FPDR:0.7875
F1:0.22666666666666666
BACC:0
CLSFE:0.7875
MCC:0.1415533561157001
GMEAN:0.46942213716136444
SAMPLES:240
AUC:{}
AVGP:{}
CLASS:1
ACC:0.8453333333333334
PREC:0.9208955223880597
REC:0.9073529411764706
TNR:0.24285714285714285
FPR:0.0791044776119403
FPDR:0.0791044776119403
F1:0.914074074074074
BACC:0
CLSFE:0.0791044776119403
MCC:0.1415533561157001
GMEAN:0.46942213716136444
SAMPLES:2010
AUC:{}
AVGP:{}
