

GENERAL_METRICS
ACC:0.8355555555555556
PREC:0.5623659373659373
REC:0.5691920215766465
TNR:0.5691920215766465
FPR:0.4376340626340626
FPDR:0.4376340626340626
F1:0.5653703827455435
BACC:0.0
CLSFE:0.16444444444444445
MCC:0.13138074872479177
GMEAN:0.46191650314060295
SAMPLES:2250.0
AUC:{'AUC macro OVO': 0.5623659373659373}
AVGP:{'avg_precision': 0.90059779621675}


METRICS_PER_CLASSES
CLASS:0
ACC:0.8355555555555556
PREC:0.21031746031746032
REC:0.23660714285714285
TNR:0.9017769002961501
FPR:0.7896825396825397
FPDR:0.7896825396825397
F1:0.22268907563025211
BACC:0
CLSFE:0.7896825396825397
MCC:0.13138074872479177
GMEAN:0.46191650314060295
SAMPLES:252
AUC:{}
AVGP:{}
CLASS:1
ACC:0.8355555555555556
PREC:0.9144144144144144
REC:0.9017769002961501
TNR:0.23660714285714285
FPR:0.08558558558558559
FPDR:0.08558558558558559
F1:0.908051689860835
BACC:0
CLSFE:0.08558558558558559
MCC:0.13138074872479177
GMEAN:0.46191650314060295
SAMPLES:1998
AUC:{}
AVGP:{}
