

GENERAL_METRICS
ACC:0.836
PREC:0.5793917646881637
REC:0.59042022860745
TNR:0.59042022860745
FPR:0.4206082353118364
FPDR:0.4206082353118364
F1:0.5841470494099922
BACC:0.0
CLSFE:0.164
MCC:0.16945349229393453
GMEAN:0.503083937076374
SAMPLES:2250.0
AUC:{'AUC macro OVO': 0.5793917646881637}
AVGP:{'avg_precision': 0.8979001790424537}


METRICS_PER_CLASSES
CLASS:0
ACC:0.836
PREC:0.24253731343283583
REC:0.2813852813852814
TNR:0.8994551758296186
FPR:0.7574626865671642
FPDR:0.7574626865671642
F1:0.2605210420841683
BACC:0
CLSFE:0.7574626865671642
MCC:0.16945349229393453
GMEAN:0.503083937076374
SAMPLES:268
AUC:{}
AVGP:{}
CLASS:1
ACC:0.836
PREC:0.9162462159434914
REC:0.8994551758296186
TNR:0.2813852813852814
FPR:0.08375378405650857
FPDR:0.08375378405650857
F1:0.9077730567358161
BACC:0
CLSFE:0.08375378405650857
MCC:0.16945349229393453
GMEAN:0.503083937076374
SAMPLES:1982
AUC:{}
AVGP:{}
