

GENERAL_METRICS
ACC:0.8417777777777777
PREC:0.5595878510449905
REC:0.5654894148320878
TNR:0.5654894148320878
FPR:0.44041214895500946
FPDR:0.44041214895500946
F1:0.5622223582496764
BACC:0.0
CLSFE:0.1582222222222222
MCC:0.12493796054103085
GMEAN:0.45096277424592063
SAMPLES:2250.0
AUC:{'AUC macro OVO': 0.5595878510449905}
AVGP:{'avg_precision': 0.9056519551106372}


METRICS_PER_CLASSES
CLASS:0
ACC:0.8417777777777777
PREC:0.20168067226890757
REC:0.22429906542056074
TNR:0.906679764243615
FPR:0.7983193277310925
FPDR:0.7983193277310925
F1:0.21238938053097345
BACC:0
CLSFE:0.7983193277310925
MCC:0.12493796054103085
GMEAN:0.45096277424592063
SAMPLES:238
AUC:{}
AVGP:{}
CLASS:1
ACC:0.8417777777777777
PREC:0.9174950298210736
REC:0.906679764243615
TNR:0.22429906542056074
FPR:0.08250497017892644
FPDR:0.08250497017892644
F1:0.9120553359683794
BACC:0
CLSFE:0.08250497017892644
MCC:0.12493796054103085
GMEAN:0.45096277424592063
SAMPLES:2012
AUC:{}
AVGP:{}
