

GENERAL_METRICS
ACC:0.9267692307692308
PREC:0.5186207577182532
REC:0.632815734989648
TNR:0.632815734989648
FPR:0.4813792422817467
FPDR:0.4813792422817467
F1:0.5196952874873637
BACC:0.0
CLSFE:0.07323076923076922
MCC:0.09946114060102006
GMEAN:0.5574639410299596
SAMPLES:3250.0
AUC:{'AUC macro OVO': 0.5186207577182533}
AVGP:{'avg_precision': 0.9322819090959971}


METRICS_PER_CLASSES
CLASS:0
ACC:0.9267692307692308
PREC:0.043859649122807015
REC:0.3333333333333333
TNR:0.9322981366459627
FPR:0.956140350877193
FPDR:0.956140350877193
F1:0.07751937984496124
BACC:0
CLSFE:0.956140350877193
MCC:0.09946114060102006
GMEAN:0.5574639410299596
SAMPLES:228
AUC:{}
AVGP:{}
CLASS:1
ACC:0.9267692307692308
PREC:0.9933818663136995
REC:0.9322981366459627
TNR:0.3333333333333333
FPR:0.0066181336863004635
FPDR:0.0066181336863004635
F1:0.9618711951297662
BACC:0
CLSFE:0.0066181336863004635
MCC:0.09946114060102006
GMEAN:0.5574639410299596
SAMPLES:3022
AUC:{}
AVGP:{}
