

GENERAL_METRICS
ACC:0.9156923076923077
PREC:0.5083159323650319
REC:0.5804651162790697
TNR:0.5804651162790697
FPR:0.4916840676349681
FPDR:0.4916840676349681
F1:0.49893203031278344
BACC:0.0
CLSFE:0.0843076923076923
MCC:0.0517355763366438
GMEAN:0.47013110492069493
SAMPLES:3250.0
AUC:{'AUC macro OVO': 0.5083159323650319}
AVGP:{'avg_precision': 0.9209223635141613}


METRICS_PER_CLASSES
CLASS:0
ACC:0.9156923076923077
PREC:0.022988505747126436
REC:0.24
TNR:0.9209302325581395
FPR:0.9770114942528736
FPDR:0.9770114942528736
F1:0.04195804195804196
BACC:0
CLSFE:0.9770114942528736
MCC:0.0517355763366438
GMEAN:0.47013110492069493
SAMPLES:261
AUC:{}
AVGP:{}
CLASS:1
ACC:0.9156923076923077
PREC:0.9936433589829374
REC:0.9209302325581395
TNR:0.24
FPR:0.006356641017062563
FPDR:0.006356641017062563
F1:0.9559060186675249
BACC:0
CLSFE:0.006356641017062563
MCC:0.0517355763366438
GMEAN:0.47013110492069493
SAMPLES:2989
AUC:{}
AVGP:{}
