

GENERAL_METRICS
ACC:0.9224615384615384
PREC:0.5058062327540201
REC:0.5685872061770023
TNR:0.5685872061770023
FPR:0.49419376724597985
FPDR:0.49419376724597985
F1:0.4951923076923077
BACC:0.0
CLSFE:0.07753846153846154
MCC:0.039911566394299325
GMEAN:0.4416829290374025
SAMPLES:3250.0
AUC:{'AUC macro OVO': 0.5058062327540201}
AVGP:{'avg_precision': 0.9266440988441005}


METRICS_PER_CLASSES
CLASS:0
ACC:0.9224615384615384
PREC:0.016597510373443983
REC:0.21052631578947367
TNR:0.9266480965645311
FPR:0.983402489626556
FPDR:0.983402489626556
F1:0.03076923076923077
BACC:0
CLSFE:0.983402489626556
MCC:0.039911566394299325
GMEAN:0.4416829290374025
SAMPLES:241
AUC:{}
AVGP:{}
CLASS:1
ACC:0.9224615384615384
PREC:0.9950149551345963
REC:0.9266480965645311
TNR:0.21052631578947367
FPR:0.004985044865403789
FPDR:0.004985044865403789
F1:0.9596153846153846
BACC:0
CLSFE:0.004985044865403789
MCC:0.039911566394299325
GMEAN:0.4416829290374025
SAMPLES:3009
AUC:{}
AVGP:{}
