

GENERAL_METRICS
ACC:0.9175384615384615
PREC:0.5141455841360573
REC:0.5591503827290916
TNR:0.5591503827290916
FPR:0.48585441586394273
FPDR:0.48585441586394273
F1:0.5131510696143665
BACC:0.0
CLSFE:0.08246153846153846
MCC:0.05785211199513308
GMEAN:0.4188081742582189
SAMPLES:3250.0
AUC:{'AUC macro OVO': 0.5141455841360573}
AVGP:{'avg_precision': 0.9295940057019427}


METRICS_PER_CLASSES
CLASS:0
ACC:0.9175384615384615
PREC:0.0425531914893617
REC:0.18867924528301888
TNR:0.9296215201751642
FPR:0.9574468085106383
FPDR:0.9574468085106383
F1:0.06944444444444445
BACC:0
CLSFE:0.9574468085106383
MCC:0.05785211199513308
GMEAN:0.4188081742582189
SAMPLES:235
AUC:{}
AVGP:{}
CLASS:1
ACC:0.9175384615384615
PREC:0.9857379767827529
REC:0.9296215201751642
TNR:0.18867924528301888
FPR:0.014262023217247097
FPDR:0.014262023217247097
F1:0.9568576947842885
BACC:0
CLSFE:0.014262023217247097
MCC:0.05785211199513308
GMEAN:0.4188081742582189
SAMPLES:3015
AUC:{}
AVGP:{}
