

GENERAL_METRICS
ACC:0.8571428571428571
PREC:0.6537343461626811
REC:0.7030453932020044
TNR:0.7030453932020044
FPR:0.3462656538373189
FPDR:0.3462656538373189
F1:0.6725064076460584
BACC:0.0
CLSFE:0.14285714285714285
MCC:0.3533556325587843
GMEAN:0.6755048630210282
SAMPLES:1750.0
AUC:{'AUC macro OVO': 0.6537343461626811}
AVGP:{'avg_precision': 0.8953410294013134}


METRICS_PER_CLASSES
CLASS:0
ACC:0.8571428571428571
PREC:0.3675889328063241
REC:0.5081967213114754
TNR:0.8978940650925336
FPR:0.6324110671936759
FPDR:0.6324110671936759
F1:0.42660550458715596
BACC:0
CLSFE:0.6324110671936759
MCC:0.3533556325587843
GMEAN:0.6755048630210282
SAMPLES:253
AUC:{}
AVGP:{}
CLASS:1
ACC:0.8571428571428571
PREC:0.9398797595190381
REC:0.8978940650925336
TNR:0.5081967213114754
FPR:0.06012024048096192
FPDR:0.06012024048096192
F1:0.9184073107049608
BACC:0
CLSFE:0.06012024048096192
MCC:0.3533556325587843
GMEAN:0.6755048630210282
SAMPLES:1497
AUC:{}
AVGP:{}
