

GENERAL_METRICS
ACC:0.848
PREC:0.6356388519218373
REC:0.707132404402876
TNR:0.707132404402876
FPR:0.36436114807816267
FPDR:0.36436114807816267
F1:0.6582442786201145
BACC:0.0
CLSFE:0.152
MCC:0.33523246578466004
GMEAN:0.6852410222959106
SAMPLES:1750.0
AUC:{'AUC macro OVO': 0.6356388519218373}
AVGP:{'avg_precision': 0.8795748188332119}


METRICS_PER_CLASSES
CLASS:0
ACC:0.848
PREC:0.3249097472924188
REC:0.5325443786982249
TNR:0.8817204301075269
FPR:0.6750902527075813
FPDR:0.6750902527075813
F1:0.40358744394618834
BACC:0
CLSFE:0.6750902527075813
MCC:0.33523246578466004
GMEAN:0.6852410222959106
SAMPLES:277
AUC:{}
AVGP:{}
CLASS:1
ACC:0.848
PREC:0.9463679565512559
REC:0.8817204301075269
TNR:0.5325443786982249
FPR:0.05363204344874406
FPDR:0.05363204344874406
F1:0.9129011132940406
BACC:0
CLSFE:0.05363204344874406
MCC:0.33523246578466004
GMEAN:0.6852410222959106
SAMPLES:1473
AUC:{}
AVGP:{}
