

GENERAL_METRICS
ACC:0.8371428571428572
PREC:0.6182724252491694
REC:0.6444690324119471
TNR:0.6444690324119471
FPR:0.3817275747508306
FPDR:0.3817275747508306
F1:0.6288452193403826
BACC:0.0
CLSFE:0.16285714285714287
MCC:0.26143223088794426
GMEAN:0.595023933163884
SAMPLES:1750.0
AUC:{'AUC macro OVO': 0.6182724252491694}
AVGP:{'avg_precision': 0.8895407425121061}


METRICS_PER_CLASSES
CLASS:0
ACC:0.8371428571428572
PREC:0.3142857142857143
REC:0.39690721649484534
TNR:0.8920308483290489
FPR:0.6857142857142857
FPDR:0.6857142857142857
F1:0.35079726651480636
BACC:0
CLSFE:0.6857142857142857
MCC:0.26143223088794426
GMEAN:0.595023933163884
SAMPLES:245
AUC:{}
AVGP:{}
CLASS:1
ACC:0.8371428571428572
PREC:0.9222591362126246
REC:0.8920308483290489
TNR:0.39690721649484534
FPR:0.07774086378737542
FPDR:0.07774086378737542
F1:0.9068931721659589
BACC:0
CLSFE:0.07774086378737542
MCC:0.26143223088794426
GMEAN:0.595023933163884
SAMPLES:1505
AUC:{}
AVGP:{}
