

GENERAL_METRICS
ACC:0.828
PREC:0.5989744545072414
REC:0.6602011744194587
TNR:0.6602011744194587
FPR:0.4010255454927586
FPDR:0.4010255454927586
F1:0.6154826012720646
BACC:0.0
CLSFE:0.172
MCC:0.25183982091468665
GMEAN:0.6271695194050789
SAMPLES:1750.0
AUC:{'AUC macro OVO': 0.5989744545072414}
AVGP:{'avg_precision': 0.8646003811215934}


METRICS_PER_CLASSES
CLASS:0
ACC:0.828
PREC:0.25874125874125875
REC:0.4539877300613497
TNR:0.8664146187775678
FPR:0.7412587412587412
FPDR:0.7412587412587412
F1:0.32962138084632514
BACC:0
CLSFE:0.7412587412587412
MCC:0.25183982091468665
GMEAN:0.6271695194050789
SAMPLES:286
AUC:{}
AVGP:{}
CLASS:1
ACC:0.828
PREC:0.9392076502732241
REC:0.8664146187775678
TNR:0.4539877300613497
FPR:0.060792349726775954
FPDR:0.060792349726775954
F1:0.901343821697804
BACC:0
CLSFE:0.060792349726775954
MCC:0.25183982091468665
GMEAN:0.6271695194050789
SAMPLES:1464
AUC:{}
AVGP:{}
