

GENERAL_METRICS
ACC:0.751
PREC:0.6810386183737107
REC:0.6680966192377973
TNR:0.6680966192377973
FPR:0.3189613816262893
FPDR:0.3189613816262893
F1:0.6735843194626332
BACC:0.0
CLSFE:0.249
MCC:0.3488952834310177
GMEAN:0.6431079532878594
SAMPLES:1000.0
AUC:{'AUC macro OVO': 0.6810386183737107}
AVGP:{'avg_precision': 0.8324011603707685}


METRICS_PER_CLASSES
CLASS:0
ACC:0.751
PREC:0.5454545454545454
REC:0.4870848708487085
TNR:0.8491083676268861
FPR:0.45454545454545453
FPDR:0.45454545454545453
F1:0.5146198830409356
BACC:0
CLSFE:0.45454545454545453
MCC:0.3488952834310177
GMEAN:0.6431079532878594
SAMPLES:242
AUC:{}
AVGP:{}
CLASS:1
ACC:0.751
PREC:0.816622691292876
REC:0.8491083676268861
TNR:0.4870848708487085
FPR:0.18337730870712401
FPDR:0.18337730870712401
F1:0.8325487558843309
BACC:0
CLSFE:0.18337730870712401
MCC:0.3488952834310177
GMEAN:0.6431079532878594
SAMPLES:758
AUC:{}
AVGP:{}
