

GENERAL_METRICS
ACC:0.764
PREC:0.6847332756327711
REC:0.6876930336307481
TNR:0.6876930336307481
FPR:0.3152667243672289
FPDR:0.3152667243672289
F1:0.6861685434496991
BACC:0.0
CLSFE:0.236
MCC:0.37241454813720676
GMEAN:0.6708195939229415
SAMPLES:1000.0
AUC:{'AUC macro OVO': 0.6847332756327711}
AVGP:{'avg_precision': 0.8247445239860818}


METRICS_PER_CLASSES
CLASS:0
ACC:0.764
PREC:0.5236220472440944
REC:0.5362903225806451
TNR:0.839095744680851
FPR:0.4763779527559055
FPDR:0.4763779527559055
F1:0.5298804780876494
BACC:0
CLSFE:0.4763779527559055
MCC:0.37241454813720676
GMEAN:0.6708195939229415
SAMPLES:254
AUC:{}
AVGP:{}
CLASS:1
ACC:0.764
PREC:0.8458445040214477
REC:0.839095744680851
TNR:0.5362903225806451
FPR:0.15415549597855227
FPDR:0.15415549597855227
F1:0.842456608811749
BACC:0
CLSFE:0.15415549597855227
MCC:0.37241454813720676
GMEAN:0.6708195939229415
SAMPLES:746
AUC:{}
AVGP:{}
