

GENERAL_METRICS
ACC:0.763
PREC:0.6815275613168155
REC:0.6839889154859718
TNR:0.6839889154859718
FPR:0.3184724386831845
FPDR:0.3184724386831845
F1:0.6827271011297324
BACC:0.0
CLSFE:0.237
MCC:0.36550818944310476
GMEAN:0.6660706615340702
SAMPLES:1000.0
AUC:{'AUC macro OVO': 0.6815275613168155}
AVGP:{'avg_precision': 0.8255030332220149}


METRICS_PER_CLASSES
CLASS:0
ACC:0.763
PREC:0.5179282868525896
REC:0.5284552845528455
TNR:0.8395225464190982
FPR:0.4820717131474104
FPDR:0.4820717131474104
F1:0.5231388329979879
BACC:0
CLSFE:0.4820717131474104
MCC:0.36550818944310476
GMEAN:0.6660706615340702
SAMPLES:251
AUC:{}
AVGP:{}
CLASS:1
ACC:0.763
PREC:0.8451268357810414
REC:0.8395225464190982
TNR:0.5284552845528455
FPR:0.1548731642189586
FPDR:0.1548731642189586
F1:0.8423153692614771
BACC:0
CLSFE:0.1548731642189586
MCC:0.36550818944310476
GMEAN:0.6660706615340702
SAMPLES:749
AUC:{}
AVGP:{}
