

GENERAL_METRICS
ACC:0.774
PREC:0.6923193685488768
REC:0.693397152140256
TNR:0.693397152140256
FPR:0.30768063145112323
FPDR:0.30768063145112323
F1:0.6928529880239847
BACC:0.0
CLSFE:0.226
MCC:0.3857150148944948
GMEAN:0.6755730619524475
SAMPLES:1000.0
AUC:{'AUC macro OVO': 0.6923193685488769}
AVGP:{'avg_precision': 0.8357369295416789}


METRICS_PER_CLASSES
CLASS:0
ACC:0.774
PREC:0.5327868852459017
REC:0.5371900826446281
TNR:0.8496042216358839
FPR:0.4672131147540984
FPDR:0.4672131147540984
F1:0.5349794238683128
BACC:0
CLSFE:0.4672131147540984
MCC:0.3857150148944948
GMEAN:0.6755730619524475
SAMPLES:244
AUC:{}
AVGP:{}
CLASS:1
ACC:0.774
PREC:0.8518518518518519
REC:0.8496042216358839
TNR:0.5371900826446281
FPR:0.14814814814814814
FPDR:0.14814814814814814
F1:0.8507265521796565
BACC:0
CLSFE:0.14814814814814814
MCC:0.3857150148944948
GMEAN:0.6755730619524475
SAMPLES:756
AUC:{}
AVGP:{}
