

GENERAL_METRICS
ACC:0.8053333333333333
PREC:0.632532062820276
REC:0.6475816993464052
TNR:0.6475816993464052
FPR:0.3674679371797239
FPDR:0.3674679371797239
F1:0.6391129098705091
BACC:0.0
CLSFE:0.19466666666666665
MCC:0.2797091850397542
GMEAN:0.6071039148273488
SAMPLES:1500.0
AUC:{'AUC macro OVO': 0.632532062820276}
AVGP:{'avg_precision': 0.8683106967646269}


METRICS_PER_CLASSES
CLASS:0
ACC:0.8053333333333333
PREC:0.36964980544747084
REC:0.4222222222222222
TNR:0.8729411764705882
FPR:0.6303501945525292
FPDR:0.6303501945525292
F1:0.3941908713692946
BACC:0
CLSFE:0.6303501945525292
MCC:0.2797091850397542
GMEAN:0.6071039148273488
SAMPLES:257
AUC:{}
AVGP:{}
CLASS:1
ACC:0.8053333333333333
PREC:0.8954143201930812
REC:0.8729411764705882
TNR:0.4222222222222222
FPR:0.10458567980691874
FPDR:0.10458567980691874
F1:0.8840349483717236
BACC:0
CLSFE:0.10458567980691874
MCC:0.2797091850397542
GMEAN:0.6071039148273488
SAMPLES:1243
AUC:{}
AVGP:{}
