

GENERAL_METRICS
ACC:0.8033333333333333
PREC:0.6322683666788593
REC:0.6494526333337964
TNR:0.6494526333337964
FPR:0.3677316333211406
FPDR:0.3677316333211406
F1:0.6396224709437982
BACC:0.0
CLSFE:0.19666666666666666
MCC:0.28119641325533085
GMEAN:0.610965678047367
SAMPLES:1500.0
AUC:{'AUC macro OVO': 0.6322683666788593}
AVGP:{'avg_precision': 0.8650052654355691}


METRICS_PER_CLASSES
CLASS:0
ACC:0.8033333333333333
PREC:0.3688212927756654
REC:0.42920353982300885
TNR:0.869701726844584
FPR:0.6311787072243346
FPDR:0.6311787072243346
F1:0.3967280163599182
BACC:0
CLSFE:0.6311787072243346
MCC:0.28119641325533085
GMEAN:0.610965678047367
SAMPLES:263
AUC:{}
AVGP:{}
CLASS:1
ACC:0.8033333333333333
PREC:0.8957154405820533
REC:0.869701726844584
TNR:0.42920353982300885
FPR:0.10428455941794665
FPDR:0.10428455941794665
F1:0.8825169255276782
BACC:0
CLSFE:0.10428455941794665
MCC:0.28119641325533085
GMEAN:0.610965678047367
SAMPLES:1237
AUC:{}
AVGP:{}
