

GENERAL_METRICS
ACC:0.7973333333333333
PREC:0.6338858757925292
REC:0.6444125120707669
TNR:0.6444125120707669
FPR:0.36611412420747075
FPDR:0.36611412420747075
F1:0.6386584720324827
BACC:0.0
CLSFE:0.20266666666666666
MCC:0.2780992315990378
GMEAN:0.6037350089491132
SAMPLES:1500.0
AUC:{'AUC macro OVO': 0.6338858757925292}
AVGP:{'avg_precision': 0.8644774519545642}


METRICS_PER_CLASSES
CLASS:0
ACC:0.7973333333333333
PREC:0.38113207547169814
REC:0.4190871369294606
TNR:0.8697378872120731
FPR:0.6188679245283019
FPDR:0.6188679245283019
F1:0.39920948616600793
BACC:0
CLSFE:0.6188679245283019
MCC:0.2780992315990378
GMEAN:0.6037350089491132
SAMPLES:265
AUC:{}
AVGP:{}
CLASS:1
ACC:0.7973333333333333
PREC:0.8866396761133604
REC:0.8697378872120731
TNR:0.4190871369294606
FPR:0.11336032388663968
FPDR:0.11336032388663968
F1:0.8781074578989575
BACC:0
CLSFE:0.11336032388663968
MCC:0.2780992315990378
GMEAN:0.6037350089491132
SAMPLES:1235
AUC:{}
AVGP:{}
