

GENERAL_METRICS
ACC:0.8013333333333333
PREC:0.6305720558436185
REC:0.650718954248366
TNR:0.650718954248366
FPR:0.36942794415638147
FPDR:0.36942794415638147
F1:0.6389232643275572
BACC:0.0
CLSFE:0.19866666666666666
MCC:0.28056859204700324
GMEAN:0.6141171462197141
SAMPLES:1500.0
AUC:{'AUC macro OVO': 0.6305720558436185}
AVGP:{'avg_precision': 0.8612175339672831}


METRICS_PER_CLASSES
CLASS:0
ACC:0.8013333333333333
PREC:0.3643122676579926
REC:0.43555555555555553
TNR:0.8658823529411764
FPR:0.6356877323420075
FPDR:0.6356877323420075
F1:0.3967611336032389
BACC:0
CLSFE:0.6356877323420075
MCC:0.28056859204700324
GMEAN:0.6141171462197141
SAMPLES:269
AUC:{}
AVGP:{}
CLASS:1
ACC:0.8013333333333333
PREC:0.8968318440292445
REC:0.8658823529411764
TNR:0.43555555555555553
FPR:0.10316815597075549
FPDR:0.10316815597075549
F1:0.8810853950518756
BACC:0
CLSFE:0.10316815597075549
MCC:0.28056859204700324
GMEAN:0.6141171462197141
SAMPLES:1231
AUC:{}
AVGP:{}
