

GENERAL_METRICS
ACC:0.904
PREC:0.6016233270571473
REC:0.6660722205795387
TNR:0.6660722205795387
FPR:0.3983766729428528
FPDR:0.3983766729428528
F1:0.6230202015794756
BACC:0.0
CLSFE:0.096
MCC:0.259821566364774
GMEAN:0.6111924698618665
SAMPLES:3000.0
AUC:{'AUC macro OVO': 0.6016233270571472}
AVGP:{'avg_precision': 0.9302701515747548}


METRICS_PER_CLASSES
CLASS:0
ACC:0.904
PREC:0.2364341085271318
REC:0.40131578947368424
TNR:0.9308286516853933
FPR:0.7635658914728682
FPDR:0.7635658914728682
F1:0.2975609756097561
BACC:0
CLSFE:0.7635658914728682
MCC:0.259821566364774
GMEAN:0.6111924698618665
SAMPLES:258
AUC:{}
AVGP:{}
CLASS:1
ACC:0.904
PREC:0.9668125455871627
REC:0.9308286516853933
TNR:0.40131578947368424
FPR:0.033187454412837346
FPDR:0.033187454412837346
F1:0.948479427549195
BACC:0
CLSFE:0.033187454412837346
MCC:0.259821566364774
GMEAN:0.6111924698618665
SAMPLES:2742
AUC:{}
AVGP:{}
