

GENERAL_METRICS
ACC:0.8953333333333333
PREC:0.583520840030001
REC:0.6249799583132917
TNR:0.6249799583132917
FPR:0.4164791599699989
FPDR:0.4164791599699989
F1:0.5980542754736303
BACC:0.0
CLSFE:0.10466666666666667
MCC:0.20433728103545507
GMEAN:0.5461914036637345
SAMPLES:3000.0
AUC:{'AUC macro OVO': 0.583520840030001}
AVGP:{'avg_precision': 0.9281868653283346}


METRICS_PER_CLASSES
CLASS:0
ACC:0.8953333333333333
PREC:0.20784313725490197
REC:0.3212121212121212
TNR:0.9287477954144621
FPR:0.792156862745098
FPDR:0.792156862745098
F1:0.2523809523809524
BACC:0
CLSFE:0.792156862745098
MCC:0.20433728103545507
GMEAN:0.5461914036637345
SAMPLES:255
AUC:{}
AVGP:{}
CLASS:1
ACC:0.8953333333333333
PREC:0.9591985428051002
REC:0.9287477954144621
TNR:0.3212121212121212
FPR:0.04080145719489982
FPDR:0.04080145719489982
F1:0.9437275985663083
BACC:0
CLSFE:0.04080145719489982
MCC:0.20433728103545507
GMEAN:0.5461914036637345
SAMPLES:2745
AUC:{}
AVGP:{}
