

GENERAL_METRICS
ACC:0.9003333333333333
PREC:0.6071448485828514
REC:0.6606495289890666
TNR:0.6606495289890666
FPR:0.39285515141714855
FPDR:0.39285515141714855
F1:0.6262872155647833
BACC:0.0
CLSFE:0.09966666666666667
MCC:0.26239488911516506
GMEAN:0.6029051457555139
SAMPLES:3000.0
AUC:{'AUC macro OVO': 0.6071448485828514}
AVGP:{'avg_precision': 0.9300856208915914}


METRICS_PER_CLASSES
CLASS:0
ACC:0.9003333333333333
PREC:0.25190839694656486
REC:0.3905325443786982
TNR:0.9307665135994349
FPR:0.7480916030534351
FPDR:0.7480916030534351
F1:0.3062645011600928
BACC:0
CLSFE:0.7480916030534351
MCC:0.26239488911516506
GMEAN:0.6029051457555139
SAMPLES:262
AUC:{}
AVGP:{}
CLASS:1
ACC:0.9003333333333333
PREC:0.962381300219138
REC:0.9307665135994349
TNR:0.3905325443786982
FPR:0.03761869978086194
FPDR:0.03761869978086194
F1:0.9463099299694738
BACC:0
CLSFE:0.03761869978086194
MCC:0.26239488911516506
GMEAN:0.6029051457555139
SAMPLES:2738
AUC:{}
AVGP:{}
