

GENERAL_METRICS
ACC:0.9076666666666666
PREC:0.5943239987955435
REC:0.6606899031631039
TNR:0.6606899031631039
FPR:0.4056760012044565
FPDR:0.4056760012044565
F1:0.6155936672410404
BACC:0.0
CLSFE:0.09233333333333334
MCC:0.24622684039245288
GMEAN:0.6020115696886993
SAMPLES:3000.0
AUC:{'AUC macro OVO': 0.5943239987955434}
AVGP:{'avg_precision': 0.9324310113445614}


METRICS_PER_CLASSES
CLASS:0
ACC:0.9076666666666666
PREC:0.21951219512195122
REC:0.38848920863309355
TNR:0.9328905976931143
FPR:0.7804878048780488
FPDR:0.7804878048780488
F1:0.2805194805194805
BACC:0
CLSFE:0.7804878048780488
MCC:0.24622684039245288
GMEAN:0.6020115696886993
SAMPLES:246
AUC:{}
AVGP:{}
CLASS:1
ACC:0.9076666666666666
PREC:0.9691358024691358
REC:0.9328905976931143
TNR:0.38848920863309355
FPR:0.030864197530864196
FPDR:0.030864197530864196
F1:0.9506678539626002
BACC:0
CLSFE:0.030864197530864196
MCC:0.24622684039245288
GMEAN:0.6020115696886993
SAMPLES:2754
AUC:{}
AVGP:{}
