

GENERAL_METRICS
ACC:0.7333333333333333
PREC:0.6813927040503893
REC:0.700551310571622
TNR:0.700551310571622
FPR:0.3186072959496107
FPDR:0.3186072959496107
F1:0.6879576620955932
BACC:0.0
CLSFE:0.26666666666666666
MCC:0.3814632067470515
GMEAN:0.6965294703222341
SAMPLES:750.0
AUC:{'AUC macro OVO': 0.6813927040503893}
AVGP:{'avg_precision': 0.7575733037681873}


METRICS_PER_CLASSES
CLASS:0
ACC:0.7333333333333333
PREC:0.5217391304347826
REC:0.6255924170616114
TNR:0.7755102040816326
FPR:0.4782608695652174
FPDR:0.4782608695652174
F1:0.5689655172413793
BACC:0
CLSFE:0.4782608695652174
MCC:0.3814632067470515
GMEAN:0.6965294703222341
SAMPLES:253
AUC:{}
AVGP:{}
CLASS:1
ACC:0.7333333333333333
PREC:0.8410462776659959
REC:0.7755102040816326
TNR:0.6255924170616114
FPR:0.158953722334004
FPDR:0.158953722334004
F1:0.806949806949807
BACC:0
CLSFE:0.158953722334004
MCC:0.3814632067470515
GMEAN:0.6965294703222341
SAMPLES:497
AUC:{}
AVGP:{}
