

GENERAL_METRICS
ACC:0.7466666666666667
PREC:0.6875720727527219
REC:0.7193979590887527
TNR:0.7193979590887527
FPR:0.31242792724727814
FPDR:0.31242792724727814
F1:0.6968626883705891
BACC:0.0
CLSFE:0.25333333333333335
MCC:0.4057236988098881
GMEAN:0.7172005371234292
SAMPLES:750.0
AUC:{'AUC macro OVO': 0.6875720727527218}
AVGP:{'avg_precision': 0.7608156900710065}


METRICS_PER_CLASSES
CLASS:0
ACC:0.7466666666666667
PREC:0.5059288537549407
REC:0.6632124352331606
TNR:0.7755834829443446
FPR:0.49407114624505927
FPDR:0.49407114624505927
F1:0.5739910313901345
BACC:0
CLSFE:0.49407114624505927
MCC:0.4057236988098881
GMEAN:0.7172005371234292
SAMPLES:253
AUC:{}
AVGP:{}
CLASS:1
ACC:0.7466666666666667
PREC:0.869215291750503
REC:0.7755834829443446
TNR:0.6632124352331606
FPR:0.13078470824949698
FPDR:0.13078470824949698
F1:0.8197343453510436
BACC:0
CLSFE:0.13078470824949698
MCC:0.4057236988098881
GMEAN:0.7172005371234292
SAMPLES:497
AUC:{}
AVGP:{}
