

GENERAL_METRICS
ACC:0.748
PREC:0.7098238855255916
REC:0.7323809523809524
TNR:0.7323809523809524
FPR:0.2901761144744084
FPDR:0.2901761144744084
F1:0.7167826509143875
BACC:0.0
CLSFE:0.252
MCC:0.4416291401196661
GMEAN:0.7313392802640529
SAMPLES:750.0
AUC:{'AUC macro OVO': 0.7098238855255917}
AVGP:{'avg_precision': 0.751132007233273}


METRICS_PER_CLASSES
CLASS:0
ACC:0.748
PREC:0.5652173913043478
REC:0.6933333333333334
TNR:0.7714285714285715
FPR:0.43478260869565216
FPDR:0.43478260869565216
F1:0.6227544910179641
BACC:0
CLSFE:0.43478260869565216
MCC:0.4416291401196661
GMEAN:0.7313392802640529
SAMPLES:276
AUC:{}
AVGP:{}
CLASS:1
ACC:0.748
PREC:0.8544303797468354
REC:0.7714285714285715
TNR:0.6933333333333334
FPR:0.14556962025316456
FPDR:0.14556962025316456
F1:0.8108108108108109
BACC:0
CLSFE:0.14556962025316456
MCC:0.4416291401196661
GMEAN:0.7313392802640529
SAMPLES:474
AUC:{}
AVGP:{}
