

GENERAL_METRICS
ACC:0.736
PREC:0.6873307738937159
REC:0.6982524869770506
TNR:0.6982524869770506
FPR:0.3126692261062841
FPDR:0.3126692261062841
F1:0.6918089672176057
BACC:0.0
CLSFE:0.264
MCC:0.38542855011929106
GMEAN:0.6921760484467074
SAMPLES:750.0
AUC:{'AUC macro OVO': 0.6873307738937158}
AVGP:{'avg_precision': 0.7700418124988302}


METRICS_PER_CLASSES
CLASS:0
ACC:0.736
PREC:0.5469387755102041
REC:0.6063348416289592
TNR:0.7901701323251418
FPR:0.4530612244897959
FPDR:0.4530612244897959
F1:0.575107296137339
BACC:0
CLSFE:0.4530612244897959
MCC:0.38542855011929106
GMEAN:0.6921760484467074
SAMPLES:245
AUC:{}
AVGP:{}
CLASS:1
ACC:0.736
PREC:0.8277227722772277
REC:0.7901701323251418
TNR:0.6063348416289592
FPR:0.17227722772277226
FPDR:0.17227722772277226
F1:0.8085106382978723
BACC:0
CLSFE:0.17227722772277226
MCC:0.38542855011929106
GMEAN:0.6921760484467074
SAMPLES:505
AUC:{}
AVGP:{}
