

GENERAL_METRICS
ACC:0.876
PREC:0.7592261904761906
REC:0.7702954319761668
TNR:0.7702954319761668
FPR:0.2407738095238095
FPDR:0.2407738095238095
F1:0.764552193462146
BACC:0.0
CLSFE:0.124
MCC:0.5294059128279472
GMEAN:0.7551749634502231
SAMPLES:1500.0
AUC:{'AUC macro OVO': 0.7592261904761906}
AVGP:{'avg_precision': 0.9164961814914645}


METRICS_PER_CLASSES
CLASS:0
ACC:0.876
PREC:0.5875
REC:0.618421052631579
TNR:0.9221698113207547
FPR:0.4125
FPDR:0.4125
F1:0.6025641025641025
BACC:0
CLSFE:0.4125
MCC:0.5294059128279472
GMEAN:0.7551749634502231
SAMPLES:240
AUC:{}
AVGP:{}
CLASS:1
ACC:0.876
PREC:0.930952380952381
REC:0.9221698113207547
TNR:0.618421052631579
FPR:0.06904761904761905
FPDR:0.06904761904761905
F1:0.9265402843601895
BACC:0
CLSFE:0.06904761904761905
MCC:0.5294059128279472
GMEAN:0.7551749634502231
SAMPLES:1260
AUC:{}
AVGP:{}
