

GENERAL_METRICS
ACC:0.8626666666666667
PREC:0.7459946378707337
REC:0.7621770554909217
TNR:0.7621770554909217
FPR:0.2540053621292663
FPDR:0.2540053621292663
F1:0.7535877307423628
BACC:0.0
CLSFE:0.13733333333333334
MCC:0.5079139683982105
GMEAN:0.7476559264238711
SAMPLES:1500.0
AUC:{'AUC macro OVO': 0.7459946378707337}
AVGP:{'avg_precision': 0.9039226604765302}


METRICS_PER_CLASSES
CLASS:0
ACC:0.8626666666666667
PREC:0.5670498084291188
REC:0.6141078838174274
TNR:0.9102462271644162
FPR:0.4329501915708812
FPDR:0.4329501915708812
F1:0.5896414342629482
BACC:0
CLSFE:0.4329501915708812
MCC:0.5079139683982105
GMEAN:0.7476559264238711
SAMPLES:261
AUC:{}
AVGP:{}
CLASS:1
ACC:0.8626666666666667
PREC:0.9249394673123487
REC:0.9102462271644162
TNR:0.6141078838174274
FPR:0.07506053268765134
FPDR:0.07506053268765134
F1:0.9175340272217775
BACC:0
CLSFE:0.07506053268765134
MCC:0.5079139683982105
GMEAN:0.7476559264238711
SAMPLES:1239
AUC:{}
AVGP:{}
