

GENERAL_METRICS
ACC:0.8773333333333333
PREC:0.7344750895603884
REC:0.7755493301615124
TNR:0.7755493301615124
FPR:0.2655249104396116
FPDR:0.2655249104396116
F1:0.7521649647463642
BACC:0.0
CLSFE:0.12266666666666666
MCC:0.5083677954706637
GMEAN:0.7632100066237288
SAMPLES:1500.0
AUC:{'AUC macro OVO': 0.7344750895603883}
AVGP:{'avg_precision': 0.9092922698738329}


METRICS_PER_CLASSES
CLASS:0
ACC:0.8773333333333333
PREC:0.5252100840336135
REC:0.6377551020408163
TNR:0.9133435582822086
FPR:0.47478991596638653
FPDR:0.47478991596638653
F1:0.576036866359447
BACC:0
CLSFE:0.47478991596638653
MCC:0.5083677954706637
GMEAN:0.7632100066237288
SAMPLES:238
AUC:{}
AVGP:{}
CLASS:1
ACC:0.8773333333333333
PREC:0.9437400950871633
REC:0.9133435582822086
TNR:0.6377551020408163
FPR:0.056259904912836764
FPDR:0.056259904912836764
F1:0.9282930631332814
BACC:0
CLSFE:0.056259904912836764
MCC:0.5083677954706637
GMEAN:0.7632100066237288
SAMPLES:1262
AUC:{}
AVGP:{}
