

GENERAL_METRICS
ACC:0.884
PREC:0.7561634582911179
REC:0.7805575170651333
TNR:0.7805575170651333
FPR:0.24383654170888214
FPDR:0.24383654170888214
F1:0.7674120175804433
BACC:0.0
CLSFE:0.116
MCC:0.5361663317328825
GMEAN:0.7673697830075332
SAMPLES:1500.0
AUC:{'AUC macro OVO': 0.7561634582911179}
AVGP:{'avg_precision': 0.9188574045734533}


METRICS_PER_CLASSES
CLASS:0
ACC:0.884
PREC:0.5714285714285714
REC:0.6376811594202898
TNR:0.9234338747099768
FPR:0.42857142857142855
FPDR:0.42857142857142855
F1:0.6027397260273972
BACC:0
CLSFE:0.42857142857142855
MCC:0.5361663317328825
GMEAN:0.7673697830075332
SAMPLES:231
AUC:{}
AVGP:{}
CLASS:1
ACC:0.884
PREC:0.9408983451536643
REC:0.9234338747099768
TNR:0.6376811594202898
FPR:0.0591016548463357
FPDR:0.0591016548463357
F1:0.9320843091334895
BACC:0
CLSFE:0.0591016548463357
MCC:0.5361663317328825
GMEAN:0.7673697830075332
SAMPLES:1269
AUC:{}
AVGP:{}
