

GENERAL_METRICS
ACC:0.9245714285714286
PREC:0.5068518628734675
REC:0.5611797528895974
TNR:0.5611797528895974
FPR:0.49314813712653255
FPDR:0.49314813712653255
F1:0.49862284065973417
BACC:0.0
CLSFE:0.07542857142857143
MCC:0.040948517796479296
GMEAN:0.4229138422602043
SAMPLES:3500.0
AUC:{'AUC macro OVO': 0.5068518628734674}
AVGP:{'avg_precision': 0.930045943827314}


METRICS_PER_CLASSES
CLASS:0
ACC:0.9245714285714286
PREC:0.020161290322580645
REC:0.19230769230769232
TNR:0.9300518134715026
FPR:0.9798387096774194
FPDR:0.9798387096774194
F1:0.0364963503649635
BACC:0
CLSFE:0.9798387096774194
MCC:0.040948517796479296
GMEAN:0.4229138422602043
SAMPLES:248
AUC:{}
AVGP:{}
CLASS:1
ACC:0.9245714285714286
PREC:0.9935424354243543
REC:0.9300518134715026
TNR:0.19230769230769232
FPR:0.006457564575645757
FPDR:0.006457564575645757
F1:0.9607493309545049
BACC:0
CLSFE:0.006457564575645757
MCC:0.040948517796479296
GMEAN:0.4229138422602043
SAMPLES:3252
AUC:{}
AVGP:{}
