

GENERAL_METRICS
ACC:0.9154285714285715
PREC:0.5042231601891533
REC:0.5278056493052389
TNR:0.5278056493052389
FPR:0.49577683981084675
FPDR:0.49577683981084675
F1:0.49423051762284437
BACC:0.0
CLSFE:0.08457142857142858
MCC:0.021672813493355328
GMEAN:0.3486878318937971
SAMPLES:3500.0
AUC:{'AUC macro OVO': 0.5042231601891533}
AVGP:{'avg_precision': 0.9240261864110403}


METRICS_PER_CLASSES
CLASS:0
ACC:0.9154285714285715
PREC:0.018656716417910446
REC:0.13157894736842105
TNR:0.9240323512420566
FPR:0.9813432835820896
FPDR:0.9813432835820896
F1:0.032679738562091505
BACC:0
CLSFE:0.9813432835820896
MCC:0.021672813493355328
GMEAN:0.3486878318937971
SAMPLES:268
AUC:{}
AVGP:{}
CLASS:1
ACC:0.9154285714285715
PREC:0.9897896039603961
REC:0.9240323512420566
TNR:0.13157894736842105
FPR:0.01021039603960396
FPDR:0.01021039603960396
F1:0.9557812966835972
BACC:0
CLSFE:0.01021039603960396
MCC:0.021672813493355328
GMEAN:0.3486878318937971
SAMPLES:3232
AUC:{}
AVGP:{}
