

GENERAL_METRICS
ACC:0.9131428571428571
PREC:0.49368178256503076
REC:0.47280643884417467
TNR:0.47280643884417467
FPR:0.5063182174349693
FPDR:0.5063182174349693
F1:0.4805610721531915
BACC:0.0
CLSFE:0.08685714285714285
MCC:-0.026215631383862445
GMEAN:0.1298552382467444
SAMPLES:3500.0
AUC:{'AUC macro OVO': 0.49368178256503076}
AVGP:{'avg_precision': 0.9274452642951048}


METRICS_PER_CLASSES
CLASS:0
ACC:0.9131428571428571
PREC:0.00398406374501992
REC:0.01818181818181818
TNR:0.9274310595065312
FPR:0.9960159362549801
FPDR:0.9960159362549801
F1:0.006535947712418301
BACC:0
CLSFE:0.9960159362549801
MCC:-0.026215631383862445
GMEAN:0.1298552382467444
SAMPLES:251
AUC:{}
AVGP:{}
CLASS:1
ACC:0.9131428571428571
PREC:0.9833795013850416
REC:0.9274310595065312
TNR:0.01818181818181818
FPR:0.01662049861495845
FPDR:0.01662049861495845
F1:0.9545861965939647
BACC:0
CLSFE:0.01662049861495845
MCC:-0.026215631383862445
GMEAN:0.1298552382467444
SAMPLES:3249
AUC:{}
AVGP:{}
