

GENERAL_METRICS
ACC:0.9282857142857143
PREC:0.504873022204494
REC:0.5364100577196277
TNR:0.5364100577196277
FPR:0.4951269777955059
FPDR:0.4951269777955059
F1:0.496826599630338
BACC:0.0
CLSFE:0.07171428571428572
MCC:0.026640346824668537
GMEAN:0.35909639104697927
SAMPLES:3500.0
AUC:{'AUC macro OVO': 0.504873022204494}
AVGP:{'avg_precision': 0.9348844680614601}


METRICS_PER_CLASSES
CLASS:0
ACC:0.9282857142857143
PREC:0.017391304347826087
REC:0.13793103448275862
TNR:0.9348890809564967
FPR:0.9826086956521739
FPDR:0.9826086956521739
F1:0.03088803088803089
BACC:0
CLSFE:0.9826086956521739
MCC:0.026640346824668537
GMEAN:0.35909639104697927
SAMPLES:230
AUC:{}
AVGP:{}
CLASS:1
ACC:0.9282857142857143
PREC:0.9923547400611621
REC:0.9348890809564967
TNR:0.13793103448275862
FPR:0.00764525993883792
FPDR:0.00764525993883792
F1:0.962765168372645
BACC:0
CLSFE:0.00764525993883792
MCC:0.026640346824668537
GMEAN:0.35909639104697927
SAMPLES:3270
AUC:{}
AVGP:{}
