

GENERAL_METRICS
ACC:0.9272
PREC:0.49473534433693794
REC:0.46821976838136276
TNR:0.46821976838136276
FPR:0.505264655663062
FPDR:0.505264655663062
F1:0.48111249481112495
BACC:0.0
CLSFE:0.0728
MCC:-0.025869826158247115
GMEAN:0.0
SAMPLES:3750.0
AUC:{'AUC macro OVO': 0.49473534433693794}
AVGP:{'avg_precision': 0.9364461400087261}


METRICS_PER_CLASSES
CLASS:0
ACC:0.9272
PREC:0.0
REC:0.0
TNR:0.9364395367627255
FPR:1.0
FPDR:1.0
F1:0.0
BACC:0
CLSFE:1.0
MCC:-0.025869826158247115
GMEAN:0
SAMPLES:236
AUC:{}
AVGP:{}
CLASS:1
ACC:0.9272
PREC:0.9894706886738759
REC:0.9364395367627255
TNR:0.0
FPR:0.010529311326124075
FPDR:0.010529311326124075
F1:0.9622249896222499
BACC:0
CLSFE:0.010529311326124075
MCC:-0.025869826158247115
GMEAN:0
SAMPLES:3514
AUC:{}
AVGP:{}
