

GENERAL_METRICS
ACC:0.9245333333333333
PREC:0.49599427753934194
REC:0.46574422353573347
TNR:0.46574422353573347
FPR:0.5040057224606581
FPDR:0.5040057224606581
F1:0.4803935153110711
BACC:0.0
CLSFE:0.07546666666666667
MCC:-0.023428114152888615
GMEAN:0.0
SAMPLES:3750.0
AUC:{'AUC macro OVO': 0.49599427753934194}
AVGP:{'avg_precision': 0.9314925453495783}


METRICS_PER_CLASSES
CLASS:0
ACC:0.9245333333333333
PREC:0.0
REC:0.0
TNR:0.9314884470714669
FPR:1.0
FPDR:1.0
F1:0.0
BACC:0
CLSFE:1.0
MCC:-0.023428114152888615
GMEAN:0
SAMPLES:255
AUC:{}
AVGP:{}
CLASS:1
ACC:0.9245333333333333
PREC:0.9919885550786839
REC:0.9314884470714669
TNR:0.0
FPR:0.008011444921316165
FPDR:0.008011444921316165
F1:0.9607870306221422
BACC:0
CLSFE:0.008011444921316165
MCC:-0.023428114152888615
GMEAN:0
SAMPLES:3495
AUC:{}
AVGP:{}
