

GENERAL_METRICS
ACC:0.9184
PREC:0.4935511607910576
REC:0.4647773279352227
TNR:0.4647773279352227
FPR:0.5064488392089423
FPDR:0.5064488392089423
F1:0.4787322768974145
BACC:0.0
CLSFE:0.0816
MCC:-0.030142683931929874
GMEAN:0.0
SAMPLES:3750.0
AUC:{'AUC macro OVO': 0.4935511607910576}
AVGP:{'avg_precision': 0.9295655588471808}


METRICS_PER_CLASSES
CLASS:0
ACC:0.9184
PREC:0.0
REC:0.0
TNR:0.9295546558704454
FPR:1.0
FPDR:1.0
F1:0.0
BACC:0
CLSFE:1.0
MCC:-0.030142683931929874
GMEAN:0
SAMPLES:261
AUC:{}
AVGP:{}
CLASS:1
ACC:0.9184
PREC:0.9871023215821152
REC:0.9295546558704454
TNR:0.0
FPR:0.012897678417884782
FPDR:0.012897678417884782
F1:0.957464553794829
BACC:0
CLSFE:0.012897678417884782
MCC:-0.030142683931929874
GMEAN:0
SAMPLES:3489
AUC:{}
AVGP:{}
