

GENERAL_METRICS
ACC:0.9221333333333334
PREC:0.4948483113909559
REC:0.46553581044695747
TNR:0.46553581044695747
FPR:0.505151688609044
FPDR:0.505151688609044
F1:0.4797447280799112
BACC:0.0
CLSFE:0.07786666666666667
MCC:-0.02664948575416382
GMEAN:0.0
SAMPLES:3750.0
AUC:{'AUC macro OVO': 0.4948483113909559}
AVGP:{'avg_precision': 0.9310784387667882}


METRICS_PER_CLASSES
CLASS:0
ACC:0.9221333333333334
PREC:0.0
REC:0.0
TNR:0.9310716208939149
FPR:1.0
FPDR:1.0
F1:0.0
BACC:0
CLSFE:1.0
MCC:-0.02664948575416382
GMEAN:0
SAMPLES:256
AUC:{}
AVGP:{}
CLASS:1
ACC:0.9221333333333334
PREC:0.9896966227819118
REC:0.9310716208939149
TNR:0.0
FPR:0.01030337721808815
FPDR:0.01030337721808815
F1:0.9594894561598224
BACC:0
CLSFE:0.01030337721808815
MCC:-0.02664948575416382
GMEAN:0
SAMPLES:3494
AUC:{}
AVGP:{}
