

GENERAL_METRICS
ACC:0.82
PREC:0.8434073807203858
REC:0.8025974025974025
TNR:0.8025974025974025
FPR:0.15659261927961418
FPDR:0.15659261927961418
F1:0.8088681407259046
BACC:0.0
CLSFE:0.18
MCC:0.644714452882099
GMEAN:0.789386668959714
SAMPLES:750.0
AUC:{'AUC macro OVO': 0.8434073807203859}
AVGP:{'avg_precision': 0.8887339483738701}


METRICS_PER_CLASSES
CLASS:0
ACC:0.82
PREC:0.9079497907949791
REC:0.6575757575757576
TNR:0.9476190476190476
FPR:0.09205020920502092
FPDR:0.09205020920502092
F1:0.7627416520210897
BACC:0
CLSFE:0.09205020920502092
MCC:0.644714452882099
GMEAN:0.789386668959714
SAMPLES:239
AUC:{}
AVGP:{}
CLASS:1
ACC:0.82
PREC:0.7788649706457925
REC:0.9476190476190476
TNR:0.6575757575757576
FPR:0.22113502935420742
FPDR:0.22113502935420742
F1:0.8549946294307197
BACC:0
CLSFE:0.22113502935420742
MCC:0.644714452882099
GMEAN:0.789386668959714
SAMPLES:511
AUC:{}
AVGP:{}
