

GENERAL_METRICS
ACC:0.8266666666666667
PREC:0.8491271430359154
REC:0.8186243718592965
TNR:0.8186243718592965
FPR:0.1508728569640846
FPDR:0.1508728569640846
F1:0.8207733766663481
BACC:0.0
CLSFE:0.17333333333333334
MCC:0.6670544704860295
GMEAN:0.8080546152993203
SAMPLES:750.0
AUC:{'AUC macro OVO': 0.8491271430359155}
AVGP:{'avg_precision': 0.882332701760167}


METRICS_PER_CLASSES
CLASS:0
ACC:0.8266666666666667
PREC:0.9236641221374046
REC:0.6875
TNR:0.949748743718593
FPR:0.07633587786259542
FPDR:0.07633587786259542
F1:0.7882736156351792
BACC:0
CLSFE:0.07633587786259542
MCC:0.6670544704860295
GMEAN:0.8080546152993203
SAMPLES:262
AUC:{}
AVGP:{}
CLASS:1
ACC:0.8266666666666667
PREC:0.7745901639344263
REC:0.949748743718593
TNR:0.6875
FPR:0.22540983606557377
FPDR:0.22540983606557377
F1:0.8532731376975169
BACC:0
CLSFE:0.22540983606557377
MCC:0.6670544704860295
GMEAN:0.8080546152993203
SAMPLES:488
AUC:{}
AVGP:{}
