

GENERAL_METRICS
ACC:0.8066666666666666
PREC:0.8344375688459793
REC:0.7952710578442659
TNR:0.7952710578442659
FPR:0.1655624311540206
FPDR:0.1655624311540206
F1:0.7975685893462443
BACC:0.0
CLSFE:0.19333333333333333
MCC:0.6284894103674838
GMEAN:0.7804891184332279
SAMPLES:750.0
AUC:{'AUC macro OVO': 0.8344375688459793}
AVGP:{'avg_precision': 0.88093470251114}


METRICS_PER_CLASSES
CLASS:0
ACC:0.8066666666666666
PREC:0.9139344262295082
REC:0.6426512968299711
TNR:0.9478908188585607
FPR:0.0860655737704918
FPDR:0.0860655737704918
F1:0.754653130287648
BACC:0
CLSFE:0.0860655737704918
MCC:0.6284894103674838
GMEAN:0.7804891184332279
SAMPLES:244
AUC:{}
AVGP:{}
CLASS:1
ACC:0.8066666666666666
PREC:0.7549407114624506
REC:0.9478908188585607
TNR:0.6426512968299711
FPR:0.2450592885375494
FPDR:0.2450592885375494
F1:0.8404840484048405
BACC:0
CLSFE:0.2450592885375494
MCC:0.6284894103674838
GMEAN:0.7804891184332279
SAMPLES:506
AUC:{}
AVGP:{}
