

GENERAL_METRICS
ACC:0.8213333333333334
PREC:0.8478780584317087
REC:0.80407995618839
TNR:0.80407995618839
FPR:0.15212194156829123
FPDR:0.15212194156829123
F1:0.8101538415039593
BACC:0.0
CLSFE:0.17866666666666667
MCC:0.6504851874310933
GMEAN:0.7898763889040381
SAMPLES:750.0
AUC:{'AUC macro OVO': 0.8478780584317087}
AVGP:{'avg_precision': 0.8943131706166726}


METRICS_PER_CLASSES
CLASS:0
ACC:0.8213333333333334
PREC:0.9194915254237288
REC:0.6536144578313253
TNR:0.9545454545454546
FPR:0.08050847457627118
FPDR:0.08050847457627118
F1:0.7640845070422535
BACC:0
CLSFE:0.08050847457627118
MCC:0.6504851874310933
GMEAN:0.7898763889040381
SAMPLES:236
AUC:{}
AVGP:{}
CLASS:1
ACC:0.8213333333333334
PREC:0.7762645914396887
REC:0.9545454545454546
TNR:0.6536144578313253
FPR:0.2237354085603113
FPDR:0.2237354085603113
F1:0.8562231759656652
BACC:0
CLSFE:0.2237354085603113
MCC:0.6504851874310933
GMEAN:0.7898763889040381
SAMPLES:514
AUC:{}
AVGP:{}
