

GENERAL_METRICS
ACC:0.852
PREC:0.7153432968745652
REC:0.7427450980392156
TNR:0.7427450980392156
FPR:0.2846567031254349
FPDR:0.2846567031254349
F1:0.7274521936415334
BACC:0.0
CLSFE:0.148
MCC:0.4572681039036256
GMEAN:0.7261610041317067
SAMPLES:1500.0
AUC:{'AUC macro OVO': 0.7153432968745652}
AVGP:{'avg_precision': 0.8933573565019228}


METRICS_PER_CLASSES
CLASS:0
ACC:0.852
PREC:0.5057471264367817
REC:0.5866666666666667
TNR:0.8988235294117647
FPR:0.4942528735632184
FPDR:0.4942528735632184
F1:0.5432098765432098
BACC:0
CLSFE:0.4942528735632184
MCC:0.4572681039036256
GMEAN:0.7261610041317067
SAMPLES:261
AUC:{}
AVGP:{}
CLASS:1
ACC:0.852
PREC:0.9249394673123487
REC:0.8988235294117647
TNR:0.5866666666666667
FPR:0.07506053268765134
FPDR:0.07506053268765134
F1:0.9116945107398569
BACC:0
CLSFE:0.07506053268765134
MCC:0.4572681039036256
GMEAN:0.7261610041317067
SAMPLES:1239
AUC:{}
AVGP:{}
