

GENERAL_METRICS
ACC:0.8766666666666667
PREC:0.7417313075756268
REC:0.7977959747959482
TNR:0.7977959747959482
FPR:0.2582686924243732
FPDR:0.2582686924243732
F1:0.764586116943437
BACC:0.0
CLSFE:0.12333333333333334
MCC:0.5366064121054945
GMEAN:0.7904327828859079
SAMPLES:1500.0
AUC:{'AUC macro OVO': 0.7417313075756268}
AVGP:{'avg_precision': 0.9018349864170205}


METRICS_PER_CLASSES
CLASS:0
ACC:0.8766666666666667
PREC:0.5343511450381679
REC:0.6896551724137931
TNR:0.9059367771781033
FPR:0.46564885496183206
FPDR:0.46564885496183206
F1:0.6021505376344086
BACC:0
CLSFE:0.46564885496183206
MCC:0.5366064121054945
GMEAN:0.7904327828859079
SAMPLES:262
AUC:{}
AVGP:{}
CLASS:1
ACC:0.8766666666666667
PREC:0.9491114701130856
REC:0.9059367771781033
TNR:0.6896551724137931
FPR:0.05088852988691438
FPDR:0.05088852988691438
F1:0.9270216962524654
BACC:0
CLSFE:0.05088852988691438
MCC:0.5366064121054945
GMEAN:0.7904327828859079
SAMPLES:1238
AUC:{}
AVGP:{}
