

GENERAL_METRICS
ACC:0.8653333333333333
PREC:0.7263698046644016
REC:0.7471792683060289
TNR:0.7471792683060289
FPR:0.2736301953355984
FPDR:0.2736301953355984
F1:0.7359477124183007
BACC:0.0
CLSFE:0.13466666666666666
MCC:0.47309163037840973
GMEAN:0.72872860250974
SAMPLES:1500.0
AUC:{'AUC macro OVO': 0.7263698046644018}
AVGP:{'avg_precision': 0.9072521955039771}


METRICS_PER_CLASSES
CLASS:0
ACC:0.8653333333333333
PREC:0.5232067510548524
REC:0.5821596244131455
TNR:0.9121989121989122
FPR:0.4767932489451477
FPDR:0.4767932489451477
F1:0.5511111111111111
BACC:0
CLSFE:0.4767932489451477
MCC:0.47309163037840973
GMEAN:0.72872860250974
SAMPLES:237
AUC:{}
AVGP:{}
CLASS:1
ACC:0.8653333333333333
PREC:0.9295328582739509
REC:0.9121989121989122
TNR:0.5821596244131455
FPR:0.07046714172604909
FPDR:0.07046714172604909
F1:0.9207843137254902
BACC:0
CLSFE:0.07046714172604909
MCC:0.47309163037840973
GMEAN:0.72872860250974
SAMPLES:1263
AUC:{}
AVGP:{}
