

GENERAL_METRICS
ACC:0.8553333333333333
PREC:0.713512856560985
REC:0.7317004052912429
TNR:0.7317004052912429
FPR:0.2864871434390151
FPDR:0.2864871434390151
F1:0.7219087228391112
BACC:0.0
CLSFE:0.14466666666666667
MCC:0.44484161406087547
GMEAN:0.7105577864650183
SAMPLES:1500.0
AUC:{'AUC macro OVO': 0.713512856560985}
AVGP:{'avg_precision': 0.9011064264429741}


METRICS_PER_CLASSES
CLASS:0
ACC:0.8553333333333333
PREC:0.5041322314049587
REC:0.5570776255707762
TNR:0.9063231850117096
FPR:0.49586776859504134
FPDR:0.49586776859504134
F1:0.5292841648590022
BACC:0
CLSFE:0.49586776859504134
MCC:0.44484161406087547
GMEAN:0.7105577864650183
SAMPLES:242
AUC:{}
AVGP:{}
CLASS:1
ACC:0.8553333333333333
PREC:0.9228934817170111
REC:0.9063231850117096
TNR:0.5570776255707762
FPR:0.07710651828298887
FPDR:0.07710651828298887
F1:0.9145332808192201
BACC:0
CLSFE:0.07710651828298887
MCC:0.44484161406087547
GMEAN:0.7105577864650183
SAMPLES:1258
AUC:{}
AVGP:{}
