

GENERAL_METRICS
ACC:0.9181176470588235
PREC:0.5371416396392131
REC:0.5696074934203638
TNR:0.5696074934203638
FPR:0.4628583603607869
FPDR:0.4628583603607869
F1:0.5456773922435243
BACC:0.0
CLSFE:0.08188235294117648
MCC:0.10169240752009065
GMEAN:0.43090159055263194
SAMPLES:4250.0
AUC:{'AUC macro OVO': 0.5371416396392131}
AVGP:{'avg_precision': 0.942010820349196}


METRICS_PER_CLASSES
CLASS:0
ACC:0.9181176470588235
PREC:0.1018867924528302
REC:0.19708029197080293
TNR:0.9421346948699246
FPR:0.8981132075471698
FPDR:0.8981132075471698
F1:0.13432835820895522
BACC:0
CLSFE:0.8981132075471698
MCC:0.10169240752009065
GMEAN:0.43090159055263194
SAMPLES:265
AUC:{}
AVGP:{}
CLASS:1
ACC:0.9181176470588235
PREC:0.972396486825596
REC:0.9421346948699246
TNR:0.19708029197080293
FPR:0.027603513174404015
FPDR:0.027603513174404015
F1:0.9570264262780933
BACC:0
CLSFE:0.027603513174404015
MCC:0.10169240752009065
GMEAN:0.43090159055263194
SAMPLES:3985
AUC:{}
AVGP:{}
