

GENERAL_METRICS
ACC:0.7733333333333333
PREC:0.759436274509804
REC:0.7427306916162172
TNR:0.7427306916162172
FPR:0.24056372549019608
FPDR:0.24056372549019608
F1:0.7488892040083192
BACC:0.0
CLSFE:0.22666666666666666
MCC:0.5018890169832351
GMEAN:0.7336290909741692
SAMPLES:750.0
AUC:{'AUC macro OVO': 0.759436274509804}
AVGP:{'avg_precision': 0.8225695375196492}


METRICS_PER_CLASSES
CLASS:0
ACC:0.7733333333333333
PREC:0.7208333333333333
REC:0.6268115942028986
TNR:0.8586497890295358
FPR:0.2791666666666667
FPDR:0.2791666666666667
F1:0.6705426356589147
BACC:0
CLSFE:0.2791666666666667
MCC:0.5018890169832351
GMEAN:0.7336290909741692
SAMPLES:240
AUC:{}
AVGP:{}
CLASS:1
ACC:0.7733333333333333
PREC:0.7980392156862746
REC:0.8586497890295358
TNR:0.6268115942028986
FPR:0.2019607843137255
FPDR:0.2019607843137255
F1:0.8272357723577236
BACC:0
CLSFE:0.2019607843137255
MCC:0.5018890169832351
GMEAN:0.7336290909741692
SAMPLES:510
AUC:{}
AVGP:{}
