

GENERAL_METRICS
ACC:0.784
PREC:0.7598528638991067
REC:0.7477592829705506
TNR:0.7477592829705506
FPR:0.24014713610089333
FPDR:0.24014713610089333
F1:0.7529202186503546
BACC:0.0
CLSFE:0.216
MCC:0.5074680649557635
GMEAN:0.7394152792481768
SAMPLES:750.0
AUC:{'AUC macro OVO': 0.7598528638991068}
AVGP:{'avg_precision': 0.8295243832939835}


METRICS_PER_CLASSES
CLASS:0
ACC:0.784
PREC:0.696969696969697
REC:0.6363636363636364
TNR:0.8591549295774648
FPR:0.30303030303030304
FPDR:0.30303030303030304
F1:0.6652892561983471
BACC:0
CLSFE:0.30303030303030304
MCC:0.5074680649557635
GMEAN:0.7394152792481768
SAMPLES:231
AUC:{}
AVGP:{}
CLASS:1
ACC:0.784
PREC:0.8227360308285164
REC:0.8591549295774648
TNR:0.6363636363636364
FPR:0.17726396917148363
FPDR:0.17726396917148363
F1:0.8405511811023622
BACC:0
CLSFE:0.17726396917148363
MCC:0.5074680649557635
GMEAN:0.7394152792481768
SAMPLES:519
AUC:{}
AVGP:{}
