

GENERAL_METRICS
ACC:0.7866666666666666
PREC:0.7655772791765866
REC:0.7595844204687022
TNR:0.7595844204687022
FPR:0.23442272082341342
FPDR:0.23442272082341342
F1:0.76232917409388
BACC:0.0
CLSFE:0.21333333333333335
MCC:0.5251275049155546
GMEAN:0.7543421746960998
SAMPLES:750.0
AUC:{'AUC macro OVO': 0.7655772791765867}
AVGP:{'avg_precision': 0.81765741318998}


METRICS_PER_CLASSES
CLASS:0
ACC:0.7866666666666666
PREC:0.7028112449799196
REC:0.6704980842911877
TNR:0.8486707566462167
FPR:0.2971887550200803
FPDR:0.2971887550200803
F1:0.6862745098039216
BACC:0
CLSFE:0.2971887550200803
MCC:0.5251275049155546
GMEAN:0.7543421746960998
SAMPLES:249
AUC:{}
AVGP:{}
CLASS:1
ACC:0.7866666666666666
PREC:0.8283433133732535
REC:0.8486707566462167
TNR:0.6704980842911877
FPR:0.17165668662674652
FPDR:0.17165668662674652
F1:0.8383838383838383
BACC:0
CLSFE:0.17165668662674652
MCC:0.5251275049155546
GMEAN:0.7543421746960998
SAMPLES:501
AUC:{}
AVGP:{}
