

GENERAL_METRICS
ACC:0.7693333333333333
PREC:0.7298412698412698
REC:0.7259186526427905
TNR:0.7259186526427905
FPR:0.27015873015873015
FPDR:0.27015873015873015
F1:0.7277882559776441
BACC:0.0
CLSFE:0.23066666666666666
MCC:0.45574304165504376
GMEAN:0.7169352404479354
SAMPLES:750.0
AUC:{'AUC macro OVO': 0.72984126984127}
AVGP:{'avg_precision': 0.8158080529509101}


METRICS_PER_CLASSES
CLASS:0
ACC:0.7693333333333333
PREC:0.6311111111111111
REC:0.6120689655172413
TNR:0.8397683397683398
FPR:0.3688888888888889
FPDR:0.3688888888888889
F1:0.6214442013129103
BACC:0
CLSFE:0.3688888888888889
MCC:0.45574304165504376
GMEAN:0.7169352404479354
SAMPLES:225
AUC:{}
AVGP:{}
CLASS:1
ACC:0.7693333333333333
PREC:0.8285714285714286
REC:0.8397683397683398
TNR:0.6120689655172413
FPR:0.17142857142857143
FPDR:0.17142857142857143
F1:0.8341323106423778
BACC:0
CLSFE:0.17142857142857143
MCC:0.45574304165504376
GMEAN:0.7169352404479354
SAMPLES:525
AUC:{}
AVGP:{}
