

GENERAL_METRICS
ACC:0.8006666666666666
PREC:0.6493184286409767
REC:0.6497788393212105
TNR:0.6497788393212105
FPR:0.35068157135902334
FPDR:0.35068157135902334
F1:0.649547772069309
BACC:0.0
CLSFE:0.19933333333333333
MCC:0.2990969135990037
GMEAN:0.6078827685131817
SAMPLES:1500.0
AUC:{'AUC macro OVO': 0.6493184286409767}
AVGP:{'avg_precision': 0.8731669626883171}


METRICS_PER_CLASSES
CLASS:0
ACC:0.8006666666666666
PREC:0.4186046511627907
REC:0.42023346303501946
TNR:0.8793242156074015
FPR:0.5813953488372093
FPDR:0.5813953488372093
F1:0.41941747572815535
BACC:0
CLSFE:0.5813953488372093
MCC:0.2990969135990037
GMEAN:0.6078827685131817
SAMPLES:258
AUC:{}
AVGP:{}
CLASS:1
ACC:0.8006666666666666
PREC:0.8800322061191627
REC:0.8793242156074015
TNR:0.42023346303501946
FPR:0.11996779388083736
FPDR:0.11996779388083736
F1:0.8796780684104628
BACC:0
CLSFE:0.11996779388083736
MCC:0.2990969135990037
GMEAN:0.6078827685131817
SAMPLES:1242
AUC:{}
AVGP:{}
