

GENERAL_METRICS
ACC:0.8053333333333333
PREC:0.648015873015873
REC:0.6423229548229548
TNR:0.6423229548229548
FPR:0.351984126984127
FPDR:0.351984126984127
F1:0.6450383164118723
BACC:0.0
CLSFE:0.19466666666666665
MCC:0.29028300954977243
GMEAN:0.593556844211005
SAMPLES:1500.0
AUC:{'AUC macro OVO': 0.6480158730158729}
AVGP:{'avg_precision': 0.8820516890516891}


METRICS_PER_CLASSES
CLASS:0
ACC:0.8053333333333333
PREC:0.4166666666666667
REC:0.3968253968253968
TNR:0.8878205128205128
FPR:0.5833333333333334
FPDR:0.5833333333333334
F1:0.4065040650406504
BACC:0
CLSFE:0.5833333333333334
MCC:0.29028300954977243
GMEAN:0.593556844211005
SAMPLES:240
AUC:{}
AVGP:{}
CLASS:1
ACC:0.8053333333333333
PREC:0.8793650793650793
REC:0.8878205128205128
TNR:0.3968253968253968
FPR:0.12063492063492064
FPDR:0.12063492063492064
F1:0.8835725677830941
BACC:0
CLSFE:0.12063492063492064
MCC:0.29028300954977243
GMEAN:0.593556844211005
SAMPLES:1260
AUC:{}
AVGP:{}
