

GENERAL_METRICS
ACC:0.8006666666666666
PREC:0.6497788393212105
REC:0.6493184286409767
TNR:0.6493184286409767
FPR:0.35022116067878956
FPDR:0.35022116067878956
F1:0.649547772069309
BACC:0.0
CLSFE:0.19933333333333333
MCC:0.2990969135990037
GMEAN:0.606947752821059
SAMPLES:1500.0
AUC:{'AUC macro OVO': 0.6497788393212105}
AVGP:{'avg_precision': 0.8738336293549838}


METRICS_PER_CLASSES
CLASS:0
ACC:0.8006666666666666
PREC:0.42023346303501946
REC:0.4186046511627907
TNR:0.8800322061191627
FPR:0.5797665369649806
FPDR:0.5797665369649806
F1:0.41941747572815535
BACC:0
CLSFE:0.5797665369649806
MCC:0.2990969135990037
GMEAN:0.606947752821059
SAMPLES:257
AUC:{}
AVGP:{}
CLASS:1
ACC:0.8006666666666666
PREC:0.8793242156074015
REC:0.8800322061191627
TNR:0.4186046511627907
FPR:0.12067578439259855
FPDR:0.12067578439259855
F1:0.8796780684104628
BACC:0
CLSFE:0.12067578439259855
MCC:0.2990969135990037
GMEAN:0.606947752821059
SAMPLES:1243
AUC:{}
AVGP:{}
