

GENERAL_METRICS
ACC:0.806
PREC:0.6668424317617866
REC:0.6633906521957043
TNR:0.6633906521957043
FPR:0.33315756823821335
FPDR:0.33315756823821335
F1:0.6650734958423843
BACC:0.0
CLSFE:0.194
MCC:0.33021504350635267
GMEAN:0.6253400009549975
SAMPLES:1500.0
AUC:{'AUC macro OVO': 0.6668424317617867}
AVGP:{'avg_precision': 0.8778443084007012}


METRICS_PER_CLASSES
CLASS:0
ACC:0.806
PREC:0.45384615384615384
REC:0.4419475655430712
TNR:0.8848337388483374
FPR:0.5461538461538461
FPDR:0.5461538461538461
F1:0.4478178368121442
BACC:0
CLSFE:0.5461538461538461
MCC:0.33021504350635267
GMEAN:0.6253400009549975
SAMPLES:260
AUC:{}
AVGP:{}
CLASS:1
ACC:0.806
PREC:0.8798387096774194
REC:0.8848337388483374
TNR:0.4419475655430712
FPR:0.12016129032258065
FPDR:0.12016129032258065
F1:0.8823291548726243
BACC:0
CLSFE:0.12016129032258065
MCC:0.33021504350635267
GMEAN:0.6253400009549975
SAMPLES:1240
AUC:{}
AVGP:{}
