

GENERAL_METRICS
ACC:0.9157333333333333
PREC:0.58125
REC:0.6034576040867169
TNR:0.6034576040867169
FPR:0.41875
FPDR:0.41875
F1:0.5904664742377492
BACC:0.0
CLSFE:0.08426666666666667
MCC:0.1833677216092925
GMEAN:0.49509083905193063
SAMPLES:3750.0
AUC:{'AUC macro OVO': 0.5812499999999999}
AVGP:{'avg_precision': 0.9481199328107504}


METRICS_PER_CLASSES
CLASS:0
ACC:0.9157333333333333
PREC:0.2
REC:0.25842696629213485
TNR:0.948488241881299
FPR:0.8
FPDR:0.8
F1:0.22549019607843138
BACC:0
CLSFE:0.8
MCC:0.1833677216092925
GMEAN:0.49509083905193063
SAMPLES:230
AUC:{}
AVGP:{}
CLASS:1
ACC:0.9157333333333333
PREC:0.9625
REC:0.948488241881299
TNR:0.25842696629213485
FPR:0.0375
FPDR:0.0375
F1:0.9554427523970671
BACC:0
CLSFE:0.0375
MCC:0.1833677216092925
GMEAN:0.49509083905193063
SAMPLES:3520
AUC:{}
AVGP:{}
