

GENERAL_METRICS
ACC:0.9138666666666667
PREC:0.5523757372227631
REC:0.581388888888889
TNR:0.581388888888889
FPR:0.4476242627772369
FPDR:0.4476242627772369
F1:0.5621216125203756
BACC:0.0
CLSFE:0.08613333333333334
MCC:0.13058029035497065
GMEAN:0.45542410027480007
SAMPLES:3750.0
AUC:{'AUC macro OVO': 0.5523757372227631}
AVGP:{'avg_precision': 0.942560802557043}


METRICS_PER_CLASSES
CLASS:0
ACC:0.9138666666666667
PREC:0.13807531380753138
REC:0.22
TNR:0.9427777777777778
FPR:0.8619246861924686
FPDR:0.8619246861924686
F1:0.16966580976863754
BACC:0
CLSFE:0.8619246861924686
MCC:0.13058029035497065
GMEAN:0.45542410027480007
SAMPLES:239
AUC:{}
AVGP:{}
CLASS:1
ACC:0.9138666666666667
PREC:0.9666761606379949
REC:0.9427777777777778
TNR:0.22
FPR:0.03332383936200513
FPDR:0.03332383936200513
F1:0.9545774152721136
BACC:0
CLSFE:0.03332383936200513
MCC:0.13058029035497065
GMEAN:0.45542410027480007
SAMPLES:3511
AUC:{}
AVGP:{}
