

GENERAL_METRICS
ACC:0.9122666666666667
PREC:0.5558759050128038
REC:0.5881780568774633
TNR:0.5881780568774633
FPR:0.4441240949871963
FPDR:0.4441240949871963
F1:0.5666032833116532
BACC:0.0
CLSFE:0.08773333333333333
MCC:0.14038559370959316
GMEAN:0.4705596158037583
SAMPLES:3750.0
AUC:{'AUC macro OVO': 0.5558759050128037}
AVGP:{'avg_precision': 0.9408216038906716}


METRICS_PER_CLASSES
CLASS:0
ACC:0.9122666666666667
PREC:0.14516129032258066
REC:0.23529411764705882
TNR:0.9410619961078677
FPR:0.8548387096774194
FPDR:0.8548387096774194
F1:0.17955112219451372
BACC:0
CLSFE:0.8548387096774194
MCC:0.14038559370959316
GMEAN:0.4705596158037583
SAMPLES:248
AUC:{}
AVGP:{}
CLASS:1
ACC:0.9122666666666667
PREC:0.9665905197030269
REC:0.9410619961078677
TNR:0.23529411764705882
FPR:0.03340948029697316
FPDR:0.03340948029697316
F1:0.9536554444287928
BACC:0
CLSFE:0.03340948029697316
MCC:0.14038559370959316
GMEAN:0.4705596158037583
SAMPLES:3502
AUC:{}
AVGP:{}
