

GENERAL_METRICS
ACC:0.9074666666666666
PREC:0.5456004473861616
REC:0.5541526098328342
TNR:0.5541526098328342
FPR:0.45439955261383835
FPDR:0.45439955261383835
F1:0.5492493377732346
BACC:0.0
CLSFE:0.09253333333333333
MCC:0.09938577836905034
GMEAN:0.3916996348217439
SAMPLES:3750.0
AUC:{'AUC macro OVO': 0.5456004473861616}
AVGP:{'avg_precision': 0.945908314330875}


METRICS_PER_CLASSES
CLASS:0
ACC:0.9074666666666666
PREC:0.13513513513513514
REC:0.16216216216216217
TNR:0.9461430575035064
FPR:0.8648648648648649
FPDR:0.8648648648648649
F1:0.14742014742014742
BACC:0
CLSFE:0.8648648648648649
MCC:0.09938577836905034
GMEAN:0.3916996348217439
SAMPLES:222
AUC:{}
AVGP:{}
CLASS:1
ACC:0.9074666666666666
PREC:0.9560657596371882
REC:0.9461430575035064
TNR:0.16216216216216217
FPR:0.043934240362811794
FPDR:0.043934240362811794
F1:0.9510785281263218
BACC:0
CLSFE:0.043934240362811794
MCC:0.09938577836905034
GMEAN:0.3916996348217439
SAMPLES:3528
AUC:{}
AVGP:{}
