

GENERAL_METRICS
ACC:0.846
PREC:0.5662040770920822
REC:0.598152805838453
TNR:0.598152805838453
FPR:0.4337959229079178
FPDR:0.4337959229079178
F1:0.5759865196753269
BACC:0.0
CLSFE:0.154
MCC:0.16122178419225014
GMEAN:0.5207126985460228
SAMPLES:2000.0
AUC:{'AUC macro OVO': 0.5662040770920822}
AVGP:{'avg_precision': 0.8915355687697547}


METRICS_PER_CLASSES
CLASS:0
ACC:0.846
PREC:0.1951219512195122
REC:0.3037974683544304
TNR:0.8925081433224755
FPR:0.8048780487804879
FPDR:0.8048780487804879
F1:0.2376237623762376
BACC:0
CLSFE:0.8048780487804879
MCC:0.16122178419225014
GMEAN:0.5207126985460228
SAMPLES:246
AUC:{}
AVGP:{}
CLASS:1
ACC:0.846
PREC:0.9372862029646523
REC:0.8925081433224755
TNR:0.3037974683544304
FPR:0.06271379703534778
FPDR:0.06271379703534778
F1:0.914349276974416
BACC:0
CLSFE:0.06271379703534778
MCC:0.16122178419225014
GMEAN:0.5207126985460228
SAMPLES:1754
AUC:{}
AVGP:{}
