

GENERAL_METRICS
ACC:0.83
PREC:0.5463590512822277
REC:0.5632876712328767
TNR:0.5632876712328767
FPR:0.4536409487177723
FPDR:0.4536409487177723
F1:0.5515174538854417
BACC:0.0
CLSFE:0.17
MCC:0.10833201551190118
GMEAN:0.46127874673756736
SAMPLES:2000.0
AUC:{'AUC macro OVO': 0.5463590512822277}
AVGP:{'avg_precision': 0.8857340971499652}


METRICS_PER_CLASSES
CLASS:0
ACC:0.83
PREC:0.1686746987951807
REC:0.24
TNR:0.8865753424657534
FPR:0.8313253012048193
FPDR:0.8313253012048193
F1:0.19811320754716982
BACC:0
CLSFE:0.8313253012048193
MCC:0.10833201551190118
GMEAN:0.46127874673756736
SAMPLES:249
AUC:{}
AVGP:{}
CLASS:1
ACC:0.83
PREC:0.9240434037692747
REC:0.8865753424657534
TNR:0.24
FPR:0.0759565962307253
FPDR:0.0759565962307253
F1:0.9049217002237137
BACC:0
CLSFE:0.0759565962307253
MCC:0.10833201551190118
GMEAN:0.46127874673756736
SAMPLES:1751
AUC:{}
AVGP:{}
