

GENERAL_METRICS
ACC:0.835
PREC:0.5515256823373553
REC:0.5853924978241326
TNR:0.5853924978241326
FPR:0.44847431766264473
FPDR:0.44847431766264473
F1:0.5591995063034471
BACC:0.0
CLSFE:0.165
MCC:0.13266358531080877
GMEAN:0.5062087870922702
SAMPLES:2000.0
AUC:{'AUC macro OVO': 0.5515256823373553}
AVGP:{'avg_precision': 0.8785981410391044}


METRICS_PER_CLASSES
CLASS:0
ACC:0.835
PREC:0.1647940074906367
REC:0.2913907284768212
TNR:0.879394267171444
FPR:0.8352059925093633
FPDR:0.8352059925093633
F1:0.21052631578947367
BACC:0
CLSFE:0.8352059925093633
MCC:0.13266358531080877
GMEAN:0.5062087870922702
SAMPLES:267
AUC:{}
AVGP:{}
CLASS:1
ACC:0.835
PREC:0.9382573571840739
REC:0.879394267171444
TNR:0.2913907284768212
FPR:0.06174264281592614
FPDR:0.06174264281592614
F1:0.9078726968174204
BACC:0
CLSFE:0.06174264281592614
MCC:0.13266358531080877
GMEAN:0.5062087870922702
SAMPLES:1733
AUC:{}
AVGP:{}
