

GENERAL_METRICS
ACC:0.846
PREC:0.5570696060811072
REC:0.5943453423259563
TNR:0.5943453423259563
FPR:0.4429303939188928
FPDR:0.4429303939188928
F1:0.5664304557266372
BACC:0.0
CLSFE:0.154
MCC:0.14675491844745153
GMEAN:0.5167382201671893
SAMPLES:2000.0
AUC:{'AUC macro OVO': 0.5570696060811072}
AVGP:{'avg_precision': 0.8872200069398839}


METRICS_PER_CLASSES
CLASS:0
ACC:0.846
PREC:0.17131474103585656
REC:0.3006993006993007
TNR:0.8879913839526118
FPR:0.8286852589641435
FPDR:0.8286852589641435
F1:0.2182741116751269
BACC:0
CLSFE:0.8286852589641435
MCC:0.14675491844745153
GMEAN:0.5167382201671893
SAMPLES:251
AUC:{}
AVGP:{}
CLASS:1
ACC:0.846
PREC:0.9428244711263579
REC:0.8879913839526118
TNR:0.3006993006993007
FPR:0.05717552887364208
FPDR:0.05717552887364208
F1:0.9145867997781475
BACC:0
CLSFE:0.05717552887364208
MCC:0.14675491844745153
GMEAN:0.5167382201671893
SAMPLES:1749
AUC:{}
AVGP:{}
