

GENERAL_METRICS
ACC:0.799
PREC:0.7359329982138019
REC:0.7240003360215054
TNR:0.7240003360215054
FPR:0.26406700178619813
FPDR:0.26406700178619813
F1:0.7294572589578586
BACC:0.0
CLSFE:0.201
MCC:0.4597785157157861
GMEAN:0.7075002018503455
SAMPLES:1000.0
AUC:{'AUC macro OVO': 0.7359329982138019}
AVGP:{'avg_precision': 0.86115383531335}


METRICS_PER_CLASSES
CLASS:0
ACC:0.799
PREC:0.6160337552742616
REC:0.5703125
TNR:0.8776881720430108
FPR:0.38396624472573837
FPDR:0.38396624472573837
F1:0.592292089249493
BACC:0
CLSFE:0.38396624472573837
MCC:0.4597785157157861
GMEAN:0.7075002018503455
SAMPLES:237
AUC:{}
AVGP:{}
CLASS:1
ACC:0.799
PREC:0.8558322411533421
REC:0.8776881720430108
TNR:0.5703125
FPR:0.14416775884665792
FPDR:0.14416775884665792
F1:0.8666224286662243
BACC:0
CLSFE:0.14416775884665792
MCC:0.4597785157157861
GMEAN:0.7075002018503455
SAMPLES:763
AUC:{}
AVGP:{}
