

GENERAL_METRICS
ACC:0.795
PREC:0.7354650521625974
REC:0.7203104766523415
TNR:0.7203104766523415
FPR:0.26453494783740267
FPDR:0.26453494783740267
F1:0.7270302623572069
BACC:0.0
CLSFE:0.205
MCC:0.45552351367151295
GMEAN:0.7028641296433352
SAMPLES:1000.0
AUC:{'AUC macro OVO': 0.7354650521625974}
AVGP:{'avg_precision': 0.8603943596263492}


METRICS_PER_CLASSES
CLASS:0
ACC:0.795
PREC:0.6218487394957983
REC:0.5627376425855514
TNR:0.8778833107191316
FPR:0.37815126050420167
FPDR:0.37815126050420167
F1:0.590818363273453
BACC:0
CLSFE:0.37815126050420167
MCC:0.45552351367151295
GMEAN:0.7028641296433352
SAMPLES:238
AUC:{}
AVGP:{}
CLASS:1
ACC:0.795
PREC:0.8490813648293963
REC:0.8778833107191316
TNR:0.5627376425855514
FPR:0.15091863517060367
FPDR:0.15091863517060367
F1:0.8632421614409607
BACC:0
CLSFE:0.15091863517060367
MCC:0.45552351367151295
GMEAN:0.7028641296433352
SAMPLES:762
AUC:{}
AVGP:{}
