

GENERAL_METRICS
ACC:0.794
PREC:0.7501908022416537
REC:0.7247458423929012
TNR:0.7247458423929012
FPR:0.24980919775834623
FPDR:0.24980919775834623
F1:0.7349514163372859
BACC:0.0
CLSFE:0.206
MCC:0.4742545418180251
GMEAN:0.7064520188638489
SAMPLES:1000.0
AUC:{'AUC macro OVO': 0.7501908022416537}
AVGP:{'avg_precision': 0.8653549810425488}


METRICS_PER_CLASSES
CLASS:0
ACC:0.794
PREC:0.6652892561983471
REC:0.5629370629370629
TNR:0.8865546218487395
FPR:0.3347107438016529
FPDR:0.3347107438016529
F1:0.6098484848484849
BACC:0
CLSFE:0.3347107438016529
MCC:0.4742545418180251
GMEAN:0.7064520188638489
SAMPLES:242
AUC:{}
AVGP:{}
CLASS:1
ACC:0.794
PREC:0.8350923482849604
REC:0.8865546218487395
TNR:0.5629370629370629
FPR:0.16490765171503957
FPDR:0.16490765171503957
F1:0.8600543478260869
BACC:0
CLSFE:0.16490765171503957
MCC:0.4742545418180251
GMEAN:0.7064520188638489
SAMPLES:758
AUC:{}
AVGP:{}
