

GENERAL_METRICS
ACC:0.782
PREC:0.7431138493133103
REC:0.7242164675578031
TNR:0.7242164675578031
FPR:0.25688615068668974
FPDR:0.25688615068668974
F1:0.7319812731135416
BACC:0.0
CLSFE:0.218
MCC:0.4669480849405444
GMEAN:0.7092113324956677
SAMPLES:1000.0
AUC:{'AUC macro OVO': 0.7431138493133103}
AVGP:{'avg_precision': 0.84721256307401}


METRICS_PER_CLASSES
CLASS:0
ACC:0.782
PREC:0.660377358490566
REC:0.5775577557755776
TNR:0.8708751793400287
FPR:0.33962264150943394
FPDR:0.33962264150943394
F1:0.6161971830985915
BACC:0
CLSFE:0.33962264150943394
MCC:0.4669480849405444
GMEAN:0.7092113324956677
SAMPLES:265
AUC:{}
AVGP:{}
CLASS:1
ACC:0.782
PREC:0.8258503401360544
REC:0.8708751793400287
TNR:0.5775577557755776
FPR:0.17414965986394557
FPDR:0.17414965986394557
F1:0.8477653631284916
BACC:0
CLSFE:0.17414965986394557
MCC:0.4669480849405444
GMEAN:0.7092113324956677
SAMPLES:735
AUC:{}
AVGP:{}
