

GENERAL_METRICS
ACC:0.844
PREC:0.5440745357462744
REC:0.6184973989595839
TNR:0.6184973989595839
FPR:0.4559254642537256
FPDR:0.4559254642537256
F1:0.5494093513475278
BACC:0.0
CLSFE:0.156
MCC:0.1445367475251151
GMEAN:0.5659627548007403
SAMPLES:1750.0
AUC:{'AUC macro OVO': 0.5440745357462744}
AVGP:{'avg_precision': 0.8675449675533988}


METRICS_PER_CLASSES
CLASS:0
ACC:0.844
PREC:0.12350597609561753
REC:0.36904761904761907
TNR:0.8679471788715486
FPR:0.8764940239043825
FPDR:0.8764940239043825
F1:0.18507462686567164
BACC:0
CLSFE:0.8764940239043825
MCC:0.1445367475251151
GMEAN:0.5659627548007403
SAMPLES:251
AUC:{}
AVGP:{}
CLASS:1
ACC:0.844
PREC:0.9646430953969313
REC:0.8679471788715486
TNR:0.36904761904761907
FPR:0.035356904603068715
FPDR:0.035356904603068715
F1:0.9137440758293839
BACC:0
CLSFE:0.035356904603068715
MCC:0.1445367475251151
GMEAN:0.5659627548007403
SAMPLES:1499
AUC:{}
AVGP:{}
