

GENERAL_METRICS
ACC:0.8388571428571429
PREC:0.5228292965562699
REC:0.572054123430278
TNR:0.572054123430278
FPR:0.4771707034437301
FPDR:0.4771707034437301
F1:0.5177442744958546
BACC:0.0
CLSFE:0.16114285714285714
MCC:0.0811158419025998
GMEAN:0.492884040876595
SAMPLES:1750.0
AUC:{'AUC macro OVO': 0.52282929655627}
AVGP:{'avg_precision': 0.86221918636929}


METRICS_PER_CLASSES
CLASS:0
ACC:0.8388571428571429
PREC:0.0796812749003984
REC:0.28169014084507044
TNR:0.8624181060154854
FPR:0.9203187250996016
FPDR:0.9203187250996016
F1:0.12422360248447205
BACC:0
CLSFE:0.9203187250996016
MCC:0.0811158419025998
GMEAN:0.492884040876595
SAMPLES:251
AUC:{}
AVGP:{}
CLASS:1
ACC:0.8388571428571429
PREC:0.9659773182121414
REC:0.8624181060154854
TNR:0.28169014084507044
FPR:0.03402268178785857
FPDR:0.03402268178785857
F1:0.9112649465072372
BACC:0
CLSFE:0.03402268178785857
MCC:0.0811158419025998
GMEAN:0.492884040876595
SAMPLES:1499
AUC:{}
AVGP:{}
