

GENERAL_METRICS
ACC:0.8297142857142857
PREC:0.5266667705800445
REC:0.5687081659973227
TNR:0.5687081659973227
FPR:0.47333322941995554
FPDR:0.47333322941995554
F1:0.5245675068557092
BACC:0.0
CLSFE:0.1702857142857143
MCC:0.08560899250957729
GMEAN:0.4886598891687993
SAMPLES:1750.0
AUC:{'AUC macro OVO': 0.5266667705800445}
AVGP:{'avg_precision': 0.859330670056711}


METRICS_PER_CLASSES
CLASS:0
ACC:0.8297142857142857
PREC:0.09689922480620156
REC:0.2777777777777778
TNR:0.8596385542168675
FPR:0.9031007751937985
FPDR:0.9031007751937985
F1:0.14367816091954022
BACC:0
CLSFE:0.9031007751937985
MCC:0.08560899250957729
GMEAN:0.4886598891687993
SAMPLES:258
AUC:{}
AVGP:{}
CLASS:1
ACC:0.8297142857142857
PREC:0.9564343163538874
REC:0.8596385542168675
TNR:0.2777777777777778
FPR:0.0435656836461126
FPDR:0.0435656836461126
F1:0.9054568527918782
BACC:0
CLSFE:0.0435656836461126
MCC:0.08560899250957729
GMEAN:0.4886598891687993
SAMPLES:1492
AUC:{}
AVGP:{}
