

GENERAL_METRICS
ACC:0.8491428571428571
PREC:0.5191251053532675
REC:0.5518407960199004
TNR:0.5518407960199004
FPR:0.4808748946467325
FPDR:0.4808748946467325
F1:0.5158227450125551
BACC:0.0
CLSFE:0.15085714285714286
MCC:0.06297493741093665
GMEAN:0.4458587778111403
SAMPLES:1750.0
AUC:{'AUC macro OVO': 0.5191251053532675}
AVGP:{'avg_precision': 0.8768461481534232}


METRICS_PER_CLASSES
CLASS:0
ACC:0.8491428571428571
PREC:0.07623318385650224
REC:0.22666666666666666
TNR:0.8770149253731343
FPR:0.9237668161434978
FPDR:0.9237668161434978
F1:0.11409395973154363
BACC:0
CLSFE:0.9237668161434978
MCC:0.06297493741093665
GMEAN:0.4458587778111403
SAMPLES:223
AUC:{}
AVGP:{}
CLASS:1
ACC:0.8491428571428571
PREC:0.9620170268500328
REC:0.8770149253731343
TNR:0.22666666666666666
FPR:0.03798297314996726
FPDR:0.03798297314996726
F1:0.9175515302935665
BACC:0
CLSFE:0.03798297314996726
MCC:0.06297493741093665
GMEAN:0.4458587778111403
SAMPLES:1527
AUC:{}
AVGP:{}
