

GENERAL_METRICS
ACC:0.9298666666666666
PREC:0.5351887766639449
REC:0.6853988637430745
TNR:0.6853988637430745
FPR:0.4648112233360551
FPDR:0.4648112233360551
F1:0.5477350986453376
BACC:0.0
CLSFE:0.07013333333333334
MCC:0.16154205904350977
GMEAN:0.637936591775627
SAMPLES:3750.0
AUC:{'AUC macro OVO': 0.5351887766639449}
AVGP:{'avg_precision': 0.9359812625765777}


METRICS_PER_CLASSES
CLASS:0
ACC:0.9298666666666666
PREC:0.07782101167315175
REC:0.43478260869565216
TNR:0.9360151187904968
FPR:0.9221789883268483
FPDR:0.9221789883268483
F1:0.132013201320132
BACC:0
CLSFE:0.9221789883268483
MCC:0.16154205904350977
GMEAN:0.637936591775627
SAMPLES:257
AUC:{}
AVGP:{}
CLASS:1
ACC:0.9298666666666666
PREC:0.9925565416547381
REC:0.9360151187904968
TNR:0.43478260869565216
FPR:0.007443458345261953
FPDR:0.007443458345261953
F1:0.9634569959705432
BACC:0
CLSFE:0.007443458345261953
MCC:0.16154205904350977
GMEAN:0.637936591775627
SAMPLES:3493
AUC:{}
AVGP:{}
