

GENERAL_METRICS
ACC:0.9349333333333333
PREC:0.5402736835052928
REC:0.6894415180983252
TNR:0.6894415180983252
FPR:0.4597263164947072
FPDR:0.4597263164947072
F1:0.5565150125726782
BACC:0.0
CLSFE:0.06506666666666666
MCC:0.1746941068571478
GMEAN:0.6417593617050199
SAMPLES:3750.0
AUC:{'AUC macro OVO': 0.5402736835052928}
AVGP:{'avg_precision': 0.9413457520345464}


METRICS_PER_CLASSES
CLASS:0
ACC:0.9349333333333333
PREC:0.08823529411764706
REC:0.4375
TNR:0.9413830361966504
FPR:0.9117647058823529
FPDR:0.9117647058823529
F1:0.14685314685314685
BACC:0
CLSFE:0.9117647058823529
MCC:0.1746941068571478
GMEAN:0.6417593617050199
SAMPLES:238
AUC:{}
AVGP:{}
CLASS:1
ACC:0.9349333333333333
PREC:0.9923120728929385
REC:0.9413830361966504
TNR:0.4375
FPR:0.0076879271070615035
FPDR:0.0076879271070615035
F1:0.9661768782922096
BACC:0
CLSFE:0.0076879271070615035
MCC:0.1746941068571478
GMEAN:0.6417593617050199
SAMPLES:3512
AUC:{}
AVGP:{}
