

GENERAL_METRICS
ACC:0.9354666666666667
PREC:0.5287989997369625
REC:0.6844068448375312
TNR:0.6844068448375312
FPR:0.47120100026303746
FPDR:0.47120100026303746
F1:0.5384066050327159
BACC:0.0
CLSFE:0.06453333333333333
MCC:0.14574954786852895
GMEAN:0.6347920675657617
SAMPLES:3750.0
AUC:{'AUC macro OVO': 0.5287989997369625}
AVGP:{'avg_precision': 0.9402226638300579}


METRICS_PER_CLASSES
CLASS:0
ACC:0.9354666666666667
PREC:0.06329113924050633
REC:0.42857142857142855
TNR:0.940242261103634
FPR:0.9367088607594937
FPDR:0.9367088607594937
F1:0.11029411764705882
BACC:0
CLSFE:0.9367088607594937
MCC:0.14574954786852895
GMEAN:0.6347920675657617
SAMPLES:237
AUC:{}
AVGP:{}
CLASS:1
ACC:0.9354666666666667
PREC:0.9943068602334187
REC:0.940242261103634
TNR:0.42857142857142855
FPR:0.00569313976658127
FPDR:0.00569313976658127
F1:0.966519092418373
BACC:0
CLSFE:0.00569313976658127
MCC:0.14574954786852895
GMEAN:0.6347920675657617
SAMPLES:3513
AUC:{}
AVGP:{}
