

GENERAL_METRICS
ACC:0.9277333333333333
PREC:0.5198357399116434
REC:0.6429668207433673
TNR:0.6429668207433673
FPR:0.4801642600883565
FPDR:0.4801642600883565
F1:0.5218715816464555
BACC:0.0
CLSFE:0.07226666666666667
MCC:0.10650544910491654
GMEAN:0.573839226823152
SAMPLES:3750.0
AUC:{'AUC macro OVO': 0.5198357399116436}
AVGP:{'avg_precision': 0.9329761181458812}


METRICS_PER_CLASSES
CLASS:0
ACC:0.9277333333333333
PREC:0.04597701149425287
REC:0.35294117647058826
TNR:0.9329924650161464
FPR:0.9540229885057471
FPDR:0.9540229885057471
F1:0.08135593220338982
BACC:0
CLSFE:0.9540229885057471
MCC:0.10650544910491654
GMEAN:0.573839226823152
SAMPLES:261
AUC:{}
AVGP:{}
CLASS:1
ACC:0.9277333333333333
PREC:0.9936944683290341
REC:0.9329924650161464
TNR:0.35294117647058826
FPR:0.006305531670965893
FPDR:0.006305531670965893
F1:0.9623872310895212
BACC:0
CLSFE:0.006305531670965893
MCC:0.10650544910491654
GMEAN:0.573839226823152
SAMPLES:3489
AUC:{}
AVGP:{}
