

GENERAL_METRICS
ACC:0.818
PREC:0.8221153846153846
REC:0.8323687474162877
TNR:0.8323687474162877
FPR:0.1778846153846154
FPDR:0.1778846153846154
F1:0.817103808662446
BACC:0.0
CLSFE:0.182
MCC:0.6544038108328256
GMEAN:0.8285321246662489
SAMPLES:500.0
AUC:{'AUC macro OVO': 0.8221153846153848}
AVGP:{'avg_precision': 0.802078799249531}


METRICS_PER_CLASSES
CLASS:0
ACC:0.818
PREC:0.925
REC:0.752542372881356
TNR:0.9121951219512195
FPR:0.075
FPDR:0.075
F1:0.8299065420560747
BACC:0
CLSFE:0.075
MCC:0.6544038108328256
GMEAN:0.8285321246662489
SAMPLES:240
AUC:{}
AVGP:{}
CLASS:1
ACC:0.818
PREC:0.7192307692307692
REC:0.9121951219512195
TNR:0.752542372881356
FPR:0.28076923076923077
FPDR:0.28076923076923077
F1:0.8043010752688172
BACC:0
CLSFE:0.28076923076923077
MCC:0.6544038108328256
GMEAN:0.8285321246662489
SAMPLES:260
AUC:{}
AVGP:{}
