

GENERAL_METRICS
ACC:0.806
PREC:0.8114999036051668
REC:0.8157251958118252
TNR:0.8157251958118252
FPR:0.18850009639483323
FPDR:0.18850009639483323
F1:0.8057754764507772
BACC:0.0
CLSFE:0.194
MCC:0.6272108674476422
GMEAN:0.8123912127190537
SAMPLES:500.0
AUC:{'AUC macro OVO': 0.8114999036051668}
AVGP:{'avg_precision': 0.791317210075881}


METRICS_PER_CLASSES
CLASS:0
ACC:0.806
PREC:0.8974358974358975
REC:0.7420494699646644
TNR:0.8894009216589862
FPR:0.10256410256410256
FPDR:0.10256410256410256
F1:0.8123791102514507
BACC:0
CLSFE:0.10256410256410256
MCC:0.6272108674476422
GMEAN:0.8123912127190537
SAMPLES:234
AUC:{}
AVGP:{}
CLASS:1
ACC:0.806
PREC:0.7255639097744361
REC:0.8894009216589862
TNR:0.7420494699646644
FPR:0.2744360902255639
FPDR:0.2744360902255639
F1:0.7991718426501035
BACC:0
CLSFE:0.2744360902255639
MCC:0.6272108674476422
GMEAN:0.8123912127190537
SAMPLES:266
AUC:{}
AVGP:{}
