

GENERAL_METRICS
ACC:0.816
PREC:0.8103528431042498
REC:0.8369272002645365
TNR:0.8369272002645365
FPR:0.18964715689575018
FPDR:0.18964715689575018
F1:0.8109143524227627
BACC:0.0
CLSFE:0.184
MCC:0.6467343025424084
GMEAN:0.8336769858256751
SAMPLES:500.0
AUC:{'AUC macro OVO': 0.8103528431042498}
AVGP:{'avg_precision': 0.7730467263504827}


METRICS_PER_CLASSES
CLASS:0
ACC:0.816
PREC:0.9386973180076629
REC:0.7632398753894081
TNR:0.9106145251396648
FPR:0.06130268199233716
FPDR:0.06130268199233716
F1:0.8419243986254296
BACC:0
CLSFE:0.06130268199233716
MCC:0.6467343025424084
GMEAN:0.8336769858256751
SAMPLES:261
AUC:{}
AVGP:{}
CLASS:1
ACC:0.816
PREC:0.6820083682008368
REC:0.9106145251396648
TNR:0.7632398753894081
FPR:0.3179916317991632
FPDR:0.3179916317991632
F1:0.7799043062200957
BACC:0
CLSFE:0.3179916317991632
MCC:0.6467343025424084
GMEAN:0.8336769858256751
SAMPLES:239
AUC:{}
AVGP:{}
