

GENERAL_METRICS
ACC:0.832
PREC:0.8338535414165666
REC:0.8438937527823118
TNR:0.8438937527823118
FPR:0.16614645858343338
FPDR:0.16614645858343338
F1:0.8310239945927679
BACC:0.0
CLSFE:0.168
MCC:0.6776729218064068
GMEAN:0.8410558729663885
SAMPLES:500.0
AUC:{'AUC macro OVO': 0.8338535414165666}
AVGP:{'avg_precision': 0.8087263427109974}


METRICS_PER_CLASSES
CLASS:0
ACC:0.832
PREC:0.926530612244898
REC:0.7747440273037542
TNR:0.9130434782608695
FPR:0.07346938775510205
FPDR:0.07346938775510205
F1:0.8438661710037175
BACC:0
CLSFE:0.07346938775510205
MCC:0.6776729218064068
GMEAN:0.8410558729663885
SAMPLES:245
AUC:{}
AVGP:{}
CLASS:1
ACC:0.832
PREC:0.7411764705882353
REC:0.9130434782608695
TNR:0.7747440273037542
FPR:0.25882352941176473
FPDR:0.25882352941176473
F1:0.8181818181818182
BACC:0
CLSFE:0.25882352941176473
MCC:0.6776729218064068
GMEAN:0.8410558729663885
SAMPLES:255
AUC:{}
AVGP:{}
