

GENERAL_METRICS
ACC:0.8662222222222222
PREC:0.6646174259177355
REC:0.6663270413270413
TNR:0.6663270413270413
FPR:0.33538257408226446
FPDR:0.33538257408226446
F1:0.6654648593618715
BACC:0.0
CLSFE:0.13377777777777777
MCC:0.3309400513916099
GMEAN:0.6145206034625824
SAMPLES:2250.0
AUC:{'AUC macro OVO': 0.6646174259177355}
AVGP:{'avg_precision': 0.9211413017027053}


METRICS_PER_CLASSES
CLASS:0
ACC:0.8662222222222222
PREC:0.403921568627451
REC:0.4087301587301587
TNR:0.923923923923924
FPR:0.596078431372549
FPDR:0.596078431372549
F1:0.40631163708086787
BACC:0
CLSFE:0.596078431372549
MCC:0.3309400513916099
GMEAN:0.6145206034625824
SAMPLES:255
AUC:{}
AVGP:{}
CLASS:1
ACC:0.8662222222222222
PREC:0.9253132832080201
REC:0.923923923923924
TNR:0.4087301587301587
FPR:0.07468671679197995
FPDR:0.07468671679197995
F1:0.9246180816428751
BACC:0
CLSFE:0.07468671679197995
MCC:0.3309400513916099
GMEAN:0.6145206034625824
SAMPLES:1995
AUC:{}
AVGP:{}
