

GENERAL_METRICS
ACC:0.8764444444444445
PREC:0.6930792773636214
REC:0.6799594313406468
TNR:0.6799594313406468
FPR:0.3069207226363786
FPDR:0.3069207226363786
F1:0.6861509004533878
BACC:0.0
CLSFE:0.12355555555555556
MCC:0.3728079235103263
GMEAN:0.6302323165971264
SAMPLES:2250.0
AUC:{'AUC macro OVO': 0.6930792773636214}
AVGP:{'avg_precision': 0.9321387371410477}


METRICS_PER_CLASSES
CLASS:0
ACC:0.8764444444444445
PREC:0.4602510460251046
REC:0.4247104247104247
TNR:0.9352084379708689
FPR:0.5397489539748954
FPDR:0.5397489539748954
F1:0.44176706827309237
BACC:0
CLSFE:0.5397489539748954
MCC:0.3728079235103263
GMEAN:0.6302323165971264
SAMPLES:239
AUC:{}
AVGP:{}
CLASS:1
ACC:0.8764444444444445
PREC:0.9259075087021382
REC:0.9352084379708689
TNR:0.4247104247104247
FPR:0.07409249129786176
FPDR:0.07409249129786176
F1:0.9305347326336831
BACC:0
CLSFE:0.07409249129786176
MCC:0.3728079235103263
GMEAN:0.6302323165971264
SAMPLES:2011
AUC:{}
AVGP:{}
