

GENERAL_METRICS
ACC:0.8706666666666667
PREC:0.6738700785353929
REC:0.6817960265540911
TNR:0.6817960265540911
FPR:0.32612992146460706
FPDR:0.32612992146460706
F1:0.6776883547904199
BACC:0.0
CLSFE:0.12933333333333333
MCC:0.35557778003909185
GMEAN:0.6372960639151609
SAMPLES:2250.0
AUC:{'AUC macro OVO': 0.6738700785353929}
AVGP:{'avg_precision': 0.9212752436100852}


METRICS_PER_CLASSES
CLASS:0
ACC:0.8706666666666667
PREC:0.41762452107279696
REC:0.43951612903225806
TNR:0.9240759240759241
FPR:0.5823754789272031
FPDR:0.5823754789272031
F1:0.42829076620825146
BACC:0
CLSFE:0.5823754789272031
MCC:0.35557778003909185
GMEAN:0.6372960639151609
SAMPLES:261
AUC:{}
AVGP:{}
CLASS:1
ACC:0.8706666666666667
PREC:0.930115635997989
REC:0.9240759240759241
TNR:0.43951612903225806
FPR:0.06988436400201106
FPDR:0.06988436400201106
F1:0.9270859433725883
BACC:0
CLSFE:0.06988436400201106
MCC:0.35557778003909185
GMEAN:0.6372960639151609
SAMPLES:1989
AUC:{}
AVGP:{}
