

GENERAL_METRICS
ACC:0.8742222222222222
PREC:0.6627028653769116
REC:0.6770784528085794
TNR:0.6770784528085794
FPR:0.3372971346230884
FPDR:0.3372971346230884
F1:0.6694026506976162
BACC:0.0
CLSFE:0.12577777777777777
MCC:0.33947707827460794
GMEAN:0.630317970902551
SAMPLES:2250.0
AUC:{'AUC macro OVO': 0.6627028653769116}
AVGP:{'avg_precision': 0.9219984637884389}


METRICS_PER_CLASSES
CLASS:0
ACC:0.8742222222222222
PREC:0.3904382470119522
REC:0.4298245614035088
TNR:0.9243323442136498
FPR:0.6095617529880478
FPDR:0.6095617529880478
F1:0.4091858037578288
BACC:0
CLSFE:0.6095617529880478
MCC:0.33947707827460794
GMEAN:0.630317970902551
SAMPLES:251
AUC:{}
AVGP:{}
CLASS:1
ACC:0.8742222222222222
PREC:0.9349674837418709
REC:0.9243323442136498
TNR:0.4298245614035088
FPR:0.06503251625812906
FPDR:0.06503251625812906
F1:0.9296194976374036
BACC:0
CLSFE:0.06503251625812906
MCC:0.33947707827460794
GMEAN:0.630317970902551
SAMPLES:1999
AUC:{}
AVGP:{}
