

GENERAL_METRICS
ACC:0.848
PREC:0.7059324292056989
REC:0.7044551104758829
TNR:0.7044551104758829
FPR:0.2940675707943011
FPDR:0.2940675707943011
F1:0.7051886792452831
BACC:0.0
CLSFE:0.152
MCC:0.41038488063679
GMEAN:0.673466796610874
SAMPLES:1500.0
AUC:{'AUC macro OVO': 0.7059324292056988}
AVGP:{'avg_precision': 0.9054541137535644}


METRICS_PER_CLASSES
CLASS:0
ACC:0.848
PREC:0.5022026431718062
REC:0.4978165938864629
TNR:0.911093627065303
FPR:0.4977973568281938
FPDR:0.4977973568281938
F1:0.5
BACC:0
CLSFE:0.4977973568281938
MCC:0.41038488063679
GMEAN:0.673466796610874
SAMPLES:227
AUC:{}
AVGP:{}
CLASS:1
ACC:0.848
PREC:0.9096622152395916
REC:0.911093627065303
TNR:0.4978165938864629
FPR:0.09033778476040849
FPDR:0.09033778476040849
F1:0.910377358490566
BACC:0
CLSFE:0.09033778476040849
MCC:0.41038488063679
GMEAN:0.673466796610874
SAMPLES:1273
AUC:{}
AVGP:{}
