

GENERAL_METRICS
ACC:0.8346666666666667
PREC:0.6942515651678999
REC:0.6968482527462024
TNR:0.6968482527462024
FPR:0.3057484348321001
FPDR:0.3057484348321001
F1:0.6955321802842354
BACC:0.0
CLSFE:0.16533333333333333
MCC:0.39109119753078647
GMEAN:0.6666026706787656
SAMPLES:1500.0
AUC:{'AUC macro OVO': 0.6942515651678999}
AVGP:{'avg_precision': 0.8937715866742191}


METRICS_PER_CLASSES
CLASS:0
ACC:0.8346666666666667
PREC:0.4857142857142857
REC:0.49377593360995853
TNR:0.8999205718824463
FPR:0.5142857142857142
FPDR:0.5142857142857142
F1:0.4897119341563786
BACC:0
CLSFE:0.5142857142857142
MCC:0.39109119753078647
GMEAN:0.6666026706787656
SAMPLES:245
AUC:{}
AVGP:{}
CLASS:1
ACC:0.8346666666666667
PREC:0.902788844621514
REC:0.8999205718824463
TNR:0.49377593360995853
FPR:0.09721115537848606
FPDR:0.09721115537848606
F1:0.9013524264120922
BACC:0
CLSFE:0.09721115537848606
MCC:0.39109119753078647
GMEAN:0.6666026706787656
SAMPLES:1255
AUC:{}
AVGP:{}
