

GENERAL_METRICS
ACC:0.8306666666666667
PREC:0.694335258654466
REC:0.6980830670926518
TNR:0.6980830670926518
FPR:0.30566474134553406
FPDR:0.30566474134553406
F1:0.6961712796532047
BACC:0.0
CLSFE:0.16933333333333334
MCC:0.39240042853452856
GMEAN:0.6693900709546353
SAMPLES:1500.0
AUC:{'AUC macro OVO': 0.694335258654466}
AVGP:{'avg_precision': 0.8896477281080074}


METRICS_PER_CLASSES
CLASS:0
ACC:0.8306666666666667
PREC:0.4881889763779528
REC:0.5
TNR:0.8961661341853036
FPR:0.5118110236220472
FPDR:0.5118110236220472
F1:0.4940239043824701
BACC:0
CLSFE:0.5118110236220472
MCC:0.39240042853452856
GMEAN:0.6693900709546353
SAMPLES:254
AUC:{}
AVGP:{}
CLASS:1
ACC:0.8306666666666667
PREC:0.9004815409309791
REC:0.8961661341853036
TNR:0.5
FPR:0.09951845906902086
FPDR:0.09951845906902086
F1:0.8983186549239391
BACC:0
CLSFE:0.09951845906902086
MCC:0.39240042853452856
GMEAN:0.6693900709546353
SAMPLES:1246
AUC:{}
AVGP:{}
