

GENERAL_METRICS
ACC:0.8326666666666667
PREC:0.7089817582191075
REC:0.699452250169827
TNR:0.699452250169827
FPR:0.29101824178089253
FPDR:0.29101824178089253
F1:0.7039812749483245
BACC:0.0
CLSFE:0.16733333333333333
MCC:0.40832282288036625
GMEAN:0.6686887171340182
SAMPLES:1500.0
AUC:{'AUC macro OVO': 0.7089817582191075}
AVGP:{'avg_precision': 0.8971780605625448}


METRICS_PER_CLASSES
CLASS:0
ACC:0.8326666666666667
PREC:0.5241935483870968
REC:0.49429657794676807
TNR:0.904607922392886
FPR:0.47580645161290325
FPDR:0.47580645161290325
F1:0.5088062622309197
BACC:0
CLSFE:0.47580645161290325
MCC:0.40832282288036625
GMEAN:0.6686887171340182
SAMPLES:248
AUC:{}
AVGP:{}
CLASS:1
ACC:0.8326666666666667
PREC:0.8937699680511182
REC:0.904607922392886
TNR:0.49429657794676807
FPR:0.1062300319488818
FPDR:0.1062300319488818
F1:0.8991562876657292
BACC:0
CLSFE:0.1062300319488818
MCC:0.40832282288036625
GMEAN:0.6686887171340182
SAMPLES:1252
AUC:{}
AVGP:{}
