

GENERAL_METRICS
ACC:0.87
PREC:0.7337252975550848
REC:0.7509155631079338
TNR:0.7509155631079338
FPR:0.26627470244491525
FPDR:0.26627470244491525
F1:0.7417790847238273
BACC:0.0
CLSFE:0.13
MCC:0.4843358943898481
GMEAN:0.7323352341060004
SAMPLES:1500.0
AUC:{'AUC macro OVO': 0.7337252975550848}
AVGP:{'avg_precision': 0.9120070726203936}


METRICS_PER_CLASSES
CLASS:0
ACC:0.87
PREC:0.5367965367965368
REC:0.5849056603773585
TNR:0.9169254658385093
FPR:0.46320346320346323
FPDR:0.46320346320346323
F1:0.5598194130925508
BACC:0
CLSFE:0.46320346320346323
MCC:0.4843358943898481
GMEAN:0.7323352341060004
SAMPLES:231
AUC:{}
AVGP:{}
CLASS:1
ACC:0.87
PREC:0.9306540583136328
REC:0.9169254658385093
TNR:0.5849056603773585
FPR:0.06934594168636722
FPDR:0.06934594168636722
F1:0.9237387563551036
BACC:0
CLSFE:0.06934594168636722
MCC:0.4843358943898481
GMEAN:0.7323352341060004
SAMPLES:1269
AUC:{}
AVGP:{}
