

GENERAL_METRICS
ACC:0.8586666666666667
PREC:0.7320436507936507
REC:0.73686555677077
TNR:0.73686555677077
FPR:0.2679563492063492
FPDR:0.2679563492063492
F1:0.7344077292361968
BACC:0.0
CLSFE:0.14133333333333334
MCC:0.4688844145004618
GMEAN:0.7152824110137931
SAMPLES:1500.0
AUC:{'AUC macro OVO': 0.7320436507936507}
AVGP:{'avg_precision': 0.9078608540836028}


METRICS_PER_CLASSES
CLASS:0
ACC:0.8586666666666667
PREC:0.5458333333333333
REC:0.5598290598290598
TNR:0.9139020537124802
FPR:0.45416666666666666
FPDR:0.45416666666666666
F1:0.5527426160337553
BACC:0
CLSFE:0.45416666666666666
MCC:0.4688844145004618
GMEAN:0.7152824110137931
SAMPLES:240
AUC:{}
AVGP:{}
CLASS:1
ACC:0.8586666666666667
PREC:0.9182539682539682
REC:0.9139020537124802
TNR:0.5598290598290598
FPR:0.08174603174603175
FPDR:0.08174603174603175
F1:0.9160728424386382
BACC:0
CLSFE:0.08174603174603175
MCC:0.4688844145004618
GMEAN:0.7152824110137931
SAMPLES:1260
AUC:{}
AVGP:{}
