

GENERAL_METRICS
ACC:0.8646666666666667
PREC:0.7184241366911266
REC:0.7471230812694227
TNR:0.7471230812694227
FPR:0.28157586330887346
FPDR:0.28157586330887346
F1:0.7311854061483944
BACC:0.0
CLSFE:0.13533333333333333
MCC:0.4646617939220945
GMEAN:0.7294021509984436
SAMPLES:1500.0
AUC:{'AUC macro OVO': 0.7184241366911266}
AVGP:{'avg_precision': 0.9043307899250848}


METRICS_PER_CLASSES
CLASS:0
ACC:0.8646666666666667
PREC:0.5042016806722689
REC:0.5853658536585366
TNR:0.9088803088803089
FPR:0.4957983193277311
FPDR:0.4957983193277311
F1:0.5417607223476298
BACC:0
CLSFE:0.4957983193277311
MCC:0.4646617939220945
GMEAN:0.7294021509984436
SAMPLES:238
AUC:{}
AVGP:{}
CLASS:1
ACC:0.8646666666666667
PREC:0.9326465927099842
REC:0.9088803088803089
TNR:0.5853658536585366
FPR:0.06735340729001585
FPDR:0.06735340729001585
F1:0.9206100899491592
BACC:0
CLSFE:0.06735340729001585
MCC:0.4646617939220945
GMEAN:0.7294021509984436
SAMPLES:1262
AUC:{}
AVGP:{}
