

GENERAL_METRICS
ACC:0.8493333333333334
PREC:0.7152412494317812
REC:0.7374453757432481
TNR:0.7374453757432481
FPR:0.2847587505682187
FPDR:0.2847587505682187
F1:0.7252693818804217
BACC:0.0
CLSFE:0.15066666666666667
MCC:0.45214174479592345
GMEAN:0.7195017286573352
SAMPLES:1500.0
AUC:{'AUC macro OVO': 0.7152412494317814}
AVGP:{'avg_precision': 0.8933486307560113}


METRICS_PER_CLASSES
CLASS:0
ACC:0.8493333333333334
PREC:0.5095785440613027
REC:0.5757575757575758
TNR:0.8991331757289204
FPR:0.4904214559386973
FPDR:0.4904214559386973
F1:0.540650406504065
BACC:0
CLSFE:0.4904214559386973
MCC:0.45214174479592345
GMEAN:0.7195017286573352
SAMPLES:261
AUC:{}
AVGP:{}
CLASS:1
ACC:0.8493333333333334
PREC:0.9209039548022598
REC:0.8991331757289204
TNR:0.5757575757575758
FPR:0.07909604519774012
FPDR:0.07909604519774012
F1:0.9098883572567783
BACC:0
CLSFE:0.07909604519774012
MCC:0.45214174479592345
GMEAN:0.7195017286573352
SAMPLES:1239
AUC:{}
AVGP:{}
