

GENERAL_METRICS
ACC:0.9150588235294118
PREC:0.5999180748351927
REC:0.6152795031055901
TNR:0.6152795031055901
FPR:0.4000819251648074
FPDR:0.4000819251648074
F1:0.6068375542720492
BACC:0.0
CLSFE:0.08494117647058824
MCC:0.21464860603570818
GMEAN:0.515903597331062
SAMPLES:4250.0
AUC:{'AUC macro OVO': 0.5999180748351927}
AVGP:{'avg_precision': 0.9500631730778746}


METRICS_PER_CLASSES
CLASS:0
ACC:0.9150588235294118
PREC:0.24045801526717558
REC:0.28
TNR:0.9505590062111802
FPR:0.7595419847328244
FPDR:0.7595419847328244
F1:0.2587268993839836
BACC:0
CLSFE:0.7595419847328244
MCC:0.21464860603570818
GMEAN:0.515903597331062
SAMPLES:262
AUC:{}
AVGP:{}
CLASS:1
ACC:0.9150588235294118
PREC:0.9593781344032096
REC:0.9505590062111802
TNR:0.28
FPR:0.040621865596790374
FPDR:0.040621865596790374
F1:0.9549482091601148
BACC:0
CLSFE:0.040621865596790374
MCC:0.21464860603570818
GMEAN:0.515903597331062
SAMPLES:3988
AUC:{}
AVGP:{}
