

GENERAL_METRICS
ACC:0.9058823529411765
PREC:0.6049668156730375
REC:0.6013902759623434
TNR:0.6013902759623434
FPR:0.39503318432696255
FPDR:0.39503318432696255
F1:0.6031334713495049
BACC:0.0
CLSFE:0.09411764705882353
MCC:0.20632609537310298
GMEAN:0.48936106739792157
SAMPLES:4250.0
AUC:{'AUC macro OVO': 0.6049668156730375}
AVGP:{'avg_precision': 0.9502833703320838}


METRICS_PER_CLASSES
CLASS:0
ACC:0.9058823529411765
PREC:0.26136363636363635
REC:0.2518248175182482
TNR:0.9509557344064387
FPR:0.7386363636363636
FPDR:0.7386363636363636
F1:0.25650557620817843
BACC:0
CLSFE:0.7386363636363636
MCC:0.20632609537310298
GMEAN:0.48936106739792157
SAMPLES:264
AUC:{}
AVGP:{}
CLASS:1
ACC:0.9058823529411765
PREC:0.9485699949824385
REC:0.9509557344064387
TNR:0.2518248175182482
FPR:0.05143000501756147
FPDR:0.05143000501756147
F1:0.9497613664908314
BACC:0
CLSFE:0.05143000501756147
MCC:0.20632609537310298
GMEAN:0.48936106739792157
SAMPLES:3986
AUC:{}
AVGP:{}
