

GENERAL_METRICS
ACC:0.9105882352941177
PREC:0.5973035375608147
REC:0.6078969243557772
TNR:0.6078969243557772
FPR:0.4026964624391853
FPDR:0.4026964624391853
F1:0.6022104781947302
BACC:0.0
CLSFE:0.08941176470588236
MCC:0.2049268399380496
GMEAN:0.5030910274280755
SAMPLES:4250.0
AUC:{'AUC macro OVO': 0.5973035375608147}
AVGP:{'avg_precision': 0.9485885740637033}


METRICS_PER_CLASSES
CLASS:0
ACC:0.9105882352941177
PREC:0.23880597014925373
REC:0.26666666666666666
TNR:0.9491271820448878
FPR:0.7611940298507462
FPDR:0.7611940298507462
F1:0.25196850393700787
BACC:0
CLSFE:0.7611940298507462
MCC:0.2049268399380496
GMEAN:0.5030910274280755
SAMPLES:268
AUC:{}
AVGP:{}
CLASS:1
ACC:0.9105882352941177
PREC:0.9558011049723757
REC:0.9491271820448878
TNR:0.26666666666666666
FPR:0.04419889502762431
FPDR:0.04419889502762431
F1:0.9524524524524525
BACC:0
CLSFE:0.04419889502762431
MCC:0.2049268399380496
GMEAN:0.5030910274280755
SAMPLES:3982
AUC:{}
AVGP:{}
