

GENERAL_METRICS
ACC:0.9164705882352941
PREC:0.6409715326050976
REC:0.6130281030297976
TNR:0.6130281030297976
FPR:0.35902846739490235
FPDR:0.35902846739490235
F1:0.6249214727888763
BACC:0.0
CLSFE:0.08352941176470588
MCC:0.25245787697402083
GMEAN:0.5035129784289077
SAMPLES:4250.0
AUC:{'AUC macro OVO': 0.6409715326050976}
AVGP:{'avg_precision': 0.9619429157370403}


METRICS_PER_CLASSES
CLASS:0
ACC:0.9164705882352941
PREC:0.3333333333333333
REC:0.26334519572953735
TNR:0.9627110103300579
FPR:0.6666666666666666
FPDR:0.6666666666666666
F1:0.294234592445328
BACC:0
CLSFE:0.6666666666666666
MCC:0.25245787697402083
GMEAN:0.5035129784289077
SAMPLES:222
AUC:{}
AVGP:{}
CLASS:1
ACC:0.9164705882352941
PREC:0.9486097318768619
REC:0.9627110103300579
TNR:0.26334519572953735
FPR:0.05139026812313803
FPDR:0.05139026812313803
F1:0.9556083531324246
BACC:0
CLSFE:0.05139026812313803
MCC:0.25245787697402083
GMEAN:0.5035129784289077
SAMPLES:4028
AUC:{}
AVGP:{}
