

GENERAL_METRICS
ACC:0.9423529411764706
PREC:0.5036224097209308
REC:0.5275174257291737
TNR:0.5275174257291737
FPR:0.4963775902790692
FPDR:0.4963775902790692
F1:0.49710190635204365
BACC:0.0
CLSFE:0.05764705882352941
MCC:0.01996791330673791
GMEAN:0.3186845721615694
SAMPLES:4250.0
AUC:{'AUC macro OVO': 0.5036224097209308}
AVGP:{'avg_precision': 0.9478897433684405}


METRICS_PER_CLASSES
CLASS:0
ACC:0.9423529411764706
PREC:0.013452914798206279
REC:0.10714285714285714
TNR:0.9478919943154903
FPR:0.9865470852017937
FPDR:0.9865470852017937
F1:0.02390438247011952
BACC:0
CLSFE:0.9865470852017937
MCC:0.01996791330673791
GMEAN:0.3186845721615694
SAMPLES:223
AUC:{}
AVGP:{}
CLASS:1
ACC:0.9423529411764706
PREC:0.9937919046436553
REC:0.9478919943154903
TNR:0.10714285714285714
FPR:0.006208095356344674
FPDR:0.006208095356344674
F1:0.9702994302339678
BACC:0
CLSFE:0.006208095356344674
MCC:0.01996791330673791
GMEAN:0.3186845721615694
SAMPLES:4027
AUC:{}
AVGP:{}
