

GENERAL_METRICS
ACC:0.9395294117647058
PREC:0.5157951804293267
REC:0.6270984976594858
TNR:0.6270984976594858
FPR:0.48420481957067324
FPDR:0.48420481957067324
F1:0.5171041724233214
BACC:0.0
CLSFE:0.060470588235294116
MCC:0.08961124266135237
GMEAN:0.5412205079834767
SAMPLES:4250.0
AUC:{'AUC macro OVO': 0.5157951804293268}
AVGP:{'avg_precision': 0.9438435037933345}


METRICS_PER_CLASSES
CLASS:0
ACC:0.9395294117647058
PREC:0.036585365853658534
REC:0.3103448275862069
TNR:0.9438521677327647
FPR:0.9634146341463414
FPDR:0.9634146341463414
F1:0.06545454545454546
BACC:0
CLSFE:0.9634146341463414
MCC:0.08961124266135237
GMEAN:0.5412205079834767
SAMPLES:246
AUC:{}
AVGP:{}
CLASS:1
ACC:0.9395294117647058
PREC:0.995004995004995
REC:0.9438521677327647
TNR:0.3103448275862069
FPR:0.004995004995004995
FPDR:0.004995004995004995
F1:0.9687537993920973
BACC:0
CLSFE:0.004995004995004995
MCC:0.08961124266135237
GMEAN:0.5412205079834767
SAMPLES:4004
AUC:{}
AVGP:{}
