

GENERAL_METRICS
ACC:0.9350588235294117
PREC:0.5062092216281162
REC:0.5422470767666497
TNR:0.5422470767666497
FPR:0.49379077837188384
FPDR:0.49379077837188384
F1:0.5006819331143655
BACC:0.0
CLSFE:0.06494117647058824
MCC:0.03239268206148831
GMEAN:0.3667691003257181
SAMPLES:4250.0
AUC:{'AUC macro OVO': 0.5062092216281162}
AVGP:{'avg_precision': 0.9416317906145993}


METRICS_PER_CLASSES
CLASS:0
ACC:0.9350588235294117
PREC:0.0199203187250996
REC:0.14285714285714285
TNR:0.9416370106761566
FPR:0.9800796812749004
FPDR:0.9800796812749004
F1:0.03496503496503497
BACC:0
CLSFE:0.9800796812749004
MCC:0.03239268206148831
GMEAN:0.3667691003257181
SAMPLES:251
AUC:{}
AVGP:{}
CLASS:1
ACC:0.9350588235294117
PREC:0.9924981245311327
REC:0.9416370106761566
TNR:0.14285714285714285
FPR:0.007501875468867217
FPDR:0.007501875468867217
F1:0.9663988312636961
BACC:0
CLSFE:0.007501875468867217
MCC:0.03239268206148831
GMEAN:0.3667691003257181
SAMPLES:3999
AUC:{}
AVGP:{}
