

GENERAL_METRICS
ACC:0.9374117647058824
PREC:0.5057785433937113
REC:0.5657985114121317
TNR:0.5657985114121317
FPR:0.4942214566062887
FPDR:0.4942214566062887
F1:0.49843029312434667
BACC:0.0
CLSFE:0.06258823529411765
MCC:0.03899843860651913
GMEAN:0.4233923841112904
SAMPLES:4250.0
AUC:{'AUC macro OVO': 0.5057785433937113}
AVGP:{'avg_precision': 0.9411180667363848}


METRICS_PER_CLASSES
CLASS:0
ACC:0.9374117647058824
PREC:0.015810276679841896
REC:0.19047619047619047
TNR:0.9411208323480729
FPR:0.9841897233201581
FPDR:0.9841897233201581
F1:0.029197080291970802
BACC:0
CLSFE:0.9841897233201581
MCC:0.03899843860651913
GMEAN:0.4233923841112904
SAMPLES:253
AUC:{}
AVGP:{}
CLASS:1
ACC:0.9374117647058824
PREC:0.9957468101075807
REC:0.9411208323480729
TNR:0.19047619047619047
FPR:0.004253189892419315
FPDR:0.004253189892419315
F1:0.9676635059567226
BACC:0
CLSFE:0.004253189892419315
MCC:0.03899843860651913
GMEAN:0.4233923841112904
SAMPLES:3997
AUC:{}
AVGP:{}
