

GENERAL_METRICS
ACC:0.9255384615384615
PREC:0.5206877432677116
REC:0.6846511627906977
TNR:0.6846511627906977
FPR:0.47931225673228844
FPDR:0.47931225673228844
F1:0.5222632029078469
BACC:0.0
CLSFE:0.07446153846153847
MCC:0.12361255356796683
GMEAN:0.6394474358818041
SAMPLES:3250.0
AUC:{'AUC macro OVO': 0.5206877432677116}
AVGP:{'avg_precision': 0.9292891170062781}


METRICS_PER_CLASSES
CLASS:0
ACC:0.9255384615384615
PREC:0.04602510460251046
REC:0.44
TNR:0.9293023255813954
FPR:0.9539748953974896
FPDR:0.9539748953974896
F1:0.08333333333333333
BACC:0
CLSFE:0.9539748953974896
MCC:0.12361255356796683
GMEAN:0.6394474358818041
SAMPLES:239
AUC:{}
AVGP:{}
CLASS:1
ACC:0.9255384615384615
PREC:0.9953503819329127
REC:0.9293023255813954
TNR:0.44
FPR:0.004649618067087346
FPDR:0.004649618067087346
F1:0.9611930724823605
BACC:0
CLSFE:0.004649618067087346
MCC:0.12361255356796683
GMEAN:0.6394474358818041
SAMPLES:3011
AUC:{}
AVGP:{}
