

GENERAL_METRICS
ACC:0.9227692307692308
PREC:0.502750517844409
REC:0.5625
TNR:0.5625
FPR:0.497249482155591
FPDR:0.497249482155591
F1:0.48774706039341276
BACC:0.0
CLSFE:0.07723076923076923
MCC:0.026222689814400135
GMEAN:0.4301162633521314
SAMPLES:3250.0
AUC:{'AUC macro OVO': 0.502750517844409}
AVGP:{'avg_precision': 0.9249989760655318}


METRICS_PER_CLASSES
CLASS:0
ACC:0.9227692307692308
PREC:0.00816326530612245
REC:0.2
TNR:0.925
FPR:0.9918367346938776
FPDR:0.9918367346938776
F1:0.01568627450980392
BACC:0
CLSFE:0.9918367346938776
MCC:0.026222689814400135
GMEAN:0.4301162633521314
SAMPLES:245
AUC:{}
AVGP:{}
CLASS:1
ACC:0.9227692307692308
PREC:0.9973377703826956
REC:0.925
TNR:0.2
FPR:0.0026622296173044926
FPDR:0.0026622296173044926
F1:0.9598078462770216
BACC:0
CLSFE:0.0026622296173044926
MCC:0.026222689814400135
GMEAN:0.4301162633521314
SAMPLES:3005
AUC:{}
AVGP:{}
