

GENERAL_METRICS
ACC:0.9264615384615384
PREC:0.5092660803257116
REC:0.6566265060240964
TNR:0.6566265060240964
FPR:0.4907339196742883
FPDR:0.4907339196742883
F1:0.5009633799957469
BACC:0.0
CLSFE:0.07353846153846154
MCC:0.07619222495648324
GMEAN:0.5976356065725902
SAMPLES:3250.0
AUC:{'AUC macro OVO': 0.5092660803257117}
AVGP:{'avg_precision': 0.9286343015879557}


METRICS_PER_CLASSES
CLASS:0
ACC:0.9264615384615384
PREC:0.0211864406779661
REC:0.38461538461538464
TNR:0.9286376274328082
FPR:0.9788135593220338
FPDR:0.9788135593220338
F1:0.040160642570281124
BACC:0
CLSFE:0.9788135593220338
MCC:0.07619222495648324
GMEAN:0.5976356065725902
SAMPLES:236
AUC:{}
AVGP:{}
CLASS:1
ACC:0.9264615384615384
PREC:0.9973457199734572
REC:0.9286376274328082
TNR:0.38461538461538464
FPR:0.0026542800265428003
FPDR:0.0026542800265428003
F1:0.9617661174212127
BACC:0
CLSFE:0.0026542800265428003
MCC:0.07619222495648324
GMEAN:0.5976356065725902
SAMPLES:3014
AUC:{}
AVGP:{}
