

GENERAL_METRICS
ACC:0.9215384615384615
PREC:0.5233866169839679
REC:0.7223255813953489
TNR:0.7223255813953489
FPR:0.47661338301603207
FPDR:0.47661338301603207
F1:0.5257616568213929
BACC:0.0
CLSFE:0.07846153846153846
MCC:0.14421432963240527
GMEAN:0.693410848380066
SAMPLES:3250.0
AUC:{'AUC macro OVO': 0.5233866169839679}
AVGP:{'avg_precision': 0.9246374537984735}


METRICS_PER_CLASSES
CLASS:0
ACC:0.9215384615384615
PREC:0.05078125
REC:0.52
TNR:0.9246511627906977
FPR:0.94921875
FPDR:0.94921875
F1:0.09252669039145907
BACC:0
CLSFE:0.94921875
MCC:0.14421432963240527
GMEAN:0.693410848380066
SAMPLES:256
AUC:{}
AVGP:{}
CLASS:1
ACC:0.9215384615384615
PREC:0.9959919839679359
REC:0.9246511627906977
TNR:0.52
FPR:0.004008016032064128
FPDR:0.004008016032064128
F1:0.9589966232513266
BACC:0
CLSFE:0.004008016032064128
MCC:0.14421432963240527
GMEAN:0.693410848380066
SAMPLES:2994
AUC:{}
AVGP:{}
