

GENERAL_METRICS
ACC:0.79
PREC:0.7912363292821571
REC:0.792524446731858
TNR:0.792524446731858
FPR:0.2087636707178428
FPDR:0.2087636707178428
F1:0.7898983107824187
BACC:0.0
CLSFE:0.21
MCC:0.5837593548423194
GMEAN:0.7917484901417817
SAMPLES:500.0
AUC:{'AUC macro OVO': 0.7912363292821571}
AVGP:{'avg_precision': 0.748274520327385}


METRICS_PER_CLASSES
CLASS:0
ACC:0.79
PREC:0.8353909465020576
REC:0.7574626865671642
TNR:0.8275862068965517
FPR:0.1646090534979424
FPDR:0.1646090534979424
F1:0.7945205479452054
BACC:0
CLSFE:0.1646090534979424
MCC:0.5837593548423194
GMEAN:0.7917484901417817
SAMPLES:243
AUC:{}
AVGP:{}
CLASS:1
ACC:0.79
PREC:0.7470817120622568
REC:0.8275862068965517
TNR:0.7574626865671642
FPR:0.2529182879377432
FPDR:0.2529182879377432
F1:0.7852760736196319
BACC:0
CLSFE:0.2529182879377432
MCC:0.5837593548423194
GMEAN:0.7917484901417817
SAMPLES:257
AUC:{}
AVGP:{}
