

GENERAL_METRICS
ACC:0.754
PREC:0.7536162314388122
REC:0.7561616161616161
TNR:0.7561616161616161
FPR:0.24638376856118793
FPDR:0.24638376856118793
F1:0.7532805661308375
BACC:0.0
CLSFE:0.246
MCC:0.5097714928482548
GMEAN:0.7558525857024843
SAMPLES:500.0
AUC:{'AUC macro OVO': 0.7536162314388121}
AVGP:{'avg_precision': 0.6948351254480287}


METRICS_PER_CLASSES
CLASS:0
ACC:0.754
PREC:0.8015873015873016
REC:0.7345454545454545
TNR:0.7777777777777778
FPR:0.1984126984126984
FPDR:0.1984126984126984
F1:0.7666034155597723
BACC:0
CLSFE:0.1984126984126984
MCC:0.5097714928482548
GMEAN:0.7558525857024843
SAMPLES:252
AUC:{}
AVGP:{}
CLASS:1
ACC:0.754
PREC:0.7056451612903226
REC:0.7777777777777778
TNR:0.7345454545454545
FPR:0.29435483870967744
FPDR:0.29435483870967744
F1:0.7399577167019028
BACC:0
CLSFE:0.29435483870967744
MCC:0.5097714928482548
GMEAN:0.7558525857024843
SAMPLES:248
AUC:{}
AVGP:{}
