

GENERAL_METRICS
ACC:0.76
PREC:0.7601081617305877
REC:0.7608092281529255
TNR:0.7608092281529255
FPR:0.2398918382694123
FPDR:0.2398918382694123
F1:0.7598616803278688
BACC:0.0
CLSFE:0.24
MCC:0.5209169181250726
GMEAN:0.7606500531209855
SAMPLES:500.0
AUC:{'AUC macro OVO': 0.7601081617305877}
AVGP:{'avg_precision': 0.7031327516936473}


METRICS_PER_CLASSES
CLASS:0
ACC:0.76
PREC:0.7871485943775101
REC:0.7452471482889734
TNR:0.7763713080168776
FPR:0.21285140562248997
FPDR:0.21285140562248997
F1:0.765625
BACC:0
CLSFE:0.21285140562248997
MCC:0.5209169181250726
GMEAN:0.7606500531209855
SAMPLES:249
AUC:{}
AVGP:{}
CLASS:1
ACC:0.76
PREC:0.7330677290836654
REC:0.7763713080168776
TNR:0.7452471482889734
FPR:0.26693227091633465
FPDR:0.26693227091633465
F1:0.7540983606557377
BACC:0
CLSFE:0.26693227091633465
MCC:0.5209169181250726
GMEAN:0.7606500531209855
SAMPLES:251
AUC:{}
AVGP:{}
