

GENERAL_METRICS
ACC:0.762
PREC:0.7627725532289847
REC:0.7625832479508197
TNR:0.7625832479508197
FPR:0.23722744677101523
FPDR:0.23722744677101523
F1:0.7619914316915408
BACC:0.0
CLSFE:0.238
MCC:0.5253557670729292
GMEAN:0.762195921630928
SAMPLES:500.0
AUC:{'AUC macro OVO': 0.7627725532289847}
AVGP:{'avg_precision': 0.7173280587378947}


METRICS_PER_CLASSES
CLASS:0
ACC:0.762
PREC:0.7842323651452282
REC:0.73828125
TNR:0.7868852459016393
FPR:0.2157676348547718
FPDR:0.2157676348547718
F1:0.7605633802816901
BACC:0
CLSFE:0.2157676348547718
MCC:0.5253557670729292
GMEAN:0.762195921630928
SAMPLES:241
AUC:{}
AVGP:{}
CLASS:1
ACC:0.762
PREC:0.7413127413127413
REC:0.7868852459016393
TNR:0.73828125
FPR:0.25868725868725867
FPDR:0.25868725868725867
F1:0.7634194831013916
BACC:0
CLSFE:0.25868725868725867
MCC:0.5253557670729292
GMEAN:0.762195921630928
SAMPLES:259
AUC:{}
AVGP:{}
