

GENERAL_METRICS
ACC:0.9145714285714286
PREC:0.527554579479415
REC:0.5711013832163729
TNR:0.5711013832163729
FPR:0.472445420520585
FPDR:0.472445420520585
F1:0.5339424814211614
BACC:0.0
CLSFE:0.08542857142857142
MCC:0.08852499567764777
GMEAN:0.441461354389783
SAMPLES:3500.0
AUC:{'AUC macro OVO': 0.527554579479415}
AVGP:{'avg_precision': 0.9333297495349723}


METRICS_PER_CLASSES
CLASS:0
ACC:0.9145714285714286
PREC:0.07723577235772358
REC:0.2087912087912088
TNR:0.9334115576415372
FPR:0.9227642276422764
FPDR:0.9227642276422764
F1:0.11275964391691394
BACC:0
CLSFE:0.9227642276422764
MCC:0.08852499567764777
GMEAN:0.441461354389783
SAMPLES:246
AUC:{}
AVGP:{}
CLASS:1
ACC:0.9145714285714286
PREC:0.9778733866011063
REC:0.9334115576415372
TNR:0.2087912087912088
FPR:0.022126613398893668
FPDR:0.022126613398893668
F1:0.955125318925409
BACC:0
CLSFE:0.022126613398893668
MCC:0.08852499567764777
GMEAN:0.441461354389783
SAMPLES:3254
AUC:{}
AVGP:{}
