

GENERAL_METRICS
ACC:0.9111428571428571
PREC:0.5310126143650354
REC:0.5842072361706471
TNR:0.5842072361706471
FPR:0.4689873856349645
FPDR:0.4689873856349645
F1:0.5385707775622887
BACC:0.0
CLSFE:0.08885714285714286
MCC:0.10220541163961412
GMEAN:0.4714022655205918
SAMPLES:3500.0
AUC:{'AUC macro OVO': 0.5310126143650356}
AVGP:{'avg_precision': 0.9291883061317137}


METRICS_PER_CLASSES
CLASS:0
ACC:0.9111428571428571
PREC:0.08365019011406843
REC:0.2391304347826087
TNR:0.9292840375586855
FPR:0.9163498098859315
FPDR:0.9163498098859315
F1:0.12394366197183099
BACC:0
CLSFE:0.9163498098859315
MCC:0.10220541163961412
GMEAN:0.4714022655205918
SAMPLES:263
AUC:{}
AVGP:{}
CLASS:1
ACC:0.9111428571428571
PREC:0.9783750386160025
REC:0.9292840375586855
TNR:0.2391304347826087
FPR:0.02162496138399753
FPDR:0.02162496138399753
F1:0.9531978931527464
BACC:0
CLSFE:0.02162496138399753
MCC:0.10220541163961412
GMEAN:0.4714022655205918
SAMPLES:3237
AUC:{}
AVGP:{}
