

GENERAL_METRICS
ACC:0.9142857142857143
PREC:0.5361640080487592
REC:0.6093134610434715
TNR:0.6093134610434715
FPR:0.46383599195124087
FPDR:0.46383599195124087
F1:0.546415908101271
BACC:0.0
CLSFE:0.08571428571428572
MCC:0.12574916119026516
GMEAN:0.5184230850451546
SAMPLES:3500.0
AUC:{'AUC macro OVO': 0.5361640080487591}
AVGP:{'avg_precision': 0.9293757390750714}


METRICS_PER_CLASSES
CLASS:0
ACC:0.9142857142857143
PREC:0.09056603773584905
REC:0.2891566265060241
TNR:0.929470295580919
FPR:0.909433962264151
FPDR:0.909433962264151
F1:0.13793103448275862
BACC:0
CLSFE:0.909433962264151
MCC:0.12574916119026516
GMEAN:0.5184230850451546
SAMPLES:265
AUC:{}
AVGP:{}
CLASS:1
ACC:0.9142857142857143
PREC:0.9817619783616692
REC:0.929470295580919
TNR:0.2891566265060241
FPR:0.018238021638330756
FPDR:0.018238021638330756
F1:0.9549007817197835
BACC:0
CLSFE:0.018238021638330756
MCC:0.12574916119026516
GMEAN:0.5184230850451546
SAMPLES:3235
AUC:{}
AVGP:{}
