

GENERAL_METRICS
ACC:0.9174285714285715
PREC:0.5351211989032901
REC:0.5819592173067427
TNR:0.5819592173067427
FPR:0.46487880109670987
FPDR:0.46487880109670987
F1:0.5443921497618812
BACC:0.0
CLSFE:0.08257142857142857
MCC:0.10730341975888912
GMEAN:0.46102211454714126
SAMPLES:3500.0
AUC:{'AUC macro OVO': 0.5351211989032901}
AVGP:{'avg_precision': 0.9370099248191782}


METRICS_PER_CLASSES
CLASS:0
ACC:0.9174285714285715
PREC:0.09322033898305085
REC:0.2268041237113402
TNR:0.9371143109021451
FPR:0.9067796610169492
FPDR:0.9067796610169492
F1:0.13213213213213212
BACC:0
CLSFE:0.9067796610169492
MCC:0.10730341975888912
GMEAN:0.46102211454714126
SAMPLES:236
AUC:{}
AVGP:{}
CLASS:1
ACC:0.9174285714285715
PREC:0.9770220588235294
REC:0.9371143109021451
TNR:0.2268041237113402
FPR:0.02297794117647059
FPDR:0.02297794117647059
F1:0.9566521673916304
BACC:0
CLSFE:0.02297794117647059
MCC:0.10730341975888912
GMEAN:0.46102211454714126
SAMPLES:3264
AUC:{}
AVGP:{}
