

GENERAL_METRICS
ACC:0.9101333333333333
PREC:0.568049692329708
REC:0.6005768445890458
TNR:0.6005768445890458
FPR:0.4319503076702919
FPDR:0.4319503076702919
F1:0.5797131573477448
BACC:0.0
CLSFE:0.08986666666666666
MCC:0.16545964256914647
GMEAN:0.4949158139041743
SAMPLES:3750.0
AUC:{'AUC macro OVO': 0.568049692329708}
AVGP:{'avg_precision': 0.9404743419671153}


METRICS_PER_CLASSES
CLASS:0
ACC:0.9101333333333333
PREC:0.171875
REC:0.2603550295857988
TNR:0.9407986595922927
FPR:0.828125
FPDR:0.828125
F1:0.20705882352941177
BACC:0
CLSFE:0.828125
MCC:0.16545964256914647
GMEAN:0.4949158139041743
SAMPLES:256
AUC:{}
AVGP:{}
CLASS:1
ACC:0.9101333333333333
PREC:0.9642243846594162
REC:0.9407986595922927
TNR:0.2603550295857988
FPR:0.035775615340583856
FPDR:0.035775615340583856
F1:0.9523674911660778
BACC:0
CLSFE:0.035775615340583856
MCC:0.16545964256914647
GMEAN:0.4949158139041743
SAMPLES:3494
AUC:{}
AVGP:{}
