

GENERAL_METRICS
ACC:0.9154666666666667
PREC:0.5820163258436422
REC:0.6257535406086131
TNR:0.6257535406086131
FPR:0.41798367415635784
FPDR:0.41798367415635784
F1:0.5975265530904375
BACC:0.0
CLSFE:0.08453333333333334
MCC:0.20311418820503602
GMEAN:0.5394513404721666
SAMPLES:3750.0
AUC:{'AUC macro OVO': 0.5820163258436422}
AVGP:{'avg_precision': 0.9425169251183807}


METRICS_PER_CLASSES
CLASS:0
ACC:0.9154666666666667
PREC:0.19607843137254902
REC:0.30864197530864196
TNR:0.9428651059085842
FPR:0.803921568627451
FPDR:0.803921568627451
F1:0.23980815347721823
BACC:0
CLSFE:0.803921568627451
MCC:0.20311418820503602
GMEAN:0.5394513404721666
SAMPLES:255
AUC:{}
AVGP:{}
CLASS:1
ACC:0.9154666666666667
PREC:0.9679542203147353
REC:0.9428651059085842
TNR:0.30864197530864196
FPR:0.03204577968526466
FPDR:0.03204577968526466
F1:0.9552449527036566
BACC:0
CLSFE:0.03204577968526466
MCC:0.20311418820503602
GMEAN:0.5394513404721666
SAMPLES:3495
AUC:{}
AVGP:{}
