

GENERAL_METRICS
ACC:0.9144
PREC:0.5658424012413398
REC:0.615467276760954
TNR:0.615467276760954
FPR:0.4341575987586602
FPDR:0.4341575987586602
F1:0.5810821392216741
BACC:0.0
CLSFE:0.0856
MCC:0.17438626972029145
GMEAN:0.5234053244533456
SAMPLES:3750.0
AUC:{'AUC macro OVO': 0.5658424012413398}
AVGP:{'avg_precision': 0.9390086365086564}


METRICS_PER_CLASSES
CLASS:0
ACC:0.9144
PREC:0.16091954022988506
REC:0.2916666666666667
TNR:0.9392678868552413
FPR:0.8390804597701149
FPDR:0.8390804597701149
F1:0.2074074074074074
BACC:0
CLSFE:0.8390804597701149
MCC:0.17438626972029145
GMEAN:0.5234053244533456
SAMPLES:261
AUC:{}
AVGP:{}
CLASS:1
ACC:0.9144
PREC:0.9707652622527945
REC:0.9392678868552413
TNR:0.2916666666666667
FPR:0.029234737747205503
FPDR:0.029234737747205503
F1:0.9547568710359408
BACC:0
CLSFE:0.029234737747205503
MCC:0.17438626972029145
GMEAN:0.5234053244533456
SAMPLES:3489
AUC:{}
AVGP:{}
