

GENERAL_METRICS
ACC:0.9245333333333333
PREC:0.5605085710427057
REC:0.6200406674241972
TNR:0.6200406674241972
FPR:0.4394914289572943
FPDR:0.4394914289572943
F1:0.5770731188272102
BACC:0.0
CLSFE:0.07546666666666667
MCC:0.17045221327810137
GMEAN:0.5284151157351652
SAMPLES:3750.0
AUC:{'AUC macro OVO': 0.5605085710427057}
AVGP:{'avg_precision': 0.9442594506235228}


METRICS_PER_CLASSES
CLASS:0
ACC:0.9245333333333333
PREC:0.1440677966101695
REC:0.2956521739130435
TNR:0.9444291609353508
FPR:0.8559322033898306
FPDR:0.8559322033898306
F1:0.19373219373219372
BACC:0
CLSFE:0.8559322033898306
MCC:0.17045221327810137
GMEAN:0.5284151157351652
SAMPLES:236
AUC:{}
AVGP:{}
CLASS:1
ACC:0.9245333333333333
PREC:0.9769493454752419
REC:0.9444291609353508
TNR:0.2956521739130435
FPR:0.02305065452475811
FPDR:0.02305065452475811
F1:0.9604140439222268
BACC:0
CLSFE:0.02305065452475811
MCC:0.17045221327810137
GMEAN:0.5284151157351652
SAMPLES:3514
AUC:{}
AVGP:{}
