

GENERAL_METRICS
ACC:0.9084
PREC:0.6876428169803355
REC:0.7258259284575075
TNR:0.7258259284575075
FPR:0.31235718301966453
FPDR:0.31235718301966453
F1:0.7042980345245603
BACC:0.0
CLSFE:0.0916
MCC:0.41170189877126584
GMEAN:0.6931589682072917
SAMPLES:2500.0
AUC:{'AUC macro OVO': 0.6876428169803355}
AVGP:{'avg_precision': 0.9397173914454903}


METRICS_PER_CLASSES
CLASS:0
ACC:0.9084
PREC:0.41630901287553645
REC:0.5105263157894737
TNR:0.9411255411255411
FPR:0.5836909871244635
FPDR:0.5836909871244635
F1:0.458628841607565
BACC:0
CLSFE:0.5836909871244635
MCC:0.41170189877126584
GMEAN:0.6931589682072917
SAMPLES:233
AUC:{}
AVGP:{}
CLASS:1
ACC:0.9084
PREC:0.9589766210851345
REC:0.9411255411255411
TNR:0.5105263157894737
FPR:0.04102337891486546
FPDR:0.04102337891486546
F1:0.9499672274415556
BACC:0
CLSFE:0.04102337891486546
MCC:0.41170189877126584
GMEAN:0.6931589682072917
SAMPLES:2267
AUC:{}
AVGP:{}
