

GENERAL_METRICS
ACC:0.9096
PREC:0.6989222344768871
REC:0.7539814621415786
TNR:0.7539814621415786
FPR:0.30107776552311294
FPDR:0.30107776552311294
F1:0.721823420400141
BACC:0.0
CLSFE:0.0904
MCC:0.44954448040170486
GMEAN:0.7311769954807608
SAMPLES:2500.0
AUC:{'AUC macro OVO': 0.6989222344768871}
AVGP:{'avg_precision': 0.936566218291537}


METRICS_PER_CLASSES
CLASS:0
ACC:0.9096
PREC:0.43478260869565216
REC:0.5699481865284974
TNR:0.9380147377546597
FPR:0.5652173913043478
FPDR:0.5652173913043478
F1:0.49327354260089684
BACC:0
CLSFE:0.5652173913043478
MCC:0.44954448040170486
GMEAN:0.7311769954807608
SAMPLES:253
AUC:{}
AVGP:{}
CLASS:1
ACC:0.9096
PREC:0.9630618602581219
REC:0.9380147377546597
TNR:0.5699481865284974
FPR:0.03693813974187806
FPDR:0.03693813974187806
F1:0.9503732981993852
BACC:0
CLSFE:0.03693813974187806
MCC:0.44954448040170486
GMEAN:0.7311769954807608
SAMPLES:2247
AUC:{}
AVGP:{}
