

GENERAL_METRICS
ACC:0.8988
PREC:0.6676778878261963
REC:0.7136003393991912
TNR:0.7136003393991912
FPR:0.3323221121738037
FPDR:0.3323221121738037
F1:0.6866874617028054
BACC:0.0
CLSFE:0.1012
MCC:0.37850259576079553
GMEAN:0.6792261840710146
SAMPLES:2500.0
AUC:{'AUC macro OVO': 0.6676778878261964}
AVGP:{'avg_precision': 0.9309939502478668}


METRICS_PER_CLASSES
CLASS:0
ACC:0.8988
PREC:0.3784860557768924
REC:0.4947916666666667
TNR:0.9324090121317158
FPR:0.6215139442231076
FPDR:0.6215139442231076
F1:0.4288939051918736
BACC:0
CLSFE:0.6215139442231076
MCC:0.37850259576079553
GMEAN:0.6792261840710146
SAMPLES:251
AUC:{}
AVGP:{}
CLASS:1
ACC:0.8988
PREC:0.9568697198755002
REC:0.9324090121317158
TNR:0.4947916666666667
FPR:0.04313028012449978
FPDR:0.04313028012449978
F1:0.9444810182137371
BACC:0
CLSFE:0.04313028012449978
MCC:0.37850259576079553
GMEAN:0.6792261840710146
SAMPLES:2249
AUC:{}
AVGP:{}
