

GENERAL_METRICS
ACC:0.8968
PREC:0.6766790045501293
REC:0.7194537435570434
TNR:0.7194537435570434
FPR:0.3233209954498707
FPDR:0.3233209954498707
F1:0.6947242673855714
BACC:0.0
CLSFE:0.1032
MCC:0.39381655098006113
GMEAN:0.6874676153795561
SAMPLES:2500.0
AUC:{'AUC macro OVO': 0.6766790045501293}
AVGP:{'avg_precision': 0.9299669071062497}


METRICS_PER_CLASSES
CLASS:0
ACC:0.8968
PREC:0.39846743295019155
REC:0.5073170731707317
TNR:0.9315904139433551
FPR:0.6015325670498084
FPDR:0.6015325670498084
F1:0.44635193133047213
BACC:0
CLSFE:0.6015325670498084
MCC:0.39381655098006113
GMEAN:0.6874676153795561
SAMPLES:261
AUC:{}
AVGP:{}
CLASS:1
ACC:0.8968
PREC:0.954890576150067
REC:0.9315904139433551
TNR:0.5073170731707317
FPR:0.04510942384993301
FPDR:0.04510942384993301
F1:0.9430966034406705
BACC:0
CLSFE:0.04510942384993301
MCC:0.39381655098006113
GMEAN:0.6874676153795561
SAMPLES:2239
AUC:{}
AVGP:{}
