

GENERAL_METRICS
ACC:0.8653333333333333
PREC:0.6169153357616513
REC:0.6485680235188817
TNR:0.6485680235188817
FPR:0.38308466423834875
FPDR:0.38308466423834875
F1:0.6295793205558348
BACC:0.0
CLSFE:0.13466666666666666
MCC:0.26358968381296677
GMEAN:0.5929473085900973
SAMPLES:2250.0
AUC:{'AUC macro OVO': 0.6169153357616513}
AVGP:{'avg_precision': 0.9097689612158653}


METRICS_PER_CLASSES
CLASS:0
ACC:0.8653333333333333
PREC:0.29457364341085274
REC:0.38578680203045684
TNR:0.9113492450073064
FPR:0.7054263565891473
FPDR:0.7054263565891473
F1:0.33406593406593404
BACC:0
CLSFE:0.7054263565891473
MCC:0.26358968381296677
GMEAN:0.5929473085900973
SAMPLES:258
AUC:{}
AVGP:{}
CLASS:1
ACC:0.8653333333333333
PREC:0.9392570281124498
REC:0.9113492450073064
TNR:0.38578680203045684
FPR:0.0607429718875502
FPDR:0.0607429718875502
F1:0.9250927070457354
BACC:0
CLSFE:0.0607429718875502
MCC:0.26358968381296677
GMEAN:0.5929473085900973
SAMPLES:1992
AUC:{}
AVGP:{}
