

GENERAL_METRICS
ACC:0.8786666666666667
PREC:0.6444389082655151
REC:0.6733785220627326
TNR:0.6733785220627326
FPR:0.35556109173448486
FPDR:0.35556109173448486
F1:0.6568472178228275
BACC:0.0
CLSFE:0.12133333333333333
MCC:0.31649710547447113
GMEAN:0.6255955872113068
SAMPLES:2250.0
AUC:{'AUC macro OVO': 0.6444389082655152}
AVGP:{'avg_precision': 0.9207813529838548}


METRICS_PER_CLASSES
CLASS:0
ACC:0.8786666666666667
PREC:0.345679012345679
REC:0.42424242424242425
TNR:0.922514619883041
FPR:0.654320987654321
FPDR:0.654320987654321
F1:0.38095238095238093
BACC:0
CLSFE:0.654320987654321
MCC:0.31649710547447113
GMEAN:0.6255955872113068
SAMPLES:243
AUC:{}
AVGP:{}
CLASS:1
ACC:0.8786666666666667
PREC:0.9431988041853513
REC:0.922514619883041
TNR:0.42424242424242425
FPR:0.05680119581464873
FPDR:0.05680119581464873
F1:0.9327420546932742
BACC:0
CLSFE:0.05680119581464873
MCC:0.31649710547447113
GMEAN:0.6255955872113068
SAMPLES:2007
AUC:{}
AVGP:{}
