

GENERAL_METRICS
ACC:0.644
PREC:0.6443807908338801
REC:0.6448815736651947
TNR:0.6448815736651947
FPR:0.3556192091661199
FPDR:0.3556192091661199
F1:0.6437948258196722
BACC:0.0
CLSFE:0.356
MCC:0.2892619310108944
GMEAN:0.644714171479473
SAMPLES:500.0
AUC:{'AUC macro OVO': 0.6443807908338801}
AVGP:{'avg_precision': 0.6000871247161719}


METRICS_PER_CLASSES
CLASS:0
ACC:0.644
PREC:0.6761133603238867
REC:0.630188679245283
TNR:0.6595744680851063
FPR:0.32388663967611336
FPDR:0.32388663967611336
F1:0.65234375
BACC:0
CLSFE:0.32388663967611336
MCC:0.2892619310108944
GMEAN:0.644714171479473
SAMPLES:247
AUC:{}
AVGP:{}
CLASS:1
ACC:0.644
PREC:0.6126482213438735
REC:0.6595744680851063
TNR:0.630188679245283
FPR:0.38735177865612647
FPDR:0.38735177865612647
F1:0.6352459016393442
BACC:0
CLSFE:0.38735177865612647
MCC:0.2892619310108944
GMEAN:0.644714171479473
SAMPLES:253
AUC:{}
AVGP:{}
