

GENERAL_METRICS
ACC:0.69
PREC:0.6894765496148981
REC:0.6897652190647252
TNR:0.6897652190647252
FPR:0.31052345038510193
FPDR:0.31052345038510193
F1:0.6895517126730999
BACC:0.0
CLSFE:0.31
MCC:0.3792416588155863
GMEAN:0.6897478763390537
SAMPLES:500.0
AUC:{'AUC macro OVO': 0.6894765496148981}
AVGP:{'avg_precision': 0.6194010443683646}


METRICS_PER_CLASSES
CLASS:0
ACC:0.69
PREC:0.708171206225681
REC:0.6946564885496184
TNR:0.6848739495798319
FPR:0.2918287937743191
FPDR:0.2918287937743191
F1:0.7013487475915221
BACC:0
CLSFE:0.2918287937743191
MCC:0.3792416588155863
GMEAN:0.6897478763390537
SAMPLES:257
AUC:{}
AVGP:{}
CLASS:1
ACC:0.69
PREC:0.6707818930041153
REC:0.6848739495798319
TNR:0.6946564885496184
FPR:0.3292181069958848
FPDR:0.3292181069958848
F1:0.6777546777546778
BACC:0
CLSFE:0.3292181069958848
MCC:0.3792416588155863
GMEAN:0.6897478763390537
SAMPLES:243
AUC:{}
AVGP:{}
