

GENERAL_METRICS
ACC:0.636
PREC:0.6335241893978384
REC:0.6338686790505677
TNR:0.6338686790505677
FPR:0.3664758106021616
FPDR:0.3664758106021616
F1:0.6336553945249597
BACC:0.0
CLSFE:0.364
MCC:0.26739264654052425
GMEAN:0.6334058062385258
SAMPLES:500.0
AUC:{'AUC macro OVO': 0.6335241893978383}
AVGP:{'avg_precision': 0.5512639140955837}


METRICS_PER_CLASSES
CLASS:0
ACC:0.636
PREC:0.667910447761194
REC:0.6580882352941176
TNR:0.6096491228070176
FPR:0.332089552238806
FPDR:0.332089552238806
F1:0.662962962962963
BACC:0
CLSFE:0.332089552238806
MCC:0.26739264654052425
GMEAN:0.6334058062385258
SAMPLES:268
AUC:{}
AVGP:{}
CLASS:1
ACC:0.636
PREC:0.5991379310344828
REC:0.6096491228070176
TNR:0.6580882352941176
FPR:0.40086206896551724
FPDR:0.40086206896551724
F1:0.6043478260869565
BACC:0
CLSFE:0.40086206896551724
MCC:0.26739264654052425
GMEAN:0.6334058062385258
SAMPLES:232
AUC:{}
AVGP:{}
