

GENERAL_METRICS
ACC:0.662
PREC:0.6630649275641334
REC:0.6627177254098361
TNR:0.6627177254098361
FPR:0.3369350724358666
FPDR:0.3369350724358666
F1:0.6619337390128466
BACC:0.0
CLSFE:0.338
MCC:0.32578246795894633
GMEAN:0.6620426429359167
SAMPLES:500.0
AUC:{'AUC macro OVO': 0.6630649275641335}
AVGP:{'avg_precision': 0.6330695007168236}


METRICS_PER_CLASSES
CLASS:0
ACC:0.662
PREC:0.6835443037974683
REC:0.6328125
TNR:0.6926229508196722
FPR:0.31645569620253167
FPDR:0.31645569620253167
F1:0.6572008113590264
BACC:0
CLSFE:0.31645569620253167
MCC:0.32578246795894633
GMEAN:0.6620426429359167
SAMPLES:237
AUC:{}
AVGP:{}
CLASS:1
ACC:0.662
PREC:0.6425855513307985
REC:0.6926229508196722
TNR:0.6328125
FPR:0.3574144486692015
FPDR:0.3574144486692015
F1:0.6666666666666666
BACC:0
CLSFE:0.3574144486692015
MCC:0.32578246795894633
GMEAN:0.6620426429359167
SAMPLES:263
AUC:{}
AVGP:{}
