

GENERAL_METRICS
ACC:0.76
PREC:0.6928974209491774
REC:0.6910444481914659
TNR:0.6910444481914659
FPR:0.3071025790508226
FPDR:0.3071025790508226
F1:0.6919522525991528
BACC:0.0
CLSFE:0.24
MCC:0.38393739772412133
GMEAN:0.675015804013809
SAMPLES:1000.0
AUC:{'AUC macro OVO': 0.6928974209491774}
AVGP:{'avg_precision': 0.822130131927489}


METRICS_PER_CLASSES
CLASS:0
ACC:0.76
PREC:0.5513307984790875
REC:0.5430711610486891
TNR:0.8390177353342428
FPR:0.44866920152091255
FPDR:0.44866920152091255
F1:0.5471698113207547
BACC:0
CLSFE:0.44866920152091255
MCC:0.38393739772412133
GMEAN:0.675015804013809
SAMPLES:263
AUC:{}
AVGP:{}
CLASS:1
ACC:0.76
PREC:0.8344640434192673
REC:0.8390177353342428
TNR:0.5430711610486891
FPR:0.1655359565807327
FPDR:0.1655359565807327
F1:0.8367346938775511
BACC:0
CLSFE:0.1655359565807327
MCC:0.38393739772412133
GMEAN:0.675015804013809
SAMPLES:737
AUC:{}
AVGP:{}
