

GENERAL_METRICS
ACC:0.788
PREC:0.716096693594126
REC:0.7286390052709826
TNR:0.7286390052709826
FPR:0.28390330640587397
FPDR:0.28390330640587397
F1:0.721732190860215
BACC:0.0
CLSFE:0.212
MCC:0.4445588063044496
GMEAN:0.7192824283863581
SAMPLES:1000.0
AUC:{'AUC macro OVO': 0.716096693594126}
AVGP:{'avg_precision': 0.8305131320979735}


METRICS_PER_CLASSES
CLASS:0
ACC:0.788
PREC:0.5617977528089888
REC:0.6122448979591837
TNR:0.8450331125827815
FPR:0.43820224719101125
FPDR:0.43820224719101125
F1:0.5859375
BACC:0
CLSFE:0.43820224719101125
MCC:0.4445588063044496
GMEAN:0.7192824283863581
SAMPLES:267
AUC:{}
AVGP:{}
CLASS:1
ACC:0.788
PREC:0.8703956343792633
REC:0.8450331125827815
TNR:0.6122448979591837
FPR:0.1296043656207367
FPDR:0.1296043656207367
F1:0.8575268817204301
BACC:0
CLSFE:0.1296043656207367
MCC:0.4445588063044496
GMEAN:0.7192824283863581
SAMPLES:733
AUC:{}
AVGP:{}
