

GENERAL_METRICS
ACC:0.778
PREC:0.7025010969723563
REC:0.7089991589571067
TNR:0.7089991589571067
FPR:0.2974989030276437
FPDR:0.2974989030276437
F1:0.7055640437993379
BACC:0.0
CLSFE:0.222
MCC:0.411448946797116
GMEAN:0.695866686767468
SAMPLES:1000.0
AUC:{'AUC macro OVO': 0.7025010969723564}
AVGP:{'avg_precision': 0.8302765126870527}


METRICS_PER_CLASSES
CLASS:0
ACC:0.778
PREC:0.5465116279069767
REC:0.573170731707317
TNR:0.8448275862068966
FPR:0.45348837209302323
FPDR:0.45348837209302323
F1:0.5595238095238095
BACC:0
CLSFE:0.45348837209302323
MCC:0.411448946797116
GMEAN:0.695866686767468
SAMPLES:258
AUC:{}
AVGP:{}
CLASS:1
ACC:0.778
PREC:0.8584905660377359
REC:0.8448275862068966
TNR:0.573170731707317
FPR:0.14150943396226415
FPDR:0.14150943396226415
F1:0.8516042780748663
BACC:0
CLSFE:0.14150943396226415
MCC:0.411448946797116
GMEAN:0.695866686767468
SAMPLES:742
AUC:{}
AVGP:{}
