

GENERAL_METRICS
ACC:0.793
PREC:0.7280508492107822
REC:0.7321094880905382
TNR:0.7321094880905382
FPR:0.27194915078921783
FPDR:0.27194915078921783
F1:0.7300156121406892
BACC:0.0
CLSFE:0.207
MCC:0.4601424382467984
GMEAN:0.721486088987296
SAMPLES:1000.0
AUC:{'AUC macro OVO': 0.7280508492107822}
AVGP:{'avg_precision': 0.8403357523508121}


METRICS_PER_CLASSES
CLASS:0
ACC:0.793
PREC:0.5916030534351145
REC:0.6078431372549019
TNR:0.8563758389261745
FPR:0.4083969465648855
FPDR:0.4083969465648855
F1:0.5996131528046421
BACC:0
CLSFE:0.4083969465648855
MCC:0.4601424382467984
GMEAN:0.721486088987296
SAMPLES:262
AUC:{}
AVGP:{}
CLASS:1
ACC:0.793
PREC:0.8644986449864499
REC:0.8563758389261745
TNR:0.6078431372549019
FPR:0.13550135501355012
FPDR:0.13550135501355012
F1:0.8604180714767363
BACC:0
CLSFE:0.13550135501355012
MCC:0.4601424382467984
GMEAN:0.721486088987296
SAMPLES:738
AUC:{}
AVGP:{}
