

GENERAL_METRICS
ACC:0.733
PREC:0.6577126704697642
REC:0.6384918728481064
TNR:0.6384918728481064
FPR:0.3422873295302358
FPDR:0.3422873295302358
F1:0.6454140886146049
BACC:0.0
CLSFE:0.267
MCC:0.2955802639232456
GMEAN:0.6026355359904774
SAMPLES:1000.0
AUC:{'AUC macro OVO': 0.6577126704697642}
AVGP:{'avg_precision': 0.8338217606655565}


METRICS_PER_CLASSES
CLASS:0
ACC:0.733
PREC:0.5198237885462555
REC:0.427536231884058
TNR:0.8494475138121547
FPR:0.4801762114537445
FPDR:0.4801762114537445
F1:0.4691848906560636
BACC:0
CLSFE:0.4801762114537445
MCC:0.2955802639232456
GMEAN:0.6026355359904774
SAMPLES:227
AUC:{}
AVGP:{}
CLASS:1
ACC:0.733
PREC:0.795601552393273
REC:0.8494475138121547
TNR:0.427536231884058
FPR:0.20439844760672704
FPDR:0.20439844760672704
F1:0.8216432865731463
BACC:0
CLSFE:0.20439844760672704
MCC:0.2955802639232456
GMEAN:0.6026355359904774
SAMPLES:773
AUC:{}
AVGP:{}
