

GENERAL_METRICS
ACC:0.765
PREC:0.7066321210273852
REC:0.6916666666666667
TNR:0.6916666666666667
FPR:0.29336787897261485
FPDR:0.29336787897261485
F1:0.6980051634691624
BACC:0.0
CLSFE:0.235
MCC:0.3980175366165775
GMEAN:0.6712860791048776
SAMPLES:1000.0
AUC:{'AUC macro OVO': 0.7066321210273853}
AVGP:{'avg_precision': 0.8393249001331557}


METRICS_PER_CLASSES
CLASS:0
ACC:0.765
PREC:0.5903614457831325
REC:0.525
TNR:0.8583333333333333
FPR:0.40963855421686746
FPDR:0.40963855421686746
F1:0.555765595463138
BACC:0
CLSFE:0.40963855421686746
MCC:0.3980175366165775
GMEAN:0.6712860791048776
SAMPLES:249
AUC:{}
AVGP:{}
CLASS:1
ACC:0.765
PREC:0.8229027962716379
REC:0.8583333333333333
TNR:0.525
FPR:0.17709720372836218
FPDR:0.17709720372836218
F1:0.840244731475187
BACC:0
CLSFE:0.17709720372836218
MCC:0.3980175366165775
GMEAN:0.6712860791048776
SAMPLES:751
AUC:{}
AVGP:{}
