

GENERAL_METRICS
ACC:0.728
PREC:0.6568296609982576
REC:0.6404709693988423
TNR:0.6404709693988423
FPR:0.34317033900174243
FPDR:0.34317033900174243
F1:0.6465696465696466
BACC:0.0
CLSFE:0.272
MCC:0.29685022830321056
GMEAN:0.6081945660708807
SAMPLES:1000.0
AUC:{'AUC macro OVO': 0.6568296609982576}
AVGP:{'avg_precision': 0.8247982658156588}


METRICS_PER_CLASSES
CLASS:0
ACC:0.728
PREC:0.5210084033613446
REC:0.4397163120567376
TNR:0.841225626740947
FPR:0.4789915966386555
FPDR:0.4789915966386555
F1:0.47692307692307695
BACC:0
CLSFE:0.4789915966386555
MCC:0.29685022830321056
GMEAN:0.6081945660708807
SAMPLES:238
AUC:{}
AVGP:{}
CLASS:1
ACC:0.728
PREC:0.7926509186351706
REC:0.841225626740947
TNR:0.4397163120567376
FPR:0.2073490813648294
FPDR:0.2073490813648294
F1:0.8162162162162162
BACC:0
CLSFE:0.2073490813648294
MCC:0.29685022830321056
GMEAN:0.6081945660708807
SAMPLES:762
AUC:{}
AVGP:{}
