

GENERAL_METRICS
ACC:0.76
PREC:0.6968412874975722
REC:0.6670012133559028
TNR:0.6670012133559028
FPR:0.30315871250242776
FPDR:0.30315871250242776
F1:0.6774037453425166
BACC:0.0
CLSFE:0.24
MCC:0.3626167886385442
GMEAN:0.6335701129123696
SAMPLES:1000.0
AUC:{'AUC macro OVO': 0.6968412874975723}
AVGP:{'avg_precision': 0.8577947886361108}


METRICS_PER_CLASSES
CLASS:0
ACC:0.76
PREC:0.5852534562211982
REC:0.4584837545126354
TNR:0.8755186721991701
FPR:0.4147465437788018
FPDR:0.4147465437788018
F1:0.5141700404858299
BACC:0
CLSFE:0.4147465437788018
MCC:0.3626167886385442
GMEAN:0.6335701129123696
SAMPLES:217
AUC:{}
AVGP:{}
CLASS:1
ACC:0.76
PREC:0.8084291187739464
REC:0.8755186721991701
TNR:0.4584837545126354
FPR:0.19157088122605365
FPDR:0.19157088122605365
F1:0.8406374501992032
BACC:0
CLSFE:0.19157088122605365
MCC:0.3626167886385442
GMEAN:0.6335701129123696
SAMPLES:783
AUC:{}
AVGP:{}
