

GENERAL_METRICS
ACC:0.88
PREC:0.616856631293943
REC:0.6516884760067027
TNR:0.6516884760067027
FPR:0.38314336870605703
FPDR:0.38314336870605703
F1:0.6307390536285058
BACC:0.0
CLSFE:0.12
MCC:0.2662765803615133
GMEAN:0.5933576212408966
SAMPLES:2500.0
AUC:{'AUC macro OVO': 0.616856631293943}
AVGP:{'avg_precision': 0.9199597345913781}


METRICS_PER_CLASSES
CLASS:0
ACC:0.88
PREC:0.28627450980392155
REC:0.38219895287958117
TNR:0.9211779991338241
FPR:0.7137254901960784
FPDR:0.7137254901960784
F1:0.3273542600896861
BACC:0
CLSFE:0.7137254901960784
MCC:0.2662765803615133
GMEAN:0.5933576212408966
SAMPLES:255
AUC:{}
AVGP:{}
CLASS:1
ACC:0.88
PREC:0.9474387527839644
REC:0.9211779991338241
TNR:0.38219895287958117
FPR:0.05256124721603563
FPDR:0.05256124721603563
F1:0.9341238471673254
BACC:0
CLSFE:0.05256124721603563
MCC:0.2662765803615133
GMEAN:0.5933576212408966
SAMPLES:2245
AUC:{}
AVGP:{}
