

GENERAL_METRICS
ACC:0.892
PREC:0.6457415409817545
REC:0.6899479128322168
TNR:0.6899479128322168
FPR:0.3542584590182455
FPDR:0.3542584590182455
F1:0.6635765550239234
BACC:0.0
CLSFE:0.108
MCC:0.33276599298867815
GMEAN:0.6476647663428607
SAMPLES:2500.0
AUC:{'AUC macro OVO': 0.6457415409817545}
AVGP:{'avg_precision': 0.9264592154194732}


METRICS_PER_CLASSES
CLASS:0
ACC:0.892
PREC:0.3373015873015873
REC:0.4521276595744681
TNR:0.9277681660899654
FPR:0.6626984126984127
FPDR:0.6626984126984127
F1:0.38636363636363635
BACC:0
CLSFE:0.6626984126984127
MCC:0.33276599298867815
GMEAN:0.6476647663428607
SAMPLES:252
AUC:{}
AVGP:{}
CLASS:1
ACC:0.892
PREC:0.9541814946619217
REC:0.9277681660899654
TNR:0.4521276595744681
FPR:0.04581850533807829
FPDR:0.04581850533807829
F1:0.9407894736842105
BACC:0
CLSFE:0.04581850533807829
MCC:0.33276599298867815
GMEAN:0.6476647663428607
SAMPLES:2248
AUC:{}
AVGP:{}
