

GENERAL_METRICS
ACC:0.8732
PREC:0.6151083332361336
REC:0.6488186024868805
TNR:0.6488186024868805
FPR:0.3848916667638664
FPDR:0.3848916667638664
F1:0.6284852652802722
BACC:0.0
CLSFE:0.1268
MCC:0.2617652481655695
GMEAN:0.5910494929706941
SAMPLES:2500.0
AUC:{'AUC macro OVO': 0.6151083332361336}
AVGP:{'avg_precision': 0.9151016474481932}


METRICS_PER_CLASSES
CLASS:0
ACC:0.8732
PREC:0.2862453531598513
REC:0.3811881188118812
TNR:0.9164490861618799
FPR:0.7137546468401487
FPDR:0.7137546468401487
F1:0.32696390658174096
BACC:0
CLSFE:0.7137546468401487
MCC:0.2617652481655695
GMEAN:0.5910494929706941
SAMPLES:269
AUC:{}
AVGP:{}
CLASS:1
ACC:0.8732
PREC:0.9439713133124159
REC:0.9164490861618799
TNR:0.3811881188118812
FPR:0.056028686687584046
FPDR:0.056028686687584046
F1:0.9300066239788033
BACC:0
CLSFE:0.056028686687584046
MCC:0.2617652481655695
GMEAN:0.5910494929706941
SAMPLES:2231
AUC:{}
AVGP:{}
