

GENERAL_METRICS
ACC:0.8908
PREC:0.653485576923077
REC:0.6970283739373274
TNR:0.6970283739373274
FPR:0.3465144230769231
FPDR:0.3465144230769231
F1:0.6712666853229847
BACC:0.0
CLSFE:0.1092
MCC:0.3477988708664042
GMEAN:0.6579801186549161
SAMPLES:2500.0
AUC:{'AUC macro OVO': 0.653485576923077}
AVGP:{'avg_precision': 0.9255961246200608}


METRICS_PER_CLASSES
CLASS:0
ACC:0.8908
PREC:0.35384615384615387
REC:0.467005076142132
TNR:0.9270516717325228
FPR:0.6461538461538462
FPDR:0.6461538461538462
F1:0.4026258205689278
BACC:0
CLSFE:0.6461538461538462
MCC:0.3477988708664042
GMEAN:0.6579801186549161
SAMPLES:260
AUC:{}
AVGP:{}
CLASS:1
ACC:0.8908
PREC:0.953125
REC:0.9270516717325228
TNR:0.467005076142132
FPR:0.046875
FPDR:0.046875
F1:0.9399075500770416
BACC:0
CLSFE:0.046875
MCC:0.3477988708664042
GMEAN:0.6579801186549161
SAMPLES:2240
AUC:{}
AVGP:{}
