

GENERAL_METRICS
ACC:0.8366666666666667
PREC:0.6910178631614425
REC:0.7102975685342148
TNR:0.7102975685342148
FPR:0.30898213683855746
FPDR:0.30898213683855746
F1:0.6997134408263886
BACC:0.0
CLSFE:0.16333333333333333
MCC:0.40085205335361684
GMEAN:0.6866077418218014
SAMPLES:1500.0
AUC:{'AUC macro OVO': 0.6910178631614425}
AVGP:{'avg_precision': 0.8866273047583211}


METRICS_PER_CLASSES
CLASS:0
ACC:0.8366666666666667
PREC:0.4689922480620155
REC:0.5283842794759825
TNR:0.8922108575924469
FPR:0.5310077519379846
FPDR:0.5310077519379846
F1:0.49691991786447637
BACC:0
CLSFE:0.5310077519379846
MCC:0.40085205335361684
GMEAN:0.6866077418218014
SAMPLES:258
AUC:{}
AVGP:{}
CLASS:1
ACC:0.8366666666666667
PREC:0.9130434782608695
REC:0.8922108575924469
TNR:0.5283842794759825
FPR:0.08695652173913043
FPDR:0.08695652173913043
F1:0.9025069637883009
BACC:0
CLSFE:0.08695652173913043
MCC:0.40085205335361684
GMEAN:0.6866077418218014
SAMPLES:1242
AUC:{}
AVGP:{}
