

GENERAL_METRICS
ACC:0.836
PREC:0.6819011366375438
REC:0.7071316287574989
TNR:0.7071316287574989
FPR:0.31809886336245624
FPDR:0.31809886336245624
F1:0.6928644674985683
BACC:0.0
CLSFE:0.164
MCC:0.3882137488785002
GMEAN:0.6833043097534186
SAMPLES:1500.0
AUC:{'AUC macro OVO': 0.6819011366375437}
AVGP:{'avg_precision': 0.8840886249492081}


METRICS_PER_CLASSES
CLASS:0
ACC:0.836
PREC:0.4474708171206226
REC:0.5251141552511416
TNR:0.8891491022638564
FPR:0.5525291828793775
FPDR:0.5525291828793775
F1:0.4831932773109244
BACC:0
CLSFE:0.5525291828793775
MCC:0.3882137488785002
GMEAN:0.6833043097534186
SAMPLES:257
AUC:{}
AVGP:{}
CLASS:1
ACC:0.836
PREC:0.916331456154465
REC:0.8891491022638564
TNR:0.5251141552511416
FPR:0.083668543845535
FPDR:0.083668543845535
F1:0.9025356576862124
BACC:0
CLSFE:0.083668543845535
MCC:0.3882137488785002
GMEAN:0.6833043097534186
SAMPLES:1243
AUC:{}
AVGP:{}
