

GENERAL_METRICS
ACC:0.846
PREC:0.6971153846153846
REC:0.7300244321780834
TNR:0.7300244321780834
FPR:0.30288461538461536
FPDR:0.30288461538461536
F1:0.7110995310057322
BACC:0.0
CLSFE:0.154
MCC:0.42587018876516053
GMEAN:0.7116899457995252
SAMPLES:1500.0
AUC:{'AUC macro OVO': 0.6971153846153847}
AVGP:{'avg_precision': 0.8876614785992218}


METRICS_PER_CLASSES
CLASS:0
ACC:0.846
PREC:0.46923076923076923
REC:0.5674418604651162
TNR:0.8926070038910506
FPR:0.5307692307692308
FPDR:0.5307692307692308
F1:0.5136842105263157
BACC:0
CLSFE:0.5307692307692308
MCC:0.42587018876516053
GMEAN:0.7116899457995252
SAMPLES:260
AUC:{}
AVGP:{}
CLASS:1
ACC:0.846
PREC:0.925
REC:0.8926070038910506
TNR:0.5674418604651162
FPR:0.075
FPDR:0.075
F1:0.9085148514851485
BACC:0
CLSFE:0.075
MCC:0.42587018876516053
GMEAN:0.7116899457995252
SAMPLES:1240
AUC:{}
AVGP:{}
