

GENERAL_METRICS
ACC:0.846
PREC:0.6772817460317461
REC:0.7088503297739306
TNR:0.7088503297739306
FPR:0.32271825396825393
FPDR:0.32271825396825393
F1:0.6906335628210291
BACC:0.0
CLSFE:0.154
MCC:0.38483945287160126
GMEAN:0.6840101820985585
SAMPLES:1500.0
AUC:{'AUC macro OVO': 0.6772817460317461}
AVGP:{'avg_precision': 0.8907654375129433}


METRICS_PER_CLASSES
CLASS:0
ACC:0.846
PREC:0.42916666666666664
REC:0.5228426395939086
TNR:0.8948580199539524
FPR:0.5708333333333333
FPDR:0.5708333333333333
F1:0.47139588100686497
BACC:0
CLSFE:0.5708333333333333
MCC:0.38483945287160126
GMEAN:0.6840101820985585
SAMPLES:240
AUC:{}
AVGP:{}
CLASS:1
ACC:0.846
PREC:0.9253968253968254
REC:0.8948580199539524
TNR:0.5228426395939086
FPR:0.0746031746031746
FPDR:0.0746031746031746
F1:0.9098712446351931
BACC:0
CLSFE:0.0746031746031746
MCC:0.38483945287160126
GMEAN:0.6840101820985585
SAMPLES:1260
AUC:{}
AVGP:{}
