

GENERAL_METRICS
ACC:0.894
PREC:0.6670496437486568
REC:0.6891141609482221
TNR:0.6891141609482221
FPR:0.33295035625134317
FPDR:0.33295035625134317
F1:0.6770811449995833
BACC:0.0
CLSFE:0.106
MCC:0.3554796940148714
GMEAN:0.6436115349030516
SAMPLES:2500.0
AUC:{'AUC macro OVO': 0.6670496437486568}
AVGP:{'avg_precision': 0.9337256598061902}


METRICS_PER_CLASSES
CLASS:0
ACC:0.894
PREC:0.38589211618257263
REC:0.44285714285714284
TNR:0.9353711790393013
FPR:0.6141078838174274
FPDR:0.6141078838174274
F1:0.4124168514412417
BACC:0
CLSFE:0.6141078838174274
MCC:0.3554796940148714
GMEAN:0.6436115349030516
SAMPLES:241
AUC:{}
AVGP:{}
CLASS:1
ACC:0.894
PREC:0.9482071713147411
REC:0.9353711790393013
TNR:0.44285714285714284
FPR:0.05179282868525897
FPDR:0.05179282868525897
F1:0.9417454385579248
BACC:0
CLSFE:0.05179282868525897
MCC:0.3554796940148714
GMEAN:0.6436115349030516
SAMPLES:2259
AUC:{}
AVGP:{}
