

GENERAL_METRICS
ACC:0.8824
PREC:0.6489726152742499
REC:0.6583969614184199
TNR:0.6583969614184199
FPR:0.3510273847257501
FPDR:0.3510273847257501
F1:0.6534614253060855
BACC:0.0
CLSFE:0.1176
MCC:0.30722506143865586
GMEAN:0.5989294314966932
SAMPLES:2500.0
AUC:{'AUC macro OVO': 0.6489726152742499}
AVGP:{'avg_precision': 0.9300752362946014}


METRICS_PER_CLASSES
CLASS:0
ACC:0.8824
PREC:0.359504132231405
REC:0.38495575221238937
TNR:0.9318381706244503
FPR:0.640495867768595
FPDR:0.640495867768595
F1:0.3717948717948718
BACC:0
CLSFE:0.640495867768595
MCC:0.30722506143865586
GMEAN:0.5989294314966932
SAMPLES:242
AUC:{}
AVGP:{}
CLASS:1
ACC:0.8824
PREC:0.9384410983170948
REC:0.9318381706244503
TNR:0.38495575221238937
FPR:0.061558901682905225
FPDR:0.061558901682905225
F1:0.9351279788172993
BACC:0
CLSFE:0.061558901682905225
MCC:0.30722506143865586
GMEAN:0.5989294314966932
SAMPLES:2258
AUC:{}
AVGP:{}
