

GENERAL_METRICS
ACC:0.8848
PREC:0.6436178593938005
REC:0.6667914327302973
TNR:0.6667914327302973
FPR:0.3563821406061995
FPDR:0.3563821406061995
F1:0.6538854245383696
BACC:0.0
CLSFE:0.1152
MCC:0.30954307315105845
GMEAN:0.6131487105386295
SAMPLES:2500.0
AUC:{'AUC macro OVO': 0.6436178593938005}
AVGP:{'avg_precision': 0.9272656231821108}


METRICS_PER_CLASSES
CLASS:0
ACC:0.8848
PREC:0.34274193548387094
REC:0.40476190476190477
TNR:0.9288209606986899
FPR:0.657258064516129
FPDR:0.657258064516129
F1:0.37117903930131
BACC:0
CLSFE:0.657258064516129
MCC:0.30954307315105845
GMEAN:0.6131487105386295
SAMPLES:248
AUC:{}
AVGP:{}
CLASS:1
ACC:0.8848
PREC:0.94449378330373
REC:0.9288209606986899
TNR:0.40476190476190477
FPR:0.05550621669626998
FPDR:0.05550621669626998
F1:0.9365918097754293
BACC:0
CLSFE:0.05550621669626998
MCC:0.30954307315105845
GMEAN:0.6131487105386295
SAMPLES:2252
AUC:{}
AVGP:{}
