

GENERAL_METRICS
ACC:0.8876
PREC:0.6661785160220404
REC:0.6989914701354649
TNR:0.6989914701354649
FPR:0.33382148397795963
FPDR:0.33382148397795963
F1:0.6803666887945433
BACC:0.0
CLSFE:0.1124
MCC:0.36369276708868276
GMEAN:0.6605287783300406
SAMPLES:2500.0
AUC:{'AUC macro OVO': 0.6661785160220404}
AVGP:{'avg_precision': 0.9258514133428871}


METRICS_PER_CLASSES
CLASS:0
ACC:0.8876
PREC:0.3843283582089552
REC:0.4703196347031963
TNR:0.9276633055677335
FPR:0.6156716417910447
FPDR:0.6156716417910447
F1:0.42299794661190965
BACC:0
CLSFE:0.6156716417910447
MCC:0.36369276708868276
GMEAN:0.6605287783300406
SAMPLES:268
AUC:{}
AVGP:{}
CLASS:1
ACC:0.8876
PREC:0.9480286738351255
REC:0.9276633055677335
TNR:0.4703196347031963
FPR:0.05197132616487455
FPDR:0.05197132616487455
F1:0.937735430977177
BACC:0
CLSFE:0.05197132616487455
MCC:0.36369276708868276
GMEAN:0.6605287783300406
SAMPLES:2232
AUC:{}
AVGP:{}
