

GENERAL_METRICS
ACC:0.863
PREC:0.5031715883027523
REC:0.5256447406548826
TNR:0.5256447406548826
FPR:0.49682841169724773
FPDR:0.49682841169724773
F1:0.4807380342333874
BACC:0.0
CLSFE:0.137
MCC:0.018037134970736564
GMEAN:0.39476893167720295
SAMPLES:2000.0
AUC:{'AUC macro OVO': 0.5031715883027523}
AVGP:{'avg_precision': 0.8727085830061224}


METRICS_PER_CLASSES
CLASS:0
ACC:0.863
PREC:0.01953125
REC:0.17857142857142858
TNR:0.8727180527383367
FPR:0.98046875
FPDR:0.98046875
F1:0.035211267605633804
BACC:0
CLSFE:0.98046875
MCC:0.018037134970736564
GMEAN:0.39476893167720295
SAMPLES:256
AUC:{}
AVGP:{}
CLASS:1
ACC:0.863
PREC:0.9868119266055045
REC:0.8727180527383367
TNR:0.17857142857142858
FPR:0.013188073394495414
FPDR:0.013188073394495414
F1:0.926264800861141
BACC:0
CLSFE:0.013188073394495414
MCC:0.018037134970736564
GMEAN:0.39476893167720295
SAMPLES:1744
AUC:{}
AVGP:{}
