

GENERAL_METRICS
ACC:0.8655
PREC:0.5055611992099387
REC:0.5445160822949869
TNR:0.5445160822949869
FPR:0.49443880079006136
FPDR:0.49443880079006136
F1:0.4851866772436244
BACC:0.0
CLSFE:0.1345
MCC:0.03146825712926892
GMEAN:0.4329499600673747
SAMPLES:2000.0
AUC:{'AUC macro OVO': 0.5055611992099387}
AVGP:{'avg_precision': 0.8747307537348872}


METRICS_PER_CLASSES
CLASS:0
ACC:0.8655
PREC:0.023715415019762844
REC:0.21428571428571427
TNR:0.8747464503042597
FPR:0.9762845849802372
FPDR:0.9762845849802372
F1:0.042704626334519574
BACC:0
CLSFE:0.9762845849802372
MCC:0.03146825712926892
GMEAN:0.4329499600673747
SAMPLES:253
AUC:{}
AVGP:{}
CLASS:1
ACC:0.8655
PREC:0.9874069834001145
REC:0.8747464503042597
TNR:0.21428571428571427
FPR:0.012593016599885518
FPDR:0.012593016599885518
F1:0.9276687281527293
BACC:0
CLSFE:0.012593016599885518
MCC:0.03146825712926892
GMEAN:0.4329499600673747
SAMPLES:1747
AUC:{}
AVGP:{}
