

GENERAL_METRICS
ACC:0.855
PREC:0.49887069160047115
REC:0.4750674162438868
TNR:0.4750674162438868
FPR:0.5011293083995288
FPDR:0.5011293083995288
F1:0.4643200189150449
BACC:0.0
CLSFE:0.145
MCC:-0.010612554123816629
GMEAN:0.2794842232624366
SAMPLES:2000.0
AUC:{'AUC macro OVO': 0.49887069160047115}
AVGP:{'avg_precision': 0.8592273370319771}


METRICS_PER_CLASSES
CLASS:0
ACC:0.855
PREC:0.0035587188612099642
REC:0.09090909090909091
TNR:0.8592257415786827
FPR:0.99644128113879
FPDR:0.99644128113879
F1:0.00684931506849315
BACC:0
CLSFE:0.99644128113879
MCC:-0.010612554123816629
GMEAN:0.2794842232624366
SAMPLES:281
AUC:{}
AVGP:{}
CLASS:1
ACC:0.855
PREC:0.9941826643397323
REC:0.8592257415786827
TNR:0.09090909090909091
FPR:0.005817335660267597
FPDR:0.005817335660267597
F1:0.9217907227615966
BACC:0
CLSFE:0.005817335660267597
MCC:-0.010612554123816629
GMEAN:0.2794842232624366
SAMPLES:1719
AUC:{}
AVGP:{}
