

GENERAL_METRICS
ACC:0.8605
PREC:0.5021034073453429
REC:0.5212003254821754
TNR:0.5212003254821754
FPR:0.4978965926546572
FPDR:0.4978965926546572
F1:0.4763665846808135
BACC:0.0
CLSFE:0.1395
MCC:0.01335558614855471
GMEAN:0.38864035179206385
SAMPLES:2000.0
AUC:{'AUC macro OVO': 0.5021034073453428}
AVGP:{'avg_precision': 0.8684822707682124}


METRICS_PER_CLASSES
CLASS:0
ACC:0.8605
PREC:0.015151515151515152
REC:0.17391304347826086
TNR:0.86848760748609
FPR:0.9848484848484849
FPDR:0.9848484848484849
F1:0.027874564459930314
BACC:0
CLSFE:0.9848484848484849
MCC:0.01335558614855471
GMEAN:0.38864035179206385
SAMPLES:264
AUC:{}
AVGP:{}
CLASS:1
ACC:0.8605
PREC:0.9890552995391705
REC:0.86848760748609
TNR:0.17391304347826086
FPR:0.010944700460829493
FPDR:0.010944700460829493
F1:0.9248586049016967
BACC:0
CLSFE:0.010944700460829493
MCC:0.01335558614855471
GMEAN:0.38864035179206385
SAMPLES:1736
AUC:{}
AVGP:{}
