

GENERAL_METRICS
ACC:0.832
PREC:0.8319758045158503
REC:0.8319758045158503
TNR:0.8319758045158503
FPR:0.1680241954841497
FPDR:0.1680241954841497
F1:0.8319758045158503
BACC:0.0
CLSFE:0.168
MCC:0.6639516090317006
GMEAN:0.8319733612760914
SAMPLES:500.0
AUC:{'AUC macro OVO': 0.8319758045158503}
AVGP:{'avg_precision': 0.7795428142917402}


METRICS_PER_CLASSES
CLASS:0
ACC:0.832
PREC:0.8299595141700404
REC:0.8299595141700404
TNR:0.83399209486166
FPR:0.1700404858299595
FPDR:0.1700404858299595
F1:0.8299595141700404
BACC:0
CLSFE:0.1700404858299595
MCC:0.6639516090317006
GMEAN:0.8319733612760914
SAMPLES:247
AUC:{}
AVGP:{}
CLASS:1
ACC:0.832
PREC:0.83399209486166
REC:0.83399209486166
TNR:0.8299595141700404
FPR:0.16600790513833993
FPDR:0.16600790513833993
F1:0.83399209486166
BACC:0
CLSFE:0.16600790513833993
MCC:0.6639516090317006
GMEAN:0.8319733612760914
SAMPLES:253
AUC:{}
AVGP:{}
