

GENERAL_METRICS
ACC:0.84
PREC:0.8400857654889913
REC:0.840151078676141
TNR:0.840151078676141
FPR:0.15991423451100872
FPDR:0.15991423451100872
F1:0.8399974399590393
BACC:0.0
CLSFE:0.16
MCC:0.6802368410295977
GMEAN:0.8400980155654421
SAMPLES:500.0
AUC:{'AUC macro OVO': 0.8400857654889913}
AVGP:{'avg_precision': 0.780772288544577}


METRICS_PER_CLASSES
CLASS:0
ACC:0.84
PREC:0.8293650793650794
REC:0.8495934959349594
TNR:0.8307086614173228
FPR:0.17063492063492064
FPDR:0.17063492063492064
F1:0.8393574297188755
BACC:0
CLSFE:0.17063492063492064
MCC:0.6802368410295977
GMEAN:0.8400980155654421
SAMPLES:252
AUC:{}
AVGP:{}
CLASS:1
ACC:0.84
PREC:0.8508064516129032
REC:0.8307086614173228
TNR:0.8495934959349594
FPR:0.14919354838709678
FPDR:0.14919354838709678
F1:0.8406374501992032
BACC:0
CLSFE:0.14919354838709678
MCC:0.6802368410295977
GMEAN:0.8400980155654421
SAMPLES:248
AUC:{}
AVGP:{}
