

GENERAL_METRICS
ACC:0.86
PREC:0.8610358617131063
REC:0.8588141025641025
TNR:0.8588141025641025
FPR:0.1389641382868937
FPDR:0.1389641382868937
F1:0.8594242015294646
BACC:0.0
CLSFE:0.14
MCC:0.7198465356283815
GMEAN:0.858302215019682
SAMPLES:500.0
AUC:{'AUC macro OVO': 0.8610358617131062}
AVGP:{'avg_precision': 0.8365390271493212}


METRICS_PER_CLASSES
CLASS:0
ACC:0.86
PREC:0.8728070175438597
REC:0.8291666666666667
TNR:0.8884615384615384
FPR:0.12719298245614036
FPDR:0.12719298245614036
F1:0.8504273504273504
BACC:0
CLSFE:0.12719298245614036
MCC:0.7198465356283815
GMEAN:0.858302215019682
SAMPLES:228
AUC:{}
AVGP:{}
CLASS:1
ACC:0.86
PREC:0.8492647058823529
REC:0.8884615384615384
TNR:0.8291666666666667
FPR:0.15073529411764705
FPDR:0.15073529411764705
F1:0.868421052631579
BACC:0
CLSFE:0.15073529411764705
MCC:0.7198465356283815
GMEAN:0.858302215019682
SAMPLES:272
AUC:{}
AVGP:{}
