

GENERAL_METRICS
ACC:0.834
PREC:0.8332371471168181
REC:0.8339598997493735
TNR:0.8339598997493735
FPR:0.16676285288318185
FPDR:0.16676285288318185
F1:0.8335145283647115
BACC:0.0
CLSFE:0.166
MCC:0.6671966553989904
GMEAN:0.8339596643750291
SAMPLES:500.0
AUC:{'AUC macro OVO': 0.8332371471168181}
AVGP:{'avg_precision': 0.7679163179916317}


METRICS_PER_CLASSES
CLASS:0
ACC:0.834
PREC:0.8505747126436781
REC:0.8345864661654135
TNR:0.8333333333333334
FPR:0.14942528735632185
FPDR:0.14942528735632185
F1:0.8425047438330171
BACC:0
CLSFE:0.14942528735632185
MCC:0.6671966553989904
GMEAN:0.8339596643750291
SAMPLES:261
AUC:{}
AVGP:{}
CLASS:1
ACC:0.834
PREC:0.8158995815899581
REC:0.8333333333333334
TNR:0.8345864661654135
FPR:0.18410041841004185
FPDR:0.18410041841004185
F1:0.8245243128964059
BACC:0
CLSFE:0.18410041841004185
MCC:0.6671966553989904
GMEAN:0.8339596643750291
SAMPLES:239
AUC:{}
AVGP:{}
