

GENERAL_METRICS
ACC:0.8981538461538462
PREC:0.5842972032288758
REC:0.6262966533638252
TNR:0.6262966533638252
FPR:0.4157027967711242
FPDR:0.4157027967711242
F1:0.5990870775786536
BACC:0.0
CLSFE:0.10184615384615385
MCC:0.20636331704774724
GMEAN:0.5473144291137403
SAMPLES:3250.0
AUC:{'AUC macro OVO': 0.5842972032288758}
AVGP:{'avg_precision': 0.9302189133090145}


METRICS_PER_CLASSES
CLASS:0
ACC:0.8981538461538462
PREC:0.20817843866171004
REC:0.3218390804597701
TNR:0.9307542262678804
FPR:0.79182156133829
FPDR:0.79182156133829
F1:0.2528216704288939
BACC:0
CLSFE:0.79182156133829
MCC:0.20636331704774724
GMEAN:0.5473144291137403
SAMPLES:269
AUC:{}
AVGP:{}
CLASS:1
ACC:0.8981538461538462
PREC:0.9604159677960415
REC:0.9307542262678804
TNR:0.3218390804597701
FPR:0.039584032203958404
FPDR:0.039584032203958404
F1:0.9453524847284134
BACC:0
CLSFE:0.039584032203958404
MCC:0.20636331704774724
GMEAN:0.5473144291137403
SAMPLES:2981
AUC:{}
AVGP:{}
