

GENERAL_METRICS
ACC:0.8904615384615384
PREC:0.5764182133621395
REC:0.5934959349593496
TNR:0.5934959349593496
FPR:0.42358178663786045
FPDR:0.42358178663786045
F1:0.5835732795853729
BACC:0.0
CLSFE:0.10953846153846154
MCC:0.16905374655672434
GMEAN:0.48656753640134565
SAMPLES:3250.0
AUC:{'AUC macro OVO': 0.5764182133621396}
AVGP:{'avg_precision': 0.9327307906339626}


METRICS_PER_CLASSES
CLASS:0
ACC:0.8904615384615384
PREC:0.20392156862745098
REC:0.25365853658536586
TNR:0.9333333333333333
FPR:0.796078431372549
FPDR:0.796078431372549
F1:0.22608695652173913
BACC:0
CLSFE:0.796078431372549
MCC:0.16905374655672434
GMEAN:0.48656753640134565
SAMPLES:255
AUC:{}
AVGP:{}
CLASS:1
ACC:0.8904615384615384
PREC:0.9489148580968281
REC:0.9333333333333333
TNR:0.25365853658536586
FPR:0.051085141903171954
FPDR:0.051085141903171954
F1:0.9410596026490067
BACC:0
CLSFE:0.051085141903171954
MCC:0.16905374655672434
GMEAN:0.48656753640134565
SAMPLES:2995
AUC:{}
AVGP:{}
