

GENERAL_METRICS
ACC:0.9036923076923077
PREC:0.592456463641972
REC:0.6276985863843378
TNR:0.6276985863843378
FPR:0.4075435363580279
FPDR:0.4075435363580279
F1:0.606003389009925
BACC:0.0
CLSFE:0.0963076923076923
MCC:0.21731598845160718
GMEAN:0.5460813909577618
SAMPLES:3250.0
AUC:{'AUC macro OVO': 0.592456463641972}
AVGP:{'avg_precision': 0.9366623093671744}


METRICS_PER_CLASSES
CLASS:0
ACC:0.9036923076923077
PREC:0.2248995983935743
REC:0.3181818181818182
TNR:0.9372153545868576
FPR:0.7751004016064257
FPDR:0.7751004016064257
F1:0.2635294117647059
BACC:0
CLSFE:0.7751004016064257
MCC:0.21731598845160718
GMEAN:0.5460813909577618
SAMPLES:249
AUC:{}
AVGP:{}
CLASS:1
ACC:0.9036923076923077
PREC:0.9600133288903698
REC:0.9372153545868576
TNR:0.3181818181818182
FPR:0.039986671109630126
FPDR:0.039986671109630126
F1:0.948477366255144
BACC:0
CLSFE:0.039986671109630126
MCC:0.21731598845160718
GMEAN:0.5460813909577618
SAMPLES:3001
AUC:{}
AVGP:{}
