

GENERAL_METRICS
ACC:0.896
PREC:0.5776293823038398
REC:0.6045588818835148
TNR:0.6045588818835148
FPR:0.4223706176961603
FPDR:0.4223706176961603
F1:0.588021302130213
BACC:0.0
CLSFE:0.104
MCC:0.1801870296663708
GMEAN:0.5072743619962452
SAMPLES:3250.0
AUC:{'AUC macro OVO': 0.5776293823038396}
AVGP:{'avg_precision': 0.9329095051337288}


METRICS_PER_CLASSES
CLASS:0
ACC:0.896
PREC:0.2
REC:0.2756756756756757
TNR:0.933442088091354
FPR:0.8
FPDR:0.8
F1:0.2318181818181818
BACC:0
CLSFE:0.8
MCC:0.1801870296663708
GMEAN:0.5072743619962452
SAMPLES:255
AUC:{}
AVGP:{}
CLASS:1
ACC:0.896
PREC:0.9552587646076794
REC:0.933442088091354
TNR:0.2756756756756757
FPR:0.044741235392320534
FPDR:0.044741235392320534
F1:0.9442244224422442
BACC:0
CLSFE:0.044741235392320534
MCC:0.1801870296663708
GMEAN:0.5072743619962452
SAMPLES:2995
AUC:{}
AVGP:{}
