

GENERAL_METRICS
ACC:0.9024
PREC:0.6415975521378533
REC:0.7115986260610834
TNR:0.7115986260610834
FPR:0.3584024478621467
FPDR:0.3584024478621467
F1:0.6669571237325262
BACC:0.0
CLSFE:0.0976
MCC:0.34618981779354735
GMEAN:0.6773807878701751
SAMPLES:2500.0
AUC:{'AUC macro OVO': 0.6415975521378533}
AVGP:{'avg_precision': 0.9286835965864262}


METRICS_PER_CLASSES
CLASS:0
ACC:0.9024
PREC:0.3181818181818182
REC:0.4935897435897436
TNR:0.9296075085324232
FPR:0.6818181818181818
FPDR:0.6818181818181818
F1:0.3869346733668342
BACC:0
CLSFE:0.6818181818181818
MCC:0.34618981779354735
GMEAN:0.6773807878701751
SAMPLES:242
AUC:{}
AVGP:{}
CLASS:1
ACC:0.9024
PREC:0.9650132860938884
REC:0.9296075085324232
TNR:0.4935897435897436
FPR:0.034986713906111605
FPDR:0.034986713906111605
F1:0.9469795740982182
BACC:0
CLSFE:0.034986713906111605
MCC:0.34618981779354735
GMEAN:0.6773807878701751
SAMPLES:2258
AUC:{}
AVGP:{}
