

GENERAL_METRICS
ACC:0.9128
PREC:0.6477988461093386
REC:0.7592793686903676
TNR:0.7592793686903676
FPR:0.3522011538906614
FPDR:0.3522011538906614
F1:0.683436956905605
BACC:0.0
CLSFE:0.0872
MCC:0.3915159844113346
GMEAN:0.739658889781948
SAMPLES:2500.0
AUC:{'AUC macro OVO': 0.6477988461093386}
AVGP:{'avg_precision': 0.9301229365358321}


METRICS_PER_CLASSES
CLASS:0
ACC:0.9128
PREC:0.31950207468879666
REC:0.5877862595419847
TNR:0.9307724778387505
FPR:0.6804979253112033
FPDR:0.6804979253112033
F1:0.41397849462365593
BACC:0
CLSFE:0.6804979253112033
MCC:0.3915159844113346
GMEAN:0.739658889781948
SAMPLES:241
AUC:{}
AVGP:{}
CLASS:1
ACC:0.9128
PREC:0.9760956175298805
REC:0.9307724778387505
TNR:0.5877862595419847
FPR:0.02390438247011952
FPDR:0.02390438247011952
F1:0.952895419187554
BACC:0
CLSFE:0.02390438247011952
MCC:0.3915159844113346
GMEAN:0.739658889781948
SAMPLES:2259
AUC:{}
AVGP:{}
