

GENERAL_METRICS
ACC:0.9032
PREC:0.6437235863692291
REC:0.7567585325353308
TNR:0.7567585325353308
FPR:0.3562764136307709
FPDR:0.3562764136307709
F1:0.6785163930070673
BACC:0.0
CLSFE:0.0968
MCC:0.38419920419947845
GMEAN:0.7385048304879122
SAMPLES:2500.0
AUC:{'AUC macro OVO': 0.6437235863692291}
AVGP:{'avg_precision': 0.921209825470221}


METRICS_PER_CLASSES
CLASS:0
ACC:0.9032
PREC:0.31343283582089554
REC:0.5915492957746479
TNR:0.9219677692960135
FPR:0.6865671641791045
FPDR:0.6865671641791045
F1:0.4097560975609756
BACC:0
CLSFE:0.6865671641791045
MCC:0.38419920419947845
GMEAN:0.7385048304879122
SAMPLES:268
AUC:{}
AVGP:{}
CLASS:1
ACC:0.9032
PREC:0.9740143369175627
REC:0.9219677692960135
TNR:0.5915492957746479
FPR:0.025985663082437275
FPDR:0.025985663082437275
F1:0.947276688453159
BACC:0
CLSFE:0.025985663082437275
MCC:0.38419920419947845
GMEAN:0.7385048304879122
SAMPLES:2232
AUC:{}
AVGP:{}
