

GENERAL_METRICS
ACC:0.91
PREC:0.6558113218357875
REC:0.7548356395050883
TNR:0.7548356395050883
FPR:0.34418867816421245
FPDR:0.34418867816421245
F1:0.6893210961745899
BACC:0.0
CLSFE:0.09
MCC:0.39852868324453655
GMEAN:0.734144204904889
SAMPLES:2500.0
AUC:{'AUC macro OVO': 0.6558113218357875}
AVGP:{'avg_precision': 0.9295602161607704}


METRICS_PER_CLASSES
CLASS:0
ACC:0.91
PREC:0.3387096774193548
REC:0.5793103448275863
TNR:0.9303609341825902
FPR:0.6612903225806451
FPDR:0.6612903225806451
F1:0.42748091603053434
BACC:0
CLSFE:0.6612903225806451
MCC:0.39852868324453655
GMEAN:0.734144204904889
SAMPLES:248
AUC:{}
AVGP:{}
CLASS:1
ACC:0.91
PREC:0.9729129662522202
REC:0.9303609341825902
TNR:0.5793103448275863
FPR:0.02708703374777975
FPDR:0.02708703374777975
F1:0.9511612763186456
BACC:0
CLSFE:0.02708703374777975
MCC:0.39852868324453655
GMEAN:0.734144204904889
SAMPLES:2252
AUC:{}
AVGP:{}
