

GENERAL_METRICS
ACC:0.8672
PREC:0.5791002937355251
REC:0.6020961494645705
TNR:0.6020961494645705
FPR:0.4208997062644749
FPDR:0.4208997062644749
F1:0.5880149069112237
BACC:0.0
CLSFE:0.1328
MCC:0.17973130402813636
GMEAN:0.514574549913369
SAMPLES:2500.0
AUC:{'AUC macro OVO': 0.5791002937355251}
AVGP:{'avg_precision': 0.9137866694396943}


METRICS_PER_CLASSES
CLASS:0
ACC:0.8672
PREC:0.21825396825396826
REC:0.2894736842105263
TNR:0.9147186147186147
FPR:0.7817460317460317
FPDR:0.7817460317460317
F1:0.248868778280543
BACC:0
CLSFE:0.7817460317460317
MCC:0.17973130402813636
GMEAN:0.514574549913369
SAMPLES:252
AUC:{}
AVGP:{}
CLASS:1
ACC:0.8672
PREC:0.9399466192170819
REC:0.9147186147186147
TNR:0.2894736842105263
FPR:0.06005338078291815
FPDR:0.06005338078291815
F1:0.9271610355419043
BACC:0
CLSFE:0.06005338078291815
MCC:0.17973130402813636
GMEAN:0.514574549913369
SAMPLES:2248
AUC:{}
AVGP:{}
