

GENERAL_METRICS
ACC:0.8548
PREC:0.5802797351946799
REC:0.5968468830657158
TNR:0.5968468830657158
FPR:0.4197202648053201
FPDR:0.4197202648053201
F1:0.5870929111473995
BACC:0.0
CLSFE:0.1452
MCC:0.17635013044447442
GMEAN:0.5085326344124287
SAMPLES:2500.0
AUC:{'AUC macro OVO': 0.5802797351946799}
AVGP:{'avg_precision': 0.9081090766668853}


METRICS_PER_CLASSES
CLASS:0
ACC:0.8548
PREC:0.23048327137546468
REC:0.28440366972477066
TNR:0.9092900964066608
FPR:0.7695167286245354
FPDR:0.7695167286245354
F1:0.2546201232032854
BACC:0
CLSFE:0.7695167286245354
MCC:0.17635013044447442
GMEAN:0.5085326344124287
SAMPLES:269
AUC:{}
AVGP:{}
CLASS:1
ACC:0.8548
PREC:0.9300761990138952
REC:0.9092900964066608
TNR:0.28440366972477066
FPR:0.06992380098610489
FPDR:0.06992380098610489
F1:0.9195656990915134
BACC:0
CLSFE:0.06992380098610489
MCC:0.17635013044447442
GMEAN:0.5085326344124287
SAMPLES:2231
AUC:{}
AVGP:{}
