

GENERAL_METRICS
ACC:0.8644
PREC:0.5925280579937988
REC:0.6092038857369046
TNR:0.6092038857369046
FPR:0.4074719420062011
FPDR:0.4074719420062011
F1:0.5996525125524881
BACC:0.0
CLSFE:0.1356
MCC:0.20104152280175847
GMEAN:0.5260091050280128
SAMPLES:2500.0
AUC:{'AUC macro OVO': 0.5925280579937988}
AVGP:{'avg_precision': 0.9152999968850748}


METRICS_PER_CLASSES
CLASS:0
ACC:0.8644
PREC:0.25098039215686274
REC:0.3018867924528302
TNR:0.9165209790209791
FPR:0.7490196078431373
FPDR:0.7490196078431373
F1:0.2740899357601713
BACC:0
CLSFE:0.7490196078431373
MCC:0.20104152280175847
GMEAN:0.5260091050280128
SAMPLES:255
AUC:{}
AVGP:{}
CLASS:1
ACC:0.8644
PREC:0.934075723830735
REC:0.9165209790209791
TNR:0.3018867924528302
FPR:0.06592427616926504
FPDR:0.06592427616926504
F1:0.9252150893448048
BACC:0
CLSFE:0.06592427616926504
MCC:0.20104152280175847
GMEAN:0.5260091050280128
SAMPLES:2245
AUC:{}
AVGP:{}
