

GENERAL_METRICS
ACC:0.7333333333333333
PREC:0.7303475205634675
REC:0.7077668546554805
TNR:0.7077668546554805
FPR:0.2696524794365325
FPDR:0.2696524794365325
F1:0.7124762313684598
BACC:0.0
CLSFE:0.26666666666666666
MCC:0.437532078024733
GMEAN:0.6935814922258152
SAMPLES:750.0
AUC:{'AUC macro OVO': 0.7303475205634675}
AVGP:{'avg_precision': 0.8043140461903938}


METRICS_PER_CLASSES
CLASS:0
ACC:0.7333333333333333
PREC:0.7219917012448133
REC:0.5667752442996743
TNR:0.8487584650112867
FPR:0.27800829875518673
FPDR:0.27800829875518673
F1:0.635036496350365
BACC:0
CLSFE:0.27800829875518673
MCC:0.437532078024733
GMEAN:0.6935814922258152
SAMPLES:241
AUC:{}
AVGP:{}
CLASS:1
ACC:0.7333333333333333
PREC:0.7387033398821218
REC:0.8487584650112867
TNR:0.5667752442996743
FPR:0.26129666011787817
FPDR:0.26129666011787817
F1:0.7899159663865546
BACC:0
CLSFE:0.26129666011787817
MCC:0.437532078024733
GMEAN:0.6935814922258152
SAMPLES:509
AUC:{}
AVGP:{}
