

GENERAL_METRICS
ACC:0.7613333333333333
PREC:0.7511303855499375
REC:0.7387988275408267
TNR:0.7387988275408267
FPR:0.2488696144500625
FPDR:0.2488696144500625
F1:0.7432582582869731
BACC:0.0
CLSFE:0.23866666666666667
MCC:0.48977399534561183
GMEAN:0.7317499006425536
SAMPLES:750.0
AUC:{'AUC macro OVO': 0.7511303855499374}
AVGP:{'avg_precision': 0.800468508850725}


METRICS_PER_CLASSES
CLASS:0
ACC:0.7613333333333333
PREC:0.7181467181467182
REC:0.636986301369863
TNR:0.8406113537117904
FPR:0.28185328185328185
FPDR:0.28185328185328185
F1:0.6751361161524501
BACC:0
CLSFE:0.28185328185328185
MCC:0.48977399534561183
GMEAN:0.7317499006425536
SAMPLES:259
AUC:{}
AVGP:{}
CLASS:1
ACC:0.7613333333333333
PREC:0.7841140529531568
REC:0.8406113537117904
TNR:0.636986301369863
FPR:0.2158859470468432
FPDR:0.2158859470468432
F1:0.8113804004214963
BACC:0
CLSFE:0.2158859470468432
MCC:0.48977399534561183
GMEAN:0.7317499006425536
SAMPLES:491
AUC:{}
AVGP:{}
