

GENERAL_METRICS
ACC:0.7813333333333333
PREC:0.7582392388376225
REC:0.7489206872873932
TNR:0.7489206872873932
FPR:0.2417607611623775
FPDR:0.2417607611623775
F1:0.7530041125819303
BACC:0.0
CLSFE:0.21866666666666668
MCC:0.5070743094105016
GMEAN:0.7418031409916004
SAMPLES:750.0
AUC:{'AUC macro OVO': 0.7582392388376225}
AVGP:{'avg_precision': 0.8215472875971362}


METRICS_PER_CLASSES
CLASS:0
ACC:0.7813333333333333
PREC:0.694560669456067
REC:0.6459143968871596
TNR:0.8519269776876268
FPR:0.3054393305439331
FPDR:0.3054393305439331
F1:0.6693548387096774
BACC:0
CLSFE:0.3054393305439331
MCC:0.5070743094105016
GMEAN:0.7418031409916004
SAMPLES:239
AUC:{}
AVGP:{}
CLASS:1
ACC:0.7813333333333333
PREC:0.821917808219178
REC:0.8519269776876268
TNR:0.6459143968871596
FPR:0.1780821917808219
FPDR:0.1780821917808219
F1:0.8366533864541833
BACC:0
CLSFE:0.1780821917808219
MCC:0.5070743094105016
GMEAN:0.7418031409916004
SAMPLES:511
AUC:{}
AVGP:{}
