

GENERAL_METRICS
ACC:0.7493333333333333
PREC:0.7212645495951417
REC:0.7212645495951417
TNR:0.7212645495951417
FPR:0.2787354504048583
FPDR:0.2787354504048583
F1:0.7212645495951417
BACC:0.0
CLSFE:0.25066666666666665
MCC:0.4425290991902834
GMEAN:0.7158203583477499
SAMPLES:750.0
AUC:{'AUC macro OVO': 0.7212645495951417}
AVGP:{'avg_precision': 0.7809743043376113}


METRICS_PER_CLASSES
CLASS:0
ACC:0.7493333333333333
PREC:0.6328125
REC:0.6328125
TNR:0.8097165991902834
FPR:0.3671875
FPDR:0.3671875
F1:0.6328125
BACC:0
CLSFE:0.3671875
MCC:0.4425290991902834
GMEAN:0.7158203583477499
SAMPLES:256
AUC:{}
AVGP:{}
CLASS:1
ACC:0.7493333333333333
PREC:0.8097165991902834
REC:0.8097165991902834
TNR:0.6328125
FPR:0.1902834008097166
FPDR:0.1902834008097166
F1:0.8097165991902834
BACC:0
CLSFE:0.1902834008097166
MCC:0.4425290991902834
GMEAN:0.7158203583477499
SAMPLES:494
AUC:{}
AVGP:{}
