

GENERAL_METRICS
ACC:0.7626666666666667
PREC:0.7505932697918692
REC:0.741745415787854
TNR:0.741745415787854
FPR:0.2494067302081307
FPDR:0.2494067302081307
F1:0.7452698422390304
BACC:0.0
CLSFE:0.23733333333333334
MCC:0.49225917644864
GMEAN:0.7361141274195999
SAMPLES:750.0
AUC:{'AUC macro OVO': 0.7505932697918692}
AVGP:{'avg_precision': 0.7941742364946963}


METRICS_PER_CLASSES
CLASS:0
ACC:0.7626666666666667
PREC:0.7094339622641509
REC:0.6505190311418685
TNR:0.8329718004338394
FPR:0.29056603773584905
FPDR:0.29056603773584905
F1:0.6787003610108303
BACC:0
CLSFE:0.29056603773584905
MCC:0.49225917644864
GMEAN:0.7361141274195999
SAMPLES:265
AUC:{}
AVGP:{}
CLASS:1
ACC:0.7626666666666667
PREC:0.7917525773195876
REC:0.8329718004338394
TNR:0.6505190311418685
FPR:0.20824742268041238
FPDR:0.20824742268041238
F1:0.8118393234672304
BACC:0
CLSFE:0.20824742268041238
MCC:0.49225917644864
GMEAN:0.7361141274195999
SAMPLES:485
AUC:{}
AVGP:{}
