

GENERAL_METRICS
ACC:0.8653333333333333
PREC:0.868
REC:0.8452701739110854
TNR:0.8452701739110854
FPR:0.132
FPDR:0.132
F1:0.8537585500570486
BACC:0.0
CLSFE:0.13466666666666666
MCC:0.7129079155102136
GMEAN:0.8407306899255902
SAMPLES:750.0
AUC:{'AUC macro OVO': 0.868}
AVGP:{'avg_precision': 0.8955025307302965}


METRICS_PER_CLASSES
CLASS:0
ACC:0.8653333333333333
PREC:0.876
REC:0.7577854671280276
TNR:0.9327548806941431
FPR:0.124
FPDR:0.124
F1:0.8126159554730983
BACC:0
CLSFE:0.124
MCC:0.7129079155102136
GMEAN:0.8407306899255902
SAMPLES:250
AUC:{}
AVGP:{}
CLASS:1
ACC:0.8653333333333333
PREC:0.86
REC:0.9327548806941431
TNR:0.7577854671280276
FPR:0.14
FPDR:0.14
F1:0.894901144640999
BACC:0
CLSFE:0.14
MCC:0.7129079155102136
GMEAN:0.8407306899255902
SAMPLES:500
AUC:{}
AVGP:{}
