

GENERAL_METRICS
ACC:0.888
PREC:0.8877714946664953
REC:0.8690148596587782
TNR:0.8690148596587782
FPR:0.11222850533350469
FPDR:0.11222850533350469
F1:0.8768145413590289
BACC:0.0
CLSFE:0.112
MCC:0.7565538809206689
GMEAN:0.8660342301057115
SAMPLES:750.0
AUC:{'AUC macro OVO': 0.8877714946664953}
AVGP:{'avg_precision': 0.9106308269033571}


METRICS_PER_CLASSES
CLASS:0
ACC:0.888
PREC:0.8870967741935484
REC:0.7971014492753623
TNR:0.9409282700421941
FPR:0.11290322580645161
FPDR:0.11290322580645161
F1:0.8396946564885496
BACC:0
CLSFE:0.11290322580645161
MCC:0.7565538809206689
GMEAN:0.8660342301057115
SAMPLES:248
AUC:{}
AVGP:{}
CLASS:1
ACC:0.888
PREC:0.8884462151394422
REC:0.9409282700421941
TNR:0.7971014492753623
FPR:0.11155378486055777
FPDR:0.11155378486055777
F1:0.9139344262295082
BACC:0
CLSFE:0.11155378486055777
MCC:0.7565538809206689
GMEAN:0.8660342301057115
SAMPLES:502
AUC:{}
AVGP:{}
