

GENERAL_METRICS
ACC:0.8573333333333333
PREC:0.851363947057727
REC:0.8422794924372545
TNR:0.8422794924372545
FPR:0.14863605294227303
FPDR:0.14863605294227303
F1:0.8462935190452385
BACC:0.0
CLSFE:0.14266666666666666
MCC:0.6935839486599129
GMEAN:0.8400414275246355
SAMPLES:750.0
AUC:{'AUC macro OVO': 0.8513639470577269}
AVGP:{'avg_precision': 0.870551353519623}


METRICS_PER_CLASSES
CLASS:0
ACC:0.8573333333333333
PREC:0.8308270676691729
REC:0.7809187279151943
TNR:0.9036402569593148
FPR:0.16917293233082706
FPDR:0.16917293233082706
F1:0.8051001821493625
BACC:0
CLSFE:0.16917293233082706
MCC:0.6935839486599129
GMEAN:0.8400414275246355
SAMPLES:266
AUC:{}
AVGP:{}
CLASS:1
ACC:0.8573333333333333
PREC:0.871900826446281
REC:0.9036402569593148
TNR:0.7809187279151943
FPR:0.128099173553719
FPDR:0.128099173553719
F1:0.8874868559411146
BACC:0
CLSFE:0.128099173553719
MCC:0.6935839486599129
GMEAN:0.8400414275246355
SAMPLES:484
AUC:{}
AVGP:{}
