

GENERAL_METRICS
ACC:0.876
PREC:0.8741427077262094
REC:0.8571287038166078
TNR:0.8571287038166078
FPR:0.1258572922737906
FPDR:0.1258572922737906
F1:0.8642095242174284
BACC:0.0
CLSFE:0.124
MCC:0.7310734580127967
GMEAN:0.8540181677516564
SAMPLES:750.0
AUC:{'AUC macro OVO': 0.8741427077262094}
AVGP:{'avg_precision': 0.8982509085968546}


METRICS_PER_CLASSES
CLASS:0
ACC:0.876
PREC:0.8685258964143426
REC:0.7841726618705036
TNR:0.9300847457627118
FPR:0.13147410358565736
FPDR:0.13147410358565736
F1:0.8241965973534972
BACC:0
CLSFE:0.13147410358565736
MCC:0.7310734580127967
GMEAN:0.8540181677516564
SAMPLES:251
AUC:{}
AVGP:{}
CLASS:1
ACC:0.876
PREC:0.8797595190380761
REC:0.9300847457627118
TNR:0.7841726618705036
FPR:0.12024048096192384
FPDR:0.12024048096192384
F1:0.9042224510813595
BACC:0
CLSFE:0.12024048096192384
MCC:0.7310734580127967
GMEAN:0.8540181677516564
SAMPLES:499
AUC:{}
AVGP:{}
