

GENERAL_METRICS
ACC:0.786
PREC:0.7868093005392776
REC:0.7915446678378555
TNR:0.7915446678378555
FPR:0.21319069946072233
FPDR:0.21319069946072233
F1:0.7852776740956577
BACC:0.0
CLSFE:0.214
MCC:0.578334582256781
GMEAN:0.790358486090067
SAMPLES:500.0
AUC:{'AUC macro OVO': 0.7868093005392776}
AVGP:{'avg_precision': 0.7425729412191319}


METRICS_PER_CLASSES
CLASS:0
ACC:0.786
PREC:0.854251012145749
REC:0.74822695035461
TNR:0.8348623853211009
FPR:0.145748987854251
FPDR:0.145748987854251
F1:0.7977315689981096
BACC:0
CLSFE:0.145748987854251
MCC:0.578334582256781
GMEAN:0.790358486090067
SAMPLES:247
AUC:{}
AVGP:{}
CLASS:1
ACC:0.786
PREC:0.7193675889328063
REC:0.8348623853211009
TNR:0.74822695035461
FPR:0.28063241106719367
FPDR:0.28063241106719367
F1:0.772823779193206
BACC:0
CLSFE:0.28063241106719367
MCC:0.578334582256781
GMEAN:0.790358486090067
SAMPLES:253
AUC:{}
AVGP:{}
