

GENERAL_METRICS
ACC:0.808
PREC:0.807396265062169
REC:0.8109792621132894
TNR:0.8109792621132894
FPR:0.19260373493783106
FPDR:0.19260373493783106
F1:0.807306302689683
BACC:0.0
CLSFE:0.192
MCC:0.6183651467714344
GMEAN:0.8105099563892056
SAMPLES:500.0
AUC:{'AUC macro OVO': 0.8073962650621689}
AVGP:{'avg_precision': 0.7548650169750004}


METRICS_PER_CLASSES
CLASS:0
ACC:0.808
PREC:0.857707509881423
REC:0.7833935018050542
TNR:0.8385650224215246
FPR:0.1422924901185771
FPDR:0.1422924901185771
F1:0.8188679245283019
BACC:0
CLSFE:0.1422924901185771
MCC:0.6183651467714344
GMEAN:0.8105099563892056
SAMPLES:253
AUC:{}
AVGP:{}
CLASS:1
ACC:0.808
PREC:0.757085020242915
REC:0.8385650224215246
TNR:0.7833935018050542
FPR:0.242914979757085
FPDR:0.242914979757085
F1:0.7957446808510639
BACC:0
CLSFE:0.242914979757085
MCC:0.6183651467714344
GMEAN:0.8105099563892056
SAMPLES:247
AUC:{}
AVGP:{}
