

GENERAL_METRICS
ACC:0.794
PREC:0.7926997245179064
REC:0.7953535353535354
TNR:0.7953535353535354
FPR:0.20730027548209368
FPDR:0.20730027548209368
F1:0.7930987381031774
BACC:0.0
CLSFE:0.206
MCC:0.5880472716827092
GMEAN:0.7952383544598691
SAMPLES:500.0
AUC:{'AUC macro OVO': 0.7926997245179064}
AVGP:{'avg_precision': 0.7283379247015611}


METRICS_PER_CLASSES
CLASS:0
ACC:0.794
PREC:0.8333333333333334
REC:0.7818181818181819
TNR:0.8088888888888889
FPR:0.16666666666666666
FPDR:0.16666666666666666
F1:0.8067542213883677
BACC:0
CLSFE:0.16666666666666666
MCC:0.5880472716827092
GMEAN:0.7952383544598691
SAMPLES:258
AUC:{}
AVGP:{}
CLASS:1
ACC:0.794
PREC:0.7520661157024794
REC:0.8088888888888889
TNR:0.7818181818181819
FPR:0.24793388429752067
FPDR:0.24793388429752067
F1:0.7794432548179872
BACC:0
CLSFE:0.24793388429752067
MCC:0.5880472716827092
GMEAN:0.7952383544598691
SAMPLES:242
AUC:{}
AVGP:{}
