

GENERAL_METRICS
ACC:0.812
PREC:0.8103978473957332
REC:0.8146103896103896
TNR:0.8146103896103896
FPR:0.18960215260426677
FPDR:0.18960215260426677
F1:0.8109078034728592
BACC:0.0
CLSFE:0.188
MCC:0.6249940406224619
GMEAN:0.8143198899185031
SAMPLES:500.0
AUC:{'AUC macro OVO': 0.8103978473957332}
AVGP:{'avg_precision': 0.7519128474830954}


METRICS_PER_CLASSES
CLASS:0
ACC:0.812
PREC:0.8604651162790697
REC:0.7928571428571428
TNR:0.8363636363636363
FPR:0.13953488372093023
FPDR:0.13953488372093023
F1:0.8252788104089219
BACC:0
CLSFE:0.13953488372093023
MCC:0.6249940406224619
GMEAN:0.8143198899185031
SAMPLES:258
AUC:{}
AVGP:{}
CLASS:1
ACC:0.812
PREC:0.7603305785123967
REC:0.8363636363636363
TNR:0.7928571428571428
FPR:0.2396694214876033
FPDR:0.2396694214876033
F1:0.7965367965367965
BACC:0
CLSFE:0.2396694214876033
MCC:0.6249940406224619
GMEAN:0.8143198899185031
SAMPLES:242
AUC:{}
AVGP:{}
