

GENERAL_METRICS
ACC:0.852
PREC:0.8009316430369062
REC:0.8088492451831293
TNR:0.8088492451831293
FPR:0.1990683569630938
FPDR:0.1990683569630938
F1:0.8047328534335353
BACC:0.0
CLSFE:0.148
MCC:0.60972948363571
GMEAN:0.8042688473814812
SAMPLES:1000.0
AUC:{'AUC macro OVO': 0.8009316430369061}
AVGP:{'avg_precision': 0.8804848218569572}


METRICS_PER_CLASSES
CLASS:0
ACC:0.852
PREC:0.694980694980695
REC:0.7228915662650602
TNR:0.8948069241011984
FPR:0.305019305019305
FPDR:0.305019305019305
F1:0.7086614173228346
BACC:0
CLSFE:0.305019305019305
MCC:0.60972948363571
GMEAN:0.8042688473814812
SAMPLES:259
AUC:{}
AVGP:{}
CLASS:1
ACC:0.852
PREC:0.9068825910931174
REC:0.8948069241011984
TNR:0.7228915662650602
FPR:0.0931174089068826
FPDR:0.0931174089068826
F1:0.900804289544236
BACC:0
CLSFE:0.0931174089068826
MCC:0.60972948363571
GMEAN:0.8042688473814812
SAMPLES:741
AUC:{}
AVGP:{}
