

GENERAL_METRICS
ACC:0.841
PREC:0.7845153212800271
REC:0.7899310717664549
TNR:0.7899310717664549
FPR:0.21548467871997284
FPDR:0.21548467871997284
F1:0.7871460298718458
BACC:0.0
CLSFE:0.159
MCC:0.5744208632446963
GMEAN:0.7835585805769963
SAMPLES:1000.0
AUC:{'AUC macro OVO': 0.7845153212800272}
AVGP:{'avg_precision': 0.8756316889187945}


METRICS_PER_CLASSES
CLASS:0
ACC:0.841
PREC:0.6706349206349206
REC:0.689795918367347
TNR:0.8900662251655629
FPR:0.32936507936507936
FPDR:0.32936507936507936
F1:0.6800804828973843
BACC:0
CLSFE:0.32936507936507936
MCC:0.5744208632446963
GMEAN:0.7835585805769963
SAMPLES:252
AUC:{}
AVGP:{}
CLASS:1
ACC:0.841
PREC:0.8983957219251337
REC:0.8900662251655629
TNR:0.689795918367347
FPR:0.10160427807486631
FPDR:0.10160427807486631
F1:0.8942115768463074
BACC:0
CLSFE:0.10160427807486631
MCC:0.5744208632446963
GMEAN:0.7835585805769963
SAMPLES:748
AUC:{}
AVGP:{}
