

GENERAL_METRICS
ACC:0.847
PREC:0.7939602306350844
REC:0.800982326698696
TNR:0.800982326698696
FPR:0.2060397693649156
FPDR:0.2060397693649156
F1:0.7973442829232755
BACC:0.0
CLSFE:0.153
MCC:0.5949011150550416
GMEAN:0.795761334558664
SAMPLES:1000.0
AUC:{'AUC macro OVO': 0.7939602306350845}
AVGP:{'avg_precision': 0.8778206380115117}


METRICS_PER_CLASSES
CLASS:0
ACC:0.847
PREC:0.6848249027237354
REC:0.7096774193548387
TNR:0.8922872340425532
FPR:0.3151750972762646
FPDR:0.3151750972762646
F1:0.697029702970297
BACC:0
CLSFE:0.3151750972762646
MCC:0.5949011150550416
GMEAN:0.795761334558664
SAMPLES:257
AUC:{}
AVGP:{}
CLASS:1
ACC:0.847
PREC:0.9030955585464334
REC:0.8922872340425532
TNR:0.7096774193548387
FPR:0.09690444145356662
FPDR:0.09690444145356662
F1:0.8976588628762542
BACC:0
CLSFE:0.09690444145356662
MCC:0.5949011150550416
GMEAN:0.795761334558664
SAMPLES:743
AUC:{}
AVGP:{}
