

GENERAL_METRICS
ACC:0.845
PREC:0.782075529085168
REC:0.7862787356321839
TNR:0.7862787356321839
FPR:0.21792447091483208
FPDR:0.21792447091483208
F1:0.7841342879704305
BACC:0.0
CLSFE:0.155
MCC:0.568338722310142
GMEAN:0.7786090419651477
SAMPLES:1000.0
AUC:{'AUC macro OVO': 0.782075529085168}
AVGP:{'avg_precision': 0.8827763215377895}


METRICS_PER_CLASSES
CLASS:0
ACC:0.845
PREC:0.6624472573839663
REC:0.6767241379310345
TNR:0.8958333333333334
FPR:0.33755274261603374
FPDR:0.33755274261603374
F1:0.6695095948827292
BACC:0
CLSFE:0.33755274261603374
MCC:0.568338722310142
GMEAN:0.7786090419651477
SAMPLES:237
AUC:{}
AVGP:{}
CLASS:1
ACC:0.845
PREC:0.9017038007863696
REC:0.8958333333333334
TNR:0.6767241379310345
FPR:0.0982961992136304
FPDR:0.0982961992136304
F1:0.8987589810581319
BACC:0
CLSFE:0.0982961992136304
MCC:0.568338722310142
GMEAN:0.7786090419651477
SAMPLES:763
AUC:{}
AVGP:{}
