

GENERAL_METRICS
ACC:0.9571929824561404
PREC:0.9505323073679772
REC:0.9575702167201223
TNR:0.9575702167201223
FPR:0.04946769263202277
FPDR:0.04946769263202277
F1:0.9538411050734161
BACC:0.0
CLSFE:0.04280701754385965
MCC:0.9080752513350027
GMEAN:0.9575692876649899
SAMPLES:2850.0
AUC:0.9505323073679773
AVGP:0.9485363360113546


METRICS_PER_CLASSES

======>> CLASS:0
ACC:0.9571929824561404
PREC:0.9245283018867925
REC:0.958904109589041
TNR:0.9562363238512035
FPR:0.07547169811320754
FPDR:0.07547169811320754
F1:0.9414024975984631
BACC:0
CLSFE:0.07547169811320754
MCC:0.9080752513350027
GMEAN:0.9575692876649899
SAMPLES:1060
AUC:0.9505323073679773
AVGP:0.9485363360113546

======>> CLASS:1
ACC:0.9571929824561404
PREC:0.976536312849162
REC:0.9562363238512035
TNR:0.958904109589041
FPR:0.02346368715083799
FPDR:0.02346368715083799
F1:0.9662797125483693
BACC:0
CLSFE:0.02346368715083799
MCC:0.9080752513350027
GMEAN:0.9575692876649899
SAMPLES:1790
AUC:{}
AVGP:{}
