

GENERAL_METRICS
ACC:0.8724
PREC:0.6002079655486011
REC:0.6385842864442086
TNR:0.6385842864442086
FPR:0.39979203445139894
FPDR:0.39979203445139894
F1:0.6143570400996143
BACC:0.0
CLSFE:0.1276
MCC:0.2356883484738159
GMEAN:0.5763623258308184
SAMPLES:2500.0
AUC:{'AUC macro OVO': 0.600207965548601}
AVGP:{'avg_precision': 0.912426862970246}


METRICS_PER_CLASSES
CLASS:0
ACC:0.8724
PREC:0.2537313432835821
REC:0.36363636363636365
TNR:0.9135322092520536
FPR:0.746268656716418
FPDR:0.746268656716418
F1:0.2989010989010989
BACC:0
CLSFE:0.746268656716418
MCC:0.2356883484738159
GMEAN:0.5763623258308184
SAMPLES:268
AUC:{}
AVGP:{}
CLASS:1
ACC:0.8724
PREC:0.9466845878136201
REC:0.9135322092520536
TNR:0.36363636363636365
FPR:0.053315412186379925
FPDR:0.053315412186379925
F1:0.9298129812981298
BACC:0
CLSFE:0.053315412186379925
MCC:0.2356883484738159
GMEAN:0.5763623258308184
SAMPLES:2232
AUC:{}
AVGP:{}
