

GENERAL_METRICS
ACC:0.8768
PREC:0.6003222482694714
REC:0.6389607279693487
TNR:0.6389607279693487
FPR:0.39967775173052855
FPDR:0.39967775173052855
F1:0.6146447024156272
BACC:0.0
CLSFE:0.1232
MCC:0.2361427758882112
GMEAN:0.5753871759944347
SAMPLES:2500.0
AUC:{'AUC macro OVO': 0.6003222482694714}
AVGP:{'avg_precision': 0.9157839444461533}


METRICS_PER_CLASSES
CLASS:0
ACC:0.8768
PREC:0.25193798449612403
REC:0.3611111111111111
TNR:0.9168103448275862
FPR:0.748062015503876
FPDR:0.748062015503876
F1:0.2968036529680365
BACC:0
CLSFE:0.748062015503876
MCC:0.2361427758882112
GMEAN:0.5753871759944347
SAMPLES:258
AUC:{}
AVGP:{}
CLASS:1
ACC:0.8768
PREC:0.9487065120428189
REC:0.9168103448275862
TNR:0.3611111111111111
FPR:0.05129348795718109
FPDR:0.05129348795718109
F1:0.9324857518632179
BACC:0
CLSFE:0.05129348795718109
MCC:0.2361427758882112
GMEAN:0.5753871759944347
SAMPLES:2242
AUC:{}
AVGP:{}
