

GENERAL_METRICS
ACC:0.874
PREC:0.6022602101338757
REC:0.6288836976472552
TNR:0.6288836976472552
FPR:0.3977397898661244
FPDR:0.3977397898661244
F1:0.6130584303881061
BACC:0.0
CLSFE:0.126
MCC:0.22960552261859207
GMEAN:0.5578079191087112
SAMPLES:2500.0
AUC:{'AUC macro OVO': 0.6022602101338757}
AVGP:{'avg_precision': 0.9181520954755638}


METRICS_PER_CLASSES
CLASS:0
ACC:0.874
PREC:0.2619047619047619
REC:0.3384615384615385
TNR:0.9193058568329718
FPR:0.7380952380952381
FPDR:0.7380952380952381
F1:0.2953020134228188
BACC:0
CLSFE:0.7380952380952381
MCC:0.22960552261859207
GMEAN:0.5578079191087112
SAMPLES:252
AUC:{}
AVGP:{}
CLASS:1
ACC:0.874
PREC:0.9426156583629893
REC:0.9193058568329718
TNR:0.3384615384615385
FPR:0.05738434163701068
FPDR:0.05738434163701068
F1:0.9308148473533934
BACC:0
CLSFE:0.05738434163701068
MCC:0.22960552261859207
GMEAN:0.5578079191087112
SAMPLES:2248
AUC:{}
AVGP:{}
