

GENERAL_METRICS
ACC:0.8792
PREC:0.6254931322673801
REC:0.6612397056992918
TNR:0.6612397056992918
FPR:0.3745068677326199
FPDR:0.3745068677326199
F1:0.6398856028648889
BACC:0.0
CLSFE:0.1208
MCC:0.2844958749372276
GMEAN:0.6083074338930758
SAMPLES:2500.0
AUC:{'AUC macro OVO': 0.62549313226738}
AVGP:{'avg_precision': 0.9191038475234864}


METRICS_PER_CLASSES
CLASS:0
ACC:0.8792
PREC:0.3041825095057034
REC:0.4020100502512563
TNR:0.9204693611473272
FPR:0.6958174904942965
FPDR:0.6958174904942965
F1:0.3463203463203463
BACC:0
CLSFE:0.6958174904942965
MCC:0.2844958749372276
GMEAN:0.6083074338930758
SAMPLES:263
AUC:{}
AVGP:{}
CLASS:1
ACC:0.8792
PREC:0.9468037550290568
REC:0.9204693611473272
TNR:0.4020100502512563
FPR:0.053196244970943225
FPDR:0.053196244970943225
F1:0.9334508594094315
BACC:0
CLSFE:0.053196244970943225
MCC:0.2844958749372276
GMEAN:0.6083074338930758
SAMPLES:2237
AUC:{}
AVGP:{}
