

GENERAL_METRICS
ACC:0.92775
PREC:0.57860755559323
REC:0.6287009622501851
TNR:0.6287009622501851
FPR:0.42139244440677004
FPDR:0.42139244440677004
F1:0.5957158469945355
BACC:0.0
CLSFE:0.07225
MCC:0.20116528572279668
GMEAN:0.5402455783938387
SAMPLES:4000.0
AUC:{'AUC macro OVO': 0.57860755559323}
AVGP:{'avg_precision': 0.95002696123967}


METRICS_PER_CLASSES
CLASS:0
ACC:0.92775
PREC:0.1829787234042553
REC:0.30714285714285716
TNR:0.950259067357513
FPR:0.8170212765957446
FPDR:0.8170212765957446
F1:0.22933333333333333
BACC:0
CLSFE:0.8170212765957446
MCC:0.20116528572279668
GMEAN:0.5402455783938387
SAMPLES:235
AUC:{}
AVGP:{}
CLASS:1
ACC:0.92775
PREC:0.9742363877822046
REC:0.950259067357513
TNR:0.30714285714285716
FPR:0.025763612217795485
FPDR:0.025763612217795485
F1:0.9620983606557377
BACC:0
CLSFE:0.025763612217795485
MCC:0.20116528572279668
GMEAN:0.5402455783938387
SAMPLES:3765
AUC:{}
AVGP:{}
