

GENERAL_METRICS
ACC:0.92775
PREC:0.5865300712313397
REC:0.651642912360495
TNR:0.651642912360495
FPR:0.41346992876866034
FPDR:0.41346992876866034
F1:0.6076342961566829
BACC:0.0
CLSFE:0.07225
MCC:0.2290997338128653
GMEAN:0.5802451673658152
SAMPLES:4000.0
AUC:{'AUC macro OVO': 0.5865300712313397}
AVGP:{'avg_precision': 0.9479650967233871}


METRICS_PER_CLASSES
CLASS:0
ACC:0.92775
PREC:0.19678714859437751
REC:0.35507246376811596
TNR:0.9482133609528741
FPR:0.8032128514056225
FPDR:0.8032128514056225
F1:0.2532299741602067
BACC:0
CLSFE:0.8032128514056225
MCC:0.2290997338128653
GMEAN:0.5802451673658152
SAMPLES:249
AUC:{}
AVGP:{}
CLASS:1
ACC:0.92775
PREC:0.9762729938683018
REC:0.9482133609528741
TNR:0.35507246376811596
FPR:0.023727006131698213
FPDR:0.023727006131698213
F1:0.962038618153159
BACC:0
CLSFE:0.023727006131698213
MCC:0.2290997338128653
GMEAN:0.5802451673658152
SAMPLES:3751
AUC:{}
AVGP:{}
