

GENERAL_METRICS
ACC:0.9275
PREC:0.5848067243374264
REC:0.6234040275845196
TNR:0.6234040275845196
FPR:0.4151932756625735
FPDR:0.4151932756625735
F1:0.5993921812405029
BACC:0.0
CLSFE:0.0725
MCC:0.2046019682162274
GMEAN:0.5293421022447459
SAMPLES:4000.0
AUC:{'AUC macro OVO': 0.5848067243374264}
AVGP:{'avg_precision': 0.9524201817450149}


METRICS_PER_CLASSES
CLASS:0
ACC:0.9275
PREC:0.19823788546255505
REC:0.29411764705882354
TNR:0.9526904081102158
FPR:0.801762114537445
FPDR:0.801762114537445
F1:0.23684210526315788
BACC:0
CLSFE:0.801762114537445
MCC:0.2046019682162274
GMEAN:0.5293421022447459
SAMPLES:227
AUC:{}
AVGP:{}
CLASS:1
ACC:0.9275
PREC:0.9713755632122979
REC:0.9526904081102158
TNR:0.29411764705882354
FPR:0.028624436787702094
FPDR:0.028624436787702094
F1:0.9619422572178478
BACC:0
CLSFE:0.028624436787702094
MCC:0.2046019682162274
GMEAN:0.5293421022447459
SAMPLES:3773
AUC:{}
AVGP:{}
