

GENERAL_METRICS
ACC:0.9265
PREC:0.563215961213912
REC:0.6155252088454086
TNR:0.6155252088454086
FPR:0.436784038786088
FPDR:0.436784038786088
F1:0.5791046955595545
BACC:0.0
CLSFE:0.0735
MCC:0.1709156180294877
GMEAN:0.5182731063969416
SAMPLES:4000.0
AUC:{'AUC macro OVO': 0.5632159612139119}
AVGP:{'avg_precision': 0.9474083547714379}


METRICS_PER_CLASSES
CLASS:0
ACC:0.9265
PREC:0.1506276150627615
REC:0.28346456692913385
TNR:0.9475858507616834
FPR:0.8493723849372385
FPDR:0.8493723849372385
F1:0.19672131147540983
BACC:0
CLSFE:0.8493723849372385
MCC:0.1709156180294877
GMEAN:0.5182731063969416
SAMPLES:239
AUC:{}
AVGP:{}
CLASS:1
ACC:0.9265
PREC:0.9758043073650625
REC:0.9475858507616834
TNR:0.28346456692913385
FPR:0.024195692634937517
FPDR:0.024195692634937517
F1:0.9614880796436992
BACC:0
CLSFE:0.024195692634937517
MCC:0.1709156180294877
GMEAN:0.5182731063969416
SAMPLES:3761
AUC:{}
AVGP:{}
