

GENERAL_METRICS
ACC:0.871
PREC:0.5984708147179543
REC:0.68646399339707
TNR:0.68646399339707
FPR:0.40152918528204573
FPDR:0.40152918528204573
F1:0.621318867126955
BACC:0.0
CLSFE:0.129
MCC:0.27100746370070866
GMEAN:0.6533423408291434
SAMPLES:2000.0
AUC:{'AUC macro OVO': 0.5984708147179543}
AVGP:{'avg_precision': 0.8962617526945202}


METRICS_PER_CLASSES
CLASS:0
ACC:0.871
PREC:0.23412698412698413
REC:0.47580645161290325
TNR:0.8971215351812367
FPR:0.7658730158730159
FPDR:0.7658730158730159
F1:0.31382978723404253
BACC:0
CLSFE:0.7658730158730159
MCC:0.27100746370070866
GMEAN:0.6533423408291434
SAMPLES:252
AUC:{}
AVGP:{}
CLASS:1
ACC:0.871
PREC:0.9628146453089245
REC:0.8971215351812367
TNR:0.47580645161290325
FPR:0.03718535469107551
FPDR:0.03718535469107551
F1:0.9288079470198676
BACC:0
CLSFE:0.03718535469107551
MCC:0.27100746370070866
GMEAN:0.6533423408291434
SAMPLES:1748
AUC:{}
AVGP:{}
