

GENERAL_METRICS
ACC:0.864
PREC:0.5612176766279724
REC:0.6214058716707022
TNR:0.6214058716707022
FPR:0.4387823233720276
FPDR:0.4387823233720276
F1:0.5741682974559688
BACC:0.0
CLSFE:0.136
MCC:0.1724202469859519
GMEAN:0.5581322555716011
SAMPLES:2000.0
AUC:{'AUC macro OVO': 0.5612176766279724}
AVGP:{'avg_precision': 0.894034112333827}


METRICS_PER_CLASSES
CLASS:0
ACC:0.864
PREC:0.1638655462184874
REC:0.3482142857142857
TNR:0.8945974576271186
FPR:0.8361344537815126
FPDR:0.8361344537815126
F1:0.22285714285714286
BACC:0
CLSFE:0.8361344537815126
MCC:0.1724202469859519
GMEAN:0.5581322555716011
SAMPLES:238
AUC:{}
AVGP:{}
CLASS:1
ACC:0.864
PREC:0.9585698070374574
REC:0.8945974576271186
TNR:0.3482142857142857
FPR:0.041430192962542564
FPDR:0.041430192962542564
F1:0.9254794520547945
BACC:0
CLSFE:0.041430192962542564
MCC:0.1724202469859519
GMEAN:0.5581322555716011
SAMPLES:1762
AUC:{}
AVGP:{}
