

GENERAL_METRICS
ACC:0.877
PREC:0.5976172930483911
REC:0.6708336199188389
TNR:0.6708336199188389
FPR:0.40238270695160894
FPDR:0.40238270695160894
F1:0.6188067722231003
BACC:0.0
CLSFE:0.123
MCC:0.2582736187699763
GMEAN:0.6281944295216799
SAMPLES:2000.0
AUC:{'AUC macro OVO': 0.5976172930483911}
AVGP:{'avg_precision': 0.9053456085191476}


METRICS_PER_CLASSES
CLASS:0
ACC:0.877
PREC:0.23478260869565218
REC:0.43548387096774194
TNR:0.906183368869936
FPR:0.7652173913043478
FPDR:0.7652173913043478
F1:0.3050847457627119
BACC:0
CLSFE:0.7652173913043478
MCC:0.2582736187699763
GMEAN:0.6281944295216799
SAMPLES:230
AUC:{}
AVGP:{}
CLASS:1
ACC:0.877
PREC:0.96045197740113
REC:0.906183368869936
TNR:0.43548387096774194
FPR:0.03954802259887006
FPDR:0.03954802259887006
F1:0.9325287986834887
BACC:0
CLSFE:0.03954802259887006
MCC:0.2582736187699763
GMEAN:0.6281944295216799
SAMPLES:1770
AUC:{}
AVGP:{}
