

GENERAL_METRICS
ACC:0.8565
PREC:0.5667532037118869
REC:0.620169539979864
TNR:0.620169539979864
FPR:0.43324679628811313
FPDR:0.43324679628811313
F1:0.579755335606364
BACC:0.0
CLSFE:0.1435
MCC:0.17912790717517577
GMEAN:0.5576638993586828
SAMPLES:2000.0
AUC:{'AUC macro OVO': 0.5667532037118869}
AVGP:{'avg_precision': 0.8907586302834174}


METRICS_PER_CLASSES
CLASS:0
ACC:0.8565
PREC:0.1814516129032258
REC:0.3488372093023256
TNR:0.8915018706574025
FPR:0.8185483870967742
FPDR:0.8185483870967742
F1:0.23872679045092837
BACC:0
CLSFE:0.8185483870967742
MCC:0.17912790717517577
GMEAN:0.5576638993586828
SAMPLES:248
AUC:{}
AVGP:{}
CLASS:1
ACC:0.8565
PREC:0.952054794520548
REC:0.8915018706574025
TNR:0.3488372093023256
FPR:0.04794520547945205
FPDR:0.04794520547945205
F1:0.9207838807617996
BACC:0
CLSFE:0.04794520547945205
MCC:0.17912790717517577
GMEAN:0.5576638993586828
SAMPLES:1752
AUC:{}
AVGP:{}
