

GENERAL_METRICS
ACC:0.8911111111111111
PREC:0.6633368915784785
REC:0.7342857142857143
TNR:0.7342857142857143
FPR:0.3366631084215215
FPDR:0.3366631084215215
F1:0.6895294984993222
BACC:0.0
CLSFE:0.10888888888888888
MCC:0.3912416149270019
GMEAN:0.7104123551049167
SAMPLES:2250.0
AUC:{'AUC macro OVO': 0.6633368915784785}
AVGP:{'avg_precision': 0.9185517549742902}


METRICS_PER_CLASSES
CLASS:0
ACC:0.8911111111111111
PREC:0.366412213740458
REC:0.5485714285714286
TNR:0.92
FPR:0.6335877862595419
FPDR:0.6335877862595419
F1:0.43935926773455375
BACC:0
CLSFE:0.6335877862595419
MCC:0.3912416149270019
GMEAN:0.7104123551049167
SAMPLES:262
AUC:{}
AVGP:{}
CLASS:1
ACC:0.8911111111111111
PREC:0.960261569416499
REC:0.92
TNR:0.5485714285714286
FPR:0.039738430583501
FPDR:0.039738430583501
F1:0.9396997292640906
BACC:0
CLSFE:0.039738430583501
MCC:0.3912416149270019
GMEAN:0.7104123551049167
SAMPLES:1988
AUC:{}
AVGP:{}
