

GENERAL_METRICS
ACC:0.892
PREC:0.6567218145346387
REC:0.7048331068642062
TNR:0.7048331068642062
FPR:0.34327818546536126
FPDR:0.34327818546536126
F1:0.676082730869923
BACC:0.0
CLSFE:0.108
MCC:0.35833959415351224
GMEAN:0.6689989630176036
SAMPLES:2250.0
AUC:{'AUC macro OVO': 0.6567218145346387}
AVGP:{'avg_precision': 0.9252630368052852}


METRICS_PER_CLASSES
CLASS:0
ACC:0.892
PREC:0.35864978902953587
REC:0.48295454545454547
TNR:0.926711668273867
FPR:0.6413502109704642
FPDR:0.6413502109704642
F1:0.4116222760290557
BACC:0
CLSFE:0.6413502109704642
MCC:0.35833959415351224
GMEAN:0.6689989630176036
SAMPLES:237
AUC:{}
AVGP:{}
CLASS:1
ACC:0.892
PREC:0.9547938400397417
REC:0.926711668273867
TNR:0.48295454545454547
FPR:0.04520615996025832
FPDR:0.04520615996025832
F1:0.9405431857107903
BACC:0
CLSFE:0.04520615996025832
MCC:0.35833959415351224
GMEAN:0.6689989630176036
SAMPLES:2013
AUC:{}
AVGP:{}
