

GENERAL_METRICS
ACC:0.9004444444444445
PREC:0.6759782129022768
REC:0.7435944570135746
TNR:0.7435944570135746
FPR:0.3240217870977232
FPDR:0.3240217870977232
F1:0.7020579284513396
BACC:0.0
CLSFE:0.09955555555555555
MCC:0.4140884795217049
GMEAN:0.7202724629016992
SAMPLES:2250.0
AUC:{'AUC macro OVO': 0.6759782129022768}
AVGP:{'avg_precision': 0.9269891447452514}


METRICS_PER_CLASSES
CLASS:0
ACC:0.9004444444444445
PREC:0.38934426229508196
REC:0.5588235294117647
TNR:0.9283653846153846
FPR:0.610655737704918
FPDR:0.610655737704918
F1:0.45893719806763283
BACC:0
CLSFE:0.610655737704918
MCC:0.4140884795217049
GMEAN:0.7202724629016992
SAMPLES:244
AUC:{}
AVGP:{}
CLASS:1
ACC:0.9004444444444445
PREC:0.9626121635094715
REC:0.9283653846153846
TNR:0.5588235294117647
FPR:0.03738783649052842
FPDR:0.03738783649052842
F1:0.9451786588350465
BACC:0
CLSFE:0.03738783649052842
MCC:0.4140884795217049
GMEAN:0.7202724629016992
SAMPLES:2006
AUC:{}
AVGP:{}
