

GENERAL_METRICS
ACC:0.8817777777777778
PREC:0.6526060744810744
REC:0.6740190864789604
TNR:0.6740190864789604
FPR:0.3473939255189255
FPDR:0.3473939255189255
F1:0.6622277504876111
BACC:0.0
CLSFE:0.11822222222222223
MCC:0.3259225041161581
GMEAN:0.6246421469341347
SAMPLES:2250.0
AUC:{'AUC macro OVO': 0.6526060744810744}
AVGP:{'avg_precision': 0.9254327043805803}


METRICS_PER_CLASSES
CLASS:0
ACC:0.8817777777777778
PREC:0.36324786324786323
REC:0.4207920792079208
TNR:0.92724609375
FPR:0.6367521367521367
FPDR:0.6367521367521367
F1:0.38990825688073394
BACC:0
CLSFE:0.6367521367521367
MCC:0.3259225041161581
GMEAN:0.6246421469341347
SAMPLES:234
AUC:{}
AVGP:{}
CLASS:1
ACC:0.8817777777777778
PREC:0.9419642857142857
REC:0.92724609375
TNR:0.4207920792079208
FPR:0.05803571428571429
FPDR:0.05803571428571429
F1:0.9345472440944882
BACC:0
CLSFE:0.05803571428571429
MCC:0.3259225041161581
GMEAN:0.6246421469341347
SAMPLES:2016
AUC:{}
AVGP:{}
