

GENERAL_METRICS
ACC:0.9125714285714286
PREC:0.5474514530905893
REC:0.5904143524704422
TNR:0.5904143524704422
FPR:0.4525485469094107
FPDR:0.4525485469094107
F1:0.5589042043719142
BACC:0.0
CLSFE:0.08742857142857142
MCC:0.13100064740247952
GMEAN:0.4780361926078896
SAMPLES:3500.0
AUC:{'AUC macro OVO': 0.5474514530905893}
AVGP:{'avg_precision': 0.9367448106284709}


METRICS_PER_CLASSES
CLASS:0
ACC:0.9125714285714286
PREC:0.12345679012345678
REC:0.24390243902439024
TNR:0.936926265916494
FPR:0.8765432098765432
FPDR:0.8765432098765432
F1:0.16393442622950818
BACC:0
CLSFE:0.8765432098765432
MCC:0.13100064740247952
GMEAN:0.4780361926078896
SAMPLES:243
AUC:{}
AVGP:{}
CLASS:1
ACC:0.9125714285714286
PREC:0.9714461160577218
REC:0.936926265916494
TNR:0.24390243902439024
FPR:0.02855388394227817
FPDR:0.02855388394227817
F1:0.9538739825143202
BACC:0
CLSFE:0.02855388394227817
MCC:0.13100064740247952
GMEAN:0.4780361926078896
SAMPLES:3257
AUC:{}
AVGP:{}
