

GENERAL_METRICS
ACC:0.906
PREC:0.5288524581750342
REC:0.5498554464752884
TNR:0.5498554464752884
FPR:0.47114754182496577
FPDR:0.47114754182496577
F1:0.5341585382085069
BACC:0.0
CLSFE:0.094
MCC:0.07585386435049746
GMEAN:0.39191168806483695
SAMPLES:3500.0
AUC:{'AUC macro OVO': 0.5288524581750342}
AVGP:{'avg_precision': 0.9354006752227435}


METRICS_PER_CLASSES
CLASS:0
ACC:0.906
PREC:0.09205020920502092
REC:0.16417910447761194
TNR:0.9355317884729649
FPR:0.9079497907949791
FPDR:0.9079497907949791
F1:0.11796246648793565
BACC:0
CLSFE:0.9079497907949791
MCC:0.07585386435049746
GMEAN:0.39191168806483695
SAMPLES:239
AUC:{}
AVGP:{}
CLASS:1
ACC:0.906
PREC:0.9656547071450475
REC:0.9355317884729649
TNR:0.16417910447761194
FPR:0.03434529285495247
FPDR:0.03434529285495247
F1:0.950354609929078
BACC:0
CLSFE:0.03434529285495247
MCC:0.07585386435049746
GMEAN:0.39191168806483695
SAMPLES:3261
AUC:{}
AVGP:{}
