

GENERAL_METRICS
ACC:0.9145714285714286
PREC:0.5308242314652544
REC:0.5507640123822697
TNR:0.5507640123822697
FPR:0.46917576853474563
FPDR:0.46917576853474563
F1:0.5365529726816467
BACC:0.0
CLSFE:0.08542857142857142
MCC:0.07911413698641015
GMEAN:0.38684681067069965
SAMPLES:3500.0
AUC:{'AUC macro OVO': 0.5308242314652544}
AVGP:{'avg_precision': 0.9426799983913925}


METRICS_PER_CLASSES
CLASS:0
ACC:0.9145714285714286
PREC:0.09389671361502347
REC:0.15873015873015872
TNR:0.9427978660343805
FPR:0.9061032863849765
FPDR:0.9061032863849765
F1:0.11799410029498525
BACC:0
CLSFE:0.9061032863849765
MCC:0.07911413698641015
GMEAN:0.38684681067069965
SAMPLES:213
AUC:{}
AVGP:{}
CLASS:1
ACC:0.9145714285714286
PREC:0.9677517493154852
REC:0.9427978660343805
TNR:0.15873015873015872
FPR:0.032248250684514757
FPDR:0.032248250684514757
F1:0.955111845068308
BACC:0
CLSFE:0.032248250684514757
MCC:0.07911413698641015
GMEAN:0.38684681067069965
SAMPLES:3287
AUC:{}
AVGP:{}
