

GENERAL_METRICS
ACC:0.9074285714285715
PREC:0.5399558899060395
REC:0.5783703703703704
TNR:0.5783703703703704
FPR:0.4600441100939605
FPDR:0.4600441100939605
F1:0.5492129114326602
BACC:0.0
CLSFE:0.09257142857142857
MCC:0.11191707448667616
GMEAN:0.45709290732402086
SAMPLES:3500.0
AUC:{'AUC macro OVO': 0.5399558899060395}
AVGP:{'avg_precision': 0.9325734080106961}


METRICS_PER_CLASSES
CLASS:0
ACC:0.9074285714285715
PREC:0.10980392156862745
REC:0.224
TNR:0.9327407407407408
FPR:0.8901960784313725
FPDR:0.8901960784313725
F1:0.14736842105263157
BACC:0
CLSFE:0.8901960784313725
MCC:0.11191707448667616
GMEAN:0.45709290732402086
SAMPLES:255
AUC:{}
AVGP:{}
CLASS:1
ACC:0.9074285714285715
PREC:0.9701078582434515
REC:0.9327407407407408
TNR:0.224
FPR:0.029892141756548536
FPDR:0.029892141756548536
F1:0.9510574018126888
BACC:0
CLSFE:0.029892141756548536
MCC:0.11191707448667616
GMEAN:0.45709290732402086
SAMPLES:3245
AUC:{}
AVGP:{}
