

GENERAL_METRICS
ACC:0.9473684210526315
PREC:0.9388637082323179
REC:0.948073611708997
TNR:0.948073611708997
FPR:0.061136291767682094
FPDR:0.061136291767682094
F1:0.9431069589172356
BACC:0.0
CLSFE:0.05263157894736842
MCC:0.8868895011119664
GMEAN:0.9480705194540869
SAMPLES:2850.0
AUC:0.9388637082323179
AVGP:0.9367811683690646


METRICS_PER_CLASSES

======>> CLASS:0
ACC:0.9473684210526315
PREC:0.9056603773584906
REC:0.9504950495049505
TNR:0.9456521739130435
FPR:0.09433962264150944
FPDR:0.09433962264150944
F1:0.927536231884058
BACC:0
CLSFE:0.09433962264150944
MCC:0.8868895011119664
GMEAN:0.9480705194540869
SAMPLES:1060
AUC:0.9388637082323179
AVGP:0.9367811683690646

======>> CLASS:1
ACC:0.9473684210526315
PREC:0.9720670391061452
REC:0.9456521739130435
TNR:0.9504950495049505
FPR:0.027932960893854747
FPDR:0.027932960893854747
F1:0.9586776859504132
BACC:0
CLSFE:0.027932960893854747
MCC:0.8868895011119664
GMEAN:0.9480705194540869
SAMPLES:1790
AUC:{}
AVGP:{}
