

GENERAL_METRICS
ACC:0.8976
PREC:0.5579958659640747
REC:0.5638568089354015
TNR:0.5638568089354015
FPR:0.44200413403592537
FPDR:0.44200413403592537
F1:0.5606868417166894
BACC:0.0
CLSFE:0.1024
MCC:0.12171164170959269
GMEAN:0.41808615606865324
SAMPLES:3750.0
AUC:{'AUC macro OVO': 0.5579958659640747}
AVGP:{'avg_precision': 0.9418067263339545}


METRICS_PER_CLASSES
CLASS:0
ACC:0.8976
PREC:0.1673469387755102
REC:0.18552036199095023
TNR:0.9421932558798527
FPR:0.8326530612244898
FPDR:0.8326530612244898
F1:0.1759656652360515
BACC:0
CLSFE:0.8326530612244898
MCC:0.12171164170959269
GMEAN:0.41808615606865324
SAMPLES:245
AUC:{}
AVGP:{}
CLASS:1
ACC:0.8976
PREC:0.948644793152639
REC:0.9421932558798527
TNR:0.18552036199095023
FPR:0.05135520684736091
FPDR:0.05135520684736091
F1:0.9454080181973272
BACC:0
CLSFE:0.05135520684736091
MCC:0.12171164170959269
GMEAN:0.41808615606865324
SAMPLES:3505
AUC:{}
AVGP:{}
