

GENERAL_METRICS
ACC:0.9005333333333333
PREC:0.5597863260797191
REC:0.5641383627541638
TNR:0.5641383627541638
FPR:0.4402136739202809
FPDR:0.4402136739202809
F1:0.5618350582700637
BACC:0.0
CLSFE:0.09946666666666666
MCC:0.12384824697733508
GMEAN:0.4163604840233841
SAMPLES:3750.0
AUC:{'AUC macro OVO': 0.5597863260797191}
AVGP:{'avg_precision': 0.9444128558671326}


METRICS_PER_CLASSES
CLASS:0
ACC:0.9005333333333333
PREC:0.1702127659574468
REC:0.1834862385321101
TNR:0.9447904869762175
FPR:0.8297872340425532
FPDR:0.8297872340425532
F1:0.17660044150110377
BACC:0
CLSFE:0.8297872340425532
MCC:0.12384824697733508
GMEAN:0.4163604840233841
SAMPLES:235
AUC:{}
AVGP:{}
CLASS:1
ACC:0.9005333333333333
PREC:0.9493598862019914
REC:0.9447904869762175
TNR:0.1834862385321101
FPR:0.050640113798008535
FPDR:0.050640113798008535
F1:0.9470696750390237
BACC:0
CLSFE:0.050640113798008535
MCC:0.12384824697733508
GMEAN:0.4163604840233841
SAMPLES:3515
AUC:{}
AVGP:{}
