

GENERAL_METRICS
ACC:0.9069333333333334
PREC:0.5719926586927804
REC:0.5902946087924577
TNR:0.5902946087924577
FPR:0.4280073413072196
FPDR:0.4280073413072196
F1:0.5795881746947256
BACC:0.0
CLSFE:0.09306666666666667
MCC:0.1612519637411406
GMEAN:0.4729807188266308
SAMPLES:3750.0
AUC:{'AUC macro OVO': 0.5719926586927804}
AVGP:{'avg_precision': 0.9430811003177842}


METRICS_PER_CLASSES
CLASS:0
ACC:0.9069333333333334
PREC:0.1862348178137652
REC:0.23711340206185566
TNR:0.9434758155230596
FPR:0.8137651821862348
FPDR:0.8137651821862348
F1:0.20861678004535147
BACC:0
CLSFE:0.8137651821862348
MCC:0.1612519637411406
GMEAN:0.4729807188266308
SAMPLES:247
AUC:{}
AVGP:{}
CLASS:1
ACC:0.9069333333333334
PREC:0.9577504995717956
REC:0.9434758155230596
TNR:0.23711340206185566
FPR:0.0422495004282044
FPDR:0.0422495004282044
F1:0.9505595693440997
BACC:0
CLSFE:0.0422495004282044
MCC:0.1612519637411406
GMEAN:0.4729807188266308
SAMPLES:3503
AUC:{}
AVGP:{}
