

GENERAL_METRICS
ACC:0.8893333333333333
PREC:0.6805566221758029
REC:0.7283458257759519
TNR:0.7283458257759519
FPR:0.31944337782419713
FPDR:0.31944337782419713
F1:0.7002617794044398
BACC:0.0
CLSFE:0.11066666666666666
MCC:0.40610023880835266
GMEAN:0.7014760830420328
SAMPLES:2250.0
AUC:{'AUC macro OVO': 0.6805566221758028}
AVGP:{'avg_precision': 0.9224242726572547}


METRICS_PER_CLASSES
CLASS:0
ACC:0.8893333333333333
PREC:0.4083969465648855
REC:0.5323383084577115
TNR:0.9243533430941923
FPR:0.5916030534351145
FPDR:0.5916030534351145
F1:0.46220302375809935
BACC:0
CLSFE:0.5916030534351145
MCC:0.40610023880835266
GMEAN:0.7014760830420328
SAMPLES:262
AUC:{}
AVGP:{}
CLASS:1
ACC:0.8893333333333333
PREC:0.9527162977867203
REC:0.9243533430941923
TNR:0.5323383084577115
FPR:0.047283702213279676
FPDR:0.047283702213279676
F1:0.9383205350507803
BACC:0
CLSFE:0.047283702213279676
MCC:0.40610023880835266
GMEAN:0.7014760830420328
SAMPLES:1988
AUC:{}
AVGP:{}
