

GENERAL_METRICS
ACC:0.8866666666666667
PREC:0.6574638268973193
REC:0.6901193513119533
TNR:0.6901193513119533
FPR:0.3425361731026807
FPDR:0.3425361731026807
F1:0.6714781165776007
BACC:0.0
CLSFE:0.11333333333333333
MCC:0.3460457809297265
GMEAN:0.6481499799440387
SAMPLES:2250.0
AUC:{'AUC macro OVO': 0.6574638268973193}
AVGP:{'avg_precision': 0.9254212342803845}


METRICS_PER_CLASSES
CLASS:0
ACC:0.8866666666666667
PREC:0.3670886075949367
REC:0.453125
TNR:0.9271137026239067
FPR:0.6329113924050633
FPDR:0.6329113924050633
F1:0.40559440559440557
BACC:0
CLSFE:0.6329113924050633
MCC:0.3460457809297265
GMEAN:0.6481499799440387
SAMPLES:237
AUC:{}
AVGP:{}
CLASS:1
ACC:0.8866666666666667
PREC:0.9478390461997019
REC:0.9271137026239067
TNR:0.453125
FPR:0.05216095380029806
FPDR:0.05216095380029806
F1:0.9373618275607959
BACC:0
CLSFE:0.05216095380029806
MCC:0.3460457809297265
GMEAN:0.6481499799440387
SAMPLES:2013
AUC:{}
AVGP:{}
