

GENERAL_METRICS
ACC:0.8937777777777778
PREC:0.6794391415916186
REC:0.7212311807778822
TNR:0.7212311807778822
FPR:0.32056085840838144
FPDR:0.32056085840838144
F1:0.6971328577197469
BACC:0.0
CLSFE:0.10622222222222222
MCC:0.3984847960566795
GMEAN:0.6905032720986338
SAMPLES:2250.0
AUC:{'AUC macro OVO': 0.6794391415916186}
AVGP:{'avg_precision': 0.9277305175167524}


METRICS_PER_CLASSES
CLASS:0
ACC:0.8937777777777778
PREC:0.4057377049180328
REC:0.5129533678756477
TNR:0.9295089936801166
FPR:0.5942622950819673
FPDR:0.5942622950819673
F1:0.45308924485125857
BACC:0
CLSFE:0.5942622950819673
MCC:0.3984847960566795
GMEAN:0.6905032720986338
SAMPLES:244
AUC:{}
AVGP:{}
CLASS:1
ACC:0.8937777777777778
PREC:0.9531405782652044
REC:0.9295089936801166
TNR:0.5129533678756477
FPR:0.04685942173479561
FPDR:0.04685942173479561
F1:0.9411764705882353
BACC:0
CLSFE:0.04685942173479561
MCC:0.3984847960566795
GMEAN:0.6905032720986338
SAMPLES:2006
AUC:{}
AVGP:{}
