

GENERAL_METRICS
ACC:0.8831111111111111
PREC:0.6609050671550671
REC:0.6794888165315287
TNR:0.6794888165315287
FPR:0.33909493284493286
FPDR:0.33909493284493286
F1:0.6694169168036764
BACC:0.0
CLSFE:0.11688888888888889
MCC:0.33988621671135266
GMEAN:0.6320097109093127
SAMPLES:2250.0
AUC:{'AUC macro OVO': 0.6609050671550671}
AVGP:{'avg_precision': 0.927092876178045}


METRICS_PER_CLASSES
CLASS:0
ACC:0.8831111111111111
PREC:0.3803418803418803
REC:0.42995169082125606
TNR:0.9290259422418012
FPR:0.6196581196581197
FPDR:0.6196581196581197
F1:0.4036281179138322
BACC:0
CLSFE:0.6196581196581197
MCC:0.33988621671135266
GMEAN:0.6320097109093127
SAMPLES:234
AUC:{}
AVGP:{}
CLASS:1
ACC:0.8831111111111111
PREC:0.941468253968254
REC:0.9290259422418012
TNR:0.42995169082125606
FPR:0.05853174603174603
FPDR:0.05853174603174603
F1:0.9352057156935206
BACC:0
CLSFE:0.05853174603174603
MCC:0.33988621671135266
GMEAN:0.6320097109093127
SAMPLES:2016
AUC:{}
AVGP:{}
