

GENERAL_METRICS
ACC:0.8858181818181818
PREC:0.6143373706791471
REC:0.6618157176532811
TNR:0.6618157176532811
FPR:0.38566262932085293
FPDR:0.38566262932085293
F1:0.6319022066258455
BACC:0.0
CLSFE:0.11418181818181818
MCC:0.27204105345359475
GMEAN:0.6087333649822425
SAMPLES:2750.0
AUC:{'AUC macro OVO': 0.6143373706791471}
AVGP:{'avg_precision': 0.9204987046140704}


METRICS_PER_CLASSES
CLASS:0
ACC:0.8858181818181818
PREC:0.2743682310469314
REC:0.4021164021164021
TNR:0.9215150331901601
FPR:0.7256317689530686
FPDR:0.7256317689530686
F1:0.3261802575107296
BACC:0
CLSFE:0.7256317689530686
MCC:0.27204105345359475
GMEAN:0.6087333649822425
SAMPLES:277
AUC:{}
AVGP:{}
CLASS:1
ACC:0.8858181818181818
PREC:0.9543065103113627
REC:0.9215150331901601
TNR:0.4021164021164021
FPR:0.04569348968863728
FPDR:0.04569348968863728
F1:0.9376241557409615
BACC:0
CLSFE:0.04569348968863728
MCC:0.27204105345359475
GMEAN:0.6087333649822425
SAMPLES:2473
AUC:{}
AVGP:{}
