

GENERAL_METRICS
ACC:0.9007272727272727
PREC:0.6253154050464808
REC:0.6693280487011604
TNR:0.6693280487011604
FPR:0.37468459495351925
FPDR:0.37468459495351925
F1:0.6426584214331647
BACC:0.0
CLSFE:0.09927272727272728
MCC:0.29133769415381955
GMEAN:0.6147617020171601
SAMPLES:2750.0
AUC:{'AUC macro OVO': 0.6253154050464806}
AVGP:{'avg_precision': 0.9331575696016513}


METRICS_PER_CLASSES
CLASS:0
ACC:0.9007272727272727
PREC:0.2916666666666667
REC:0.4046242774566474
TNR:0.9340318199456733
FPR:0.7083333333333334
FPDR:0.7083333333333334
F1:0.3389830508474576
BACC:0
CLSFE:0.7083333333333334
MCC:0.29133769415381955
GMEAN:0.6147617020171601
SAMPLES:240
AUC:{}
AVGP:{}
CLASS:1
ACC:0.9007272727272727
PREC:0.9589641434262948
REC:0.9340318199456733
TNR:0.4046242774566474
FPR:0.041035856573705176
FPDR:0.041035856573705176
F1:0.9463337920188717
BACC:0
CLSFE:0.041035856573705176
MCC:0.29133769415381955
GMEAN:0.6147617020171601
SAMPLES:2510
AUC:{}
AVGP:{}
