

GENERAL_METRICS
ACC:0.8861818181818182
PREC:0.58752703120173
REC:0.631363289680801
TNR:0.631363289680801
FPR:0.41247296879827
FPDR:0.41247296879827
F1:0.6026398654584518
BACC:0.0
CLSFE:0.11381818181818182
MCC:0.21445595123151387
GMEAN:0.5607967236788517
SAMPLES:2750.0
AUC:{'AUC macro OVO': 0.58752703120173}
AVGP:{'avg_precision': 0.9207043893732111}


METRICS_PER_CLASSES
CLASS:0
ACC:0.8861818181818182
PREC:0.21923076923076923
REC:0.3413173652694611
TNR:0.9214092140921409
FPR:0.7807692307692308
FPDR:0.7807692307692308
F1:0.26697892271662765
BACC:0
CLSFE:0.7807692307692308
MCC:0.21445595123151387
GMEAN:0.5607967236788517
SAMPLES:260
AUC:{}
AVGP:{}
CLASS:1
ACC:0.8861818181818182
PREC:0.9558232931726908
REC:0.9214092140921409
TNR:0.3413173652694611
FPR:0.04417670682730924
FPDR:0.04417670682730924
F1:0.938300808200276
BACC:0
CLSFE:0.04417670682730924
MCC:0.21445595123151387
GMEAN:0.5607967236788517
SAMPLES:2490
AUC:{}
AVGP:{}
