

GENERAL_METRICS
ACC:0.8992727272727272
PREC:0.6113296812749004
REC:0.6590420246584503
TNR:0.6590420246584503
FPR:0.3886703187250996
FPDR:0.3886703187250996
F1:0.6291546966517063
BACC:0.0
CLSFE:0.10072727272727272
MCC:0.2661285246984256
GMEAN:0.6000490872324812
SAMPLES:2750.0
AUC:{'AUC macro OVO': 0.6113296812749004}
AVGP:{'avg_precision': 0.9308298380431957}


METRICS_PER_CLASSES
CLASS:0
ACC:0.8992727272727272
PREC:0.2625
REC:0.38650306748466257
TNR:0.9315809818322381
FPR:0.7375
FPDR:0.7375
F1:0.31265508684863524
BACC:0
CLSFE:0.7375
MCC:0.2661285246984256
GMEAN:0.6000490872324812
SAMPLES:240
AUC:{}
AVGP:{}
CLASS:1
ACC:0.8992727272727272
PREC:0.9601593625498008
REC:0.9315809818322381
TNR:0.38650306748466257
FPR:0.0398406374501992
FPDR:0.0398406374501992
F1:0.9456543064547773
BACC:0
CLSFE:0.0398406374501992
MCC:0.2661285246984256
GMEAN:0.6000490872324812
SAMPLES:2510
AUC:{}
AVGP:{}
