

GENERAL_METRICS
ACC:0.9192941176470588
PREC:0.6105268654481253
REC:0.6259904156404529
TNR:0.6259904156404529
FPR:0.3894731345518747
FPDR:0.3894731345518747
F1:0.6175766519101492
BACC:0.0
CLSFE:0.08070588235294118
MCC:0.23601123462450438
GMEAN:0.5335797642506143
SAMPLES:4250.0
AUC:{'AUC macro OVO': 0.6105268654481253}
AVGP:{'avg_precision': 0.9528300477195984}


METRICS_PER_CLASSES
CLASS:0
ACC:0.9192941176470588
PREC:0.25984251968503935
REC:0.2986425339366516
TNR:0.9533382973442541
FPR:0.7401574803149606
FPDR:0.7401574803149606
F1:0.27789473684210525
BACC:0
CLSFE:0.7401574803149606
MCC:0.23601123462450438
GMEAN:0.5335797642506143
SAMPLES:254
AUC:{}
AVGP:{}
CLASS:1
ACC:0.9192941176470588
PREC:0.9612112112112112
REC:0.9533382973442541
TNR:0.2986425339366516
FPR:0.03878878878878879
FPDR:0.03878878878878879
F1:0.9572585669781931
BACC:0
CLSFE:0.03878878878878879
MCC:0.23601123462450438
GMEAN:0.5335797642506143
SAMPLES:3996
AUC:{}
AVGP:{}
