NAME: KRNN
DIMENSIONS: 2
SAMPLES_COUNT: (50,)
TOTAL_SIZE: 600
SIZES: dict_values([50, 550])
IMBALANCED: True
IMBALANCED_RATIO: {0: 6, 1: 1}
NO_LABELS: (2,)
MEAN: ([0, 2.0],)
ST_DEV: 0.5628729641773278
NOISE: 0.796030287063146
