NAME: KRNN
DIMENSIONS: 2
SAMPLES_COUNT: (50,)
TOTAL_SIZE: 850
SIZES: dict_values([50, 800])
IMBALANCED: True
IMBALANCED_RATIO: {0: 9, 1: 1}
NO_LABELS: (2,)
MEAN: ([0, 2.0],)
ST_DEV: 0.8765057888974117
NOISE: 0.5236258450795018
