NAME: KRNN
DIMENSIONS: 2
SAMPLES_COUNT: (50,)
TOTAL_SIZE: 800
SIZES: dict_values([50, 750])
IMBALANCED: True
IMBALANCED_RATIO: {0: 8, 1: 1}
NO_LABELS: (2,)
MEAN: ([0, 2.0],)
ST_DEV: 0.8195276181457951
NOISE: 0.08913620112291465
