NAME: KRNN
DIMENSIONS: 2
SAMPLES_COUNT: (50,)
TOTAL_SIZE: 550
SIZES: dict_values([50, 500])
IMBALANCED: True
IMBALANCED_RATIO: {0: 6, 1: 1}
NO_LABELS: (2,)
MEAN: ([0, 2.0],)
ST_DEV: 0.5253807182382044
NOISE: 0.051721269086175026
