NAME: KRNN
DIMENSIONS: 2
SAMPLES_COUNT: (50,)
TOTAL_SIZE: 650
SIZES: dict_values([50, 600])
IMBALANCED: True
IMBALANCED_RATIO: {0: 7, 1: 1}
NO_LABELS: (2,)
MEAN: ([0, 2.0],)
ST_DEV: 0.26857374981144777
NOISE: 0.5335999511501404
