

GENERAL_METRICS
ACC:0.9153333333333333
PREC:0.49909123954925483
REC:0.4584307178631052
TNR:0.4584307178631052
FPR:0.5009087604507452
FPDR:0.5009087604507452
F1:0.4778976679429168
BACC:0.0
CLSFE:0.08466666666666667
MCC:-0.012292521233966324
GMEAN:0.0
SAMPLES:3000.0
AUC:{'AUC macro OVO': 0.49909123954925483}
AVGP:{'avg_precision': 0.9168616875696741}


METRICS_PER_CLASSES
CLASS:0
ACC:0.9153333333333333
PREC:0.0
REC:0.0
TNR:0.9168614357262104
FPR:1.0
FPDR:1.0
F1:0.0
BACC:0
CLSFE:1.0
MCC:-0.012292521233966324
GMEAN:0
SAMPLES:249
AUC:{}
AVGP:{}
CLASS:1
ACC:0.9153333333333333
PREC:0.9981824790985097
REC:0.9168614357262104
TNR:0.0
FPR:0.0018175209014903672
FPDR:0.0018175209014903672
F1:0.9557953358858337
BACC:0
CLSFE:0.0018175209014903672
MCC:-0.012292521233966324
GMEAN:0
SAMPLES:2751
AUC:{}
AVGP:{}
