

GENERAL_METRICS
ACC:0.916
PREC:0.49963636363636366
REC:0.45830553702468313
TNR:0.45830553702468313
FPR:0.5003636363636363
FPDR:0.5003636363636363
F1:0.4780793319415449
BACC:0.0
CLSFE:0.084
MCC:-0.007787585736315262
GMEAN:0.0
SAMPLES:3000.0
AUC:{'AUC macro OVO': 0.49963636363636366}
AVGP:{'avg_precision': 0.9166111144803606}


METRICS_PER_CLASSES
CLASS:0
ACC:0.916
PREC:0.0
REC:0.0
TNR:0.9166110740493663
FPR:1.0
FPDR:1.0
F1:0.0
BACC:0
CLSFE:1.0
MCC:-0.007787585736315262
GMEAN:0
SAMPLES:250
AUC:{}
AVGP:{}
CLASS:1
ACC:0.916
PREC:0.9992727272727273
REC:0.9166110740493663
TNR:0.0
FPR:0.0007272727272727272
FPDR:0.0007272727272727272
F1:0.9561586638830898
BACC:0
CLSFE:0.0007272727272727272
MCC:-0.007787585736315262
GMEAN:0
SAMPLES:2750
AUC:{}
AVGP:{}
