

GENERAL_METRICS
ACC:0.913
PREC:0.49981751824817516
REC:0.4566522174058019
TNR:0.4566522174058019
FPR:0.5001824817518248
FPDR:0.5001824817518248
F1:0.47726084683742814
BACC:0.0
CLSFE:0.087
MCC:-0.005625008197508905
GMEAN:0.0
SAMPLES:3000.0
AUC:{'AUC macro OVO': 0.49981751824817516}
AVGP:{'avg_precision': 0.9133044453585096}


METRICS_PER_CLASSES
CLASS:0
ACC:0.913
PREC:0.0
REC:0.0
TNR:0.9133044348116038
FPR:1.0
FPDR:1.0
F1:0.0
BACC:0
CLSFE:1.0
MCC:-0.005625008197508905
GMEAN:0
SAMPLES:260
AUC:{}
AVGP:{}
CLASS:1
ACC:0.913
PREC:0.9996350364963503
REC:0.9133044348116038
TNR:0.0
FPR:0.000364963503649635
FPDR:0.000364963503649635
F1:0.9545216936748563
BACC:0
CLSFE:0.000364963503649635
MCC:-0.005625008197508905
GMEAN:0
SAMPLES:2740
AUC:{}
AVGP:{}
