

GENERAL_METRICS
ACC:0.9153333333333333
PREC:0.4998179832544594
REC:0.4578192730910303
TNR:0.4578192730910303
FPR:0.5001820167455406
FPDR:0.5001820167455406
F1:0.4778976679429168
BACC:0.0
CLSFE:0.08466666666666667
MCC:-0.005541695999062755
GMEAN:0.0
SAMPLES:3000.0
AUC:{'AUC macro OVO': 0.4998179832544594}
AVGP:{'avg_precision': 0.9156385564188588}


METRICS_PER_CLASSES
CLASS:0
ACC:0.9153333333333333
PREC:0.0
REC:0.0
TNR:0.9156385461820606
FPR:1.0
FPDR:1.0
F1:0.0
BACC:0
CLSFE:1.0
MCC:-0.005541695999062755
GMEAN:0
SAMPLES:253
AUC:{}
AVGP:{}
CLASS:1
ACC:0.9153333333333333
PREC:0.9996359665089188
REC:0.9156385461820606
TNR:0.0
FPR:0.00036403349108117945
FPDR:0.00036403349108117945
F1:0.9557953358858337
BACC:0
CLSFE:0.00036403349108117945
MCC:-0.005541695999062755
GMEAN:0
SAMPLES:2747
AUC:{}
AVGP:{}
