

GENERAL_METRICS
ACC:0.9036923076923077
PREC:0.5842812998743591
REC:0.6185064935064934
TNR:0.6185064935064934
FPR:0.41571870012564094
FPDR:0.41571870012564094
F1:0.5971725851639921
BACC:0.0
CLSFE:0.0963076923076923
MCC:0.19987877642490776
GMEAN:0.5301923199216451
SAMPLES:3250.0
AUC:{'AUC macro OVO': 0.5842812998743591}
AVGP:{'avg_precision': 0.9365220337067259}


METRICS_PER_CLASSES
CLASS:0
ACC:0.9036923076923077
PREC:0.20816326530612245
REC:0.3
TNR:0.937012987012987
FPR:0.7918367346938775
FPDR:0.7918367346938775
F1:0.2457831325301205
BACC:0
CLSFE:0.7918367346938775
MCC:0.19987877642490776
GMEAN:0.5301923199216451
SAMPLES:245
AUC:{}
AVGP:{}
CLASS:1
ACC:0.9036923076923077
PREC:0.9603993344425956
REC:0.937012987012987
TNR:0.3
FPR:0.039600665557404324
FPDR:0.039600665557404324
F1:0.9485620377978636
BACC:0
CLSFE:0.039600665557404324
MCC:0.19987877642490776
GMEAN:0.5301923199216451
SAMPLES:3005
AUC:{}
AVGP:{}
