

GENERAL_METRICS
ACC:0.9104615384615384
PREC:0.6088505327050466
REC:0.6463536762178079
TNR:0.6463536762178079
FPR:0.39114946729495337
FPDR:0.39114946729495337
F1:0.6237963571792543
BACC:0.0
CLSFE:0.08953846153846154
MCC:0.25243356052355875
GMEAN:0.5747067769456773
SAMPLES:3250.0
AUC:{'AUC macro OVO': 0.6088505327050466}
AVGP:{'avg_precision': 0.9415445180880734}


METRICS_PER_CLASSES
CLASS:0
ACC:0.9104615384615384
PREC:0.25523012552301255
REC:0.3505747126436782
TNR:0.9421326397919376
FPR:0.7447698744769874
FPDR:0.7447698744769874
F1:0.29539951573849876
BACC:0
CLSFE:0.7447698744769874
MCC:0.25243356052355875
GMEAN:0.5747067769456773
SAMPLES:239
AUC:{}
AVGP:{}
CLASS:1
ACC:0.9104615384615384
PREC:0.9624709398870807
REC:0.9421326397919376
TNR:0.3505747126436782
FPR:0.037529060112919295
FPDR:0.037529060112919295
F1:0.9521931986200098
BACC:0
CLSFE:0.037529060112919295
MCC:0.25243356052355875
GMEAN:0.5747067769456773
SAMPLES:3011
AUC:{}
AVGP:{}
