

GENERAL_METRICS
ACC:0.9064615384615384
PREC:0.6277294171676686
REC:0.6604918032786885
TNR:0.6604918032786885
FPR:0.37227058283233133
FPDR:0.37227058283233133
F1:0.6415177586587248
BACC:0.0
CLSFE:0.09353846153846154
MCC:0.28635310016114734
GMEAN:0.5979747239572951
SAMPLES:3250.0
AUC:{'AUC macro OVO': 0.6277294171676686}
AVGP:{'avg_precision': 0.9401655197743112}


METRICS_PER_CLASSES
CLASS:0
ACC:0.9064615384615384
PREC:0.296875
REC:0.38
TNR:0.940983606557377
FPR:0.703125
FPDR:0.703125
F1:0.3333333333333333
BACC:0
CLSFE:0.703125
MCC:0.28635310016114734
GMEAN:0.5979747239572951
SAMPLES:256
AUC:{}
AVGP:{}
CLASS:1
ACC:0.9064615384615384
PREC:0.9585838343353373
REC:0.940983606557377
TNR:0.38
FPR:0.041416165664662656
FPDR:0.041416165664662656
F1:0.9497021839841164
BACC:0
CLSFE:0.041416165664662656
MCC:0.28635310016114734
GMEAN:0.5979747239572951
SAMPLES:2994
AUC:{}
AVGP:{}
