

GENERAL_METRICS
ACC:0.912
PREC:0.6205869782821409
REC:0.6536133358167256
TNR:0.6536133358167256
FPR:0.379413021717859
FPDR:0.379413021717859
F1:0.6343827342113917
BACC:0.0
CLSFE:0.088
MCC:0.27220409982201754
GMEAN:0.5852720528009093
SAMPLES:3250.0
AUC:{'AUC macro OVO': 0.6205869782821409}
AVGP:{'avg_precision': 0.9439271509141607}


METRICS_PER_CLASSES
CLASS:0
ACC:0.912
PREC:0.2796610169491525
REC:0.3626373626373626
TNR:0.9445893089960886
FPR:0.7203389830508474
FPDR:0.7203389830508474
F1:0.3157894736842105
BACC:0
CLSFE:0.7203389830508474
MCC:0.27220409982201754
GMEAN:0.5852720528009093
SAMPLES:236
AUC:{}
AVGP:{}
CLASS:1
ACC:0.912
PREC:0.9615129396151294
REC:0.9445893089960886
TNR:0.3626373626373626
FPR:0.038487060384870604
FPDR:0.038487060384870604
F1:0.9529759947385729
BACC:0
CLSFE:0.038487060384870604
MCC:0.27220409982201754
GMEAN:0.5852720528009093
SAMPLES:3014
AUC:{}
AVGP:{}
