

GENERAL_METRICS
ACC:0.8968888888888888
PREC:0.7103027833500501
REC:0.744346116027532
TNR:0.744346116027532
FPR:0.28969721664994985
FPDR:0.28969721664994985
F1:0.7254388770134482
BACC:0.0
CLSFE:0.10311111111111111
MCC:0.4533725545348517
GMEAN:0.7200064338059412
SAMPLES:2250.0
AUC:{'AUC macro OVO': 0.7103027833500501}
AVGP:{'avg_precision': 0.9308780066847543}


METRICS_PER_CLASSES
CLASS:0
ACC:0.8968888888888888
PREC:0.46875
REC:0.5555555555555556
TNR:0.9331366764995084
FPR:0.53125
FPDR:0.53125
F1:0.5084745762711864
BACC:0
CLSFE:0.53125
MCC:0.4533725545348517
GMEAN:0.7200064338059412
SAMPLES:256
AUC:{}
AVGP:{}
CLASS:1
ACC:0.8968888888888888
PREC:0.9518555667001003
REC:0.9331366764995084
TNR:0.5555555555555556
FPR:0.048144433299899696
FPDR:0.048144433299899696
F1:0.94240317775571
BACC:0
CLSFE:0.048144433299899696
MCC:0.4533725545348517
GMEAN:0.7200064338059412
SAMPLES:1994
AUC:{}
AVGP:{}
