

GENERAL_METRICS
ACC:0.9166153846153846
PREC:0.5013555492094293
REC:0.5837184226740604
TNR:0.5837184226740604
FPR:0.49864445079057074
FPDR:0.49864445079057074
F1:0.48190292657933576
BACC:0.0
CLSFE:0.08338461538461539
MCC:0.021305815325444375
GMEAN:0.4789146180030739
SAMPLES:3250.0
AUC:{'AUC macro OVO': 0.5013555492094293}
AVGP:{'avg_precision': 0.917436637958536}


METRICS_PER_CLASSES
CLASS:0
ACC:0.9166153846153846
PREC:0.0037174721189591076
REC:0.25
TNR:0.9174368453481208
FPR:0.9962825278810409
FPDR:0.9962825278810409
F1:0.007326007326007326
BACC:0
CLSFE:0.9962825278810409
MCC:0.021305815325444375
GMEAN:0.4789146180030739
SAMPLES:269
AUC:{}
AVGP:{}
CLASS:1
ACC:0.9166153846153846
PREC:0.9989936262998994
REC:0.9174368453481208
TNR:0.25
FPR:0.0010063737001006373
FPDR:0.0010063737001006373
F1:0.9564798458326642
BACC:0
CLSFE:0.0010063737001006373
MCC:0.021305815325444375
GMEAN:0.4789146180030739
SAMPLES:2981
AUC:{}
AVGP:{}
