

GENERAL_METRICS
ACC:0.9224615384615384
PREC:0.4995001666111296
REC:0.46165691407453036
TNR:0.46165691407453036
FPR:0.5004998333888704
FPDR:0.5004998333888704
F1:0.4798335467349552
BACC:0.0
CLSFE:0.07753846153846154
MCC:-0.008755604965477951
GMEAN:0.0
SAMPLES:3250.0
AUC:{'AUC macro OVO': 0.4995001666111296}
AVGP:{'avg_precision': 0.9233138989127083}


METRICS_PER_CLASSES
CLASS:0
ACC:0.9224615384615384
PREC:0.0
REC:0.0
TNR:0.9233138281490607
FPR:1.0
FPDR:1.0
F1:0.0
BACC:0
CLSFE:1.0
MCC:-0.008755604965477951
GMEAN:0
SAMPLES:249
AUC:{}
AVGP:{}
CLASS:1
ACC:0.9224615384615384
PREC:0.9990003332222592
REC:0.9233138281490607
TNR:0.0
FPR:0.000999666777740753
FPDR:0.000999666777740753
F1:0.9596670934699104
BACC:0
CLSFE:0.000999666777740753
MCC:-0.008755604965477951
GMEAN:0
SAMPLES:3001
AUC:{}
AVGP:{}
