

GENERAL_METRICS
ACC:0.920923076923077
PREC:0.5014599495891846
REC:0.5858749229821318
TNR:0.5858749229821318
FPR:0.4985400504108154
FPDR:0.4985400504108154
F1:0.4832713547663075
BACC:0.0
CLSFE:0.07907692307692307
MCC:0.02239402228533513
GMEAN:0.4800390208004615
SAMPLES:3250.0
AUC:{'AUC macro OVO': 0.5014599495891846}
AVGP:{'avg_precision': 0.9217496342269423}


METRICS_PER_CLASSES
CLASS:0
ACC:0.920923076923077
PREC:0.00392156862745098
REC:0.25
TNR:0.9217498459642637
FPR:0.996078431372549
FPDR:0.996078431372549
F1:0.007722007722007722
BACC:0
CLSFE:0.996078431372549
MCC:0.02239402228533513
GMEAN:0.4800390208004615
SAMPLES:255
AUC:{}
AVGP:{}
CLASS:1
ACC:0.920923076923077
PREC:0.9989983305509182
REC:0.9217498459642637
TNR:0.25
FPR:0.001001669449081803
FPDR:0.001001669449081803
F1:0.9588207018106073
BACC:0
CLSFE:0.001001669449081803
MCC:0.02239402228533513
GMEAN:0.4800390208004615
SAMPLES:2995
AUC:{}
AVGP:{}
