

GENERAL_METRICS
ACC:0.9203076923076923
PREC:0.4993322203672788
REC:0.46072088724584104
TNR:0.46072088724584104
FPR:0.5006677796327212
FPDR:0.5006677796327212
F1:0.4792501201730492
BACC:0.0
CLSFE:0.07969230769230769
MCC:-0.010243005708987368
GMEAN:0.0
SAMPLES:3250.0
AUC:{'AUC macro OVO': 0.4993322203672788}
AVGP:{'avg_precision': 0.9214419036229633}


METRICS_PER_CLASSES
CLASS:0
ACC:0.9203076923076923
PREC:0.0
REC:0.0
TNR:0.9214417744916821
FPR:1.0
FPDR:1.0
F1:0.0
BACC:0
CLSFE:1.0
MCC:-0.010243005708987368
GMEAN:0
SAMPLES:255
AUC:{}
AVGP:{}
CLASS:1
ACC:0.9203076923076923
PREC:0.9986644407345576
REC:0.9214417744916821
TNR:0.0
FPR:0.001335559265442404
FPDR:0.001335559265442404
F1:0.9585002403460984
BACC:0
CLSFE:0.001335559265442404
MCC:-0.010243005708987368
GMEAN:0
SAMPLES:2995
AUC:{}
AVGP:{}
