

GENERAL_METRICS
ACC:0.9258666666666666
PREC:0.5005987517001763
REC:0.5057718120805369
TNR:0.5057718120805369
FPR:0.4994012482998237
FPDR:0.4994012482998237
F1:0.4878347865560685
BACC:0.0
CLSFE:0.07413333333333333
MCC:0.0037180006973209735
GMEAN:0.2729899081154575
SAMPLES:3750.0
AUC:{'AUC macro OVO': 0.5005987517001763}
AVGP:{'avg_precision': 0.931543117426928}


METRICS_PER_CLASSES
CLASS:0
ACC:0.9258666666666666
PREC:0.007782101167315175
REC:0.08
TNR:0.9315436241610738
FPR:0.9922178988326849
FPDR:0.9922178988326849
F1:0.014184397163120567
BACC:0
CLSFE:0.9922178988326849
MCC:0.0037180006973209735
GMEAN:0.2729899081154575
SAMPLES:257
AUC:{}
AVGP:{}
CLASS:1
ACC:0.9258666666666666
PREC:0.9934154022330375
REC:0.9315436241610738
TNR:0.08
FPR:0.006584597766962496
FPDR:0.006584597766962496
F1:0.9614851759490164
BACC:0
CLSFE:0.006584597766962496
MCC:0.0037180006973209735
GMEAN:0.2729899081154575
SAMPLES:3493
AUC:{}
AVGP:{}
