

GENERAL_METRICS
ACC:0.9258666666666666
PREC:0.5046533769515357
REC:0.545503355704698
TNR:0.545503355704698
FPR:0.4953466230484643
FPDR:0.4953466230484643
F1:0.4947179241606744
BACC:0.0
CLSFE:0.07413333333333333
MCC:0.029102870418827895
GMEAN:0.38595475618976816
SAMPLES:3750.0
AUC:{'AUC macro OVO': 0.5046533769515358}
AVGP:{'avg_precision': 0.9310030596640255}


METRICS_PER_CLASSES
CLASS:0
ACC:0.9258666666666666
PREC:0.01532567049808429
REC:0.16
TNR:0.931006711409396
FPR:0.9846743295019157
FPDR:0.9846743295019157
F1:0.027972027972027972
BACC:0
CLSFE:0.9846743295019157
MCC:0.029102870418827895
GMEAN:0.38595475618976816
SAMPLES:261
AUC:{}
AVGP:{}
CLASS:1
ACC:0.9258666666666666
PREC:0.9939810834049871
REC:0.931006711409396
TNR:0.16
FPR:0.0060189165950128975
FPDR:0.0060189165950128975
F1:0.9614638203493208
BACC:0
CLSFE:0.0060189165950128975
MCC:0.029102870418827895
GMEAN:0.38595475618976816
SAMPLES:3489
AUC:{}
AVGP:{}
