

GENERAL_METRICS
ACC:0.9304
PREC:0.5026009264753738
REC:0.5201466050097768
TNR:0.5201466050097768
FPR:0.49739907352462626
FPDR:0.49739907352462626
F1:0.49319364895912465
BACC:0.0
CLSFE:0.0696
MCC:0.014477546526787715
GMEAN:0.3113117299246935
SAMPLES:3750.0
AUC:{'AUC macro OVO': 0.5026009264753737}
AVGP:{'avg_precision': 0.9368426273176703}


METRICS_PER_CLASSES
CLASS:0
ACC:0.9304
PREC:0.012605042016806723
REC:0.10344827586206896
TNR:0.9368449341574846
FPR:0.9873949579831933
FPDR:0.9873949579831933
F1:0.02247191011235955
BACC:0
CLSFE:0.9873949579831933
MCC:0.014477546526787715
GMEAN:0.3113117299246935
SAMPLES:238
AUC:{}
AVGP:{}
CLASS:1
ACC:0.9304
PREC:0.9925968109339408
REC:0.9368449341574846
TNR:0.10344827586206896
FPR:0.007403189066059226
FPDR:0.007403189066059226
F1:0.9639153878058897
BACC:0
CLSFE:0.007403189066059226
MCC:0.014477546526787715
GMEAN:0.3113117299246935
SAMPLES:3512
AUC:{}
AVGP:{}
