

GENERAL_METRICS
ACC:0.9293333333333333
PREC:0.4979821783105788
REC:0.48494623655913977
TNR:0.48494623655913977
FPR:0.5020178216894212
FPDR:0.5020178216894212
F1:0.48542650181673574
BACC:0.0
CLSFE:0.07066666666666667
MCC:-0.011022850879583521
GMEAN:0.1766879678779275
SAMPLES:3750.0
AUC:{'AUC macro OVO': 0.4979821783105788}
AVGP:{'avg_precision': 0.9365611280987055}


METRICS_PER_CLASSES
CLASS:0
ACC:0.9293333333333333
PREC:0.004219409282700422
REC:0.03333333333333333
TNR:0.9365591397849462
FPR:0.9957805907172996
FPDR:0.9957805907172996
F1:0.00749063670411985
BACC:0
CLSFE:0.9957805907172996
MCC:-0.011022850879583521
GMEAN:0.1766879678779275
SAMPLES:237
AUC:{}
AVGP:{}
CLASS:1
ACC:0.9293333333333333
PREC:0.9917449473384572
REC:0.9365591397849462
TNR:0.03333333333333333
FPR:0.00825505266154284
FPDR:0.00825505266154284
F1:0.9633623669293516
BACC:0
CLSFE:0.00825505266154284
MCC:-0.011022850879583521
GMEAN:0.1766879678779275
SAMPLES:3513
AUC:{}
AVGP:{}
