

GENERAL_METRICS
ACC:0.9355
PREC:0.49747407604360544
REC:0.46998241647827177
TNR:0.46998241647827177
FPR:0.5025259239563946
FPDR:0.5025259239563946
F1:0.48333763885300957
BACC:0.0
CLSFE:0.0645
MCC:-0.017415181116555562
GMEAN:0.0
SAMPLES:4000.0
AUC:{'AUC macro OVO': 0.49747407604360544}
AVGP:{'avg_precision': 0.9399662735770767}


METRICS_PER_CLASSES
CLASS:0
ACC:0.9355
PREC:0.0
REC:0.0
TNR:0.9399648329565435
FPR:1.0
FPDR:1.0
F1:0.0
BACC:0
CLSFE:1.0
MCC:-0.017415181116555562
GMEAN:0
SAMPLES:239
AUC:{}
AVGP:{}
CLASS:1
ACC:0.9355
PREC:0.9949481520872109
REC:0.9399648329565435
TNR:0.0
FPR:0.0050518479127891515
FPDR:0.0050518479127891515
F1:0.9666752777060191
BACC:0
CLSFE:0.0050518479127891515
MCC:-0.017415181116555562
GMEAN:0
SAMPLES:3761
AUC:{}
AVGP:{}
