

GENERAL_METRICS
ACC:0.92875
PREC:0.49679058571810647
REC:0.4671780684104628
TNR:0.4671780684104628
FPR:0.5032094142818936
FPDR:0.5032094142818936
F1:0.48152948801036943
BACC:0.0
CLSFE:0.07125
MCC:-0.02052697503314056
GMEAN:0.0
SAMPLES:4000.0
AUC:{'AUC macro OVO': 0.49679058571810647}
AVGP:{'avg_precision': 0.9343586649611497}


METRICS_PER_CLASSES
CLASS:0
ACC:0.92875
PREC:0.0
REC:0.0
TNR:0.9343561368209256
FPR:1.0
FPDR:1.0
F1:0.0
BACC:0
CLSFE:1.0
MCC:-0.02052697503314056
GMEAN:0
SAMPLES:261
AUC:{}
AVGP:{}
CLASS:1
ACC:0.92875
PREC:0.9935811714362129
REC:0.9343561368209256
TNR:0.0
FPR:0.006418828563787109
FPDR:0.006418828563787109
F1:0.9630589760207389
BACC:0
CLSFE:0.006418828563787109
MCC:-0.02052697503314056
GMEAN:0
SAMPLES:3739
AUC:{}
AVGP:{}
