

GENERAL_METRICS
ACC:0.92775
PREC:0.4982545649838883
REC:0.4653875094055681
TNR:0.4653875094055681
FPR:0.5017454350161117
FPDR:0.5017454350161117
F1:0.4812605368953443
BACC:0.0
CLSFE:0.07225
MCC:-0.015545269772938465
GMEAN:0.0
SAMPLES:4000.0
AUC:{'AUC macro OVO': 0.4982545649838883}
AVGP:{'avg_precision': 0.9307758041912263}


METRICS_PER_CLASSES
CLASS:0
ACC:0.92775
PREC:0.0
REC:0.0
TNR:0.9307750188111362
FPR:1.0
FPDR:1.0
F1:0.0
BACC:0
CLSFE:1.0
MCC:-0.015545269772938465
GMEAN:0
SAMPLES:276
AUC:{}
AVGP:{}
CLASS:1
ACC:0.92775
PREC:0.9965091299677766
REC:0.9307750188111362
TNR:0.0
FPR:0.003490870032223416
FPDR:0.003490870032223416
F1:0.9625210737906886
BACC:0
CLSFE:0.003490870032223416
MCC:-0.015545269772938465
GMEAN:0
SAMPLES:3724
AUC:{}
AVGP:{}
