

GENERAL_METRICS
ACC:0.93625
PREC:0.49800531914893614
REC:0.4698870765370138
TNR:0.4698870765370138
FPR:0.5019946808510638
FPDR:0.5019946808510638
F1:0.4835377663008393
BACC:0.0
CLSFE:0.06375
MCC:-0.015500409259264
GMEAN:0.0
SAMPLES:4000.0
AUC:{'AUC macro OVO': 0.49800531914893614}
AVGP:{'avg_precision': 0.9397750540591046}


METRICS_PER_CLASSES
CLASS:0
ACC:0.93625
PREC:0.0
REC:0.0
TNR:0.9397741530740276
FPR:1.0
FPDR:1.0
F1:0.0
BACC:0
CLSFE:1.0
MCC:-0.015500409259264
GMEAN:0
SAMPLES:240
AUC:{}
AVGP:{}
CLASS:1
ACC:0.93625
PREC:0.9960106382978723
REC:0.9397741530740276
TNR:0.0
FPR:0.003989361702127659
FPDR:0.003989361702127659
F1:0.9670755326016786
BACC:0
CLSFE:0.003989361702127659
MCC:-0.015500409259264
GMEAN:0
SAMPLES:3760
AUC:{}
AVGP:{}
