

GENERAL_METRICS
ACC:0.8413333333333334
PREC:0.8199049316696376
REC:0.8243477702094846
TNR:0.8243477702094846
FPR:0.18009506833036246
FPDR:0.18009506833036246
F1:0.8220307044393618
BACC:0.0
CLSFE:0.15866666666666668
MCC:0.64423738254176
GMEAN:0.8228206367628002
SAMPLES:750.0
AUC:{'AUC macro OVO': 0.8199049316696376}
AVGP:{'avg_precision': 0.8502351000040244}


METRICS_PER_CLASSES
CLASS:0
ACC:0.8413333333333334
PREC:0.7529411764705882
REC:0.7741935483870968
TNR:0.8745019920318725
FPR:0.24705882352941178
FPDR:0.24705882352941178
F1:0.7634194831013916
BACC:0
CLSFE:0.24705882352941178
MCC:0.64423738254176
GMEAN:0.8228206367628002
SAMPLES:255
AUC:{}
AVGP:{}
CLASS:1
ACC:0.8413333333333334
PREC:0.8868686868686869
REC:0.8745019920318725
TNR:0.7741935483870968
FPR:0.11313131313131314
FPDR:0.11313131313131314
F1:0.880641925777332
BACC:0
CLSFE:0.11313131313131314
MCC:0.64423738254176
GMEAN:0.8228206367628002
SAMPLES:495
AUC:{}
AVGP:{}
