

GENERAL_METRICS
ACC:0.82
PREC:0.8028927963698241
REC:0.8001850391549097
TNR:0.8001850391549097
FPR:0.19710720363017584
FPDR:0.19710720363017584
F1:0.8014935527066477
BACC:0.0
CLSFE:0.18
MCC:0.6030717567189356
GMEAN:0.7974299173148612
SAMPLES:750.0
AUC:{'AUC macro OVO': 0.8028927963698241}
AVGP:{'avg_precision': 0.8365763509791155}


METRICS_PER_CLASSES
CLASS:0
ACC:0.82
PREC:0.748062015503876
REC:0.7338403041825095
TNR:0.86652977412731
FPR:0.25193798449612403
FPDR:0.25193798449612403
F1:0.7408829174664108
BACC:0
CLSFE:0.25193798449612403
MCC:0.6030717567189356
GMEAN:0.7974299173148612
SAMPLES:258
AUC:{}
AVGP:{}
CLASS:1
ACC:0.82
PREC:0.8577235772357723
REC:0.86652977412731
TNR:0.7338403041825095
FPR:0.14227642276422764
FPDR:0.14227642276422764
F1:0.8621041879468846
BACC:0
CLSFE:0.14227642276422764
MCC:0.6030717567189356
GMEAN:0.7974299173148612
SAMPLES:492
AUC:{}
AVGP:{}
