

GENERAL_METRICS
ACC:0.8586666666666667
PREC:0.8290354786081282
REC:0.8431746031746031
TNR:0.8431746031746031
FPR:0.17096452139187182
FPDR:0.17096452139187182
F1:0.83539554760485
BACC:0.0
CLSFE:0.14133333333333334
MCC:0.6720613656555776
GMEAN:0.8422846230600356
SAMPLES:750.0
AUC:{'AUC macro OVO': 0.8290354786081282}
AVGP:{'avg_precision': 0.8640353151122381}


METRICS_PER_CLASSES
CLASS:0
ACC:0.8586666666666667
PREC:0.7448559670781894
REC:0.8044444444444444
TNR:0.8819047619047619
FPR:0.2551440329218107
FPDR:0.2551440329218107
F1:0.7735042735042735
BACC:0
CLSFE:0.2551440329218107
MCC:0.6720613656555776
GMEAN:0.8422846230600356
SAMPLES:243
AUC:{}
AVGP:{}
CLASS:1
ACC:0.8586666666666667
PREC:0.9132149901380671
REC:0.8819047619047619
TNR:0.8044444444444444
FPR:0.08678500986193294
FPDR:0.08678500986193294
F1:0.8972868217054264
BACC:0
CLSFE:0.08678500986193294
MCC:0.6720613656555776
GMEAN:0.8422846230600356
SAMPLES:507
AUC:{}
AVGP:{}
