

GENERAL_METRICS
ACC:0.848
PREC:0.8323048202887444
REC:0.8241862240637501
TNR:0.8241862240637501
FPR:0.1676951797112555
FPDR:0.1676951797112555
F1:0.8279553448539532
BACC:0.0
CLSFE:0.152
MCC:0.6564408425062875
GMEAN:0.8209293348160182
SAMPLES:750.0
AUC:{'AUC macro OVO': 0.8323048202887444}
AVGP:{'avg_precision': 0.8703131638554311}


METRICS_PER_CLASSES
CLASS:0
ACC:0.848
PREC:0.7883817427385892
REC:0.7509881422924901
TNR:0.89738430583501
FPR:0.21161825726141079
FPDR:0.21161825726141079
F1:0.7692307692307693
BACC:0
CLSFE:0.21161825726141079
MCC:0.6564408425062875
GMEAN:0.8209293348160182
SAMPLES:241
AUC:{}
AVGP:{}
CLASS:1
ACC:0.848
PREC:0.8762278978388998
REC:0.89738430583501
TNR:0.7509881422924901
FPR:0.1237721021611002
FPDR:0.1237721021611002
F1:0.8866799204771372
BACC:0
CLSFE:0.1237721021611002
MCC:0.6564408425062875
GMEAN:0.8209293348160182
SAMPLES:509
AUC:{}
AVGP:{}
