

GENERAL_METRICS
ACC:0.8789090909090909
PREC:0.5850947719099907
REC:0.6204931869610291
TNR:0.6204931869610291
FPR:0.41490522809000924
FPDR:0.41490522809000924
F1:0.5978435720186079
BACC:0.0
CLSFE:0.1210909090909091
MCC:0.20251755737374122
GMEAN:0.5442011146741534
SAMPLES:2750.0
AUC:{'AUC macro OVO': 0.5850947719099908}
AVGP:{'avg_precision': 0.9177808210616956}


METRICS_PER_CLASSES
CLASS:0
ACC:0.8789090909090909
PREC:0.22014925373134328
REC:0.3224043715846995
TNR:0.9185820023373588
FPR:0.7798507462686567
FPDR:0.7798507462686567
F1:0.2616407982261641
BACC:0
CLSFE:0.7798507462686567
MCC:0.20251755737374122
GMEAN:0.5442011146741534
SAMPLES:268
AUC:{}
AVGP:{}
CLASS:1
ACC:0.8789090909090909
PREC:0.9500402900886382
REC:0.9185820023373588
TNR:0.3224043715846995
FPR:0.0499597099113618
FPDR:0.0499597099113618
F1:0.9340463458110517
BACC:0
CLSFE:0.0499597099113618
MCC:0.20251755737374122
GMEAN:0.5442011146741534
SAMPLES:2482
AUC:{}
AVGP:{}
