

GENERAL_METRICS
ACC:0.8887272727272727
PREC:0.591881802821329
REC:0.6355187418426793
TNR:0.6355187418426793
FPR:0.4081181971786711
FPDR:0.4081181971786711
F1:0.6073107858637483
BACC:0.0
CLSFE:0.11127272727272727
MCC:0.2231744278951658
GMEAN:0.5664072162359821
SAMPLES:2750.0
AUC:{'AUC macro OVO': 0.5918818028213289}
AVGP:{'avg_precision': 0.9230130279211858}


METRICS_PER_CLASSES
CLASS:0
ACC:0.8887272727272727
PREC:0.22745098039215686
REC:0.3473053892215569
TNR:0.9237320944638018
FPR:0.7725490196078432
FPDR:0.7725490196078432
F1:0.27488151658767773
BACC:0
CLSFE:0.7725490196078432
MCC:0.2231744278951658
GMEAN:0.5664072162359821
SAMPLES:255
AUC:{}
AVGP:{}
CLASS:1
ACC:0.8887272727272727
PREC:0.956312625250501
REC:0.9237320944638018
TNR:0.3473053892215569
FPR:0.043687374749499
FPDR:0.043687374749499
F1:0.9397400551398188
BACC:0
CLSFE:0.043687374749499
MCC:0.2231744278951658
GMEAN:0.5664072162359821
SAMPLES:2495
AUC:{}
AVGP:{}
