

GENERAL_METRICS
ACC:0.8774545454545455
PREC:0.5890425224269504
REC:0.6209970354443576
TNR:0.6209970354443576
FPR:0.4109574775730496
FPDR:0.4109574775730496
F1:0.6010510641723408
BACC:0.0
CLSFE:0.12254545454545454
MCC:0.20759461690659245
GMEAN:0.5447801499504515
SAMPLES:2750.0
AUC:{'AUC macro OVO': 0.5890425224269504}
AVGP:{'avg_precision': 0.9181921054774979}


METRICS_PER_CLASSES
CLASS:0
ACC:0.8774545454545455
PREC:0.23048327137546468
REC:0.3229166666666667
TNR:0.9190774042220484
FPR:0.7695167286245354
FPDR:0.7695167286245354
F1:0.26898047722342733
BACC:0
CLSFE:0.7695167286245354
MCC:0.20759461690659245
GMEAN:0.5447801499504515
SAMPLES:269
AUC:{}
AVGP:{}
CLASS:1
ACC:0.8774545454545455
PREC:0.9476017734784361
REC:0.9190774042220484
TNR:0.3229166666666667
FPR:0.05239822652156389
FPDR:0.05239822652156389
F1:0.9331216511212542
BACC:0
CLSFE:0.05239822652156389
MCC:0.20759461690659245
GMEAN:0.5447801499504515
SAMPLES:2481
AUC:{}
AVGP:{}
