

GENERAL_METRICS
ACC:0.8613333333333333
PREC:0.8646228173740136
REC:0.8462281685154591
TNR:0.8462281685154591
FPR:0.13537718262598647
FPDR:0.13537718262598647
F1:0.8528579513299377
BACC:0.0
CLSFE:0.13866666666666666
MCC:0.7106129474146989
GMEAN:0.842458982458686
SAMPLES:750.0
AUC:{'AUC macro OVO': 0.8646228173740135}
AVGP:{'avg_precision': 0.8848354766581428}


METRICS_PER_CLASSES
CLASS:0
ACC:0.8613333333333333
PREC:0.8759398496240601
REC:0.7664473684210527
TNR:0.9260089686098655
FPR:0.12406015037593984
FPDR:0.12406015037593984
F1:0.8175438596491228
BACC:0
CLSFE:0.12406015037593984
MCC:0.7106129474146989
GMEAN:0.842458982458686
SAMPLES:266
AUC:{}
AVGP:{}
CLASS:1
ACC:0.8613333333333333
PREC:0.8533057851239669
REC:0.9260089686098655
TNR:0.7664473684210527
FPR:0.14669421487603307
FPDR:0.14669421487603307
F1:0.8881720430107527
BACC:0
CLSFE:0.14669421487603307
MCC:0.7106129474146989
GMEAN:0.842458982458686
SAMPLES:484
AUC:{}
AVGP:{}
