

GENERAL_METRICS
ACC:0.8906666666666667
PREC:0.8928238658270145
REC:0.8716185410334346
TNR:0.8716185410334346
FPR:0.10717613417298547
FPDR:0.10717613417298547
F1:0.8801674148896371
BACC:0.0
CLSFE:0.10933333333333334
MCC:0.7641482366707361
GMEAN:0.8683693623937183
SAMPLES:750.0
AUC:{'AUC macro OVO': 0.8928238658270146}
AVGP:{'avg_precision': 0.915302365008053}


METRICS_PER_CLASSES
CLASS:0
ACC:0.8906666666666667
PREC:0.8991935483870968
REC:0.7964285714285714
TNR:0.9468085106382979
FPR:0.10080645161290322
FPDR:0.10080645161290322
F1:0.8446969696969697
BACC:0
CLSFE:0.10080645161290322
MCC:0.7641482366707361
GMEAN:0.8683693623937183
SAMPLES:248
AUC:{}
AVGP:{}
CLASS:1
ACC:0.8906666666666667
PREC:0.8864541832669323
REC:0.9468085106382979
TNR:0.7964285714285714
FPR:0.11354581673306773
FPDR:0.11354581673306773
F1:0.9156378600823045
BACC:0
CLSFE:0.11354581673306773
MCC:0.7641482366707361
GMEAN:0.8683693623937183
SAMPLES:502
AUC:{}
AVGP:{}
