

GENERAL_METRICS
ACC:0.892
PREC:0.8930969508738593
REC:0.8741261398176292
TNR:0.8741261398176292
FPR:0.10690304912614074
FPDR:0.10690304912614074
F1:0.881933147924647
BACC:0.0
CLSFE:0.108
MCC:0.7669885130939503
GMEAN:0.871274090647389
SAMPLES:750.0
AUC:{'AUC macro OVO': 0.8930969508738592}
AVGP:{'avg_precision': 0.9138910445003483}


METRICS_PER_CLASSES
CLASS:0
ACC:0.892
PREC:0.896414342629482
REC:0.8035714285714286
TNR:0.9446808510638298
FPR:0.10358565737051793
FPDR:0.10358565737051793
F1:0.847457627118644
BACC:0
CLSFE:0.10358565737051793
MCC:0.7669885130939503
GMEAN:0.871274090647389
SAMPLES:251
AUC:{}
AVGP:{}
CLASS:1
ACC:0.892
PREC:0.8897795591182365
REC:0.9446808510638298
TNR:0.8035714285714286
FPR:0.11022044088176353
FPDR:0.11022044088176353
F1:0.9164086687306502
BACC:0
CLSFE:0.11022044088176353
MCC:0.7669885130939503
GMEAN:0.871274090647389
SAMPLES:499
AUC:{}
AVGP:{}
