

GENERAL_METRICS
ACC:0.864
PREC:0.865
REC:0.8438102845430432
TNR:0.8438102845430432
FPR:0.135
FPDR:0.135
F1:0.8519461819533041
BACC:0.0
CLSFE:0.136
MCC:0.7084934829854421
GMEAN:0.8395112013247631
SAMPLES:750.0
AUC:{'AUC macro OVO': 0.8650000000000001}
AVGP:{'avg_precision': 0.8926939655172413}


METRICS_PER_CLASSES
CLASS:0
ACC:0.864
PREC:0.868
REC:0.7587412587412588
TNR:0.9288793103448276
FPR:0.132
FPDR:0.132
F1:0.8097014925373134
BACC:0
CLSFE:0.132
MCC:0.7084934829854421
GMEAN:0.8395112013247631
SAMPLES:250
AUC:{}
AVGP:{}
CLASS:1
ACC:0.864
PREC:0.862
REC:0.9288793103448276
TNR:0.7587412587412588
FPR:0.138
FPDR:0.138
F1:0.8941908713692946
BACC:0
CLSFE:0.138
MCC:0.7084934829854421
GMEAN:0.8395112013247631
SAMPLES:500
AUC:{}
AVGP:{}
