

GENERAL_METRICS
ACC:0.796
PREC:0.7969603495919285
REC:0.7957629288274449
TNR:0.7957629288274449
FPR:0.20303965040807145
FPDR:0.20303965040807145
F1:0.7957352729136962
BACC:0.0
CLSFE:0.204
MCC:0.5927220689022157
GMEAN:0.7952109601043917
SAMPLES:500.0
AUC:{'AUC macro OVO': 0.7969603495919285}
AVGP:{'avg_precision': 0.761423081513307}


METRICS_PER_CLASSES
CLASS:0
ACC:0.796
PREC:0.811965811965812
REC:0.7661290322580645
TNR:0.8253968253968254
FPR:0.18803418803418803
FPDR:0.18803418803418803
F1:0.7883817427385892
BACC:0
CLSFE:0.18803418803418803
MCC:0.5927220689022157
GMEAN:0.7952109601043917
SAMPLES:234
AUC:{}
AVGP:{}
CLASS:1
ACC:0.796
PREC:0.7819548872180451
REC:0.8253968253968254
TNR:0.7661290322580645
FPR:0.21804511278195488
FPDR:0.21804511278195488
F1:0.803088803088803
BACC:0
CLSFE:0.21804511278195488
MCC:0.5927220689022157
GMEAN:0.7952109601043917
SAMPLES:266
AUC:{}
AVGP:{}
