

GENERAL_METRICS
ACC:0.814
PREC:0.8155448717948718
REC:0.8158941778569251
TNR:0.8158941778569251
FPR:0.18445512820512822
FPDR:0.18445512820512822
F1:0.8139933037589353
BACC:0.0
CLSFE:0.186
MCC:0.6314389530353979
GMEAN:0.8150806216313994
SAMPLES:500.0
AUC:{'AUC macro OVO': 0.8155448717948717}
AVGP:{'avg_precision': 0.7781876014281078}


METRICS_PER_CLASSES
CLASS:0
ACC:0.814
PREC:0.8541666666666666
REC:0.779467680608365
TNR:0.8523206751054853
FPR:0.14583333333333334
FPDR:0.14583333333333334
F1:0.8151093439363817
BACC:0
CLSFE:0.14583333333333334
MCC:0.6314389530353979
GMEAN:0.8150806216313994
SAMPLES:240
AUC:{}
AVGP:{}
CLASS:1
ACC:0.814
PREC:0.7769230769230769
REC:0.8523206751054853
TNR:0.779467680608365
FPR:0.2230769230769231
FPDR:0.2230769230769231
F1:0.8128772635814889
BACC:0
CLSFE:0.2230769230769231
MCC:0.6314389530353979
GMEAN:0.8150806216313994
SAMPLES:260
AUC:{}
AVGP:{}
