

GENERAL_METRICS
ACC:0.806
PREC:0.8032430786001699
REC:0.8098139412997903
TNR:0.8098139412997903
FPR:0.1967569213998301
FPDR:0.1967569213998301
F1:0.804118756537789
BACC:0.0
CLSFE:0.194
MCC:0.6130218050053383
GMEAN:0.8094251201669198
SAMPLES:500.0
AUC:{'AUC macro OVO': 0.80324307860017}
AVGP:{'avg_precision': 0.7423192547564538}


METRICS_PER_CLASSES
CLASS:0
ACC:0.806
PREC:0.8659003831417624
REC:0.7847222222222222
TNR:0.8349056603773585
FPR:0.13409961685823754
FPDR:0.13409961685823754
F1:0.8233151183970856
BACC:0
CLSFE:0.13409961685823754
MCC:0.6130218050053383
GMEAN:0.8094251201669198
SAMPLES:261
AUC:{}
AVGP:{}
CLASS:1
ACC:0.806
PREC:0.7405857740585774
REC:0.8349056603773585
TNR:0.7847222222222222
FPR:0.2594142259414226
FPDR:0.2594142259414226
F1:0.7849223946784922
BACC:0
CLSFE:0.2594142259414226
MCC:0.6130218050053383
GMEAN:0.8094251201669198
SAMPLES:239
AUC:{}
AVGP:{}
