

GENERAL_METRICS
ACC:0.808
PREC:0.8089635854341737
REC:0.8110346605649463
TNR:0.8110346605649463
FPR:0.19103641456582632
FPDR:0.19103641456582632
F1:0.8078031904670382
BACC:0.0
CLSFE:0.192
MCC:0.6199947868246861
GMEAN:0.8102296383767229
SAMPLES:500.0
AUC:{'AUC macro OVO': 0.8089635854341738}
AVGP:{'avg_precision': 0.7665072352084938}


METRICS_PER_CLASSES
CLASS:0
ACC:0.808
PREC:0.8571428571428571
REC:0.7749077490774908
TNR:0.8471615720524017
FPR:0.14285714285714285
FPDR:0.14285714285714285
F1:0.813953488372093
BACC:0
CLSFE:0.14285714285714285
MCC:0.6199947868246861
GMEAN:0.8102296383767229
SAMPLES:245
AUC:{}
AVGP:{}
CLASS:1
ACC:0.808
PREC:0.7607843137254902
REC:0.8471615720524017
TNR:0.7749077490774908
FPR:0.23921568627450981
FPDR:0.23921568627450981
F1:0.8016528925619835
BACC:0
CLSFE:0.23921568627450981
MCC:0.6199947868246861
GMEAN:0.8102296383767229
SAMPLES:255
AUC:{}
AVGP:{}
