

GENERAL_METRICS
ACC:0.9136666666666666
PREC:0.560282539366155
REC:0.643191628660519
TNR:0.643191628660519
FPR:0.4397174606338449
FPDR:0.4397174606338449
F1:0.5787190782785496
BACC:0.0
CLSFE:0.08633333333333333
MCC:0.1858166299514831
GMEAN:0.5749330963624351
SAMPLES:3000.0
AUC:{'AUC macro OVO': 0.5602825393661551}
AVGP:{'avg_precision': 0.9313521080270664}


METRICS_PER_CLASSES
CLASS:0
ACC:0.9136666666666666
PREC:0.14224137931034483
REC:0.3548387096774194
TNR:0.9315445476436188
FPR:0.8577586206896551
FPDR:0.8577586206896551
F1:0.20307692307692307
BACC:0
CLSFE:0.8577586206896551
MCC:0.1858166299514831
GMEAN:0.5749330963624351
SAMPLES:232
AUC:{}
AVGP:{}
CLASS:1
ACC:0.9136666666666666
PREC:0.9783236994219653
REC:0.9315445476436188
TNR:0.3548387096774194
FPR:0.02167630057803468
FPDR:0.02167630057803468
F1:0.9543612334801762
BACC:0
CLSFE:0.02167630057803468
MCC:0.1858166299514831
GMEAN:0.5749330963624351
SAMPLES:2768
AUC:{}
AVGP:{}
