

GENERAL_METRICS
ACC:0.9116666666666666
PREC:0.5480955846676371
REC:0.6646863364632934
TNR:0.6646863364632934
FPR:0.4519044153323629
FPDR:0.4519044153323629
F1:0.563895841870278
BACC:0.0
CLSFE:0.08833333333333333
MCC:0.17799646781858672
GMEAN:0.6121962837806606
SAMPLES:3000.0
AUC:{'AUC macro OVO': 0.5480955846676371}
AVGP:{'avg_precision': 0.9234625443919513}


METRICS_PER_CLASSES
CLASS:0
ACC:0.9116666666666666
PREC:0.1111111111111111
REC:0.4057971014492754
TNR:0.9235755714773115
FPR:0.8888888888888888
FPDR:0.8888888888888888
F1:0.17445482866043613
BACC:0
CLSFE:0.8888888888888888
MCC:0.17799646781858672
GMEAN:0.6121962837806606
SAMPLES:252
AUC:{}
AVGP:{}
CLASS:1
ACC:0.9116666666666666
PREC:0.985080058224163
REC:0.9235755714773115
TNR:0.4057971014492754
FPR:0.014919941775836972
FPDR:0.014919941775836972
F1:0.9533368550801198
BACC:0
CLSFE:0.014919941775836972
MCC:0.17799646781858672
GMEAN:0.6121962837806606
SAMPLES:2748
AUC:{}
AVGP:{}
