

GENERAL_METRICS
ACC:0.912
PREC:0.5392659761061654
REC:0.6626786129441852
TNR:0.6626786129441852
FPR:0.46073402389383455
FPDR:0.46073402389383455
F1:0.5509949543624922
BACC:0.0
CLSFE:0.088
MCC:0.15984660808225495
GMEAN:0.6098966613797949
SAMPLES:3000.0
AUC:{'AUC macro OVO': 0.5392659761061654}
AVGP:{'avg_precision': 0.9217719411198403}


METRICS_PER_CLASSES
CLASS:0
ACC:0.912
PREC:0.09090909090909091
REC:0.40350877192982454
TNR:0.9218484539585458
FPR:0.9090909090909091
FPDR:0.9090909090909091
F1:0.14838709677419354
BACC:0
CLSFE:0.9090909090909091
MCC:0.15984660808225495
GMEAN:0.6098966613797949
SAMPLES:253
AUC:{}
AVGP:{}
CLASS:1
ACC:0.912
PREC:0.98762286130324
REC:0.9218484539585458
TNR:0.40350877192982454
FPR:0.012377138696760102
FPDR:0.012377138696760102
F1:0.9536028119507909
BACC:0
CLSFE:0.012377138696760102
MCC:0.15984660808225495
GMEAN:0.6098966613797949
SAMPLES:2747
AUC:{}
AVGP:{}
