

GENERAL_METRICS
ACC:0.906
PREC:0.5305454545454545
REC:0.5996129326047359
TNR:0.5996129326047359
FPR:0.46945454545454546
FPDR:0.46945454545454546
F1:0.5372791136761916
BACC:0.0
CLSFE:0.094
MCC:0.11032175315897381
GMEAN:0.5059227234117474
SAMPLES:3000.0
AUC:{'AUC macro OVO': 0.5305454545454545}
AVGP:{'avg_precision': 0.9213576751117736}


METRICS_PER_CLASSES
CLASS:0
ACC:0.906
PREC:0.08
REC:0.2777777777777778
TNR:0.921448087431694
FPR:0.92
FPDR:0.92
F1:0.12422360248447205
BACC:0
CLSFE:0.92
MCC:0.11032175315897381
GMEAN:0.5059227234117474
SAMPLES:250
AUC:{}
AVGP:{}
CLASS:1
ACC:0.906
PREC:0.9810909090909091
REC:0.921448087431694
TNR:0.2777777777777778
FPR:0.01890909090909091
FPDR:0.01890909090909091
F1:0.9503346248679112
BACC:0
CLSFE:0.01890909090909091
MCC:0.11032175315897381
GMEAN:0.5059227234117474
SAMPLES:2750
AUC:{}
AVGP:{}
