

GENERAL_METRICS
ACC:0.9333333333333333
PREC:0.518387362596086
REC:0.685596294956895
TNR:0.685596294956895
FPR:0.481612637403914
FPDR:0.481612637403914
F1:0.5197479637313662
BACC:0.0
CLSFE:0.06666666666666667
MCC:0.11683537772203327
GMEAN:0.6380711358795887
SAMPLES:3750.0
AUC:{'AUC macro OVO': 0.518387362596086}
AVGP:{'avg_precision': 0.936401532339319}


METRICS_PER_CLASSES
CLASS:0
ACC:0.9333333333333333
PREC:0.04048582995951417
REC:0.43478260869565216
TNR:0.9364099812181379
FPR:0.9595141700404858
FPDR:0.9595141700404858
F1:0.07407407407407407
BACC:0
CLSFE:0.9595141700404858
MCC:0.11683537772203327
GMEAN:0.6380711358795887
SAMPLES:247
AUC:{}
AVGP:{}
CLASS:1
ACC:0.9333333333333333
PREC:0.9962888952326577
REC:0.9364099812181379
TNR:0.43478260869565216
FPR:0.003711104767342278
FPDR:0.003711104767342278
F1:0.9654218533886584
BACC:0
CLSFE:0.003711104767342278
MCC:0.11683537772203327
GMEAN:0.6380711358795887
SAMPLES:3503
AUC:{}
AVGP:{}
