

GENERAL_METRICS
ACC:0.9357333333333333
PREC:0.526942283829182
REC:0.6761460773760526
TNR:0.6761460773760526
FPR:0.4730577161708181
FPDR:0.4730577161708181
F1:0.5353802478897395
BACC:0.0
CLSFE:0.06426666666666667
MCC:0.13777920905655763
GMEAN:0.6223150394760947
SAMPLES:3750.0
AUC:{'AUC macro OVO': 0.5269422838291818}
AVGP:{'avg_precision': 0.9405092746703986}


METRICS_PER_CLASSES
CLASS:0
ACC:0.9357333333333333
PREC:0.059574468085106386
REC:0.4117647058823529
TNR:0.9405274488697524
FPR:0.9404255319148936
FPDR:0.9404255319148936
F1:0.10408921933085502
BACC:0
CLSFE:0.9404255319148936
MCC:0.13777920905655763
GMEAN:0.6223150394760947
SAMPLES:235
AUC:{}
AVGP:{}
CLASS:1
ACC:0.9357333333333333
PREC:0.9943100995732574
REC:0.9405274488697524
TNR:0.4117647058823529
FPR:0.005689900426742532
FPDR:0.005689900426742532
F1:0.9666712764486239
BACC:0
CLSFE:0.005689900426742532
MCC:0.13777920905655763
GMEAN:0.6223150394760947
SAMPLES:3515
AUC:{}
AVGP:{}
