

GENERAL_METRICS
ACC:0.9317333333333333
PREC:0.509100015493988
REC:0.5657174578667522
TNR:0.5657174578667522
FPR:0.490899984506012
FPDR:0.490899984506012
F1:0.5046889446572447
BACC:0.0
CLSFE:0.06826666666666667
MCC:0.04890929910816336
GMEAN:0.426059180041261
SAMPLES:3750.0
AUC:{'AUC macro OVO': 0.509100015493988}
AVGP:{'avg_precision': 0.9378787964374937}


METRICS_PER_CLASSES
CLASS:0
ACC:0.9317333333333333
PREC:0.02531645569620253
REC:0.1935483870967742
TNR:0.9378865286367303
FPR:0.9746835443037974
FPDR:0.9746835443037974
F1:0.04477611940298507
BACC:0
CLSFE:0.9746835443037974
MCC:0.04890929910816336
GMEAN:0.426059180041261
SAMPLES:237
AUC:{}
AVGP:{}
CLASS:1
ACC:0.9317333333333333
PREC:0.9928835752917734
REC:0.9378865286367303
TNR:0.1935483870967742
FPR:0.007116424708226587
FPDR:0.007116424708226587
F1:0.9646017699115044
BACC:0
CLSFE:0.007116424708226587
MCC:0.04890929910816336
GMEAN:0.426059180041261
SAMPLES:3513
AUC:{}
AVGP:{}
