

GENERAL_METRICS
ACC:0.9328
PREC:0.5255757081719992
REC:0.6689098250336474
TNR:0.6689098250336474
FPR:0.47442429182800083
FPDR:0.47442429182800083
F1:0.5325484764542936
BACC:0.0
CLSFE:0.0672
MCC:0.13145323719778085
GMEAN:0.6124768240733015
SAMPLES:3750.0
AUC:{'AUC macro OVO': 0.5255757081719992}
AVGP:{'avg_precision': 0.93780075915391}


METRICS_PER_CLASSES
CLASS:0
ACC:0.9328
PREC:0.05714285714285714
REC:0.4
TNR:0.9378196500672947
FPR:0.9428571428571428
FPDR:0.9428571428571428
F1:0.1
BACC:0
CLSFE:0.9428571428571428
MCC:0.13145323719778085
GMEAN:0.6124768240733015
SAMPLES:245
AUC:{}
AVGP:{}
CLASS:1
ACC:0.9328
PREC:0.9940085592011412
REC:0.9378196500672947
TNR:0.4
FPR:0.005991440798858773
FPDR:0.005991440798858773
F1:0.9650969529085872
BACC:0
CLSFE:0.005991440798858773
MCC:0.13145323719778085
GMEAN:0.6124768240733015
SAMPLES:3505
AUC:{}
AVGP:{}
