

GENERAL_METRICS
ACC:0.8942857142857142
PREC:0.5943881661094775
REC:0.5936783246136088
TNR:0.5936783246136088
FPR:0.4056118338905224
FPDR:0.4056118338905224
F1:0.5940311608514374
BACC:0.0
CLSFE:0.10571428571428572
MCC:0.18806515109915356
GMEAN:0.4796986376635849
SAMPLES:3500.0
AUC:{'AUC macro OVO': 0.5943881661094776}
AVGP:{'avg_precision': 0.9427019558291838}


METRICS_PER_CLASSES
CLASS:0
ACC:0.8942857142857142
PREC:0.2459016393442623
REC:0.24390243902439024
TNR:0.9434542102028273
FPR:0.7540983606557377
FPDR:0.7540983606557377
F1:0.24489795918367346
BACC:0
CLSFE:0.7540983606557377
MCC:0.18806515109915356
GMEAN:0.4796986376635849
SAMPLES:244
AUC:{}
AVGP:{}
CLASS:1
ACC:0.8942857142857142
PREC:0.9428746928746928
REC:0.9434542102028273
TNR:0.24390243902439024
FPR:0.057125307125307126
FPDR:0.057125307125307126
F1:0.9431643625192012
BACC:0
CLSFE:0.057125307125307126
MCC:0.18806515109915356
GMEAN:0.4796986376635849
SAMPLES:3256
AUC:{}
AVGP:{}
