

GENERAL_METRICS
ACC:0.8934285714285715
PREC:0.5805380281095682
REC:0.5771519651879902
TNR:0.5771519651879902
FPR:0.4194619718904318
FPDR:0.4194619718904318
F1:0.5787860455737044
BACC:0.0
CLSFE:0.10657142857142857
MCC:0.15765363479499964
GMEAN:0.4452113602898713
SAMPLES:3500.0
AUC:{'AUC macro OVO': 0.5805380281095682}
AVGP:{'avg_precision': 0.9437979760648952}


METRICS_PER_CLASSES
CLASS:0
ACC:0.8934285714285715
PREC:0.21982758620689655
REC:0.20987654320987653
TNR:0.9444273871661037
FPR:0.7801724137931034
FPDR:0.7801724137931034
F1:0.21473684210526317
BACC:0
CLSFE:0.7801724137931034
MCC:0.15765363479499964
GMEAN:0.4452113602898713
SAMPLES:232
AUC:{}
AVGP:{}
CLASS:1
ACC:0.8934285714285715
PREC:0.9412484700122399
REC:0.9444273871661037
TNR:0.20987654320987653
FPR:0.0587515299877601
FPDR:0.0587515299877601
F1:0.9428352490421456
BACC:0
CLSFE:0.0587515299877601
MCC:0.15765363479499964
GMEAN:0.4452113602898713
SAMPLES:3268
AUC:{}
AVGP:{}
