

GENERAL_METRICS
ACC:0.8954285714285715
PREC:0.5977524630541872
REC:0.6022622699386503
TNR:0.6022622699386503
FPR:0.40224753694581283
FPDR:0.40224753694581283
F1:0.5999295426267108
BACC:0.0
CLSFE:0.10457142857142857
MCC:0.19996388437930718
GMEAN:0.4972740107001284
SAMPLES:3500.0
AUC:{'AUC macro OVO': 0.5977524630541872}
AVGP:{'avg_precision': 0.941260271540391}


METRICS_PER_CLASSES
CLASS:0
ACC:0.8954285714285715
PREC:0.25
REC:0.2625
TNR:0.9420245398773006
FPR:0.75
FPDR:0.75
F1:0.25609756097560976
BACC:0
CLSFE:0.75
MCC:0.19996388437930718
GMEAN:0.4972740107001284
SAMPLES:252
AUC:{}
AVGP:{}
CLASS:1
ACC:0.8954285714285715
PREC:0.9455049261083743
REC:0.9420245398773006
TNR:0.2625
FPR:0.05449507389162562
FPDR:0.05449507389162562
F1:0.9437615242778119
BACC:0
CLSFE:0.05449507389162562
MCC:0.19996388437930718
GMEAN:0.4972740107001284
SAMPLES:3248
AUC:{}
AVGP:{}
