

GENERAL_METRICS
ACC:0.8922857142857142
PREC:0.5956166314305849
REC:0.6100864074443337
TNR:0.6100864074443337
FPR:0.4043833685694151
FPDR:0.4043833685694151
F1:0.6020662997654619
BACC:0.0
CLSFE:0.10771428571428572
MCC:0.20519348377686902
GMEAN:0.5155644929854892
SAMPLES:3500.0
AUC:{'AUC macro OVO': 0.5956166314305849}
AVGP:{'avg_precision': 0.9354965365991357}


METRICS_PER_CLASSES
CLASS:0
ACC:0.8922857142857142
PREC:0.24363636363636362
REC:0.2838983050847458
TNR:0.9362745098039216
FPR:0.7563636363636363
FPDR:0.7563636363636363
F1:0.2622309197651663
BACC:0
CLSFE:0.7563636363636363
MCC:0.20519348377686902
GMEAN:0.5155644929854892
SAMPLES:275
AUC:{}
AVGP:{}
CLASS:1
ACC:0.8922857142857142
PREC:0.9475968992248062
REC:0.9362745098039216
TNR:0.2838983050847458
FPR:0.0524031007751938
FPDR:0.0524031007751938
F1:0.9419016797657574
BACC:0
CLSFE:0.0524031007751938
MCC:0.20519348377686902
GMEAN:0.5155644929854892
SAMPLES:3225
AUC:{}
AVGP:{}
