

GENERAL_METRICS
ACC:0.9134285714285715
PREC:0.49458539603960394
REC:0.4613275613275613
TNR:0.4613275613275613
FPR:0.5054146039603961
FPDR:0.5054146039603961
F1:0.4773779304166044
BACC:0.0
CLSFE:0.08657142857142858
MCC:-0.02894103934512093
GMEAN:0.0
SAMPLES:3500.0
AUC:{'AUC macro OVO': 0.49458539603960394}
AVGP:{'avg_precision': 0.9226634984927063}


METRICS_PER_CLASSES
CLASS:0
ACC:0.9134285714285715
PREC:0.0
REC:0.0
TNR:0.9226551226551226
FPR:1.0
FPDR:1.0
F1:0.0
BACC:0
CLSFE:1.0
MCC:-0.02894103934512093
GMEAN:0
SAMPLES:268
AUC:{}
AVGP:{}
CLASS:1
ACC:0.9134285714285715
PREC:0.9891707920792079
REC:0.9226551226551226
TNR:0.0
FPR:0.010829207920792078
FPDR:0.010829207920792078
F1:0.9547558608332088
BACC:0
CLSFE:0.010829207920792078
MCC:-0.02894103934512093
GMEAN:0
SAMPLES:3232
AUC:{}
AVGP:{}
