

GENERAL_METRICS
ACC:0.9262857142857143
PREC:0.4957186544342508
REC:0.4668778801843318
TNR:0.4668778801843318
FPR:0.5042813455657492
FPDR:0.5042813455657492
F1:0.48086621180658556
BACC:0.0
CLSFE:0.07371428571428572
MCC:-0.02381656908969266
GMEAN:0.0
SAMPLES:3500.0
AUC:{'AUC macro OVO': 0.4957186544342508}
AVGP:{'avg_precision': 0.9337602982003692}


METRICS_PER_CLASSES
CLASS:0
ACC:0.9262857142857143
PREC:0.0
REC:0.0
TNR:0.9337557603686636
FPR:1.0
FPDR:1.0
F1:0.0
BACC:0
CLSFE:1.0
MCC:-0.02381656908969266
GMEAN:0
SAMPLES:230
AUC:{}
AVGP:{}
CLASS:1
ACC:0.9262857142857143
PREC:0.9914373088685016
REC:0.9337557603686636
TNR:0.0
FPR:0.00856269113149847
FPDR:0.00856269113149847
F1:0.9617324236131711
BACC:0
CLSFE:0.00856269113149847
MCC:-0.02381656908969266
GMEAN:0
SAMPLES:3270
AUC:{}
AVGP:{}
