

GENERAL_METRICS
ACC:0.924
PREC:0.49723247232472323
REC:0.46438828259620907
TNR:0.46438828259620907
FPR:0.5027675276752768
FPDR:0.5027675276752768
F1:0.4802494802494803
BACC:0.0
CLSFE:0.076
MCC:-0.01985511656768866
GMEAN:0.0
SAMPLES:3500.0
AUC:{'AUC macro OVO': 0.49723247232472323}
AVGP:{'avg_precision': 0.9287785926386384}


METRICS_PER_CLASSES
CLASS:0
ACC:0.924
PREC:0.0
REC:0.0
TNR:0.9287765651924181
FPR:1.0
FPDR:1.0
F1:0.0
BACC:0
CLSFE:1.0
MCC:-0.01985511656768866
GMEAN:0
SAMPLES:248
AUC:{}
AVGP:{}
CLASS:1
ACC:0.924
PREC:0.9944649446494465
REC:0.9287765651924181
TNR:0.0
FPR:0.005535055350553505
FPDR:0.005535055350553505
F1:0.9604989604989606
BACC:0
CLSFE:0.005535055350553505
MCC:-0.01985511656768866
GMEAN:0
SAMPLES:3252
AUC:{}
AVGP:{}
