

GENERAL_METRICS
ACC:0.9225714285714286
PREC:0.4969221298861188
REC:0.4639367816091954
TNR:0.4639367816091954
FPR:0.5030778701138812
FPDR:0.5030778701138812
F1:0.47986327834745135
BACC:0.0
CLSFE:0.07742857142857143
MCC:-0.02107110838047473
GMEAN:0.0
SAMPLES:3500.0
AUC:{'AUC macro OVO': 0.4969221298861188}
AVGP:{'avg_precision': 0.9278761003132958}


METRICS_PER_CLASSES
CLASS:0
ACC:0.9225714285714286
PREC:0.0
REC:0.0
TNR:0.9278735632183908
FPR:1.0
FPDR:1.0
F1:0.0
BACC:0
CLSFE:1.0
MCC:-0.02107110838047473
GMEAN:0
SAMPLES:251
AUC:{}
AVGP:{}
CLASS:1
ACC:0.9225714285714286
PREC:0.9938442597722376
REC:0.9278735632183908
TNR:0.0
FPR:0.006155740227762389
FPDR:0.006155740227762389
F1:0.9597265566949027
BACC:0
CLSFE:0.006155740227762389
MCC:-0.02107110838047473
GMEAN:0
SAMPLES:3249
AUC:{}
AVGP:{}
