

GENERAL_METRICS
ACC:0.8892
PREC:0.5438781222023481
REC:0.6109497464269249
TNR:0.6109497464269249
FPR:0.4561218777976519
FPDR:0.4561218777976519
F1:0.5544076324020614
BACC:0.0
CLSFE:0.1108
MCC:0.1395459283825958
GMEAN:0.5323123006573061
SAMPLES:2500.0
AUC:{'AUC macro OVO': 0.5438781222023481}
AVGP:{'avg_precision': 0.9105689401529956}


METRICS_PER_CLASSES
CLASS:0
ACC:0.8892
PREC:0.11522633744855967
REC:0.3111111111111111
TNR:0.9107883817427386
FPR:0.8847736625514403
FPDR:0.8847736625514403
F1:0.16816816816816818
BACC:0
CLSFE:0.8847736625514403
MCC:0.1395459283825958
GMEAN:0.5323123006573061
SAMPLES:243
AUC:{}
AVGP:{}
CLASS:1
ACC:0.8892
PREC:0.9725299069561365
REC:0.9107883817427386
TNR:0.3111111111111111
FPR:0.027470093043863535
FPDR:0.027470093043863535
F1:0.9406470966359546
BACC:0
CLSFE:0.027470093043863535
MCC:0.1395459283825958
GMEAN:0.5323123006573061
SAMPLES:2257
AUC:{}
AVGP:{}
