

GENERAL_METRICS
ACC:0.8852
PREC:0.5454646017699115
REC:0.5963089384536674
TNR:0.5963089384536674
FPR:0.4545353982300885
FPDR:0.4545353982300885
F1:0.5556150133377431
BACC:0.0
CLSFE:0.1148
MCC:0.13234269958979838
GMEAN:0.5057364515714896
SAMPLES:2500.0
AUC:{'AUC macro OVO': 0.5454646017699115}
AVGP:{'avg_precision': 0.9119631639479455}


METRICS_PER_CLASSES
CLASS:0
ACC:0.8852
PREC:0.125
REC:0.2803738317757009
TNR:0.9122440451316339
FPR:0.875
FPDR:0.875
F1:0.1729106628242075
BACC:0
CLSFE:0.875
MCC:0.13234269958979838
GMEAN:0.5057364515714896
SAMPLES:240
AUC:{}
AVGP:{}
CLASS:1
ACC:0.8852
PREC:0.965929203539823
REC:0.9122440451316339
TNR:0.2803738317757009
FPR:0.034070796460176994
FPDR:0.034070796460176994
F1:0.9383193638512788
BACC:0
CLSFE:0.034070796460176994
MCC:0.13234269958979838
GMEAN:0.5057364515714896
SAMPLES:2260
AUC:{}
AVGP:{}
