

GENERAL_METRICS
ACC:0.8804
PREC:0.5441308657480945
REC:0.5971138362442711
TNR:0.5971138362442711
FPR:0.4558691342519055
FPDR:0.4558691342519055
F1:0.5536458031658604
BACC:0.0
CLSFE:0.1196
MCC:0.13093078583096276
GMEAN:0.5102913991316597
SAMPLES:2500.0
AUC:{'AUC macro OVO': 0.5441308657480945}
AVGP:{'avg_precision': 0.9069031058877464}


METRICS_PER_CLASSES
CLASS:0
ACC:0.8804
PREC:0.1225296442687747
REC:0.28703703703703703
TNR:0.907190635451505
FPR:0.8774703557312253
FPDR:0.8774703557312253
F1:0.17174515235457063
BACC:0
CLSFE:0.8774703557312253
MCC:0.13093078583096276
GMEAN:0.5102913991316597
SAMPLES:253
AUC:{}
AVGP:{}
CLASS:1
ACC:0.8804
PREC:0.9657320872274143
REC:0.907190635451505
TNR:0.28703703703703703
FPR:0.03426791277258567
FPDR:0.03426791277258567
F1:0.9355464539771502
BACC:0
CLSFE:0.03426791277258567
MCC:0.13093078583096276
GMEAN:0.5102913991316597
SAMPLES:2247
AUC:{}
AVGP:{}
