

GENERAL_METRICS
ACC:0.8928
PREC:0.55906872768927
REC:0.634285377725611
TNR:0.634285377725611
FPR:0.44093127231073004
FPDR:0.44093127231073004
F1:0.5748072671149594
BACC:0.0
CLSFE:0.1072
MCC:0.1781242982810023
GMEAN:0.5687682870147481
SAMPLES:2500.0
AUC:{'AUC macro OVO': 0.55906872768927}
AVGP:{'avg_precision': 0.9147343555989221}


METRICS_PER_CLASSES
CLASS:0
ACC:0.8928
PREC:0.14644351464435146
REC:0.35353535353535354
TNR:0.9150354019158684
FPR:0.8535564853556485
FPDR:0.8535564853556485
F1:0.20710059171597633
BACC:0
CLSFE:0.8535564853556485
MCC:0.1781242982810023
GMEAN:0.5687682870147481
SAMPLES:239
AUC:{}
AVGP:{}
CLASS:1
ACC:0.8928
PREC:0.9716939407341885
REC:0.9150354019158684
TNR:0.35353535353535354
FPR:0.02830605926581159
FPDR:0.02830605926581159
F1:0.9425139425139425
BACC:0
CLSFE:0.02830605926581159
MCC:0.1781242982810023
GMEAN:0.5687682870147481
SAMPLES:2261
AUC:{}
AVGP:{}
