

GENERAL_METRICS
ACC:0.9186666666666666
PREC:0.5312688498433639
REC:0.6169691381987578
TNR:0.6169691381987578
FPR:0.46873115015663613
FPDR:0.46873115015663613
F1:0.5398298627787738
BACC:0.0
CLSFE:0.08133333333333333
MCC:0.12095437848452836
GMEAN:0.5314440639334135
SAMPLES:3000.0
AUC:{'AUC macro OVO': 0.5312688498433639}
AVGP:{'avg_precision': 0.9303055421870597}


METRICS_PER_CLASSES
CLASS:0
ACC:0.9186666666666666
PREC:0.07657657657657657
REC:0.30357142857142855
TNR:0.9303668478260869
FPR:0.9234234234234234
FPDR:0.9234234234234234
F1:0.1223021582733813
BACC:0
CLSFE:0.9234234234234234
MCC:0.12095437848452836
GMEAN:0.5314440639334135
SAMPLES:222
AUC:{}
AVGP:{}
CLASS:1
ACC:0.9186666666666666
PREC:0.9859611231101512
REC:0.9303668478260869
TNR:0.30357142857142855
FPR:0.014038876889848811
FPDR:0.014038876889848811
F1:0.9573575672841663
BACC:0
CLSFE:0.014038876889848811
MCC:0.12095437848452836
GMEAN:0.5314440639334135
SAMPLES:2778
AUC:{}
AVGP:{}
