

GENERAL_METRICS
ACC:0.9103333333333333
PREC:0.523428579105039
REC:0.5952057453416149
TNR:0.5952057453416149
FPR:0.47657142089496096
FPDR:0.47657142089496096
F1:0.5265748718613585
BACC:0.0
CLSFE:0.08966666666666667
MCC:0.09445708731461554
GMEAN:0.49710438716544275
SAMPLES:3000.0
AUC:{'AUC macro OVO': 0.523428579105039}
AVGP:{'avg_precision': 0.9225014902777121}


METRICS_PER_CLASSES
CLASS:0
ACC:0.9103333333333333
PREC:0.06172839506172839
REC:0.26785714285714285
TNR:0.9225543478260869
FPR:0.9382716049382716
FPDR:0.9382716049382716
F1:0.10033444816053512
BACC:0
CLSFE:0.9382716049382716
MCC:0.09445708731461554
GMEAN:0.49710438716544275
SAMPLES:243
AUC:{}
AVGP:{}
CLASS:1
ACC:0.9103333333333333
PREC:0.9851287631483496
REC:0.9225543478260869
TNR:0.26785714285714285
FPR:0.014871236851650345
FPDR:0.014871236851650345
F1:0.952815295562182
BACC:0
CLSFE:0.014871236851650345
MCC:0.09445708731461554
GMEAN:0.49710438716544275
SAMPLES:2757
AUC:{}
AVGP:{}
