

GENERAL_METRICS
ACC:0.9163333333333333
PREC:0.5243107699723751
REC:0.618330513254371
TNR:0.618330513254371
FPR:0.4756892300276248
FPDR:0.4756892300276248
F1:0.528242487120644
BACC:0.0
CLSFE:0.08366666666666667
MCC:0.10726986321311514
GMEAN:0.5366086679957303
SAMPLES:3000.0
AUC:{'AUC macro OVO': 0.5243107699723751}
AVGP:{'avg_precision': 0.9255101296502245}


METRICS_PER_CLASSES
CLASS:0
ACC:0.9163333333333333
PREC:0.05982905982905983
REC:0.3111111111111111
TNR:0.9255499153976311
FPR:0.9401709401709402
FPDR:0.9401709401709402
F1:0.1003584229390681
BACC:0
CLSFE:0.9401709401709402
MCC:0.10726986321311514
GMEAN:0.5366086679957303
SAMPLES:234
AUC:{}
AVGP:{}
CLASS:1
ACC:0.9163333333333333
PREC:0.9887924801156905
REC:0.9255499153976311
TNR:0.3111111111111111
FPR:0.011207519884309472
FPDR:0.011207519884309472
F1:0.9561265513022199
BACC:0
CLSFE:0.011207519884309472
MCC:0.10726986321311514
GMEAN:0.5366086679957303
SAMPLES:2766
AUC:{}
AVGP:{}
