

GENERAL_METRICS
ACC:0.9143333333333333
PREC:0.5207325545491972
REC:0.574297339196284
TNR:0.574297339196284
FPR:0.4792674454508028
FPDR:0.4792674454508028
F1:0.523459572250884
BACC:0.0
CLSFE:0.08566666666666667
MCC:0.07849518807537605
GMEAN:0.4522509435288687
SAMPLES:3000.0
AUC:{'AUC macro OVO': 0.5207325545491972}
AVGP:{'avg_precision': 0.9282072700346651}


METRICS_PER_CLASSES
CLASS:0
ACC:0.9143333333333333
PREC:0.05803571428571429
REC:0.22033898305084745
TNR:0.9282556953417205
FPR:0.9419642857142857
FPDR:0.9419642857142857
F1:0.09187279151943463
BACC:0
CLSFE:0.9419642857142857
MCC:0.07849518807537605
GMEAN:0.4522509435288687
SAMPLES:224
AUC:{}
AVGP:{}
CLASS:1
ACC:0.9143333333333333
PREC:0.9834293948126801
REC:0.9282556953417205
TNR:0.22033898305084745
FPR:0.016570605187319884
FPDR:0.016570605187319884
F1:0.9550463529823334
BACC:0
CLSFE:0.016570605187319884
MCC:0.07849518807537605
GMEAN:0.4522509435288687
SAMPLES:2776
AUC:{}
AVGP:{}
