

GENERAL_METRICS
ACC:0.632
PREC:0.6312629101215352
REC:0.6316338819751104
TNR:0.6316338819751104
FPR:0.3687370898784647
FPDR:0.3687370898784647
F1:0.6312861700251687
BACC:0.0
CLSFE:0.368
MCC:0.262896530358601
GMEAN:0.6316044069326021
SAMPLES:500.0
AUC:{'AUC macro OVO': 0.6312629101215352}
AVGP:{'avg_precision': 0.5704081954294721}


METRICS_PER_CLASSES
CLASS:0
ACC:0.632
PREC:0.6575875486381323
REC:0.6377358490566037
TNR:0.625531914893617
FPR:0.3424124513618677
FPDR:0.3424124513618677
F1:0.6475095785440613
BACC:0
CLSFE:0.3424124513618677
MCC:0.262896530358601
GMEAN:0.6316044069326021
SAMPLES:257
AUC:{}
AVGP:{}
CLASS:1
ACC:0.632
PREC:0.6049382716049383
REC:0.625531914893617
TNR:0.6377358490566037
FPR:0.3950617283950617
FPDR:0.3950617283950617
F1:0.6150627615062761
BACC:0
CLSFE:0.3950617283950617
MCC:0.262896530358601
GMEAN:0.6316044069326021
SAMPLES:243
AUC:{}
AVGP:{}
