

GENERAL_METRICS
ACC:0.548
PREC:0.544197117858981
REC:0.5445265409294187
TNR:0.5445265409294187
FPR:0.45580288214101905
FPDR:0.45580288214101905
F1:0.5441416146261961
BACC:0.0
CLSFE:0.452
MCC:0.08872304722698054
GMEAN:0.5436426638032175
SAMPLES:500.0
AUC:{'AUC macro OVO': 0.5441971178589808}
AVGP:{'avg_precision': 0.4883299161230195}


METRICS_PER_CLASSES
CLASS:0
ACC:0.548
PREC:0.5970149253731343
REC:0.5755395683453237
TNR:0.5135135135135135
FPR:0.40298507462686567
FPDR:0.40298507462686567
F1:0.5860805860805861
BACC:0
CLSFE:0.40298507462686567
MCC:0.08872304722698054
GMEAN:0.5436426638032175
SAMPLES:268
AUC:{}
AVGP:{}
CLASS:1
ACC:0.548
PREC:0.49137931034482757
REC:0.5135135135135135
TNR:0.5755395683453237
FPR:0.5086206896551724
FPDR:0.5086206896551724
F1:0.5022026431718062
BACC:0
CLSFE:0.5086206896551724
MCC:0.08872304722698054
GMEAN:0.5436426638032175
SAMPLES:232
AUC:{}
AVGP:{}
