

GENERAL_METRICS
ACC:0.566
PREC:0.5662975468467459
REC:0.5664410802488935
TNR:0.5664410802488935
FPR:0.43370245315325406
FPDR:0.43370245315325406
F1:0.5658593384256498
BACC:0.0
CLSFE:0.434
MCC:0.13273854949259342
GMEAN:0.5663665390135691
SAMPLES:500.0
AUC:{'AUC macro OVO': 0.5662975468467459}
AVGP:{'avg_precision': 0.5437049191217989}


METRICS_PER_CLASSES
CLASS:0
ACC:0.566
PREC:0.5910931174089069
REC:0.5572519083969466
TNR:0.5756302521008403
FPR:0.4089068825910931
FPDR:0.4089068825910931
F1:0.5736738703339882
BACC:0
CLSFE:0.4089068825910931
MCC:0.13273854949259342
GMEAN:0.5663665390135691
SAMPLES:247
AUC:{}
AVGP:{}
CLASS:1
ACC:0.566
PREC:0.541501976284585
REC:0.5756302521008403
TNR:0.5572519083969466
FPR:0.45849802371541504
FPDR:0.45849802371541504
F1:0.5580448065173116
BACC:0
CLSFE:0.45849802371541504
MCC:0.13273854949259342
GMEAN:0.5663665390135691
SAMPLES:253
AUC:{}
AVGP:{}
