

GENERAL_METRICS
ACC:0.588
PREC:0.5887600070590877
REC:0.5885554221688676
TNR:0.5885554221688676
FPR:0.4112399929409122
FPDR:0.4112399929409122
F1:0.587894500992254
BACC:0.0
CLSFE:0.412
MCC:0.17731531120384592
GMEAN:0.5878998643478327
SAMPLES:500.0
AUC:{'AUC macro OVO': 0.5887600070590877}
AVGP:{'avg_precision': 0.577860479553038}


METRICS_PER_CLASSES
CLASS:0
ACC:0.588
PREC:0.6033755274261603
REC:0.5607843137254902
TNR:0.6163265306122448
FPR:0.39662447257383965
FPDR:0.39662447257383965
F1:0.5813008130081301
BACC:0
CLSFE:0.39662447257383965
MCC:0.17731531120384592
GMEAN:0.5878998643478327
SAMPLES:237
AUC:{}
AVGP:{}
CLASS:1
ACC:0.588
PREC:0.5741444866920152
REC:0.6163265306122448
TNR:0.5607843137254902
FPR:0.42585551330798477
FPDR:0.42585551330798477
F1:0.594488188976378
BACC:0
CLSFE:0.42585551330798477
MCC:0.17731531120384592
GMEAN:0.5878998643478327
SAMPLES:263
AUC:{}
AVGP:{}
