

GENERAL_METRICS
ACC:0.9075555555555556
PREC:0.7297939730080991
REC:0.7665184296092777
TNR:0.7665184296092777
FPR:0.2702060269919008
FPDR:0.2702060269919008
F1:0.7462127127908793
BACC:0.0
CLSFE:0.09244444444444444
MCC:0.4949518312716717
GMEAN:0.7466902810738177
SAMPLES:2250.0
AUC:{'AUC macro OVO': 0.7297939730080992}
AVGP:{'avg_precision': 0.9376342644832903}


METRICS_PER_CLASSES
CLASS:0
ACC:0.9075555555555556
PREC:0.5020242914979757
REC:0.5933014354066986
TNR:0.9397354238118569
FPR:0.4979757085020243
FPDR:0.4979757085020243
F1:0.543859649122807
BACC:0
CLSFE:0.4979757085020243
MCC:0.4949518312716717
GMEAN:0.7466902810738177
SAMPLES:247
AUC:{}
AVGP:{}
CLASS:1
ACC:0.9075555555555556
PREC:0.9575636545182227
REC:0.9397354238118569
TNR:0.5933014354066986
FPR:0.042436345481777334
FPDR:0.042436345481777334
F1:0.9485657764589516
BACC:0
CLSFE:0.042436345481777334
MCC:0.4949518312716717
GMEAN:0.7466902810738177
SAMPLES:2003
AUC:{}
AVGP:{}
