

GENERAL_METRICS
ACC:0.8906666666666667
PREC:0.6735320122744058
REC:0.7312677618354474
TNR:0.7312677618354474
FPR:0.3264679877255942
FPDR:0.3264679877255942
F1:0.6962962962962963
BACC:0.0
CLSFE:0.10933333333333334
MCC:0.4006612538566874
GMEAN:0.7057249054358544
SAMPLES:2250.0
AUC:{'AUC macro OVO': 0.6735320122744057}
AVGP:{'avg_precision': 0.9211535322000258}


METRICS_PER_CLASSES
CLASS:0
ACC:0.8906666666666667
PREC:0.39080459770114945
REC:0.5396825396825397
TNR:0.9228529839883551
FPR:0.6091954022988506
FPDR:0.6091954022988506
F1:0.4533333333333333
BACC:0
CLSFE:0.6091954022988506
MCC:0.4006612538566874
GMEAN:0.7057249054358544
SAMPLES:261
AUC:{}
AVGP:{}
CLASS:1
ACC:0.8906666666666667
PREC:0.9562594268476622
REC:0.9228529839883551
TNR:0.5396825396825397
FPR:0.043740573152337855
FPDR:0.043740573152337855
F1:0.9392592592592592
BACC:0
CLSFE:0.043740573152337855
MCC:0.4006612538566874
GMEAN:0.7057249054358544
SAMPLES:1989
AUC:{}
AVGP:{}
