

GENERAL_METRICS
ACC:0.8986666666666666
PREC:0.7113057923771313
REC:0.7496528227822319
TNR:0.7496528227822319
FPR:0.2886942076228686
FPDR:0.2886942076228686
F1:0.7281364468864469
BACC:0.0
CLSFE:0.10133333333333333
MCC:0.45936080606506724
GMEAN:0.7268183091776727
SAMPLES:2250.0
AUC:{'AUC macro OVO': 0.7113057923771313}
AVGP:{'avg_precision': 0.9310972962503256}


METRICS_PER_CLASSES
CLASS:0
ACC:0.8986666666666666
PREC:0.46875
REC:0.5660377358490566
TNR:0.9332679097154073
FPR:0.53125
FPDR:0.53125
F1:0.5128205128205128
BACC:0
CLSFE:0.53125
MCC:0.45936080606506724
GMEAN:0.7268183091776727
SAMPLES:256
AUC:{}
AVGP:{}
CLASS:1
ACC:0.8986666666666666
PREC:0.9538615847542627
REC:0.9332679097154073
TNR:0.5660377358490566
FPR:0.04613841524573721
FPDR:0.04613841524573721
F1:0.9434523809523809
BACC:0
CLSFE:0.04613841524573721
MCC:0.45936080606506724
GMEAN:0.7268183091776727
SAMPLES:1994
AUC:{}
AVGP:{}
