

GENERAL_METRICS
ACC:0.8977777777777778
PREC:0.6921299911499819
REC:0.7160365853658537
TNR:0.7160365853658537
FPR:0.3078700088500182
FPDR:0.3078700088500182
F1:0.7030667609202578
BACC:0.0
CLSFE:0.10222222222222223
MCC:0.40746586229726656
GMEAN:0.6810662372428948
SAMPLES:2250.0
AUC:{'AUC macro OVO': 0.6921299911499819}
AVGP:{'avg_precision': 0.9351547449599126}


METRICS_PER_CLASSES
CLASS:0
ACC:0.8977777777777778
PREC:0.4342105263157895
REC:0.495
TNR:0.9370731707317074
FPR:0.5657894736842105
FPDR:0.5657894736842105
F1:0.46261682242990654
BACC:0
CLSFE:0.5657894736842105
MCC:0.40746586229726656
GMEAN:0.6810662372428948
SAMPLES:228
AUC:{}
AVGP:{}
CLASS:1
ACC:0.8977777777777778
PREC:0.9500494559841741
REC:0.9370731707317074
TNR:0.495
FPR:0.049950544015825916
FPDR:0.049950544015825916
F1:0.943516699410609
BACC:0
CLSFE:0.049950544015825916
MCC:0.40746586229726656
GMEAN:0.6810662372428948
SAMPLES:2022
AUC:{}
AVGP:{}
