

GENERAL_METRICS
ACC:0.8804444444444445
PREC:0.644
REC:0.684838612786211
TNR:0.684838612786211
FPR:0.35600000000000004
FPDR:0.35600000000000004
F1:0.6605019466798745
BACC:0.0
CLSFE:0.11955555555555555
MCC:0.3262928760559408
GMEAN:0.6432188028085536
SAMPLES:2250.0
AUC:{'AUC macro OVO': 0.6439999999999999}
AVGP:{'avg_precision': 0.918327025715672}


METRICS_PER_CLASSES
CLASS:0
ACC:0.8804444444444445
PREC:0.34
REC:0.4497354497354497
TNR:0.9199417758369723
FPR:0.66
FPDR:0.66
F1:0.38724373576309795
BACC:0
CLSFE:0.66
MCC:0.3262928760559408
GMEAN:0.6432188028085536
SAMPLES:250
AUC:{}
AVGP:{}
CLASS:1
ACC:0.8804444444444445
PREC:0.948
REC:0.9199417758369723
TNR:0.4497354497354497
FPR:0.052
FPDR:0.052
F1:0.9337601575966511
BACC:0
CLSFE:0.052
MCC:0.3262928760559408
GMEAN:0.6432188028085536
SAMPLES:2000
AUC:{}
AVGP:{}
