

GENERAL_METRICS
ACC:0.876
PREC:0.634781450278725
REC:0.6620953639488901
TNR:0.6620953639488901
FPR:0.36521854972127504
FPDR:0.36521854972127504
F1:0.6464437962502485
BACC:0.0
CLSFE:0.124
MCC:0.2956176465401832
GMEAN:0.6093205934131062
SAMPLES:2250.0
AUC:{'AUC macro OVO': 0.634781450278725}
AVGP:{'avg_precision': 0.9194848284957226}


METRICS_PER_CLASSES
CLASS:0
ACC:0.876
PREC:0.3278008298755187
REC:0.4030612244897959
TNR:0.9211295034079844
FPR:0.6721991701244814
FPDR:0.6721991701244814
F1:0.36155606407322655
BACC:0
CLSFE:0.6721991701244814
MCC:0.2956176465401832
GMEAN:0.6093205934131062
SAMPLES:241
AUC:{}
AVGP:{}
CLASS:1
ACC:0.876
PREC:0.9417620706819313
REC:0.9211295034079844
TNR:0.4030612244897959
FPR:0.05823792931806869
FPDR:0.05823792931806869
F1:0.9313315284272705
BACC:0
CLSFE:0.05823792931806869
MCC:0.2956176465401832
GMEAN:0.6093205934131062
SAMPLES:2009
AUC:{}
AVGP:{}
