

GENERAL_METRICS
ACC:0.8628571428571429
PREC:0.7113848202396804
REC:0.7172737306843268
TNR:0.7172737306843268
FPR:0.2886151797603196
FPDR:0.2886151797603196
F1:0.7142577232055385
BACC:0.0
CLSFE:0.13714285714285715
MCC:0.4286180980943812
GMEAN:0.6886497009336652
SAMPLES:1750.0
AUC:{'AUC macro OVO': 0.7113848202396804}
AVGP:{'avg_precision': 0.9132782452157766}


METRICS_PER_CLASSES
CLASS:0
ACC:0.8628571428571429
PREC:0.5
REC:0.5166666666666667
TNR:0.9178807947019868
FPR:0.5
FPDR:0.5
F1:0.5081967213114754
BACC:0
CLSFE:0.5
MCC:0.4286180980943812
GMEAN:0.6886497009336652
SAMPLES:248
AUC:{}
AVGP:{}
CLASS:1
ACC:0.8628571428571429
PREC:0.9227696404793608
REC:0.9178807947019868
TNR:0.5166666666666667
FPR:0.07723035952063914
FPDR:0.07723035952063914
F1:0.9203187250996016
BACC:0
CLSFE:0.07723035952063914
MCC:0.4286180980943812
GMEAN:0.6886497009336652
SAMPLES:1502
AUC:{}
AVGP:{}
