

GENERAL_METRICS
ACC:0.8691428571428571
PREC:0.7077376942187039
REC:0.7354297337520765
TNR:0.7354297337520765
FPR:0.29226230578129603
FPDR:0.29226230578129603
F1:0.7201018878018901
BACC:0.0
CLSFE:0.13085714285714287
MCC:0.44230139063846396
GMEAN:0.7134755908886694
SAMPLES:1750.0
AUC:{'AUC macro OVO': 0.7077376942187039}
AVGP:{'avg_precision': 0.9099611896537012}


METRICS_PER_CLASSES
CLASS:0
ACC:0.8691428571428571
PREC:0.48031496062992124
REC:0.5570776255707762
TNR:0.9137818419333769
FPR:0.5196850393700787
FPDR:0.5196850393700787
F1:0.5158562367864693
BACC:0
CLSFE:0.5196850393700787
MCC:0.44230139063846396
GMEAN:0.7134755908886694
SAMPLES:254
AUC:{}
AVGP:{}
CLASS:1
ACC:0.8691428571428571
PREC:0.9351604278074866
REC:0.9137818419333769
TNR:0.5570776255707762
FPR:0.06483957219251336
FPDR:0.06483957219251336
F1:0.9243475388173109
BACC:0
CLSFE:0.06483957219251336
MCC:0.44230139063846396
GMEAN:0.7134755908886694
SAMPLES:1496
AUC:{}
AVGP:{}
