

GENERAL_METRICS
ACC:0.8662857142857143
PREC:0.7241415461247158
REC:0.7377313716184148
TNR:0.7377313716184148
FPR:0.2758584538752841
FPDR:0.2758584538752841
F1:0.7305807612952124
BACC:0.0
CLSFE:0.1337142857142857
MCC:0.46167294569598033
GMEAN:0.7157990612984007
SAMPLES:1750.0
AUC:{'AUC macro OVO': 0.7241415461247159}
AVGP:{'avg_precision': 0.9114445057608912}


METRICS_PER_CLASSES
CLASS:0
ACC:0.8662857142857143
PREC:0.5209125475285171
REC:0.5591836734693878
TNR:0.9162790697674419
FPR:0.4790874524714829
FPDR:0.4790874524714829
F1:0.5393700787401575
BACC:0
CLSFE:0.4790874524714829
MCC:0.46167294569598033
GMEAN:0.7157990612984007
SAMPLES:263
AUC:{}
AVGP:{}
CLASS:1
ACC:0.8662857142857143
PREC:0.9273705447209146
REC:0.9162790697674419
TNR:0.5591836734693878
FPR:0.0726294552790854
FPDR:0.0726294552790854
F1:0.9217914438502673
BACC:0
CLSFE:0.0726294552790854
MCC:0.46167294569598033
GMEAN:0.7157990612984007
SAMPLES:1487
AUC:{}
AVGP:{}
