

GENERAL_METRICS
ACC:0.8651428571428571
PREC:0.7147177419354839
REC:0.7342794930927166
TNR:0.7342794930927166
FPR:0.2852822580645161
FPDR:0.2852822580645161
F1:0.7237450802543953
BACC:0.0
CLSFE:0.13485714285714287
MCC:0.4485709029291039
GMEAN:0.712078378063702
SAMPLES:1750.0
AUC:{'AUC macro OVO': 0.7147177419354839}
AVGP:{'avg_precision': 0.9090153726509567}


METRICS_PER_CLASSES
CLASS:0
ACC:0.8651428571428571
PREC:0.5
REC:0.5550847457627118
TNR:0.9134742404227213
FPR:0.5
FPDR:0.5
F1:0.5261044176706827
BACC:0
CLSFE:0.5
MCC:0.4485709029291039
GMEAN:0.712078378063702
SAMPLES:262
AUC:{}
AVGP:{}
CLASS:1
ACC:0.8651428571428571
PREC:0.9294354838709677
REC:0.9134742404227213
TNR:0.5550847457627118
FPR:0.07056451612903226
FPDR:0.07056451612903226
F1:0.9213857428381079
BACC:0
CLSFE:0.07056451612903226
MCC:0.4485709029291039
GMEAN:0.712078378063702
SAMPLES:1488
AUC:{}
AVGP:{}
