

GENERAL_METRICS
ACC:0.7586666666666667
PREC:0.7341411261582323
REC:0.7265002468091109
TNR:0.7265002468091109
FPR:0.26585887384176765
FPDR:0.26585887384176765
F1:0.729837305338574
BACC:0.0
CLSFE:0.24133333333333334
MCC:0.46057799714273273
GMEAN:0.7187535929031528
SAMPLES:750.0
AUC:{'AUC macro OVO': 0.7341411261582323}
AVGP:{'avg_precision': 0.8014674135324976}


METRICS_PER_CLASSES
CLASS:0
ACC:0.7586666666666667
PREC:0.6639344262295082
REC:0.6206896551724138
TNR:0.8323108384458078
FPR:0.3360655737704918
FPDR:0.3360655737704918
F1:0.6415841584158416
BACC:0
CLSFE:0.3360655737704918
MCC:0.46057799714273273
GMEAN:0.7187535929031528
SAMPLES:244
AUC:{}
AVGP:{}
CLASS:1
ACC:0.7586666666666667
PREC:0.8043478260869565
REC:0.8323108384458078
TNR:0.6206896551724138
FPR:0.1956521739130435
FPDR:0.1956521739130435
F1:0.8180904522613065
BACC:0
CLSFE:0.1956521739130435
MCC:0.46057799714273273
GMEAN:0.7187535929031528
SAMPLES:506
AUC:{}
AVGP:{}
