

GENERAL_METRICS
ACC:0.8192
PREC:0.7355713965676175
REC:0.7404891253407118
TNR:0.7404891253407118
FPR:0.2644286034323825
FPDR:0.2644286034323825
F1:0.7379610494172996
BACC:0.0
CLSFE:0.1808
MCC:0.47603512103976653
GMEAN:0.7271810356282091
SAMPLES:1250.0
AUC:{'AUC macro OVO': 0.7355713965676175}
AVGP:{'avg_precision': 0.8684293694076242}


METRICS_PER_CLASSES
CLASS:0
ACC:0.8192
PREC:0.5836298932384342
REC:0.6007326007326007
TNR:0.8802456499488229
FPR:0.41637010676156583
FPDR:0.41637010676156583
F1:0.592057761732852
BACC:0
CLSFE:0.41637010676156583
MCC:0.47603512103976653
GMEAN:0.7271810356282091
SAMPLES:281
AUC:{}
AVGP:{}
CLASS:1
ACC:0.8192
PREC:0.8875128998968008
REC:0.8802456499488229
TNR:0.6007326007326007
FPR:0.11248710010319918
FPDR:0.11248710010319918
F1:0.8838643371017472
BACC:0
CLSFE:0.11248710010319918
MCC:0.47603512103976653
GMEAN:0.7271810356282091
SAMPLES:969
AUC:{}
AVGP:{}
