

GENERAL_METRICS
ACC:0.8232
PREC:0.7387427332742142
REC:0.7289304610733183
TNR:0.7289304610733183
FPR:0.2612572667257858
FPDR:0.2612572667257858
F1:0.733574442435202
BACC:0.0
CLSFE:0.1768
MCC:0.46757024715595447
GMEAN:0.7097847607912905
SAMPLES:1250.0
AUC:{'AUC macro OVO': 0.7387427332742142}
AVGP:{'avg_precision': 0.8831693569890268}


METRICS_PER_CLASSES
CLASS:0
ACC:0.8232
PREC:0.596078431372549
REC:0.562962962962963
TNR:0.8948979591836734
FPR:0.403921568627451
FPDR:0.403921568627451
F1:0.579047619047619
BACC:0
CLSFE:0.403921568627451
MCC:0.46757024715595447
GMEAN:0.7097847607912905
SAMPLES:255
AUC:{}
AVGP:{}
CLASS:1
ACC:0.8232
PREC:0.8814070351758794
REC:0.8948979591836734
TNR:0.562962962962963
FPR:0.1185929648241206
FPDR:0.1185929648241206
F1:0.8881012658227848
BACC:0
CLSFE:0.1185929648241206
MCC:0.46757024715595447
GMEAN:0.7097847607912905
SAMPLES:995
AUC:{}
AVGP:{}
