

GENERAL_METRICS
ACC:0.8048
PREC:0.7095446261295133
REC:0.6859134066315127
TNR:0.6859134066315127
FPR:0.2904553738704867
FPDR:0.2904553738704867
F1:0.6959110504927237
BACC:0.0
CLSFE:0.1952
MCC:0.39475134089735275
GMEAN:0.6530082385399658
SAMPLES:1250.0
AUC:{'AUC macro OVO': 0.7095446261295134}
AVGP:{'avg_precision': 0.8845785776076809}


METRICS_PER_CLASSES
CLASS:0
ACC:0.8048
PREC:0.5584415584415584
REC:0.47601476014760147
TNR:0.8958120531154239
FPR:0.44155844155844154
FPDR:0.44155844155844154
F1:0.5139442231075697
BACC:0
CLSFE:0.44155844155844154
MCC:0.39475134089735275
GMEAN:0.6530082385399658
SAMPLES:231
AUC:{}
AVGP:{}
CLASS:1
ACC:0.8048
PREC:0.8606476938174681
REC:0.8958120531154239
TNR:0.47601476014760147
FPR:0.1393523061825319
FPDR:0.1393523061825319
F1:0.8778778778778779
BACC:0
CLSFE:0.1393523061825319
MCC:0.39475134089735275
GMEAN:0.6530082385399658
SAMPLES:1019
AUC:{}
AVGP:{}
