

GENERAL_METRICS
ACC:0.8272
PREC:0.7201709222907926
REC:0.7382664290954826
TNR:0.7382664290954826
FPR:0.2798290777092074
FPDR:0.2798290777092074
F1:0.7283658489472669
BACC:0.0
CLSFE:0.1728
MCC:0.4580800779116514
GMEAN:0.7243789558005876
SAMPLES:1250.0
AUC:{'AUC macro OVO': 0.7201709222907925}
AVGP:{'avg_precision': 0.8721826395772213}


METRICS_PER_CLASSES
CLASS:0
ACC:0.8272
PREC:0.5363984674329502
REC:0.5957446808510638
TNR:0.8807881773399014
FPR:0.46360153256704983
FPDR:0.46360153256704983
F1:0.5645161290322581
BACC:0
CLSFE:0.46360153256704983
MCC:0.4580800779116514
GMEAN:0.7243789558005876
SAMPLES:261
AUC:{}
AVGP:{}
CLASS:1
ACC:0.8272
PREC:0.9039433771486349
REC:0.8807881773399014
TNR:0.5957446808510638
FPR:0.09605662285136501
FPDR:0.09605662285136501
F1:0.8922155688622755
BACC:0
CLSFE:0.09605662285136501
MCC:0.4580800779116514
GMEAN:0.7243789558005876
SAMPLES:989
AUC:{}
AVGP:{}
