

GENERAL_METRICS
ACC:0.784
PREC:0.7721499186584908
REC:0.7629208728767454
TNR:0.7629208728767454
FPR:0.2278500813415092
FPDR:0.2278500813415092
F1:0.7667426912709931
BACC:0.0
CLSFE:0.216
MCC:0.5349911930752718
GMEAN:0.7579596366935086
SAMPLES:750.0
AUC:{'AUC macro OVO': 0.7721499186584908}
AVGP:{'avg_precision': 0.8122466286732803}


METRICS_PER_CLASSES
CLASS:0
ACC:0.784
PREC:0.732824427480916
REC:0.676056338028169
TNR:0.8497854077253219
FPR:0.26717557251908397
FPDR:0.26717557251908397
F1:0.7032967032967034
BACC:0
CLSFE:0.26717557251908397
MCC:0.5349911930752718
GMEAN:0.7579596366935086
SAMPLES:262
AUC:{}
AVGP:{}
CLASS:1
ACC:0.784
PREC:0.8114754098360656
REC:0.8497854077253219
TNR:0.676056338028169
FPR:0.1885245901639344
FPDR:0.1885245901639344
F1:0.8301886792452831
BACC:0
CLSFE:0.1885245901639344
MCC:0.5349911930752718
GMEAN:0.7579596366935086
SAMPLES:488
AUC:{}
AVGP:{}
