

GENERAL_METRICS
ACC:0.834
PREC:0.7515967947973522
REC:0.7732867208476745
TNR:0.7732867208476745
FPR:0.24840320520264778
FPDR:0.24840320520264778
F1:0.7612527614138439
BACC:0.0
CLSFE:0.166
MCC:0.5244351743579129
GMEAN:0.7661193726787857
SAMPLES:1000.0
AUC:{'AUC macro OVO': 0.7515967947973523}
AVGP:{'avg_precision': 0.8677465378309555}


METRICS_PER_CLASSES
CLASS:0
ACC:0.834
PREC:0.5949367088607594
REC:0.6682464454976303
TNR:0.8783269961977186
FPR:0.4050632911392405
FPDR:0.4050632911392405
F1:0.6294642857142857
BACC:0
CLSFE:0.4050632911392405
MCC:0.5244351743579129
GMEAN:0.7661193726787857
SAMPLES:237
AUC:{}
AVGP:{}
CLASS:1
ACC:0.834
PREC:0.908256880733945
REC:0.8783269961977186
TNR:0.6682464454976303
FPR:0.09174311926605505
FPDR:0.09174311926605505
F1:0.8930412371134021
BACC:0
CLSFE:0.09174311926605505
MCC:0.5244351743579129
GMEAN:0.7661193726787857
SAMPLES:763
AUC:{}
AVGP:{}
