

GENERAL_METRICS
ACC:0.853
PREC:0.7859583227230287
REC:0.8110849478562483
TNR:0.8110849478562483
FPR:0.21404167727697138
FPDR:0.21404167727697138
F1:0.7970664365832614
BACC:0.0
CLSFE:0.147
MCC:0.5965143080039357
GMEAN:0.8075484614593539
SAMPLES:1000.0
AUC:{'AUC macro OVO': 0.7859583227230286}
AVGP:{'avg_precision': 0.8758001844472432}


METRICS_PER_CLASSES
CLASS:0
ACC:0.853
PREC:0.6507936507936508
REC:0.7354260089686099
TNR:0.8867438867438867
FPR:0.3492063492063492
FPDR:0.3492063492063492
F1:0.6905263157894737
BACC:0
CLSFE:0.3492063492063492
MCC:0.5965143080039357
GMEAN:0.8075484614593539
SAMPLES:252
AUC:{}
AVGP:{}
CLASS:1
ACC:0.853
PREC:0.9211229946524064
REC:0.8867438867438867
TNR:0.7354260089686099
FPR:0.07887700534759358
FPDR:0.07887700534759358
F1:0.9036065573770492
BACC:0
CLSFE:0.07887700534759358
MCC:0.5965143080039357
GMEAN:0.8075484614593539
SAMPLES:748
AUC:{}
AVGP:{}
