

GENERAL_METRICS
ACC:0.834
PREC:0.7572152018056988
REC:0.7890660404564742
TNR:0.7890660404564742
FPR:0.24278479819430115
FPDR:0.24278479819430115
F1:0.7705039512030569
BACC:0.0
CLSFE:0.166
MCC:0.5453519228211682
GMEAN:0.7850622032942608
SAMPLES:1000.0
AUC:{'AUC macro OVO': 0.7572152018056989}
AVGP:{'avg_precision': 0.8578171868903293}


METRICS_PER_CLASSES
CLASS:0
ACC:0.834
PREC:0.5992217898832685
REC:0.7096774193548387
TNR:0.8684546615581098
FPR:0.40077821011673154
FPDR:0.40077821011673154
F1:0.6497890295358649
BACC:0
CLSFE:0.40077821011673154
MCC:0.5453519228211682
GMEAN:0.7850622032942608
SAMPLES:257
AUC:{}
AVGP:{}
CLASS:1
ACC:0.834
PREC:0.9152086137281292
REC:0.8684546615581098
TNR:0.7096774193548387
FPR:0.0847913862718708
FPDR:0.0847913862718708
F1:0.891218872870249
BACC:0
CLSFE:0.0847913862718708
MCC:0.5453519228211682
GMEAN:0.7850622032942608
SAMPLES:743
AUC:{}
AVGP:{}
