

GENERAL_METRICS
ACC:0.847
PREC:0.7636528952318427
REC:0.81625
TNR:0.81625
FPR:0.2363471047681574
FPDR:0.2363471047681574
F1:0.7836902444300238
BACC:0.0
CLSFE:0.153
MCC:0.5775126946382053
GMEAN:0.814639490817871
SAMPLES:1000.0
AUC:{'AUC macro OVO': 0.7636528952318424}
AVGP:{'avg_precision': 0.859476383265857}


METRICS_PER_CLASSES
CLASS:0
ACC:0.847
PREC:0.5907335907335908
REC:0.765
TNR:0.8675
FPR:0.4092664092664093
FPDR:0.4092664092664093
F1:0.6666666666666666
BACC:0
CLSFE:0.4092664092664093
MCC:0.5775126946382053
GMEAN:0.814639490817871
SAMPLES:259
AUC:{}
AVGP:{}
CLASS:1
ACC:0.847
PREC:0.9365721997300944
REC:0.8675
TNR:0.765
FPR:0.06342780026990553
FPDR:0.06342780026990553
F1:0.9007138221933809
BACC:0
CLSFE:0.06342780026990553
MCC:0.5775126946382053
GMEAN:0.814639490817871
SAMPLES:741
AUC:{}
AVGP:{}
