

GENERAL_METRICS
ACC:0.8831111111111111
PREC:0.6385
REC:0.6907056798623064
TNR:0.6907056798623064
FPR:0.36150000000000004
FPDR:0.36150000000000004
F1:0.6583182966438109
BACC:0.0
CLSFE:0.11688888888888889
MCC:0.32503991546226707
GMEAN:0.6520424682324438
SAMPLES:2250.0
AUC:{'AUC macro OVO': 0.6385}
AVGP:{'avg_precision': 0.9171599464524766}


METRICS_PER_CLASSES
CLASS:0
ACC:0.8831111111111111
PREC:0.324
REC:0.46285714285714286
TNR:0.9185542168674699
FPR:0.676
FPDR:0.676
F1:0.3811764705882353
BACC:0
CLSFE:0.676
MCC:0.32503991546226707
GMEAN:0.6520424682324438
SAMPLES:250
AUC:{}
AVGP:{}
CLASS:1
ACC:0.8831111111111111
PREC:0.953
REC:0.9185542168674699
TNR:0.46285714285714286
FPR:0.047
FPDR:0.047
F1:0.9354601226993865
BACC:0
CLSFE:0.047
MCC:0.32503991546226707
GMEAN:0.6520424682324438
SAMPLES:2000
AUC:{}
AVGP:{}
