

GENERAL_METRICS
ACC:0.8733333333333333
PREC:0.6186816999849226
REC:0.6496780445111278
TNR:0.6496780445111278
FPR:0.3813183000150774
FPDR:0.3813183000150774
F1:0.6312898501642449
BACC:0.0
CLSFE:0.12666666666666668
MCC:0.2665636492322204
GMEAN:0.5918448093908859
SAMPLES:2250.0
AUC:{'AUC macro OVO': 0.6186816999849225}
AVGP:{'avg_precision': 0.9162190941795512}


METRICS_PER_CLASSES
CLASS:0
ACC:0.8733333333333333
PREC:0.2946058091286307
REC:0.3817204301075269
TNR:0.9176356589147286
FPR:0.7053941908713693
FPDR:0.7053941908713693
F1:0.3325526932084309
BACC:0
CLSFE:0.7053941908713693
MCC:0.2665636492322204
GMEAN:0.5918448093908859
SAMPLES:241
AUC:{}
AVGP:{}
CLASS:1
ACC:0.8733333333333333
PREC:0.9427575908412146
REC:0.9176356589147286
TNR:0.3817204301075269
FPR:0.057242409158785465
FPDR:0.057242409158785465
F1:0.9300270071200589
BACC:0
CLSFE:0.057242409158785465
MCC:0.2665636492322204
GMEAN:0.5918448093908859
SAMPLES:2009
AUC:{}
AVGP:{}
