

GENERAL_METRICS
ACC:0.8728888888888889
PREC:0.6456909791875627
REC:0.6735994397759103
TNR:0.6735994397759103
FPR:0.3543090208124373
FPDR:0.3543090208124373
F1:0.6576843610427248
BACC:0.0
CLSFE:0.12711111111111112
MCC:0.31806837231868684
GMEAN:0.6274531687636907
SAMPLES:2250.0
AUC:{'AUC macro OVO': 0.6456909791875627}
AVGP:{'avg_precision': 0.9166772867622475}


METRICS_PER_CLASSES
CLASS:0
ACC:0.8728888888888889
PREC:0.3515625
REC:0.42857142857142855
TNR:0.9186274509803921
FPR:0.6484375
FPDR:0.6484375
F1:0.38626609442060084
BACC:0
CLSFE:0.6484375
MCC:0.31806837231868684
GMEAN:0.6274531687636907
SAMPLES:256
AUC:{}
AVGP:{}
CLASS:1
ACC:0.8728888888888889
PREC:0.9398194583751254
REC:0.9186274509803921
TNR:0.42857142857142855
FPR:0.06018054162487462
FPDR:0.06018054162487462
F1:0.9291026276648487
BACC:0
CLSFE:0.06018054162487462
MCC:0.31806837231868684
GMEAN:0.6274531687636907
SAMPLES:1994
AUC:{}
AVGP:{}
