

GENERAL_METRICS
ACC:0.8693333333333333
PREC:0.6391714614499424
REC:0.6819014248894815
TNR:0.6819014248894815
FPR:0.36082853855005753
FPDR:0.36082853855005753
F1:0.6559196386401986
BACC:0.0
CLSFE:0.13066666666666665
MCC:0.3182168263413867
GMEAN:0.6424065012142598
SAMPLES:2250.0
AUC:{'AUC macro OVO': 0.6391714614499424}
AVGP:{'avg_precision': 0.908756137931603}


METRICS_PER_CLASSES
CLASS:0
ACC:0.8693333333333333
PREC:0.33454545454545453
REC:0.45320197044334976
TNR:0.9106008793356131
FPR:0.6654545454545454
FPDR:0.6654545454545454
F1:0.38493723849372385
BACC:0
CLSFE:0.6654545454545454
MCC:0.3182168263413867
GMEAN:0.6424065012142598
SAMPLES:275
AUC:{}
AVGP:{}
CLASS:1
ACC:0.8693333333333333
PREC:0.9437974683544303
REC:0.9106008793356131
TNR:0.45320197044334976
FPR:0.05620253164556962
FPDR:0.05620253164556962
F1:0.9269020387866733
BACC:0
CLSFE:0.05620253164556962
MCC:0.3182168263413867
GMEAN:0.6424065012142598
SAMPLES:1975
AUC:{}
AVGP:{}
