

GENERAL_METRICS
ACC:0.8385
PREC:0.5741603396649702
REC:0.5943836994257162
TNR:0.5943836994257162
FPR:0.4258396603350298
FPDR:0.4258396603350298
F1:0.581744642802803
BACC:0.0
CLSFE:0.1615
MCC:0.16732635426910572
GMEAN:0.5129642092183456
SAMPLES:2000.0
AUC:{'AUC macro OVO': 0.5741603396649702}
AVGP:{'avg_precision': 0.8933214922506338}


METRICS_PER_CLASSES
CLASS:0
ACC:0.8385
PREC:0.22357723577235772
REC:0.29411764705882354
TNR:0.894649751792609
FPR:0.7764227642276422
FPDR:0.7764227642276422
F1:0.2540415704387991
BACC:0
CLSFE:0.7764227642276422
MCC:0.16732635426910572
GMEAN:0.5129642092183456
SAMPLES:246
AUC:{}
AVGP:{}
CLASS:1
ACC:0.8385
PREC:0.9247434435575826
REC:0.894649751792609
TNR:0.29411764705882354
FPR:0.07525655644241733
FPDR:0.07525655644241733
F1:0.9094477151668069
BACC:0
CLSFE:0.07525655644241733
MCC:0.16732635426910572
GMEAN:0.5129642092183456
SAMPLES:1754
AUC:{}
AVGP:{}
