

GENERAL_METRICS
ACC:0.8275
PREC:0.5742134729666811
REC:0.5846589779280175
TNR:0.5846589779280175
FPR:0.42578652703331893
FPDR:0.42578652703331893
F1:0.5786596614255592
BACC:0.0
CLSFE:0.1725
MCC:0.15852869481387627
GMEAN:0.49635778217134063
SAMPLES:2000.0
AUC:{'AUC macro OVO': 0.574213472966681}
AVGP:{'avg_precision': 0.8920132872401181}


METRICS_PER_CLASSES
CLASS:0
ACC:0.8275
PREC:0.23694779116465864
REC:0.2757009345794392
TNR:0.8936170212765957
FPR:0.7630522088353414
FPDR:0.7630522088353414
F1:0.2548596112311015
BACC:0
CLSFE:0.7630522088353414
MCC:0.15852869481387627
GMEAN:0.49635778217134063
SAMPLES:249
AUC:{}
AVGP:{}
CLASS:1
ACC:0.8275
PREC:0.9114791547687036
REC:0.8936170212765957
TNR:0.2757009345794392
FPR:0.0885208452312964
FPDR:0.0885208452312964
F1:0.9024597116200169
BACC:0
CLSFE:0.0885208452312964
MCC:0.15852869481387627
GMEAN:0.49635778217134063
SAMPLES:1751
AUC:{}
AVGP:{}
