

GENERAL_METRICS
ACC:0.93325
PREC:0.5053834023056628
REC:0.5257691715598953
TNR:0.5257691715598953
FPR:0.49461659769433713
FPDR:0.49461659769433713
F1:0.5007645127709393
BACC:0.0
CLSFE:0.06675
MCC:0.023556384917093033
GMEAN:0.3201295069027054
SAMPLES:4000.0
AUC:{'AUC macro OVO': 0.5053834023056629}
AVGP:{'avg_precision': 0.9428362435251344}


METRICS_PER_CLASSES
CLASS:0
ACC:0.93325
PREC:0.021645021645021644
REC:0.10869565217391304
TNR:0.9428426909458776
FPR:0.9783549783549783
FPDR:0.9783549783549783
F1:0.036101083032490974
BACC:0
CLSFE:0.9783549783549783
MCC:0.023556384917093033
GMEAN:0.3201295069027054
SAMPLES:231
AUC:{}
AVGP:{}
CLASS:1
ACC:0.93325
PREC:0.989121782966304
REC:0.9428426909458776
TNR:0.10869565217391304
FPR:0.010878217033695941
FPDR:0.010878217033695941
F1:0.9654279425093876
BACC:0
CLSFE:0.010878217033695941
MCC:0.023556384917093033
GMEAN:0.3201295069027054
SAMPLES:3769
AUC:{}
AVGP:{}
