

GENERAL_METRICS
ACC:0.929
PREC:0.514569583069204
REC:0.5773350047282884
TNR:0.5773350047282884
FPR:0.485430416930796
FPDR:0.485430416930796
F1:0.5144435933909618
BACC:0.0
CLSFE:0.071
MCC:0.06713385958057465
GMEAN:0.451393664378481
SAMPLES:4000.0
AUC:{'AUC macro OVO': 0.5145695830692039}
AVGP:{'avg_precision': 0.9372615930339471}


METRICS_PER_CLASSES
CLASS:0
ACC:0.929
PREC:0.03875968992248062
REC:0.21739130434782608
TNR:0.9372787051087507
FPR:0.9612403100775194
FPDR:0.9612403100775194
F1:0.06578947368421052
BACC:0
CLSFE:0.9612403100775194
MCC:0.06713385958057465
GMEAN:0.451393664378481
SAMPLES:258
AUC:{}
AVGP:{}
CLASS:1
ACC:0.929
PREC:0.9903794762159273
REC:0.9372787051087507
TNR:0.21739130434782608
FPR:0.009620523784072688
FPDR:0.009620523784072688
F1:0.9630977130977131
BACC:0
CLSFE:0.009620523784072688
MCC:0.06713385958057465
GMEAN:0.451393664378481
SAMPLES:3742
AUC:{}
AVGP:{}
