

GENERAL_METRICS
ACC:0.92575
PREC:0.5095154366747128
REC:0.546271332032433
TNR:0.546271332032433
FPR:0.4904845633252872
FPDR:0.4904845633252872
F1:0.5062407757838532
BACC:0.0
CLSFE:0.07425
MCC:0.04196626882672445
GMEAN:0.3831100633267774
SAMPLES:4000.0
AUC:{'AUC macro OVO': 0.5095154366747128}
AVGP:{'avg_precision': 0.9356663457951915}


METRICS_PER_CLASSES
CLASS:0
ACC:0.92575
PREC:0.030534351145038167
REC:0.1568627450980392
TNR:0.935679918966827
FPR:0.9694656488549618
FPDR:0.9694656488549618
F1:0.051118210862619806
BACC:0
CLSFE:0.9694656488549618
MCC:0.04196626882672445
GMEAN:0.3831100633267774
SAMPLES:262
AUC:{}
AVGP:{}
CLASS:1
ACC:0.92575
PREC:0.9884965222043873
REC:0.935679918966827
TNR:0.1568627450980392
FPR:0.011503477795612628
FPDR:0.011503477795612628
F1:0.9613633407050866
BACC:0
CLSFE:0.011503477795612628
MCC:0.04196626882672445
GMEAN:0.3831100633267774
SAMPLES:3738
AUC:{}
AVGP:{}
