

GENERAL_METRICS
ACC:0.92475
PREC:0.5068849721783732
REC:0.5295749518355869
TNR:0.5295749518355869
FPR:0.4931150278216267
FPDR:0.4931150278216267
F1:0.5026386177980192
BACC:0.0
CLSFE:0.07525
MCC:0.028539286645937474
GMEAN:0.3391009838436115
SAMPLES:4000.0
AUC:{'AUC macro OVO': 0.5068849721783732}
AVGP:{'avg_precision': 0.9363316236189322}


METRICS_PER_CLASSES
CLASS:0
ACC:0.92475
PREC:0.027131782945736434
REC:0.12280701754385964
TNR:0.9363428861273142
FPR:0.9728682170542635
FPDR:0.9728682170542635
F1:0.044444444444444446
BACC:0
CLSFE:0.9728682170542635
MCC:0.028539286645937474
GMEAN:0.3391009838436115
SAMPLES:258
AUC:{}
AVGP:{}
CLASS:1
ACC:0.92475
PREC:0.9866381614110101
REC:0.9363428861273142
TNR:0.12280701754385964
FPR:0.013361838588989846
FPDR:0.013361838588989846
F1:0.960832791151594
BACC:0
CLSFE:0.013361838588989846
MCC:0.028539286645937474
GMEAN:0.3391009838436115
SAMPLES:3742
AUC:{}
AVGP:{}
