

GENERAL_METRICS
ACC:0.8724444444444445
PREC:0.531
REC:0.5861776594147703
TNR:0.5861776594147703
FPR:0.46900000000000003
FPDR:0.46900000000000003
F1:0.5346318240486707
BACC:0.0
CLSFE:0.12755555555555556
MCC:0.10337325460403922
GMEAN:0.4980767632952258
SAMPLES:2250.0
AUC:{'AUC macro OVO': 0.5309999999999999}
AVGP:{'avg_precision': 0.8950561452084295}


METRICS_PER_CLASSES
CLASS:0
ACC:0.8724444444444445
PREC:0.092
REC:0.27710843373493976
TNR:0.8952468850946008
FPR:0.908
FPDR:0.908
F1:0.13813813813813813
BACC:0
CLSFE:0.908
MCC:0.10337325460403922
GMEAN:0.4980767632952258
SAMPLES:250
AUC:{}
AVGP:{}
CLASS:1
ACC:0.8724444444444445
PREC:0.97
REC:0.8952468850946008
TNR:0.27710843373493976
FPR:0.03
FPDR:0.03
F1:0.9311255099592033
BACC:0
CLSFE:0.03
MCC:0.10337325460403922
GMEAN:0.4980767632952258
SAMPLES:2000
AUC:{}
AVGP:{}
