

GENERAL_METRICS
ACC:0.8782222222222222
PREC:0.5417178644385396
REC:0.6507450882450883
TNR:0.6507450882450883
FPR:0.45828213556146036
FPDR:0.45828213556146036
F1:0.5494791057690059
BACC:0.0
CLSFE:0.12177777777777778
MCC:0.15860344455508255
GMEAN:0.6042122371918891
SAMPLES:2250.0
AUC:{'AUC macro OVO': 0.5417178644385396}
AVGP:{'avg_precision': 0.8922257740582691}


METRICS_PER_CLASSES
CLASS:0
ACC:0.8782222222222222
PREC:0.10305343511450382
REC:0.4090909090909091
TNR:0.8923992673992674
FPR:0.8969465648854962
FPDR:0.8969465648854962
F1:0.16463414634146342
BACC:0
CLSFE:0.8969465648854962
MCC:0.15860344455508255
GMEAN:0.6042122371918891
SAMPLES:262
AUC:{}
AVGP:{}
CLASS:1
ACC:0.8782222222222222
PREC:0.9803822937625755
REC:0.8923992673992674
TNR:0.4090909090909091
FPR:0.019617706237424547
FPDR:0.019617706237424547
F1:0.9343240651965484
BACC:0
CLSFE:0.019617706237424547
MCC:0.15860344455508255
GMEAN:0.6042122371918891
SAMPLES:1988
AUC:{}
AVGP:{}
