

GENERAL_METRICS
ACC:0.8764444444444445
PREC:0.5193070818070818
REC:0.555125163414516
TNR:0.555125163414516
FPR:0.4806929181929182
FPDR:0.4806929181929182
F1:0.518438678882131
BACC:0.0
CLSFE:0.12355555555555556
MCC:0.06524740729478266
GMEAN:0.4352190038032415
SAMPLES:2250.0
AUC:{'AUC macro OVO': 0.5193070818070818}
AVGP:{'avg_precision': 0.8996131773776668}


METRICS_PER_CLASSES
CLASS:0
ACC:0.8764444444444445
PREC:0.06837606837606838
REC:0.21052631578947367
TNR:0.8997240110395585
FPR:0.9316239316239316
FPDR:0.9316239316239316
F1:0.1032258064516129
BACC:0
CLSFE:0.9316239316239316
MCC:0.06524740729478266
GMEAN:0.4352190038032415
SAMPLES:234
AUC:{}
AVGP:{}
CLASS:1
ACC:0.8764444444444445
PREC:0.9702380952380952
REC:0.8997240110395585
TNR:0.21052631578947367
FPR:0.02976190476190476
FPDR:0.02976190476190476
F1:0.9336515513126492
BACC:0
CLSFE:0.02976190476190476
MCC:0.06524740729478266
GMEAN:0.4352190038032415
SAMPLES:2016
AUC:{}
AVGP:{}
