

GENERAL_METRICS
ACC:0.8822222222222222
PREC:0.5397313107826311
REC:0.6235651974288338
TNR:0.6235651974288338
FPR:0.46026868921736885
FPDR:0.46026868921736885
F1:0.5477043864140638
BACC:0.0
CLSFE:0.11777777777777777
MCC:0.14013432500229445
GMEAN:0.5589884752822892
SAMPLES:2250.0
AUC:{'AUC macro OVO': 0.5397313107826311}
AVGP:{'avg_precision': 0.8997229787570865}


METRICS_PER_CLASSES
CLASS:0
ACC:0.8822222222222222
PREC:0.102880658436214
REC:0.3472222222222222
TNR:0.8999081726354453
FPR:0.897119341563786
FPDR:0.897119341563786
F1:0.15873015873015872
BACC:0
CLSFE:0.897119341563786
MCC:0.14013432500229445
GMEAN:0.5589884752822892
SAMPLES:243
AUC:{}
AVGP:{}
CLASS:1
ACC:0.8822222222222222
PREC:0.9765819631290483
REC:0.8999081726354453
TNR:0.3472222222222222
FPR:0.023418036870951668
FPDR:0.023418036870951668
F1:0.9366786140979689
BACC:0
CLSFE:0.023418036870951668
MCC:0.14013432500229445
GMEAN:0.5589884752822892
SAMPLES:2007
AUC:{}
AVGP:{}
