

GENERAL_METRICS
ACC:0.8675555555555555
PREC:0.7064130915524105
REC:0.6810346165184875
TNR:0.6810346165184875
FPR:0.29358690844758956
FPDR:0.29358690844758956
F1:0.6923318356019559
BACC:0.0
CLSFE:0.13244444444444445
MCC:0.3866156482791977
GMEAN:0.6321264292235301
SAMPLES:2250.0
AUC:{'AUC macro OVO': 0.7064130915524105}
AVGP:{'avg_precision': 0.9303872071371465}


METRICS_PER_CLASSES
CLASS:0
ACC:0.8675555555555555
PREC:0.4980392156862745
REC:0.4276094276094276
TNR:0.9344598054275474
FPR:0.5019607843137255
FPDR:0.5019607843137255
F1:0.4601449275362319
BACC:0
CLSFE:0.5019607843137255
MCC:0.3866156482791977
GMEAN:0.6321264292235301
SAMPLES:255
AUC:{}
AVGP:{}
CLASS:1
ACC:0.8675555555555555
PREC:0.9147869674185464
REC:0.9344598054275474
TNR:0.4276094276094276
FPR:0.08521303258145363
FPDR:0.08521303258145363
F1:0.9245187436676798
BACC:0
CLSFE:0.08521303258145363
MCC:0.3866156482791977
GMEAN:0.6321264292235301
SAMPLES:1995
AUC:{}
AVGP:{}
