

GENERAL_METRICS
ACC:0.8697777777777778
PREC:0.7092555331991952
REC:0.6900798917337081
TNR:0.6900798917337081
FPR:0.29074446680080485
FPDR:0.29074446680080485
F1:0.6989004213338814
BACC:0.0
CLSFE:0.1302222222222222
MCC:0.39887476277740314
GMEAN:0.6458873985591368
SAMPLES:2250.0
AUC:{'AUC macro OVO': 0.7092555331991952}
AVGP:{'avg_precision': 0.9290266771811245}


METRICS_PER_CLASSES
CLASS:0
ACC:0.8697777777777778
PREC:0.5
REC:0.447098976109215
TNR:0.9330608073582013
FPR:0.5
FPDR:0.5
F1:0.4720720720720721
BACC:0
CLSFE:0.5
MCC:0.39887476277740314
GMEAN:0.6458873985591368
SAMPLES:262
AUC:{}
AVGP:{}
CLASS:1
ACC:0.8697777777777778
PREC:0.9185110663983903
REC:0.9330608073582013
TNR:0.447098976109215
FPR:0.08148893360160966
FPDR:0.08148893360160966
F1:0.9257287705956907
BACC:0
CLSFE:0.08148893360160966
MCC:0.39887476277740314
GMEAN:0.6458873985591368
SAMPLES:1988
AUC:{}
AVGP:{}
