

GENERAL_METRICS
ACC:0.8782222222222222
PREC:0.7290987435215104
REC:0.6920322775858431
TNR:0.6920322775858431
FPR:0.2709012564784896
FPDR:0.2709012564784896
F1:0.7079549933300995
BACC:0.0
CLSFE:0.12177777777777778
MCC:0.41949661982185527
GMEAN:0.6446130298663915
SAMPLES:2250.0
AUC:{'AUC macro OVO': 0.7290987435215104}
AVGP:{'avg_precision': 0.9397128237774057}


METRICS_PER_CLASSES
CLASS:0
ACC:0.8782222222222222
PREC:0.5397489539748954
REC:0.4402730375426621
TNR:0.943791517629024
FPR:0.4602510460251046
FPDR:0.4602510460251046
F1:0.4849624060150376
BACC:0
CLSFE:0.4602510460251046
MCC:0.41949661982185527
GMEAN:0.6446130298663915
SAMPLES:239
AUC:{}
AVGP:{}
CLASS:1
ACC:0.8782222222222222
PREC:0.9184485330681254
REC:0.943791517629024
TNR:0.4402730375426621
FPR:0.08155146693187469
FPDR:0.08155146693187469
F1:0.9309475806451613
BACC:0
CLSFE:0.08155146693187469
MCC:0.41949661982185527
GMEAN:0.6446130298663915
SAMPLES:2011
AUC:{}
AVGP:{}
