

GENERAL_METRICS
ACC:0.8684444444444445
PREC:0.7198036006546644
REC:0.6725994935566946
TNR:0.6725994935566946
FPR:0.2801963993453355
FPDR:0.2801963993453355
F1:0.6915072787606931
BACC:0.0
CLSFE:0.13155555555555556
MCC:0.3895535401196248
GMEAN:0.6157334680223064
SAMPLES:2250.0
AUC:{'AUC macro OVO': 0.7198036006546644}
AVGP:{'avg_precision': 0.9388653416379048}


METRICS_PER_CLASSES
CLASS:0
ACC:0.8684444444444445
PREC:0.5319148936170213
REC:0.40192926045016075
TNR:0.9432697266632285
FPR:0.46808510638297873
FPDR:0.46808510638297873
F1:0.45787545787545786
BACC:0
CLSFE:0.46808510638297873
MCC:0.3895535401196248
GMEAN:0.6157334680223064
SAMPLES:235
AUC:{}
AVGP:{}
CLASS:1
ACC:0.8684444444444445
PREC:0.9076923076923077
REC:0.9432697266632285
TNR:0.40192926045016075
FPR:0.09230769230769231
FPDR:0.09230769230769231
F1:0.9251390996459282
BACC:0
CLSFE:0.09230769230769231
MCC:0.3895535401196248
GMEAN:0.6157334680223064
SAMPLES:2015
AUC:{}
AVGP:{}
