

GENERAL_METRICS
ACC:0.8548571428571429
PREC:0.5767722473604826
REC:0.6899241406609951
TNR:0.6899241406609951
FPR:0.42322775263951734
FPDR:0.42322775263951734
F1:0.594765593091779
BACC:0.0
CLSFE:0.14514285714285713
MCC:0.24150282074172974
GMEAN:0.6647837472788686
SAMPLES:1750.0
AUC:{'AUC macro OVO': 0.5767722473604826}
AVGP:{'avg_precision': 0.8738508226836531}


METRICS_PER_CLASSES
CLASS:0
ACC:0.8548571428571429
PREC:0.1843137254901961
REC:0.5053763440860215
TNR:0.8744719372359686
FPR:0.8156862745098039
FPDR:0.8156862745098039
F1:0.27011494252873564
BACC:0
CLSFE:0.8156862745098039
MCC:0.24150282074172974
GMEAN:0.6647837472788686
SAMPLES:255
AUC:{}
AVGP:{}
CLASS:1
ACC:0.8548571428571429
PREC:0.9692307692307692
REC:0.8744719372359686
TNR:0.5053763440860215
FPR:0.03076923076923077
FPDR:0.03076923076923077
F1:0.9194162436548223
BACC:0
CLSFE:0.03076923076923077
MCC:0.24150282074172974
GMEAN:0.6647837472788686
SAMPLES:1495
AUC:{}
AVGP:{}
