

GENERAL_METRICS
ACC:0.8617142857142858
PREC:0.5983568569622919
REC:0.6804198074079417
TNR:0.6804198074079417
FPR:0.40164314303770804
FPDR:0.40164314303770804
F1:0.6197305519339418
BACC:0.0
CLSFE:0.1382857142857143
MCC:0.26642466244991053
GMEAN:0.6472571557405152
SAMPLES:1750.0
AUC:{'AUC macro OVO': 0.5983568569622919}
AVGP:{'avg_precision': 0.8892310251258112}


METRICS_PER_CLASSES
CLASS:0
ACC:0.8617142857142858
PREC:0.23829787234042554
REC:0.47058823529411764
TNR:0.8902513795217658
FPR:0.7617021276595745
FPDR:0.7617021276595745
F1:0.3163841807909605
BACC:0
CLSFE:0.7617021276595745
MCC:0.26642466244991053
GMEAN:0.6472571557405152
SAMPLES:235
AUC:{}
AVGP:{}
CLASS:1
ACC:0.8617142857142858
PREC:0.9584158415841584
REC:0.8902513795217658
TNR:0.47058823529411764
FPR:0.041584158415841586
FPDR:0.041584158415841586
F1:0.9230769230769231
BACC:0
CLSFE:0.041584158415841586
MCC:0.26642466244991053
GMEAN:0.6472571557405152
SAMPLES:1515
AUC:{}
AVGP:{}
