

GENERAL_METRICS
ACC:0.8422857142857143
PREC:0.5862953219951874
REC:0.6630606504315659
TNR:0.6630606504315659
FPR:0.4137046780048126
FPDR:0.4137046780048126
F1:0.603557639271925
BACC:0.0
CLSFE:0.15771428571428572
MCC:0.2372456223725671
GMEAN:0.6289486853699645
SAMPLES:1750.0
AUC:{'AUC macro OVO': 0.5862953219951874}
AVGP:{'avg_precision': 0.8718726527740208}


METRICS_PER_CLASSES
CLASS:0
ACC:0.8422857142857143
PREC:0.2196969696969697
REC:0.453125
TNR:0.872996300863132
FPR:0.7803030303030303
FPDR:0.7803030303030303
F1:0.29591836734693877
BACC:0
CLSFE:0.7803030303030303
MCC:0.2372456223725671
GMEAN:0.6289486853699645
SAMPLES:264
AUC:{}
AVGP:{}
CLASS:1
ACC:0.8422857142857143
PREC:0.9528936742934051
REC:0.872996300863132
TNR:0.453125
FPR:0.047106325706594884
FPDR:0.047106325706594884
F1:0.9111969111969112
BACC:0
CLSFE:0.047106325706594884
MCC:0.2372456223725671
GMEAN:0.6289486853699645
SAMPLES:1486
AUC:{}
AVGP:{}
