

GENERAL_METRICS
ACC:0.8571428571428571
PREC:0.5754065094370098
REC:0.6365642866640074
TNR:0.6365642866640074
FPR:0.42459349056299023
FPDR:0.42459349056299023
F1:0.5906455729839177
BACC:0.0
CLSFE:0.14285714285714285
MCC:0.2029565093421542
GMEAN:0.5837128136762864
SAMPLES:1750.0
AUC:{'AUC macro OVO': 0.5754065094370098}
AVGP:{'avg_precision': 0.889685339439814}


METRICS_PER_CLASSES
CLASS:0
ACC:0.8571428571428571
PREC:0.19730941704035873
REC:0.3826086956521739
TNR:0.890519877675841
FPR:0.8026905829596412
FPDR:0.8026905829596412
F1:0.2603550295857988
BACC:0
CLSFE:0.8026905829596412
MCC:0.2029565093421542
GMEAN:0.5837128136762864
SAMPLES:223
AUC:{}
AVGP:{}
CLASS:1
ACC:0.8571428571428571
PREC:0.9535036018336608
REC:0.890519877675841
TNR:0.3826086956521739
FPR:0.04649639816633923
FPDR:0.04649639816633923
F1:0.9209361163820367
BACC:0
CLSFE:0.04649639816633923
MCC:0.2029565093421542
GMEAN:0.5837128136762864
SAMPLES:1527
AUC:{}
AVGP:{}
