

GENERAL_METRICS
ACC:0.8702222222222222
PREC:0.6771340114993366
REC:0.6771340114993366
TNR:0.6771340114993366
FPR:0.3228659885006634
FPDR:0.3228659885006634
F1:0.6771340114993366
BACC:0.0
CLSFE:0.12977777777777777
MCC:0.35426802299867316
GMEAN:0.6294194575212263
SAMPLES:2250.0
AUC:{'AUC macro OVO': 0.6771340114993366}
AVGP:{'avg_precision': 0.9238787193547779}


METRICS_PER_CLASSES
CLASS:0
ACC:0.8702222222222222
PREC:0.42745098039215684
REC:0.42745098039215684
TNR:0.9268170426065163
FPR:0.5725490196078431
FPDR:0.5725490196078431
F1:0.42745098039215684
BACC:0
CLSFE:0.5725490196078431
MCC:0.35426802299867316
GMEAN:0.6294194575212263
SAMPLES:255
AUC:{}
AVGP:{}
CLASS:1
ACC:0.8702222222222222
PREC:0.9268170426065163
REC:0.9268170426065163
TNR:0.42745098039215684
FPR:0.07318295739348371
FPDR:0.07318295739348371
F1:0.9268170426065163
BACC:0
CLSFE:0.07318295739348371
MCC:0.35426802299867316
GMEAN:0.6294194575212263
SAMPLES:1995
AUC:{}
AVGP:{}
