

GENERAL_METRICS
ACC:0.8773333333333333
PREC:0.6898897070297464
REC:0.6806395363796682
TNR:0.6806395363796682
FPR:0.3101102929702536
FPDR:0.3101102929702536
F1:0.6850810573974003
BACC:0.0
CLSFE:0.12266666666666666
MCC:0.3704137613055133
GMEAN:0.6315655091361408
SAMPLES:2250.0
AUC:{'AUC macro OVO': 0.6898897070297464}
AVGP:{'avg_precision': 0.9314724852625089}


METRICS_PER_CLASSES
CLASS:0
ACC:0.8773333333333333
PREC:0.45188284518828453
REC:0.4268774703557312
TNR:0.9344016024036054
FPR:0.5481171548117155
FPDR:0.5481171548117155
F1:0.43902439024390244
BACC:0
CLSFE:0.5481171548117155
MCC:0.3704137613055133
GMEAN:0.6315655091361408
SAMPLES:239
AUC:{}
AVGP:{}
CLASS:1
ACC:0.8773333333333333
PREC:0.9278965688712083
REC:0.9344016024036054
TNR:0.4268774703557312
FPR:0.07210343112879164
FPDR:0.07210343112879164
F1:0.9311377245508982
BACC:0
CLSFE:0.07210343112879164
MCC:0.3704137613055133
GMEAN:0.6315655091361408
SAMPLES:2011
AUC:{}
AVGP:{}
