

GENERAL_METRICS
ACC:0.876
PREC:0.6868726270348988
REC:0.695391302246141
TNR:0.695391302246141
FPR:0.3131273729651011
FPDR:0.3131273729651011
F1:0.6909795566547324
BACC:0.0
CLSFE:0.124
MCC:0.38216899900701673
GMEAN:0.6556620226589337
SAMPLES:2250.0
AUC:{'AUC macro OVO': 0.6868726270348988}
AVGP:{'avg_precision': 0.9241927363737319}


METRICS_PER_CLASSES
CLASS:0
ACC:0.876
PREC:0.44061302681992337
REC:0.4637096774193548
TNR:0.9270729270729271
FPR:0.5593869731800766
FPDR:0.5593869731800766
F1:0.4518664047151277
BACC:0
CLSFE:0.5593869731800766
MCC:0.38216899900701673
GMEAN:0.6556620226589337
SAMPLES:261
AUC:{}
AVGP:{}
CLASS:1
ACC:0.876
PREC:0.9331322272498743
REC:0.9270729270729271
TNR:0.4637096774193548
FPR:0.06686777275012569
FPDR:0.06686777275012569
F1:0.9300927085943372
BACC:0
CLSFE:0.06686777275012569
MCC:0.38216899900701673
GMEAN:0.6556620226589337
SAMPLES:1989
AUC:{}
AVGP:{}
