

GENERAL_METRICS
ACC:0.8742222222222222
PREC:0.6679285858068476
REC:0.6786095848595849
TNR:0.6786095848595849
FPR:0.33207141419315234
FPDR:0.33207141419315234
F1:0.673004583327984
BACC:0.0
CLSFE:0.12577777777777777
MCC:0.34637352668481025
GMEAN:0.6320672873666662
SAMPLES:2250.0
AUC:{'AUC macro OVO': 0.6679285858068476}
AVGP:{'avg_precision': 0.9231234744356305}


METRICS_PER_CLASSES
CLASS:0
ACC:0.8742222222222222
PREC:0.40239043824701193
REC:0.43162393162393164
TNR:0.9255952380952381
FPR:0.5976095617529881
FPDR:0.5976095617529881
F1:0.41649484536082476
BACC:0
CLSFE:0.5976095617529881
MCC:0.34637352668481025
GMEAN:0.6320672873666662
SAMPLES:251
AUC:{}
AVGP:{}
CLASS:1
ACC:0.8742222222222222
PREC:0.9334667333666833
REC:0.9255952380952381
TNR:0.43162393162393164
FPR:0.06653326663331666
FPDR:0.06653326663331666
F1:0.9295143212951432
BACC:0
CLSFE:0.06653326663331666
MCC:0.34637352668481025
GMEAN:0.6320672873666662
SAMPLES:1999
AUC:{}
AVGP:{}
