

GENERAL_METRICS
ACC:0.932
PREC:0.5646590599558124
REC:0.6657377985204309
TNR:0.6657377985204309
FPR:0.43534094004418755
FPDR:0.43534094004418755
F1:0.5874980749910166
BACC:0.0
CLSFE:0.068
MCC:0.2070405781626096
GMEAN:0.6042821310431238
SAMPLES:3750.0
AUC:{'AUC macro OVO': 0.5646590599558124}
AVGP:{'avg_precision': 0.9449924597166082}


METRICS_PER_CLASSES
CLASS:0
ACC:0.932
PREC:0.14468085106382977
REC:0.38636363636363635
TNR:0.9451119606772256
FPR:0.8553191489361702
FPDR:0.8553191489361702
F1:0.21052631578947367
BACC:0
CLSFE:0.8553191489361702
MCC:0.2070405781626096
GMEAN:0.6042821310431238
SAMPLES:235
AUC:{}
AVGP:{}
CLASS:1
ACC:0.932
PREC:0.9846372688477951
REC:0.9451119606772256
TNR:0.38636363636363635
FPR:0.015362731152204837
FPDR:0.015362731152204837
F1:0.9644698341925596
BACC:0
CLSFE:0.015362731152204837
MCC:0.2070405781626096
GMEAN:0.6042821310431238
SAMPLES:3515
AUC:{}
AVGP:{}
