

GENERAL_METRICS
ACC:0.932
PREC:0.557416518675944
REC:0.6861858800072503
TNR:0.6861858800072503
FPR:0.442583481324056
FPDR:0.442583481324056
F1:0.5800415544764606
BACC:0.0
CLSFE:0.068
MCC:0.20678631537539763
GMEAN:0.6367921161117228
SAMPLES:3750.0
AUC:{'AUC macro OVO': 0.557416518675944}
AVGP:{'avg_precision': 0.9417325722051695}


METRICS_PER_CLASSES
CLASS:0
ACC:0.932
PREC:0.12653061224489795
REC:0.4305555555555556
TNR:0.9418162044589451
FPR:0.8734693877551021
FPDR:0.8734693877551021
F1:0.19558359621451105
BACC:0
CLSFE:0.8734693877551021
MCC:0.20678631537539763
GMEAN:0.6367921161117228
SAMPLES:245
AUC:{}
AVGP:{}
CLASS:1
ACC:0.932
PREC:0.9883024251069901
REC:0.9418162044589451
TNR:0.4305555555555556
FPR:0.011697574893009986
FPDR:0.011697574893009986
F1:0.9644995127384102
BACC:0
CLSFE:0.011697574893009986
MCC:0.20678631537539763
GMEAN:0.6367921161117228
SAMPLES:3505
AUC:{}
AVGP:{}
