

GENERAL_METRICS
ACC:0.9317333333333333
PREC:0.570214541382112
REC:0.6950164513281438
TNR:0.6950164513281438
FPR:0.42978545861788797
FPDR:0.42978545861788797
F1:0.5966006884681584
BACC:0.0
CLSFE:0.06826666666666667
MCC:0.23403410599288807
GMEAN:0.6492802803359976
SAMPLES:3750.0
AUC:{'AUC macro OVO': 0.570214541382112}
AVGP:{'avg_precision': 0.9428554622121467}


METRICS_PER_CLASSES
CLASS:0
ACC:0.9317333333333333
PREC:0.15384615384615385
REC:0.4470588235294118
TNR:0.9429740791268758
FPR:0.8461538461538461
FPDR:0.8461538461538461
F1:0.2289156626506024
BACC:0
CLSFE:0.8461538461538461
MCC:0.23403410599288807
GMEAN:0.6492802803359976
SAMPLES:247
AUC:{}
AVGP:{}
CLASS:1
ACC:0.9317333333333333
PREC:0.9865829289180702
REC:0.9429740791268758
TNR:0.4470588235294118
FPR:0.013417071081929775
FPDR:0.013417071081929775
F1:0.9642857142857143
BACC:0
CLSFE:0.013417071081929775
MCC:0.23403410599288807
GMEAN:0.6492802803359976
SAMPLES:3503
AUC:{}
AVGP:{}
