

GENERAL_METRICS
ACC:0.9293333333333333
PREC:0.5471665819902208
REC:0.6337534059945504
TNR:0.6337534059945504
FPR:0.4528334180097792
FPDR:0.4528334180097792
F1:0.5635725958284786
BACC:0.0
CLSFE:0.07066666666666667
MCC:0.15885453711258293
GMEAN:0.5534570569578617
SAMPLES:3750.0
AUC:{'AUC macro OVO': 0.5471665819902207}
AVGP:{'avg_precision': 0.9424190898577568}


METRICS_PER_CLASSES
CLASS:0
ACC:0.9293333333333333
PREC:0.10970464135021098
REC:0.325
TNR:0.9425068119891008
FPR:0.890295358649789
FPDR:0.890295358649789
F1:0.1640378548895899
BACC:0
CLSFE:0.890295358649789
MCC:0.15885453711258293
GMEAN:0.5534570569578617
SAMPLES:237
AUC:{}
AVGP:{}
CLASS:1
ACC:0.9293333333333333
PREC:0.9846285226302306
REC:0.9425068119891008
TNR:0.325
FPR:0.015371477369769428
FPDR:0.015371477369769428
F1:0.9631073367673674
BACC:0
CLSFE:0.015371477369769428
MCC:0.15885453711258293
GMEAN:0.5534570569578617
SAMPLES:3513
AUC:{}
AVGP:{}
