

GENERAL_METRICS
ACC:0.7693333333333333
PREC:0.7515024038461539
REC:0.7442463197180178
TNR:0.7442463197180178
FPR:0.24849759615384615
FPDR:0.24849759615384615
F1:0.7474005127915602
BACC:0.0
CLSFE:0.23066666666666666
MCC:0.4956956184581733
GMEAN:0.7385092442796298
SAMPLES:750.0
AUC:{'AUC macro OVO': 0.7515024038461539}
AVGP:{'avg_precision': 0.8022835026608612}


METRICS_PER_CLASSES
CLASS:0
ACC:0.7693333333333333
PREC:0.6953125
REC:0.652014652014652
TNR:0.8364779874213837
FPR:0.3046875
FPDR:0.3046875
F1:0.6729678638941399
BACC:0
CLSFE:0.3046875
MCC:0.4956956184581733
GMEAN:0.7385092442796298
SAMPLES:256
AUC:{}
AVGP:{}
CLASS:1
ACC:0.7693333333333333
PREC:0.8076923076923077
REC:0.8364779874213837
TNR:0.652014652014652
FPR:0.19230769230769232
FPDR:0.19230769230769232
F1:0.8218331616889805
BACC:0
CLSFE:0.19230769230769232
MCC:0.4956956184581733
GMEAN:0.7385092442796298
SAMPLES:494
AUC:{}
AVGP:{}
