

GENERAL_METRICS
ACC:0.776
PREC:0.7547794117647059
REC:0.7439072081091227
TNR:0.7439072081091227
FPR:0.2452205882352941
FPDR:0.2452205882352941
F1:0.7485009860358167
BACC:0.0
CLSFE:0.224
MCC:0.4985680896616389
GMEAN:0.7362439300361527
SAMPLES:750.0
AUC:{'AUC macro OVO': 0.7547794117647058}
AVGP:{'avg_precision': 0.8186668273866924}


METRICS_PER_CLASSES
CLASS:0
ACC:0.776
PREC:0.6958333333333333
REC:0.6374045801526718
TNR:0.8504098360655737
FPR:0.30416666666666664
FPDR:0.30416666666666664
F1:0.6653386454183267
BACC:0
CLSFE:0.30416666666666664
MCC:0.4985680896616389
GMEAN:0.7362439300361527
SAMPLES:240
AUC:{}
AVGP:{}
CLASS:1
ACC:0.776
PREC:0.8137254901960784
REC:0.8504098360655737
TNR:0.6374045801526718
FPR:0.18627450980392157
FPDR:0.18627450980392157
F1:0.8316633266533067
BACC:0
CLSFE:0.18627450980392157
MCC:0.4985680896616389
GMEAN:0.7362439300361527
SAMPLES:510
AUC:{}
AVGP:{}
