

GENERAL_METRICS
ACC:0.7666666666666667
PREC:0.733
REC:0.7374275489324931
TNR:0.7374275489324931
FPR:0.267
FPDR:0.267
F1:0.7350727364109976
BACC:0.0
CLSFE:0.23333333333333334
MCC:0.470406712967708
GMEAN:0.7328737365905867
SAMPLES:750.0
AUC:{'AUC macro OVO': 0.7330000000000001}
AVGP:{'avg_precision': 0.7939240340537}


METRICS_PER_CLASSES
CLASS:0
ACC:0.7666666666666667
PREC:0.632
REC:0.6556016597510373
TNR:0.8192534381139489
FPR:0.368
FPDR:0.368
F1:0.6435845213849287
BACC:0
CLSFE:0.368
MCC:0.470406712967708
GMEAN:0.7328737365905867
SAMPLES:250
AUC:{}
AVGP:{}
CLASS:1
ACC:0.7666666666666667
PREC:0.834
REC:0.8192534381139489
TNR:0.6556016597510373
FPR:0.166
FPDR:0.166
F1:0.8265609514370664
BACC:0
CLSFE:0.166
MCC:0.470406712967708
GMEAN:0.7328737365905867
SAMPLES:500
AUC:{}
AVGP:{}
