

GENERAL_METRICS
ACC:0.764
PREC:0.7364548494983278
REC:0.7249067527695818
TNR:0.7249067527695818
FPR:0.26354515050167227
FPDR:0.26354515050167227
F1:0.7297495373678521
BACC:0.0
CLSFE:0.236
MCC:0.46121705249172695
GMEAN:0.7148779564928524
SAMPLES:750.0
AUC:{'AUC macro OVO': 0.7364548494983277}
AVGP:{'avg_precision': 0.8158902130733117}


METRICS_PER_CLASSES
CLASS:0
ACC:0.764
PREC:0.6652173913043479
REC:0.6047430830039525
TNR:0.8450704225352113
FPR:0.3347826086956522
FPDR:0.3347826086956522
F1:0.6335403726708074
BACC:0
CLSFE:0.3347826086956522
MCC:0.46121705249172695
GMEAN:0.7148779564928524
SAMPLES:230
AUC:{}
AVGP:{}
CLASS:1
ACC:0.764
PREC:0.8076923076923077
REC:0.8450704225352113
TNR:0.6047430830039525
FPR:0.19230769230769232
FPDR:0.19230769230769232
F1:0.8259587020648967
BACC:0
CLSFE:0.19230769230769232
MCC:0.46121705249172695
GMEAN:0.7148779564928524
SAMPLES:520
AUC:{}
AVGP:{}
