

GENERAL_METRICS
ACC:0.8754285714285714
PREC:0.6567598519076305
REC:0.7659937888198758
TNR:0.7659937888198758
FPR:0.34324014809236947
FPDR:0.34324014809236947
F1:0.6896314953660314
BACC:0.0
CLSFE:0.12457142857142857
MCC:0.40839758541770677
GMEAN:0.7548335813814784
SAMPLES:1750.0
AUC:{'AUC macro OVO': 0.6567598519076305}
AVGP:{'avg_precision': 0.8948204744443613}


METRICS_PER_CLASSES
CLASS:0
ACC:0.8754285714285714
PREC:0.34765625
REC:0.6357142857142857
TNR:0.8962732919254658
FPR:0.65234375
FPDR:0.65234375
F1:0.4494949494949495
BACC:0
CLSFE:0.65234375
MCC:0.40839758541770677
GMEAN:0.7548335813814784
SAMPLES:256
AUC:{}
AVGP:{}
CLASS:1
ACC:0.8754285714285714
PREC:0.9658634538152611
REC:0.8962732919254658
TNR:0.6357142857142857
FPR:0.03413654618473896
FPDR:0.03413654618473896
F1:0.9297680412371134
BACC:0
CLSFE:0.03413654618473896
MCC:0.40839758541770677
GMEAN:0.7548335813814784
SAMPLES:1494
AUC:{}
AVGP:{}
