

GENERAL_METRICS
ACC:0.8874285714285715
PREC:0.6811566818955385
REC:0.8083850931677019
TNR:0.8083850931677019
FPR:0.3188433181044616
FPDR:0.3188433181044616
F1:0.7201456947083793
BACC:0.0
CLSFE:0.11257142857142857
MCC:0.47271987571629503
GMEAN:0.802889634850132
SAMPLES:1750.0
AUC:{'AUC macro OVO': 0.6811566818955384}
AVGP:{'avg_precision': 0.901162526573284}


METRICS_PER_CLASSES
CLASS:0
ACC:0.8874285714285715
PREC:0.38910505836575876
REC:0.7142857142857143
TNR:0.9024844720496894
FPR:0.6108949416342413
FPDR:0.6108949416342413
F1:0.5037783375314862
BACC:0
CLSFE:0.6108949416342413
MCC:0.47271987571629503
GMEAN:0.802889634850132
SAMPLES:257
AUC:{}
AVGP:{}
CLASS:1
ACC:0.8874285714285715
PREC:0.9732083054253181
REC:0.9024844720496894
TNR:0.7142857142857143
FPR:0.02679169457468185
FPDR:0.02679169457468185
F1:0.9365130518852723
BACC:0
CLSFE:0.02679169457468185
MCC:0.47271987571629503
GMEAN:0.802889634850132
SAMPLES:1493
AUC:{}
AVGP:{}
