

GENERAL_METRICS
ACC:0.8845714285714286
PREC:0.6809630778969146
REC:0.8021914276506606
TNR:0.8021914276506606
FPR:0.3190369221030855
FPDR:0.3190369221030855
F1:0.7185877003321223
BACC:0.0
CLSFE:0.11542857142857142
MCC:0.46769858183118884
GMEAN:0.7960909976699022
SAMPLES:1750.0
AUC:{'AUC macro OVO': 0.6809630778969145}
AVGP:{'avg_precision': 0.8994884210960484}


METRICS_PER_CLASSES
CLASS:0
ACC:0.8845714285714286
PREC:0.39080459770114945
REC:0.7034482758620689
TNR:0.9009345794392524
FPR:0.6091954022988506
FPDR:0.6091954022988506
F1:0.5024630541871922
BACC:0
CLSFE:0.6091954022988506
MCC:0.46769858183118884
GMEAN:0.7960909976699022
SAMPLES:261
AUC:{}
AVGP:{}
CLASS:1
ACC:0.8845714285714286
PREC:0.9711215580926796
REC:0.9009345794392524
TNR:0.7034482758620689
FPR:0.02887844190732035
FPDR:0.02887844190732035
F1:0.9347123464770524
BACC:0
CLSFE:0.02887844190732035
MCC:0.46769858183118884
GMEAN:0.7960909976699022
SAMPLES:1489
AUC:{}
AVGP:{}
