

GENERAL_METRICS
ACC:0.8754285714285714
PREC:0.6668841880109486
REC:0.7669114388545821
TNR:0.7669114388545821
FPR:0.3331158119890514
FPDR:0.3331158119890514
F1:0.6988712605572658
BACC:0.0
CLSFE:0.12457142857142857
MCC:0.42210566802202926
GMEAN:0.7556142349341284
SAMPLES:1750.0
AUC:{'AUC macro OVO': 0.6668841880109486}
AVGP:{'avg_precision': 0.8963621797493319}


METRICS_PER_CLASSES
CLASS:0
ACC:0.8754285714285714
PREC:0.37065637065637064
REC:0.6357615894039735
TNR:0.8980612883051907
FPR:0.6293436293436293
FPDR:0.6293436293436293
F1:0.4682926829268293
BACC:0
CLSFE:0.6293436293436293
MCC:0.42210566802202926
GMEAN:0.7556142349341284
SAMPLES:259
AUC:{}
AVGP:{}
CLASS:1
ACC:0.8754285714285714
PREC:0.9631120053655265
REC:0.8980612883051907
TNR:0.6357615894039735
FPR:0.03688799463447351
FPDR:0.03688799463447351
F1:0.9294498381877022
BACC:0
CLSFE:0.03688799463447351
MCC:0.42210566802202926
GMEAN:0.7556142349341284
SAMPLES:1491
AUC:{}
AVGP:{}
