

GENERAL_METRICS
ACC:0.93
PREC:0.5260782714347488
REC:0.6460457929484478
TNR:0.6460457929484478
FPR:0.4739217285652511
FPDR:0.4739217285652511
F1:0.5330718535713332
BACC:0.0
CLSFE:0.07
MCC:0.12342806537271428
GMEAN:0.5770533671730976
SAMPLES:4000.0
AUC:{'AUC macro OVO': 0.526078271434749}
AVGP:{'avg_precision': 0.936510502647823}


METRICS_PER_CLASSES
CLASS:0
ACC:0.93
PREC:0.0599250936329588
REC:0.35555555555555557
TNR:0.93653603034134
FPR:0.9400749063670412
FPDR:0.9400749063670412
F1:0.10256410256410256
BACC:0
CLSFE:0.9400749063670412
MCC:0.12342806537271428
GMEAN:0.5770533671730976
SAMPLES:267
AUC:{}
AVGP:{}
CLASS:1
ACC:0.93
PREC:0.9922314492365389
REC:0.93653603034134
TNR:0.35555555555555557
FPR:0.0077685507634610235
FPDR:0.0077685507634610235
F1:0.963579604578564
BACC:0
CLSFE:0.0077685507634610235
MCC:0.12342806537271428
GMEAN:0.5770533671730976
SAMPLES:3733
AUC:{}
AVGP:{}
