

GENERAL_METRICS
ACC:0.929
PREC:0.5093171534348004
REC:0.5601769441271022
TNR:0.5601769441271022
FPR:0.4906828465651995
FPDR:0.4906828465651995
F1:0.5050531632156905
BACC:0.0
CLSFE:0.071
MCC:0.04735727279603958
GMEAN:0.41526793929908434
SAMPLES:4000.0
AUC:{'AUC macro OVO': 0.5093171534348004}
AVGP:{'avg_precision': 0.9361338848742196}


METRICS_PER_CLASSES
CLASS:0
ACC:0.929
PREC:0.026923076923076925
REC:0.18421052631578946
TNR:0.936143361938415
FPR:0.9730769230769231
FPDR:0.9730769230769231
F1:0.04697986577181208
BACC:0
CLSFE:0.9730769230769231
MCC:0.04735727279603958
GMEAN:0.41526793929908434
SAMPLES:260
AUC:{}
AVGP:{}
CLASS:1
ACC:0.929
PREC:0.991711229946524
REC:0.936143361938415
TNR:0.18421052631578946
FPR:0.008288770053475936
FPDR:0.008288770053475936
F1:0.963126460659569
BACC:0
CLSFE:0.008288770053475936
MCC:0.04735727279603958
GMEAN:0.41526793929908434
SAMPLES:3740
AUC:{}
AVGP:{}
