

GENERAL_METRICS
ACC:0.93025
PREC:0.522806008933491
REC:0.6520298095060973
TNR:0.6520298095060973
FPR:0.477193991066509
FPDR:0.477193991066509
F1:0.527469237866312
BACC:0.0
CLSFE:0.06975
MCC:0.11776575382942185
GMEAN:0.5871191919096563
SAMPLES:4000.0
AUC:{'AUC macro OVO': 0.522806008933491}
AVGP:{'avg_precision': 0.9356199854122066}


METRICS_PER_CLASSES
CLASS:0
ACC:0.93025
PREC:0.05204460966542751
REC:0.3684210526315789
TNR:0.9356385663806158
FPR:0.9479553903345725
FPDR:0.9479553903345725
F1:0.09120521172638436
BACC:0
CLSFE:0.9479553903345725
MCC:0.11776575382942185
GMEAN:0.5871191919096563
SAMPLES:269
AUC:{}
AVGP:{}
CLASS:1
ACC:0.93025
PREC:0.9935674082015545
REC:0.9356385663806158
TNR:0.3684210526315789
FPR:0.006432591798445457
FPDR:0.006432591798445457
F1:0.9637332640062395
BACC:0
CLSFE:0.006432591798445457
MCC:0.11776575382942185
GMEAN:0.5871191919096563
SAMPLES:3731
AUC:{}
AVGP:{}
