

GENERAL_METRICS
ACC:0.93775
PREC:0.5201169869774311
REC:0.628769591064673
TNR:0.628769591064673
FPR:0.47988301302256886
FPDR:0.47988301302256886
F1:0.5244822418466131
BACC:0.0
CLSFE:0.06225
MCC:0.10179304861408095
GMEAN:0.5444732223844556
SAMPLES:4000.0
AUC:{'AUC macro OVO': 0.5201169869774311}
AVGP:{'avg_precision': 0.9432390992920252}


METRICS_PER_CLASSES
CLASS:0
ACC:0.93775
PREC:0.046610169491525424
REC:0.3142857142857143
TNR:0.9432534678436317
FPR:0.9533898305084746
FPDR:0.9533898305084746
F1:0.08118081180811808
BACC:0
CLSFE:0.9533898305084746
MCC:0.10179304861408095
GMEAN:0.5444732223844556
SAMPLES:236
AUC:{}
AVGP:{}
CLASS:1
ACC:0.93775
PREC:0.9936238044633369
REC:0.9432534678436317
TNR:0.3142857142857143
FPR:0.006376195536663124
FPDR:0.006376195536663124
F1:0.967783671885108
BACC:0
CLSFE:0.006376195536663124
MCC:0.10179304861408095
GMEAN:0.5444732223844556
SAMPLES:3764
AUC:{}
AVGP:{}
