

GENERAL_METRICS
ACC:0.8887272727272727
PREC:0.5845307977660918
REC:0.6110315378025273
TNR:0.6110315378025273
FPR:0.4154692022339081
FPDR:0.4154692022339081
F1:0.5949528672427338
BACC:0.0
CLSFE:0.11127272727272727
MCC:0.19375845238485595
GMEAN:0.5218057781198346
SAMPLES:2750.0
AUC:{'AUC macro OVO': 0.5845307977660918}
AVGP:{'avg_precision': 0.9282727370352051}


METRICS_PER_CLASSES
CLASS:0
ACC:0.8887272727272727
PREC:0.21794871794871795
REC:0.29310344827586204
TNR:0.9289596273291926
FPR:0.782051282051282
FPDR:0.782051282051282
F1:0.25
BACC:0
CLSFE:0.782051282051282
MCC:0.19375845238485595
GMEAN:0.5218057781198346
SAMPLES:234
AUC:{}
AVGP:{}
CLASS:1
ACC:0.8887272727272727
PREC:0.9511128775834659
REC:0.9289596273291926
TNR:0.29310344827586204
FPR:0.04888712241653418
FPDR:0.04888712241653418
F1:0.9399057344854674
BACC:0
CLSFE:0.04888712241653418
MCC:0.19375845238485595
GMEAN:0.5218057781198346
SAMPLES:2516
AUC:{}
AVGP:{}
