

GENERAL_METRICS
ACC:0.8767272727272727
PREC:0.5922071752438453
REC:0.6208197002259436
TNR:0.6208197002259436
FPR:0.40779282475615475
FPDR:0.40779282475615475
F1:0.6033672408782975
BACC:0.0
CLSFE:0.12327272727272727
MCC:0.21109659657741922
GMEAN:0.5439572434426726
SAMPLES:2750.0
AUC:{'AUC macro OVO': 0.5922071752438453}
AVGP:{'avg_precision': 0.9190802735183145}


METRICS_PER_CLASSES
CLASS:0
ACC:0.8767272727272727
PREC:0.23880597014925373
REC:0.32160804020100503
TNR:0.9200313602508821
FPR:0.7611940298507462
FPDR:0.7611940298507462
F1:0.2740899357601713
BACC:0
CLSFE:0.7611940298507462
MCC:0.21109659657741922
GMEAN:0.5439572434426726
SAMPLES:268
AUC:{}
AVGP:{}
CLASS:1
ACC:0.8767272727272727
PREC:0.9456083803384367
REC:0.9200313602508821
TNR:0.32160804020100503
FPR:0.05439161966156326
FPDR:0.05439161966156326
F1:0.9326445459964237
BACC:0
CLSFE:0.05439161966156326
MCC:0.21109659657741922
GMEAN:0.5439572434426726
SAMPLES:2482
AUC:{}
AVGP:{}
