

GENERAL_METRICS
ACC:0.8730909090909091
PREC:0.6031961869314597
REC:0.6217198280737474
TNR:0.6217198280737474
FPR:0.39680381306854023
FPDR:0.39680381306854023
F1:0.611193416438082
BACC:0.0
CLSFE:0.12690909090909092
MCC:0.22415193178880766
GMEAN:0.5443902146461773
SAMPLES:2750.0
AUC:{'AUC macro OVO': 0.6031961869314597}
AVGP:{'avg_precision': 0.920796232436118}


METRICS_PER_CLASSES
CLASS:0
ACC:0.8730909090909091
PREC:0.26765799256505574
REC:0.32142857142857145
TNR:0.9220110847189232
FPR:0.7323420074349443
FPDR:0.7323420074349443
F1:0.2920892494929006
BACC:0
CLSFE:0.7323420074349443
MCC:0.22415193178880766
GMEAN:0.5443902146461773
SAMPLES:269
AUC:{}
AVGP:{}
CLASS:1
ACC:0.8730909090909091
PREC:0.9387343812978638
REC:0.9220110847189232
TNR:0.32142857142857145
FPR:0.06126561870213623
FPDR:0.06126561870213623
F1:0.9302975833832634
BACC:0
CLSFE:0.06126561870213623
MCC:0.22415193178880766
GMEAN:0.5443902146461773
SAMPLES:2481
AUC:{}
AVGP:{}
