

GENERAL_METRICS
ACC:0.8807272727272727
PREC:0.5945145192345475
REC:0.6195617378579197
TNR:0.6195617378579197
FPR:0.40548548076545243
FPDR:0.40548548076545243
F1:0.6046800274883244
BACC:0.0
CLSFE:0.11927272727272727
MCC:0.21260592816277052
GMEAN:0.5393781206639975
SAMPLES:2750.0
AUC:{'AUC macro OVO': 0.5945145192345476}
AVGP:{'avg_precision': 0.923475793234441}


METRICS_PER_CLASSES
CLASS:0
ACC:0.8807272727272727
PREC:0.24313725490196078
REC:0.3147208121827411
TNR:0.9244026635330983
FPR:0.7568627450980392
FPDR:0.7568627450980392
F1:0.2743362831858407
BACC:0
CLSFE:0.7568627450980392
MCC:0.21260592816277052
GMEAN:0.5393781206639975
SAMPLES:255
AUC:{}
AVGP:{}
CLASS:1
ACC:0.8807272727272727
PREC:0.9458917835671342
REC:0.9244026635330983
TNR:0.3147208121827411
FPR:0.05410821643286573
FPDR:0.05410821643286573
F1:0.9350237717908082
BACC:0
CLSFE:0.05410821643286573
MCC:0.21260592816277052
GMEAN:0.5393781206639975
SAMPLES:2495
AUC:{}
AVGP:{}
