

GENERAL_METRICS
ACC:0.884
PREC:0.50075
REC:0.511185682326622
TNR:0.511185682326622
FPR:0.49924999999999997
FPDR:0.49924999999999997
F1:0.47673252990577175
BACC:0.0
CLSFE:0.116
MCC:0.005792844463634922
GMEAN:0.34429406642576355
SAMPLES:2250.0
AUC:{'AUC macro OVO': 0.50075}
AVGP:{'avg_precision': 0.8890370618941089}


METRICS_PER_CLASSES
CLASS:0
ACC:0.884
PREC:0.008
REC:0.13333333333333333
TNR:0.8890380313199105
FPR:0.992
FPDR:0.992
F1:0.01509433962264151
BACC:0
CLSFE:0.992
MCC:0.005792844463634922
GMEAN:0.34429406642576355
SAMPLES:250
AUC:{}
AVGP:{}
CLASS:1
ACC:0.884
PREC:0.9935
REC:0.8890380313199105
TNR:0.13333333333333333
FPR:0.0065
FPDR:0.0065
F1:0.938370720188902
BACC:0
CLSFE:0.0065
MCC:0.005792844463634922
GMEAN:0.34429406642576355
SAMPLES:2000
AUC:{}
AVGP:{}
