

GENERAL_METRICS
ACC:0.8862222222222222
PREC:0.5002098595848596
REC:0.5015912305516266
TNR:0.5015912305516266
FPR:0.4997901404151404
FPDR:0.4997901404151404
F1:0.48124745577094197
BACC:0.0
CLSFE:0.11377777777777778
MCC:0.001155742156331151
GMEAN:0.3098455151869573
SAMPLES:2250.0
AUC:{'AUC macro OVO': 0.5002098595848596}
AVGP:{'avg_precision': 0.8960391128398554}


METRICS_PER_CLASSES
CLASS:0
ACC:0.8862222222222222
PREC:0.01282051282051282
REC:0.10714285714285714
TNR:0.8960396039603961
FPR:0.9871794871794872
FPDR:0.9871794871794872
F1:0.022900763358778626
BACC:0
CLSFE:0.9871794871794872
MCC:0.001155742156331151
GMEAN:0.3098455151869573
SAMPLES:234
AUC:{}
AVGP:{}
CLASS:1
ACC:0.8862222222222222
PREC:0.9875992063492064
REC:0.8960396039603961
TNR:0.10714285714285714
FPR:0.01240079365079365
FPDR:0.01240079365079365
F1:0.9395941481831053
BACC:0
CLSFE:0.01240079365079365
MCC:0.001155742156331151
GMEAN:0.3098455151869573
SAMPLES:2016
AUC:{}
AVGP:{}
