

GENERAL_METRICS
ACC:0.8755555555555555
PREC:0.5021003885910885
REC:0.5189194798007748
TNR:0.5189194798007748
FPR:0.4978996114089115
FPDR:0.4978996114089115
F1:0.48065052231718897
BACC:0.0
CLSFE:0.12444444444444444
MCC:0.012607657914597295
GMEAN:0.36878027766291654
SAMPLES:2250.0
AUC:{'AUC macro OVO': 0.5021003885910885}
AVGP:{'avg_precision': 0.883987966970488}


METRICS_PER_CLASSES
CLASS:0
ACC:0.8755555555555555
PREC:0.015267175572519083
REC:0.15384615384615385
TNR:0.8839928057553957
FPR:0.9847328244274809
FPDR:0.9847328244274809
F1:0.027777777777777776
BACC:0
CLSFE:0.9847328244274809
MCC:0.012607657914597295
GMEAN:0.36878027766291654
SAMPLES:262
AUC:{}
AVGP:{}
CLASS:1
ACC:0.8755555555555555
PREC:0.9889336016096579
REC:0.8839928057553957
TNR:0.15384615384615385
FPR:0.011066398390342052
FPDR:0.011066398390342052
F1:0.9335232668566001
BACC:0
CLSFE:0.011066398390342052
MCC:0.012607657914597295
GMEAN:0.36878027766291654
SAMPLES:1988
AUC:{}
AVGP:{}
