

GENERAL_METRICS
ACC:0.8853333333333333
PREC:0.5053055048072487
REC:0.5465168539325843
TNR:0.5465168539325843
FPR:0.49469449519275127
FPDR:0.49469449519275127
F1:0.48817467483000876
BACC:0.0
CLSFE:0.11466666666666667
MCC:0.03141944570850425
GMEAN:0.42261890820576603
SAMPLES:2250.0
AUC:{'AUC macro OVO': 0.5053055048072488}
AVGP:{'avg_precision': 0.8930234068401046}


METRICS_PER_CLASSES
CLASS:0
ACC:0.8853333333333333
PREC:0.0205761316872428
REC:0.2
TNR:0.8930337078651686
FPR:0.9794238683127572
FPDR:0.9794238683127572
F1:0.03731343283582089
BACC:0
CLSFE:0.9794238683127572
MCC:0.03141944570850425
GMEAN:0.42261890820576603
SAMPLES:243
AUC:{}
AVGP:{}
CLASS:1
ACC:0.8853333333333333
PREC:0.9900348779272546
REC:0.8930337078651686
TNR:0.2
FPR:0.009965122072745391
FPDR:0.009965122072745391
F1:0.9390359168241966
BACC:0
CLSFE:0.009965122072745391
MCC:0.03141944570850425
GMEAN:0.42261890820576603
SAMPLES:2007
AUC:{}
AVGP:{}
