

GENERAL_METRICS
ACC:0.735
PREC:0.6435759209344115
REC:0.6541994750656168
TNR:0.6541994750656168
FPR:0.3564240790655885
FPDR:0.3564240790655885
F1:0.6480701628571922
BACC:0.0
CLSFE:0.265
MCC:0.29758583057765875
GMEAN:0.6357668401746168
SAMPLES:1000.0
AUC:{'AUC macro OVO': 0.6435759209344115}
AVGP:{'avg_precision': 0.7965153105861768}


METRICS_PER_CLASSES
CLASS:0
ACC:0.735
PREC:0.4490566037735849
REC:0.5
TNR:0.8083989501312336
FPR:0.5509433962264151
FPDR:0.5509433962264151
F1:0.4731610337972167
BACC:0
CLSFE:0.5509433962264151
MCC:0.29758583057765875
GMEAN:0.6357668401746168
SAMPLES:265
AUC:{}
AVGP:{}
CLASS:1
ACC:0.735
PREC:0.8380952380952381
REC:0.8083989501312336
TNR:0.5
FPR:0.1619047619047619
FPDR:0.1619047619047619
F1:0.8229792919171677
BACC:0
CLSFE:0.1619047619047619
MCC:0.29758583057765875
GMEAN:0.6357668401746168
SAMPLES:735
AUC:{}
AVGP:{}
