

GENERAL_METRICS
ACC:0.754
PREC:0.6720178825441983
REC:0.6775005242189138
TNR:0.6775005242189138
FPR:0.32798211745580164
FPDR:0.32798211745580164
F1:0.6745876787783545
BACC:0.0
CLSFE:0.246
MCC:0.34947540300640756
GMEAN:0.6604166384161725
SAMPLES:1000.0
AUC:{'AUC macro OVO': 0.6720178825441983}
AVGP:{'avg_precision': 0.8148402180750681}


METRICS_PER_CLASSES
CLASS:0
ACC:0.754
PREC:0.5019305019305019
REC:0.5263157894736842
TNR:0.8286852589641435
FPR:0.4980694980694981
FPDR:0.4980694980694981
F1:0.5138339920948617
BACC:0
CLSFE:0.4980694980694981
MCC:0.34947540300640756
GMEAN:0.6604166384161725
SAMPLES:259
AUC:{}
AVGP:{}
CLASS:1
ACC:0.754
PREC:0.8421052631578947
REC:0.8286852589641435
TNR:0.5263157894736842
FPR:0.15789473684210525
FPDR:0.15789473684210525
F1:0.8353413654618473
BACC:0
CLSFE:0.15789473684210525
MCC:0.34947540300640756
GMEAN:0.6604166384161725
SAMPLES:741
AUC:{}
AVGP:{}
