

GENERAL_METRICS
ACC:0.75
PREC:0.6805429482172638
REC:0.6735667174023339
TNR:0.6735667174023339
FPR:0.3194570517827363
FPDR:0.3194570517827363
F1:0.6767620347959205
BACC:0.0
CLSFE:0.25
MCC:0.3540409404134499
GMEAN:0.6527504932929316
SAMPLES:1000.0
AUC:{'AUC macro OVO': 0.6805429482172637}
AVGP:{'avg_precision': 0.8230161592419847}


METRICS_PER_CLASSES
CLASS:0
ACC:0.75
PREC:0.5393700787401575
REC:0.5074074074074074
TNR:0.8397260273972603
FPR:0.46062992125984253
FPDR:0.46062992125984253
F1:0.5229007633587787
BACC:0
CLSFE:0.46062992125984253
MCC:0.3540409404134499
GMEAN:0.6527504932929316
SAMPLES:254
AUC:{}
AVGP:{}
CLASS:1
ACC:0.75
PREC:0.82171581769437
REC:0.8397260273972603
TNR:0.5074074074074074
FPR:0.17828418230563003
FPDR:0.17828418230563003
F1:0.8306233062330624
BACC:0
CLSFE:0.17828418230563003
MCC:0.3540409404134499
GMEAN:0.6527504932929316
SAMPLES:746
AUC:{}
AVGP:{}
