

GENERAL_METRICS
ACC:0.751
PREC:0.666361530027514
REC:0.6748672200749113
TNR:0.6748672200749113
FPR:0.333638469972486
FPDR:0.333638469972486
F1:0.6701877545614093
BACC:0.0
CLSFE:0.249
MCC:0.3411227244457352
GMEAN:0.6584122941439643
SAMPLES:1000.0
AUC:{'AUC macro OVO': 0.6663615300275141}
AVGP:{'avg_precision': 0.8097424758263435}


METRICS_PER_CLASSES
CLASS:0
ACC:0.751
PREC:0.48854961832061067
REC:0.5267489711934157
TNR:0.8229854689564069
FPR:0.5114503816793893
FPDR:0.5114503816793893
F1:0.5069306930693069
BACC:0
CLSFE:0.5114503816793893
MCC:0.3411227244457352
GMEAN:0.6584122941439643
SAMPLES:262
AUC:{}
AVGP:{}
CLASS:1
ACC:0.751
PREC:0.8441734417344173
REC:0.8229854689564069
TNR:0.5267489711934157
FPR:0.15582655826558264
FPDR:0.15582655826558264
F1:0.8334448160535117
BACC:0
CLSFE:0.15582655826558264
MCC:0.3411227244457352
GMEAN:0.6584122941439643
SAMPLES:738
AUC:{}
AVGP:{}
