

GENERAL_METRICS
ACC:0.9124705882352941
PREC:0.5381406608271061
REC:0.5489400770468208
TNR:0.5489400770468208
FPR:0.4618593391728939
FPDR:0.4618593391728939
F1:0.5423779442957309
BACC:0.0
CLSFE:0.08752941176470588
MCC:0.0864084921635653
GMEAN:0.377638321530099
SAMPLES:4250.0
AUC:{'AUC macro OVO': 0.5381406608271061}
AVGP:{'avg_precision': 0.9471736514234153}


METRICS_PER_CLASSES
CLASS:0
ACC:0.9124705882352941
PREC:0.11570247933884298
REC:0.15053763440860216
TNR:0.9473425196850394
FPR:0.8842975206611571
FPDR:0.8842975206611571
F1:0.1308411214953271
BACC:0
CLSFE:0.8842975206611571
MCC:0.0864084921635653
GMEAN:0.377638321530099
SAMPLES:242
AUC:{}
AVGP:{}
CLASS:1
ACC:0.9124705882352941
PREC:0.9605788423153693
REC:0.9473425196850394
TNR:0.15053763440860216
FPR:0.03942115768463074
FPDR:0.03942115768463074
F1:0.9539147670961348
BACC:0
CLSFE:0.03942115768463074
MCC:0.0864084921635653
GMEAN:0.377638321530099
SAMPLES:4008
AUC:{}
AVGP:{}
