

GENERAL_METRICS
ACC:0.9004705882352941
PREC:0.550063336263645
REC:0.566695484279992
TNR:0.566695484279992
FPR:0.449936663736355
FPDR:0.449936663736355
F1:0.556379583614953
BACC:0.0
CLSFE:0.09952941176470588
MCC:0.11556813499881158
GMEAN:0.42807176923115503
SAMPLES:4250.0
AUC:{'AUC macro OVO': 0.550063336263645}
AVGP:{'avg_precision': 0.9377471827981987}


METRICS_PER_CLASSES
CLASS:0
ACC:0.9004705882352941
PREC:0.14383561643835616
REC:0.19534883720930232
TNR:0.9380421313506815
FPR:0.8561643835616438
FPDR:0.8561643835616438
F1:0.16568047337278108
BACC:0
CLSFE:0.8561643835616438
MCC:0.11556813499881158
GMEAN:0.42807176923115503
SAMPLES:292
AUC:{}
AVGP:{}
CLASS:1
ACC:0.9004705882352941
PREC:0.9562910560889338
REC:0.9380421313506815
TNR:0.19534883720930232
FPR:0.043708943911066195
FPDR:0.043708943911066195
F1:0.947078693857125
BACC:0
CLSFE:0.043708943911066195
MCC:0.11556813499881158
GMEAN:0.42807176923115503
SAMPLES:3958
AUC:{}
AVGP:{}
