

GENERAL_METRICS
ACC:0.864
PREC:0.5844976335255767
REC:0.626081542454926
TNR:0.626081542454926
FPR:0.4155023664744233
FPDR:0.4155023664744233
F1:0.5982142857142857
BACC:0.0
CLSFE:0.136
MCC:0.20643247776157492
GMEAN:0.5607177468628798
SAMPLES:2250.0
AUC:{'AUC macro OVO': 0.5844976335255767}
AVGP:{'avg_precision': 0.9036158264930083}


METRICS_PER_CLASSES
CLASS:0
ACC:0.864
PREC:0.22265625
REC:0.3475609756097561
TNR:0.9046021093000959
FPR:0.77734375
FPDR:0.77734375
F1:0.2714285714285714
BACC:0
CLSFE:0.77734375
MCC:0.20643247776157492
GMEAN:0.5607177468628798
SAMPLES:256
AUC:{}
AVGP:{}
CLASS:1
ACC:0.864
PREC:0.9463390170511534
REC:0.9046021093000959
TNR:0.3475609756097561
FPR:0.05366098294884654
FPDR:0.05366098294884654
F1:0.925
BACC:0
CLSFE:0.05366098294884654
MCC:0.20643247776157492
GMEAN:0.5607177468628798
SAMPLES:1994
AUC:{}
AVGP:{}
