

GENERAL_METRICS
ACC:0.8777777777777778
PREC:0.5655
REC:0.6428253692744471
TNR:0.6428253692744471
FPR:0.4345
FPDR:0.4345
F1:0.5816574276343413
BACC:0.0
CLSFE:0.12222222222222222
MCC:0.19344313570118002
GMEAN:0.5880539735120391
SAMPLES:2250.0
AUC:{'AUC macro OVO': 0.5655}
AVGP:{'avg_precision': 0.9020248872297403}


METRICS_PER_CLASSES
CLASS:0
ACC:0.8777777777777778
PREC:0.164
REC:0.38317757009345793
TNR:0.9024731684554363
FPR:0.836
FPDR:0.836
F1:0.22969187675070027
BACC:0
CLSFE:0.836
MCC:0.19344313570118002
GMEAN:0.5880539735120391
SAMPLES:250
AUC:{}
AVGP:{}
CLASS:1
ACC:0.8777777777777778
PREC:0.967
REC:0.9024731684554363
TNR:0.38317757009345793
FPR:0.033
FPDR:0.033
F1:0.9336229785179821
BACC:0
CLSFE:0.033
MCC:0.19344313570118002
GMEAN:0.5880539735120391
SAMPLES:2000
AUC:{}
AVGP:{}
