

GENERAL_METRICS
ACC:0.8751111111111111
PREC:0.5776836187364329
REC:0.6308225276865713
TNR:0.6308225276865713
FPR:0.4223163812635671
FPDR:0.4223163812635671
F1:0.5932438266025293
BACC:0.0
CLSFE:0.12488888888888888
MCC:0.20162110368649455
GMEAN:0.5663205947899604
SAMPLES:2250.0
AUC:{'AUC macro OVO': 0.5776836187364329}
AVGP:{'avg_precision': 0.9080111366819459}


METRICS_PER_CLASSES
CLASS:0
ACC:0.8751111111111111
PREC:0.1991701244813278
REC:0.35294117647058826
TNR:0.9087038789025544
FPR:0.8008298755186722
FPDR:0.8008298755186722
F1:0.2546419098143236
BACC:0
CLSFE:0.8008298755186722
MCC:0.20162110368649455
GMEAN:0.5663205947899604
SAMPLES:241
AUC:{}
AVGP:{}
CLASS:1
ACC:0.8751111111111111
PREC:0.9561971129915381
REC:0.9087038789025544
TNR:0.35294117647058826
FPR:0.043802887008461924
FPDR:0.043802887008461924
F1:0.9318457433907349
BACC:0
CLSFE:0.043802887008461924
MCC:0.20162110368649455
GMEAN:0.5663205947899604
SAMPLES:2009
AUC:{}
AVGP:{}
