

GENERAL_METRICS
ACC:0.8702222222222222
PREC:0.5786421173762946
REC:0.663260976756453
TNR:0.663260976756453
FPR:0.4213578826237054
FPDR:0.4213578826237054
F1:0.5975734351915599
BACC:0.0
CLSFE:0.12977777777777777
MCC:0.22662028944513757
GMEAN:0.6212252852043597
SAMPLES:2250.0
AUC:{'AUC macro OVO': 0.5786421173762947}
AVGP:{'avg_precision': 0.8949949910632634}


METRICS_PER_CLASSES
CLASS:0
ACC:0.8702222222222222
PREC:0.19272727272727272
REC:0.43089430894308944
TNR:0.8956276445698167
FPR:0.8072727272727273
FPDR:0.8072727272727273
F1:0.2663316582914573
BACC:0
CLSFE:0.8072727272727273
MCC:0.22662028944513757
GMEAN:0.6212252852043597
SAMPLES:275
AUC:{}
AVGP:{}
CLASS:1
ACC:0.8702222222222222
PREC:0.9645569620253165
REC:0.8956276445698167
TNR:0.43089430894308944
FPR:0.035443037974683546
FPDR:0.035443037974683546
F1:0.9288152120916626
BACC:0
CLSFE:0.035443037974683546
MCC:0.22662028944513757
GMEAN:0.6212252852043597
SAMPLES:1975
AUC:{}
AVGP:{}
