

GENERAL_METRICS
ACC:0.8428571428571429
PREC:0.6484658796056046
REC:0.6664419362169532
TNR:0.6664419362169532
FPR:0.3515341203943954
FPDR:0.3515341203943954
F1:0.6564902114878238
BACC:0.0
CLSFE:0.15714285714285714
MCC:0.3143943285984014
GMEAN:0.6240538630584558
SAMPLES:1750.0
AUC:{'AUC macro OVO': 0.6484658796056046}
AVGP:{'avg_precision': 0.8970082769818719}


METRICS_PER_CLASSES
CLASS:0
ACC:0.8428571428571429
PREC:0.3780487804878049
REC:0.4325581395348837
TNR:0.9003257328990228
FPR:0.6219512195121951
FPDR:0.6219512195121951
F1:0.403470715835141
BACC:0
CLSFE:0.6219512195121951
MCC:0.3143943285984014
GMEAN:0.6240538630584558
SAMPLES:246
AUC:{}
AVGP:{}
CLASS:1
ACC:0.8428571428571429
PREC:0.9188829787234043
REC:0.9003257328990228
TNR:0.4325581395348837
FPR:0.08111702127659574
FPDR:0.08111702127659574
F1:0.9095097071405067
BACC:0
CLSFE:0.08111702127659574
MCC:0.3143943285984014
GMEAN:0.6240538630584558
SAMPLES:1504
AUC:{}
AVGP:{}
