

GENERAL_METRICS
ACC:0.8468571428571429
PREC:0.6481419670672007
REC:0.6788414306546934
TNR:0.6788414306546934
FPR:0.35185803293279927
FPDR:0.35185803293279927
F1:0.660853694163791
BACC:0.0
CLSFE:0.15314285714285714
MCC:0.3255390688092515
GMEAN:0.642734236758867
SAMPLES:1750.0
AUC:{'AUC macro OVO': 0.6481419670672007}
AVGP:{'avg_precision': 0.8942826404197846}


METRICS_PER_CLASSES
CLASS:0
ACC:0.8468571428571429
PREC:0.36904761904761907
REC:0.4603960396039604
TNR:0.8972868217054264
FPR:0.6309523809523809
FPDR:0.6309523809523809
F1:0.40969162995594716
BACC:0
CLSFE:0.6309523809523809
MCC:0.3255390688092515
GMEAN:0.642734236758867
SAMPLES:252
AUC:{}
AVGP:{}
CLASS:1
ACC:0.8468571428571429
PREC:0.9272363150867824
REC:0.8972868217054264
TNR:0.4603960396039604
FPR:0.07276368491321762
FPDR:0.07276368491321762
F1:0.912015758371635
BACC:0
CLSFE:0.07276368491321762
MCC:0.3255390688092515
GMEAN:0.642734236758867
SAMPLES:1498
AUC:{}
AVGP:{}
