

GENERAL_METRICS
ACC:0.8485714285714285
PREC:0.6454397596246512
REC:0.6824795272043039
TNR:0.6824795272043039
FPR:0.35456024037534883
FPDR:0.35456024037534883
F1:0.660179483853854
BACC:0.0
CLSFE:0.15142857142857144
MCC:0.3258206781222699
GMEAN:0.6482558158535954
SAMPLES:1750.0
AUC:{'AUC macro OVO': 0.6454397596246512}
AVGP:{'avg_precision': 0.8931031842114883}


METRICS_PER_CLASSES
CLASS:0
ACC:0.8485714285714285
PREC:0.35968379446640314
REC:0.4690721649484536
TNR:0.8958868894601543
FPR:0.6403162055335968
FPDR:0.6403162055335968
F1:0.407158836689038
BACC:0
CLSFE:0.6403162055335968
MCC:0.3258206781222699
GMEAN:0.6482558158535954
SAMPLES:253
AUC:{}
AVGP:{}
CLASS:1
ACC:0.8485714285714285
PREC:0.9311957247828991
REC:0.8958868894601543
TNR:0.4690721649484536
FPR:0.06880427521710086
FPDR:0.06880427521710086
F1:0.9132001310186701
BACC:0
CLSFE:0.06880427521710086
MCC:0.3258206781222699
GMEAN:0.6482558158535954
SAMPLES:1497
AUC:{}
AVGP:{}
