

GENERAL_METRICS
ACC:0.8422857142857143
PREC:0.640520694259012
REC:0.6681949623316339
TNR:0.6681949623316339
FPR:0.359479305740988
FPDR:0.359479305740988
F1:0.6520333356387025
BACC:0.0
CLSFE:0.15771428571428572
MCC:0.3074727492166391
GMEAN:0.6284481777298158
SAMPLES:1750.0
AUC:{'AUC macro OVO': 0.640520694259012}
AVGP:{'avg_precision': 0.89222925263007}


METRICS_PER_CLASSES
CLASS:0
ACC:0.8422857142857143
PREC:0.35714285714285715
REC:0.4411764705882353
TNR:0.8952134540750324
FPR:0.6428571428571429
FPDR:0.6428571428571429
F1:0.39473684210526316
BACC:0
CLSFE:0.6428571428571429
MCC:0.3074727492166391
GMEAN:0.6284481777298158
SAMPLES:252
AUC:{}
AVGP:{}
CLASS:1
ACC:0.8422857142857143
PREC:0.9238985313751669
REC:0.8952134540750324
TNR:0.4411764705882353
FPR:0.07610146862483311
FPDR:0.07610146862483311
F1:0.9093298291721419
BACC:0
CLSFE:0.07610146862483311
MCC:0.3074727492166391
GMEAN:0.6284481777298158
SAMPLES:1498
AUC:{}
AVGP:{}
