

GENERAL_METRICS
ACC:0.9317333333333333
PREC:0.4974373576309795
REC:0.46811361200428725
TNR:0.46811361200428725
FPR:0.5025626423690205
FPDR:0.5025626423690205
F1:0.4823302043070127
BACC:0.0
CLSFE:0.06826666666666667
MCC:-0.01807909387915669
GMEAN:0.0
SAMPLES:3750.0
AUC:{'AUC macro OVO': 0.4974373576309795}
AVGP:{'avg_precision': 0.9362287929060248}


METRICS_PER_CLASSES
CLASS:0
ACC:0.9317333333333333
PREC:0.0
REC:0.0
TNR:0.9362272240085745
FPR:1.0
FPDR:1.0
F1:0.0
BACC:0
CLSFE:1.0
MCC:-0.01807909387915669
GMEAN:0
SAMPLES:238
AUC:{}
AVGP:{}
CLASS:1
ACC:0.9317333333333333
PREC:0.994874715261959
REC:0.9362272240085745
TNR:0.0
FPR:0.005125284738041002
FPDR:0.005125284738041002
F1:0.9646604086140254
BACC:0
CLSFE:0.005125284738041002
MCC:-0.01807909387915669
GMEAN:0
SAMPLES:3512
AUC:{}
AVGP:{}
