

GENERAL_METRICS
ACC:0.9194666666666667
PREC:0.49783424776205604
REC:0.46157965194109773
TNR:0.46157965194109773
FPR:0.502165752237944
FPDR:0.502165752237944
F1:0.4790219505418172
BACC:0.0
CLSFE:0.08053333333333333
MCC:-0.018243788509095825
GMEAN:0.0
SAMPLES:3750.0
AUC:{'AUC macro OVO': 0.49783424776205604}
AVGP:{'avg_precision': 0.9231606352254722}


METRICS_PER_CLASSES
CLASS:0
ACC:0.9194666666666667
PREC:0.0
REC:0.0
TNR:0.9231593038821955
FPR:1.0
FPDR:1.0
F1:0.0
BACC:0
CLSFE:1.0
MCC:-0.018243788509095825
GMEAN:0
SAMPLES:287
AUC:{}
AVGP:{}
CLASS:1
ACC:0.9194666666666667
PREC:0.9956684955241121
REC:0.9231593038821955
TNR:0.0
FPR:0.004331504475887958
FPDR:0.004331504475887958
F1:0.9580439010836344
BACC:0
CLSFE:0.004331504475887958
MCC:-0.018243788509095825
GMEAN:0
SAMPLES:3463
AUC:{}
AVGP:{}
