

GENERAL_METRICS
ACC:0.9226666666666666
PREC:0.4989706292578878
REC:0.4876067884917442
TNR:0.4876067884917442
FPR:0.5010293707421122
FPDR:0.5010293707421122
F1:0.4833081203533365
BACC:0.0
CLSFE:0.07733333333333334
MCC:-0.007143447158733907
GMEAN:0.21016937946564282
SAMPLES:3750.0
AUC:{'AUC macro OVO': 0.4989706292578878}
AVGP:{'avg_precision': 0.927595327317697}


METRICS_PER_CLASSES
CLASS:0
ACC:0.9226666666666666
PREC:0.0036900369003690036
REC:0.047619047619047616
TNR:0.9275945293644409
FPR:0.996309963099631
FPDR:0.996309963099631
F1:0.00684931506849315
BACC:0
CLSFE:0.996309963099631
MCC:-0.007143447158733907
GMEAN:0.21016937946564282
SAMPLES:271
AUC:{}
AVGP:{}
CLASS:1
ACC:0.9226666666666666
PREC:0.9942512216154067
REC:0.9275945293644409
TNR:0.047619047619047616
FPR:0.005748778384593274
FPDR:0.005748778384593274
F1:0.9597669256381798
BACC:0
CLSFE:0.005748778384593274
MCC:-0.007143447158733907
GMEAN:0.21016937946564282
SAMPLES:3479
AUC:{}
AVGP:{}
