

GENERAL_METRICS
ACC:0.9253333333333333
PREC:0.49770510613884106
REC:0.4646491697911087
TNR:0.4646491697911087
FPR:0.5022948938611589
FPDR:0.5022948938611589
F1:0.4806094182825485
BACC:0.0
CLSFE:0.07466666666666667
MCC:-0.018014039328618767
GMEAN:0.0
SAMPLES:3750.0
AUC:{'AUC macro OVO': 0.49770510613884106}
AVGP:{'avg_precision': 0.9292997241394994}


METRICS_PER_CLASSES
CLASS:0
ACC:0.9253333333333333
PREC:0.0
REC:0.0
TNR:0.9292983395822174
FPR:1.0
FPDR:1.0
F1:0.0
BACC:0
CLSFE:1.0
MCC:-0.018014039328618767
GMEAN:0
SAMPLES:264
AUC:{}
AVGP:{}
CLASS:1
ACC:0.9253333333333333
PREC:0.9954102122776821
REC:0.9292983395822174
TNR:0.0
FPR:0.004589787722317842
FPDR:0.004589787722317842
F1:0.961218836565097
BACC:0
CLSFE:0.004589787722317842
MCC:-0.018014039328618767
GMEAN:0
SAMPLES:3486
AUC:{}
AVGP:{}
