

GENERAL_METRICS
ACC:0.682
PREC:0.6835362821068168
REC:0.6833333333333333
TNR:0.6833333333333333
FPR:0.31646371789318317
FPDR:0.31646371789318317
F1:0.6819885515878572
BACC:0.0
CLSFE:0.318
MCC:0.3668695593054826
GMEAN:0.6825198409814424
SAMPLES:500.0
AUC:{'AUC macro OVO': 0.6835362821068168}
AVGP:{'avg_precision': 0.6506945500633714}


METRICS_PER_CLASSES
CLASS:0
ACC:0.682
PREC:0.7130801687763713
REC:0.65
TNR:0.7166666666666667
FPR:0.2869198312236287
FPDR:0.2869198312236287
F1:0.6800804828973843
BACC:0
CLSFE:0.2869198312236287
MCC:0.3668695593054826
GMEAN:0.6825198409814424
SAMPLES:237
AUC:{}
AVGP:{}
CLASS:1
ACC:0.682
PREC:0.6539923954372624
REC:0.7166666666666667
TNR:0.65
FPR:0.34600760456273766
FPDR:0.34600760456273766
F1:0.68389662027833
BACC:0
CLSFE:0.34600760456273766
MCC:0.3668695593054826
GMEAN:0.6825198409814424
SAMPLES:263
AUC:{}
AVGP:{}
