

GENERAL_METRICS
ACC:0.716
PREC:0.7149925541624633
REC:0.7163505696192334
TNR:0.7163505696192334
FPR:0.2850074458375366
FPDR:0.2850074458375366
F1:0.7151065742167437
BACC:0.0
CLSFE:0.284
MCC:0.4313409860281901
GMEAN:0.7163384122932819
SAMPLES:500.0
AUC:{'AUC macro OVO': 0.7149925541624633}
AVGP:{'avg_precision': 0.6452447032185024}


METRICS_PER_CLASSES
CLASS:0
ACC:0.716
PREC:0.7509727626459144
REC:0.7121771217712177
TNR:0.7205240174672489
FPR:0.2490272373540856
FPDR:0.2490272373540856
F1:0.7310606060606061
BACC:0
CLSFE:0.2490272373540856
MCC:0.4313409860281901
GMEAN:0.7163384122932819
SAMPLES:257
AUC:{}
AVGP:{}
CLASS:1
ACC:0.716
PREC:0.6790123456790124
REC:0.7205240174672489
TNR:0.7121771217712177
FPR:0.32098765432098764
FPDR:0.32098765432098764
F1:0.6991525423728814
BACC:0
CLSFE:0.32098765432098764
MCC:0.4313409860281901
GMEAN:0.7163384122932819
SAMPLES:243
AUC:{}
AVGP:{}
