

GENERAL_METRICS
ACC:0.668
PREC:0.6685762749835976
REC:0.6699908021493926
TNR:0.6699908021493926
FPR:0.3314237250164024
FPDR:0.3314237250164024
F1:0.6674679487179487
BACC:0.0
CLSFE:0.332
MCC:0.3385641221855519
GMEAN:0.6696412636536849
SAMPLES:500.0
AUC:{'AUC macro OVO': 0.6685762749835976}
AVGP:{'avg_precision': 0.6211932928209504}


METRICS_PER_CLASSES
CLASS:0
ACC:0.668
PREC:0.7165991902834008
REC:0.6483516483516484
TNR:0.6916299559471366
FPR:0.2834008097165992
FPDR:0.2834008097165992
F1:0.6807692307692308
BACC:0
CLSFE:0.2834008097165992
MCC:0.3385641221855519
GMEAN:0.6696412636536849
SAMPLES:247
AUC:{}
AVGP:{}
CLASS:1
ACC:0.668
PREC:0.6205533596837944
REC:0.6916299559471366
TNR:0.6483516483516484
FPR:0.3794466403162055
FPDR:0.3794466403162055
F1:0.6541666666666667
BACC:0
CLSFE:0.3794466403162055
MCC:0.3385641221855519
GMEAN:0.6696412636536849
SAMPLES:253
AUC:{}
AVGP:{}
