

GENERAL_METRICS
ACC:0.664
PREC:0.659933093154915
REC:0.6621022430881586
TNR:0.6621022430881586
FPR:0.3400669068450849
FPDR:0.3400669068450849
F1:0.6603260869565217
BACC:0.0
CLSFE:0.336
MCC:0.32202803073297304
GMEAN:0.6619551824230824
SAMPLES:500.0
AUC:{'AUC macro OVO': 0.6599330931549151}
AVGP:{'avg_precision': 0.5751238825031929}


METRICS_PER_CLASSES
CLASS:0
ACC:0.664
PREC:0.7164179104477612
REC:0.676056338028169
TNR:0.6481481481481481
FPR:0.2835820895522388
FPDR:0.2835820895522388
F1:0.6956521739130435
BACC:0
CLSFE:0.2835820895522388
MCC:0.32202803073297304
GMEAN:0.6619551824230824
SAMPLES:268
AUC:{}
AVGP:{}
CLASS:1
ACC:0.664
PREC:0.603448275862069
REC:0.6481481481481481
TNR:0.676056338028169
FPR:0.39655172413793105
FPDR:0.39655172413793105
F1:0.625
BACC:0
CLSFE:0.39655172413793105
MCC:0.32202803073297304
GMEAN:0.6619551824230824
SAMPLES:232
AUC:{}
AVGP:{}
