

GENERAL_METRICS
ACC:0.8809230769230769
PREC:0.5693274376222304
REC:0.5717230684144191
TNR:0.5717230684144191
FPR:0.43067256237776963
FPDR:0.43067256237776963
F1:0.5704891284489356
BACC:0.0
CLSFE:0.11907692307692308
MCC:0.1410301606263795
GMEAN:0.44209493573032105
SAMPLES:3250.0
AUC:{'AUC macro OVO': 0.5693274376222304}
AVGP:{'avg_precision': 0.9335769837455016}


METRICS_PER_CLASSES
CLASS:0
ACC:0.8809230769230769
PREC:0.20161290322580644
REC:0.20920502092050208
TNR:0.9342411159083361
FPR:0.7983870967741935
FPDR:0.7983870967741935
F1:0.2053388090349076
BACC:0
CLSFE:0.7983870967741935
MCC:0.1410301606263795
GMEAN:0.44209493573032105
SAMPLES:248
AUC:{}
AVGP:{}
CLASS:1
ACC:0.8809230769230769
PREC:0.9370419720186542
REC:0.9342411159083361
TNR:0.20920502092050208
FPR:0.06295802798134577
FPDR:0.06295802798134577
F1:0.9356394478629636
BACC:0
CLSFE:0.06295802798134577
MCC:0.1410301606263795
GMEAN:0.44209493573032105
SAMPLES:3002
AUC:{}
AVGP:{}
