

GENERAL_METRICS
ACC:0.8821538461538462
PREC:0.5924853689226315
REC:0.600358059173135
TNR:0.600358059173135
FPR:0.40751463107736857
FPDR:0.40751463107736857
F1:0.5961586814933775
BACC:0.0
CLSFE:0.11784615384615385
MCC:0.19268266270722612
GMEAN:0.5001623587521685
SAMPLES:3250.0
AUC:{'AUC macro OVO': 0.5924853689226315}
AVGP:{'avg_precision': 0.9315060654382394}


METRICS_PER_CLASSES
CLASS:0
ACC:0.8821538461538462
PREC:0.24535315985130113
REC:0.2682926829268293
TNR:0.9324234354194407
FPR:0.7546468401486989
FPDR:0.7546468401486989
F1:0.2563106796116505
BACC:0
CLSFE:0.7546468401486989
MCC:0.19268266270722612
GMEAN:0.5001623587521685
SAMPLES:269
AUC:{}
AVGP:{}
CLASS:1
ACC:0.8821538461538462
PREC:0.9396175779939617
REC:0.9324234354194407
TNR:0.2682926829268293
FPR:0.060382422006038244
FPDR:0.060382422006038244
F1:0.9360066833751044
BACC:0
CLSFE:0.060382422006038244
MCC:0.19268266270722612
GMEAN:0.5001623587521685
SAMPLES:2981
AUC:{}
AVGP:{}
