

GENERAL_METRICS
ACC:0.8938461538461538
PREC:0.5991382698377895
REC:0.6051938474504845
TNR:0.6051938474504845
FPR:0.4008617301622105
FPDR:0.4008617301622105
F1:0.6020282450803237
BACC:0.0
CLSFE:0.10615384615384615
MCC:0.20424236616159158
GMEAN:0.5038306694189163
SAMPLES:3250.0
AUC:{'AUC macro OVO': 0.5991382698377895}
AVGP:{'avg_precision': 0.9396739451973749}


METRICS_PER_CLASSES
CLASS:0
ACC:0.8938461538461538
PREC:0.25311203319502074
REC:0.26991150442477874
TNR:0.9404761904761905
FPR:0.7468879668049793
FPDR:0.7468879668049793
F1:0.26124197002141325
BACC:0
CLSFE:0.7468879668049793
MCC:0.20424236616159158
GMEAN:0.5038306694189163
SAMPLES:241
AUC:{}
AVGP:{}
CLASS:1
ACC:0.8938461538461538
PREC:0.9451645064805583
REC:0.9404761904761905
TNR:0.26991150442477874
FPR:0.054835493519441676
FPDR:0.054835493519441676
F1:0.9428145201392342
BACC:0
CLSFE:0.054835493519441676
MCC:0.20424236616159158
GMEAN:0.5038306694189163
SAMPLES:3009
AUC:{}
AVGP:{}
