

GENERAL_METRICS
ACC:0.8849230769230769
PREC:0.5981781270875084
REC:0.6003333333333334
TNR:0.6003333333333334
FPR:0.40182187291249166
FPDR:0.40182187291249166
F1:0.5992369180774978
BACC:0.0
CLSFE:0.11507692307692308
MCC:0.19849976071636294
GMEAN:0.49727256107692086
SAMPLES:3250.0
AUC:{'AUC macro OVO': 0.5981781270875084}
AVGP:{'avg_precision': 0.9357180343593169}


METRICS_PER_CLASSES
CLASS:0
ACC:0.8849230769230769
PREC:0.2578125
REC:0.264
TNR:0.9366666666666666
FPR:0.7421875
FPDR:0.7421875
F1:0.2608695652173913
BACC:0
CLSFE:0.7421875
MCC:0.19849976071636294
GMEAN:0.49727256107692086
SAMPLES:256
AUC:{}
AVGP:{}
CLASS:1
ACC:0.8849230769230769
PREC:0.9385437541750167
REC:0.9366666666666666
TNR:0.264
FPR:0.0614562458249833
FPDR:0.0614562458249833
F1:0.9376042709376042
BACC:0
CLSFE:0.0614562458249833
MCC:0.19849976071636294
GMEAN:0.49727256107692086
SAMPLES:2994
AUC:{}
AVGP:{}
