

GENERAL_METRICS
ACC:0.816
PREC:0.8147519184863583
REC:0.8170273192299624
TNR:0.8170273192299624
FPR:0.1852480815136417
FPDR:0.1852480815136417
F1:0.8152432362958679
BACC:0.0
CLSFE:0.184
MCC:0.6317751401890322
GMEAN:0.8169510079235323
SAMPLES:500.0
AUC:{'AUC macro OVO': 0.8147519184863584}
AVGP:{'avg_precision': 0.762514970229256}


METRICS_PER_CLASSES
CLASS:0
ACC:0.816
PREC:0.7800829875518672
REC:0.8281938325991189
TNR:0.8058608058608059
FPR:0.21991701244813278
FPDR:0.21991701244813278
F1:0.8034188034188035
BACC:0
CLSFE:0.21991701244813278
MCC:0.6317751401890322
GMEAN:0.8169510079235323
SAMPLES:241
AUC:{}
AVGP:{}
CLASS:1
ACC:0.816
PREC:0.8494208494208494
REC:0.8058608058608059
TNR:0.8281938325991189
FPR:0.15057915057915058
FPDR:0.15057915057915058
F1:0.8270676691729323
BACC:0
CLSFE:0.15057915057915058
MCC:0.6317751401890322
GMEAN:0.8169510079235323
SAMPLES:259
AUC:{}
AVGP:{}
