

GENERAL_METRICS
ACC:0.81
PREC:0.8101638504864311
REC:0.8105464682228167
TNR:0.8105464682228167
FPR:0.18983614951356886
FPDR:0.18983614951356886
F1:0.8099627526995291
BACC:0.0
CLSFE:0.19
MCC:0.6207102007827839
GMEAN:0.8104043155613535
SAMPLES:500.0
AUC:{'AUC macro OVO': 0.810163850486431}
AVGP:{'avg_precision': 0.7446675800224187}


METRICS_PER_CLASSES
CLASS:0
ACC:0.81
PREC:0.7896825396825397
REC:0.8257261410788381
TNR:0.7953667953667953
FPR:0.21031746031746032
FPDR:0.21031746031746032
F1:0.8073022312373225
BACC:0
CLSFE:0.21031746031746032
MCC:0.6207102007827839
GMEAN:0.8104043155613535
SAMPLES:252
AUC:{}
AVGP:{}
CLASS:1
ACC:0.81
PREC:0.8306451612903226
REC:0.7953667953667953
TNR:0.8257261410788381
FPR:0.1693548387096774
FPDR:0.1693548387096774
F1:0.8126232741617357
BACC:0
CLSFE:0.1693548387096774
MCC:0.6207102007827839
GMEAN:0.8104043155613535
SAMPLES:248
AUC:{}
AVGP:{}
