

GENERAL_METRICS
ACC:0.816
PREC:0.8159010544168707
REC:0.8167524987566379
TNR:0.8167524987566379
FPR:0.18409894558312934
FPDR:0.18409894558312934
F1:0.8158556308145586
BACC:0.0
CLSFE:0.184
MCC:0.6326529802234411
GMEAN:0.8166242897585194
SAMPLES:500.0
AUC:{'AUC macro OVO': 0.8159010544168708}
AVGP:{'avg_precision': 0.7544277642282581}


METRICS_PER_CLASSES
CLASS:0
ACC:0.816
PREC:0.7911646586345381
REC:0.8312236286919831
TNR:0.8022813688212928
FPR:0.20883534136546184
FPDR:0.20883534136546184
F1:0.8106995884773662
BACC:0
CLSFE:0.20883534136546184
MCC:0.6326529802234411
GMEAN:0.8166242897585194
SAMPLES:249
AUC:{}
AVGP:{}
CLASS:1
ACC:0.816
PREC:0.8406374501992032
REC:0.8022813688212928
TNR:0.8312236286919831
FPR:0.1593625498007968
FPDR:0.1593625498007968
F1:0.8210116731517509
BACC:0
CLSFE:0.1593625498007968
MCC:0.6326529802234411
GMEAN:0.8166242897585194
SAMPLES:251
AUC:{}
AVGP:{}
