

GENERAL_METRICS
ACC:0.844
PREC:0.8432050727770573
REC:0.8449283058948487
TNR:0.8449283058948487
FPR:0.15679492722294278
FPDR:0.15679492722294278
F1:0.8435770322953265
BACC:0.0
CLSFE:0.156
MCC:0.6881312209964277
GMEAN:0.8448400125705154
SAMPLES:500.0
AUC:{'AUC macro OVO': 0.8432050727770573}
AVGP:{'avg_precision': 0.7917894203925766}


METRICS_PER_CLASSES
CLASS:0
ACC:0.844
PREC:0.8148148148148148
REC:0.8571428571428571
TNR:0.8327137546468402
FPR:0.18518518518518517
FPDR:0.18518518518518517
F1:0.8354430379746836
BACC:0
CLSFE:0.18518518518518517
MCC:0.6881312209964277
GMEAN:0.8448400125705154
SAMPLES:243
AUC:{}
AVGP:{}
CLASS:1
ACC:0.844
PREC:0.8715953307392996
REC:0.8327137546468402
TNR:0.8571428571428571
FPR:0.12840466926070038
FPDR:0.12840466926070038
F1:0.8517110266159695
BACC:0
CLSFE:0.12840466926070038
MCC:0.6881312209964277
GMEAN:0.8448400125705154
SAMPLES:257
AUC:{}
AVGP:{}
