

GENERAL_METRICS
ACC:0.823
PREC:0.7946368215617436
REC:0.7609062954076977
TNR:0.7609062954076977
FPR:0.2053631784382564
FPDR:0.2053631784382564
F1:0.7741698829383432
BACC:0.0
CLSFE:0.177
MCC:0.5545181750109671
GMEAN:0.7459778495702611
SAMPLES:1000.0
AUC:{'AUC macro OVO': 0.7946368215617436}
AVGP:{'avg_precision': 0.8878969147574388}


METRICS_PER_CLASSES
CLASS:0
ACC:0.823
PREC:0.7396694214876033
REC:0.6109215017064846
TNR:0.9108910891089109
FPR:0.2603305785123967
FPDR:0.2603305785123967
F1:0.6691588785046729
BACC:0
CLSFE:0.2603305785123967
MCC:0.5545181750109671
GMEAN:0.7459778495702611
SAMPLES:242
AUC:{}
AVGP:{}
CLASS:1
ACC:0.823
PREC:0.8496042216358839
REC:0.9108910891089109
TNR:0.6109215017064846
FPR:0.1503957783641161
FPDR:0.1503957783641161
F1:0.8791808873720136
BACC:0
CLSFE:0.1503957783641161
MCC:0.5545181750109671
GMEAN:0.7459778495702611
SAMPLES:758
AUC:{}
AVGP:{}
