

GENERAL_METRICS
ACC:0.803
PREC:0.7803234501347709
REC:0.7509191176470589
TNR:0.7509191176470589
FPR:0.2196765498652291
FPDR:0.2196765498652291
F1:0.7620126242034369
BACC:0.0
CLSFE:0.197
MCC:0.5304281770931707
GMEAN:0.7368516591872878
SAMPLES:1000.0
AUC:{'AUC macro OVO': 0.780323450134771}
AVGP:{'avg_precision': 0.8680588235294118}


METRICS_PER_CLASSES
CLASS:0
ACC:0.803
PREC:0.7320754716981132
REC:0.60625
TNR:0.8955882352941177
FPR:0.2679245283018868
FPDR:0.2679245283018868
F1:0.6632478632478632
BACC:0
CLSFE:0.2679245283018868
MCC:0.5304281770931707
GMEAN:0.7368516591872878
SAMPLES:265
AUC:{}
AVGP:{}
CLASS:1
ACC:0.803
PREC:0.8285714285714286
REC:0.8955882352941177
TNR:0.60625
FPR:0.17142857142857143
FPDR:0.17142857142857143
F1:0.8607773851590106
BACC:0
CLSFE:0.17142857142857143
MCC:0.5304281770931707
GMEAN:0.7368516591872878
SAMPLES:735
AUC:{}
AVGP:{}
