

GENERAL_METRICS
ACC:0.836
PREC:0.7834497403653135
REC:0.7726424076723812
TNR:0.7726424076723812
FPR:0.21655025963468655
FPDR:0.21655025963468655
F1:0.7777344088819498
BACC:0.0
CLSFE:0.164
MCC:0.5559871209562697
GMEAN:0.7620960066505951
SAMPLES:1000.0
AUC:{'AUC macro OVO': 0.7834497403653136}
AVGP:{'avg_precision': 0.8839017212989971}


METRICS_PER_CLASSES
CLASS:0
ACC:0.836
PREC:0.6835443037974683
REC:0.6454183266932271
TNR:0.8998664886515354
FPR:0.31645569620253167
FPDR:0.31645569620253167
F1:0.6639344262295082
BACC:0
CLSFE:0.31645569620253167
MCC:0.5559871209562697
GMEAN:0.7620960066505951
SAMPLES:237
AUC:{}
AVGP:{}
CLASS:1
ACC:0.836
PREC:0.8833551769331586
REC:0.8998664886515354
TNR:0.6454183266932271
FPR:0.11664482306684142
FPDR:0.11664482306684142
F1:0.8915343915343915
BACC:0
CLSFE:0.11664482306684142
MCC:0.5559871209562697
GMEAN:0.7620960066505951
SAMPLES:763
AUC:{}
AVGP:{}
