

GENERAL_METRICS
ACC:0.825
PREC:0.7811541939610489
REC:0.7593025798544542
TNR:0.7593025798544542
FPR:0.21884580603895099
FPDR:0.21884580603895099
F1:0.7688093416879032
BACC:0.0
CLSFE:0.175
MCC:0.540014843614505
GMEAN:0.7458679104124633
SAMPLES:1000.0
AUC:{'AUC macro OVO': 0.7811541939610489}
AVGP:{'avg_precision': 0.882647841557425}


METRICS_PER_CLASSES
CLASS:0
ACC:0.825
PREC:0.6974789915966386
REC:0.6171003717472119
TNR:0.9015047879616963
FPR:0.3025210084033613
FPDR:0.3025210084033613
F1:0.6548323471400395
BACC:0
CLSFE:0.3025210084033613
MCC:0.540014843614505
GMEAN:0.7458679104124633
SAMPLES:238
AUC:{}
AVGP:{}
CLASS:1
ACC:0.825
PREC:0.8648293963254593
REC:0.9015047879616963
TNR:0.6171003717472119
FPR:0.13517060367454067
FPDR:0.13517060367454067
F1:0.882786336235767
BACC:0
CLSFE:0.13517060367454067
MCC:0.540014843614505
GMEAN:0.7458679104124633
SAMPLES:762
AUC:{}
AVGP:{}
