

GENERAL_METRICS
ACC:0.9034666666666666
PREC:0.5437105565117613
REC:0.5684011671405058
TNR:0.5684011671405058
FPR:0.4562894434882387
FPDR:0.4562894434882387
F1:0.5515089123356028
BACC:0.0
CLSFE:0.09653333333333333
MCC:0.10935909805344061
GMEAN:0.4338865278828766
SAMPLES:3750.0
AUC:{'AUC macro OVO': 0.5437105565117613}
AVGP:{'avg_precision': 0.9353579942909236}


METRICS_PER_CLASSES
CLASS:0
ACC:0.9034666666666666
PREC:0.125
REC:0.20121951219512196
TNR:0.9355828220858896
FPR:0.875
FPDR:0.875
F1:0.1542056074766355
BACC:0
CLSFE:0.875
MCC:0.10935909805344061
GMEAN:0.4338865278828766
SAMPLES:264
AUC:{}
AVGP:{}
CLASS:1
ACC:0.9034666666666666
PREC:0.9624211130235226
REC:0.9355828220858896
TNR:0.20121951219512196
FPR:0.037578886976477335
FPDR:0.037578886976477335
F1:0.9488122171945701
BACC:0
CLSFE:0.037578886976477335
MCC:0.10935909805344061
GMEAN:0.4338865278828766
SAMPLES:3486
AUC:{}
AVGP:{}
