

GENERAL_METRICS
ACC:0.9128
PREC:0.5235323191102466
REC:0.5331880219700345
TNR:0.5331880219700345
FPR:0.47646768088975344
FPDR:0.47646768088975344
F1:0.526677991655637
BACC:0.0
CLSFE:0.0872
MCC:0.05589243682777566
GMEAN:0.3379793106195784
SAMPLES:3750.0
AUC:{'AUC macro OVO': 0.5235323191102466}
AVGP:{'avg_precision': 0.9454729678742665}


METRICS_PER_CLASSES
CLASS:0
ACC:0.9128
PREC:0.08411214953271028
REC:0.12080536912751678
TNR:0.9455706748125521
FPR:0.9158878504672897
FPDR:0.9158878504672897
F1:0.09917355371900827
BACC:0
CLSFE:0.9158878504672897
MCC:0.05589243682777566
GMEAN:0.3379793106195784
SAMPLES:214
AUC:{}
AVGP:{}
CLASS:1
ACC:0.9128
PREC:0.9629524886877828
REC:0.9455706748125521
TNR:0.12080536912751678
FPR:0.037047511312217195
FPDR:0.037047511312217195
F1:0.9541824295922656
BACC:0
CLSFE:0.037047511312217195
MCC:0.05589243682777566
GMEAN:0.3379793106195784
SAMPLES:3536
AUC:{}
AVGP:{}
