

GENERAL_METRICS
ACC:0.908
PREC:0.5590330473565212
REC:0.5827065494098589
TNR:0.5827065494098589
FPR:0.44096695264347885
FPDR:0.44096695264347885
F1:0.5678238465030561
BACC:0.0
CLSFE:0.092
MCC:0.13974862644057232
GMEAN:0.45932065993325205
SAMPLES:3750.0
AUC:{'AUC macro OVO': 0.5590330473565212}
AVGP:{'avg_precision': 0.9409792101585549}


METRICS_PER_CLASSES
CLASS:0
ACC:0.908
PREC:0.1566265060240964
REC:0.22413793103448276
TNR:0.9412751677852349
FPR:0.8433734939759037
FPDR:0.8433734939759037
F1:0.18439716312056736
BACC:0
CLSFE:0.8433734939759037
MCC:0.13974862644057232
GMEAN:0.45932065993325205
SAMPLES:249
AUC:{}
AVGP:{}
CLASS:1
ACC:0.908
PREC:0.961439588688946
REC:0.9412751677852349
TNR:0.22413793103448276
FPR:0.038560411311053984
FPDR:0.038560411311053984
F1:0.9512505298855447
BACC:0
CLSFE:0.038560411311053984
MCC:0.13974862644057232
GMEAN:0.45932065993325205
SAMPLES:3501
AUC:{}
AVGP:{}
