

GENERAL_METRICS
ACC:0.912
PREC:0.5231081109654502
REC:0.5319731722301864
TNR:0.5319731722301864
FPR:0.4768918890345498
FPDR:0.4768918890345498
F1:0.5260516483061948
BACC:0.0
CLSFE:0.088
MCC:0.05436320858126739
GMEAN:0.3346193364827362
SAMPLES:3750.0
AUC:{'AUC macro OVO': 0.5231081109654502}
AVGP:{'avg_precision': 0.9454270671573028}


METRICS_PER_CLASSES
CLASS:0
ACC:0.912
PREC:0.08411214953271028
REC:0.11842105263157894
TNR:0.9455252918287937
FPR:0.9158878504672897
FPDR:0.9158878504672897
F1:0.09836065573770492
BACC:0
CLSFE:0.9158878504672897
MCC:0.05436320858126739
GMEAN:0.3346193364827362
SAMPLES:214
AUC:{}
AVGP:{}
CLASS:1
ACC:0.912
PREC:0.9621040723981901
REC:0.9455252918287937
TNR:0.11842105263157894
FPR:0.03789592760180995
FPDR:0.03789592760180995
F1:0.9537426408746846
BACC:0
CLSFE:0.03789592760180995
MCC:0.05436320858126739
GMEAN:0.3346193364827362
SAMPLES:3536
AUC:{}
AVGP:{}
