

GENERAL_METRICS
ACC:0.9064
PREC:0.5318206119078918
REC:0.5528103756171496
TNR:0.5528103756171496
FPR:0.4681793880921083
FPDR:0.4681793880921083
F1:0.5376223478492106
BACC:0.0
CLSFE:0.0936
MCC:0.08198679081957787
GMEAN:0.3977771497510692
SAMPLES:3750.0
AUC:{'AUC macro OVO': 0.5318206119078916}
AVGP:{'avg_precision': 0.9365552136780363}


METRICS_PER_CLASSES
CLASS:0
ACC:0.9064
PREC:0.09881422924901186
REC:0.16891891891891891
TNR:0.9367018323153803
FPR:0.9011857707509882
FPDR:0.9011857707509882
F1:0.12468827930174564
BACC:0
CLSFE:0.9011857707509882
MCC:0.08198679081957787
GMEAN:0.3977771497510692
SAMPLES:253
AUC:{}
AVGP:{}
CLASS:1
ACC:0.9064
PREC:0.9648269945667716
REC:0.9367018323153803
TNR:0.16891891891891891
FPR:0.03517300543322848
FPDR:0.03517300543322848
F1:0.9505564163966755
BACC:0
CLSFE:0.03517300543322848
MCC:0.08198679081957787
GMEAN:0.3977771497510692
SAMPLES:3497
AUC:{}
AVGP:{}
