

GENERAL_METRICS
ACC:0.9021333333333333
PREC:0.5429934021801492
REC:0.5653795756367019
TNR:0.5653795756367019
FPR:0.4570065978198508
FPDR:0.4570065978198508
F1:0.5502467147993912
BACC:0.0
CLSFE:0.09786666666666667
MCC:0.10603566173163079
GMEAN:0.42739935324989076
SAMPLES:3750.0
AUC:{'AUC macro OVO': 0.5429934021801492}
AVGP:{'avg_precision': 0.9352629790394674}


METRICS_PER_CLASSES
CLASS:0
ACC:0.9021333333333333
PREC:0.125
REC:0.1952662721893491
TNR:0.9354928790840548
FPR:0.875
FPDR:0.875
F1:0.15242494226327943
BACC:0
CLSFE:0.875
MCC:0.10603566173163079
GMEAN:0.42739935324989076
SAMPLES:264
AUC:{}
AVGP:{}
CLASS:1
ACC:0.9021333333333333
PREC:0.9609868043602984
REC:0.9354928790840548
TNR:0.1952662721893491
FPR:0.03901319563970167
FPDR:0.03901319563970167
F1:0.9480684873355031
BACC:0
CLSFE:0.03901319563970167
MCC:0.10603566173163079
GMEAN:0.42739935324989076
SAMPLES:3486
AUC:{}
AVGP:{}
