

GENERAL_METRICS
ACC:0.9082666666666667
PREC:0.5610410794850352
REC:0.585054945054945
TNR:0.585054945054945
FPR:0.43895892051496477
FPDR:0.43895892051496477
F1:0.5700321042695479
BACC:0.0
CLSFE:0.09173333333333333
MCC:0.14410892632580685
GMEAN:0.4639060154910596
SAMPLES:3750.0
AUC:{'AUC macro OVO': 0.5610410794850352}
AVGP:{'avg_precision': 0.9412323511963615}


METRICS_PER_CLASSES
CLASS:0
ACC:0.9082666666666667
PREC:0.1606425702811245
REC:0.22857142857142856
TNR:0.9415384615384615
FPR:0.8393574297188755
FPDR:0.8393574297188755
F1:0.18867924528301888
BACC:0
CLSFE:0.8393574297188755
MCC:0.14410892632580685
GMEAN:0.4639060154910596
SAMPLES:249
AUC:{}
AVGP:{}
CLASS:1
ACC:0.9082666666666667
PREC:0.961439588688946
REC:0.9415384615384615
TNR:0.22857142857142856
FPR:0.038560411311053984
FPDR:0.038560411311053984
F1:0.9513849632560769
BACC:0
CLSFE:0.038560411311053984
MCC:0.14410892632580685
GMEAN:0.4639060154910596
SAMPLES:3501
AUC:{}
AVGP:{}
