

GENERAL_METRICS
ACC:0.9181333333333334
PREC:0.5866274505662397
REC:0.6255288180321847
TNR:0.6255288180321847
FPR:0.4133725494337604
FPDR:0.4133725494337604
F1:0.6012090682892882
BACC:0.0
CLSFE:0.08186666666666667
MCC:0.2085592623569769
GMEAN:0.5370934614822984
SAMPLES:3750.0
AUC:{'AUC macro OVO': 0.5866274505662397}
AVGP:{'avg_precision': 0.9458226802549788}


METRICS_PER_CLASSES
CLASS:0
ACC:0.9181333333333334
PREC:0.205761316872428
REC:0.3048780487804878
TNR:0.9461795872838817
FPR:0.7942386831275721
FPDR:0.7942386831275721
F1:0.2457002457002457
BACC:0
CLSFE:0.7942386831275721
MCC:0.2085592623569769
GMEAN:0.5370934614822984
SAMPLES:243
AUC:{}
AVGP:{}
CLASS:1
ACC:0.9181333333333334
PREC:0.9674935842600513
REC:0.9461795872838817
TNR:0.3048780487804878
FPR:0.032506415739948676
FPDR:0.032506415739948676
F1:0.9567178908783307
BACC:0
CLSFE:0.032506415739948676
MCC:0.2085592623569769
GMEAN:0.5370934614822984
SAMPLES:3507
AUC:{}
AVGP:{}
