

GENERAL_METRICS
ACC:0.8496
PREC:0.7805444887118194
REC:0.7618669690098261
TNR:0.7618669690098261
FPR:0.2194555112881806
FPDR:0.2194555112881806
F1:0.7704504251062766
BACC:0.0
CLSFE:0.1504
MCC:0.5420897893573556
GMEAN:0.7460452548591191
SAMPLES:1250.0
AUC:{'AUC macro OVO': 0.7805444887118195}
AVGP:{'avg_precision': 0.9043828929181233}


METRICS_PER_CLASSES
CLASS:0
ACC:0.8496
PREC:0.6666666666666666
REC:0.6074074074074074
TNR:0.9163265306122449
FPR:0.3333333333333333
FPDR:0.3333333333333333
F1:0.6356589147286822
BACC:0
CLSFE:0.3333333333333333
MCC:0.5420897893573556
GMEAN:0.7460452548591191
SAMPLES:246
AUC:{}
AVGP:{}
CLASS:1
ACC:0.8496
PREC:0.8944223107569721
REC:0.9163265306122449
TNR:0.6074074074074074
FPR:0.10557768924302789
FPDR:0.10557768924302789
F1:0.905241935483871
BACC:0
CLSFE:0.10557768924302789
MCC:0.5420897893573556
GMEAN:0.7460452548591191
SAMPLES:1004
AUC:{}
AVGP:{}
