

GENERAL_METRICS
ACC:0.848
PREC:0.7630702532269189
REC:0.7661924873080251
TNR:0.7661924873080251
FPR:0.2369297467730811
FPDR:0.2369297467730811
F1:0.7646100356405183
BACC:0.0
CLSFE:0.152
MCC:0.5292535310915765
GMEAN:0.7538973337763797
SAMPLES:1250.0
AUC:{'AUC macro OVO': 0.7630702532269189}
AVGP:{'avg_precision': 0.8929109732848426}


METRICS_PER_CLASSES
CLASS:0
ACC:0.848
PREC:0.6196078431372549
REC:0.6294820717131474
TNR:0.9029029029029029
FPR:0.3803921568627451
FPDR:0.3803921568627451
F1:0.6245059288537549
BACC:0
CLSFE:0.3803921568627451
MCC:0.5292535310915765
GMEAN:0.7538973337763797
SAMPLES:255
AUC:{}
AVGP:{}
CLASS:1
ACC:0.848
PREC:0.9065326633165829
REC:0.9029029029029029
TNR:0.6294820717131474
FPR:0.09346733668341708
FPDR:0.09346733668341708
F1:0.9047141424272819
BACC:0
CLSFE:0.09346733668341708
MCC:0.5292535310915765
GMEAN:0.7538973337763797
SAMPLES:995
AUC:{}
AVGP:{}
