

GENERAL_METRICS
ACC:0.8416
PREC:0.7353409186078508
REC:0.7541178446393737
TNR:0.7541178446393737
FPR:0.2646590813921491
FPDR:0.2646590813921491
F1:0.7439256049563587
BACC:0.0
CLSFE:0.1584
MCC:0.48909846449187444
GMEAN:0.7414992081002626
SAMPLES:1250.0
AUC:{'AUC macro OVO': 0.7353409186078508}
AVGP:{'avg_precision': 0.8834578461159106}


METRICS_PER_CLASSES
CLASS:0
ACC:0.8416
PREC:0.5577689243027888
REC:0.6167400881057269
TNR:0.8914956011730205
FPR:0.44223107569721115
FPDR:0.44223107569721115
F1:0.5857740585774058
BACC:0
CLSFE:0.44223107569721115
MCC:0.48909846449187444
GMEAN:0.7414992081002626
SAMPLES:251
AUC:{}
AVGP:{}
CLASS:1
ACC:0.8416
PREC:0.9129129129129129
REC:0.8914956011730205
TNR:0.6167400881057269
FPR:0.08708708708708708
FPDR:0.08708708708708708
F1:0.9020771513353115
BACC:0
CLSFE:0.08708708708708708
MCC:0.48909846449187444
GMEAN:0.7414992081002626
SAMPLES:999
AUC:{}
AVGP:{}
