

GENERAL_METRICS
ACC:0.8424
PREC:0.7365701050884956
REC:0.7341569400664645
TNR:0.7341569400664645
FPR:0.2634298949115044
FPDR:0.2634298949115044
F1:0.7353502243477794
BACC:0.0
CLSFE:0.1576
MCC:0.4707208596131005
GMEAN:0.7140033156700303
SAMPLES:1250.0
AUC:{'AUC macro OVO': 0.7365701050884956}
AVGP:{'avg_precision': 0.8966166748285993}


METRICS_PER_CLASSES
CLASS:0
ACC:0.8424
PREC:0.5707964601769911
REC:0.5633187772925764
TNR:0.9049951028403526
FPR:0.42920353982300885
FPDR:0.42920353982300885
F1:0.567032967032967
BACC:0
CLSFE:0.42920353982300885
MCC:0.4707208596131005
GMEAN:0.7140033156700303
SAMPLES:226
AUC:{}
AVGP:{}
CLASS:1
ACC:0.8424
PREC:0.90234375
REC:0.9049951028403526
TNR:0.5633187772925764
FPR:0.09765625
FPDR:0.09765625
F1:0.9036674816625917
BACC:0
CLSFE:0.09765625
MCC:0.4707208596131005
GMEAN:0.7140033156700303
SAMPLES:1024
AUC:{}
AVGP:{}
