

GENERAL_METRICS
ACC:0.93725
PREC:0.4997334044254865
REC:0.46885942971485745
TNR:0.46885942971485745
FPR:0.5002665955745135
FPDR:0.5002665955745135
F1:0.48380436185314235
BACC:0.0
CLSFE:0.06275
MCC:-0.00576261684509545
GMEAN:0.0
SAMPLES:4000.0
AUC:{'AUC macro OVO': 0.4997334044254865}
AVGP:{'avg_precision': 0.9377188760335914}


METRICS_PER_CLASSES
CLASS:0
ACC:0.93725
PREC:0.0
REC:0.0
TNR:0.9377188594297149
FPR:1.0
FPDR:1.0
F1:0.0
BACC:0
CLSFE:1.0
MCC:-0.00576261684509545
GMEAN:0
SAMPLES:249
AUC:{}
AVGP:{}
CLASS:1
ACC:0.93725
PREC:0.999466808850973
REC:0.9377188594297149
TNR:0.0
FPR:0.0005331911490269261
FPDR:0.0005331911490269261
F1:0.9676087237062847
BACC:0
CLSFE:0.0005331911490269261
MCC:-0.00576261684509545
GMEAN:0
SAMPLES:3751
AUC:{}
AVGP:{}
