

GENERAL_METRICS
ACC:0.94
PREC:0.499867056633874
REC:0.4701175293823456
TNR:0.4701175293823456
FPR:0.500132943366126
FPDR:0.500132943366126
F1:0.4845360824742268
BACC:0.0
CLSFE:0.06
MCC:-0.003986314705124608
GMEAN:0.0
SAMPLES:4000.0
AUC:{'AUC macro OVO': 0.499867056633874}
AVGP:{'avg_precision': 0.9402350627373673}


METRICS_PER_CLASSES
CLASS:0
ACC:0.94
PREC:0.0
REC:0.0
TNR:0.9402350587646912
FPR:1.0
FPDR:1.0
F1:0.0
BACC:0
CLSFE:1.0
MCC:-0.003986314705124608
GMEAN:0
SAMPLES:239
AUC:{}
AVGP:{}
CLASS:1
ACC:0.94
PREC:0.999734113267748
REC:0.9402350587646912
TNR:0.0
FPR:0.00026588673225206064
FPDR:0.00026588673225206064
F1:0.9690721649484536
BACC:0
CLSFE:0.00026588673225206064
MCC:-0.003986314705124608
GMEAN:0
SAMPLES:3761
AUC:{}
AVGP:{}
