

GENERAL_METRICS
ACC:0.941
PREC:0.499867197875166
REC:0.4706176544136034
TNR:0.4706176544136034
FPR:0.500132802124834
FPDR:0.500132802124834
F1:0.48480164863472436
BACC:0.0
CLSFE:0.059
MCC:-0.003950715341039033
GMEAN:0.0
SAMPLES:4000.0
AUC:{'AUC macro OVO': 0.499867197875166}
AVGP:{'avg_precision': 0.9412353127292448}


METRICS_PER_CLASSES
CLASS:0
ACC:0.941
PREC:0.0
REC:0.0
TNR:0.9412353088272069
FPR:1.0
FPDR:1.0
F1:0.0
BACC:0
CLSFE:1.0
MCC:-0.003950715341039033
GMEAN:0
SAMPLES:235
AUC:{}
AVGP:{}
CLASS:1
ACC:0.941
PREC:0.999734395750332
REC:0.9412353088272069
TNR:0.0
FPR:0.0002656042496679947
FPDR:0.0002656042496679947
F1:0.9696032972694487
BACC:0
CLSFE:0.0002656042496679947
MCC:-0.003950715341039033
GMEAN:0
SAMPLES:3765
AUC:{}
AVGP:{}
