

GENERAL_METRICS
ACC:0.9174545454545454
PREC:0.6657439249585184
REC:0.737725782035319
TNR:0.737725782035319
FPR:0.3342560750414815
FPDR:0.3342560750414815
F1:0.693288308007816
BACC:0.0
CLSFE:0.08254545454545455
MCC:0.39699674647718225
GMEAN:0.709084556851963
SAMPLES:2750.0
AUC:{'AUC macro OVO': 0.6657439249585184}
AVGP:{'avg_precision': 0.9404589967174382}


METRICS_PER_CLASSES
CLASS:0
ACC:0.9174545454545454
PREC:0.36134453781512604
REC:0.5341614906832298
TNR:0.9412900733874082
FPR:0.6386554621848739
FPDR:0.6386554621848739
F1:0.43107769423558895
BACC:0
CLSFE:0.6386554621848739
MCC:0.39699674647718225
GMEAN:0.709084556851963
SAMPLES:238
AUC:{}
AVGP:{}
CLASS:1
ACC:0.9174545454545454
PREC:0.9701433121019108
REC:0.9412900733874082
TNR:0.5341614906832298
FPR:0.029856687898089172
FPDR:0.029856687898089172
F1:0.9554989217800431
BACC:0
CLSFE:0.029856687898089172
MCC:0.39699674647718225
GMEAN:0.709084556851963
SAMPLES:2512
AUC:{}
AVGP:{}
