

GENERAL_METRICS
ACC:0.9163636363636364
PREC:0.687949969907732
REC:0.7707541573502474
TNR:0.7707541573502474
FPR:0.3120500300922679
FPDR:0.3120500300922679
F1:0.7193982123115199
BACC:0.0
CLSFE:0.08363636363636363
MCC:0.4511684196677439
GMEAN:0.7523552843064569
SAMPLES:2750.0
AUC:{'AUC macro OVO': 0.687949969907732}
AVGP:{'avg_precision': 0.9371484834116075}


METRICS_PER_CLASSES
CLASS:0
ACC:0.9163636363636364
PREC:0.4044943820224719
REC:0.6033519553072626
TNR:0.9381563593932322
FPR:0.5955056179775281
FPDR:0.5955056179775281
F1:0.484304932735426
BACC:0
CLSFE:0.5955056179775281
MCC:0.4511684196677439
GMEAN:0.7523552843064569
SAMPLES:267
AUC:{}
AVGP:{}
CLASS:1
ACC:0.9163636363636364
PREC:0.9714055577929923
REC:0.9381563593932322
TNR:0.6033519553072626
FPR:0.028594442207007652
FPDR:0.028594442207007652
F1:0.9544914918876137
BACC:0
CLSFE:0.028594442207007652
MCC:0.4511684196677439
GMEAN:0.7523552843064569
SAMPLES:2483
AUC:{}
AVGP:{}
