

GENERAL_METRICS
ACC:0.9170909090909091
PREC:0.6795179259390578
REC:0.7426907073509015
TNR:0.7426907073509015
FPR:0.32048207406094215
FPDR:0.32048207406094215
F1:0.704840613931523
BACC:0.0
CLSFE:0.0829090909090909
MCC:0.4174557817461232
GMEAN:0.7153013583707927
SAMPLES:2750.0
AUC:{'AUC macro OVO': 0.6795179259390578}
AVGP:{'avg_precision': 0.9415386186110488}


METRICS_PER_CLASSES
CLASS:0
ACC:0.9170909090909091
PREC:0.39094650205761317
REC:0.5428571428571428
TNR:0.9425242718446601
FPR:0.6090534979423868
FPDR:0.6090534979423868
F1:0.45454545454545453
BACC:0
CLSFE:0.6090534979423868
MCC:0.4174557817461232
GMEAN:0.7153013583707927
SAMPLES:243
AUC:{}
AVGP:{}
CLASS:1
ACC:0.9170909090909091
PREC:0.9680893498205025
REC:0.9425242718446601
TNR:0.5428571428571428
FPR:0.03191065017949741
FPDR:0.03191065017949741
F1:0.9551357733175915
BACC:0
CLSFE:0.03191065017949741
MCC:0.4174557817461232
GMEAN:0.7153013583707927
SAMPLES:2507
AUC:{}
AVGP:{}
