

GENERAL_METRICS
ACC:0.9163636363636364
PREC:0.6864178023569688
REC:0.7471288591432664
TNR:0.7471288591432664
FPR:0.31358219764303114
FPDR:0.31358219764303114
F1:0.711104899295507
BACC:0.0
CLSFE:0.08363636363636363
MCC:0.4292748248871468
GMEAN:0.7211741342813557
SAMPLES:2750.0
AUC:{'AUC macro OVO': 0.6864178023569689}
AVGP:{'avg_precision': 0.9412667695042605}


METRICS_PER_CLASSES
CLASS:0
ACC:0.9163636363636364
PREC:0.40562248995983935
REC:0.5519125683060109
TNR:0.942345149980522
FPR:0.5943775100401606
FPDR:0.5943775100401606
F1:0.4675925925925926
BACC:0
CLSFE:0.5943775100401606
MCC:0.4292748248871468
GMEAN:0.7211741342813557
SAMPLES:249
AUC:{}
AVGP:{}
CLASS:1
ACC:0.9163636363636364
PREC:0.9672131147540983
REC:0.942345149980522
TNR:0.5519125683060109
FPR:0.03278688524590164
FPDR:0.03278688524590164
F1:0.9546172059984215
BACC:0
CLSFE:0.03278688524590164
MCC:0.4292748248871468
GMEAN:0.7211741342813557
SAMPLES:2501
AUC:{}
AVGP:{}
