

GENERAL_METRICS
ACC:0.8816
PREC:0.577314588786931
REC:0.6517022549606191
TNR:0.6517022549606191
FPR:0.42268541121306896
FPDR:0.42268541121306896
F1:0.5959807730525728
BACC:0.0
CLSFE:0.1184
MCC:0.21659914552306464
GMEAN:0.5991650476521262
SAMPLES:2500.0
AUC:{'AUC macro OVO': 0.5773145887869311}
AVGP:{'avg_precision': 0.9075083206404293}


METRICS_PER_CLASSES
CLASS:0
ACC:0.8816
PREC:0.1895910780669145
REC:0.3953488372093023
TNR:0.9080556727119359
FPR:0.8104089219330854
FPDR:0.8104089219330854
F1:0.2562814070351759
BACC:0
CLSFE:0.8104089219330854
MCC:0.21659914552306464
GMEAN:0.5991650476521262
SAMPLES:269
AUC:{}
AVGP:{}
CLASS:1
ACC:0.8816
PREC:0.9650380995069475
REC:0.9080556727119359
TNR:0.3953488372093023
FPR:0.03496190049305244
FPDR:0.03496190049305244
F1:0.9356801390699696
BACC:0
CLSFE:0.03496190049305244
MCC:0.21659914552306464
GMEAN:0.5991650476521262
SAMPLES:2231
AUC:{}
AVGP:{}
