

GENERAL_METRICS
ACC:0.8852
PREC:0.5806662087912088
REC:0.65360018832207
TNR:0.65360018832207
FPR:0.4193337912087912
FPDR:0.4193337912087912
F1:0.5999841666206718
BACC:0.0
CLSFE:0.1148
MCC:0.22262385192568282
GMEAN:0.6004160605972123
SAMPLES:2500.0
AUC:{'AUC macro OVO': 0.5806662087912088}
AVGP:{'avg_precision': 0.9112995661866603}


METRICS_PER_CLASSES
CLASS:0
ACC:0.8852
PREC:0.19615384615384615
REC:0.3953488372093023
TNR:0.9118515394348377
FPR:0.8038461538461539
FPDR:0.8038461538461539
F1:0.2622107969151671
BACC:0
CLSFE:0.8038461538461539
MCC:0.22262385192568282
GMEAN:0.6004160605972123
SAMPLES:260
AUC:{}
AVGP:{}
CLASS:1
ACC:0.8852
PREC:0.9651785714285714
REC:0.9118515394348377
TNR:0.3953488372093023
FPR:0.03482142857142857
FPDR:0.03482142857142857
F1:0.9377575363261765
BACC:0
CLSFE:0.03482142857142857
MCC:0.22262385192568282
GMEAN:0.6004160605972123
SAMPLES:2240
AUC:{}
AVGP:{}
