

GENERAL_METRICS
ACC:0.8804
PREC:0.5597231320144984
REC:0.6160462148365374
TNR:0.6160462148365374
FPR:0.44027686798550153
FPDR:0.44027686798550153
F1:0.5731885924016721
BACC:0.0
CLSFE:0.1196
MCC:0.1665009718706215
GMEAN:0.5416557008188947
SAMPLES:2500.0
AUC:{'AUC macro OVO': 0.5597231320144984}
AVGP:{'avg_precision': 0.9090810540445284}


METRICS_PER_CLASSES
CLASS:0
ACC:0.8804
PREC:0.1568627450980392
REC:0.3225806451612903
TNR:0.9095117845117845
FPR:0.8431372549019608
FPDR:0.8431372549019608
F1:0.21108179419525067
BACC:0
CLSFE:0.8431372549019608
MCC:0.1665009718706215
GMEAN:0.5416557008188947
SAMPLES:255
AUC:{}
AVGP:{}
CLASS:1
ACC:0.8804
PREC:0.9625835189309577
REC:0.9095117845117845
TNR:0.3225806451612903
FPR:0.037416481069042315
FPDR:0.037416481069042315
F1:0.9352953906080935
BACC:0
CLSFE:0.037416481069042315
MCC:0.1665009718706215
GMEAN:0.5416557008188947
SAMPLES:2245
AUC:{}
AVGP:{}
