

GENERAL_METRICS
ACC:0.8936
PREC:0.5937800090380161
REC:0.6803179645921581
TNR:0.6803179645921581
FPR:0.40621999096198386
FPDR:0.40621999096198386
F1:0.6175136199661342
BACC:0.0
CLSFE:0.1064
MCC:0.2600786061879698
GMEAN:0.6377873470989169
SAMPLES:2500.0
AUC:{'AUC macro OVO': 0.5937800090380162}
AVGP:{'avg_precision': 0.9165385027619014}


METRICS_PER_CLASSES
CLASS:0
ACC:0.8936
PREC:0.21825396825396826
REC:0.4435483870967742
TNR:0.9170875420875421
FPR:0.7817460317460317
FPDR:0.7817460317460317
F1:0.2925531914893617
BACC:0
CLSFE:0.7817460317460317
MCC:0.2600786061879698
GMEAN:0.6377873470989169
SAMPLES:252
AUC:{}
AVGP:{}
CLASS:1
ACC:0.8936
PREC:0.969306049822064
REC:0.9170875420875421
TNR:0.4435483870967742
FPR:0.03069395017793594
FPDR:0.03069395017793594
F1:0.9424740484429066
BACC:0
CLSFE:0.03069395017793594
MCC:0.2600786061879698
GMEAN:0.6377873470989169
SAMPLES:2248
AUC:{}
AVGP:{}
