

GENERAL_METRICS
ACC:0.822
PREC:0.6471773984240633
REC:0.6510298295454545
TNR:0.6510298295454545
FPR:0.3528226015759367
FPDR:0.3528226015759367
F1:0.6490508600225553
BACC:0.0
CLSFE:0.178
MCC:0.29818234285034206
GMEAN:0.604404994790143
SAMPLES:1500.0
AUC:{'AUC macro OVO': 0.6471773984240633}
AVGP:{'avg_precision': 0.8884445780963602}


METRICS_PER_CLASSES
CLASS:0
ACC:0.822
PREC:0.3964757709251101
REC:0.4090909090909091
TNR:0.89296875
FPR:0.6035242290748899
FPDR:0.6035242290748899
F1:0.40268456375838924
BACC:0
CLSFE:0.6035242290748899
MCC:0.29818234285034206
GMEAN:0.604404994790143
SAMPLES:227
AUC:{}
AVGP:{}
CLASS:1
ACC:0.822
PREC:0.8978790259230165
REC:0.89296875
TNR:0.4090909090909091
FPR:0.1021209740769835
FPDR:0.1021209740769835
F1:0.8954171562867215
BACC:0
CLSFE:0.1021209740769835
MCC:0.29818234285034206
GMEAN:0.604404994790143
SAMPLES:1273
AUC:{}
AVGP:{}
