

GENERAL_METRICS
ACC:0.8917333333333334
PREC:0.5566551921973609
REC:0.5644021739130435
TNR:0.5644021739130435
FPR:0.44334480780263913
FPDR:0.44334480780263913
F1:0.5600936617659126
BACC:0.0
CLSFE:0.10826666666666666
MCC:0.12080923045812912
GMEAN:0.42349477692995996
SAMPLES:3750.0
AUC:{'AUC macro OVO': 0.5566551921973609}
AVGP:{'avg_precision': 0.9370784853700517}


METRICS_PER_CLASSES
CLASS:0
ACC:0.8917333333333334
PREC:0.16666666666666666
REC:0.19130434782608696
TNR:0.9375
FPR:0.8333333333333334
FPDR:0.8333333333333334
F1:0.17813765182186234
BACC:0
CLSFE:0.8333333333333334
MCC:0.12080923045812912
GMEAN:0.42349477692995996
SAMPLES:264
AUC:{}
AVGP:{}
CLASS:1
ACC:0.8917333333333334
PREC:0.9466437177280551
REC:0.9375
TNR:0.19130434782608696
FPR:0.05335628227194492
FPDR:0.05335628227194492
F1:0.9420496717099629
BACC:0
CLSFE:0.05335628227194492
MCC:0.12080923045812912
GMEAN:0.42349477692995996
SAMPLES:3486
AUC:{}
AVGP:{}
