

GENERAL_METRICS
ACC:0.9032
PREC:0.5625011963783235
REC:0.5712325180903762
TNR:0.5712325180903762
FPR:0.4374988036216764
FPDR:0.4374988036216764
F1:0.5664083963083
BACC:0.0
CLSFE:0.0968
MCC:0.1334483810570827
GMEAN:0.4324980440968365
SAMPLES:3750.0
AUC:{'AUC macro OVO': 0.5625011963783236}
AVGP:{'avg_precision': 0.944025696149551}


METRICS_PER_CLASSES
CLASS:0
ACC:0.9032
PREC:0.1722689075630252
REC:0.19806763285024154
TNR:0.9443974033305109
FPR:0.8277310924369747
FPDR:0.8277310924369747
F1:0.1842696629213483
BACC:0
CLSFE:0.8277310924369747
MCC:0.1334483810570827
GMEAN:0.4324980440968365
SAMPLES:238
AUC:{}
AVGP:{}
CLASS:1
ACC:0.9032
PREC:0.9527334851936219
REC:0.9443974033305109
TNR:0.19806763285024154
FPR:0.04726651480637813
FPDR:0.04726651480637813
F1:0.9485471296952516
BACC:0
CLSFE:0.04726651480637813
MCC:0.1334483810570827
GMEAN:0.4324980440968365
SAMPLES:3512
AUC:{}
AVGP:{}
