

GENERAL_METRICS
ACC:0.875
PREC:0.8664669389212469
REC:0.8196774366236939
TNR:0.8196774366236939
FPR:0.13353306107875298
FPDR:0.13353306107875298
F1:0.838181627530354
BACC:0.0
CLSFE:0.125
MCC:0.6845471835941656
GMEAN:0.8091260142730934
SAMPLES:1000.0
AUC:{'AUC macro OVO': 0.8664669389212469}
AVGP:{'avg_precision': 0.9290638713539199}


METRICS_PER_CLASSES
CLASS:0
ACC:0.875
PREC:0.8504273504273504
REC:0.6885813148788927
TNR:0.9507735583684951
FPR:0.14957264957264957
FPDR:0.14957264957264957
F1:0.7609942638623327
BACC:0
CLSFE:0.14957264957264957
MCC:0.6845471835941656
GMEAN:0.8091260142730934
SAMPLES:234
AUC:{}
AVGP:{}
CLASS:1
ACC:0.875
PREC:0.8825065274151436
REC:0.9507735583684951
TNR:0.6885813148788927
FPR:0.1174934725848564
FPDR:0.1174934725848564
F1:0.9153689911983751
BACC:0
CLSFE:0.1174934725848564
MCC:0.6845471835941656
GMEAN:0.8091260142730934
SAMPLES:766
AUC:{}
AVGP:{}
