

GENERAL_METRICS
ACC:0.873
PREC:0.8676318588312836
REC:0.8361549419241727
TNR:0.8361549419241727
FPR:0.1323681411687164
FPDR:0.1323681411687164
F1:0.8489531980889606
BACC:0.0
CLSFE:0.127
MCC:0.7030825446699863
GMEAN:0.829577334299322
SAMPLES:1000.0
AUC:{'AUC macro OVO': 0.8676318588312836}
AVGP:{'avg_precision': 0.914616685899482}


METRICS_PER_CLASSES
CLASS:0
ACC:0.873
PREC:0.855595667870036
REC:0.7314814814814815
TNR:0.9408284023668639
FPR:0.1444043321299639
FPDR:0.1444043321299639
F1:0.7886855241264559
BACC:0
CLSFE:0.1444043321299639
MCC:0.7030825446699863
GMEAN:0.829577334299322
SAMPLES:277
AUC:{}
AVGP:{}
CLASS:1
ACC:0.873
PREC:0.8796680497925311
REC:0.9408284023668639
TNR:0.7314814814814815
FPR:0.12033195020746888
FPDR:0.12033195020746888
F1:0.9092208720514653
BACC:0
CLSFE:0.12033195020746888
MCC:0.7030825446699863
GMEAN:0.829577334299322
SAMPLES:723
AUC:{}
AVGP:{}
