

GENERAL_METRICS
ACC:0.864
PREC:0.8481076323399974
REC:0.8098881150871866
TNR:0.8098881150871866
FPR:0.15189236766000253
FPDR:0.15189236766000253
F1:0.8254396098061866
BACC:0.0
CLSFE:0.136
MCC:0.6568848241002533
GMEAN:0.7996727706891874
SAMPLES:1000.0
AUC:{'AUC macro OVO': 0.8481076323399974}
AVGP:{'avg_precision': 0.9164043813664067}


METRICS_PER_CLASSES
CLASS:0
ACC:0.864
PREC:0.8174273858921162
REC:0.6816608996539792
TNR:0.9381153305203939
FPR:0.1825726141078838
FPDR:0.1825726141078838
F1:0.7433962264150943
BACC:0
CLSFE:0.1825726141078838
MCC:0.6568848241002533
GMEAN:0.7996727706891874
SAMPLES:241
AUC:{}
AVGP:{}
CLASS:1
ACC:0.864
PREC:0.8787878787878788
REC:0.9381153305203939
TNR:0.6816608996539792
FPR:0.12121212121212122
FPDR:0.12121212121212122
F1:0.9074829931972789
BACC:0
CLSFE:0.12121212121212122
MCC:0.6568848241002533
GMEAN:0.7996727706891874
SAMPLES:759
AUC:{}
AVGP:{}
