

GENERAL_METRICS
ACC:0.859
PREC:0.8410248132352358
REC:0.7973735158734863
TNR:0.7973735158734863
FPR:0.1589751867647642
FPDR:0.1589751867647642
F1:0.8146880121543636
BACC:0.0
CLSFE:0.141
MCC:0.6369042242342597
GMEAN:0.7847458653689202
SAMPLES:1000.0
AUC:{'AUC macro OVO': 0.8410248132352358}
AVGP:{'avg_precision': 0.9176178713749462}


METRICS_PER_CLASSES
CLASS:0
ACC:0.859
PREC:0.8078602620087336
REC:0.6560283687943262
TNR:0.9387186629526463
FPR:0.19213973799126638
FPDR:0.19213973799126638
F1:0.7240704500978473
BACC:0
CLSFE:0.19213973799126638
MCC:0.6369042242342597
GMEAN:0.7847458653689202
SAMPLES:229
AUC:{}
AVGP:{}
CLASS:1
ACC:0.859
PREC:0.874189364461738
REC:0.9387186629526463
TNR:0.6560283687943262
FPR:0.125810635538262
FPDR:0.125810635538262
F1:0.9053055742108798
BACC:0
CLSFE:0.125810635538262
MCC:0.6369042242342597
GMEAN:0.7847458653689202
SAMPLES:771
AUC:{}
AVGP:{}
