

GENERAL_METRICS
ACC:0.8934545454545455
PREC:0.49942295281120686
REC:0.4958849519189119
TNR:0.4958849519189119
FPR:0.5005770471887931
FPDR:0.5005770471887931
F1:0.4818657847506815
BACC:0.0
CLSFE:0.10654545454545454
MCC:-0.0030819324632058247
GMEAN:0.28235375335584484
SAMPLES:2750.0
AUC:{'AUC macro OVO': 0.49942295281120686}
AVGP:{'avg_precision': 0.9035358790849259}


METRICS_PER_CLASSES
CLASS:0
ACC:0.8934545454545455
PREC:0.011320754716981131
REC:0.08823529411764706
TNR:0.9035346097201767
FPR:0.9886792452830189
FPDR:0.9886792452830189
F1:0.020066889632107024
BACC:0
CLSFE:0.9886792452830189
MCC:-0.0030819324632058247
GMEAN:0.28235375335584484
SAMPLES:265
AUC:{}
AVGP:{}
CLASS:1
ACC:0.8934545454545455
PREC:0.9875251509054326
REC:0.9035346097201767
TNR:0.08823529411764706
FPR:0.012474849094567404
FPDR:0.012474849094567404
F1:0.943664679869256
BACC:0
CLSFE:0.012474849094567404
MCC:-0.0030819324632058247
GMEAN:0.28235375335584484
SAMPLES:2485
AUC:{}
AVGP:{}
