

GENERAL_METRICS
ACC:0.904
PREC:0.5043338195150672
REC:0.5265188733316958
TNR:0.5265188733316958
FPR:0.49566618048493283
FPDR:0.49566618048493283
F1:0.49298985141669527
BACC:0.0
CLSFE:0.096
MCC:0.021440896507608765
GMEAN:0.35632165123010356
SAMPLES:2750.0
AUC:{'AUC macro OVO': 0.5043338195150672}
AVGP:{'avg_precision': 0.9141402894297898}


METRICS_PER_CLASSES
CLASS:0
ACC:0.904
PREC:0.02100840336134454
REC:0.1388888888888889
TNR:0.9141488577745026
FPR:0.9789915966386554
FPDR:0.9789915966386554
F1:0.0364963503649635
BACC:0
CLSFE:0.9789915966386554
MCC:0.021440896507608765
GMEAN:0.35632165123010356
SAMPLES:238
AUC:{}
AVGP:{}
CLASS:1
ACC:0.904
PREC:0.9876592356687898
REC:0.9141488577745026
TNR:0.1388888888888889
FPR:0.012340764331210192
FPDR:0.012340764331210192
F1:0.9494833524684271
BACC:0
CLSFE:0.012340764331210192
MCC:0.021440896507608765
GMEAN:0.35632165123010356
SAMPLES:2512
AUC:{}
AVGP:{}
