

GENERAL_METRICS
ACC:0.912
PREC:0.5077056585786512
REC:0.5421942399458064
TNR:0.5421942399458064
FPR:0.4922943414213488
FPDR:0.4922943414213488
F1:0.5005568547164544
BACC:0.0
CLSFE:0.088
MCC:0.03606296754334402
GMEAN:0.3867172270352808
SAMPLES:2750.0
AUC:{'AUC macro OVO': 0.5077056585786512}
AVGP:{'avg_precision': 0.9222124220848417}


METRICS_PER_CLASSES
CLASS:0
ACC:0.912
PREC:0.027649769585253458
REC:0.16216216216216217
TNR:0.9222263177294507
FPR:0.9723502304147466
FPDR:0.9723502304147466
F1:0.047244094488188976
BACC:0
CLSFE:0.9723502304147466
MCC:0.03606296754334402
GMEAN:0.3867172270352808
SAMPLES:217
AUC:{}
AVGP:{}
CLASS:1
ACC:0.912
PREC:0.9877615475720489
REC:0.9222263177294507
TNR:0.16216216216216217
FPR:0.012238452427951046
FPDR:0.012238452427951046
F1:0.9538696149447198
BACC:0
CLSFE:0.012238452427951046
MCC:0.03606296754334402
GMEAN:0.3867172270352808
SAMPLES:2533
AUC:{}
AVGP:{}
