

GENERAL_METRICS
ACC:0.9007272727272727
PREC:0.5110281182139873
REC:0.5871936274509804
TNR:0.5871936274509804
FPR:0.48897188178601264
FPDR:0.48897188178601264
F1:0.5014870725288998
BACC:0.0
CLSFE:0.09927272727272728
MCC:0.062018759453435816
GMEAN:0.49199473933103366
SAMPLES:2750.0
AUC:{'AUC macro OVO': 0.5110281182139874}
AVGP:{'avg_precision': 0.9077037865728387}


METRICS_PER_CLASSES
CLASS:0
ACC:0.9007272727272727
PREC:0.03088803088803089
REC:0.26666666666666666
TNR:0.9077205882352941
FPR:0.9691119691119691
FPDR:0.9691119691119691
F1:0.05536332179930796
BACC:0
CLSFE:0.9691119691119691
MCC:0.062018759453435816
GMEAN:0.49199473933103366
SAMPLES:259
AUC:{}
AVGP:{}
CLASS:1
ACC:0.9007272727272727
PREC:0.9911682055399438
REC:0.9077205882352941
TNR:0.26666666666666666
FPR:0.008831794460056202
FPDR:0.008831794460056202
F1:0.9476108232584917
BACC:0
CLSFE:0.008831794460056202
MCC:0.062018759453435816
GMEAN:0.49199473933103366
SAMPLES:2491
AUC:{}
AVGP:{}
