

GENERAL_METRICS
ACC:0.8384
PREC:0.7172981394777217
REC:0.7519269748907244
TNR:0.7519269748907244
FPR:0.2827018605222783
FPDR:0.2827018605222783
F1:0.7318268908062824
BACC:0.0
CLSFE:0.1616
MCC:0.46794556490260747
GMEAN:0.7406184195070737
SAMPLES:1250.0
AUC:{'AUC macro OVO': 0.7172981394777216}
AVGP:{'avg_precision': 0.875169048355441}


METRICS_PER_CLASSES
CLASS:0
ACC:0.8384
PREC:0.5138339920948617
REC:0.6220095693779905
TNR:0.8818443804034583
FPR:0.48616600790513836
FPDR:0.48616600790513836
F1:0.5627705627705628
BACC:0
CLSFE:0.48616600790513836
MCC:0.46794556490260747
GMEAN:0.7406184195070737
SAMPLES:253
AUC:{}
AVGP:{}
CLASS:1
ACC:0.8384
PREC:0.9207622868605817
REC:0.8818443804034583
TNR:0.6220095693779905
FPR:0.07923771313941826
FPDR:0.07923771313941826
F1:0.900883218842002
BACC:0
CLSFE:0.07923771313941826
MCC:0.46794556490260747
GMEAN:0.7406184195070737
SAMPLES:997
AUC:{}
AVGP:{}
