

GENERAL_METRICS
ACC:0.836
PREC:0.7232251204826239
REC:0.7557149161518093
TNR:0.7557149161518093
FPR:0.27677487951737606
FPDR:0.27677487951737606
F1:0.7369666324851598
BACC:0.0
CLSFE:0.164
MCC:0.4778367627849147
GMEAN:0.7454895262281012
SAMPLES:1250.0
AUC:{'AUC macro OVO': 0.7232251204826239}
AVGP:{'avg_precision': 0.8722246761294892}


METRICS_PER_CLASSES
CLASS:0
ACC:0.836
PREC:0.5285171102661597
REC:0.6318181818181818
TNR:0.8796116504854369
FPR:0.4714828897338403
FPDR:0.4714828897338403
F1:0.5755693581780539
BACC:0
CLSFE:0.4714828897338403
MCC:0.4778367627849147
GMEAN:0.7454895262281012
SAMPLES:263
AUC:{}
AVGP:{}
CLASS:1
ACC:0.836
PREC:0.9179331306990881
REC:0.8796116504854369
TNR:0.6318181818181818
FPR:0.08206686930091185
FPDR:0.08206686930091185
F1:0.8983639067922657
BACC:0
CLSFE:0.08206686930091185
MCC:0.4778367627849147
GMEAN:0.7454895262281012
SAMPLES:987
AUC:{}
AVGP:{}
