

GENERAL_METRICS
ACC:0.8696
PREC:0.7627397547426894
REC:0.7914016292824462
TNR:0.7914016292824462
FPR:0.23726024525731054
FPDR:0.23726024525731054
F1:0.7756104222488737
BACC:0.0
CLSFE:0.1304
MCC:0.5533996480276799
GMEAN:0.782758350306003
SAMPLES:1250.0
AUC:{'AUC macro OVO': 0.7627397547426895}
AVGP:{'avg_precision': 0.9017059962629523}


METRICS_PER_CLASSES
CLASS:0
ACC:0.8696
PREC:0.5914893617021276
REC:0.6747572815533981
TNR:0.9080459770114943
FPR:0.4085106382978723
FPDR:0.4085106382978723
F1:0.6303854875283447
BACC:0
CLSFE:0.4085106382978723
MCC:0.5533996480276799
GMEAN:0.782758350306003
SAMPLES:235
AUC:{}
AVGP:{}
CLASS:1
ACC:0.8696
PREC:0.9339901477832512
REC:0.9080459770114943
TNR:0.6747572815533981
FPR:0.06600985221674877
FPDR:0.06600985221674877
F1:0.9208353569694027
BACC:0
CLSFE:0.06600985221674877
MCC:0.5533996480276799
GMEAN:0.782758350306003
SAMPLES:1015
AUC:{}
AVGP:{}
