

GENERAL_METRICS
ACC:0.84
PREC:0.7368173481326883
REC:0.7536709911252626
TNR:0.7536709911252626
FPR:0.26318265186731177
FPDR:0.26318265186731177
F1:0.7445862501583564
BACC:0.0
CLSFE:0.16
MCC:0.4901987001878947
GMEAN:0.7410606974143338
SAMPLES:1250.0
AUC:{'AUC macro OVO': 0.7368173481326883}
AVGP:{'avg_precision': 0.8825485375687426}


METRICS_PER_CLASSES
CLASS:0
ACC:0.84
PREC:0.562992125984252
REC:0.6163793103448276
TNR:0.8909626719056974
FPR:0.43700787401574803
FPDR:0.43700787401574803
F1:0.588477366255144
BACC:0
CLSFE:0.43700787401574803
MCC:0.4901987001878947
GMEAN:0.7410606974143338
SAMPLES:254
AUC:{}
AVGP:{}
CLASS:1
ACC:0.84
PREC:0.9106425702811245
REC:0.8909626719056974
TNR:0.6163793103448276
FPR:0.0893574297188755
FPDR:0.0893574297188755
F1:0.900695134061569
BACC:0
CLSFE:0.0893574297188755
MCC:0.4901987001878947
GMEAN:0.7410606974143338
SAMPLES:996
AUC:{}
AVGP:{}
