

GENERAL_METRICS
ACC:0.7453333333333333
PREC:0.7157190635451505
REC:0.7043969102792632
TNR:0.7043969102792632
FPR:0.28428093645484953
FPDR:0.28428093645484953
F1:0.7090041135544157
BACC:0.0
CLSFE:0.25466666666666665
MCC:0.41996337972239817
GMEAN:0.6926830901207818
SAMPLES:750.0
AUC:{'AUC macro OVO': 0.7157190635451504}
AVGP:{'avg_precision': 0.8034560994560994}


METRICS_PER_CLASSES
CLASS:0
ACC:0.7453333333333333
PREC:0.6391304347826087
REC:0.5764705882352941
TNR:0.8323232323232324
FPR:0.36086956521739133
FPDR:0.36086956521739133
F1:0.6061855670103092
BACC:0
CLSFE:0.36086956521739133
MCC:0.41996337972239817
GMEAN:0.6926830901207818
SAMPLES:230
AUC:{}
AVGP:{}
CLASS:1
ACC:0.7453333333333333
PREC:0.7923076923076923
REC:0.8323232323232324
TNR:0.5764705882352941
FPR:0.2076923076923077
FPDR:0.2076923076923077
F1:0.8118226600985222
BACC:0
CLSFE:0.2076923076923077
MCC:0.41996337972239817
GMEAN:0.6926830901207818
SAMPLES:520
AUC:{}
AVGP:{}
