

GENERAL_METRICS
ACC:0.76
PREC:0.7352941176470589
REC:0.7260596546310832
TNR:0.7260596546310832
FPR:0.2647058823529412
FPDR:0.2647058823529412
F1:0.73
BACC:0.0
CLSFE:0.24
MCC:0.46126134445461425
GMEAN:0.7175748447171213
SAMPLES:750.0
AUC:{'AUC macro OVO': 0.7352941176470589}
AVGP:{'avg_precision': 0.8060024009603842}


METRICS_PER_CLASSES
CLASS:0
ACC:0.76
PREC:0.6666666666666666
REC:0.6153846153846154
TNR:0.8367346938775511
FPR:0.3333333333333333
FPDR:0.3333333333333333
F1:0.64
BACC:0
CLSFE:0.3333333333333333
MCC:0.46126134445461425
GMEAN:0.7175748447171213
SAMPLES:240
AUC:{}
AVGP:{}
CLASS:1
ACC:0.76
PREC:0.803921568627451
REC:0.8367346938775511
TNR:0.6153846153846154
FPR:0.19607843137254902
FPDR:0.19607843137254902
F1:0.82
BACC:0
CLSFE:0.19607843137254902
MCC:0.46126134445461425
GMEAN:0.7175748447171213
SAMPLES:510
AUC:{}
AVGP:{}
