

GENERAL_METRICS
ACC:0.772
PREC:0.7459988613360324
REC:0.7464646464646465
TNR:0.7464646464646465
FPR:0.2540011386639676
FPDR:0.2540011386639676
F1:0.7462300570462959
BACC:0.0
CLSFE:0.228
MCC:0.49246328752462676
GMEAN:0.7421871400406711
SAMPLES:750.0
AUC:{'AUC macro OVO': 0.7459988613360324}
AVGP:{'avg_precision': 0.7974252647936859}


METRICS_PER_CLASSES
CLASS:0
ACC:0.772
PREC:0.6640625
REC:0.6666666666666666
TNR:0.8262626262626263
FPR:0.3359375
FPDR:0.3359375
F1:0.6653620352250489
BACC:0
CLSFE:0.3359375
MCC:0.49246328752462676
GMEAN:0.7421871400406711
SAMPLES:256
AUC:{}
AVGP:{}
CLASS:1
ACC:0.772
PREC:0.8279352226720648
REC:0.8262626262626263
TNR:0.6666666666666666
FPR:0.1720647773279352
FPDR:0.1720647773279352
F1:0.8270980788675429
BACC:0
CLSFE:0.1720647773279352
MCC:0.49246328752462676
GMEAN:0.7421871400406711
SAMPLES:494
AUC:{}
AVGP:{}
