

GENERAL_METRICS
ACC:0.7613333333333333
PREC:0.728
REC:0.7313292911583509
TNR:0.7313292911583509
FPR:0.272
FPDR:0.272
F1:0.7295805628350028
BACC:0.0
CLSFE:0.23866666666666667
MCC:0.4593172253861334
GMEAN:0.7263448812728327
SAMPLES:750.0
AUC:{'AUC macro OVO': 0.728}
AVGP:{'avg_precision': 0.7907850098619329}


METRICS_PER_CLASSES
CLASS:0
ACC:0.7613333333333333
PREC:0.628
REC:0.6460905349794238
TNR:0.8165680473372781
FPR:0.372
FPDR:0.372
F1:0.6369168356997972
BACC:0
CLSFE:0.372
MCC:0.4593172253861334
GMEAN:0.7263448812728327
SAMPLES:250
AUC:{}
AVGP:{}
CLASS:1
ACC:0.7613333333333333
PREC:0.828
REC:0.8165680473372781
TNR:0.6460905349794238
FPR:0.172
FPDR:0.172
F1:0.8222442899702085
BACC:0
CLSFE:0.172
MCC:0.4593172253861334
GMEAN:0.7263448812728327
SAMPLES:500
AUC:{}
AVGP:{}
