

GENERAL_METRICS
ACC:0.9043333333333333
PREC:0.6366598202442266
REC:0.6950577445652174
TNR:0.6950577445652174
FPR:0.3633401797557734
FPDR:0.3633401797557734
F1:0.6587362141915794
BACC:0.0
CLSFE:0.09566666666666666
MCC:0.3265367134613006
GMEAN:0.6528444243396004
SAMPLES:3000.0
AUC:{'AUC macro OVO': 0.6366598202442266}
AVGP:{'avg_precision': 0.9327169788994748}


METRICS_PER_CLASSES
CLASS:0
ACC:0.9043333333333333
PREC:0.30996309963099633
REC:0.45652173913043476
TNR:0.93359375
FPR:0.6900369003690037
FPDR:0.6900369003690037
F1:0.36923076923076925
BACC:0
CLSFE:0.6900369003690037
MCC:0.3265367134613006
GMEAN:0.6528444243396004
SAMPLES:271
AUC:{}
AVGP:{}
CLASS:1
ACC:0.9043333333333333
PREC:0.9633565408574569
REC:0.93359375
TNR:0.45652173913043476
FPR:0.03664345914254306
FPDR:0.03664345914254306
F1:0.9482416591523896
BACC:0
CLSFE:0.03664345914254306
MCC:0.3265367134613006
GMEAN:0.6528444243396004
SAMPLES:2729
AUC:{}
AVGP:{}
