

GENERAL_METRICS
ACC:0.9116666666666666
PREC:0.6542000728862973
REC:0.7079976957419232
TNR:0.7079976957419232
FPR:0.3457999271137026
FPDR:0.3457999271137026
F1:0.6757112630985116
BACC:0.0
CLSFE:0.08833333333333333
MCC:0.3581801772493081
GMEAN:0.6687953469995219
SAMPLES:3000.0
AUC:{'AUC macro OVO': 0.6542000728862973}
AVGP:{'avg_precision': 0.9394128842605299}


METRICS_PER_CLASSES
CLASS:0
ACC:0.9116666666666666
PREC:0.34375
REC:0.4756756756756757
TNR:0.9403197158081705
FPR:0.65625
FPDR:0.65625
F1:0.39909297052154197
BACC:0
CLSFE:0.65625
MCC:0.3581801772493081
GMEAN:0.6687953469995219
SAMPLES:256
AUC:{}
AVGP:{}
CLASS:1
ACC:0.9116666666666666
PREC:0.9646501457725948
REC:0.9403197158081705
TNR:0.4756756756756757
FPR:0.03534985422740525
FPDR:0.03534985422740525
F1:0.9523295556754812
BACC:0
CLSFE:0.03534985422740525
MCC:0.3581801772493081
GMEAN:0.6687953469995219
SAMPLES:2744
AUC:{}
AVGP:{}
