

GENERAL_METRICS
ACC:0.908
PREC:0.626015214829101
REC:0.6864414482013734
TNR:0.6864414482013734
FPR:0.37398478517089895
FPDR:0.37398478517089895
F1:0.648245731793318
BACC:0.0
CLSFE:0.092
MCC:0.3065580476721809
GMEAN:0.6395651207599633
SAMPLES:3000.0
AUC:{'AUC macro OVO': 0.626015214829101}
AVGP:{'avg_precision': 0.9350463384634773}


METRICS_PER_CLASSES
CLASS:0
ACC:0.908
PREC:0.28627450980392155
REC:0.437125748502994
TNR:0.935757147899753
FPR:0.7137254901960784
FPDR:0.7137254901960784
F1:0.3459715639810427
BACC:0
CLSFE:0.7137254901960784
MCC:0.3065580476721809
GMEAN:0.6395651207599633
SAMPLES:255
AUC:{}
AVGP:{}
CLASS:1
ACC:0.908
PREC:0.9657559198542806
REC:0.935757147899753
TNR:0.437125748502994
FPR:0.03424408014571949
FPDR:0.03424408014571949
F1:0.9505198996055934
BACC:0
CLSFE:0.03424408014571949
MCC:0.3065580476721809
GMEAN:0.6395651207599633
SAMPLES:2745
AUC:{}
AVGP:{}
