

GENERAL_METRICS
ACC:0.9156666666666666
PREC:0.6637178937350636
REC:0.7043559516963772
TNR:0.7043559516963772
FPR:0.33628210626493643
FPDR:0.33628210626493643
F1:0.6810483465991728
BACC:0.0
CLSFE:0.08433333333333333
MCC:0.3658235967455094
GMEAN:0.6616279780727252
SAMPLES:3000.0
AUC:{'AUC macro OVO': 0.6637178937350636}
AVGP:{'avg_precision': 0.9450090122719604}


METRICS_PER_CLASSES
CLASS:0
ACC:0.9156666666666666
PREC:0.36401673640167365
REC:0.4627659574468085
TNR:0.9459459459459459
FPR:0.6359832635983264
FPDR:0.6359832635983264
F1:0.40749414519906324
BACC:0
CLSFE:0.6359832635983264
MCC:0.3658235967455094
GMEAN:0.6616279780727252
SAMPLES:239
AUC:{}
AVGP:{}
CLASS:1
ACC:0.9156666666666666
PREC:0.9634190510684535
REC:0.9459459459459459
TNR:0.4627659574468085
FPR:0.03658094893154654
FPDR:0.03658094893154654
F1:0.9546025479992822
BACC:0
CLSFE:0.03658094893154654
MCC:0.3658235967455094
GMEAN:0.6616279780727252
SAMPLES:2761
AUC:{}
AVGP:{}
