

GENERAL_METRICS
ACC:0.9188235294117647
PREC:0.5554590838944796
REC:0.5821115018349599
TNR:0.5821115018349599
FPR:0.44454091610552043
FPDR:0.44454091610552043
F1:0.5649898490214386
BACC:0.0
CLSFE:0.0811764705882353
MCC:0.13496412366205698
GMEAN:0.4532665856750139
SAMPLES:4250.0
AUC:{'AUC macro OVO': 0.5554590838944795}
AVGP:{'avg_precision': 0.9471470150478221}


METRICS_PER_CLASSES
CLASS:0
ACC:0.9188235294117647
PREC:0.14342629482071714
REC:0.21686746987951808
TNR:0.9473555337904016
FPR:0.8565737051792829
FPDR:0.8565737051792829
F1:0.17266187050359713
BACC:0
CLSFE:0.8565737051792829
MCC:0.13496412366205698
GMEAN:0.4532665856750139
SAMPLES:251
AUC:{}
AVGP:{}
CLASS:1
ACC:0.9188235294117647
PREC:0.967491872968242
REC:0.9473555337904016
TNR:0.21686746987951808
FPR:0.03250812703175794
FPDR:0.03250812703175794
F1:0.95731782753928
BACC:0
CLSFE:0.03250812703175794
MCC:0.13496412366205698
GMEAN:0.4532665856750139
SAMPLES:3999
AUC:{}
AVGP:{}
