

GENERAL_METRICS
ACC:0.9284705882352942
PREC:0.5810164795700768
REC:0.6066998992463273
TNR:0.6066998992463273
FPR:0.41898352042992315
FPDR:0.41898352042992315
F1:0.5915141167915521
BACC:0.0
CLSFE:0.07152941176470588
MCC:0.18595107106353906
GMEAN:0.49611867814158345
SAMPLES:4250.0
AUC:{'AUC macro OVO': 0.5810164795700768}
AVGP:{'avg_precision': 0.9556565653636373}


METRICS_PER_CLASSES
CLASS:0
ACC:0.9284705882352942
PREC:0.19282511210762332
REC:0.25748502994011974
TNR:0.9559147685525349
FPR:0.8071748878923767
FPDR:0.8071748878923767
F1:0.2205128205128205
BACC:0
CLSFE:0.8071748878923767
MCC:0.18595107106353906
GMEAN:0.49611867814158345
SAMPLES:223
AUC:{}
AVGP:{}
CLASS:1
ACC:0.9284705882352942
PREC:0.9692078470325304
REC:0.9559147685525349
TNR:0.25748502994011974
FPR:0.03079215296746958
FPDR:0.03079215296746958
F1:0.9625154130702837
BACC:0
CLSFE:0.03079215296746958
MCC:0.18595107106353906
GMEAN:0.49611867814158345
SAMPLES:4027
AUC:{}
AVGP:{}
