

GENERAL_METRICS
ACC:0.9181176470588235
PREC:0.5444920932725811
REC:0.5661738058998332
TNR:0.5661738058998332
FPR:0.4555079067274189
FPDR:0.4555079067274189
F1:0.5520266930301533
BACC:0.0
CLSFE:0.08188235294117648
MCC:0.10852117110125671
GMEAN:0.4188083683178407
SAMPLES:4250.0
AUC:{'AUC macro OVO': 0.5444920932725811}
AVGP:{'avg_precision': 0.9469961152005586}


METRICS_PER_CLASSES
CLASS:0
ACC:0.9181176470588235
PREC:0.12195121951219512
REC:0.18518518518518517
TNR:0.9471624266144814
FPR:0.8780487804878049
FPDR:0.8780487804878049
F1:0.14705882352941177
BACC:0
CLSFE:0.8780487804878049
MCC:0.10852117110125671
GMEAN:0.4188083683178407
SAMPLES:246
AUC:{}
AVGP:{}
CLASS:1
ACC:0.9181176470588235
PREC:0.967032967032967
REC:0.9471624266144814
TNR:0.18518518518518517
FPR:0.03296703296703297
FPDR:0.03296703296703297
F1:0.9569945625308948
BACC:0
CLSFE:0.03296703296703297
MCC:0.10852117110125671
GMEAN:0.4188083683178407
SAMPLES:4004
AUC:{}
AVGP:{}
