

GENERAL_METRICS
ACC:0.9143529411764706
PREC:0.5360967365840585
REC:0.5541560031156114
TNR:0.5541560031156114
FPR:0.4639032634159414
FPDR:0.4639032634159414
F1:0.5420741230142239
BACC:0.0
CLSFE:0.08564705882352941
MCC:0.08842748393818932
GMEAN:0.3931708114421363
SAMPLES:4250.0
AUC:{'AUC macro OVO': 0.5360967365840587}
AVGP:{'avg_precision': 0.9445304593320071}


METRICS_PER_CLASSES
CLASS:0
ACC:0.9143529411764706
PREC:0.1067193675889328
REC:0.16363636363636364
TNR:0.9446756425948593
FPR:0.8932806324110671
FPDR:0.8932806324110671
F1:0.1291866028708134
BACC:0
CLSFE:0.8932806324110671
MCC:0.08842748393818932
GMEAN:0.3931708114421363
SAMPLES:253
AUC:{}
AVGP:{}
CLASS:1
ACC:0.9143529411764706
PREC:0.9654741055791843
REC:0.9446756425948593
TNR:0.16363636363636364
FPR:0.03452589442081561
FPDR:0.03452589442081561
F1:0.9549616431576342
BACC:0
CLSFE:0.03452589442081561
MCC:0.08842748393818932
GMEAN:0.3931708114421363
SAMPLES:3997
AUC:{}
AVGP:{}
