

GENERAL_METRICS
ACC:0.844
PREC:0.6288481366917071
REC:0.6354744412502057
TNR:0.6354744412502057
FPR:0.3711518633082928
FPDR:0.3711518633082928
F1:0.6320051707991385
BACC:0.0
CLSFE:0.156
MCC:0.2642395074506396
GMEAN:0.5742129010318348
SAMPLES:2000.0
AUC:{'AUC macro OVO': 0.6288481366917071}
AVGP:{'avg_precision': 0.9050049850809558}


METRICS_PER_CLASSES
CLASS:0
ACC:0.844
PREC:0.34274193548387094
REC:0.36324786324786323
TNR:0.9077010192525481
FPR:0.657258064516129
FPDR:0.657258064516129
F1:0.35269709543568467
BACC:0
CLSFE:0.657258064516129
MCC:0.2642395074506396
GMEAN:0.5742129010318348
SAMPLES:248
AUC:{}
AVGP:{}
CLASS:1
ACC:0.844
PREC:0.9149543378995434
REC:0.9077010192525481
TNR:0.36324786324786323
FPR:0.08504566210045662
FPDR:0.08504566210045662
F1:0.9113132461625923
BACC:0
CLSFE:0.08504566210045662
MCC:0.2642395074506396
GMEAN:0.5742129010318348
SAMPLES:1752
AUC:{}
AVGP:{}
