

GENERAL_METRICS
ACC:0.8728888888888889
PREC:0.5298540468819106
REC:0.5931034482758621
TNR:0.5931034482758621
FPR:0.4701459531180893
FPDR:0.4701459531180893
F1:0.5323741007194245
BACC:0.0
CLSFE:0.12711111111111112
MCC:0.10544220615474868
GMEAN:0.5117710215946789
SAMPLES:2250.0
AUC:{'AUC macro OVO': 0.5298540468819106}
AVGP:{'avg_precision': 0.8927086682222799}


METRICS_PER_CLASSES
CLASS:0
ACC:0.8728888888888889
PREC:0.08627450980392157
REC:0.29333333333333333
TNR:0.8928735632183908
FPR:0.9137254901960784
FPDR:0.9137254901960784
F1:0.13333333333333333
BACC:0
CLSFE:0.9137254901960784
MCC:0.10544220615474868
GMEAN:0.5117710215946789
SAMPLES:255
AUC:{}
AVGP:{}
CLASS:1
ACC:0.8728888888888889
PREC:0.9734335839598998
REC:0.8928735632183908
TNR:0.29333333333333333
FPR:0.026566416040100252
FPDR:0.026566416040100252
F1:0.9314148681055155
BACC:0
CLSFE:0.026566416040100252
MCC:0.10544220615474868
GMEAN:0.5117710215946789
SAMPLES:1995
AUC:{}
AVGP:{}
