

GENERAL_METRICS
ACC:0.8773333333333333
PREC:0.5444947209653092
REC:0.6453458007437658
TNR:0.6453458007437658
FPR:0.4555052790346908
FPDR:0.4555052790346908
F1:0.5537010472573816
BACC:0.0
CLSFE:0.12266666666666666
MCC:0.16083682224631632
GMEAN:0.5957556327423911
SAMPLES:2250.0
AUC:{'AUC macro OVO': 0.5444947209653093}
AVGP:{'avg_precision': 0.8932226908077107}


METRICS_PER_CLASSES
CLASS:0
ACC:0.8773333333333333
PREC:0.1111111111111111
REC:0.3972602739726027
TNR:0.8934313275149288
FPR:0.8888888888888888
FPDR:0.8888888888888888
F1:0.17365269461077845
BACC:0
CLSFE:0.8888888888888888
MCC:0.16083682224631632
GMEAN:0.5957556327423911
SAMPLES:261
AUC:{}
AVGP:{}
CLASS:1
ACC:0.8773333333333333
PREC:0.9778783308195073
REC:0.8934313275149288
TNR:0.3972602739726027
FPR:0.02212166918049271
FPDR:0.02212166918049271
F1:0.9337493999039846
BACC:0
CLSFE:0.02212166918049271
MCC:0.16083682224631632
GMEAN:0.5957556327423911
SAMPLES:1989
AUC:{}
AVGP:{}
