

GENERAL_METRICS
ACC:0.88
PREC:0.5422791076813307
REC:0.6334845615116945
TNR:0.6334845615116945
FPR:0.4577208923186693
FPDR:0.4577208923186693
F1:0.5510057471264368
BACC:0.0
CLSFE:0.12
MCC:0.1502479038116425
GMEAN:0.5760263615515422
SAMPLES:2250.0
AUC:{'AUC macro OVO': 0.5422791076813307}
AVGP:{'avg_precision': 0.896906791373536}


METRICS_PER_CLASSES
CLASS:0
ACC:0.88
PREC:0.10756972111553785
REC:0.3698630136986301
TNR:0.8971061093247589
FPR:0.8924302788844621
FPDR:0.8924302788844621
F1:0.16666666666666666
BACC:0
CLSFE:0.8924302788844621
MCC:0.1502479038116425
GMEAN:0.5760263615515422
SAMPLES:251
AUC:{}
AVGP:{}
CLASS:1
ACC:0.88
PREC:0.9769884942471235
REC:0.8971061093247589
TNR:0.3698630136986301
FPR:0.02301150575287644
FPDR:0.02301150575287644
F1:0.9353448275862069
BACC:0
CLSFE:0.02301150575287644
MCC:0.1502479038116425
GMEAN:0.5760263615515422
SAMPLES:1999
AUC:{}
AVGP:{}
