

GENERAL_METRICS
ACC:0.8888888888888888
PREC:0.5544109905977376
REC:0.6645566035954972
TNR:0.6645566035954972
FPR:0.4455890094022625
FPDR:0.4455890094022625
F1:0.5695117919329954
BACC:0.0
CLSFE:0.1111111111111111
MCC:0.18924785664340002
GMEAN:0.6197450410514826
SAMPLES:2250.0
AUC:{'AUC macro OVO': 0.5544109905977375}
AVGP:{'avg_precision': 0.9042326636967816}


METRICS_PER_CLASSES
CLASS:0
ACC:0.8888888888888888
PREC:0.1297071129707113
REC:0.4246575342465753
TNR:0.904455672944419
FPR:0.8702928870292888
FPDR:0.8702928870292888
F1:0.1987179487179487
BACC:0
CLSFE:0.8702928870292888
MCC:0.18924785664340002
GMEAN:0.6197450410514826
SAMPLES:239
AUC:{}
AVGP:{}
CLASS:1
ACC:0.8888888888888888
PREC:0.9791148682247638
REC:0.904455672944419
TNR:0.4246575342465753
FPR:0.0208851317752362
FPDR:0.0208851317752362
F1:0.940305635148042
BACC:0
CLSFE:0.0208851317752362
MCC:0.18924785664340002
GMEAN:0.6197450410514826
SAMPLES:2011
AUC:{}
AVGP:{}
