

GENERAL_METRICS
ACC:0.838
PREC:0.7253921209287042
REC:0.7141752662441189
TNR:0.7141752662441189
FPR:0.27460787907129586
FPDR:0.27460787907129586
F1:0.7194805194805195
BACC:0.0
CLSFE:0.162
MCC:0.43942424834882227
GMEAN:0.6873549534066904
SAMPLES:1500.0
AUC:{'AUC macro OVO': 0.7253921209287041}
AVGP:{'avg_precision': 0.8999810709703653}


METRICS_PER_CLASSES
CLASS:0
ACC:0.838
PREC:0.5551181102362205
REC:0.5202952029520295
TNR:0.9080553295362083
FPR:0.4448818897637795
FPDR:0.4448818897637795
F1:0.5371428571428571
BACC:0
CLSFE:0.4448818897637795
MCC:0.43942424834882227
GMEAN:0.6873549534066904
SAMPLES:254
AUC:{}
AVGP:{}
CLASS:1
ACC:0.838
PREC:0.8956661316211878
REC:0.9080553295362083
TNR:0.5202952029520295
FPR:0.1043338683788122
FPDR:0.1043338683788122
F1:0.9018181818181819
BACC:0
CLSFE:0.1043338683788122
MCC:0.43942424834882227
GMEAN:0.6873549534066904
SAMPLES:1246
AUC:{}
AVGP:{}
