

GENERAL_METRICS
ACC:0.844
PREC:0.74972302380707
REC:0.7221362761276128
TNR:0.7221362761276128
FPR:0.25027697619293
FPDR:0.25027697619293
F1:0.7342326516766815
BACC:0.0
CLSFE:0.156
MCC:0.4710521948651963
GMEAN:0.6945097604047019
SAMPLES:1500.0
AUC:{'AUC macro OVO': 0.74972302380707}
AVGP:{'avg_precision': 0.910633014898934}


METRICS_PER_CLASSES
CLASS:0
ACC:0.844
PREC:0.6088709677419355
REC:0.5243055555555556
TNR:0.91996699669967
FPR:0.3911290322580645
FPDR:0.3911290322580645
F1:0.5634328358208955
BACC:0
CLSFE:0.3911290322580645
MCC:0.4710521948651963
GMEAN:0.6945097604047019
SAMPLES:248
AUC:{}
AVGP:{}
CLASS:1
ACC:0.844
PREC:0.8905750798722045
REC:0.91996699669967
TNR:0.5243055555555556
FPR:0.10942492012779553
FPDR:0.10942492012779553
F1:0.9050324675324676
BACC:0
CLSFE:0.10942492012779553
MCC:0.4710521948651963
GMEAN:0.6945097604047019
SAMPLES:1252
AUC:{}
AVGP:{}
