

GENERAL_METRICS
ACC:0.8446666666666667
PREC:0.7330758598260021
REC:0.7183284386005533
TNR:0.7183284386005533
FPR:0.2669241401739979
FPDR:0.2669241401739979
F1:0.7252097094141816
BACC:0.0
CLSFE:0.15533333333333332
MCC:0.4511633342872289
GMEAN:0.6911360582922611
SAMPLES:1500.0
AUC:{'AUC macro OVO': 0.7330758598260021}
AVGP:{'avg_precision': 0.9062645538860227}


METRICS_PER_CLASSES
CLASS:0
ACC:0.8446666666666667
PREC:0.5673469387755102
REC:0.5225563909774437
TNR:0.9141004862236629
FPR:0.4326530612244898
FPDR:0.4326530612244898
F1:0.5440313111545988
BACC:0
CLSFE:0.4326530612244898
MCC:0.4511633342872289
GMEAN:0.6911360582922611
SAMPLES:245
AUC:{}
AVGP:{}
CLASS:1
ACC:0.8446666666666667
PREC:0.8988047808764941
REC:0.9141004862236629
TNR:0.5225563909774437
FPR:0.10119521912350597
FPDR:0.10119521912350597
F1:0.9063881076737645
BACC:0
CLSFE:0.10119521912350597
MCC:0.4511633342872289
GMEAN:0.6911360582922611
SAMPLES:1255
AUC:{}
AVGP:{}
