

GENERAL_METRICS
ACC:0.854
PREC:0.7402351793086503
REC:0.7193507412697009
TNR:0.7193507412697009
FPR:0.25976482069134965
FPDR:0.25976482069134965
F1:0.728879641543397
BACC:0.0
CLSFE:0.146
MCC:0.4591111615302418
GMEAN:0.6899358126217974
SAMPLES:1500.0
AUC:{'AUC macro OVO': 0.7402351793086503}
AVGP:{'avg_precision': 0.9157757020422934}


METRICS_PER_CLASSES
CLASS:0
ACC:0.854
PREC:0.5770925110132159
REC:0.515748031496063
TNR:0.9229534510433387
FPR:0.42290748898678415
FPDR:0.42290748898678415
F1:0.5446985446985447
BACC:0
CLSFE:0.42290748898678415
MCC:0.4591111615302418
GMEAN:0.6899358126217974
SAMPLES:227
AUC:{}
AVGP:{}
CLASS:1
ACC:0.854
PREC:0.9033778476040848
REC:0.9229534510433387
TNR:0.515748031496063
FPR:0.09662215239591516
FPDR:0.09662215239591516
F1:0.9130607383882493
BACC:0
CLSFE:0.09662215239591516
MCC:0.4591111615302418
GMEAN:0.6899358126217974
SAMPLES:1273
AUC:{}
AVGP:{}
