

GENERAL_METRICS
ACC:0.832
PREC:0.8320840540713691
REC:0.8318289482107419
TNR:0.8318289482107419
FPR:0.1679159459286309
FPDR:0.1679159459286309
F1:0.8319031762295082
BACC:0.0
CLSFE:0.168
MCC:0.6639129532704166
GMEAN:0.8317602462413374
SAMPLES:500.0
AUC:{'AUC macro OVO': 0.8320840540713691}
AVGP:{'avg_precision': 0.7654128871867231}


METRICS_PER_CLASSES
CLASS:0
ACC:0.832
PREC:0.8294573643410853
REC:0.84251968503937
TNR:0.8211382113821138
FPR:0.17054263565891473
FPDR:0.17054263565891473
F1:0.8359375
BACC:0
CLSFE:0.17054263565891473
MCC:0.6639129532704166
GMEAN:0.8317602462413374
SAMPLES:258
AUC:{}
AVGP:{}
CLASS:1
ACC:0.832
PREC:0.8347107438016529
REC:0.8211382113821138
TNR:0.84251968503937
FPR:0.1652892561983471
FPDR:0.1652892561983471
F1:0.8278688524590164
BACC:0
CLSFE:0.1652892561983471
MCC:0.6639129532704166
GMEAN:0.8317602462413374
SAMPLES:242
AUC:{}
AVGP:{}
