

GENERAL_METRICS
ACC:0.812
PREC:0.8119729241010705
REC:0.8119729241010705
TNR:0.8119729241010705
FPR:0.18802707589892945
FPDR:0.18802707589892945
F1:0.8119729241010705
BACC:0.0
CLSFE:0.188
MCC:0.6239458482021412
GMEAN:0.8119697891369727
SAMPLES:500.0
AUC:{'AUC macro OVO': 0.8119729241010706}
AVGP:{'avg_precision': 0.749640971004278}


METRICS_PER_CLASSES
CLASS:0
ACC:0.812
PREC:0.8142292490118577
REC:0.8142292490118577
TNR:0.8097165991902834
FPR:0.1857707509881423
FPDR:0.1857707509881423
F1:0.8142292490118577
BACC:0
CLSFE:0.1857707509881423
MCC:0.6239458482021412
GMEAN:0.8119697891369727
SAMPLES:253
AUC:{}
AVGP:{}
CLASS:1
ACC:0.812
PREC:0.8097165991902834
REC:0.8097165991902834
TNR:0.8142292490118577
FPR:0.1902834008097166
FPDR:0.1902834008097166
F1:0.8097165991902834
BACC:0
CLSFE:0.1902834008097166
MCC:0.6239458482021412
GMEAN:0.8119697891369727
SAMPLES:247
AUC:{}
AVGP:{}
