

GENERAL_METRICS
ACC:0.794
PREC:0.7937247741687488
REC:0.7938047709831941
TNR:0.7938047709831941
FPR:0.20627522583125119
FPDR:0.20627522583125119
F1:0.7937615883961859
BACC:0.0
CLSFE:0.206
MCC:0.5875295397058422
GMEAN:0.7937862465426947
SAMPLES:500.0
AUC:{'AUC macro OVO': 0.7937247741687488}
AVGP:{'avg_precision': 0.7229774013236857}


METRICS_PER_CLASSES
CLASS:0
ACC:0.794
PREC:0.8023255813953488
REC:0.7992277992277992
TNR:0.7883817427385892
FPR:0.19767441860465115
FPDR:0.19767441860465115
F1:0.8007736943907157
BACC:0
CLSFE:0.19767441860465115
MCC:0.5875295397058422
GMEAN:0.7937862465426947
SAMPLES:258
AUC:{}
AVGP:{}
CLASS:1
ACC:0.794
PREC:0.7851239669421488
REC:0.7883817427385892
TNR:0.7992277992277992
FPR:0.21487603305785125
FPDR:0.21487603305785125
F1:0.7867494824016563
BACC:0
CLSFE:0.21487603305785125
MCC:0.5875295397058422
GMEAN:0.7937862465426947
SAMPLES:242
AUC:{}
AVGP:{}
