

GENERAL_METRICS
ACC:0.786
PREC:0.7859931830183546
REC:0.7859703020993343
TNR:0.7859703020993343
FPR:0.21400681698164536
FPDR:0.21400681698164536
F1:0.785978597859786
BACC:0.0
CLSFE:0.214
MCC:0.571963484660023
GMEAN:0.7859615353655958
SAMPLES:500.0
AUC:{'AUC macro OVO': 0.7859931830183546}
AVGP:{'avg_precision': 0.7291336972206537}


METRICS_PER_CLASSES
CLASS:0
ACC:0.786
PREC:0.7854251012145749
REC:0.782258064516129
TNR:0.7896825396825397
FPR:0.2145748987854251
FPDR:0.2145748987854251
F1:0.7838383838383839
BACC:0
CLSFE:0.2145748987854251
MCC:0.571963484660023
GMEAN:0.7859615353655958
SAMPLES:247
AUC:{}
AVGP:{}
CLASS:1
ACC:0.786
PREC:0.7865612648221344
REC:0.7896825396825397
TNR:0.782258064516129
FPR:0.2134387351778656
FPDR:0.2134387351778656
F1:0.7881188118811882
BACC:0
CLSFE:0.2134387351778656
MCC:0.571963484660023
GMEAN:0.7859615353655958
SAMPLES:253
AUC:{}
AVGP:{}
