

GENERAL_METRICS
ACC:0.547
PREC:0.547
REC:0.547000188000752
TNR:0.547000188000752
FPR:0.453
FPDR:0.453
F1:0.546999546999547
BACC:0.0
CLSFE:0.453
MCC:0.094000188000564
GMEAN:0.5470001799239077
SAMPLES:1000.0
AUC:0.547
AVGP:0.5257134268537074


METRICS_PER_CLASSES

======>> CLASS:0
ACC:0.547
PREC:0.548
REC:0.5469061876247505
TNR:0.5470941883767535
FPR:0.452
FPDR:0.452
F1:0.5474525474525475
BACC:0
CLSFE:0.452
MCC:0.094000188000564
GMEAN:0.5470001799239077
SAMPLES:500
AUC:0.547
AVGP:0.5257134268537074

======>> CLASS:1
ACC:0.547
PREC:0.546
REC:0.5470941883767535
TNR:0.5469061876247505
FPR:0.454
FPDR:0.454
F1:0.5465465465465466
BACC:0
CLSFE:0.454
MCC:0.094000188000564
GMEAN:0.5470001799239077
SAMPLES:500
AUC:{}
AVGP:{}
