

GENERAL_METRICS
ACC:0.54
PREC:0.54
REC:0.5400057608295594
TNR:0.5400057608295594
FPR:0.46
FPDR:0.46
F1:0.5399834394038185
BACC:0.0
CLSFE:0.46
MCC:0.08000576062215466
GMEAN:0.5400055474370072
SAMPLES:1000.0
AUC:0.54
AVGP:0.5215810276679842


METRICS_PER_CLASSES

======>> CLASS:0
ACC:0.54
PREC:0.534
REC:0.5404858299595142
TNR:0.5395256916996047
FPR:0.466
FPDR:0.466
F1:0.5372233400402414
BACC:0
CLSFE:0.466
MCC:0.08000576062215466
GMEAN:0.5400055474370072
SAMPLES:500
AUC:0.54
AVGP:0.5215810276679842

======>> CLASS:1
ACC:0.54
PREC:0.546
REC:0.5395256916996047
TNR:0.5404858299595142
FPR:0.454
FPDR:0.454
F1:0.5427435387673957
BACC:0
CLSFE:0.454
MCC:0.08000576062215466
GMEAN:0.5400055474370072
SAMPLES:500
AUC:{}
AVGP:{}
