

GENERAL_METRICS
ACC:0.558
PREC:0.558
REC:0.5580148518020613
TNR:0.5580148518020613
FPR:0.442
FPDR:0.442
F1:0.5579717101894521
BACC:0.0
CLSFE:0.442
MCC:0.11601485085142431
GMEAN:0.5580140797565782
SAMPLES:1000.0
AUC:0.558
AVGP:0.5324186991869919


METRICS_PER_CLASSES

======>> CLASS:0
ACC:0.558
PREC:0.566
REC:0.5570866141732284
TNR:0.5589430894308943
FPR:0.434
FPDR:0.434
F1:0.5615079365079365
BACC:0
CLSFE:0.434
MCC:0.11601485085142431
GMEAN:0.5580140797565782
SAMPLES:500
AUC:0.558
AVGP:0.5324186991869919

======>> CLASS:1
ACC:0.558
PREC:0.55
REC:0.5589430894308943
TNR:0.5570866141732284
FPR:0.45
FPDR:0.45
F1:0.5544354838709677
BACC:0
CLSFE:0.45
MCC:0.11601485085142431
GMEAN:0.5580140797565782
SAMPLES:500
AUC:{}
AVGP:{}
