

GENERAL_METRICS
ACC:0.868
PREC:0.6030251834644422
REC:0.6258461109849971
TNR:0.6258461109849971
FPR:0.3969748165355578
FPDR:0.3969748165355578
F1:0.6125123291531633
BACC:0.0
CLSFE:0.132
MCC:0.22773070651553226
GMEAN:0.5542145479810894
SAMPLES:2250.0
AUC:{'AUC macro OVO': 0.6030251834644422}
AVGP:{'avg_precision': 0.9152812308376903}


METRICS_PER_CLASSES
CLASS:0
ACC:0.868
PREC:0.2680851063829787
REC:0.3351063829787234
TNR:0.9165858389912707
FPR:0.7319148936170212
FPDR:0.7319148936170212
F1:0.2978723404255319
BACC:0
CLSFE:0.7319148936170212
MCC:0.22773070651553226
GMEAN:0.5542145479810894
SAMPLES:235
AUC:{}
AVGP:{}
CLASS:1
ACC:0.868
PREC:0.9379652605459057
REC:0.9165858389912707
TNR:0.3351063829787234
FPR:0.062034739454094295
FPDR:0.062034739454094295
F1:0.9271523178807947
BACC:0
CLSFE:0.062034739454094295
MCC:0.22773070651553226
GMEAN:0.5542145479810894
SAMPLES:2015
AUC:{}
AVGP:{}
