

GENERAL_METRICS
ACC:0.8426666666666667
PREC:0.6426430940998427
REC:0.6938372488934287
TNR:0.6938372488934287
FPR:0.35735690590015734
FPDR:0.35735690590015734
F1:0.661048108188848
BACC:0.0
CLSFE:0.15733333333333333
MCC:0.3325630462571569
GMEAN:0.6670853298959496
SAMPLES:1500.0
AUC:{'AUC macro OVO': 0.6426430940998427}
AVGP:{'avg_precision': 0.8818755296971422}


METRICS_PER_CLASSES
CLASS:0
ACC:0.8426666666666667
PREC:0.350210970464135
REC:0.503030303030303
TNR:0.8846441947565543
FPR:0.6497890295358649
FPDR:0.6497890295358649
F1:0.4129353233830846
BACC:0
CLSFE:0.6497890295358649
MCC:0.3325630462571569
GMEAN:0.6670853298959496
SAMPLES:237
AUC:{}
AVGP:{}
CLASS:1
ACC:0.8426666666666667
PREC:0.9350752177355502
REC:0.8846441947565543
TNR:0.503030303030303
FPR:0.06492478226444973
FPDR:0.06492478226444973
F1:0.9091608929946112
BACC:0
CLSFE:0.06492478226444973
MCC:0.3325630462571569
GMEAN:0.6670853298959496
SAMPLES:1263
AUC:{}
AVGP:{}
