

GENERAL_METRICS
ACC:0.8406666666666667
PREC:0.6416869119116033
REC:0.722993726072463
TNR:0.722993726072463
FPR:0.3583130880883967
FPDR:0.3583130880883967
F1:0.6658199529258232
BACC:0.0
CLSFE:0.15933333333333333
MCC:0.35550129351589865
GMEAN:0.7077189571058334
SAMPLES:1500.0
AUC:{'AUC macro OVO': 0.6416869119116033}
AVGP:{'avg_precision': 0.8684356069192234}


METRICS_PER_CLASSES
CLASS:0
ACC:0.8406666666666667
PREC:0.33587786259541985
REC:0.5751633986928104
TNR:0.8708240534521158
FPR:0.6641221374045801
FPDR:0.6641221374045801
F1:0.42409638554216866
BACC:0
CLSFE:0.6641221374045801
MCC:0.35550129351589865
GMEAN:0.7077189571058334
SAMPLES:262
AUC:{}
AVGP:{}
CLASS:1
ACC:0.8406666666666667
PREC:0.9474959612277868
REC:0.8708240534521158
TNR:0.5751633986928104
FPR:0.05250403877221325
FPDR:0.05250403877221325
F1:0.9075435203094777
BACC:0
CLSFE:0.05250403877221325
MCC:0.35550129351589865
GMEAN:0.7077189571058334
SAMPLES:1238
AUC:{}
AVGP:{}
