

GENERAL_METRICS
ACC:0.84
PREC:0.6491052294675906
REC:0.718896833503575
TNR:0.718896833503575
FPR:0.35089477053240936
FPDR:0.35089477053240936
F1:0.6716898125348829
BACC:0.0
CLSFE:0.16
MCC:0.36132347053176356
GMEAN:0.7019307969579904
SAMPLES:1500.0
AUC:{'AUC macro OVO': 0.6491052294675905}
AVGP:{'avg_precision': 0.8713588160078353}


METRICS_PER_CLASSES
CLASS:0
ACC:0.84
PREC:0.3563218390804598
REC:0.5636363636363636
TNR:0.8741573033707866
FPR:0.6436781609195402
FPDR:0.6436781609195402
F1:0.43661971830985913
BACC:0
CLSFE:0.6436781609195402
MCC:0.36132347053176356
GMEAN:0.7019307969579904
SAMPLES:261
AUC:{}
AVGP:{}
CLASS:1
ACC:0.84
PREC:0.9418886198547215
REC:0.8741573033707866
TNR:0.5636363636363636
FPR:0.05811138014527845
FPDR:0.05811138014527845
F1:0.9067599067599068
BACC:0
CLSFE:0.05811138014527845
MCC:0.36132347053176356
GMEAN:0.7019307969579904
SAMPLES:1239
AUC:{}
AVGP:{}
