

GENERAL_METRICS
ACC:0.834
PREC:0.6140239656282437
REC:0.6745327842888819
TNR:0.6745327842888819
FPR:0.38597603437175626
FPDR:0.38597603437175626
F1:0.6322657059956935
BACC:0.0
CLSFE:0.166
MCC:0.2821412426197711
GMEAN:0.644712963960481
SAMPLES:1500.0
AUC:{'AUC macro OVO': 0.6140239656282438}
AVGP:{'avg_precision': 0.8707812539290302}


METRICS_PER_CLASSES
CLASS:0
ACC:0.834
PREC:0.2892561983471074
REC:0.47619047619047616
TNR:0.8728750923872876
FPR:0.7107438016528925
FPDR:0.7107438016528925
F1:0.35989717223650386
BACC:0
CLSFE:0.7107438016528925
MCC:0.2821412426197711
GMEAN:0.644712963960481
SAMPLES:242
AUC:{}
AVGP:{}
CLASS:1
ACC:0.834
PREC:0.93879173290938
REC:0.8728750923872876
TNR:0.47619047619047616
FPR:0.06120826709062003
FPDR:0.06120826709062003
F1:0.9046342397548832
BACC:0
CLSFE:0.06120826709062003
MCC:0.2821412426197711
GMEAN:0.644712963960481
SAMPLES:1258
AUC:{}
AVGP:{}
