

GENERAL_METRICS
ACC:0.8938181818181818
PREC:0.5102796120403543
REC:0.5617679100379044
TNR:0.5617679100379044
FPR:0.48972038795964573
FPDR:0.48972038795964573
F1:0.5009012368699111
BACC:0.0
CLSFE:0.10618181818181818
MCC:0.050396434466464454
GMEAN:0.4454707738513547
SAMPLES:2750.0
AUC:{'AUC macro OVO': 0.5102796120403543}
AVGP:{'avg_precision': 0.9039998692840852}


METRICS_PER_CLASSES
CLASS:0
ACC:0.8938181818181818
PREC:0.03345724907063197
REC:0.21951219512195122
TNR:0.9040236249538575
FPR:0.966542750929368
FPDR:0.966542750929368
F1:0.05806451612903226
BACC:0
CLSFE:0.966542750929368
MCC:0.050396434466464454
GMEAN:0.4454707738513547
SAMPLES:269
AUC:{}
AVGP:{}
CLASS:1
ACC:0.8938181818181818
PREC:0.9871019750100766
REC:0.9040236249538575
TNR:0.21951219512195122
FPR:0.012898024989923419
FPDR:0.012898024989923419
F1:0.9437379576107899
BACC:0
CLSFE:0.012898024989923419
MCC:0.050396434466464454
GMEAN:0.4454707738513547
SAMPLES:2481
AUC:{}
AVGP:{}
