

GENERAL_METRICS
ACC:0.8956363636363637
PREC:0.509486211168172
REC:0.566403578005788
TNR:0.566403578005788
FPR:0.490513788831828
FPDR:0.490513788831828
F1:0.49879055636947184
BACC:0.0
CLSFE:0.10436363636363637
MCC:0.050196349002097296
GMEAN:0.4546234177715875
SAMPLES:2750.0
AUC:{'AUC macro OVO': 0.509486211168172}
AVGP:{'avg_precision': 0.9042173401040648}


METRICS_PER_CLASSES
CLASS:0
ACC:0.8956363636363637
PREC:0.029850746268656716
REC:0.22857142857142856
TNR:0.9042357274401474
FPR:0.9701492537313433
FPDR:0.9701492537313433
F1:0.052805280528052806
BACC:0
CLSFE:0.9701492537313433
MCC:0.050196349002097296
GMEAN:0.4546234177715875
SAMPLES:268
AUC:{}
AVGP:{}
CLASS:1
ACC:0.8956363636363637
PREC:0.9891216760676873
REC:0.9042357274401474
TNR:0.22857142857142856
FPR:0.010878323932312651
FPDR:0.010878323932312651
F1:0.9447758322108909
BACC:0
CLSFE:0.010878323932312651
MCC:0.050196349002097296
GMEAN:0.4546234177715875
SAMPLES:2482
AUC:{}
AVGP:{}
