

GENERAL_METRICS
ACC:0.9098181818181819
PREC:0.5185360700066582
REC:0.6116945058544174
TNR:0.6116945058544174
FPR:0.48146392999334175
FPDR:0.48146392999334175
F1:0.5170313717158841
BACC:0.0
CLSFE:0.09018181818181818
MCC:0.09100279511919578
GMEAN:0.529574462755136
SAMPLES:2750.0
AUC:{'AUC macro OVO': 0.5185360700066582}
AVGP:{'avg_precision': 0.9178043984700103}


METRICS_PER_CLASSES
CLASS:0
ACC:0.9098181818181819
PREC:0.04700854700854701
REC:0.3055555555555556
TNR:0.9178334561532793
FPR:0.9529914529914529
FPDR:0.9529914529914529
F1:0.08148148148148149
BACC:0
CLSFE:0.9529914529914529
MCC:0.09100279511919578
GMEAN:0.529574462755136
SAMPLES:234
AUC:{}
AVGP:{}
CLASS:1
ACC:0.9098181818181819
PREC:0.9900635930047694
REC:0.9178334561532793
TNR:0.3055555555555556
FPR:0.009936406995230525
FPDR:0.009936406995230525
F1:0.9525812619502868
BACC:0
CLSFE:0.009936406995230525
MCC:0.09100279511919578
GMEAN:0.529574462755136
SAMPLES:2516
AUC:{}
AVGP:{}
