

GENERAL_METRICS
ACC:0.9
PREC:0.515356202601281
REC:0.5859006822817754
TNR:0.5859006822817754
FPR:0.48464379739871905
FPDR:0.48464379739871905
F1:0.5106099757262548
BACC:0.0
CLSFE:0.1
MCC:0.07263906058608442
GMEAN:0.4881662146004185
SAMPLES:2750.0
AUC:{'AUC macro OVO': 0.5153562026012809}
AVGP:{'avg_precision': 0.909864001401487}


METRICS_PER_CLASSES
CLASS:0
ACC:0.9
PREC:0.043137254901960784
REC:0.2619047619047619
TNR:0.9098966026587888
FPR:0.9568627450980393
FPDR:0.9568627450980393
F1:0.07407407407407407
BACC:0
CLSFE:0.9568627450980393
MCC:0.07263906058608442
GMEAN:0.4881662146004185
SAMPLES:255
AUC:{}
AVGP:{}
CLASS:1
ACC:0.9
PREC:0.9875751503006012
REC:0.9098966026587888
TNR:0.2619047619047619
FPR:0.012424849699398798
FPDR:0.012424849699398798
F1:0.9471458773784355
BACC:0
CLSFE:0.012424849699398798
MCC:0.07263906058608442
GMEAN:0.4881662146004185
SAMPLES:2495
AUC:{}
AVGP:{}
