

GENERAL_METRICS
ACC:0.8975384615384615
PREC:0.5316775329952698
REC:0.5437695482011561
TNR:0.5437695482011561
FPR:0.46832246700473024
FPDR:0.46832246700473024
F1:0.5357817974992054
BACC:0.0
CLSFE:0.10246153846153847
MCC:0.07447177471579883
GMEAN:0.37699149415749866
SAMPLES:3250.0
AUC:{'AUC macro OVO': 0.5316775329952698}
AVGP:{'avg_precision': 0.9354519677498329}


METRICS_PER_CLASSES
CLASS:0
ACC:0.8975384615384615
PREC:0.10762331838565023
REC:0.1518987341772152
TNR:0.935640362225097
FPR:0.8923766816143498
FPDR:0.8923766816143498
F1:0.12598425196850394
BACC:0
CLSFE:0.8923766816143498
MCC:0.07447177471579883
GMEAN:0.37699149415749866
SAMPLES:223
AUC:{}
AVGP:{}
CLASS:1
ACC:0.8975384615384615
PREC:0.9557317476048893
REC:0.935640362225097
TNR:0.1518987341772152
FPR:0.04426825239511067
FPDR:0.04426825239511067
F1:0.9455793430299069
BACC:0
CLSFE:0.04426825239511067
MCC:0.07447177471579883
GMEAN:0.37699149415749866
SAMPLES:3027
AUC:{}
AVGP:{}
