

GENERAL_METRICS
ACC:0.8873846153846154
PREC:0.5217191450241323
REC:0.5270491404870303
TNR:0.5270491404870303
FPR:0.4782808549758676
FPDR:0.4782808549758676
F1:0.5236092755016221
BACC:0.0
CLSFE:0.11261538461538462
MCC:0.04847614691849767
GMEAN:0.336673104336753
SAMPLES:3250.0
AUC:{'AUC macro OVO': 0.5217191450241323}
AVGP:{'avg_precision': 0.9323927481686395}


METRICS_PER_CLASSES
CLASS:0
ACC:0.8873846153846154
PREC:0.09606986899563319
REC:0.12154696132596685
TNR:0.9325513196480938
FPR:0.9039301310043668
FPDR:0.9039301310043668
F1:0.1073170731707317
BACC:0
CLSFE:0.9039301310043668
MCC:0.04847614691849767
GMEAN:0.336673104336753
SAMPLES:229
AUC:{}
AVGP:{}
CLASS:1
ACC:0.8873846153846154
PREC:0.9473684210526315
REC:0.9325513196480938
TNR:0.12154696132596685
FPR:0.05263157894736842
FPDR:0.05263157894736842
F1:0.9399014778325123
BACC:0
CLSFE:0.05263157894736842
MCC:0.04847614691849767
GMEAN:0.336673104336753
SAMPLES:3021
AUC:{}
AVGP:{}
