

GENERAL_METRICS
ACC:0.8846153846153846
PREC:0.5048807769920651
REC:0.5078021473956033
TNR:0.5078021473956033
FPR:0.4951192230079349
FPDR:0.4951192230079349
F1:0.5039866248340009
BACC:0.0
CLSFE:0.11538461538461539
MCC:0.012341886646240271
GMEAN:0.2916489693701096
SAMPLES:3250.0
AUC:{'AUC macro OVO': 0.504880776992065}
AVGP:{'avg_precision': 0.9234654495995528}


METRICS_PER_CLASSES
CLASS:0
ACC:0.8846153846153846
PREC:0.055776892430278883
REC:0.09210526315789473
TNR:0.9234990316333118
FPR:0.9442231075697212
FPDR:0.9442231075697212
F1:0.06947890818858561
BACC:0
CLSFE:0.9442231075697212
MCC:0.012341886646240271
GMEAN:0.2916489693701096
SAMPLES:251
AUC:{}
AVGP:{}
CLASS:1
ACC:0.8846153846153846
PREC:0.9539846615538513
REC:0.9234990316333118
TNR:0.09210526315789473
FPR:0.04601533844614872
FPDR:0.04601533844614872
F1:0.9384943414794161
BACC:0
CLSFE:0.04601533844614872
MCC:0.012341886646240271
GMEAN:0.2916489693701096
SAMPLES:2999
AUC:{}
AVGP:{}
