

GENERAL_METRICS
ACC:0.8836923076923077
PREC:0.5142316017316018
REC:0.5279454267256035
TNR:0.5279454267256035
FPR:0.4857683982683983
FPDR:0.4857683982683983
F1:0.5146079881656804
BACC:0.0
CLSFE:0.1163076923076923
MCC:0.03988524455878131
GMEAN:0.3577658868391272
SAMPLES:3250.0
AUC:{'AUC macro OVO': 0.5142316017316018}
AVGP:{'avg_precision': 0.9160928358731827}


METRICS_PER_CLASSES
CLASS:0
ACC:0.8836923076923077
PREC:0.06785714285714285
REC:0.13970588235294118
TNR:0.9161849710982659
FPR:0.9321428571428572
FPDR:0.9321428571428572
F1:0.09134615384615384
BACC:0
CLSFE:0.9321428571428572
MCC:0.03988524455878131
GMEAN:0.3577658868391272
SAMPLES:280
AUC:{}
AVGP:{}
CLASS:1
ACC:0.8836923076923077
PREC:0.9606060606060606
REC:0.9161849710982659
TNR:0.13970588235294118
FPR:0.03939393939393939
FPDR:0.03939393939393939
F1:0.9378698224852071
BACC:0
CLSFE:0.03939393939393939
MCC:0.03988524455878131
GMEAN:0.3577658868391272
SAMPLES:2970
AUC:{}
AVGP:{}
