

GENERAL_METRICS
ACC:0.936
PREC:0.5042582678877143
REC:0.5578561828949505
TNR:0.5578561828949505
FPR:0.4957417321122856
FPDR:0.4957417321122856
F1:0.49490863962717946
BACC:0.0
CLSFE:0.064
MCC:0.0313921726376048
GMEAN:0.40712227767616055
SAMPLES:4000.0
AUC:{'AUC macro OVO': 0.5042582678877143}
AVGP:{'avg_precision': 0.9392399440297696}


METRICS_PER_CLASSES
CLASS:0
ACC:0.936
PREC:0.012244897959183673
REC:0.17647058823529413
TNR:0.939241777554607
FPR:0.9877551020408163
FPDR:0.9877551020408163
F1:0.022900763358778626
BACC:0
CLSFE:0.9877551020408163
MCC:0.0313921726376048
GMEAN:0.40712227767616055
SAMPLES:245
AUC:{}
AVGP:{}
CLASS:1
ACC:0.936
PREC:0.9962716378162451
REC:0.939241777554607
TNR:0.17647058823529413
FPR:0.0037283621837549932
FPDR:0.0037283621837549932
F1:0.9669165158955803
BACC:0
CLSFE:0.0037283621837549932
MCC:0.0313921726376048
GMEAN:0.40712227767616055
SAMPLES:3755
AUC:{}
AVGP:{}
