

GENERAL_METRICS
ACC:0.935
PREC:0.5099516577594663
REC:0.6120705130506587
TNR:0.6120705130506587
FPR:0.49004834224053373
FPDR:0.49004834224053373
F1:0.5052368773596395
BACC:0.0
CLSFE:0.065
MCC:0.06679183754944774
GMEAN:0.5178049109702091
SAMPLES:4000.0
AUC:{'AUC macro OVO': 0.5099516577594663}
AVGP:{'avg_precision': 0.9384220321699592}


METRICS_PER_CLASSES
CLASS:0
ACC:0.935
PREC:0.02390438247011952
REC:0.2857142857142857
TNR:0.9384267403870319
FPR:0.9760956175298805
FPDR:0.9760956175298805
F1:0.04411764705882353
BACC:0
CLSFE:0.9760956175298805
MCC:0.06679183754944774
GMEAN:0.5178049109702091
SAMPLES:251
AUC:{}
AVGP:{}
CLASS:1
ACC:0.935
PREC:0.995998933048813
REC:0.9384267403870319
TNR:0.2857142857142857
FPR:0.0040010669511869835
FPDR:0.0040010669511869835
F1:0.9663561076604554
BACC:0
CLSFE:0.0040010669511869835
MCC:0.06679183754944774
GMEAN:0.5178049109702091
SAMPLES:3749
AUC:{}
AVGP:{}
