

GENERAL_METRICS
ACC:0.93875
PREC:0.512499558510717
REC:0.6061805582439704
TNR:0.6061805582439704
FPR:0.4875004414892829
FPDR:0.4875004414892829
F1:0.511202198193543
BACC:0.0
CLSFE:0.06125
MCC:0.0728617897246866
GMEAN:0.5039044640375107
SAMPLES:4000.0
AUC:{'AUC macro OVO': 0.5124995585107172}
AVGP:{'avg_precision': 0.9431233850596972}


METRICS_PER_CLASSES
CLASS:0
ACC:0.93875
PREC:0.030042918454935622
REC:0.2692307692307692
TNR:0.9431303472571716
FPR:0.9699570815450643
FPDR:0.9699570815450643
F1:0.05405405405405406
BACC:0
CLSFE:0.9699570815450643
MCC:0.0728617897246866
GMEAN:0.5039044640375107
SAMPLES:233
AUC:{}
AVGP:{}
CLASS:1
ACC:0.93875
PREC:0.9949561985664985
REC:0.9431303472571716
TNR:0.2692307692307692
FPR:0.00504380143350146
FPDR:0.00504380143350146
F1:0.9683503423330319
BACC:0
CLSFE:0.00504380143350146
MCC:0.0728617897246866
GMEAN:0.5039044640375107
SAMPLES:3767
AUC:{}
AVGP:{}
