

GENERAL_METRICS
ACC:0.929
PREC:0.5027152635700033
REC:0.5270440251572327
TNR:0.5270440251572327
FPR:0.4972847364299967
FPDR:0.4972847364299967
F1:0.49192718815689435
BACC:0.0
CLSFE:0.071
MCC:0.01713845457393242
GMEAN:0.3347992921703029
SAMPLES:4000.0
AUC:{'AUC macro OVO': 0.5027152635700033}
AVGP:{'avg_precision': 0.9340860591211807}


METRICS_PER_CLASSES
CLASS:0
ACC:0.929
PREC:0.011320754716981131
REC:0.12
TNR:0.9340880503144654
FPR:0.9886792452830189
FPDR:0.9886792452830189
F1:0.020689655172413793
BACC:0
CLSFE:0.9886792452830189
MCC:0.01713845457393242
GMEAN:0.3347992921703029
SAMPLES:265
AUC:{}
AVGP:{}
CLASS:1
ACC:0.929
PREC:0.9941097724230255
REC:0.9340880503144654
TNR:0.12
FPR:0.005890227576974565
FPDR:0.005890227576974565
F1:0.9631647211413749
BACC:0
CLSFE:0.005890227576974565
MCC:0.01713845457393242
GMEAN:0.3347992921703029
SAMPLES:3735
AUC:{}
AVGP:{}
