

GENERAL_METRICS
ACC:0.8128
PREC:0.7038991182417478
REC:0.7076454462381967
TNR:0.7076454462381967
FPR:0.2961008817582523
FPDR:0.2961008817582523
F1:0.7057296696928723
BACC:0.0
CLSFE:0.1872
MCC:0.411527512542637
GMEAN:0.6861849841480805
SAMPLES:1250.0
AUC:{'AUC macro OVO': 0.7038991182417478}
AVGP:{'avg_precision': 0.8713084666756308}


METRICS_PER_CLASSES
CLASS:0
ACC:0.8128
PREC:0.5219123505976095
REC:0.5346938775510204
TNR:0.8805970149253731
FPR:0.47808764940239046
FPDR:0.47808764940239046
F1:0.5282258064516129
BACC:0
CLSFE:0.47808764940239046
MCC:0.411527512542637
GMEAN:0.6861849841480805
SAMPLES:251
AUC:{}
AVGP:{}
CLASS:1
ACC:0.8128
PREC:0.8858858858858859
REC:0.8805970149253731
TNR:0.5346938775510204
FPR:0.11411411411411411
FPDR:0.11411411411411411
F1:0.8832335329341318
BACC:0
CLSFE:0.11411411411411411
MCC:0.411527512542637
GMEAN:0.6861849841480805
SAMPLES:999
AUC:{}
AVGP:{}
