

GENERAL_METRICS
ACC:0.8144
PREC:0.744821526900528
REC:0.7141304039888945
TNR:0.7141304039888945
FPR:0.25517847309947206
FPDR:0.25517847309947206
F1:0.7267337331187408
BACC:0.0
CLSFE:0.1856
MCC:0.45792458968868693
GMEAN:0.6882578984536541
SAMPLES:1250.0
AUC:{'AUC macro OVO': 0.7448215269005279}
AVGP:{'avg_precision': 0.8903700134472592}


METRICS_PER_CLASSES
CLASS:0
ACC:0.8144
PREC:0.6300813008130082
REC:0.5236486486486487
TNR:0.9046121593291404
FPR:0.3699186991869919
FPDR:0.3699186991869919
F1:0.5719557195571956
BACC:0
CLSFE:0.3699186991869919
MCC:0.45792458968868693
GMEAN:0.6882578984536541
SAMPLES:246
AUC:{}
AVGP:{}
CLASS:1
ACC:0.8144
PREC:0.8595617529880478
REC:0.9046121593291404
TNR:0.5236486486486487
FPR:0.14043824701195218
FPDR:0.14043824701195218
F1:0.881511746680286
BACC:0
CLSFE:0.14043824701195218
MCC:0.45792458968868693
GMEAN:0.6882578984536541
SAMPLES:1004
AUC:{}
AVGP:{}
