

GENERAL_METRICS
ACC:0.8136
PREC:0.7327125825204454
REC:0.7163010667604478
TNR:0.7163010667604478
FPR:0.26728741747955465
FPDR:0.26728741747955465
F1:0.7237060668930142
BACC:0.0
CLSFE:0.1864
MCC:0.44871362737385667
GMEAN:0.6940130148824385
SAMPLES:1250.0
AUC:{'AUC macro OVO': 0.7327125825204454}
AVGP:{'avg_precision': 0.8808439303957806}


METRICS_PER_CLASSES
CLASS:0
ACC:0.8136
PREC:0.596078431372549
REC:0.5390070921985816
TNR:0.893595041322314
FPR:0.403921568627451
FPDR:0.403921568627451
F1:0.5661080074487895
BACC:0
CLSFE:0.403921568627451
MCC:0.44871362737385667
GMEAN:0.6940130148824385
SAMPLES:255
AUC:{}
AVGP:{}
CLASS:1
ACC:0.8136
PREC:0.8693467336683417
REC:0.893595041322314
TNR:0.5390070921985816
FPR:0.1306532663316583
FPDR:0.1306532663316583
F1:0.8813041263372389
BACC:0
CLSFE:0.1306532663316583
MCC:0.44871362737385667
GMEAN:0.6940130148824385
SAMPLES:995
AUC:{}
AVGP:{}
