

GENERAL_METRICS
ACC:0.8136
PREC:0.7120955475663717
REC:0.692334669534994
TNR:0.692334669534994
FPR:0.2879044524336283
FPDR:0.2879044524336283
F1:0.7010401237514254
BACC:0.0
CLSFE:0.1864
MCC:0.4039471601634139
GMEAN:0.6609920677841269
SAMPLES:1250.0
AUC:{'AUC macro OVO': 0.7120955475663717}
AVGP:{'avg_precision': 0.8880930765357503}


METRICS_PER_CLASSES
CLASS:0
ACC:0.8136
PREC:0.5530973451327433
REC:0.48638132295719844
TNR:0.8982880161127895
FPR:0.4469026548672566
FPDR:0.4469026548672566
F1:0.5175983436853002
BACC:0
CLSFE:0.4469026548672566
MCC:0.4039471601634139
GMEAN:0.6609920677841269
SAMPLES:226
AUC:{}
AVGP:{}
CLASS:1
ACC:0.8136
PREC:0.87109375
REC:0.8982880161127895
TNR:0.48638132295719844
FPR:0.12890625
FPDR:0.12890625
F1:0.8844819038175508
BACC:0
CLSFE:0.12890625
MCC:0.4039471601634139
GMEAN:0.6609920677841269
SAMPLES:1024
AUC:{}
AVGP:{}
