

GENERAL_METRICS
ACC:0.8626666666666667
PREC:0.7550675832382436
REC:0.761444858965866
TNR:0.761444858965866
FPR:0.24493241676175634
FPDR:0.24493241676175634
F1:0.7581788756335087
BACC:0.0
CLSFE:0.13733333333333334
MCC:0.5164730712301925
GMEAN:0.7459664557270499
SAMPLES:1500.0
AUC:{'AUC macro OVO': 0.7550675832382436}
AVGP:{'avg_precision': 0.9071470822953297}


METRICS_PER_CLASSES
CLASS:0
ACC:0.8626666666666667
PREC:0.5900383141762452
REC:0.6086956521739131
TNR:0.9141940657578188
FPR:0.4099616858237548
FPDR:0.4099616858237548
F1:0.5992217898832685
BACC:0
CLSFE:0.4099616858237548
MCC:0.5164730712301925
GMEAN:0.7459664557270499
SAMPLES:261
AUC:{}
AVGP:{}
CLASS:1
ACC:0.8626666666666667
PREC:0.9200968523002422
REC:0.9141940657578188
TNR:0.6086956521739131
FPR:0.07990314769975787
FPDR:0.07990314769975787
F1:0.917135961383749
BACC:0
CLSFE:0.07990314769975787
MCC:0.5164730712301925
GMEAN:0.7459664557270499
SAMPLES:1239
AUC:{}
AVGP:{}
