

GENERAL_METRICS
ACC:0.9304
PREC:0.5548849391164761
REC:0.6633044243338361
TNR:0.6633044243338361
FPR:0.445115060883524
FPDR:0.445115060883524
F1:0.5752799247025007
BACC:0.0
CLSFE:0.0696
MCC:0.18934575133351964
GMEAN:0.6019179167308853
SAMPLES:3750.0
AUC:{'AUC macro OVO': 0.5548849391164761}
AVGP:{'avg_precision': 0.9419004825083725}


METRICS_PER_CLASSES
CLASS:0
ACC:0.9304
PREC:0.12345679012345678
REC:0.38461538461538464
TNR:0.9419934640522876
FPR:0.8765432098765432
FPDR:0.8765432098765432
F1:0.18691588785046728
BACC:0
CLSFE:0.8765432098765432
MCC:0.18934575133351964
GMEAN:0.6019179167308853
SAMPLES:243
AUC:{}
AVGP:{}
CLASS:1
ACC:0.9304
PREC:0.9863130881094953
REC:0.9419934640522876
TNR:0.38461538461538464
FPR:0.013686911890504704
FPDR:0.013686911890504704
F1:0.963643961554534
BACC:0
CLSFE:0.013686911890504704
MCC:0.18934575133351964
GMEAN:0.6019179167308853
SAMPLES:3507
AUC:{}
AVGP:{}
