

GENERAL_METRICS
ACC:0.9304
PREC:0.5473873347609999
REC:0.6513277143375023
TNR:0.6513277143375023
FPR:0.4526126652390002
FPDR:0.4526126652390002
F1:0.5649093077623736
BACC:0.0
CLSFE:0.0696
MCC:0.16936371580628692
GMEAN:0.5830970028012924
SAMPLES:3750.0
AUC:{'AUC macro OVO': 0.5473873347609998}
AVGP:{'avg_precision': 0.9414681405121392}


METRICS_PER_CLASSES
CLASS:0
ACC:0.9304
PREC:0.1078838174273859
REC:0.3611111111111111
TNR:0.9415443175638935
FPR:0.8921161825726142
FPDR:0.8921161825726142
F1:0.16613418530351437
BACC:0
CLSFE:0.8921161825726142
MCC:0.16936371580628692
GMEAN:0.5830970028012924
SAMPLES:241
AUC:{}
AVGP:{}
CLASS:1
ACC:0.9304
PREC:0.9868908520946138
REC:0.9415443175638935
TNR:0.3611111111111111
FPR:0.01310914790538615
FPDR:0.01310914790538615
F1:0.9636844302212327
BACC:0
CLSFE:0.01310914790538615
MCC:0.16936371580628692
GMEAN:0.5830970028012924
SAMPLES:3509
AUC:{}
AVGP:{}
