

GENERAL_METRICS
ACC:0.936
PREC:0.5496729484407687
REC:0.671019153525256
TNR:0.671019153525256
FPR:0.4503270515592313
FPDR:0.4503270515592313
F1:0.5695633459275911
BACC:0.0
CLSFE:0.064
MCC:0.18433692625672105
GMEAN:0.612441416124489
SAMPLES:3750.0
AUC:{'AUC macro OVO': 0.5496729484407686}
AVGP:{'avg_precision': 0.9451509297382514}


METRICS_PER_CLASSES
CLASS:0
ACC:0.936
PREC:0.11013215859030837
REC:0.3968253968253968
TNR:0.9452129102251152
FPR:0.8898678414096917
FPDR:0.8898678414096917
F1:0.1724137931034483
BACC:0
CLSFE:0.8898678414096917
MCC:0.18433692625672105
GMEAN:0.612441416124489
SAMPLES:227
AUC:{}
AVGP:{}
CLASS:1
ACC:0.936
PREC:0.989213738291229
REC:0.9452129102251152
TNR:0.3968253968253968
FPR:0.010786261708770934
FPDR:0.010786261708770934
F1:0.9667128987517337
BACC:0
CLSFE:0.010786261708770934
MCC:0.18433692625672105
GMEAN:0.612441416124489
SAMPLES:3523
AUC:{}
AVGP:{}
