

GENERAL_METRICS
ACC:0.9264
PREC:0.5505811534032072
REC:0.6851989653095213
TNR:0.6851989653095213
FPR:0.44941884659679276
FPDR:0.44941884659679276
F1:0.5700227327111749
BACC:0.0
CLSFE:0.0736
MCC:0.19357249055003814
GMEAN:0.6378003374109127
SAMPLES:3750.0
AUC:{'AUC macro OVO': 0.5505811534032072}
AVGP:{'avg_precision': 0.9355390091025428}


METRICS_PER_CLASSES
CLASS:0
ACC:0.9264
PREC:0.11235955056179775
REC:0.43478260869565216
TNR:0.9356153219233904
FPR:0.8876404494382022
FPDR:0.8876404494382022
F1:0.17857142857142858
BACC:0
CLSFE:0.8876404494382022
MCC:0.19357249055003814
GMEAN:0.6378003374109127
SAMPLES:267
AUC:{}
AVGP:{}
CLASS:1
ACC:0.9264
PREC:0.9888027562446167
REC:0.9356153219233904
TNR:0.43478260869565216
FPR:0.01119724375538329
FPDR:0.01119724375538329
F1:0.9614740368509213
BACC:0
CLSFE:0.01119724375538329
MCC:0.19357249055003814
GMEAN:0.6378003374109127
SAMPLES:3483
AUC:{}
AVGP:{}
