

GENERAL_METRICS
ACC:0.9305
PREC:0.4987938890377915
REC:0.46629917313956404
TNR:0.46629917313956404
FPR:0.5012061109622086
FPDR:0.5012061109622086
F1:0.481999481999482
BACC:0.0
CLSFE:0.0695
MCC:-0.012750990034011207
GMEAN:0.0
SAMPLES:4000.0
AUC:{'AUC macro OVO': 0.4987938890377915}
AVGP:{'avg_precision': 0.9325987121015584}


METRICS_PER_CLASSES
CLASS:0
ACC:0.9305
PREC:0.0
REC:0.0
TNR:0.9325983462791281
FPR:1.0
FPDR:1.0
F1:0.0
BACC:0
CLSFE:1.0
MCC:-0.012750990034011207
GMEAN:0
SAMPLES:269
AUC:{}
AVGP:{}
CLASS:1
ACC:0.9305
PREC:0.997587778075583
REC:0.9325983462791281
TNR:0.0
FPR:0.0024122219244170464
FPDR:0.0024122219244170464
F1:0.963998963998964
BACC:0
CLSFE:0.0024122219244170464
MCC:-0.012750990034011207
GMEAN:0
SAMPLES:3731
AUC:{}
AVGP:{}
