

GENERAL_METRICS
ACC:0.9305
PREC:0.4985266541655505
REC:0.46653296565555274
TNR:0.46653296565555274
FPR:0.5014733458344495
FPDR:0.5014733458344495
F1:0.481999481999482
BACC:0.0
CLSFE:0.0695
MCC:-0.01404400450623252
GMEAN:0.0
SAMPLES:4000.0
AUC:{'AUC macro OVO': 0.4985266541655505}
AVGP:{'avg_precision': 0.9330664737047776}


METRICS_PER_CLASSES
CLASS:0
ACC:0.9305
PREC:0.0
REC:0.0
TNR:0.9330659313111055
FPR:1.0
FPDR:1.0
F1:0.0
BACC:0
CLSFE:1.0
MCC:-0.01404400450623252
GMEAN:0
SAMPLES:267
AUC:{}
AVGP:{}
CLASS:1
ACC:0.9305
PREC:0.997053308331101
REC:0.9330659313111055
TNR:0.0
FPR:0.0029466916688990086
FPDR:0.0029466916688990086
F1:0.963998963998964
BACC:0
CLSFE:0.0029466916688990086
MCC:-0.01404400450623252
GMEAN:0
SAMPLES:3733
AUC:{}
AVGP:{}
