

GENERAL_METRICS
ACC:0.93075
PREC:0.49772727272727274
REC:0.4673612854632187
TNR:0.4673612854632187
FPR:0.5022727272727273
FPDR:0.5022727272727273
F1:0.4820665544477535
BACC:0.0
CLSFE:0.06925
MCC:-0.0172254342963541
GMEAN:0.0
SAMPLES:4000.0
AUC:{'AUC macro OVO': 0.49772727272727274}
AVGP:{'avg_precision': 0.9347238319676808}


METRICS_PER_CLASSES
CLASS:0
ACC:0.93075
PREC:0.0
REC:0.0
TNR:0.9347225709264374
FPR:1.0
FPDR:1.0
F1:0.0
BACC:0
CLSFE:1.0
MCC:-0.0172254342963541
GMEAN:0
SAMPLES:260
AUC:{}
AVGP:{}
CLASS:1
ACC:0.93075
PREC:0.9954545454545455
REC:0.9347225709264374
TNR:0.0
FPR:0.004545454545454545
FPDR:0.004545454545454545
F1:0.964133108895507
BACC:0
CLSFE:0.004545454545454545
MCC:-0.0172254342963541
GMEAN:0
SAMPLES:3740
AUC:{}
AVGP:{}
