

GENERAL_METRICS
ACC:0.93775
PREC:0.4982731137088204
REC:0.47040381239026835
TNR:0.47040381239026835
FPR:0.5017268862911796
FPDR:0.5017268862911796
F1:0.4839375564443298
BACC:0.0
CLSFE:0.06225
MCC:-0.014298146824595832
GMEAN:0.0
SAMPLES:4000.0
AUC:{'AUC macro OVO': 0.4982731137088204}
AVGP:{'avg_precision': 0.9408082892007953}


METRICS_PER_CLASSES
CLASS:0
ACC:0.93775
PREC:0.0
REC:0.0
TNR:0.9408076247805367
FPR:1.0
FPDR:1.0
F1:0.0
BACC:0
CLSFE:1.0
MCC:-0.014298146824595832
GMEAN:0
SAMPLES:236
AUC:{}
AVGP:{}
CLASS:1
ACC:0.93775
PREC:0.9965462274176408
REC:0.9408076247805367
TNR:0.0
FPR:0.0034537725823591925
FPDR:0.0034537725823591925
F1:0.9678751128886596
BACC:0
CLSFE:0.0034537725823591925
MCC:-0.014298146824595832
GMEAN:0
SAMPLES:3764
AUC:{}
AVGP:{}
