

GENERAL_METRICS
ACC:0.7866666666666666
PREC:0.763685189010535
REC:0.7528223410576351
TNR:0.7528223410576351
FPR:0.236314810989465
FPDR:0.236314810989465
F1:0.7575267730854718
BACC:0.0
CLSFE:0.21333333333333335
MCC:0.5163932872835141
GMEAN:0.7453559924999299
SAMPLES:750.0
AUC:{'AUC macro OVO': 0.7636851890105351}
AVGP:{'avg_precision': 0.8285417279592037}


METRICS_PER_CLASSES
CLASS:0
ACC:0.7866666666666666
PREC:0.7021276595744681
REC:0.6470588235294118
TNR:0.8585858585858586
FPR:0.2978723404255319
FPDR:0.2978723404255319
F1:0.673469387755102
BACC:0
CLSFE:0.2978723404255319
MCC:0.5163932872835141
GMEAN:0.7453559924999299
SAMPLES:235
AUC:{}
AVGP:{}
CLASS:1
ACC:0.7866666666666666
PREC:0.8252427184466019
REC:0.8585858585858586
TNR:0.6470588235294118
FPR:0.17475728155339806
FPDR:0.17475728155339806
F1:0.8415841584158416
BACC:0
CLSFE:0.17475728155339806
MCC:0.5163932872835141
GMEAN:0.7453559924999299
SAMPLES:515
AUC:{}
AVGP:{}
