

GENERAL_METRICS
ACC:0.812
PREC:0.7889345626414592
REC:0.7794810086847337
TNR:0.7794810086847337
FPR:0.21106543735854083
FPDR:0.21106543735854083
F1:0.7837684205791122
BACC:0.0
CLSFE:0.188
MCC:0.5683369529105683
GMEAN:0.7736369808181086
SAMPLES:750.0
AUC:{'AUC macro OVO': 0.7889345626414592}
AVGP:{'avg_precision': 0.8470321545629695}


METRICS_PER_CLASSES
CLASS:0
ACC:0.812
PREC:0.728448275862069
REC:0.6842105263157895
TNR:0.8747514910536779
FPR:0.27155172413793105
FPDR:0.27155172413793105
F1:0.7056367432150313
BACC:0
CLSFE:0.27155172413793105
MCC:0.5683369529105683
GMEAN:0.7736369808181086
SAMPLES:232
AUC:{}
AVGP:{}
CLASS:1
ACC:0.812
PREC:0.8494208494208494
REC:0.8747514910536779
TNR:0.6842105263157895
FPR:0.15057915057915058
FPDR:0.15057915057915058
F1:0.861900097943193
BACC:0
CLSFE:0.15057915057915058
MCC:0.5683369529105683
GMEAN:0.7736369808181086
SAMPLES:518
AUC:{}
AVGP:{}
