

GENERAL_METRICS
ACC:0.776
PREC:0.7603270495951417
REC:0.7516510731975785
TNR:0.7516510731975785
FPR:0.2396729504048583
FPDR:0.2396729504048583
F1:0.7553284036537625
BACC:0.0
CLSFE:0.224
MCC:0.5119046060077078
GMEAN:0.7459710573762893
SAMPLES:750.0
AUC:{'AUC macro OVO': 0.7603270495951417}
AVGP:{'avg_precision': 0.808638480329353}


METRICS_PER_CLASSES
CLASS:0
ACC:0.776
PREC:0.7109375
REC:0.6594202898550725
TNR:0.8438818565400844
FPR:0.2890625
FPDR:0.2890625
F1:0.6842105263157895
BACC:0
CLSFE:0.2890625
MCC:0.5119046060077078
GMEAN:0.7459710573762893
SAMPLES:256
AUC:{}
AVGP:{}
CLASS:1
ACC:0.776
PREC:0.8097165991902834
REC:0.8438818565400844
TNR:0.6594202898550725
FPR:0.1902834008097166
FPDR:0.1902834008097166
F1:0.8264462809917356
BACC:0
CLSFE:0.1902834008097166
MCC:0.5119046060077078
GMEAN:0.7459710573762893
SAMPLES:494
AUC:{}
AVGP:{}
