

GENERAL_METRICS
ACC:0.8106666666666666
PREC:0.7864471173922656
REC:0.7815777400375077
TNR:0.7815777400375077
FPR:0.21355288260773445
FPDR:0.21355288260773445
F1:0.7838897411546983
BACC:0.0
CLSFE:0.18933333333333333
MCC:0.5680039857450748
GMEAN:0.7769176698149893
SAMPLES:750.0
AUC:{'AUC macro OVO': 0.7864471173922655}
AVGP:{'avg_precision': 0.8395781864585481}


METRICS_PER_CLASSES
CLASS:0
ACC:0.8106666666666666
PREC:0.7196652719665272
REC:0.6963562753036437
TNR:0.8667992047713717
FPR:0.2803347280334728
FPDR:0.2803347280334728
F1:0.7078189300411523
BACC:0
CLSFE:0.2803347280334728
MCC:0.5680039857450748
GMEAN:0.7769176698149893
SAMPLES:239
AUC:{}
AVGP:{}
CLASS:1
ACC:0.8106666666666666
PREC:0.8532289628180039
REC:0.8667992047713717
TNR:0.6963562753036437
FPR:0.14677103718199608
FPDR:0.14677103718199608
F1:0.8599605522682445
BACC:0
CLSFE:0.14677103718199608
MCC:0.5680039857450748
GMEAN:0.7769176698149893
SAMPLES:511
AUC:{}
AVGP:{}
