

GENERAL_METRICS
ACC:0.9190769230769231
PREC:0.5952627571264733
REC:0.6895234291799788
TNR:0.6895234291799788
FPR:0.40473724287352675
FPDR:0.40473724287352675
F1:0.6221830592143794
BACC:0.0
CLSFE:0.08092307692307692
MCC:0.26873425091527625
GMEAN:0.64343576576418
SAMPLES:3250.0
AUC:{'AUC macro OVO': 0.5952627571264733}
AVGP:{'avg_precision': 0.9370677279769691}


METRICS_PER_CLASSES
CLASS:0
ACC:0.9190769230769231
PREC:0.21285140562248997
REC:0.44166666666666665
TNR:0.9373801916932908
FPR:0.7871485943775101
FPDR:0.7871485943775101
F1:0.2872628726287263
BACC:0
CLSFE:0.7871485943775101
MCC:0.26873425091527625
GMEAN:0.64343576576418
SAMPLES:249
AUC:{}
AVGP:{}
CLASS:1
ACC:0.9190769230769231
PREC:0.9776741086304566
REC:0.9373801916932908
TNR:0.44166666666666665
FPR:0.022325891369543487
FPDR:0.022325891369543487
F1:0.9571032458000326
BACC:0
CLSFE:0.022325891369543487
MCC:0.26873425091527625
GMEAN:0.64343576576418
SAMPLES:3001
AUC:{}
AVGP:{}
