

GENERAL_METRICS
ACC:0.9067692307692308
PREC:0.5780909358735147
REC:0.6333440652500536
TNR:0.6333440652500536
FPR:0.4219090641264853
FPDR:0.4219090641264853
F1:0.595468757124741
BACC:0.0
CLSFE:0.09323076923076923
MCC:0.20408785214760528
GMEAN:0.557779764532793
SAMPLES:3250.0
AUC:{'AUC macro OVO': 0.5780909358735147}
AVGP:{'avg_precision': 0.9329760431700066}


METRICS_PER_CLASSES
CLASS:0
ACC:0.9067692307692308
PREC:0.18823529411764706
REC:0.3333333333333333
TNR:0.9333547971667739
FPR:0.8117647058823529
FPDR:0.8117647058823529
F1:0.24060150375939848
BACC:0
CLSFE:0.8117647058823529
MCC:0.20408785214760528
GMEAN:0.557779764532793
SAMPLES:255
AUC:{}
AVGP:{}
CLASS:1
ACC:0.9067692307692308
PREC:0.9679465776293823
REC:0.9333547971667739
TNR:0.3333333333333333
FPR:0.032053422370617694
FPDR:0.032053422370617694
F1:0.9503360104900835
BACC:0
CLSFE:0.032053422370617694
MCC:0.20408785214760528
GMEAN:0.557779764532793
SAMPLES:2995
AUC:{}
AVGP:{}
