

GENERAL_METRICS
ACC:0.9067692307692308
PREC:0.5687015285157921
REC:0.644362395706679
TNR:0.644362395706679
FPR:0.4312984714842079
FPDR:0.4312984714842079
F1:0.5877324931267816
BACC:0.0
CLSFE:0.09323076923076923
MCC:0.1991774811091903
GMEAN:0.5785442327137335
SAMPLES:3250.0
AUC:{'AUC macro OVO': 0.5687015285157921}
AVGP:{'avg_precision': 0.927785462232674}


METRICS_PER_CLASSES
CLASS:0
ACC:0.9067692307692308
PREC:0.16356877323420074
REC:0.36065573770491804
TNR:0.92806905370844
FPR:0.8364312267657993
FPDR:0.8364312267657993
F1:0.22506393861892582
BACC:0
CLSFE:0.8364312267657993
MCC:0.1991774811091903
GMEAN:0.5785442327137335
SAMPLES:269
AUC:{}
AVGP:{}
CLASS:1
ACC:0.9067692307692308
PREC:0.9738342837973835
REC:0.92806905370844
TNR:0.36065573770491804
FPR:0.02616571620261657
FPDR:0.02616571620261657
F1:0.9504010476346374
BACC:0
CLSFE:0.02616571620261657
MCC:0.1991774811091903
GMEAN:0.5785442327137335
SAMPLES:2981
AUC:{}
AVGP:{}
