

GENERAL_METRICS
ACC:0.9046153846153846
PREC:0.5733346427051622
REC:0.6227854983437139
TNR:0.6227854983437139
FPR:0.4266653572948378
FPDR:0.4266653572948378
F1:0.5890096908047496
BACC:0.0
CLSFE:0.09538461538461539
MCC:0.18978335701964535
GMEAN:0.5402299083798598
SAMPLES:3250.0
AUC:{'AUC macro OVO': 0.5733346427051622}
AVGP:{'avg_precision': 0.932271254374601}


METRICS_PER_CLASSES
CLASS:0
ACC:0.9046153846153846
PREC:0.1803921568627451
REC:0.3129251700680272
TNR:0.9326458266194005
FPR:0.8196078431372549
FPDR:0.8196078431372549
F1:0.22885572139303484
BACC:0
CLSFE:0.8196078431372549
MCC:0.18978335701964535
GMEAN:0.5402299083798598
SAMPLES:255
AUC:{}
AVGP:{}
CLASS:1
ACC:0.9046153846153846
PREC:0.9662771285475793
REC:0.9326458266194005
TNR:0.3129251700680272
FPR:0.0337228714524207
FPDR:0.0337228714524207
F1:0.9491636602164644
BACC:0
CLSFE:0.0337228714524207
MCC:0.18978335701964535
GMEAN:0.5402299083798598
SAMPLES:2995
AUC:{}
AVGP:{}
