

GENERAL_METRICS
ACC:0.9153846153846154
PREC:0.5733880330102608
REC:0.6395234291799787
TNR:0.6395234291799787
FPR:0.42661196698973924
FPDR:0.42661196698973924
F1:0.5924627379846615
BACC:0.0
CLSFE:0.08461538461538462
MCC:0.2023793470328932
GMEAN:0.565925406299459
SAMPLES:3250.0
AUC:{'AUC macro OVO': 0.5733880330102608}
AVGP:{'avg_precision': 0.9371100429310295}


METRICS_PER_CLASSES
CLASS:0
ACC:0.9153846153846154
PREC:0.1729957805907173
REC:0.3416666666666667
TNR:0.9373801916932908
FPR:0.8270042194092827
FPDR:0.8270042194092827
F1:0.22969187675070027
BACC:0
CLSFE:0.8270042194092827
MCC:0.2023793470328932
GMEAN:0.565925406299459
SAMPLES:237
AUC:{}
AVGP:{}
CLASS:1
ACC:0.9153846153846154
PREC:0.9737802854298042
REC:0.9373801916932908
TNR:0.3416666666666667
FPR:0.02621971457019582
FPDR:0.02621971457019582
F1:0.9552335992186228
BACC:0
CLSFE:0.02621971457019582
MCC:0.2023793470328932
GMEAN:0.565925406299459
SAMPLES:3013
AUC:{}
AVGP:{}
