

GENERAL_METRICS
ACC:0.9086153846153846
PREC:0.5697022275969644
REC:0.6238216810683426
TNR:0.6238216810683426
FPR:0.4302977724030355
FPDR:0.4302977724030355
F1:0.5859675491209129
BACC:0.0
CLSFE:0.09138461538461538
MCC:0.18580255106175858
GMEAN:0.5411212937197069
SAMPLES:3250.0
AUC:{'AUC macro OVO': 0.5697022275969645}
AVGP:{'avg_precision': 0.933897716318769}


METRICS_PER_CLASSES
CLASS:0
ACC:0.9086153846153846
PREC:0.1700404858299595
REC:0.31343283582089554
TNR:0.9342105263157895
FPR:0.8299595141700404
FPDR:0.8299595141700404
F1:0.2204724409448819
BACC:0
CLSFE:0.8299595141700404
MCC:0.18580255106175858
GMEAN:0.5411212937197069
SAMPLES:247
AUC:{}
AVGP:{}
CLASS:1
ACC:0.9086153846153846
PREC:0.9693639693639694
REC:0.9342105263157895
TNR:0.31343283582089554
FPR:0.030636030636030636
FPDR:0.030636030636030636
F1:0.9514626572969439
BACC:0
CLSFE:0.030636030636030636
MCC:0.18580255106175858
GMEAN:0.5411212937197069
SAMPLES:3003
AUC:{}
AVGP:{}
