

GENERAL_METRICS
ACC:0.9101538461538462
PREC:0.5625296292784678
REC:0.6497842380195322
TNR:0.6497842380195322
FPR:0.4374703707215322
FPDR:0.4374703707215322
F1:0.5815881133988802
BACC:0.0
CLSFE:0.08984615384615384
MCC:0.19355570645288792
GMEAN:0.5871436611727372
SAMPLES:3250.0
AUC:{'AUC macro OVO': 0.5625296292784677}
AVGP:{'avg_precision': 0.9279259105850889}


METRICS_PER_CLASSES
CLASS:0
ACC:0.9101538461538462
PREC:0.1471698113207547
REC:0.37142857142857144
TNR:0.9281399046104929
FPR:0.8528301886792453
FPDR:0.8528301886792453
F1:0.21081081081081082
BACC:0
CLSFE:0.8528301886792453
MCC:0.19355570645288792
GMEAN:0.5871436611727372
SAMPLES:265
AUC:{}
AVGP:{}
CLASS:1
ACC:0.9101538461538462
PREC:0.9778894472361809
REC:0.9281399046104929
TNR:0.37142857142857144
FPR:0.022110552763819097
FPDR:0.022110552763819097
F1:0.9523654159869495
BACC:0
CLSFE:0.022110552763819097
MCC:0.19355570645288792
GMEAN:0.5871436611727372
SAMPLES:2985
AUC:{}
AVGP:{}
