

GENERAL_METRICS
ACC:0.9107692307692308
PREC:0.5856427378964941
REC:0.6533655661096274
TNR:0.6533655661096274
FPR:0.4143572621035059
FPDR:0.4143572621035059
F1:0.606362682597597
BACC:0.0
CLSFE:0.08923076923076922
MCC:0.22921297503129498
GMEAN:0.5898031731772772
SAMPLES:3250.0
AUC:{'AUC macro OVO': 0.5856427378964941}
AVGP:{'avg_precision': 0.9340970826574275}


METRICS_PER_CLASSES
CLASS:0
ACC:0.9107692307692308
PREC:0.2
REC:0.3722627737226277
TNR:0.934468358496627
FPR:0.8
FPDR:0.8
F1:0.2602040816326531
BACC:0
CLSFE:0.8
MCC:0.22921297503129498
GMEAN:0.5898031731772772
SAMPLES:255
AUC:{}
AVGP:{}
CLASS:1
ACC:0.9107692307692308
PREC:0.9712854757929883
REC:0.934468358496627
TNR:0.3722627737226277
FPR:0.028714524207011687
FPDR:0.028714524207011687
F1:0.952521283562541
BACC:0
CLSFE:0.028714524207011687
MCC:0.22921297503129498
GMEAN:0.5898031731772772
SAMPLES:2995
AUC:{}
AVGP:{}
