

GENERAL_METRICS
ACC:0.888
PREC:0.6024568611915496
REC:0.6658156028368793
TNR:0.6658156028368793
FPR:0.3975431388084504
FPDR:0.3975431388084504
F1:0.6230040758645055
BACC:0.0
CLSFE:0.112
MCC:0.260683303671342
GMEAN:0.6160869423769472
SAMPLES:2500.0
AUC:{'AUC macro OVO': 0.6024568611915496}
AVGP:{'avg_precision': 0.91751825846422}


METRICS_PER_CLASSES
CLASS:0
ACC:0.888
PREC:0.2440944881889764
REC:0.41333333333333333
TNR:0.9182978723404255
FPR:0.7559055118110236
FPDR:0.7559055118110236
F1:0.3069306930693069
BACC:0
CLSFE:0.7559055118110236
MCC:0.260683303671342
GMEAN:0.6160869423769472
SAMPLES:254
AUC:{}
AVGP:{}
CLASS:1
ACC:0.888
PREC:0.9608192341941229
REC:0.9182978723404255
TNR:0.41333333333333333
FPR:0.039180765805877114
FPDR:0.039180765805877114
F1:0.939077458659704
BACC:0
CLSFE:0.039180765805877114
MCC:0.260683303671342
GMEAN:0.6160869423769472
SAMPLES:2246
AUC:{}
AVGP:{}
