

GENERAL_METRICS
ACC:0.8768
PREC:0.5712340142833416
REC:0.6334042500248831
TNR:0.6334042500248831
FPR:0.42876598571665836
FPDR:0.42876598571665836
F1:0.5871676699743293
BACC:0.0
CLSFE:0.1232
MCC:0.19496584574464318
GMEAN:0.5714996058985097
SAMPLES:2500.0
AUC:{'AUC macro OVO': 0.5712340142833416}
AVGP:{'avg_precision': 0.9059481262282519}


METRICS_PER_CLASSES
CLASS:0
ACC:0.8768
PREC:0.1814814814814815
REC:0.3602941176470588
TNR:0.9065143824027073
FPR:0.8185185185185185
FPDR:0.8185185185185185
F1:0.2413793103448276
BACC:0
CLSFE:0.8185185185185185
MCC:0.19496584574464318
GMEAN:0.5714996058985097
SAMPLES:270
AUC:{}
AVGP:{}
CLASS:1
ACC:0.8768
PREC:0.9609865470852018
REC:0.9065143824027073
TNR:0.3602941176470588
FPR:0.039013452914798206
FPDR:0.039013452914798206
F1:0.9329560296038311
BACC:0
CLSFE:0.039013452914798206
MCC:0.19496584574464318
GMEAN:0.5714996058985097
SAMPLES:2230
AUC:{}
AVGP:{}
