

GENERAL_METRICS
ACC:0.8916
PREC:0.5881868446685383
REC:0.663426474345574
TNR:0.663426474345574
FPR:0.4118131553314616
FPDR:0.4118131553314616
F1:0.6093693693693694
BACC:0.0
CLSFE:0.1084
MCC:0.2401005215141359
GMEAN:0.6128866431859712
SAMPLES:2500.0
AUC:{'AUC macro OVO': 0.5881868446685383}
AVGP:{'avg_precision': 0.9168511503376874}


METRICS_PER_CLASSES
CLASS:0
ACC:0.8916
PREC:0.20967741935483872
REC:0.4094488188976378
TNR:0.9174041297935103
FPR:0.7903225806451613
FPDR:0.7903225806451613
F1:0.2773333333333333
BACC:0
CLSFE:0.7903225806451613
MCC:0.2401005215141359
GMEAN:0.6128866431859712
SAMPLES:248
AUC:{}
AVGP:{}
CLASS:1
ACC:0.8916
PREC:0.966696269982238
REC:0.9174041297935103
TNR:0.4094488188976378
FPR:0.03330373001776199
FPDR:0.03330373001776199
F1:0.9414054054054054
BACC:0
CLSFE:0.03330373001776199
MCC:0.2401005215141359
GMEAN:0.6128866431859712
SAMPLES:2252
AUC:{}
AVGP:{}
