

GENERAL_METRICS
ACC:0.8848
PREC:0.5778156251364689
REC:0.6435446398937935
TNR:0.6435446398937935
FPR:0.42218437486353116
FPDR:0.42218437486353116
F1:0.5957336423725045
BACC:0.0
CLSFE:0.1152
MCC:0.21137659178182291
GMEAN:0.584397193400883
SAMPLES:2500.0
AUC:{'AUC macro OVO': 0.5778156251364688}
AVGP:{'avg_precision': 0.9124940060036797}


METRICS_PER_CLASSES
CLASS:0
ACC:0.8848
PREC:0.19215686274509805
REC:0.37404580152671757
TNR:0.9130434782608695
FPR:0.807843137254902
FPDR:0.807843137254902
F1:0.2538860103626943
BACC:0
CLSFE:0.807843137254902
MCC:0.21137659178182291
GMEAN:0.584397193400883
SAMPLES:255
AUC:{}
AVGP:{}
CLASS:1
ACC:0.8848
PREC:0.9634743875278396
REC:0.9130434782608695
TNR:0.37404580152671757
FPR:0.03652561247216036
FPDR:0.03652561247216036
F1:0.9375812743823146
BACC:0
CLSFE:0.03652561247216036
MCC:0.21137659178182291
GMEAN:0.584397193400883
SAMPLES:2245
AUC:{}
AVGP:{}
