

GENERAL_METRICS
ACC:0.738
PREC:0.627274531859988
REC:0.6336413534356979
TNR:0.6336413534356979
FPR:0.37272546814001195
FPDR:0.37272546814001195
F1:0.6301524562394127
BACC:0.0
CLSFE:0.262
MCC:0.2608381927223363
GMEAN:0.6052039315727211
SAMPLES:1000.0
AUC:{'AUC macro OVO': 0.627274531859988}
AVGP:{'avg_precision': 0.8117587798311843}


METRICS_PER_CLASSES
CLASS:0
ACC:0.738
PREC:0.41596638655462187
REC:0.44594594594594594
TNR:0.8213367609254498
FPR:0.5840336134453782
FPDR:0.5840336134453782
F1:0.43043478260869567
BACC:0
CLSFE:0.5840336134453782
MCC:0.2608381927223363
GMEAN:0.6052039315727211
SAMPLES:238
AUC:{}
AVGP:{}
CLASS:1
ACC:0.738
PREC:0.8385826771653543
REC:0.8213367609254498
TNR:0.44594594594594594
FPR:0.16141732283464566
FPDR:0.16141732283464566
F1:0.8298701298701299
BACC:0
CLSFE:0.16141732283464566
MCC:0.2608381927223363
GMEAN:0.6052039315727211
SAMPLES:762
AUC:{}
AVGP:{}
