

GENERAL_METRICS
ACC:0.764
PREC:0.6683832533863817
REC:0.6805734767025089
TNR:0.6805734767025089
FPR:0.3316167466136183
FPDR:0.3316167466136183
F1:0.6737285089392858
BACC:0.0
CLSFE:0.236
MCC:0.34874374249559503
GMEAN:0.6634546276956342
SAMPLES:1000.0
AUC:{'AUC macro OVO': 0.6683832533863817}
AVGP:{'avg_precision': 0.8207888836390189}


METRICS_PER_CLASSES
CLASS:0
ACC:0.764
PREC:0.4779116465863454
REC:0.5288888888888889
TNR:0.832258064516129
FPR:0.5220883534136547
FPDR:0.5220883534136547
F1:0.5021097046413502
BACC:0
CLSFE:0.5220883534136547
MCC:0.34874374249559503
GMEAN:0.6634546276956342
SAMPLES:249
AUC:{}
AVGP:{}
CLASS:1
ACC:0.764
PREC:0.8588548601864181
REC:0.832258064516129
TNR:0.5288888888888889
FPR:0.1411451398135819
FPDR:0.1411451398135819
F1:0.8453473132372215
BACC:0
CLSFE:0.1411451398135819
MCC:0.34874374249559503
GMEAN:0.6634546276956342
SAMPLES:751
AUC:{}
AVGP:{}
