

GENERAL_METRICS
ACC:0.771
PREC:0.6738851516382106
REC:0.6668266516092602
TNR:0.6668266516092602
FPR:0.3261148483617894
FPDR:0.3261148483617894
F1:0.6701196068517166
BACC:0.0
CLSFE:0.229
MCC:0.3406386802015952
GMEAN:0.6383119324392243
SAMPLES:1000.0
AUC:{'AUC macro OVO': 0.6738851516382105}
AVGP:{'avg_precision': 0.8478812923985337}


METRICS_PER_CLASSES
CLASS:0
ACC:0.771
PREC:0.5023041474654378
REC:0.47391304347826085
TNR:0.8597402597402597
FPR:0.4976958525345622
FPDR:0.4976958525345622
F1:0.48769574944071586
BACC:0
CLSFE:0.4976958525345622
MCC:0.3406386802015952
GMEAN:0.6383119324392243
SAMPLES:217
AUC:{}
AVGP:{}
CLASS:1
ACC:0.771
PREC:0.8454661558109834
REC:0.8597402597402597
TNR:0.47391304347826085
FPR:0.1545338441890166
FPDR:0.1545338441890166
F1:0.8525434642627173
BACC:0
CLSFE:0.1545338441890166
MCC:0.3406386802015952
GMEAN:0.6383119324392243
SAMPLES:783
AUC:{}
AVGP:{}
