

GENERAL_METRICS
ACC:0.735
PREC:0.6232226407782483
REC:0.6228411053540587
TNR:0.6228411053540587
FPR:0.3767773592217517
FPDR:0.3767773592217517
F1:0.623030690991856
BACC:0.0
CLSFE:0.265
MCC:0.24606345033625882
GMEAN:0.5877270993842333
SAMPLES:1000.0
AUC:{'AUC macro OVO': 0.6232226407782483}
AVGP:{'avg_precision': 0.8193776820006837}


METRICS_PER_CLASSES
CLASS:0
ACC:0.735
PREC:0.4185022026431718
REC:0.4166666666666667
TNR:0.8290155440414507
FPR:0.5814977973568282
FPDR:0.5814977973568282
F1:0.4175824175824176
BACC:0
CLSFE:0.5814977973568282
MCC:0.24606345033625882
GMEAN:0.5877270993842333
SAMPLES:227
AUC:{}
AVGP:{}
CLASS:1
ACC:0.735
PREC:0.8279430789133247
REC:0.8290155440414507
TNR:0.4166666666666667
FPR:0.17205692108667528
FPDR:0.17205692108667528
F1:0.8284789644012945
BACC:0
CLSFE:0.17205692108667528
MCC:0.24606345033625882
GMEAN:0.5877270993842333
SAMPLES:773
AUC:{}
AVGP:{}
