

GENERAL_METRICS
ACC:0.8422857142857143
PREC:0.6207165109034267
REC:0.6612526539278132
TNR:0.6612526539278132
FPR:0.3792834890965732
FPDR:0.3792834890965732
F1:0.6355751122700275
BACC:0.0
CLSFE:0.15771428571428572
MCC:0.27904019607277636
GMEAN:0.6207317098604895
SAMPLES:1750.0
AUC:{'AUC macro OVO': 0.6207165109034267}
AVGP:{'avg_precision': 0.8869132686469432}


METRICS_PER_CLASSES
CLASS:0
ACC:0.8422857142857143
PREC:0.30952380952380953
REC:0.43333333333333335
TNR:0.889171974522293
FPR:0.6904761904761905
FPDR:0.6904761904761905
F1:0.3611111111111111
BACC:0
CLSFE:0.6904761904761905
MCC:0.27904019607277636
GMEAN:0.6207317098604895
SAMPLES:252
AUC:{}
AVGP:{}
CLASS:1
ACC:0.8422857142857143
PREC:0.931909212283044
REC:0.889171974522293
TNR:0.43333333333333335
FPR:0.06809078771695594
FPDR:0.06809078771695594
F1:0.910039113428944
BACC:0
CLSFE:0.06809078771695594
MCC:0.27904019607277636
GMEAN:0.6207317098604895
SAMPLES:1498
AUC:{}
AVGP:{}
