

GENERAL_METRICS
ACC:0.8428571428571429
PREC:0.6293020323394155
REC:0.6654447528886991
TNR:0.6654447528886991
FPR:0.37069796766058444
FPDR:0.37069796766058444
F1:0.6432592869336904
BACC:0.0
CLSFE:0.15714285714285714
MCC:0.29252242846251075
GMEAN:0.6257866732961577
SAMPLES:1750.0
AUC:{'AUC macro OVO': 0.6293020323394156}
AVGP:{'avg_precision': 0.8892073462887522}


METRICS_PER_CLASSES
CLASS:0
ACC:0.8428571428571429
PREC:0.32936507936507936
REC:0.43915343915343913
TNR:0.891736066623959
FPR:0.6706349206349206
FPDR:0.6706349206349206
F1:0.3764172335600907
BACC:0
CLSFE:0.6706349206349206
MCC:0.29252242846251075
GMEAN:0.6257866732961577
SAMPLES:252
AUC:{}
AVGP:{}
CLASS:1
ACC:0.8428571428571429
PREC:0.9292389853137517
REC:0.891736066623959
TNR:0.43915343915343913
FPR:0.07076101468624833
FPDR:0.07076101468624833
F1:0.91010134030729
BACC:0
CLSFE:0.07076101468624833
MCC:0.29252242846251075
GMEAN:0.6257866732961577
SAMPLES:1498
AUC:{}
AVGP:{}
