

GENERAL_METRICS
ACC:0.8382857142857143
PREC:0.616905055353745
REC:0.6466059268749851
TNR:0.6466059268749851
FPR:0.383094944646255
FPDR:0.383094944646255
F1:0.6285462488983893
BACC:0.0
CLSFE:0.16171428571428573
MCC:0.26183180858335176
GMEAN:0.5986017849565609
SAMPLES:1750.0
AUC:{'AUC macro OVO': 0.616905055353745}
AVGP:{'avg_precision': 0.8887162245968896}


METRICS_PER_CLASSES
CLASS:0
ACC:0.8382857142857143
PREC:0.3089430894308943
REC:0.4021164021164021
TNR:0.8910954516335682
FPR:0.6910569105691057
FPDR:0.6910569105691057
F1:0.34942528735632183
BACC:0
CLSFE:0.6910569105691057
MCC:0.26183180858335176
GMEAN:0.5986017849565609
SAMPLES:246
AUC:{}
AVGP:{}
CLASS:1
ACC:0.8382857142857143
PREC:0.9248670212765957
REC:0.8910954516335682
TNR:0.4021164021164021
FPR:0.07513297872340426
FPDR:0.07513297872340426
F1:0.9076672104404567
BACC:0
CLSFE:0.07513297872340426
MCC:0.26183180858335176
GMEAN:0.5986017849565609
SAMPLES:1504
AUC:{}
AVGP:{}
