

GENERAL_METRICS
ACC:0.8565714285714285
PREC:0.648473495079751
REC:0.7009642050490322
TNR:0.7009642050490322
FPR:0.35152650492024895
FPDR:0.35152650492024895
F1:0.6679239063791118
BACC:0.0
CLSFE:0.14342857142857143
MCC:0.34547276540736793
GMEAN:0.6731943762044941
SAMPLES:1750.0
AUC:{'AUC macro OVO': 0.648473495079751}
AVGP:{'avg_precision': 0.8939072236318025}


METRICS_PER_CLASSES
CLASS:0
ACC:0.8565714285714285
PREC:0.3557312252964427
REC:0.5056179775280899
TNR:0.8963104325699746
FPR:0.6442687747035574
FPDR:0.6442687747035574
F1:0.4176334106728538
BACC:0
CLSFE:0.6442687747035574
MCC:0.34547276540736793
GMEAN:0.6731943762044941
SAMPLES:253
AUC:{}
AVGP:{}
CLASS:1
ACC:0.8565714285714285
PREC:0.9412157648630595
REC:0.8963104325699746
TNR:0.5056179775280899
FPR:0.058784235136940546
FPDR:0.058784235136940546
F1:0.9182144020853699
BACC:0
CLSFE:0.058784235136940546
MCC:0.34547276540736793
GMEAN:0.6731943762044941
SAMPLES:1497
AUC:{}
AVGP:{}
