

GENERAL_METRICS
ACC:0.90125
PREC:0.6081449742368343
REC:0.6115207918845081
TNR:0.6115207918845081
FPR:0.39185502576316567
FPDR:0.39185502576316567
F1:0.6097947446267131
BACC:0.0
CLSFE:0.09875
MCC:0.2196398248517012
GMEAN:0.5120119450233005
SAMPLES:4000.0
AUC:{'AUC macro OVO': 0.6081449742368343}
AVGP:{'avg_precision': 0.9451164389917428}


METRICS_PER_CLASSES
CLASS:0
ACC:0.90125
PREC:0.26811594202898553
REC:0.27715355805243447
TNR:0.9458880257165818
FPR:0.7318840579710145
FPDR:0.7318840579710145
F1:0.27255985267034993
BACC:0
CLSFE:0.7318840579710145
MCC:0.2196398248517012
GMEAN:0.5120119450233005
SAMPLES:276
AUC:{}
AVGP:{}
CLASS:1
ACC:0.90125
PREC:0.9481740064446831
REC:0.9458880257165818
TNR:0.27715355805243447
FPR:0.05182599355531686
FPDR:0.05182599355531686
F1:0.9470296365830763
BACC:0
CLSFE:0.05182599355531686
MCC:0.2196398248517012
GMEAN:0.5120119450233005
SAMPLES:3724
AUC:{}
AVGP:{}
