

GENERAL_METRICS
ACC:0.91575
PREC:0.6080230496453901
REC:0.6167202891904415
TNR:0.6167202891904415
FPR:0.39197695035460994
FPDR:0.39197695035460994
F1:0.6121397942556983
BACC:0.0
CLSFE:0.08425
MCC:0.22457499053851349
GMEAN:0.5170384281702113
SAMPLES:4000.0
AUC:{'AUC macro OVO': 0.60802304964539}
AVGP:{'avg_precision': 0.9523521884659343}


METRICS_PER_CLASSES
CLASS:0
ACC:0.91575
PREC:0.25833333333333336
REC:0.28054298642533937
TNR:0.9528975919555438
FPR:0.7416666666666667
FPDR:0.7416666666666667
F1:0.26898047722342733
BACC:0
CLSFE:0.7416666666666667
MCC:0.22457499053851349
GMEAN:0.5170384281702113
SAMPLES:240
AUC:{}
AVGP:{}
CLASS:1
ACC:0.91575
PREC:0.9577127659574468
REC:0.9528975919555438
TNR:0.28054298642533937
FPR:0.04228723404255319
FPDR:0.04228723404255319
F1:0.9552991112879692
BACC:0
CLSFE:0.04228723404255319
MCC:0.22457499053851349
GMEAN:0.5170384281702113
SAMPLES:3760
AUC:{}
AVGP:{}
