

GENERAL_METRICS
ACC:0.91275
PREC:0.5987151070983185
REC:0.619959255643442
TNR:0.619959255643442
FPR:0.40128489290168146
FPDR:0.40128489290168146
F1:0.607895016980449
BACC:0.0
CLSFE:0.08725
MCC:0.2176399850053014
GMEAN:0.5263924580992918
SAMPLES:4000.0
AUC:{'AUC macro OVO': 0.5987151070983185}
AVGP:{'avg_precision': 0.9469555574916976}


METRICS_PER_CLASSES
CLASS:0
ACC:0.91275
PREC:0.23754789272030652
REC:0.29245283018867924
TNR:0.9474656810982048
FPR:0.7624521072796935
FPDR:0.7624521072796935
F1:0.26215644820295986
BACC:0
CLSFE:0.7624521072796935
MCC:0.2176399850053014
GMEAN:0.5263924580992918
SAMPLES:261
AUC:{}
AVGP:{}
CLASS:1
ACC:0.91275
PREC:0.9598823214763306
REC:0.9474656810982048
TNR:0.29245283018867924
FPR:0.04011767852366943
FPDR:0.04011767852366943
F1:0.9536335857579381
BACC:0
CLSFE:0.04011767852366943
MCC:0.2176399850053014
GMEAN:0.5263924580992918
SAMPLES:3739
AUC:{}
AVGP:{}
