

GENERAL_METRICS
ACC:0.917
PREC:0.6130191049073346
REC:0.6216421064731387
TNR:0.6216421064731387
FPR:0.3869808950926654
FPDR:0.3869808950926654
F1:0.6171145196632453
BACC:0.0
CLSFE:0.083
MCC:0.23450272486806478
GMEAN:0.5255303418141729
SAMPLES:4000.0
AUC:{'AUC macro OVO': 0.6130191049073346}
AVGP:{'avg_precision': 0.9531303498447422}


METRICS_PER_CLASSES
CLASS:0
ACC:0.917
PREC:0.26778242677824265
REC:0.2895927601809955
TNR:0.9536914527652818
FPR:0.7322175732217573
FPDR:0.7322175732217573
F1:0.2782608695652174
BACC:0
CLSFE:0.7322175732217573
MCC:0.23450272486806478
GMEAN:0.5255303418141729
SAMPLES:239
AUC:{}
AVGP:{}
CLASS:1
ACC:0.917
PREC:0.9582557830364264
REC:0.9536914527652818
TNR:0.2895927601809955
FPR:0.04174421696357352
FPDR:0.04174421696357352
F1:0.9559681697612732
BACC:0
CLSFE:0.04174421696357352
MCC:0.23450272486806478
GMEAN:0.5255303418141729
SAMPLES:3761
AUC:{}
AVGP:{}
