

GENERAL_METRICS
ACC:0.844
PREC:0.6302147344186035
REC:0.6311552726555614
TNR:0.6311552726555614
FPR:0.36978526558139646
FPDR:0.36978526558139646
F1:0.6306818181818181
BACC:0.0
CLSFE:0.156
MCC:0.2613683148083827
GMEAN:0.5658003301645945
SAMPLES:2000.0
AUC:{'AUC macro OVO': 0.6302147344186035}
AVGP:{'avg_precision': 0.9080839458238462}


METRICS_PER_CLASSES
CLASS:0
ACC:0.844
PREC:0.34854771784232363
REC:0.3514644351464435
TNR:0.9108461101646792
FPR:0.6514522821576764
FPDR:0.6514522821576764
F1:0.35
BACC:0
CLSFE:0.6514522821576764
MCC:0.2613683148083827
GMEAN:0.5658003301645945
SAMPLES:241
AUC:{}
AVGP:{}
CLASS:1
ACC:0.844
PREC:0.9118817509948834
REC:0.9108461101646792
TNR:0.3514644351464435
FPR:0.08811824900511654
FPDR:0.08811824900511654
F1:0.9113636363636364
BACC:0
CLSFE:0.08811824900511654
MCC:0.2613683148083827
GMEAN:0.5658003301645945
SAMPLES:1759
AUC:{}
AVGP:{}
