

GENERAL_METRICS
ACC:0.9297142857142857
PREC:0.5640868767207097
REC:0.6747478686642184
TNR:0.6747478686642184
FPR:0.43591312327929027
FPDR:0.43591312327929027
F1:0.5873780824438719
BACC:0.0
CLSFE:0.07028571428571428
MCC:0.2116510818898929
GMEAN:0.6195270486765698
SAMPLES:3500.0
AUC:{'AUC macro OVO': 0.5640868767207098}
AVGP:{'avg_precision': 0.9419695658230762}


METRICS_PER_CLASSES
CLASS:0
ACC:0.9297142857142857
PREC:0.14285714285714285
REC:0.4074074074074074
TNR:0.9420883299210295
FPR:0.8571428571428571
FPDR:0.8571428571428571
F1:0.21153846153846154
BACC:0
CLSFE:0.8571428571428571
MCC:0.2116510818898929
GMEAN:0.6195270486765698
SAMPLES:231
AUC:{}
AVGP:{}
CLASS:1
ACC:0.9297142857142857
PREC:0.9853166105842766
REC:0.9420883299210295
TNR:0.4074074074074074
FPR:0.014683389415723462
FPDR:0.014683389415723462
F1:0.9632177033492823
BACC:0
CLSFE:0.014683389415723462
MCC:0.2116510818898929
GMEAN:0.6195270486765698
SAMPLES:3269
AUC:{}
AVGP:{}
