

GENERAL_METRICS
ACC:0.9251428571428572
PREC:0.5791059394662039
REC:0.7155719024302187
TNR:0.7155719024302187
FPR:0.4208940605337961
FPDR:0.4208940605337961
F1:0.608135734602341
BACC:0.0
CLSFE:0.07485714285714286
MCC:0.26117440812039217
GMEAN:0.6805679913387507
SAMPLES:3500.0
AUC:{'AUC macro OVO': 0.5791059394662039}
AVGP:{'avg_precision': 0.9364791106048307}


METRICS_PER_CLASSES
CLASS:0
ACC:0.9251428571428572
PREC:0.1724137931034483
REC:0.4945054945054945
TNR:0.9366383103549428
FPR:0.8275862068965517
FPDR:0.8275862068965517
F1:0.2556818181818182
BACC:0
CLSFE:0.8275862068965517
MCC:0.26117440812039217
GMEAN:0.6805679913387507
SAMPLES:261
AUC:{}
AVGP:{}
CLASS:1
ACC:0.9251428571428572
PREC:0.9857980858289596
REC:0.9366383103549428
TNR:0.4945054945054945
FPR:0.014201914171040445
FPDR:0.014201914171040445
F1:0.960589651022864
BACC:0
CLSFE:0.014201914171040445
MCC:0.26117440812039217
GMEAN:0.6805679913387507
SAMPLES:3239
AUC:{}
AVGP:{}
