

GENERAL_METRICS
ACC:0.9177142857142857
PREC:0.5445024391908028
REC:0.604608270294833
TNR:0.604608270294833
FPR:0.45549756080919723
FPDR:0.45549756080919723
F1:0.5573192518695357
BACC:0.0
CLSFE:0.08228571428571428
MCC:0.13645985765273042
GMEAN:0.5053772491540066
SAMPLES:3500.0
AUC:{'AUC macro OVO': 0.5445024391908028}
AVGP:{'avg_precision': 0.9363584467297715}


METRICS_PER_CLASSES
CLASS:0
ACC:0.9177142857142857
PREC:0.1111111111111111
REC:0.2727272727272727
TNR:0.9364892678623934
FPR:0.8888888888888888
FPDR:0.8888888888888888
F1:0.15789473684210525
BACC:0
CLSFE:0.8888888888888888
MCC:0.13645985765273042
GMEAN:0.5053772491540066
SAMPLES:243
AUC:{}
AVGP:{}
CLASS:1
ACC:0.9177142857142857
PREC:0.9778937672704944
REC:0.9364892678623934
TNR:0.2727272727272727
FPR:0.02210623272950568
FPDR:0.02210623272950568
F1:0.956743766896966
BACC:0
CLSFE:0.02210623272950568
MCC:0.13645985765273042
GMEAN:0.5053772491540066
SAMPLES:3257
AUC:{}
AVGP:{}
