

GENERAL_METRICS
ACC:0.9191428571428572
PREC:0.5353870469468076
REC:0.6250279844047664
TNR:0.6250279844047664
FPR:0.46461295305319233
FPDR:0.46461295305319233
F1:0.5460734320743917
BACC:0.0
CLSFE:0.08085714285714286
MCC:0.13303189322559014
GMEAN:0.544893801116747
SAMPLES:3500.0
AUC:{'AUC macro OVO': 0.5353870469468076}
AVGP:{'avg_precision': 0.9311439224996833}


METRICS_PER_CLASSES
CLASS:0
ACC:0.9191428571428572
PREC:0.08527131782945736
REC:0.3188405797101449
TNR:0.931215389099388
FPR:0.9147286821705426
FPDR:0.9147286821705426
F1:0.1345565749235474
BACC:0
CLSFE:0.9147286821705426
MCC:0.13303189322559014
GMEAN:0.544893801116747
SAMPLES:258
AUC:{}
AVGP:{}
CLASS:1
ACC:0.9191428571428572
PREC:0.9855027760641579
REC:0.931215389099388
TNR:0.3188405797101449
FPR:0.014497223935842072
FPDR:0.014497223935842072
F1:0.957590289225236
BACC:0
CLSFE:0.014497223935842072
MCC:0.13303189322559014
GMEAN:0.544893801116747
SAMPLES:3242
AUC:{}
AVGP:{}
