

GENERAL_METRICS
ACC:0.804
PREC:0.7191749688501008
REC:0.7380677164714015
TNR:0.7380677164714015
FPR:0.2808250311498992
FPDR:0.2808250311498992
F1:0.7274370741204284
BACC:0.0
CLSFE:0.196
MCC:0.4568522051685164
GMEAN:0.7285482760340999
SAMPLES:1000.0
AUC:{'AUC macro OVO': 0.7191749688501008}
AVGP:{'avg_precision': 0.8444563192593871}


METRICS_PER_CLASSES
CLASS:0
ACC:0.804
PREC:0.5502008032128514
REC:0.6199095022624435
TNR:0.8562259306803595
FPR:0.4497991967871486
FPDR:0.4497991967871486
F1:0.5829787234042553
BACC:0
CLSFE:0.4497991967871486
MCC:0.4568522051685164
GMEAN:0.7285482760340999
SAMPLES:249
AUC:{}
AVGP:{}
CLASS:1
ACC:0.804
PREC:0.8881491344873502
REC:0.8562259306803595
TNR:0.6199095022624435
FPR:0.1118508655126498
FPDR:0.1118508655126498
F1:0.8718954248366013
BACC:0
CLSFE:0.1118508655126498
MCC:0.4568522051685164
GMEAN:0.7285482760340999
SAMPLES:751
AUC:{}
AVGP:{}
