

GENERAL_METRICS
ACC:0.795
PREC:0.6962603507132232
REC:0.7061464419116943
TNR:0.7061464419116943
FPR:0.3037396492867767
FPDR:0.3037396492867767
F1:0.7008517698630776
BACC:0.0
CLSFE:0.205
MCC:0.4022853364857945
GMEAN:0.6890912551856787
SAMPLES:1000.0
AUC:{'AUC macro OVO': 0.6962603507132233}
AVGP:{'avg_precision': 0.8496640749666734}


METRICS_PER_CLASSES
CLASS:0
ACC:0.795
PREC:0.5154185022026432
REC:0.5518867924528302
TNR:0.8604060913705583
FPR:0.4845814977973568
FPDR:0.4845814977973568
F1:0.5330296127562643
BACC:0
CLSFE:0.4845814977973568
MCC:0.4022853364857945
GMEAN:0.6890912551856787
SAMPLES:227
AUC:{}
AVGP:{}
CLASS:1
ACC:0.795
PREC:0.8771021992238034
REC:0.8604060913705583
TNR:0.5518867924528302
FPR:0.12289780077619664
FPDR:0.12289780077619664
F1:0.8686739269698911
BACC:0
CLSFE:0.12289780077619664
MCC:0.4022853364857945
GMEAN:0.6890912551856787
SAMPLES:773
AUC:{}
AVGP:{}
