

GENERAL_METRICS
ACC:0.82
PREC:0.731824308020081
REC:0.734977420644153
TNR:0.734977420644153
FPR:0.2681756919799189
FPDR:0.2681756919799189
F1:0.7333728336542735
BACC:0.0
CLSFE:0.18
MCC:0.46679107935424075
GMEAN:0.7198967963635895
SAMPLES:1000.0
AUC:{'AUC macro OVO': 0.7318243080200811}
AVGP:{'avg_precision': 0.8718502744956761}


METRICS_PER_CLASSES
CLASS:0
ACC:0.82
PREC:0.576036866359447
REC:0.5868544600938967
TNR:0.8831003811944091
FPR:0.423963133640553
FPDR:0.423963133640553
F1:0.5813953488372093
BACC:0
CLSFE:0.423963133640553
MCC:0.46679107935424075
GMEAN:0.7198967963635895
SAMPLES:217
AUC:{}
AVGP:{}
CLASS:1
ACC:0.82
PREC:0.8876117496807152
REC:0.8831003811944091
TNR:0.5868544600938967
FPR:0.1123882503192848
FPDR:0.1123882503192848
F1:0.8853503184713376
BACC:0
CLSFE:0.1123882503192848
MCC:0.46679107935424075
GMEAN:0.7198967963635895
SAMPLES:783
AUC:{}
AVGP:{}
