

GENERAL_METRICS
ACC:0.784
PREC:0.7022431019651956
REC:0.7022431019651956
TNR:0.7022431019651956
FPR:0.2977568980348045
FPDR:0.2977568980348045
F1:0.7022431019651956
BACC:0.0
CLSFE:0.216
MCC:0.40448620393039103
GMEAN:0.684690947731828
SAMPLES:1000.0
AUC:{'AUC macro OVO': 0.7022431019651957}
AVGP:{'avg_precision': 0.8446234732469465}


METRICS_PER_CLASSES
CLASS:0
ACC:0.784
PREC:0.5462184873949579
REC:0.5462184873949579
TNR:0.8582677165354331
FPR:0.453781512605042
FPDR:0.453781512605042
F1:0.5462184873949579
BACC:0
CLSFE:0.453781512605042
MCC:0.40448620393039103
GMEAN:0.684690947731828
SAMPLES:238
AUC:{}
AVGP:{}
CLASS:1
ACC:0.784
PREC:0.8582677165354331
REC:0.8582677165354331
TNR:0.5462184873949579
FPR:0.14173228346456693
FPDR:0.14173228346456693
F1:0.8582677165354331
BACC:0
CLSFE:0.14173228346456693
MCC:0.40448620393039103
GMEAN:0.684690947731828
SAMPLES:762
AUC:{}
AVGP:{}
