

GENERAL_METRICS
ACC:0.8853333333333333
PREC:0.8910570144272609
REC:0.8666981110886508
TNR:0.8666981110886508
FPR:0.1089429855727391
FPDR:0.1089429855727391
F1:0.8757790291890393
BACC:0.0
CLSFE:0.11466666666666667
MCC:0.7573635019419508
GMEAN:0.8626960923534028
SAMPLES:750.0
AUC:{'AUC macro OVO': 0.8910570144272609}
AVGP:{'avg_precision': 0.9139649407747957}


METRICS_PER_CLASSES
CLASS:0
ACC:0.8853333333333333
PREC:0.9083665338645418
REC:0.7835051546391752
TNR:0.9498910675381264
FPR:0.09163346613545817
FPDR:0.09163346613545817
F1:0.8413284132841329
BACC:0
CLSFE:0.09163346613545817
MCC:0.7573635019419508
GMEAN:0.8626960923534028
SAMPLES:251
AUC:{}
AVGP:{}
CLASS:1
ACC:0.8853333333333333
PREC:0.87374749498998
REC:0.9498910675381264
TNR:0.7835051546391752
FPR:0.12625250501002003
FPDR:0.12625250501002003
F1:0.9102296450939458
BACC:0
CLSFE:0.12625250501002003
MCC:0.7573635019419508
GMEAN:0.8626960923534028
SAMPLES:499
AUC:{}
AVGP:{}
