

GENERAL_METRICS
ACC:0.8613333333333333
PREC:0.8680093829615361
REC:0.8467026694766421
TNR:0.8467026694766421
FPR:0.13199061703846393
FPDR:0.13199061703846393
F1:0.8536354697550834
BACC:0.0
CLSFE:0.13866666666666666
MCC:0.7143943881784527
GMEAN:0.8422120963951812
SAMPLES:750.0
AUC:{'AUC macro OVO': 0.8680093829615361}
AVGP:{'avg_precision': 0.8890910977772747}


METRICS_PER_CLASSES
CLASS:0
ACC:0.8613333333333333
PREC:0.8909774436090225
REC:0.7596153846153846
TNR:0.9337899543378996
FPR:0.10902255639097744
FPDR:0.10902255639097744
F1:0.8200692041522492
BACC:0
CLSFE:0.10902255639097744
MCC:0.7143943881784527
GMEAN:0.8422120963951812
SAMPLES:266
AUC:{}
AVGP:{}
CLASS:1
ACC:0.8613333333333333
PREC:0.8450413223140496
REC:0.9337899543378996
TNR:0.7596153846153846
FPR:0.15495867768595042
FPDR:0.15495867768595042
F1:0.8872017353579176
BACC:0
CLSFE:0.15495867768595042
MCC:0.7143943881784527
GMEAN:0.8422120963951812
SAMPLES:484
AUC:{}
AVGP:{}
