

GENERAL_METRICS
ACC:0.8866666666666667
PREC:0.8928961573062588
REC:0.8671422888410181
TNR:0.8671422888410181
FPR:0.10710384269374117
FPDR:0.10710384269374117
F1:0.8767236928360512
BACC:0.0
CLSFE:0.11333333333333333
MCC:0.7596019864909795
GMEAN:0.8629529060959492
SAMPLES:750.0
AUC:{'AUC macro OVO': 0.8928961573062589}
AVGP:{'avg_precision': 0.9167687082472712}


METRICS_PER_CLASSES
CLASS:0
ACC:0.8866666666666667
PREC:0.9112903225806451
REC:0.7820069204152249
TNR:0.9522776572668112
FPR:0.08870967741935484
FPDR:0.08870967741935484
F1:0.8417132216014898
BACC:0
CLSFE:0.08870967741935484
MCC:0.7596019864909795
GMEAN:0.8629529060959492
SAMPLES:248
AUC:{}
AVGP:{}
CLASS:1
ACC:0.8866666666666667
PREC:0.8745019920318725
REC:0.9522776572668112
TNR:0.7820069204152249
FPR:0.1254980079681275
FPDR:0.1254980079681275
F1:0.9117341640706127
BACC:0
CLSFE:0.1254980079681275
MCC:0.7596019864909795
GMEAN:0.8629529060959492
SAMPLES:502
AUC:{}
AVGP:{}
