

GENERAL_METRICS
ACC:0.8786666666666667
PREC:0.889
REC:0.8597880857424028
TNR:0.8597880857424028
FPR:0.11099999999999999
FPDR:0.11099999999999999
F1:0.8694776620341595
BACC:0.0
CLSFE:0.12133333333333333
MCC:0.7482180573971593
GMEAN:0.8544489999260397
SAMPLES:750.0
AUC:{'AUC macro OVO': 0.8890000000000001}
AVGP:{'avg_precision': 0.9144484038604306}


METRICS_PER_CLASSES
CLASS:0
ACC:0.8786666666666667
PREC:0.92
REC:0.7641196013289037
TNR:0.955456570155902
FPR:0.08
FPDR:0.08
F1:0.8348457350272233
BACC:0
CLSFE:0.08
MCC:0.7482180573971593
GMEAN:0.8544489999260397
SAMPLES:250
AUC:{}
AVGP:{}
CLASS:1
ACC:0.8786666666666667
PREC:0.858
REC:0.955456570155902
TNR:0.7641196013289037
FPR:0.142
FPDR:0.142
F1:0.9041095890410958
BACC:0
CLSFE:0.142
MCC:0.7482180573971593
GMEAN:0.8544489999260397
SAMPLES:500
AUC:{}
AVGP:{}
