

GENERAL_METRICS
ACC:0.8835555555555555
PREC:0.659000442282176
REC:0.7018528916339135
TNR:0.7018528916339135
FPR:0.340999557717824
FPDR:0.340999557717824
F1:0.6765432098765432
BACC:0.0
CLSFE:0.11644444444444445
MCC:0.3582998690802351
GMEAN:0.666546873010271
SAMPLES:2250.0
AUC:{'AUC macro OVO': 0.659000442282176}
AVGP:{'avg_precision': 0.9198831872869522}


METRICS_PER_CLASSES
CLASS:0
ACC:0.8835555555555555
PREC:0.3686274509803922
REC:0.48205128205128206
TNR:0.921654501216545
FPR:0.6313725490196078
FPDR:0.6313725490196078
F1:0.4177777777777778
BACC:0
CLSFE:0.6313725490196078
MCC:0.3582998690802351
GMEAN:0.666546873010271
SAMPLES:255
AUC:{}
AVGP:{}
CLASS:1
ACC:0.8835555555555555
PREC:0.9493734335839599
REC:0.921654501216545
TNR:0.48205128205128206
FPR:0.0506265664160401
FPDR:0.0506265664160401
F1:0.9353086419753086
BACC:0
CLSFE:0.0506265664160401
MCC:0.3582998690802351
GMEAN:0.666546873010271
SAMPLES:1995
AUC:{}
AVGP:{}
