

GENERAL_METRICS
ACC:0.9022222222222223
PREC:0.7010463378176383
REC:0.746977967309906
TNR:0.746977967309906
FPR:0.29895366218236175
FPDR:0.29895366218236175
F1:0.7206394928844904
BACC:0.0
CLSFE:0.09777777777777778
MCC:0.4456636213527013
GMEAN:0.7230906885924535
SAMPLES:2250.0
AUC:{'AUC macro OVO': 0.7010463378176383}
AVGP:{'avg_precision': 0.9325759792113117}


METRICS_PER_CLASSES
CLASS:0
ACC:0.9022222222222223
PREC:0.4444444444444444
REC:0.5595854922279793
TNR:0.9343704423918328
FPR:0.5555555555555556
FPDR:0.5555555555555556
F1:0.4954128440366973
BACC:0
CLSFE:0.5555555555555556
MCC:0.4456636213527013
GMEAN:0.7230906885924535
SAMPLES:243
AUC:{}
AVGP:{}
CLASS:1
ACC:0.9022222222222223
PREC:0.9576482311908321
REC:0.9343704423918328
TNR:0.5595854922279793
FPR:0.04235176880916791
FPDR:0.04235176880916791
F1:0.9458661417322834
BACC:0
CLSFE:0.04235176880916791
MCC:0.4456636213527013
GMEAN:0.7230906885924535
SAMPLES:2007
AUC:{}
AVGP:{}
