

GENERAL_METRICS
ACC:0.8942222222222223
PREC:0.6742886095810927
REC:0.7222118029507376
TNR:0.7222118029507376
FPR:0.32571139041890723
FPDR:0.32571139041890723
F1:0.6940174847151591
BACC:0.0
CLSFE:0.10577777777777778
MCC:0.39359362885489824
GMEAN:0.6921847874267292
SAMPLES:2250.0
AUC:{'AUC macro OVO': 0.6742886095810927}
AVGP:{'avg_precision': 0.9266462627621013}


METRICS_PER_CLASSES
CLASS:0
ACC:0.8942222222222223
PREC:0.39344262295081966
REC:0.5161290322580645
TNR:0.9282945736434108
FPR:0.6065573770491803
FPDR:0.6065573770491803
F1:0.44651162790697674
BACC:0
CLSFE:0.6065573770491803
MCC:0.39359362885489824
GMEAN:0.6921847874267292
SAMPLES:244
AUC:{}
AVGP:{}
CLASS:1
ACC:0.8942222222222223
PREC:0.9551345962113659
REC:0.9282945736434108
TNR:0.5161290322580645
FPR:0.0448654037886341
FPDR:0.0448654037886341
F1:0.9415233415233415
BACC:0
CLSFE:0.0448654037886341
MCC:0.39359362885489824
GMEAN:0.6921847874267292
SAMPLES:2006
AUC:{}
AVGP:{}
