

GENERAL_METRICS
ACC:0.8884444444444445
PREC:0.6788899785187261
REC:0.7212489260987485
TNR:0.7212489260987485
FPR:0.321110021481274
FPDR:0.321110021481274
F1:0.696693679144609
BACC:0.0
CLSFE:0.11155555555555556
MCC:0.3978905157808932
GMEAN:0.6917954424914746
SAMPLES:2250.0
AUC:{'AUC macro OVO': 0.6788899785187261}
AVGP:{'avg_precision': 0.9232923826882191}


METRICS_PER_CLASSES
CLASS:0
ACC:0.8884444444444445
PREC:0.4069767441860465
REC:0.5172413793103449
TNR:0.925256472887152
FPR:0.5930232558139535
FPDR:0.5930232558139535
F1:0.455531453362256
BACC:0
CLSFE:0.5930232558139535
MCC:0.3978905157808932
GMEAN:0.6917954424914746
SAMPLES:258
AUC:{}
AVGP:{}
CLASS:1
ACC:0.8884444444444445
PREC:0.9508032128514057
REC:0.925256472887152
TNR:0.5172413793103449
FPR:0.04919678714859438
FPDR:0.04919678714859438
F1:0.9378559049269621
BACC:0
CLSFE:0.04919678714859438
MCC:0.3978905157808932
GMEAN:0.6917954424914746
SAMPLES:1992
AUC:{}
AVGP:{}
