

GENERAL_METRICS
ACC:0.93225
PREC:0.4989296226919989
REC:0.46705911823647295
TNR:0.46705911823647295
FPR:0.5010703773080011
FPDR:0.5010703773080011
F1:0.48246862466037005
BACC:0.0
CLSFE:0.06775
MCC:-0.011875886888182396
GMEAN:0.0
SAMPLES:4000.0
AUC:{'AUC macro OVO': 0.4989296226919989}
AVGP:{'avg_precision': 0.9341185185463247}


METRICS_PER_CLASSES
CLASS:0
ACC:0.93225
PREC:0.0
REC:0.0
TNR:0.9341182364729459
FPR:1.0
FPDR:1.0
F1:0.0
BACC:0
CLSFE:1.0
MCC:-0.011875886888182396
GMEAN:0
SAMPLES:263
AUC:{}
AVGP:{}
CLASS:1
ACC:0.93225
PREC:0.9978592453839978
REC:0.9341182364729459
TNR:0.0
FPR:0.0021407546160021407
FPDR:0.0021407546160021407
F1:0.9649372493207401
BACC:0
CLSFE:0.0021407546160021407
MCC:-0.011875886888182396
GMEAN:0
SAMPLES:3737
AUC:{}
AVGP:{}
