

GENERAL_METRICS
ACC:0.93875
PREC:0.5011614466463228
REC:0.5326903807615231
TNR:0.5326903807615231
FPR:0.4988385533536772
FPDR:0.4988385533536772
F1:0.4882482476418949
BACC:0.0
CLSFE:0.06125
MCC:0.012323657428294024
GMEAN:0.34285214771148914
SAMPLES:4000.0
AUC:{'AUC macro OVO': 0.5011614466463228}
AVGP:{'avg_precision': 0.9403805181487677}


METRICS_PER_CLASSES
CLASS:0
ACC:0.93875
PREC:0.0041841004184100415
REC:0.125
TNR:0.9403807615230461
FPR:0.99581589958159
FPDR:0.99581589958159
F1:0.008097165991902834
BACC:0
CLSFE:0.99581589958159
MCC:0.012323657428294024
GMEAN:0.34285214771148914
SAMPLES:239
AUC:{}
AVGP:{}
CLASS:1
ACC:0.93875
PREC:0.9981387928742356
REC:0.9403807615230461
TNR:0.125
FPR:0.0018612071257644244
FPDR:0.0018612071257644244
F1:0.968399329291887
BACC:0
CLSFE:0.0018612071257644244
MCC:0.012323657428294024
GMEAN:0.34285214771148914
SAMPLES:3761
AUC:{}
AVGP:{}
