

GENERAL_METRICS
ACC:0.93625
PREC:0.5012
REC:0.540249007191156
TNR:0.540249007191156
FPR:0.4988
FPDR:0.4988
F1:0.4874245647254631
BACC:0.0
CLSFE:0.06375
MCC:0.013899468857389788
GMEAN:0.3659900216292338
SAMPLES:4000.0
AUC:{'AUC macro OVO': 0.5012}
AVGP:{'avg_precision': 0.9376406461307288}


METRICS_PER_CLASSES
CLASS:0
ACC:0.93625
PREC:0.004
REC:0.14285714285714285
TNR:0.9376408715251691
FPR:0.996
FPDR:0.996
F1:0.007782101167315175
BACC:0
CLSFE:0.996
MCC:0.013899468857389788
GMEAN:0.3659900216292338
SAMPLES:250
AUC:{}
AVGP:{}
CLASS:1
ACC:0.93625
PREC:0.9984
REC:0.9376408715251691
TNR:0.14285714285714285
FPR:0.0016
FPDR:0.0016
F1:0.967067028283611
BACC:0
CLSFE:0.0016
MCC:0.013899468857389788
GMEAN:0.3659900216292338
SAMPLES:3750
AUC:{}
AVGP:{}
