

GENERAL_METRICS
ACC:0.94025
PREC:0.499336165693043
REC:0.4707133917396746
TNR:0.4707133917396746
FPR:0.5006638343069569
FPDR:0.5006638343069569
F1:0.48460249967787655
BACC:0.0
CLSFE:0.05975
MCC:-0.008818493136044
GMEAN:0.0
SAMPLES:4000.0
AUC:{'AUC macro OVO': 0.499336165693043}
AVGP:{'avg_precision': 0.9414268806866256}


METRICS_PER_CLASSES
CLASS:0
ACC:0.94025
PREC:0.0
REC:0.0
TNR:0.9414267834793492
FPR:1.0
FPDR:1.0
F1:0.0
BACC:0
CLSFE:1.0
MCC:-0.008818493136044
GMEAN:0
SAMPLES:234
AUC:{}
AVGP:{}
CLASS:1
ACC:0.94025
PREC:0.998672331386086
REC:0.9414267834793492
TNR:0.0
FPR:0.0013276686139139671
FPDR:0.0013276686139139671
F1:0.9692049993557531
BACC:0
CLSFE:0.0013276686139139671
MCC:-0.008818493136044
GMEAN:0
SAMPLES:3766
AUC:{}
AVGP:{}
