

GENERAL_METRICS
ACC:0.9116
PREC:0.7280950797813861
REC:0.758512759170654
TNR:0.758512759170654
FPR:0.27190492021861384
FPDR:0.27190492021861384
F1:0.7419756770628285
BACC:0.0
CLSFE:0.0884
MCC:0.48565620938081944
GMEAN:0.7354082939780288
SAMPLES:2500.0
AUC:{'AUC macro OVO': 0.7280950797813861}
AVGP:{'avg_precision': 0.942394892214961}


METRICS_PER_CLASSES
CLASS:0
ACC:0.9116
PREC:0.4980237154150198
REC:0.5727272727272728
TNR:0.9442982456140351
FPR:0.5019762845849802
FPDR:0.5019762845849802
F1:0.53276955602537
BACC:0
CLSFE:0.5019762845849802
MCC:0.48565620938081944
GMEAN:0.7354082939780288
SAMPLES:253
AUC:{}
AVGP:{}
CLASS:1
ACC:0.9116
PREC:0.9581664441477525
REC:0.9442982456140351
TNR:0.5727272727272728
FPR:0.04183355585224744
FPDR:0.04183355585224744
F1:0.9511817981002871
BACC:0
CLSFE:0.04183355585224744
MCC:0.48565620938081944
GMEAN:0.7354082939780288
SAMPLES:2247
AUC:{}
AVGP:{}
