

GENERAL_METRICS
ACC:0.9144
PREC:0.706858407079646
REC:0.7556390977443609
TNR:0.7556390977443609
FPR:0.293141592920354
FPDR:0.293141592920354
F1:0.7277492239580683
BACC:0.0
CLSFE:0.0856
MCC:0.4599178037287812
GMEAN:0.7320791279800704
SAMPLES:2500.0
AUC:{'AUC macro OVO': 0.706858407079646}
AVGP:{'avg_precision': 0.9414472819216182}


METRICS_PER_CLASSES
CLASS:0
ACC:0.9144
PREC:0.45
REC:0.5684210526315789
TNR:0.9428571428571428
FPR:0.55
FPDR:0.55
F1:0.5023255813953489
BACC:0
CLSFE:0.55
MCC:0.4599178037287812
GMEAN:0.7320791279800704
SAMPLES:240
AUC:{}
AVGP:{}
CLASS:1
ACC:0.9144
PREC:0.963716814159292
REC:0.9428571428571428
TNR:0.5684210526315789
FPR:0.036283185840707964
FPDR:0.036283185840707964
F1:0.9531728665207877
BACC:0
CLSFE:0.036283185840707964
MCC:0.4599178037287812
GMEAN:0.7320791279800704
SAMPLES:2260
AUC:{}
AVGP:{}
