

GENERAL_METRICS
ACC:0.92
PREC:0.7041504163544237
REC:0.7842229380690919
TNR:0.7842229380690919
FPR:0.29584958364557634
FPDR:0.29584958364557634
F1:0.7354855638601332
BACC:0.0
CLSFE:0.08
MCC:0.48176438699548013
GMEAN:0.7683458593537995
SAMPLES:2500.0
AUC:{'AUC macro OVO': 0.7041504163544237}
AVGP:{'avg_precision': 0.9401543239042575}


METRICS_PER_CLASSES
CLASS:0
ACC:0.92
PREC:0.43621399176954734
REC:0.6272189349112426
TNR:0.9412269412269412
FPR:0.5637860082304527
FPDR:0.5637860082304527
F1:0.5145631067961165
BACC:0
CLSFE:0.5637860082304527
MCC:0.48176438699548013
GMEAN:0.7683458593537995
SAMPLES:243
AUC:{}
AVGP:{}
CLASS:1
ACC:0.92
PREC:0.9720868409393
REC:0.9412269412269412
TNR:0.6272189349112426
FPR:0.027913159060700046
FPDR:0.027913159060700046
F1:0.95640802092415
BACC:0
CLSFE:0.027913159060700046
MCC:0.48176438699548013
GMEAN:0.7683458593537995
SAMPLES:2257
AUC:{}
AVGP:{}
