

GENERAL_METRICS
ACC:0.9164
PREC:0.7068215086078475
REC:0.7622634602387925
TNR:0.7622634602387925
FPR:0.2931784913921525
FPDR:0.2931784913921525
F1:0.730123533692721
BACC:0.0
CLSFE:0.0836
MCC:0.4657970566643859
GMEAN:0.7405254979175301
SAMPLES:2500.0
AUC:{'AUC macro OVO': 0.7068215086078475}
AVGP:{'avg_precision': 0.9416904538090121}


METRICS_PER_CLASSES
CLASS:0
ACC:0.9164
PREC:0.4476987447698745
REC:0.5815217391304348
TNR:0.9430051813471503
FPR:0.5523012552301255
FPDR:0.5523012552301255
F1:0.5059101654846335
BACC:0
CLSFE:0.5523012552301255
MCC:0.4657970566643859
GMEAN:0.7405254979175301
SAMPLES:239
AUC:{}
AVGP:{}
CLASS:1
ACC:0.9164
PREC:0.9659442724458205
REC:0.9430051813471503
TNR:0.5815217391304348
FPR:0.034055727554179564
FPDR:0.034055727554179564
F1:0.9543369019008084
BACC:0
CLSFE:0.034055727554179564
MCC:0.4657970566643859
GMEAN:0.7405254979175301
SAMPLES:2261
AUC:{}
AVGP:{}
