

GENERAL_METRICS
ACC:0.8766666666666667
PREC:0.7518293369357198
REC:0.7641407491162032
TNR:0.7641407491162032
FPR:0.24817066306428007
FPDR:0.24817066306428007
F1:0.7577263468887261
BACC:0.0
CLSFE:0.12333333333333334
MCC:0.5158231856271597
GMEAN:0.7474929113900658
SAMPLES:1500.0
AUC:{'AUC macro OVO': 0.75182933693572}
AVGP:{'avg_precision': 0.9175737476780396}


METRICS_PER_CLASSES
CLASS:0
ACC:0.8766666666666667
PREC:0.5714285714285714
REC:0.6055045871559633
TNR:0.9227769110764431
FPR:0.42857142857142855
FPDR:0.42857142857142855
F1:0.5879732739420935
BACC:0
CLSFE:0.42857142857142855
MCC:0.5158231856271597
GMEAN:0.7474929113900658
SAMPLES:231
AUC:{}
AVGP:{}
CLASS:1
ACC:0.8766666666666667
PREC:0.9322301024428684
REC:0.9227769110764431
TNR:0.6055045871559633
FPR:0.0677698975571316
FPDR:0.0677698975571316
F1:0.9274794198353586
BACC:0
CLSFE:0.0677698975571316
MCC:0.5158231856271597
GMEAN:0.7474929113900658
SAMPLES:1269
AUC:{}
AVGP:{}
