

GENERAL_METRICS
ACC:0.876
PREC:0.7676587301587301
REC:0.7694802168093862
TNR:0.7694802168093862
FPR:0.23234126984126985
FPDR:0.23234126984126985
F1:0.7685638349055508
BACC:0.0
CLSFE:0.124
MCC:0.5371358585464188
GMEAN:0.7534938176162779
SAMPLES:1500.0
AUC:{'AUC macro OVO': 0.7676587301587302}
AVGP:{'avg_precision': 0.9192710990365508}


METRICS_PER_CLASSES
CLASS:0
ACC:0.876
PREC:0.6083333333333333
REC:0.6134453781512605
TNR:0.9255150554675119
FPR:0.39166666666666666
FPDR:0.39166666666666666
F1:0.6108786610878661
BACC:0
CLSFE:0.39166666666666666
MCC:0.5371358585464188
GMEAN:0.7534938176162779
SAMPLES:240
AUC:{}
AVGP:{}
CLASS:1
ACC:0.876
PREC:0.926984126984127
REC:0.9255150554675119
TNR:0.6134453781512605
FPR:0.07301587301587302
FPDR:0.07301587301587302
F1:0.9262490087232356
BACC:0
CLSFE:0.07301587301587302
MCC:0.5371358585464188
GMEAN:0.7534938176162779
SAMPLES:1260
AUC:{}
AVGP:{}
