

GENERAL_METRICS
ACC:0.9333333333333333
PREC:0.4998571836618109
REC:0.46679114430514806
TNR:0.46679114430514806
FPR:0.5001428163381891
FPDR:0.5001428163381891
F1:0.4827586206896552
BACC:0.0
CLSFE:0.06666666666666667
MCC:-0.004355579027311352
GMEAN:0.0
SAMPLES:3750.0
AUC:{'AUC macro OVO': 0.4998571836618109}
AVGP:{'avg_precision': 0.9335822936692477}


METRICS_PER_CLASSES
CLASS:0
ACC:0.9333333333333333
PREC:0.0
REC:0.0
TNR:0.9335822886102961
FPR:1.0
FPDR:1.0
F1:0.0
BACC:0
CLSFE:1.0
MCC:-0.004355579027311352
GMEAN:0
SAMPLES:249
AUC:{}
AVGP:{}
CLASS:1
ACC:0.9333333333333333
PREC:0.9997143673236218
REC:0.9335822886102961
TNR:0.0
FPR:0.00028563267637817766
FPDR:0.00028563267637817766
F1:0.9655172413793104
BACC:0
CLSFE:0.00028563267637817766
MCC:-0.004355579027311352
GMEAN:0
SAMPLES:3501
AUC:{}
AVGP:{}
