

GENERAL_METRICS
ACC:0.9290666666666667
PREC:0.49971313826735514
REC:0.4647812166488794
TNR:0.4647812166488794
FPR:0.5002868617326449
FPDR:0.5002868617326449
F1:0.48161459773292786
BACC:0.0
CLSFE:0.07093333333333333
MCC:-0.006357018550781989
GMEAN:0.0
SAMPLES:3750.0
AUC:{'AUC macro OVO': 0.49971313826735514}
AVGP:{'avg_precision': 0.9295624548506574}


METRICS_PER_CLASSES
CLASS:0
ACC:0.9290666666666667
PREC:0.0
REC:0.0
TNR:0.9295624332977588
FPR:1.0
FPDR:1.0
F1:0.0
BACC:0
CLSFE:1.0
MCC:-0.006357018550781989
GMEAN:0
SAMPLES:264
AUC:{}
AVGP:{}
CLASS:1
ACC:0.9290666666666667
PREC:0.9994262765347103
REC:0.9295624332977588
TNR:0.0
FPR:0.0005737234652897303
FPDR:0.0005737234652897303
F1:0.9632291954658557
BACC:0
CLSFE:0.0005737234652897303
MCC:-0.006357018550781989
GMEAN:0
SAMPLES:3486
AUC:{}
AVGP:{}
