

GENERAL_METRICS
ACC:0.9424
PREC:0.49971719457013575
REC:0.47145144076840984
TNR:0.47145144076840984
FPR:0.5002828054298643
FPDR:0.5002828054298643
F1:0.48517298187808894
BACC:0.0
CLSFE:0.0576
MCC:-0.005682847020814465
GMEAN:0.0
SAMPLES:3750.0
AUC:{'AUC macro OVO': 0.49971719457013575}
AVGP:{'avg_precision': 0.9429028987606866}


METRICS_PER_CLASSES
CLASS:0
ACC:0.9424
PREC:0.0
REC:0.0
TNR:0.9429028815368197
FPR:1.0
FPDR:1.0
F1:0.0
BACC:0
CLSFE:1.0
MCC:-0.005682847020814465
GMEAN:0
SAMPLES:214
AUC:{}
AVGP:{}
CLASS:1
ACC:0.9424
PREC:0.9994343891402715
REC:0.9429028815368197
TNR:0.0
FPR:0.0005656108597285068
FPDR:0.0005656108597285068
F1:0.9703459637561779
BACC:0
CLSFE:0.0005656108597285068
MCC:-0.005682847020814465
GMEAN:0
SAMPLES:3536
AUC:{}
AVGP:{}
