

GENERAL_METRICS
ACC:0.902
PREC:0.5889974378293706
REC:0.5870590082031205
TNR:0.5870590082031205
FPR:0.4110025621706293
FPDR:0.4110025621706293
F1:0.5880119896918918
BACC:0.0
CLSFE:0.098
MCC:0.17604577438886618
GMEAN:0.4626490748837706
SAMPLES:4000.0
AUC:{'AUC macro OVO': 0.5889974378293708}
AVGP:{'avg_precision': 0.9478432630213547}


METRICS_PER_CLASSES
CLASS:0
ACC:0.902
PREC:0.23107569721115537
REC:0.22568093385214008
TNR:0.948437082554101
FPR:0.7689243027888446
FPDR:0.7689243027888446
F1:0.2283464566929134
BACC:0
CLSFE:0.7689243027888446
MCC:0.17604577438886618
GMEAN:0.4626490748837706
SAMPLES:251
AUC:{}
AVGP:{}
CLASS:1
ACC:0.902
PREC:0.946919178447586
REC:0.948437082554101
TNR:0.22568093385214008
FPR:0.053080821552413976
FPDR:0.053080821552413976
F1:0.9476775226908702
BACC:0
CLSFE:0.053080821552413976
MCC:0.17604577438886618
GMEAN:0.4626490748837706
SAMPLES:3749
AUC:{}
AVGP:{}
