

GENERAL_METRICS
ACC:0.90575
PREC:0.5844908272819638
REC:0.5848188414195972
TNR:0.5848188414195972
FPR:0.4155091727180362
FPDR:0.4155091727180362
F1:0.5846543555793893
BACC:0.0
CLSFE:0.09425
MCC:0.1693093509601812
GMEAN:0.4570117421824521
SAMPLES:4000.0
AUC:{'AUC macro OVO': 0.5844908272819638}
AVGP:{'avg_precision': 0.9492093649005028}


METRICS_PER_CLASSES
CLASS:0
ACC:0.90575
PREC:0.2190082644628099
REC:0.21991701244813278
TNR:0.9497206703910615
FPR:0.78099173553719
FPDR:0.78099173553719
F1:0.2194616977225673
BACC:0
CLSFE:0.78099173553719
MCC:0.1693093509601812
GMEAN:0.4570117421824521
SAMPLES:242
AUC:{}
AVGP:{}
CLASS:1
ACC:0.90575
PREC:0.9499733901011176
REC:0.9497206703910615
TNR:0.21991701244813278
FPR:0.050026609898882385
FPDR:0.050026609898882385
F1:0.9498470134362113
BACC:0
CLSFE:0.050026609898882385
MCC:0.1693093509601812
GMEAN:0.4570117421824521
SAMPLES:3758
AUC:{}
AVGP:{}
