

GENERAL_METRICS
ACC:0.897090909090909
PREC:0.71941401062417
REC:0.6881427707199033
TNR:0.6881427707199033
FPR:0.28058598937583
FPDR:0.28058598937583
F1:0.7020339794209141
BACC:0.0
CLSFE:0.10290909090909091
MCC:0.40635531198003366
GMEAN:0.6356613373119181
SAMPLES:2750.0
AUC:{'AUC macro OVO': 0.71941401062417}
AVGP:{'avg_precision': 0.9491761355830596}


METRICS_PER_CLASSES
CLASS:0
ACC:0.897090909090909
PREC:0.5041666666666667
REC:0.4245614035087719
TNR:0.9517241379310345
FPR:0.49583333333333335
FPDR:0.49583333333333335
F1:0.46095238095238095
BACC:0
CLSFE:0.49583333333333335
MCC:0.40635531198003366
GMEAN:0.6356613373119181
SAMPLES:240
AUC:{}
AVGP:{}
CLASS:1
ACC:0.897090909090909
PREC:0.9346613545816733
REC:0.9517241379310345
TNR:0.4245614035087719
FPR:0.0653386454183267
FPDR:0.0653386454183267
F1:0.9431155778894472
BACC:0
CLSFE:0.0653386454183267
MCC:0.40635531198003366
GMEAN:0.6356613373119181
SAMPLES:2510
AUC:{}
AVGP:{}
