

GENERAL_METRICS
ACC:0.892
PREC:0.7128569057104914
REC:0.6770513307328524
TNR:0.6770513307328524
FPR:0.2871430942895086
FPDR:0.2871430942895086
F1:0.6925205409831436
BACC:0.0
CLSFE:0.108
MCC:0.3882607289526963
GMEAN:0.6192801367249471
SAMPLES:2750.0
AUC:{'AUC macro OVO': 0.7128569057104913}
AVGP:{'avg_precision': 0.9480493017745717}


METRICS_PER_CLASSES
CLASS:0
ACC:0.892
PREC:0.49583333333333335
REC:0.4033898305084746
TNR:0.9507128309572301
FPR:0.5041666666666667
FPDR:0.5041666666666667
F1:0.44485981308411215
BACC:0
CLSFE:0.5041666666666667
MCC:0.3882607289526963
GMEAN:0.6192801367249471
SAMPLES:240
AUC:{}
AVGP:{}
CLASS:1
ACC:0.892
PREC:0.9298804780876494
REC:0.9507128309572301
TNR:0.4033898305084746
FPR:0.0701195219123506
FPDR:0.0701195219123506
F1:0.9401812688821752
BACC:0
CLSFE:0.0701195219123506
MCC:0.3882607289526963
GMEAN:0.6192801367249471
SAMPLES:2510
AUC:{}
AVGP:{}
