

GENERAL_METRICS
ACC:0.8854545454545455
PREC:0.7007954896509113
REC:0.6763483366320784
TNR:0.6763483366320784
FPR:0.2992045103490887
FPDR:0.2992045103490887
F1:0.6873622905327346
BACC:0.0
CLSFE:0.11454545454545455
MCC:0.37635063758767273
GMEAN:0.6211104414922245
SAMPLES:2750.0
AUC:{'AUC macro OVO': 0.7007954896509113}
AVGP:{'avg_precision': 0.9412991379751159}


METRICS_PER_CLASSES
CLASS:0
ACC:0.8854545454545455
PREC:0.47307692307692306
REC:0.40863787375415284
TNR:0.944058799510004
FPR:0.5269230769230769
FPDR:0.5269230769230769
F1:0.4385026737967914
BACC:0
CLSFE:0.5269230769230769
MCC:0.37635063758767273
GMEAN:0.6211104414922245
SAMPLES:260
AUC:{}
AVGP:{}
CLASS:1
ACC:0.8854545454545455
PREC:0.9285140562248996
REC:0.944058799510004
TNR:0.40863787375415284
FPR:0.0714859437751004
FPDR:0.0714859437751004
F1:0.9362219072686778
BACC:0
CLSFE:0.0714859437751004
MCC:0.37635063758767273
GMEAN:0.6211104414922245
SAMPLES:2490
AUC:{}
AVGP:{}
