

GENERAL_METRICS
ACC:0.8785454545454545
PREC:0.6952458391786529
REC:0.6743717610247384
TNR:0.6743717610247384
FPR:0.3047541608213471
FPDR:0.3047541608213471
F1:0.6838793255358048
BACC:0.0
CLSFE:0.12145454545454545
MCC:0.3690276998293466
GMEAN:0.6201877414568661
SAMPLES:2750.0
AUC:{'AUC macro OVO': 0.6952458391786529}
AVGP:{'avg_precision': 0.9362152081758708}


METRICS_PER_CLASSES
CLASS:0
ACC:0.8785454545454545
PREC:0.4657039711191336
REC:0.4095238095238095
TNR:0.9392197125256674
FPR:0.5342960288808665
FPDR:0.5342960288808665
F1:0.4358108108108108
BACC:0
CLSFE:0.5342960288808665
MCC:0.3690276998293466
GMEAN:0.6201877414568661
SAMPLES:277
AUC:{}
AVGP:{}
CLASS:1
ACC:0.8785454545454545
PREC:0.9247877072381723
REC:0.9392197125256674
TNR:0.4095238095238095
FPR:0.07521229276182774
FPDR:0.07521229276182774
F1:0.9319478402607987
BACC:0
CLSFE:0.07521229276182774
MCC:0.3690276998293466
GMEAN:0.6201877414568661
SAMPLES:2473
AUC:{}
AVGP:{}
