NAME: BREAST_CANCER
DIMENSIONS: 30
SAMPLES_COUNT: 500
TOTAL_SIZE: 569
SIZES: dict_values([212, 357])
IMBALANCED: True
IMBALANCED_RATIO: {0: 1.3419811320754718, 1: 0.7969187675070029}
NO_LABELS: 4
MEAN: 0.1093810985477287
ST_DEV: 0.8552348930457987
NOISE: 0
TRANSFORMATION_TYPE: None
