

GENERAL_METRICS
ACC:0.8382857142857143
PREC:0.6711115792430307
REC:0.6592829651941098
TNR:0.6592829651941098
FPR:0.32888842075696934
FPDR:0.32888842075696934
F1:0.6647870373942666
BACC:0.0
CLSFE:0.16171428571428573
MCC:0.330182735592743
GMEAN:0.6087925317546317
SAMPLES:1750.0
AUC:{'AUC macro OVO': 0.6711115792430307}
AVGP:{'avg_precision': 0.9076403858400757}


METRICS_PER_CLASSES
CLASS:0
ACC:0.8382857142857143
PREC:0.4425531914893617
REC:0.40625
TNR:0.9123159303882196
FPR:0.5574468085106383
FPDR:0.5574468085106383
F1:0.42362525458248473
BACC:0
CLSFE:0.5574468085106383
MCC:0.330182735592743
GMEAN:0.6087925317546317
SAMPLES:235
AUC:{}
AVGP:{}
CLASS:1
ACC:0.8382857142857143
PREC:0.8996699669966997
REC:0.9123159303882196
TNR:0.40625
FPR:0.10033003300330033
FPDR:0.10033003300330033
F1:0.9059488202060485
BACC:0
CLSFE:0.10033003300330033
MCC:0.330182735592743
GMEAN:0.6087925317546317
SAMPLES:1515
AUC:{}
AVGP:{}
