

GENERAL_METRICS
ACC:0.8445714285714285
PREC:0.7024854088792707
REC:0.6914396819610089
TNR:0.6914396819610089
FPR:0.29751459112072925
FPDR:0.29751459112072925
F1:0.696663811737836
BACC:0.0
CLSFE:0.15542857142857142
MCC:0.3937701983522494
GMEAN:0.6546366231012217
SAMPLES:1750.0
AUC:{'AUC macro OVO': 0.7024854088792707}
AVGP:{'avg_precision': 0.9082217638121203}


METRICS_PER_CLASSES
CLASS:0
ACC:0.8445714285714285
PREC:0.5019607843137255
REC:0.46886446886446886
TNR:0.9140148950575491
FPR:0.4980392156862745
FPDR:0.4980392156862745
F1:0.48484848484848486
BACC:0
CLSFE:0.4980392156862745
MCC:0.3937701983522494
GMEAN:0.6546366231012217
SAMPLES:255
AUC:{}
AVGP:{}
CLASS:1
ACC:0.8445714285714285
PREC:0.903010033444816
REC:0.9140148950575491
TNR:0.46886446886446886
FPR:0.09698996655518395
FPDR:0.09698996655518395
F1:0.9084791386271871
BACC:0
CLSFE:0.09698996655518395
MCC:0.3937701983522494
GMEAN:0.6546366231012217
SAMPLES:1495
AUC:{}
AVGP:{}
