

GENERAL_METRICS
ACC:0.8325714285714285
PREC:0.691155328520739
REC:0.6786006035043263
TNR:0.6786006035043263
FPR:0.308844671479261
FPDR:0.308844671479261
F1:0.6844419253135118
BACC:0.0
CLSFE:0.16742857142857143
MCC:0.3695427284462338
GMEAN:0.6387498059946483
SAMPLES:1750.0
AUC:{'AUC macro OVO': 0.691155328520739}
AVGP:{'avg_precision': 0.9014951890922707}


METRICS_PER_CLASSES
CLASS:0
ACC:0.8325714285714285
PREC:0.48863636363636365
REC:0.44947735191637633
TNR:0.9077238550922762
FPR:0.5113636363636364
FPDR:0.5113636363636364
F1:0.46823956442831216
BACC:0
CLSFE:0.5113636363636364
MCC:0.3695427284462338
GMEAN:0.6387498059946483
SAMPLES:264
AUC:{}
AVGP:{}
CLASS:1
ACC:0.8325714285714285
PREC:0.8936742934051144
REC:0.9077238550922762
TNR:0.44947735191637633
FPR:0.1063257065948856
FPDR:0.1063257065948856
F1:0.9006442861987114
BACC:0
CLSFE:0.1063257065948856
MCC:0.3695427284462338
GMEAN:0.6387498059946483
SAMPLES:1486
AUC:{}
AVGP:{}
