

GENERAL_METRICS
ACC:0.8468571428571429
PREC:0.6843953823699567
REC:0.6657874378533087
TNR:0.6657874378533087
FPR:0.3156046176300434
FPDR:0.3156046176300434
F1:0.6741752256458139
BACC:0.0
CLSFE:0.15314285714285714
MCC:0.3496880781216099
GMEAN:0.6151345459405358
SAMPLES:1750.0
AUC:{'AUC macro OVO': 0.6843953823699567}
AVGP:{'avg_precision': 0.9158302087069327}


METRICS_PER_CLASSES
CLASS:0
ACC:0.8468571428571429
PREC:0.4663677130044843
REC:0.41106719367588934
TNR:0.9205076820307281
FPR:0.5336322869955157
FPDR:0.5336322869955157
F1:0.4369747899159664
BACC:0
CLSFE:0.5336322869955157
MCC:0.3496880781216099
GMEAN:0.6151345459405358
SAMPLES:223
AUC:{}
AVGP:{}
CLASS:1
ACC:0.8468571428571429
PREC:0.9024230517354289
REC:0.9205076820307281
TNR:0.41106719367588934
FPR:0.09757694826457106
FPDR:0.09757694826457106
F1:0.9113756613756614
BACC:0
CLSFE:0.09757694826457106
MCC:0.3496880781216099
GMEAN:0.6151345459405358
SAMPLES:1527
AUC:{}
AVGP:{}
