

GENERAL_METRICS
ACC:0.8565714285714285
PREC:0.5893697266073896
REC:0.6675909770687936
TNR:0.6675909770687936
FPR:0.41063027339261043
FPDR:0.41063027339261043
F1:0.6085293805718278
BACC:0.0
CLSFE:0.14342857142857143
MCC:0.2447656822555269
GMEAN:0.6308425817200882
SAMPLES:1750.0
AUC:{'AUC macro OVO': 0.5893697266073895}
AVGP:{'avg_precision': 0.8850571717767186}


METRICS_PER_CLASSES
CLASS:0
ACC:0.8565714285714285
PREC:0.2217573221757322
REC:0.4491525423728814
TNR:0.8860294117647058
FPR:0.7782426778242678
FPDR:0.7782426778242678
F1:0.2969187675070028
BACC:0
CLSFE:0.7782426778242678
MCC:0.2447656822555269
GMEAN:0.6308425817200882
SAMPLES:239
AUC:{}
AVGP:{}
CLASS:1
ACC:0.8565714285714285
PREC:0.956982131039047
REC:0.8860294117647058
TNR:0.4491525423728814
FPR:0.04301786896095301
FPDR:0.04301786896095301
F1:0.9201399936366529
BACC:0
CLSFE:0.04301786896095301
MCC:0.2447656822555269
GMEAN:0.6308425817200882
SAMPLES:1511
AUC:{}
AVGP:{}
