

GENERAL_METRICS
ACC:0.852
PREC:0.5862195274019577
REC:0.6855492008117673
TNR:0.6855492008117673
FPR:0.41378047259804224
FPDR:0.41378047259804224
F1:0.6058047800899452
BACC:0.0
CLSFE:0.148
MCC:0.2529661195006282
GMEAN:0.6586545927616053
SAMPLES:1750.0
AUC:{'AUC macro OVO': 0.5862195274019578}
AVGP:{'avg_precision': 0.8748334951901566}


METRICS_PER_CLASSES
CLASS:0
ACC:0.852
PREC:0.20930232558139536
REC:0.4954128440366973
TNR:0.8756855575868373
FPR:0.7906976744186046
FPDR:0.7906976744186046
F1:0.29427792915531337
BACC:0
CLSFE:0.7906976744186046
MCC:0.2529661195006282
GMEAN:0.6586545927616053
SAMPLES:258
AUC:{}
AVGP:{}
CLASS:1
ACC:0.852
PREC:0.9631367292225201
REC:0.8756855575868373
TNR:0.4954128440366973
FPR:0.03686327077747989
FPDR:0.03686327077747989
F1:0.917331631024577
BACC:0
CLSFE:0.03686327077747989
MCC:0.2529661195006282
GMEAN:0.6586545927616053
SAMPLES:1492
AUC:{}
AVGP:{}
