

GENERAL_METRICS
ACC:0.8497142857142858
PREC:0.5689204495948419
REC:0.6612331373227257
TNR:0.6612331373227257
FPR:0.43107955040515816
FPDR:0.43107955040515816
F1:0.5835968366930577
BACC:0.0
CLSFE:0.15028571428571427
MCC:0.2108294126906313
GMEAN:0.6262409235448295
SAMPLES:1750.0
AUC:{'AUC macro OVO': 0.5689204495948418}
AVGP:{'avg_precision': 0.8728352880094329}


METRICS_PER_CLASSES
CLASS:0
ACC:0.8497142857142858
PREC:0.17391304347826086
REC:0.4489795918367347
TNR:0.8734866828087167
FPR:0.8260869565217391
FPDR:0.8260869565217391
F1:0.25071225071225073
BACC:0
CLSFE:0.8260869565217391
MCC:0.2108294126906313
GMEAN:0.6262409235448295
SAMPLES:253
AUC:{}
AVGP:{}
CLASS:1
ACC:0.8497142857142858
PREC:0.9639278557114228
REC:0.8734866828087167
TNR:0.4489795918367347
FPR:0.036072144288577156
FPDR:0.036072144288577156
F1:0.9164814226738647
BACC:0
CLSFE:0.036072144288577156
MCC:0.2108294126906313
GMEAN:0.6262409235448295
SAMPLES:1497
AUC:{}
AVGP:{}
