

GENERAL_METRICS
ACC:0.8451428571428572
PREC:0.5846396488543064
REC:0.6768138268686954
TNR:0.6768138268686954
FPR:0.41536035114569364
FPDR:0.41536035114569364
F1:0.602742812723287
BACC:0.0
CLSFE:0.15485714285714286
MCC:0.24466679561193014
GMEAN:0.6483976659392433
SAMPLES:1750.0
AUC:{'AUC macro OVO': 0.5846396488543063}
AVGP:{'avg_precision': 0.8699206664279449}


METRICS_PER_CLASSES
CLASS:0
ACC:0.8451428571428572
PREC:0.20973782771535582
REC:0.4827586206896552
TNR:0.8708690330477357
FPR:0.7902621722846442
FPDR:0.7902621722846442
F1:0.2924281984334204
BACC:0
CLSFE:0.7902621722846442
MCC:0.24466679561193014
GMEAN:0.6483976659392433
SAMPLES:267
AUC:{}
AVGP:{}
CLASS:1
ACC:0.8451428571428572
PREC:0.959541469993257
REC:0.8708690330477357
TNR:0.4827586206896552
FPR:0.04045853000674309
FPDR:0.04045853000674309
F1:0.9130574270131536
BACC:0
CLSFE:0.04045853000674309
MCC:0.24466679561193014
GMEAN:0.6483976659392433
SAMPLES:1483
AUC:{}
AVGP:{}
