

GENERAL_METRICS
ACC:0.852
PREC:0.8509428218971787
REC:0.8529786171224158
TNR:0.8529786171224158
FPR:0.14905717810282126
FPDR:0.14905717810282126
F1:0.8514652749899638
BACC:0.0
CLSFE:0.148
MCC:0.7039184951748445
GMEAN:0.8528990526542958
SAMPLES:500.0
AUC:{'AUC macro OVO': 0.8509428218971787}
AVGP:{'avg_precision': 0.7963589483411548}


METRICS_PER_CLASSES
CLASS:0
ACC:0.852
PREC:0.8803088803088803
REC:0.8413284132841329
TNR:0.8646288209606987
FPR:0.11969111969111969
FPDR:0.11969111969111969
F1:0.8603773584905661
BACC:0
CLSFE:0.11969111969111969
MCC:0.7039184951748445
GMEAN:0.8528990526542958
SAMPLES:259
AUC:{}
AVGP:{}
CLASS:1
ACC:0.852
PREC:0.8215767634854771
REC:0.8646288209606987
TNR:0.8413284132841329
FPR:0.17842323651452283
FPDR:0.17842323651452283
F1:0.8425531914893617
BACC:0
CLSFE:0.17842323651452283
MCC:0.7039184951748445
GMEAN:0.8528990526542958
SAMPLES:241
AUC:{}
AVGP:{}
