

GENERAL_METRICS
ACC:0.804
PREC:0.8031689069033467
REC:0.8041825400652618
TNR:0.8041825400652618
FPR:0.19683109309665325
FPDR:0.19683109309665325
F1:0.803468579037718
BACC:0.0
CLSFE:0.196
MCC:0.6073506011215232
GMEAN:0.804178059682146
SAMPLES:500.0
AUC:{'AUC macro OVO': 0.8031689069033467}
AVGP:{'avg_precision': 0.7354231830890602}


METRICS_PER_CLASSES
CLASS:0
ACC:0.804
PREC:0.8262548262548263
REC:0.8014981273408239
TNR:0.8068669527896996
FPR:0.17374517374517376
FPDR:0.17374517374517376
F1:0.8136882129277566
BACC:0
CLSFE:0.17374517374517376
MCC:0.6073506011215232
GMEAN:0.804178059682146
SAMPLES:259
AUC:{}
AVGP:{}
CLASS:1
ACC:0.804
PREC:0.7800829875518672
REC:0.8068669527896996
TNR:0.8014981273408239
FPR:0.21991701244813278
FPDR:0.21991701244813278
F1:0.7932489451476793
BACC:0
CLSFE:0.21991701244813278
MCC:0.6073506011215232
GMEAN:0.804178059682146
SAMPLES:241
AUC:{}
AVGP:{}
