

GENERAL_METRICS
ACC:0.858
PREC:0.8576115485564304
REC:0.8588117221999197
TNR:0.8588117221999197
FPR:0.14238845144356954
FPDR:0.14238845144356954
F1:0.8577946554825168
BACC:0.0
CLSFE:0.142
MCC:0.7164222654722926
GMEAN:0.8587051579990346
SAMPLES:500.0
AUC:{'AUC macro OVO': 0.8576115485564305}
AVGP:{'avg_precision': 0.8089503546099291}


METRICS_PER_CLASSES
CLASS:0
ACC:0.858
PREC:0.8818897637795275
REC:0.8452830188679246
TNR:0.8723404255319149
FPR:0.11811023622047244
FPDR:0.11811023622047244
F1:0.8631984585741811
BACC:0
CLSFE:0.11811023622047244
MCC:0.7164222654722926
GMEAN:0.8587051579990346
SAMPLES:254
AUC:{}
AVGP:{}
CLASS:1
ACC:0.858
PREC:0.8333333333333334
REC:0.8723404255319149
TNR:0.8452830188679246
FPR:0.16666666666666666
FPDR:0.16666666666666666
F1:0.8523908523908524
BACC:0
CLSFE:0.16666666666666666
MCC:0.7164222654722926
GMEAN:0.8587051579990346
SAMPLES:246
AUC:{}
AVGP:{}
