

GENERAL_METRICS
ACC:0.868
PREC:0.8665992844651939
REC:0.8687289215923577
TNR:0.8687289215923577
FPR:0.13340071553480612
FPDR:0.13340071553480612
F1:0.8673121461657232
BACC:0.0
CLSFE:0.132
MCC:0.7353251221531355
GMEAN:0.8686927905299977
SAMPLES:500.0
AUC:{'AUC macro OVO': 0.8665992844651939}
AVGP:{'avg_precision': 0.8120917489172661}


METRICS_PER_CLASSES
CLASS:0
ACC:0.868
PREC:0.8935361216730038
REC:0.8608058608058609
TNR:0.8766519823788547
FPR:0.10646387832699619
FPDR:0.10646387832699619
F1:0.8768656716417911
BACC:0
CLSFE:0.10646387832699619
MCC:0.7353251221531355
GMEAN:0.8686927905299977
SAMPLES:263
AUC:{}
AVGP:{}
CLASS:1
ACC:0.868
PREC:0.8396624472573839
REC:0.8766519823788547
TNR:0.8608058608058609
FPR:0.16033755274261605
FPDR:0.16033755274261605
F1:0.8577586206896551
BACC:0
CLSFE:0.16033755274261605
MCC:0.7353251221531355
GMEAN:0.8686927905299977
SAMPLES:237
AUC:{}
AVGP:{}
