

GENERAL_METRICS
ACC:0.904
PREC:0.49447866225874154
REC:0.46930143872421565
TNR:0.46930143872421565
FPR:0.5055213377412584
FPDR:0.5055213377412584
F1:0.4779664786522268
BACC:0.0
CLSFE:0.096
MCC:-0.026038212302254813
GMEAN:0.14270253873208572
SAMPLES:3250.0
AUC:{'AUC macro OVO': 0.49447866225874154}
AVGP:{'avg_precision': 0.9163932030343945}


METRICS_PER_CLASSES
CLASS:0
ACC:0.904
PREC:0.0037174721189591076
REC:0.022222222222222223
TNR:0.916380655226209
FPR:0.9962825278810409
FPDR:0.9962825278810409
F1:0.006369426751592357
BACC:0
CLSFE:0.9962825278810409
MCC:-0.026038212302254813
GMEAN:0.14270253873208572
SAMPLES:269
AUC:{}
AVGP:{}
CLASS:1
ACC:0.904
PREC:0.985239852398524
REC:0.916380655226209
TNR:0.022222222222222223
FPR:0.014760147601476014
FPDR:0.014760147601476014
F1:0.9495635305528612
BACC:0
CLSFE:0.014760147601476014
MCC:-0.026038212302254813
GMEAN:0.14270253873208572
SAMPLES:2981
AUC:{}
AVGP:{}
