

GENERAL_METRICS
ACC:0.9076923076923077
PREC:0.49607515794297685
REC:0.4808892629216635
TNR:0.4808892629216635
FPR:0.5039248420570231
FPDR:0.5039248420570231
F1:0.4823697801637729
BACC:0.0
CLSFE:0.09230769230769231
MCC:-0.017321273004691846
GMEAN:0.19388216485664317
SAMPLES:3250.0
AUC:{'AUC macro OVO': 0.49607515794297685}
AVGP:{'avg_precision': 0.920971242492885}


METRICS_PER_CLASSES
CLASS:0
ACC:0.9076923076923077
PREC:0.00784313725490196
REC:0.04081632653061224
TNR:0.9209621993127147
FPR:0.9921568627450981
FPDR:0.9921568627450981
F1:0.013157894736842105
BACC:0
CLSFE:0.9921568627450981
MCC:-0.017321273004691846
GMEAN:0.19388216485664317
SAMPLES:255
AUC:{}
AVGP:{}
CLASS:1
ACC:0.9076923076923077
PREC:0.9843071786310518
REC:0.9209621993127147
TNR:0.04081632653061224
FPR:0.015692821368948246
FPDR:0.015692821368948246
F1:0.9515816655907037
BACC:0
CLSFE:0.015692821368948246
MCC:-0.017321273004691846
GMEAN:0.19388216485664317
SAMPLES:2995
AUC:{}
AVGP:{}
