

GENERAL_METRICS
ACC:0.9070769230769231
PREC:0.4921535893155259
REC:0.4601935685295036
TNR:0.4601935685295036
FPR:0.5078464106844741
FPDR:0.5078464106844741
F1:0.4756373023555986
BACC:0.0
CLSFE:0.09292307692307693
MCC:-0.03534615165479207
GMEAN:0.0
SAMPLES:3250.0
AUC:{'AUC macro OVO': 0.4921535893155259}
AVGP:{'avg_precision': 0.9204052045884009}


METRICS_PER_CLASSES
CLASS:0
ACC:0.9070769230769231
PREC:0.0
REC:0.0
TNR:0.9203871370590072
FPR:1.0
FPDR:1.0
F1:0.0
BACC:0
CLSFE:1.0
MCC:-0.03534615165479207
GMEAN:0
SAMPLES:255
AUC:{}
AVGP:{}
CLASS:1
ACC:0.9070769230769231
PREC:0.9843071786310518
REC:0.9203871370590072
TNR:0.0
FPR:0.015692821368948246
FPDR:0.015692821368948246
F1:0.9512746047111972
BACC:0
CLSFE:0.015692821368948246
MCC:-0.03534615165479207
GMEAN:0
SAMPLES:2995
AUC:{}
AVGP:{}
