

GENERAL_METRICS
ACC:0.9110769230769231
PREC:0.4970183968128428
REC:0.4842057505812964
TNR:0.4842057505812964
FPR:0.5029816031871571
FPDR:0.5029816031871571
F1:0.48354577101378987
BACC:0.0
CLSFE:0.08892307692307692
MCC:-0.01372474909141317
GMEAN:0.2048233114072232
SAMPLES:3250.0
AUC:{'AUC macro OVO': 0.4970183968128428}
AVGP:{'avg_precision': 0.9229629409484391}


METRICS_PER_CLASSES
CLASS:0
ACC:0.9110769230769231
PREC:0.008032128514056224
REC:0.045454545454545456
TNR:0.9229569557080474
FPR:0.9919678714859438
FPDR:0.9919678714859438
F1:0.013651877133105802
BACC:0
CLSFE:0.9919678714859438
MCC:-0.01372474909141317
GMEAN:0.2048233114072232
SAMPLES:249
AUC:{}
AVGP:{}
CLASS:1
ACC:0.9110769230769231
PREC:0.9860046651116294
REC:0.9229569557080474
TNR:0.045454545454545456
FPR:0.013995334888370544
FPDR:0.013995334888370544
F1:0.953439664894474
BACC:0
CLSFE:0.013995334888370544
MCC:-0.01372474909141317
GMEAN:0.2048233114072232
SAMPLES:3001
AUC:{}
AVGP:{}
