

GENERAL_METRICS
ACC:0.8536
PREC:0.7862217096245779
REC:0.7609682962421084
TNR:0.7609682962421084
FPR:0.21377829037542204
FPDR:0.21377829037542204
F1:0.7722727232001083
BACC:0.0
CLSFE:0.1464
MCC:0.5466069590052054
GMEAN:0.7435860699263681
SAMPLES:1250.0
AUC:{'AUC macro OVO': 0.7862217096245778}
AVGP:{'avg_precision': 0.9109213906629667}


METRICS_PER_CLASSES
CLASS:0
ACC:0.8536
PREC:0.6779661016949152
REC:0.599250936329588
TNR:0.9226856561546287
FPR:0.3220338983050847
FPDR:0.3220338983050847
F1:0.6361829025844931
BACC:0
CLSFE:0.3220338983050847
MCC:0.5466069590052054
GMEAN:0.7435860699263681
SAMPLES:236
AUC:{}
AVGP:{}
CLASS:1
ACC:0.8536
PREC:0.8944773175542406
REC:0.9226856561546287
TNR:0.599250936329588
FPR:0.10552268244575937
FPDR:0.10552268244575937
F1:0.9083625438157236
BACC:0
CLSFE:0.10552268244575937
MCC:0.5466069590052054
GMEAN:0.7435860699263681
SAMPLES:1014
AUC:{}
AVGP:{}
