

GENERAL_METRICS
ACC:0.8648
PREC:0.7891943734015345
REC:0.7738545497111904
TNR:0.7738545497111904
FPR:0.21080562659846547
FPDR:0.21080562659846547
F1:0.7810815040037473
BACC:0.0
CLSFE:0.1352
MCC:0.5628399236262015
GMEAN:0.7591040077960833
SAMPLES:1250.0
AUC:{'AUC macro OVO': 0.7891943734015345}
AVGP:{'avg_precision': 0.9143595331652103}


METRICS_PER_CLASSES
CLASS:0
ACC:0.8648
PREC:0.6695652173913044
REC:0.6234817813765182
TNR:0.9242273180458624
FPR:0.33043478260869563
FPDR:0.33043478260869563
F1:0.6457023060796646
BACC:0
CLSFE:0.33043478260869563
MCC:0.5628399236262015
GMEAN:0.7591040077960833
SAMPLES:230
AUC:{}
AVGP:{}
CLASS:1
ACC:0.8648
PREC:0.9088235294117647
REC:0.9242273180458624
TNR:0.6234817813765182
FPR:0.09117647058823529
FPDR:0.09117647058823529
F1:0.9164607019278299
BACC:0
CLSFE:0.09117647058823529
MCC:0.5628399236262015
GMEAN:0.7591040077960833
SAMPLES:1020
AUC:{}
AVGP:{}
