

GENERAL_METRICS
ACC:0.8456
PREC:0.7666156770557999
REC:0.7747164446642149
TNR:0.7747164446642149
FPR:0.2333843229442001
FPDR:0.2333843229442001
F1:0.7705167534660293
BACC:0.0
CLSFE:0.1544
MCC:0.541271506334896
GMEAN:0.7650429161393093
SAMPLES:1250.0
AUC:{'AUC macro OVO': 0.7666156770557998}
AVGP:{'avg_precision': 0.8860347639431623}


METRICS_PER_CLASSES
CLASS:0
ACC:0.8456
PREC:0.6263736263736264
REC:0.6526717557251909
TNR:0.8967611336032388
FPR:0.37362637362637363
FPDR:0.37362637362637363
F1:0.6392523364485981
BACC:0
CLSFE:0.37362637362637363
MCC:0.541271506334896
GMEAN:0.7650429161393093
SAMPLES:273
AUC:{}
AVGP:{}
CLASS:1
ACC:0.8456
PREC:0.9068577277379734
REC:0.8967611336032388
TNR:0.6526717557251909
FPR:0.0931422722620266
FPDR:0.0931422722620266
F1:0.9017811704834605
BACC:0
CLSFE:0.0931422722620266
MCC:0.541271506334896
GMEAN:0.7650429161393093
SAMPLES:977
AUC:{}
AVGP:{}
