

GENERAL_METRICS
ACC:0.8456
PREC:0.7685028122489064
REC:0.7765252370462599
TNR:0.7765252370462599
FPR:0.23149718775109362
FPDR:0.23149718775109362
F1:0.7723667909331688
BACC:0.0
CLSFE:0.1544
MCC:0.5449690039065204
GMEAN:0.7672094149389964
SAMPLES:1250.0
AUC:{'AUC macro OVO': 0.7685028122489063}
AVGP:{'avg_precision': 0.8854924399879089}


METRICS_PER_CLASSES
CLASS:0
ACC:0.8456
PREC:0.6304347826086957
REC:0.6566037735849056
TNR:0.8964467005076142
FPR:0.3695652173913043
FPDR:0.3695652173913043
F1:0.6432532347504621
BACC:0
CLSFE:0.3695652173913043
MCC:0.5449690039065204
GMEAN:0.7672094149389964
SAMPLES:276
AUC:{}
AVGP:{}
CLASS:1
ACC:0.8456
PREC:0.9065708418891171
REC:0.8964467005076142
TNR:0.6566037735849056
FPR:0.09342915811088295
FPDR:0.09342915811088295
F1:0.9014803471158754
BACC:0
CLSFE:0.09342915811088295
MCC:0.5449690039065204
GMEAN:0.7672094149389964
SAMPLES:974
AUC:{}
AVGP:{}
