

GENERAL_METRICS
ACC:0.93325
PREC:0.49773333333333336
REC:0.46861662063771026
TNR:0.46861662063771026
FPR:0.5022666666666666
FPDR:0.5022666666666666
F1:0.482736324841588
BACC:0.0
CLSFE:0.06675
MCC:-0.01686839172984274
GMEAN:0.0
SAMPLES:4000.0
AUC:{'AUC macro OVO': 0.49773333333333336}
AVGP:{'avg_precision': 0.9372344505816387}


METRICS_PER_CLASSES
CLASS:0
ACC:0.93325
PREC:0.0
REC:0.0
TNR:0.9372332412754205
FPR:1.0
FPDR:1.0
F1:0.0
BACC:0
CLSFE:1.0
MCC:-0.01686839172984274
GMEAN:0
SAMPLES:250
AUC:{}
AVGP:{}
CLASS:1
ACC:0.93325
PREC:0.9954666666666667
REC:0.9372332412754205
TNR:0.0
FPR:0.004533333333333334
FPDR:0.004533333333333334
F1:0.965472649683176
BACC:0
CLSFE:0.004533333333333334
MCC:-0.01686839172984274
GMEAN:0
SAMPLES:3750
AUC:{}
AVGP:{}
