

GENERAL_METRICS
ACC:0.93675
PREC:0.49747742963356345
REC:0.4706103993971364
TNR:0.4706103993971364
FPR:0.5025225703664365
FPDR:0.5025225703664365
F1:0.48367109848973794
BACC:0.0
CLSFE:0.06325
MCC:-0.017220608068496204
GMEAN:0.0
SAMPLES:4000.0
AUC:{'AUC macro OVO': 0.49747742963356345}
AVGP:{'avg_precision': 0.9412222074036485}


METRICS_PER_CLASSES
CLASS:0
ACC:0.93675
PREC:0.0
REC:0.0
TNR:0.9412207987942728
FPR:1.0
FPDR:1.0
F1:0.0
BACC:0
CLSFE:1.0
MCC:-0.017220608068496204
GMEAN:0
SAMPLES:234
AUC:{}
AVGP:{}
CLASS:1
ACC:0.93675
PREC:0.9949548592671269
REC:0.9412207987942728
TNR:0.0
FPR:0.005045140732873075
FPDR:0.005045140732873075
F1:0.9673421969794759
BACC:0
CLSFE:0.005045140732873075
MCC:-0.017220608068496204
GMEAN:0
SAMPLES:3766
AUC:{}
AVGP:{}
