

GENERAL_METRICS
ACC:0.9345
PREC:0.4969423025791013
REC:0.46995222529544883
TNR:0.46995222529544883
FPR:0.5030576974208987
FPDR:0.5030576974208987
F1:0.48307056086844147
BACC:0.0
CLSFE:0.0655
MCC:-0.019170498503466332
GMEAN:0.0
SAMPLES:4000.0
AUC:{'AUC macro OVO': 0.4969423025791013}
AVGP:{'avg_precision': 0.9399065637619717}


METRICS_PER_CLASSES
CLASS:0
ACC:0.9345
PREC:0.0
REC:0.0
TNR:0.9399044505908977
FPR:1.0
FPDR:1.0
F1:0.0
BACC:0
CLSFE:1.0
MCC:-0.019170498503466332
GMEAN:0
SAMPLES:239
AUC:{}
AVGP:{}
CLASS:1
ACC:0.9345
PREC:0.9938846051582026
REC:0.9399044505908977
TNR:0.0
FPR:0.0061153948417973945
FPDR:0.0061153948417973945
F1:0.9661411217368829
BACC:0
CLSFE:0.0061153948417973945
MCC:-0.019170498503466332
GMEAN:0
SAMPLES:3761
AUC:{}
AVGP:{}
