

GENERAL_METRICS
ACC:0.92875
PREC:0.49705646240299706
REC:0.46694318753142283
TNR:0.46694318753142283
FPR:0.5029435375970029
FPDR:0.5029435375970029
F1:0.48152948801036943
BACC:0.0
CLSFE:0.07125
MCC:-0.019728554973776725
GMEAN:0.0
SAMPLES:4000.0
AUC:{'AUC macro OVO': 0.49705646240299706}
AVGP:{'avg_precision': 0.933888515750193}


METRICS_PER_CLASSES
CLASS:0
ACC:0.92875
PREC:0.0
REC:0.0
TNR:0.9338863750628457
FPR:1.0
FPDR:1.0
F1:0.0
BACC:0
CLSFE:1.0
MCC:-0.019728554973776725
GMEAN:0
SAMPLES:263
AUC:{}
AVGP:{}
CLASS:1
ACC:0.92875
PREC:0.9941129248059941
REC:0.9338863750628457
TNR:0.0
FPR:0.005887075194005887
FPDR:0.005887075194005887
F1:0.9630589760207389
BACC:0
CLSFE:0.005887075194005887
MCC:-0.019728554973776725
GMEAN:0
SAMPLES:3737
AUC:{}
AVGP:{}
