

GENERAL_METRICS
ACC:0.9266666666666666
PREC:0.5568511642809352
REC:0.6362049551138592
TNR:0.6362049551138592
FPR:0.4431488357190648
FPDR:0.4431488357190648
F1:0.5751940513573399
BACC:0.0
CLSFE:0.07333333333333333
MCC:0.17599329849804413
GMEAN:0.5576128806840221
SAMPLES:3750.0
AUC:{'AUC macro OVO': 0.5568511642809352}
AVGP:{'avg_precision': 0.9423824409067778}


METRICS_PER_CLASSES
CLASS:0
ACC:0.9266666666666666
PREC:0.1322314049586777
REC:0.32989690721649484
TNR:0.9425130030112236
FPR:0.8677685950413223
FPDR:0.8677685950413223
F1:0.1887905604719764
BACC:0
CLSFE:0.8677685950413223
MCC:0.17599329849804413
GMEAN:0.5576128806840221
SAMPLES:242
AUC:{}
AVGP:{}
CLASS:1
ACC:0.9266666666666666
PREC:0.9814709236031927
REC:0.9425130030112236
TNR:0.32989690721649484
FPR:0.018529076396807297
FPDR:0.018529076396807297
F1:0.9615975422427036
BACC:0
CLSFE:0.018529076396807297
MCC:0.17599329849804413
GMEAN:0.5576128806840221
SAMPLES:3508
AUC:{}
AVGP:{}
