

GENERAL_METRICS
ACC:0.9194666666666667
PREC:0.5227987687311842
REC:0.5943250997131062
TNR:0.5943250997131062
FPR:0.47720123126881575
FPDR:0.47720123126881575
F1:0.5268324640141988
BACC:0.0
CLSFE:0.08053333333333333
MCC:0.0927468842367225
GMEAN:0.4900521850545017
SAMPLES:3750.0
AUC:{'AUC macro OVO': 0.5227987687311842}
AVGP:{'avg_precision': 0.9305444312083349}


METRICS_PER_CLASSES
CLASS:0
ACC:0.9194666666666667
PREC:0.058823529411764705
REC:0.25806451612903225
TNR:0.93058568329718
FPR:0.9411764705882353
FPDR:0.9411764705882353
F1:0.09580838323353294
BACC:0
CLSFE:0.9411764705882353
MCC:0.0927468842367225
GMEAN:0.4900521850545017
SAMPLES:272
AUC:{}
AVGP:{}
CLASS:1
ACC:0.9194666666666667
PREC:0.9867740080506038
REC:0.93058568329718
TNR:0.25806451612903225
FPR:0.013225991949396205
FPDR:0.013225991949396205
F1:0.9578565447948646
BACC:0
CLSFE:0.013225991949396205
MCC:0.0927468842367225
GMEAN:0.4900521850545017
SAMPLES:3478
AUC:{}
AVGP:{}
