

GENERAL_METRICS
ACC:0.9253333333333333
PREC:0.538267581397863
REC:0.6283192858437556
TNR:0.6283192858437556
FPR:0.461732418602137
FPDR:0.461732418602137
F1:0.5510372322685362
BACC:0.0
CLSFE:0.07466666666666667
MCC:0.14014947329107694
GMEAN:0.5471576165180901
SAMPLES:3750.0
AUC:{'AUC macro OVO': 0.538267581397863}
AVGP:{'avg_precision': 0.9371250638654228}


METRICS_PER_CLASSES
CLASS:0
ACC:0.9253333333333333
PREC:0.09055118110236221
REC:0.3194444444444444
TNR:0.9371941272430668
FPR:0.9094488188976378
FPDR:0.9094488188976378
F1:0.1411042944785276
BACC:0
CLSFE:0.9094488188976378
MCC:0.14014947329107694
GMEAN:0.5471576165180901
SAMPLES:254
AUC:{}
AVGP:{}
CLASS:1
ACC:0.9253333333333333
PREC:0.9859839816933639
REC:0.9371941272430668
TNR:0.3194444444444444
FPR:0.014016018306636156
FPDR:0.014016018306636156
F1:0.9609701700585448
BACC:0
CLSFE:0.014016018306636156
MCC:0.14014947329107694
GMEAN:0.5471576165180901
SAMPLES:3496
AUC:{}
AVGP:{}
