

GENERAL_METRICS
ACC:0.9256
PREC:0.5407661806925832
REC:0.614581040277828
TNR:0.614581040277828
FPR:0.4592338193074168
FPDR:0.4592338193074168
F1:0.553946565676332
BACC:0.0
CLSFE:0.0744
MCC:0.1366898883152677
GMEAN:0.5213528613043713
SAMPLES:3750.0
AUC:{'AUC macro OVO': 0.5407661806925832}
AVGP:{'avg_precision': 0.9399200989092265}


METRICS_PER_CLASSES
CLASS:0
ACC:0.9256
PREC:0.09836065573770492
REC:0.2891566265060241
TNR:0.9400054540496319
FPR:0.9016393442622951
FPDR:0.9016393442622951
F1:0.14678899082568808
BACC:0
CLSFE:0.9016393442622951
MCC:0.1366898883152677
GMEAN:0.5213528613043713
SAMPLES:244
AUC:{}
AVGP:{}
CLASS:1
ACC:0.9256
PREC:0.9831717056474615
REC:0.9400054540496319
TNR:0.2891566265060241
FPR:0.016828294352538506
FPDR:0.016828294352538506
F1:0.9611041405269761
BACC:0
CLSFE:0.016828294352538506
MCC:0.1366898883152677
GMEAN:0.5213528613043713
SAMPLES:3506
AUC:{}
AVGP:{}
