

GENERAL_METRICS
ACC:0.761
PREC:0.7107750714063084
REC:0.6987387022797789
TNR:0.6987387022797789
FPR:0.28922492859369175
FPDR:0.28922492859369175
F1:0.7039437418785823
BACC:0.0
CLSFE:0.239
MCC:0.4093368498643503
GMEAN:0.6822013075616689
SAMPLES:1000.0
AUC:{'AUC macro OVO': 0.7107750714063082}
AVGP:{'avg_precision': 0.828654862434251}


METRICS_PER_CLASSES
CLASS:0
ACC:0.761
PREC:0.602996254681648
REC:0.5476190476190477
TNR:0.8498583569405099
FPR:0.3970037453183521
FPDR:0.3970037453183521
F1:0.5739750445632799
BACC:0
CLSFE:0.3970037453183521
MCC:0.4093368498643503
GMEAN:0.6822013075616689
SAMPLES:267
AUC:{}
AVGP:{}
CLASS:1
ACC:0.761
PREC:0.8185538881309686
REC:0.8498583569405099
TNR:0.5476190476190477
FPR:0.18144611186903137
FPDR:0.18144611186903137
F1:0.8339124391938847
BACC:0
CLSFE:0.18144611186903137
MCC:0.4093368498643503
GMEAN:0.6822013075616689
SAMPLES:733
AUC:{}
AVGP:{}
