

GENERAL_METRICS
ACC:0.772
PREC:0.7161557909693057
REC:0.7052579365079366
TNR:0.7052579365079366
FPR:0.2838442090306943
FPDR:0.2838442090306943
F1:0.7101287130223404
BACC:0.0
CLSFE:0.228
MCC:0.42127279341823415
GMEAN:0.6887524666507266
SAMPLES:1000.0
AUC:{'AUC macro OVO': 0.7161557909693056}
AVGP:{'avg_precision': 0.8375804881701108}


METRICS_PER_CLASSES
CLASS:0
ACC:0.772
PREC:0.6007751937984496
REC:0.5535714285714286
TNR:0.8569444444444444
FPR:0.3992248062015504
FPDR:0.3992248062015504
F1:0.5762081784386617
BACC:0
CLSFE:0.3992248062015504
MCC:0.42127279341823415
GMEAN:0.6887524666507266
SAMPLES:258
AUC:{}
AVGP:{}
CLASS:1
ACC:0.772
PREC:0.8315363881401617
REC:0.8569444444444444
TNR:0.5535714285714286
FPR:0.16846361185983827
FPDR:0.16846361185983827
F1:0.8440492476060192
BACC:0
CLSFE:0.16846361185983827
MCC:0.42127279341823415
GMEAN:0.6887524666507266
SAMPLES:742
AUC:{}
AVGP:{}
