

GENERAL_METRICS
ACC:0.746
PREC:0.6863609094106209
REC:0.6764607941078529
TNR:0.6764607941078529
FPR:0.31363909058937917
FPDR:0.31363909058937917
F1:0.6807826104441896
BACC:0.0
CLSFE:0.254
MCC:0.3626866088802276
GMEAN:0.6566590833829888
SAMPLES:1000.0
AUC:{'AUC macro OVO': 0.6863609094106208}
AVGP:{'avg_precision': 0.8199246733923923}


METRICS_PER_CLASSES
CLASS:0
ACC:0.746
PREC:0.5610687022900763
REC:0.513986013986014
TNR:0.8389355742296919
FPR:0.4389312977099237
FPDR:0.4389312977099237
F1:0.5364963503649635
BACC:0
CLSFE:0.4389312977099237
MCC:0.3626866088802276
GMEAN:0.6566590833829888
SAMPLES:262
AUC:{}
AVGP:{}
CLASS:1
ACC:0.746
PREC:0.8116531165311653
REC:0.8389355742296919
TNR:0.513986013986014
FPR:0.18834688346883469
FPDR:0.18834688346883469
F1:0.8250688705234159
BACC:0
CLSFE:0.18834688346883469
MCC:0.3626866088802276
GMEAN:0.6566590833829888
SAMPLES:738
AUC:{}
AVGP:{}
