

GENERAL_METRICS
ACC:0.8224
PREC:0.7213679981714569
REC:0.7306501547987616
TNR:0.7306501547987616
FPR:0.2786320018285431
FPDR:0.2786320018285431
F1:0.7257731714258608
BACC:0.0
CLSFE:0.1776
MCC:0.45192283874899936
GMEAN:0.7147278596169968
SAMPLES:1250.0
AUC:{'AUC macro OVO': 0.7213679981714569}
AVGP:{'avg_precision': 0.8727675965027062}


METRICS_PER_CLASSES
CLASS:0
ACC:0.8224
PREC:0.5478927203065134
REC:0.5789473684210527
TNR:0.8823529411764706
FPR:0.4521072796934866
FPDR:0.4521072796934866
F1:0.562992125984252
BACC:0
CLSFE:0.4521072796934866
MCC:0.45192283874899936
GMEAN:0.7147278596169968
SAMPLES:261
AUC:{}
AVGP:{}
CLASS:1
ACC:0.8224
PREC:0.8948432760364005
REC:0.8823529411764706
TNR:0.5789473684210527
FPR:0.1051567239635996
FPDR:0.1051567239635996
F1:0.8885542168674698
BACC:0
CLSFE:0.1051567239635996
MCC:0.45192283874899936
GMEAN:0.7147278596169968
SAMPLES:989
AUC:{}
AVGP:{}
