

GENERAL_METRICS
ACC:0.8072
PREC:0.7240413678114063
REC:0.7234775218334213
TNR:0.7234775218334213
FPR:0.27595863218859373
FPDR:0.27595863218859373
F1:0.723758425941124
BACC:0.0
CLSFE:0.1928
MCC:0.44751853443924805
GMEAN:0.7072103880943383
SAMPLES:1250.0
AUC:{'AUC macro OVO': 0.7240413678114063}
AVGP:{'avg_precision': 0.8634419329802385}


METRICS_PER_CLASSES
CLASS:0
ACC:0.8072
PREC:0.5729537366548043
REC:0.5709219858156028
TNR:0.8760330578512396
FPR:0.42704626334519574
FPDR:0.42704626334519574
F1:0.5719360568383659
BACC:0
CLSFE:0.42704626334519574
MCC:0.44751853443924805
GMEAN:0.7072103880943383
SAMPLES:281
AUC:{}
AVGP:{}
CLASS:1
ACC:0.8072
PREC:0.8751289989680082
REC:0.8760330578512396
TNR:0.5709219858156028
FPR:0.12487100103199174
FPDR:0.12487100103199174
F1:0.8755807950438823
BACC:0
CLSFE:0.12487100103199174
MCC:0.44751853443924805
GMEAN:0.7072103880943383
SAMPLES:969
AUC:{}
AVGP:{}
