

GENERAL_METRICS
ACC:0.8072
PREC:0.7143643075929631
REC:0.6896840791531337
TNR:0.6896840791531337
FPR:0.28563569240703685
FPDR:0.28563569240703685
F1:0.7000968649793776
BACC:0.0
CLSFE:0.1928
MCC:0.40329391906682804
GMEAN:0.6575503698370565
SAMPLES:1250.0
AUC:{'AUC macro OVO': 0.7143643075929631}
AVGP:{'avg_precision': 0.8863279184251773}


METRICS_PER_CLASSES
CLASS:0
ACC:0.8072
PREC:0.5670995670995671
REC:0.48161764705882354
TNR:0.8977505112474438
FPR:0.4329004329004329
FPDR:0.4329004329004329
F1:0.5208747514910537
BACC:0
CLSFE:0.4329004329004329
MCC:0.40329391906682804
GMEAN:0.6575503698370565
SAMPLES:231
AUC:{}
AVGP:{}
CLASS:1
ACC:0.8072
PREC:0.8616290480863592
REC:0.8977505112474438
TNR:0.48161764705882354
FPR:0.13837095191364082
FPDR:0.13837095191364082
F1:0.8793189784677016
BACC:0
CLSFE:0.13837095191364082
MCC:0.40329391906682804
GMEAN:0.6575503698370565
SAMPLES:1019
AUC:{}
AVGP:{}
