

GENERAL_METRICS
ACC:0.8184
PREC:0.7415607449009756
REC:0.723405651299099
TNR:0.723405651299099
FPR:0.25843925509902455
FPDR:0.25843925509902455
F1:0.7315462275031008
BACC:0.0
CLSFE:0.1816
MCC:0.46461181880317215
GMEAN:0.7021406462981427
SAMPLES:1250.0
AUC:{'AUC macro OVO': 0.7415607449009756}
AVGP:{'avg_precision': 0.8844562439526826}


METRICS_PER_CLASSES
CLASS:0
ACC:0.8184
PREC:0.611764705882353
REC:0.5492957746478874
TNR:0.8975155279503105
FPR:0.38823529411764707
FPDR:0.38823529411764707
F1:0.5788497217068646
BACC:0
CLSFE:0.38823529411764707
MCC:0.46461181880317215
GMEAN:0.7021406462981427
SAMPLES:255
AUC:{}
AVGP:{}
CLASS:1
ACC:0.8184
PREC:0.871356783919598
REC:0.8975155279503105
TNR:0.5492957746478874
FPR:0.12864321608040202
FPDR:0.12864321608040202
F1:0.8842427332993371
BACC:0
CLSFE:0.12864321608040202
MCC:0.46461181880317215
GMEAN:0.7021406462981427
SAMPLES:995
AUC:{}
AVGP:{}
