

GENERAL_METRICS
ACC:0.812
PREC:0.8158537369063685
REC:0.81658615136876
TNR:0.81658615136876
FPR:0.18414626309363152
FPDR:0.18414626309363152
F1:0.8119879672299026
BACC:0.0
CLSFE:0.188
MCC:0.6324394641785981
GMEAN:0.8145714026703301
SAMPLES:500.0
AUC:{'AUC macro OVO': 0.8158537369063685}
AVGP:{'avg_precision': 0.7903628636809414}


METRICS_PER_CLASSES
CLASS:0
ACC:0.812
PREC:0.8760683760683761
REC:0.7592592592592593
TNR:0.8739130434782608
FPR:0.12393162393162394
FPDR:0.12393162393162394
F1:0.8134920634920635
BACC:0
CLSFE:0.12393162393162394
MCC:0.6324394641785981
GMEAN:0.8145714026703301
SAMPLES:234
AUC:{}
AVGP:{}
CLASS:1
ACC:0.812
PREC:0.7556390977443609
REC:0.8739130434782608
TNR:0.7592592592592593
FPR:0.24436090225563908
FPDR:0.24436090225563908
F1:0.8104838709677419
BACC:0
CLSFE:0.24436090225563908
MCC:0.6324394641785981
GMEAN:0.8145714026703301
SAMPLES:266
AUC:{}
AVGP:{}
