

GENERAL_METRICS
ACC:0.828
PREC:0.830448717948718
REC:0.8329888250113042
TNR:0.8329888250113042
FPR:0.16955128205128206
FPDR:0.16955128205128206
F1:0.8278650461962178
BACC:0.0
CLSFE:0.172
MCC:0.663432680281083
GMEAN:0.8313662376299571
SAMPLES:500.0
AUC:{'AUC macro OVO': 0.8304487179487178}
AVGP:{'avg_precision': 0.8007351940095303}


METRICS_PER_CLASSES
CLASS:0
ACC:0.828
PREC:0.8916666666666667
REC:0.781021897810219
TNR:0.8849557522123894
FPR:0.10833333333333334
FPDR:0.10833333333333334
F1:0.8326848249027238
BACC:0
CLSFE:0.10833333333333334
MCC:0.663432680281083
GMEAN:0.8313662376299571
SAMPLES:240
AUC:{}
AVGP:{}
CLASS:1
ACC:0.828
PREC:0.7692307692307693
REC:0.8849557522123894
TNR:0.781021897810219
FPR:0.23076923076923078
FPDR:0.23076923076923078
F1:0.823045267489712
BACC:0
CLSFE:0.23076923076923078
MCC:0.663432680281083
GMEAN:0.8313662376299571
SAMPLES:260
AUC:{}
AVGP:{}
