

GENERAL_METRICS
ACC:0.82
PREC:0.8216886754701881
REC:0.8295806753144526
TNR:0.8295806753144526
FPR:0.17831132452981194
FPDR:0.17831132452981194
F1:0.8191638134735015
BACC:0.0
CLSFE:0.18
MCC:0.651221531899787
GMEAN:0.8273042641988416
SAMPLES:500.0
AUC:{'AUC macro OVO': 0.8216886754701881}
AVGP:{'avg_precision': 0.7908906235479974}


METRICS_PER_CLASSES
CLASS:0
ACC:0.82
PREC:0.9061224489795918
REC:0.7681660899653979
TNR:0.8909952606635071
FPR:0.09387755102040816
FPDR:0.09387755102040816
F1:0.8314606741573034
BACC:0
CLSFE:0.09387755102040816
MCC:0.651221531899787
GMEAN:0.8273042641988416
SAMPLES:245
AUC:{}
AVGP:{}
CLASS:1
ACC:0.82
PREC:0.7372549019607844
REC:0.8909952606635071
TNR:0.7681660899653979
FPR:0.2627450980392157
FPDR:0.2627450980392157
F1:0.8068669527896996
BACC:0
CLSFE:0.2627450980392157
MCC:0.651221531899787
GMEAN:0.8273042641988416
SAMPLES:255
AUC:{}
AVGP:{}
