

GENERAL_METRICS
ACC:0.816
PREC:0.8112345500889722
REC:0.8302965344765987
TNR:0.8302965344765987
FPR:0.18876544991102776
FPDR:0.18876544991102776
F1:0.8121037840664009
BACC:0.0
CLSFE:0.184
MCC:0.6412478251152854
GMEAN:0.8282265820222593
SAMPLES:500.0
AUC:{'AUC macro OVO': 0.8112345500889723}
AVGP:{'avg_precision': 0.7668256624825662}


METRICS_PER_CLASSES
CLASS:0
ACC:0.816
PREC:0.9195402298850575
REC:0.7717041800643086
TNR:0.8888888888888888
FPR:0.08045977011494253
FPDR:0.08045977011494253
F1:0.8391608391608392
BACC:0
CLSFE:0.08045977011494253
MCC:0.6412478251152854
GMEAN:0.8282265820222593
SAMPLES:261
AUC:{}
AVGP:{}
CLASS:1
ACC:0.816
PREC:0.702928870292887
REC:0.8888888888888888
TNR:0.7717041800643086
FPR:0.29707112970711297
FPDR:0.29707112970711297
F1:0.7850467289719626
BACC:0
CLSFE:0.29707112970711297
MCC:0.6412478251152854
GMEAN:0.8282265820222593
SAMPLES:239
AUC:{}
AVGP:{}
