

GENERAL_METRICS
ACC:0.814
PREC:0.8093188412767116
REC:0.8275891341256367
TNR:0.8275891341256367
FPR:0.19068115872328828
FPDR:0.19068115872328828
F1:0.8101723145505983
BACC:0.0
CLSFE:0.186
MCC:0.6366458713683243
GMEAN:0.8256499214977676
SAMPLES:500.0
AUC:{'AUC macro OVO': 0.8093188412767117}
AVGP:{'avg_precision': 0.7635371063642369}


METRICS_PER_CLASSES
CLASS:0
ACC:0.814
PREC:0.9157088122605364
REC:0.7709677419354839
TNR:0.8842105263157894
FPR:0.0842911877394636
FPDR:0.0842911877394636
F1:0.8371278458844134
BACC:0
CLSFE:0.0842911877394636
MCC:0.6366458713683243
GMEAN:0.8256499214977676
SAMPLES:261
AUC:{}
AVGP:{}
CLASS:1
ACC:0.814
PREC:0.702928870292887
REC:0.8842105263157894
TNR:0.7709677419354839
FPR:0.29707112970711297
FPDR:0.29707112970711297
F1:0.7832167832167832
BACC:0
CLSFE:0.29707112970711297
MCC:0.6366458713683243
GMEAN:0.8256499214977676
SAMPLES:239
AUC:{}
AVGP:{}
