

GENERAL_METRICS
ACC:0.784
PREC:0.7788839823364111
REC:0.7899464097898128
TNR:0.7899464097898128
FPR:0.2211160176635889
FPDR:0.2211160176635889
F1:0.7801696764423312
BACC:0.0
CLSFE:0.216
MCC:0.5687228127175065
GMEAN:0.7894084254668386
SAMPLES:500.0
AUC:{'AUC macro OVO': 0.7788839823364111}
AVGP:{'avg_precision': 0.7121385651662568}


METRICS_PER_CLASSES
CLASS:0
ACC:0.784
PREC:0.8641509433962264
REC:0.760797342192691
TNR:0.8190954773869347
FPR:0.13584905660377358
FPDR:0.13584905660377358
F1:0.8091872791519434
BACC:0
CLSFE:0.13584905660377358
MCC:0.5687228127175065
GMEAN:0.7894084254668386
SAMPLES:265
AUC:{}
AVGP:{}
CLASS:1
ACC:0.784
PREC:0.6936170212765957
REC:0.8190954773869347
TNR:0.760797342192691
FPR:0.30638297872340425
FPDR:0.30638297872340425
F1:0.7511520737327189
BACC:0
CLSFE:0.30638297872340425
MCC:0.5687228127175065
GMEAN:0.7894084254668386
SAMPLES:235
AUC:{}
AVGP:{}
