

GENERAL_METRICS
ACC:0.814
PREC:0.8152647077651879
REC:0.8222423974742765
TNR:0.8222423974742765
FPR:0.1847352922348121
FPDR:0.1847352922348121
F1:0.8131862392582088
BACC:0.0
CLSFE:0.186
MCC:0.6374689177341318
GMEAN:0.8203541767325805
SAMPLES:500.0
AUC:{'AUC macro OVO': 0.8152647077651879}
AVGP:{'avg_precision': 0.7803531847251488}


METRICS_PER_CLASSES
CLASS:0
ACC:0.814
PREC:0.8943089430894309
REC:0.7665505226480837
TNR:0.8779342723004695
FPR:0.10569105691056911
FPDR:0.10569105691056911
F1:0.8255159474671669
BACC:0
CLSFE:0.10569105691056911
MCC:0.6374689177341318
GMEAN:0.8203541767325805
SAMPLES:246
AUC:{}
AVGP:{}
CLASS:1
ACC:0.814
PREC:0.7362204724409449
REC:0.8779342723004695
TNR:0.7665505226480837
FPR:0.2637795275590551
FPDR:0.2637795275590551
F1:0.8008565310492506
BACC:0
CLSFE:0.2637795275590551
MCC:0.6374689177341318
GMEAN:0.8203541767325805
SAMPLES:254
AUC:{}
AVGP:{}
