

GENERAL_METRICS
ACC:0.796
PREC:0.7979696081728075
REC:0.8023854791270577
TNR:0.8023854791270577
FPR:0.2020303918271925
FPDR:0.2020303918271925
F1:0.7955288985823337
BACC:0.0
CLSFE:0.204
MCC:0.6003388467611804
GMEAN:0.8007313155840117
SAMPLES:500.0
AUC:{'AUC macro OVO': 0.7979696081728075}
AVGP:{'avg_precision': 0.7613066112325214}


METRICS_PER_CLASSES
CLASS:0
ACC:0.796
PREC:0.8683127572016461
REC:0.7508896797153025
TNR:0.8538812785388128
FPR:0.13168724279835392
FPDR:0.13168724279835392
F1:0.8053435114503816
BACC:0
CLSFE:0.13168724279835392
MCC:0.6003388467611804
GMEAN:0.8007313155840117
SAMPLES:243
AUC:{}
AVGP:{}
CLASS:1
ACC:0.796
PREC:0.7276264591439688
REC:0.8538812785388128
TNR:0.7508896797153025
FPR:0.2723735408560311
FPDR:0.2723735408560311
F1:0.7857142857142857
BACC:0
CLSFE:0.2723735408560311
MCC:0.6003388467611804
GMEAN:0.8007313155840117
SAMPLES:257
AUC:{}
AVGP:{}
