

GENERAL_METRICS
ACC:0.8975384615384615
PREC:0.6364685060522739
REC:0.6494324473975637
TNR:0.6494324473975637
FPR:0.36353149394772605
FPDR:0.36353149394772605
F1:0.6425238854160645
BACC:0.0
CLSFE:0.10246153846153847
MCC:0.28560688263471895
GMEAN:0.5805375177573019
SAMPLES:3250.0
AUC:{'AUC macro OVO': 0.6364685060522739}
AVGP:{'avg_precision': 0.939392940509687}


METRICS_PER_CLASSES
CLASS:0
ACC:0.8975384615384615
PREC:0.32452830188679244
REC:0.35833333333333334
TNR:0.9405315614617941
FPR:0.6754716981132075
FPDR:0.6754716981132075
F1:0.3405940594059406
BACC:0
CLSFE:0.6754716981132075
MCC:0.28560688263471895
GMEAN:0.5805375177573019
SAMPLES:265
AUC:{}
AVGP:{}
CLASS:1
ACC:0.8975384615384615
PREC:0.9484087102177554
REC:0.9405315614617941
TNR:0.35833333333333334
FPR:0.05159128978224456
FPDR:0.05159128978224456
F1:0.9444537114261885
BACC:0
CLSFE:0.05159128978224456
MCC:0.28560688263471895
GMEAN:0.5805375177573019
SAMPLES:2985
AUC:{}
AVGP:{}
