

GENERAL_METRICS
ACC:0.8953846153846153
PREC:0.6532655869588229
REC:0.6310065399217526
TNR:0.6310065399217526
FPR:0.3467344130411771
FPDR:0.3467344130411771
F1:0.6408611013246213
BACC:0.0
CLSFE:0.10461538461538461
MCC:0.28339932418092934
GMEAN:0.5443292070256934
SAMPLES:3250.0
AUC:{'AUC macro OVO': 0.6532655869588229}
AVGP:{'avg_precision': 0.9487527445752879}


METRICS_PER_CLASSES
CLASS:0
ACC:0.8953846153846153
PREC:0.3702127659574468
REC:0.3118279569892473
TNR:0.9501851228542578
FPR:0.6297872340425532
FPDR:0.6297872340425532
F1:0.33852140077821014
BACC:0
CLSFE:0.6297872340425532
MCC:0.28339932418092934
GMEAN:0.5443292070256934
SAMPLES:235
AUC:{}
AVGP:{}
CLASS:1
ACC:0.8953846153846153
PREC:0.936318407960199
REC:0.9501851228542578
TNR:0.3118279569892473
FPR:0.06368159203980099
FPDR:0.06368159203980099
F1:0.9432008018710324
BACC:0
CLSFE:0.06368159203980099
MCC:0.28339932418092934
GMEAN:0.5443292070256934
SAMPLES:3015
AUC:{}
AVGP:{}
