

GENERAL_METRICS
ACC:0.9046153846153846
PREC:0.6487368635963122
REC:0.6569039198349543
TNR:0.6569039198349543
FPR:0.35126313640368784
FPDR:0.35126313640368784
F1:0.6526671713766032
BACC:0.0
CLSFE:0.09538461538461539
MCC:0.3055316476060593
GMEAN:0.5897291736984039
SAMPLES:3250.0
AUC:{'AUC macro OVO': 0.6487368635963122}
AVGP:{'avg_precision': 0.94517256930393}


METRICS_PER_CLASSES
CLASS:0
ACC:0.9046153846153846
PREC:0.3467741935483871
REC:0.36752136752136755
TNR:0.9462864721485411
FPR:0.6532258064516129
FPDR:0.6532258064516129
F1:0.35684647302904565
BACC:0
CLSFE:0.6532258064516129
MCC:0.3055316476060593
GMEAN:0.5897291736984039
SAMPLES:248
AUC:{}
AVGP:{}
CLASS:1
ACC:0.9046153846153846
PREC:0.9506995336442372
REC:0.9462864721485411
TNR:0.36752136752136755
FPR:0.04930046635576282
FPDR:0.04930046635576282
F1:0.9484878697241609
BACC:0
CLSFE:0.04930046635576282
MCC:0.3055316476060593
GMEAN:0.5897291736984039
SAMPLES:3002
AUC:{}
AVGP:{}
