

GENERAL_METRICS
ACC:0.861
PREC:0.6196236559139785
REC:0.6781295487627366
TNR:0.6781295487627366
FPR:0.3803763440860215
FPDR:0.3803763440860215
F1:0.6392833416376017
BACC:0.0
CLSFE:0.139
MCC:0.29194867938941493
GMEAN:0.641521089745352
SAMPLES:2000.0
AUC:{'AUC macro OVO': 0.6196236559139785}
AVGP:{'avg_precision': 0.8963570749401325}


METRICS_PER_CLASSES
CLASS:0
ACC:0.861
PREC:0.2916666666666667
REC:0.4583333333333333
TNR:0.8979257641921398
FPR:0.7083333333333334
FPDR:0.7083333333333334
F1:0.35648148148148145
BACC:0
CLSFE:0.7083333333333334
MCC:0.29194867938941493
GMEAN:0.641521089745352
SAMPLES:264
AUC:{}
AVGP:{}
CLASS:1
ACC:0.861
PREC:0.9475806451612904
REC:0.8979257641921398
TNR:0.4583333333333333
FPR:0.05241935483870968
FPDR:0.05241935483870968
F1:0.922085201793722
BACC:0
CLSFE:0.05241935483870968
MCC:0.29194867938941493
GMEAN:0.641521089745352
SAMPLES:1736
AUC:{}
AVGP:{}
