

GENERAL_METRICS
ACC:0.86
PREC:0.6089508300572003
REC:0.6956594479040803
TNR:0.6956594479040803
FPR:0.39104916994279965
FPDR:0.39104916994279965
F1:0.6321897060407586
BACC:0.0
CLSFE:0.14
MCC:0.292008624925245
GMEAN:0.6685782921995345
SAMPLES:2000.0
AUC:{'AUC macro OVO': 0.6089508300572004}
AVGP:{'avg_precision': 0.8866823217284543}


METRICS_PER_CLASSES
CLASS:0
ACC:0.86
PREC:0.2597864768683274
REC:0.503448275862069
TNR:0.8878706199460916
FPR:0.7402135231316725
FPDR:0.7402135231316725
F1:0.3427230046948357
BACC:0
CLSFE:0.7402135231316725
MCC:0.292008624925245
GMEAN:0.6685782921995345
SAMPLES:281
AUC:{}
AVGP:{}
CLASS:1
ACC:0.86
PREC:0.9581151832460733
REC:0.8878706199460916
TNR:0.503448275862069
FPR:0.041884816753926704
FPDR:0.041884816753926704
F1:0.9216564073866816
BACC:0
CLSFE:0.041884816753926704
MCC:0.292008624925245
GMEAN:0.6685782921995345
SAMPLES:1719
AUC:{}
AVGP:{}
