

GENERAL_METRICS
ACC:0.8575
PREC:0.6000035837155964
REC:0.6525285341914943
TNR:0.6525285341914943
FPR:0.3999964162844037
FPDR:0.3999964162844037
F1:0.6168775520492009
BACC:0.0
CLSFE:0.1425
MCC:0.24700931187334854
GMEAN:0.6053035124165651
SAMPLES:2000.0
AUC:{'AUC macro OVO': 0.6000035837155964}
AVGP:{'avg_precision': 0.8949448743951482}


METRICS_PER_CLASSES
CLASS:0
ACC:0.8575
PREC:0.25390625
REC:0.4088050314465409
TNR:0.8962520369364476
FPR:0.74609375
FPDR:0.74609375
F1:0.3132530120481928
BACC:0
CLSFE:0.74609375
MCC:0.24700931187334854
GMEAN:0.6053035124165651
SAMPLES:256
AUC:{}
AVGP:{}
CLASS:1
ACC:0.8575
PREC:0.9461009174311926
REC:0.8962520369364476
TNR:0.4088050314465409
FPR:0.05389908256880734
FPDR:0.05389908256880734
F1:0.9205020920502092
BACC:0
CLSFE:0.05389908256880734
MCC:0.24700931187334854
GMEAN:0.6053035124165651
SAMPLES:1744
AUC:{}
AVGP:{}
