

GENERAL_METRICS
ACC:0.8615
PREC:0.6131267378747531
REC:0.6642371010760599
TNR:0.6642371010760599
FPR:0.38687326212524686
FPDR:0.38687326212524686
F1:0.6307747265966827
BACC:0.0
CLSFE:0.1385
MCC:0.27261406774222613
GMEAN:0.6206982003060322
SAMPLES:2000.0
AUC:{'AUC macro OVO': 0.6131267378747531}
AVGP:{'avg_precision': 0.8992808063550601}


METRICS_PER_CLASSES
CLASS:0
ACC:0.8615
PREC:0.28063241106719367
REC:0.42771084337349397
TNR:0.9007633587786259
FPR:0.7193675889328063
FPDR:0.7193675889328063
F1:0.33890214797136037
BACC:0
CLSFE:0.7193675889328063
MCC:0.27261406774222613
GMEAN:0.6206982003060322
SAMPLES:253
AUC:{}
AVGP:{}
CLASS:1
ACC:0.8615
PREC:0.9456210646823126
REC:0.9007633587786259
TNR:0.42771084337349397
FPR:0.05437893531768746
FPDR:0.05437893531768746
F1:0.922647305222005
BACC:0
CLSFE:0.05437893531768746
MCC:0.27261406774222613
GMEAN:0.6206982003060322
SAMPLES:1747
AUC:{}
AVGP:{}
