

GENERAL_METRICS
ACC:0.8186666666666667
PREC:0.8129388554029702
REC:0.801257701740743
TNR:0.801257701740743
FPR:0.18706114459702977
FPDR:0.18706114459702977
F1:0.8059493641987991
BACC:0.0
CLSFE:0.18133333333333335
MCC:0.6140854675501692
GMEAN:0.7973877987211249
SAMPLES:750.0
AUC:{'AUC macro OVO': 0.8129388554029702}
AVGP:{'avg_precision': 0.8406545526724168}


METRICS_PER_CLASSES
CLASS:0
ACC:0.8186666666666667
PREC:0.793233082706767
REC:0.7226027397260274
TNR:0.8799126637554585
FPR:0.20676691729323307
FPDR:0.20676691729323307
F1:0.7562724014336918
BACC:0
CLSFE:0.20676691729323307
MCC:0.6140854675501692
GMEAN:0.7973877987211249
SAMPLES:266
AUC:{}
AVGP:{}
CLASS:1
ACC:0.8186666666666667
PREC:0.8326446280991735
REC:0.8799126637554585
TNR:0.7226027397260274
FPR:0.16735537190082644
FPDR:0.16735537190082644
F1:0.8556263269639066
BACC:0
CLSFE:0.16735537190082644
MCC:0.6140854675501692
GMEAN:0.7973877987211249
SAMPLES:484
AUC:{}
AVGP:{}
