

GENERAL_METRICS
ACC:0.8386666666666667
PREC:0.8274563038169901
REC:0.8161188266220021
TNR:0.8161188266220021
FPR:0.1725436961830099
FPDR:0.1725436961830099
F1:0.8211029520477059
BACC:0.0
CLSFE:0.16133333333333333
MCC:0.6434752599210158
GMEAN:0.8123548738473706
SAMPLES:750.0
AUC:{'AUC macro OVO': 0.8274563038169902}
AVGP:{'avg_precision': 0.863024753986126}


METRICS_PER_CLASSES
CLASS:0
ACC:0.8386666666666667
PREC:0.7943548387096774
REC:0.7378277153558053
TNR:0.8944099378881988
FPR:0.2056451612903226
FPDR:0.2056451612903226
F1:0.7650485436893204
BACC:0
CLSFE:0.2056451612903226
MCC:0.6434752599210158
GMEAN:0.8123548738473706
SAMPLES:248
AUC:{}
AVGP:{}
CLASS:1
ACC:0.8386666666666667
PREC:0.8605577689243028
REC:0.8944099378881988
TNR:0.7378277153558053
FPR:0.1394422310756972
FPDR:0.1394422310756972
F1:0.8771573604060914
BACC:0
CLSFE:0.1394422310756972
MCC:0.6434752599210158
GMEAN:0.8123548738473706
SAMPLES:502
AUC:{}
AVGP:{}
