

GENERAL_METRICS
ACC:0.8426666666666667
PREC:0.8332521616939057
REC:0.8215455014675408
TNR:0.8215455014675408
FPR:0.16674783830609424
FPDR:0.16674783830609424
F1:0.8266459817126202
BACC:0.0
CLSFE:0.15733333333333333
MCC:0.654693007285121
GMEAN:0.8180079234141776
SAMPLES:750.0
AUC:{'AUC macro OVO': 0.8332521616939057}
AVGP:{'avg_precision': 0.8655721965852372}


METRICS_PER_CLASSES
CLASS:0
ACC:0.8426666666666667
PREC:0.8047808764940239
REC:0.7453874538745388
TNR:0.8977035490605428
FPR:0.1952191235059761
FPDR:0.1952191235059761
F1:0.7739463601532567
BACC:0
CLSFE:0.1952191235059761
MCC:0.654693007285121
GMEAN:0.8180079234141776
SAMPLES:251
AUC:{}
AVGP:{}
CLASS:1
ACC:0.8426666666666667
PREC:0.8617234468937875
REC:0.8977035490605428
TNR:0.7453874538745388
FPR:0.13827655310621242
FPDR:0.13827655310621242
F1:0.8793456032719836
BACC:0
CLSFE:0.13827655310621242
MCC:0.654693007285121
GMEAN:0.8180079234141776
SAMPLES:499
AUC:{}
AVGP:{}
