

GENERAL_METRICS
ACC:0.8146666666666667
PREC:0.8049999999999999
REC:0.7909838880790102
TNR:0.7909838880790102
FPR:0.195
FPDR:0.195
F1:0.7966928706966657
BACC:0.0
CLSFE:0.18533333333333332
MCC:0.5958190526127815
GMEAN:0.7857754165916352
SAMPLES:750.0
AUC:{'AUC macro OVO': 0.8049999999999999}
AVGP:{'avg_precision': 0.8459267089499648}


METRICS_PER_CLASSES
CLASS:0
ACC:0.8146666666666667
PREC:0.776
REC:0.7003610108303249
TNR:0.8816067653276956
FPR:0.224
FPDR:0.224
F1:0.7362428842504743
BACC:0
CLSFE:0.224
MCC:0.5958190526127815
GMEAN:0.7857754165916352
SAMPLES:250
AUC:{}
AVGP:{}
CLASS:1
ACC:0.8146666666666667
PREC:0.834
REC:0.8816067653276956
TNR:0.7003610108303249
FPR:0.166
FPDR:0.166
F1:0.8571428571428571
BACC:0
CLSFE:0.166
MCC:0.5958190526127815
GMEAN:0.7857754165916352
SAMPLES:500
AUC:{}
AVGP:{}
