NAME: KRNN
DIMENSIONS: 2
SAMPLES_COUNT: (50,)
TOTAL_SIZE: 350
SIZES: dict_values([50, 300])
IMBALANCED: True
IMBALANCED_RATIO: {0: 4, 1: 1}
NO_LABELS: (2,)
MEAN: ([0, 2.0],)
ST_DEV: 0.2778008102675191
NOISE: 0.09069339669656706
