

GENERAL_METRICS
ACC:0.8898461538461538
PREC:0.5651190914348809
REC:0.5788146835517395
TNR:0.5788146835517395
FPR:0.4348809085651191
FPDR:0.4348809085651191
F1:0.570869429232367
BACC:0.0
CLSFE:0.11015384615384616
MCC:0.14328071167630244
GMEAN:0.45721792627736907
SAMPLES:3250.0
AUC:{'AUC macro OVO': 0.5651190914348809}
AVGP:{'avg_precision': 0.9332423404735638}


METRICS_PER_CLASSES
CLASS:0
ACC:0.8898461538461538
PREC:0.18218623481781376
REC:0.22388059701492538
TNR:0.9337487700885536
FPR:0.8178137651821862
FPDR:0.8178137651821862
F1:0.20089285714285715
BACC:0
CLSFE:0.8178137651821862
MCC:0.14328071167630244
GMEAN:0.45721792627736907
SAMPLES:247
AUC:{}
AVGP:{}
CLASS:1
ACC:0.8898461538461538
PREC:0.948051948051948
REC:0.9337487700885536
TNR:0.22388059701492538
FPR:0.05194805194805195
FPDR:0.05194805194805195
F1:0.940846001321877
BACC:0
CLSFE:0.05194805194805195
MCC:0.14328071167630244
GMEAN:0.45721792627736907
SAMPLES:3003
AUC:{}
AVGP:{}
