

GENERAL_METRICS
ACC:0.8746666666666667
PREC:0.5626234106552991
REC:0.6204370063370257
TNR:0.6204370063370257
FPR:0.4373765893447009
FPDR:0.4373765893447009
F1:0.5764228054762623
BACC:0.0
CLSFE:0.12533333333333332
MCC:0.17369140572795663
GMEAN:0.5514654453752023
SAMPLES:2250.0
AUC:{'AUC macro OVO': 0.5626234106552991}
AVGP:{'avg_precision': 0.9042381014174463}


METRICS_PER_CLASSES
CLASS:0
ACC:0.8746666666666667
PREC:0.1646090534979424
REC:0.33613445378151263
TNR:0.9047395588925388
FPR:0.8353909465020576
FPDR:0.8353909465020576
F1:0.22099447513812154
BACC:0
CLSFE:0.8353909465020576
MCC:0.17369140572795663
GMEAN:0.5514654453752023
SAMPLES:243
AUC:{}
AVGP:{}
CLASS:1
ACC:0.8746666666666667
PREC:0.9606377678126558
REC:0.9047395588925388
TNR:0.33613445378151263
FPR:0.0393622321873443
FPDR:0.0393622321873443
F1:0.931851135814403
BACC:0
CLSFE:0.0393622321873443
MCC:0.17369140572795663
GMEAN:0.5514654453752023
SAMPLES:2007
AUC:{}
AVGP:{}
