

GENERAL_METRICS
ACC:0.8742222222222222
PREC:0.5766178266178266
REC:0.6199597744448242
TNR:0.6199597744448242
FPR:0.42338217338217343
FPDR:0.42338217338217343
F1:0.590348764870163
BACC:0.0
CLSFE:0.12577777777777777
MCC:0.19174000312430511
GMEAN:0.5472669945177935
SAMPLES:2250.0
AUC:{'AUC macro OVO': 0.5766178266178266}
AVGP:{'avg_precision': 0.910522114493638}


METRICS_PER_CLASSES
CLASS:0
ACC:0.8742222222222222
PREC:0.20085470085470086
REC:0.32867132867132864
TNR:0.9112482202183199
FPR:0.7991452991452992
FPDR:0.7991452991452992
F1:0.2493368700265252
BACC:0
CLSFE:0.7991452991452992
MCC:0.19174000312430511
GMEAN:0.5472669945177935
SAMPLES:234
AUC:{}
AVGP:{}
CLASS:1
ACC:0.8742222222222222
PREC:0.9523809523809523
REC:0.9112482202183199
TNR:0.32867132867132864
FPR:0.047619047619047616
FPDR:0.047619047619047616
F1:0.9313606597138007
BACC:0
CLSFE:0.047619047619047616
MCC:0.19174000312430511
GMEAN:0.5472669945177935
SAMPLES:2016
AUC:{}
AVGP:{}
