

GENERAL_METRICS
ACC:0.8555555555555555
PREC:0.5421460058058273
REC:0.5779653432115953
TNR:0.5779653432115953
FPR:0.4578539941941727
FPDR:0.4578539941941727
F1:0.5490217240475493
BACC:0.0
CLSFE:0.14444444444444443
MCC:0.11464602579503953
GMEAN:0.4847063114283873
SAMPLES:2250.0
AUC:{'AUC macro OVO': 0.5421460058058273}
AVGP:{'avg_precision': 0.8923184208911686}


METRICS_PER_CLASSES
CLASS:0
ACC:0.8555555555555555
PREC:0.13358778625954199
REC:0.2631578947368421
TNR:0.8927727916863486
FPR:0.8664122137404581
FPDR:0.8664122137404581
F1:0.17721518987341772
BACC:0
CLSFE:0.8664122137404581
MCC:0.11464602579503953
GMEAN:0.4847063114283873
SAMPLES:262
AUC:{}
AVGP:{}
CLASS:1
ACC:0.8555555555555555
PREC:0.9507042253521126
REC:0.8927727916863486
TNR:0.2631578947368421
FPR:0.04929577464788732
FPDR:0.04929577464788732
F1:0.9208282582216809
BACC:0
CLSFE:0.04929577464788732
MCC:0.11464602579503953
GMEAN:0.4847063114283873
SAMPLES:1988
AUC:{}
AVGP:{}
