

GENERAL_METRICS
ACC:0.8688888888888889
PREC:0.58325
REC:0.6297371595276164
TNR:0.6297371595276164
FPR:0.41675
FPDR:0.41675
F1:0.5979930845725645
BACC:0.0
CLSFE:0.13111111111111112
MCC:0.20785204863723689
GMEAN:0.5656437693932499
SAMPLES:2250.0
AUC:{'AUC macro OVO': 0.58325}
AVGP:{'avg_precision': 0.9056597520267048}


METRICS_PER_CLASSES
CLASS:0
ACC:0.8688888888888889
PREC:0.216
REC:0.35294117647058826
TNR:0.9065331425846447
FPR:0.784
FPDR:0.784
F1:0.2679900744416873
BACC:0
CLSFE:0.784
MCC:0.20785204863723689
GMEAN:0.5656437693932499
SAMPLES:250
AUC:{}
AVGP:{}
CLASS:1
ACC:0.8688888888888889
PREC:0.9505
REC:0.9065331425846447
TNR:0.35294117647058826
FPR:0.0495
FPDR:0.0495
F1:0.9279960947034416
BACC:0
CLSFE:0.0495
MCC:0.20785204863723689
GMEAN:0.5656437693932499
SAMPLES:2000
AUC:{}
AVGP:{}
