

GENERAL_METRICS
ACC:0.776
PREC:0.7106104853288833
REC:0.6943909639327429
TNR:0.6943909639327429
FPR:0.2893895146711167
FPDR:0.2893895146711167
F1:0.7013333333333334
BACC:0.0
CLSFE:0.224
MCC:0.40467653876855497
GMEAN:0.6723312163926372
SAMPLES:1000.0
AUC:{'AUC macro OVO': 0.7106104853288833}
AVGP:{'avg_precision': 0.8509233471166244}


METRICS_PER_CLASSES
CLASS:0
ACC:0.776
PREC:0.5872340425531914
REC:0.5207547169811321
TNR:0.8680272108843538
FPR:0.4127659574468085
FPDR:0.4127659574468085
F1:0.552
BACC:0
CLSFE:0.4127659574468085
MCC:0.40467653876855497
GMEAN:0.6723312163926372
SAMPLES:235
AUC:{}
AVGP:{}
CLASS:1
ACC:0.776
PREC:0.8339869281045752
REC:0.8680272108843538
TNR:0.5207547169811321
FPR:0.16601307189542483
FPDR:0.16601307189542483
F1:0.8506666666666667
BACC:0
CLSFE:0.16601307189542483
MCC:0.40467653876855497
GMEAN:0.6723312163926372
SAMPLES:765
AUC:{}
AVGP:{}
