

GENERAL_METRICS
ACC:0.767
PREC:0.7006666666666667
REC:0.6922477530644675
TNR:0.6922477530644675
FPR:0.29933333333333334
FPDR:0.29933333333333334
F1:0.6961045296076358
BACC:0.0
CLSFE:0.233
MCC:0.39282421402761386
GMEAN:0.6734053507098758
SAMPLES:1000.0
AUC:{'AUC macro OVO': 0.7006666666666668}
AVGP:{'avg_precision': 0.8355502501136881}


METRICS_PER_CLASSES
CLASS:0
ACC:0.767
PREC:0.568
REC:0.5318352059925093
TNR:0.8526603001364257
FPR:0.432
FPDR:0.432
F1:0.5493230174081238
BACC:0
CLSFE:0.432
MCC:0.39282421402761386
GMEAN:0.6734053507098758
SAMPLES:250
AUC:{}
AVGP:{}
CLASS:1
ACC:0.767
PREC:0.8333333333333334
REC:0.8526603001364257
TNR:0.5318352059925093
FPR:0.16666666666666666
FPDR:0.16666666666666666
F1:0.8428860418071477
BACC:0
CLSFE:0.16666666666666666
MCC:0.39282421402761386
GMEAN:0.6734053507098758
SAMPLES:750
AUC:{}
AVGP:{}
