

GENERAL_METRICS
ACC:0.769
PREC:0.7117906866091561
REC:0.7035752812451841
TNR:0.7035752812451841
FPR:0.2882093133908438
FPDR:0.2882093133908438
F1:0.7073426586715891
BACC:0.0
CLSFE:0.231
MCC:0.4152847148237923
GMEAN:0.6878287120977192
SAMPLES:1000.0
AUC:{'AUC macro OVO': 0.7117906866091561}
AVGP:{'avg_precision': 0.8325085830053862}


METRICS_PER_CLASSES
CLASS:0
ACC:0.769
PREC:0.5916030534351145
REC:0.5555555555555556
TNR:0.8515950069348127
FPR:0.4083969465648855
FPDR:0.4083969465648855
F1:0.5730129390018485
BACC:0
CLSFE:0.4083969465648855
MCC:0.4152847148237923
GMEAN:0.6878287120977192
SAMPLES:262
AUC:{}
AVGP:{}
CLASS:1
ACC:0.769
PREC:0.8319783197831978
REC:0.8515950069348127
TNR:0.5555555555555556
FPR:0.16802168021680217
FPDR:0.16802168021680217
F1:0.8416723783413297
BACC:0
CLSFE:0.16802168021680217
MCC:0.4152847148237923
GMEAN:0.6878287120977192
SAMPLES:738
AUC:{}
AVGP:{}
