

GENERAL_METRICS
ACC:0.768
PREC:0.7111131798340884
REC:0.7024801587301588
TNR:0.7024801587301588
FPR:0.2888868201659116
FPDR:0.2888868201659116
F1:0.7064168172545924
BACC:0.0
CLSFE:0.232
MCC:0.4135032293118629
GMEAN:0.6865162514406076
SAMPLES:1000.0
AUC:{'AUC macro OVO': 0.7111131798340884}
AVGP:{'avg_precision': 0.8321834537789823}


METRICS_PER_CLASSES
CLASS:0
ACC:0.768
PREC:0.5916030534351145
REC:0.5535714285714286
TNR:0.8513888888888889
FPR:0.4083969465648855
FPDR:0.4083969465648855
F1:0.5719557195571956
BACC:0
CLSFE:0.4083969465648855
MCC:0.4135032293118629
GMEAN:0.6865162514406076
SAMPLES:262
AUC:{}
AVGP:{}
CLASS:1
ACC:0.768
PREC:0.8306233062330624
REC:0.8513888888888889
TNR:0.5535714285714286
FPR:0.16937669376693767
FPDR:0.16937669376693767
F1:0.840877914951989
BACC:0
CLSFE:0.16937669376693767
MCC:0.4135032293118629
GMEAN:0.6865162514406076
SAMPLES:738
AUC:{}
AVGP:{}
