

GENERAL_METRICS
ACC:0.8868571428571429
PREC:0.7551839680959471
REC:0.7458418326208549
TNR:0.7458418326208549
FPR:0.2448160319040529
FPDR:0.2448160319040529
F1:0.7503717407842866
BACC:0.0
CLSFE:0.11314285714285714
MCC:0.5009386963378629
GMEAN:0.7206535897263379
SAMPLES:1750.0
AUC:{'AUC macro OVO': 0.755183968095947}
AVGP:{'avg_precision': 0.9335770022879132}


METRICS_PER_CLASSES
CLASS:0
ACC:0.8868571428571429
PREC:0.57847533632287
REC:0.5536480686695279
TNR:0.9380355965721819
FPR:0.42152466367713004
FPDR:0.42152466367713004
F1:0.5657894736842105
BACC:0
CLSFE:0.42152466367713004
MCC:0.5009386963378629
GMEAN:0.7206535897263379
SAMPLES:223
AUC:{}
AVGP:{}
CLASS:1
ACC:0.8868571428571429
PREC:0.9318925998690243
REC:0.9380355965721819
TNR:0.5536480686695279
FPR:0.06810740013097577
FPDR:0.06810740013097577
F1:0.9349540078843627
BACC:0
CLSFE:0.06810740013097577
MCC:0.5009386963378629
GMEAN:0.7206535897263379
SAMPLES:1527
AUC:{}
AVGP:{}
