

GENERAL_METRICS
ACC:0.8651428571428571
PREC:0.7139713328141736
REC:0.724514126515348
TNR:0.724514126515348
FPR:0.2860286671858264
FPDR:0.2860286671858264
F1:0.7190200944854461
BACC:0.0
CLSFE:0.13485714285714287
MCC:0.43835869735228933
GMEAN:0.6983712760999705
SAMPLES:1750.0
AUC:{'AUC macro OVO': 0.7139713328141736}
AVGP:{'avg_precision': 0.9128796485291016}


METRICS_PER_CLASSES
CLASS:0
ACC:0.8651428571428571
PREC:0.50199203187251
REC:0.5316455696202531
TNR:0.9173826834104428
FPR:0.49800796812749004
FPDR:0.49800796812749004
F1:0.5163934426229508
BACC:0
CLSFE:0.49800796812749004
MCC:0.43835869735228933
GMEAN:0.6983712760999705
SAMPLES:251
AUC:{}
AVGP:{}
CLASS:1
ACC:0.8651428571428571
PREC:0.9259506337558372
REC:0.9173826834104428
TNR:0.5316455696202531
FPR:0.07404936624416278
FPDR:0.07404936624416278
F1:0.9216467463479415
BACC:0
CLSFE:0.07404936624416278
MCC:0.43835869735228933
GMEAN:0.6983712760999705
SAMPLES:1499
AUC:{}
AVGP:{}
