

GENERAL_METRICS
ACC:0.8794285714285714
PREC:0.7577831119978387
REC:0.7602924781952916
TNR:0.7602924781952916
FPR:0.2422168880021614
FPDR:0.2422168880021614
F1:0.7590272597761188
BACC:0.0
CLSFE:0.12057142857142857
MCC:0.5180695129374504
GMEAN:0.7414681835503951
SAMPLES:1750.0
AUC:{'AUC macro OVO': 0.7577831119978385}
AVGP:{'avg_precision': 0.9231404976885802}


METRICS_PER_CLASSES
CLASS:0
ACC:0.8794285714285714
PREC:0.5852713178294574
REC:0.592156862745098
TNR:0.928428093645485
FPR:0.41472868217054265
FPDR:0.41472868217054265
F1:0.5886939571150097
BACC:0
CLSFE:0.41472868217054265
MCC:0.5180695129374504
GMEAN:0.7414681835503951
SAMPLES:258
AUC:{}
AVGP:{}
CLASS:1
ACC:0.8794285714285714
PREC:0.9302949061662198
REC:0.928428093645485
TNR:0.592156862745098
FPR:0.06970509383378017
FPDR:0.06970509383378017
F1:0.929360562437228
BACC:0
CLSFE:0.06970509383378017
MCC:0.5180695129374504
GMEAN:0.7414681835503951
SAMPLES:1492
AUC:{}
AVGP:{}
