

GENERAL_METRICS
ACC:0.8725714285714286
PREC:0.708356699951362
REC:0.7404310915916283
TNR:0.7404310915916283
FPR:0.291643300048638
FPDR:0.291643300048638
F1:0.7224654032945721
BACC:0.0
CLSFE:0.12742857142857142
MCC:0.4476401626741522
GMEAN:0.7196006940438671
SAMPLES:1750.0
AUC:{'AUC macro OVO': 0.708356699951362}
AVGP:{'avg_precision': 0.9112492120265451}


METRICS_PER_CLASSES
CLASS:0
ACC:0.8725714285714286
PREC:0.47808764940239046
REC:0.5660377358490566
TNR:0.9148244473342002
FPR:0.5219123505976095
FPDR:0.5219123505976095
F1:0.5183585313174947
BACC:0
CLSFE:0.5219123505976095
MCC:0.4476401626741522
GMEAN:0.7196006940438671
SAMPLES:251
AUC:{}
AVGP:{}
CLASS:1
ACC:0.8725714285714286
PREC:0.9386257505003336
REC:0.9148244473342002
TNR:0.5660377358490566
FPR:0.061374249499666446
FPDR:0.061374249499666446
F1:0.9265722752716496
BACC:0
CLSFE:0.061374249499666446
MCC:0.4476401626741522
GMEAN:0.7196006940438671
SAMPLES:1499
AUC:{}
AVGP:{}
