

GENERAL_METRICS
ACC:0.9211764705882353
PREC:0.56112360561353
REC:0.6205808181642327
TNR:0.6205808181642327
FPR:0.4388763943864699
FPDR:0.4388763943864699
F1:0.5775988389048752
BACC:0.0
CLSFE:0.07882352941176471
MCC:0.1717013031287455
GMEAN:0.5309236827555381
SAMPLES:4250.0
AUC:{'AUC macro OVO': 0.56112360561353}
AVGP:{'avg_precision': 0.9417035794660955}


METRICS_PER_CLASSES
CLASS:0
ACC:0.9211764705882353
PREC:0.14642857142857144
REC:0.29927007299270075
TNR:0.9418915633357646
FPR:0.8535714285714285
FPDR:0.8535714285714285
F1:0.19664268585131894
BACC:0
CLSFE:0.8535714285714285
MCC:0.1717013031287455
GMEAN:0.5309236827555381
SAMPLES:280
AUC:{}
AVGP:{}
CLASS:1
ACC:0.9211764705882353
PREC:0.9758186397984887
REC:0.9418915633357646
TNR:0.29927007299270075
FPR:0.024181360201511334
FPDR:0.024181360201511334
F1:0.9585549919584313
BACC:0
CLSFE:0.024181360201511334
MCC:0.1717013031287455
GMEAN:0.5309236827555381
SAMPLES:3970
AUC:{}
AVGP:{}
