

GENERAL_METRICS
ACC:0.9188235294117647
PREC:0.5652380342079508
REC:0.5963299398287334
TNR:0.5963299398287334
FPR:0.43476196579204923
FPDR:0.43476196579204923
F1:0.5765292816463675
BACC:0.0
CLSFE:0.0811764705882353
MCC:0.15854811143368122
GMEAN:0.48229425799799097
SAMPLES:4250.0
AUC:{'AUC macro OVO': 0.5652380342079508}
AVGP:{'avg_precision': 0.9467953503881276}


METRICS_PER_CLASSES
CLASS:0
ACC:0.9188235294117647
PREC:0.16279069767441862
REC:0.24561403508771928
TNR:0.9470458445697475
FPR:0.8372093023255814
FPDR:0.8372093023255814
F1:0.1958041958041958
BACC:0
CLSFE:0.8372093023255814
MCC:0.15854811143368122
GMEAN:0.48229425799799097
SAMPLES:258
AUC:{}
AVGP:{}
CLASS:1
ACC:0.9188235294117647
PREC:0.967685370741483
REC:0.9470458445697475
TNR:0.24561403508771928
FPR:0.03231462925851703
FPDR:0.03231462925851703
F1:0.9572543674885392
BACC:0
CLSFE:0.03231462925851703
MCC:0.15854811143368122
GMEAN:0.48229425799799097
SAMPLES:3992
AUC:{}
AVGP:{}
