

GENERAL_METRICS
ACC:0.7826666666666666
PREC:0.7592177124188358
REC:0.7503321103238867
TNR:0.7503321103238867
FPR:0.24078228758116418
FPDR:0.24078228758116418
F1:0.7542590079903513
BACC:0.0
CLSFE:0.21733333333333332
MCC:0.5094723426571359
GMEAN:0.743381304695
SAMPLES:750.0
AUC:{'AUC macro OVO': 0.7592177124188357}
AVGP:{'avg_precision': 0.8221280810033513}


METRICS_PER_CLASSES
CLASS:0
ACC:0.7826666666666666
PREC:0.694560669456067
REC:0.6484375
TNR:0.8522267206477733
FPR:0.3054393305439331
FPDR:0.3054393305439331
F1:0.6707070707070707
BACC:0
CLSFE:0.3054393305439331
MCC:0.5094723426571359
GMEAN:0.743381304695
SAMPLES:239
AUC:{}
AVGP:{}
CLASS:1
ACC:0.7826666666666666
PREC:0.8238747553816047
REC:0.8522267206477733
TNR:0.6484375
FPR:0.1761252446183953
FPDR:0.1761252446183953
F1:0.8378109452736319
BACC:0
CLSFE:0.1761252446183953
MCC:0.5094723426571359
GMEAN:0.743381304695
SAMPLES:511
AUC:{}
AVGP:{}
