

GENERAL_METRICS
ACC:0.7973333333333333
PREC:0.7797443999499437
REC:0.7768857992196693
TNR:0.7768857992196693
FPR:0.22025560005005634
FPDR:0.22025560005005634
F1:0.7782532581209881
BACC:0.0
CLSFE:0.20266666666666666
MCC:0.5566228588815482
GMEAN:0.7735735998911185
SAMPLES:750.0
AUC:{'AUC macro OVO': 0.7797443999499437}
AVGP:{'avg_precision': 0.8165136952134775}


METRICS_PER_CLASSES
CLASS:0
ACC:0.7973333333333333
PREC:0.7213740458015268
REC:0.7052238805970149
TNR:0.8485477178423236
FPR:0.2786259541984733
FPDR:0.2786259541984733
F1:0.7132075471698113
BACC:0
CLSFE:0.2786259541984733
MCC:0.5566228588815482
GMEAN:0.7735735998911185
SAMPLES:262
AUC:{}
AVGP:{}
CLASS:1
ACC:0.7973333333333333
PREC:0.8381147540983607
REC:0.8485477178423236
TNR:0.7052238805970149
FPR:0.16188524590163936
FPDR:0.16188524590163936
F1:0.843298969072165
BACC:0
CLSFE:0.16188524590163936
MCC:0.5566228588815482
GMEAN:0.7735735998911185
SAMPLES:488
AUC:{}
AVGP:{}
