

GENERAL_METRICS
ACC:0.7746666666666666
PREC:0.7513040238450075
REC:0.7439824170985068
TNR:0.7439824170985068
FPR:0.24869597615499256
FPDR:0.24869597615499256
F1:0.7472536894979172
BACC:0.0
CLSFE:0.22533333333333333
MCC:0.49523232190270333
GMEAN:0.737339971856899
SAMPLES:750.0
AUC:{'AUC macro OVO': 0.7513040238450075}
AVGP:{'avg_precision': 0.8125389125470591}


METRICS_PER_CLASSES
CLASS:0
ACC:0.7746666666666666
PREC:0.6844262295081968
REC:0.6447876447876448
TNR:0.8431771894093686
FPR:0.3155737704918033
FPDR:0.3155737704918033
F1:0.6640159045725647
BACC:0
CLSFE:0.3155737704918033
MCC:0.49523232190270333
GMEAN:0.737339971856899
SAMPLES:244
AUC:{}
AVGP:{}
CLASS:1
ACC:0.7746666666666666
PREC:0.8181818181818182
REC:0.8431771894093686
TNR:0.6447876447876448
FPR:0.18181818181818182
FPDR:0.18181818181818182
F1:0.8304914744232698
BACC:0
CLSFE:0.18181818181818182
MCC:0.49523232190270333
GMEAN:0.737339971856899
SAMPLES:506
AUC:{}
AVGP:{}
