

GENERAL_METRICS
ACC:0.7986666666666666
PREC:0.7809223108883467
REC:0.7670004466069624
TNR:0.7670004466069624
FPR:0.21907768911165337
FPDR:0.21907768911165337
F1:0.7728143537195256
BACC:0.0
CLSFE:0.20133333333333334
MCC:0.5477458624911683
GMEAN:0.7598942667974029
SAMPLES:750.0
AUC:{'AUC macro OVO': 0.7809223108883467}
AVGP:{'avg_precision': 0.8393499956235627}


METRICS_PER_CLASSES
CLASS:0
ACC:0.7986666666666666
PREC:0.7330508474576272
REC:0.6628352490421456
TNR:0.8711656441717791
FPR:0.2669491525423729
FPDR:0.2669491525423729
F1:0.6961770623742455
BACC:0
CLSFE:0.2669491525423729
MCC:0.5477458624911683
GMEAN:0.7598942667974029
SAMPLES:236
AUC:{}
AVGP:{}
CLASS:1
ACC:0.7986666666666666
PREC:0.8287937743190662
REC:0.8711656441717791
TNR:0.6628352490421456
FPR:0.17120622568093385
FPDR:0.17120622568093385
F1:0.8494516450648056
BACC:0
CLSFE:0.17120622568093385
MCC:0.5477458624911683
GMEAN:0.7598942667974029
SAMPLES:514
AUC:{}
AVGP:{}
