

GENERAL_METRICS
ACC:0.92225
PREC:0.5672576121794872
REC:0.6218069236307019
TNR:0.6218069236307019
FPR:0.43274238782051283
FPDR:0.43274238782051283
F1:0.5838840013098957
BACC:0.0
CLSFE:0.07775
MCC:0.18102422854778485
GMEAN:0.5316143623488715
SAMPLES:4000.0
AUC:{'AUC macro OVO': 0.5672576121794872}
AVGP:{'avg_precision': 0.9441298313387363}


METRICS_PER_CLASSES
CLASS:0
ACC:0.92225
PREC:0.16015625
REC:0.29927007299270075
TNR:0.9443437742687031
FPR:0.83984375
FPDR:0.83984375
F1:0.20865139949109415
BACC:0
CLSFE:0.83984375
MCC:0.18102422854778485
GMEAN:0.5316143623488715
SAMPLES:256
AUC:{}
AVGP:{}
CLASS:1
ACC:0.92225
PREC:0.9743589743589743
REC:0.9443437742687031
TNR:0.29927007299270075
FPR:0.02564102564102564
FPDR:0.02564102564102564
F1:0.9591166031286973
BACC:0
CLSFE:0.02564102564102564
MCC:0.18102422854778485
GMEAN:0.5316143623488715
SAMPLES:3744
AUC:{}
AVGP:{}
