

GENERAL_METRICS
ACC:0.8749090909090909
PREC:0.6067302348463097
REC:0.6051261103182072
TNR:0.6051261103182072
FPR:0.3932697651536903
FPDR:0.3932697651536903
F1:0.605918060950229
BACC:0.0
CLSFE:0.12509090909090909
MCC:0.21185027205780327
GMEAN:0.5090889379539328
SAMPLES:2750.0
AUC:{'AUC macro OVO': 0.6067302348463097}
AVGP:{'avg_precision': 0.9309681245191226}


METRICS_PER_CLASSES
CLASS:0
ACC:0.8749090909090909
PREC:0.28270042194092826
REC:0.27800829875518673
TNR:0.9322439218812276
FPR:0.7172995780590717
FPDR:0.7172995780590717
F1:0.2803347280334728
BACC:0
CLSFE:0.7172995780590717
MCC:0.21185027205780327
GMEAN:0.5090889379539328
SAMPLES:237
AUC:{}
AVGP:{}
CLASS:1
ACC:0.8749090909090909
PREC:0.9307600477516912
REC:0.9322439218812276
TNR:0.27800829875518673
FPR:0.0692399522483088
FPDR:0.0692399522483088
F1:0.9315013938669853
BACC:0
CLSFE:0.0692399522483088
MCC:0.21185027205780327
GMEAN:0.5090889379539328
SAMPLES:2513
AUC:{}
AVGP:{}
