

GENERAL_METRICS
ACC:0.8727272727272727
PREC:0.6029190955661544
REC:0.598367814748435
TNR:0.598367814748435
FPR:0.3970809044338456
FPDR:0.3970809044338456
F1:0.6005561088977424
BACC:0.0
CLSFE:0.12727272727272726
MCC:0.2012354494290502
GMEAN:0.49638129181828694
SAMPLES:2750.0
AUC:{'AUC macro OVO': 0.6029190955661544}
AVGP:{'avg_precision': 0.9312419298943918}


METRICS_PER_CLASSES
CLASS:0
ACC:0.8727272727272727
PREC:0.2777777777777778
REC:0.26422764227642276
TNR:0.9325079872204473
FPR:0.7222222222222222
FPDR:0.7222222222222222
F1:0.2708333333333333
BACC:0
CLSFE:0.7222222222222222
MCC:0.2012354494290502
GMEAN:0.49638129181828694
SAMPLES:234
AUC:{}
AVGP:{}
CLASS:1
ACC:0.8727272727272727
PREC:0.928060413354531
REC:0.9325079872204473
TNR:0.26422764227642276
FPR:0.071939586645469
FPDR:0.071939586645469
F1:0.9302788844621513
BACC:0
CLSFE:0.071939586645469
MCC:0.2012354494290502
GMEAN:0.49638129181828694
SAMPLES:2516
AUC:{}
AVGP:{}
