

GENERAL_METRICS
ACC:0.8770909090909091
PREC:0.6113635297561953
REC:0.6173982583667115
TNR:0.6173982583667115
FPR:0.3886364702438046
FPDR:0.3886364702438046
F1:0.6142513280212484
BACC:0.0
CLSFE:0.12290909090909091
MCC:0.22868217629668292
GMEAN:0.5323660022221547
SAMPLES:2750.0
AUC:{'AUC macro OVO': 0.6113635297561955}
AVGP:{'avg_precision': 0.9287879220487117}


METRICS_PER_CLASSES
CLASS:0
ACC:0.8770909090909091
PREC:0.2874493927125506
REC:0.30472103004291845
TNR:0.9300754866905045
FPR:0.7125506072874493
FPDR:0.7125506072874493
F1:0.29583333333333334
BACC:0
CLSFE:0.7125506072874493
MCC:0.22868217629668292
GMEAN:0.5323660022221547
SAMPLES:247
AUC:{}
AVGP:{}
CLASS:1
ACC:0.8770909090909091
PREC:0.9352776667998401
REC:0.9300754866905045
TNR:0.30472103004291845
FPR:0.06472233320015981
FPDR:0.06472233320015981
F1:0.9326693227091634
BACC:0
CLSFE:0.06472233320015981
MCC:0.22868217629668292
GMEAN:0.5323660022221547
SAMPLES:2503
AUC:{}
AVGP:{}
