

GENERAL_METRICS
ACC:0.8698181818181818
PREC:0.5864188031900658
REC:0.5870818332591723
TNR:0.5870818332591723
FPR:0.41358119680993416
FPDR:0.41358119680993416
F1:0.5867480661740385
BACC:0.0
CLSFE:0.13018181818181818
MCC:0.17349936956490125
GMEAN:0.47766760023394506
SAMPLES:2750.0
AUC:{'AUC macro OVO': 0.5864188031900659}
AVGP:{'avg_precision': 0.9273418540020701}


METRICS_PER_CLASSES
CLASS:0
ACC:0.8698181818181818
PREC:0.24369747899159663
REC:0.2457627118644068
TNR:0.9284009546539379
FPR:0.7563025210084033
FPDR:0.7563025210084033
F1:0.24472573839662448
BACC:0
CLSFE:0.7563025210084033
MCC:0.17349936956490125
GMEAN:0.47766760023394506
SAMPLES:238
AUC:{}
AVGP:{}
CLASS:1
ACC:0.8698181818181818
PREC:0.929140127388535
REC:0.9284009546539379
TNR:0.2457627118644068
FPR:0.07085987261146497
FPDR:0.07085987261146497
F1:0.9287703939514524
BACC:0
CLSFE:0.07085987261146497
MCC:0.17349936956490125
GMEAN:0.47766760023394506
SAMPLES:2512
AUC:{}
AVGP:{}
