

GENERAL_METRICS
ACC:0.8986666666666666
PREC:0.5888996035572699
REC:0.6377571012067237
TNR:0.6377571012067237
FPR:0.4111003964427301
FPDR:0.4111003964427301
F1:0.6056393571921522
BACC:0.0
CLSFE:0.10133333333333333
MCC:0.22132827821565357
GMEAN:0.56706307204153
SAMPLES:3000.0
AUC:{'AUC macro OVO': 0.5888996035572699}
AVGP:{'avg_precision': 0.9290490161946877}


METRICS_PER_CLASSES
CLASS:0
ACC:0.8986666666666666
PREC:0.21568627450980393
REC:0.34591194968553457
TNR:0.9296022527279127
FPR:0.7843137254901961
FPDR:0.7843137254901961
F1:0.26570048309178745
BACC:0
CLSFE:0.7843137254901961
MCC:0.22132827821565357
GMEAN:0.56706307204153
SAMPLES:255
AUC:{}
AVGP:{}
CLASS:1
ACC:0.8986666666666666
PREC:0.9621129326047358
REC:0.9296022527279127
TNR:0.34591194968553457
FPR:0.03788706739526412
FPDR:0.03788706739526412
F1:0.9455782312925171
BACC:0
CLSFE:0.03788706739526412
MCC:0.22132827821565357
GMEAN:0.56706307204153
SAMPLES:2745
AUC:{}
AVGP:{}
