

GENERAL_METRICS
ACC:0.9166666666666666
PREC:0.6389151883595774
REC:0.6940333568240544
TNR:0.6940333568240544
FPR:0.3610848116404226
FPDR:0.3610848116404226
F1:0.6604435783995031
BACC:0.0
CLSFE:0.08333333333333333
MCC:0.3283545663532312
GMEAN:0.647601478690119
SAMPLES:3000.0
AUC:{'AUC macro OVO': 0.6389151883595774}
AVGP:{'avg_precision': 0.9429409092945858}


METRICS_PER_CLASSES
CLASS:0
ACC:0.9166666666666666
PREC:0.3103448275862069
REC:0.4444444444444444
TNR:0.9436222692036645
FPR:0.6896551724137931
FPDR:0.6896551724137931
F1:0.36548223350253806
BACC:0
CLSFE:0.6896551724137931
MCC:0.3283545663532312
GMEAN:0.647601478690119
SAMPLES:232
AUC:{}
AVGP:{}
CLASS:1
ACC:0.9166666666666666
PREC:0.9674855491329479
REC:0.9436222692036645
TNR:0.4444444444444444
FPR:0.03251445086705202
FPDR:0.03251445086705202
F1:0.9554049232964681
BACC:0
CLSFE:0.03251445086705202
MCC:0.3283545663532312
GMEAN:0.647601478690119
SAMPLES:2768
AUC:{}
AVGP:{}
