

GENERAL_METRICS
ACC:0.8966666666666666
PREC:0.598608193277311
REC:0.6652728873239437
TNR:0.6652728873239437
FPR:0.4013918067226891
FPDR:0.4013918067226891
F1:0.6198495748855462
BACC:0.0
CLSFE:0.10333333333333333
MCC:0.25532145085549446
GMEAN:0.612776597505734
SAMPLES:3000.0
AUC:{'AUC macro OVO': 0.5986081932773109}
AVGP:{'avg_precision': 0.9236800521264844}


METRICS_PER_CLASSES
CLASS:0
ACC:0.8966666666666666
PREC:0.23214285714285715
REC:0.40625
TNR:0.9242957746478874
FPR:0.7678571428571429
FPDR:0.7678571428571429
F1:0.29545454545454547
BACC:0
CLSFE:0.7678571428571429
MCC:0.25532145085549446
GMEAN:0.612776597505734
SAMPLES:280
AUC:{}
AVGP:{}
CLASS:1
ACC:0.8966666666666666
PREC:0.9650735294117647
REC:0.9242957746478874
TNR:0.40625
FPR:0.034926470588235295
FPDR:0.034926470588235295
F1:0.9442446043165468
BACC:0
CLSFE:0.034926470588235295
MCC:0.25532145085549446
GMEAN:0.612776597505734
SAMPLES:2720
AUC:{}
AVGP:{}
