

GENERAL_METRICS
ACC:0.9123076923076923
PREC:0.4940019993335555
REC:0.46126322339763537
TNR:0.46126322339763537
FPR:0.5059980006664445
FPDR:0.5059980006664445
F1:0.4770716009654063
BACC:0.0
CLSFE:0.0876923076923077
MCC:-0.030485617059649334
GMEAN:0.0
SAMPLES:3250.0
AUC:{'AUC macro OVO': 0.4940019993335555}
AVGP:{'avg_precision': 0.9225367413868124}


METRICS_PER_CLASSES
CLASS:0
ACC:0.9123076923076923
PREC:0.0
REC:0.0
TNR:0.9225264467952707
FPR:1.0
FPDR:1.0
F1:0.0
BACC:0
CLSFE:1.0
MCC:-0.030485617059649334
GMEAN:0
SAMPLES:249
AUC:{}
AVGP:{}
CLASS:1
ACC:0.9123076923076923
PREC:0.988003998667111
REC:0.9225264467952707
TNR:0.0
FPR:0.011996001332889037
FPDR:0.011996001332889037
F1:0.9541432019308126
BACC:0
CLSFE:0.011996001332889037
MCC:-0.030485617059649334
GMEAN:0
SAMPLES:3001
AUC:{}
AVGP:{}
