

GENERAL_METRICS
ACC:0.9144615384615384
PREC:0.49582916249582915
REC:0.4607751937984496
TNR:0.4607751937984496
FPR:0.5041708375041708
FPDR:0.5041708375041708
F1:0.47765991642558664
BACC:0.0
CLSFE:0.08553846153846154
MCC:-0.02558126602021559
GMEAN:0.0
SAMPLES:3250.0
AUC:{'AUC macro OVO': 0.49582916249582915}
AVGP:{'avg_precision': 0.9215554214520624}


METRICS_PER_CLASSES
CLASS:0
ACC:0.9144615384615384
PREC:0.0
REC:0.0
TNR:0.9215503875968992
FPR:1.0
FPDR:1.0
F1:0.0
BACC:0
CLSFE:1.0
MCC:-0.02558126602021559
GMEAN:0
SAMPLES:253
AUC:{}
AVGP:{}
CLASS:1
ACC:0.9144615384615384
PREC:0.9916583249916583
REC:0.9215503875968992
TNR:0.0
FPR:0.008341675008341674
FPDR:0.008341675008341674
F1:0.9553198328511733
BACC:0
CLSFE:0.008341675008341674
MCC:-0.02558126602021559
GMEAN:0
SAMPLES:2997
AUC:{}
AVGP:{}
