

GENERAL_METRICS
ACC:0.9123076923076923
PREC:0.49631737529293607
REC:0.4592627013630731
TNR:0.4592627013630731
FPR:0.5036826247070639
FPDR:0.5036826247070639
F1:0.4770716009654063
BACC:0.0
CLSFE:0.0876923076923077
MCC:-0.024496545263313296
GMEAN:0.0
SAMPLES:3250.0
AUC:{'AUC macro OVO': 0.49631737529293607}
AVGP:{'avg_precision': 0.9185294648110867}


METRICS_PER_CLASSES
CLASS:0
ACC:0.9123076923076923
PREC:0.0
REC:0.0
TNR:0.9185254027261462
FPR:1.0
FPDR:1.0
F1:0.0
BACC:0
CLSFE:1.0
MCC:-0.024496545263313296
GMEAN:0
SAMPLES:263
AUC:{}
AVGP:{}
CLASS:1
ACC:0.9123076923076923
PREC:0.9926347505858721
REC:0.9185254027261462
TNR:0.0
FPR:0.007365249414127887
FPDR:0.007365249414127887
F1:0.9541432019308126
BACC:0
CLSFE:0.007365249414127887
MCC:-0.024496545263313296
GMEAN:0
SAMPLES:2987
AUC:{}
AVGP:{}
