

GENERAL_METRICS
ACC:0.9076923076923077
PREC:0.4960150879880667
REC:0.4726630021434004
TNR:0.4726630021434004
FPR:0.5039849120119333
FPDR:0.5039849120119333
F1:0.47910990300225026
BACC:0.0
CLSFE:0.09230769230769231
MCC:-0.020874437106562574
GMEAN:0.15964789612256639
SAMPLES:3250.0
AUC:{'AUC macro OVO': 0.4960150879880667}
AVGP:{'avg_precision': 0.9175553299565997}


METRICS_PER_CLASSES
CLASS:0
ACC:0.9076923076923077
PREC:0.0037593984962406013
REC:0.027777777777777776
TNR:0.917548226509023
FPR:0.9962406015037594
FPDR:0.9962406015037594
F1:0.006622516556291391
BACC:0
CLSFE:0.9962406015037594
MCC:-0.020874437106562574
GMEAN:0.15964789612256639
SAMPLES:266
AUC:{}
AVGP:{}
CLASS:1
ACC:0.9076923076923077
PREC:0.9882707774798928
REC:0.917548226509023
TNR:0.027777777777777776
FPR:0.011729222520107238
FPDR:0.011729222520107238
F1:0.9515972894482091
BACC:0
CLSFE:0.011729222520107238
MCC:-0.020874437106562574
GMEAN:0.15964789612256639
SAMPLES:2984
AUC:{}
AVGP:{}
