

GENERAL_METRICS
ACC:0.9050909090909091
PREC:0.5497621553422436
REC:0.6989157372986369
TNR:0.6989157372986369
FPR:0.45023784465775635
FPDR:0.45023784465775635
F1:0.5657209033005212
BACC:0.0
CLSFE:0.09490909090909092
MCC:0.1989821682409929
GMEAN:0.6648363971265697
SAMPLES:2750.0
AUC:{'AUC macro OVO': 0.5497621553422437}
AVGP:{'avg_precision': 0.9143901208934795}


METRICS_PER_CLASSES
CLASS:0
ACC:0.9050909090909091
PREC:0.11196911196911197
REC:0.48333333333333334
TNR:0.9144981412639405
FPR:0.888030888030888
FPDR:0.888030888030888
F1:0.18181818181818182
BACC:0
CLSFE:0.888030888030888
MCC:0.1989821682409929
GMEAN:0.6648363971265697
SAMPLES:259
AUC:{}
AVGP:{}
CLASS:1
ACC:0.9050909090909091
PREC:0.9875551987153753
REC:0.9144981412639405
TNR:0.48333333333333334
FPR:0.012444801284624649
FPDR:0.012444801284624649
F1:0.9496236247828604
BACC:0
CLSFE:0.012444801284624649
MCC:0.1989821682409929
GMEAN:0.6648363971265697
SAMPLES:2491
AUC:{}
AVGP:{}
