

GENERAL_METRICS
ACC:0.9058181818181819
PREC:0.5500892145324779
REC:0.7351100530307351
TNR:0.7351100530307351
FPR:0.4499107854675221
FPDR:0.4499107854675221
F1:0.5664971202262188
BACC:0.0
CLSFE:0.09418181818181819
MCC:0.21703896318402133
GMEAN:0.7133790953664672
SAMPLES:2750.0
AUC:{'AUC macro OVO': 0.5500892145324779}
AVGP:{'avg_precision': 0.9124455033998045}


METRICS_PER_CLASSES
CLASS:0
ACC:0.9058181818181819
PREC:0.10943396226415095
REC:0.5576923076923077
TNR:0.9125277983691623
FPR:0.8905660377358491
FPDR:0.8905660377358491
F1:0.1829652996845426
BACC:0
CLSFE:0.8905660377358491
MCC:0.21703896318402133
GMEAN:0.7133790953664672
SAMPLES:265
AUC:{}
AVGP:{}
CLASS:1
ACC:0.9058181818181819
PREC:0.9907444668008049
REC:0.9125277983691623
TNR:0.5576923076923077
FPR:0.00925553319919517
FPDR:0.00925553319919517
F1:0.950028940767895
BACC:0
CLSFE:0.00925553319919517
MCC:0.21703896318402133
GMEAN:0.7133790953664672
SAMPLES:2485
AUC:{}
AVGP:{}
