

GENERAL_METRICS
ACC:0.9112727272727272
PREC:0.5368416474870202
REC:0.6770806534602521
TNR:0.6770806534602521
FPR:0.4631583525129797
FPDR:0.4631583525129797
F1:0.5470329646591203
BACC:0.0
CLSFE:0.08872727272727272
MCC:0.1615418584956086
GMEAN:0.6322419384961852
SAMPLES:2750.0
AUC:{'AUC macro OVO': 0.5368416474870203}
AVGP:{'avg_precision': 0.9193173813570066}


METRICS_PER_CLASSES
CLASS:0
ACC:0.9112727272727272
PREC:0.08403361344537816
REC:0.43478260869565216
TNR:0.9193786982248521
FPR:0.9159663865546218
FPDR:0.9159663865546218
F1:0.14084507042253522
BACC:0
CLSFE:0.9159663865546218
MCC:0.1615418584956086
GMEAN:0.6322419384961852
SAMPLES:238
AUC:{}
AVGP:{}
CLASS:1
ACC:0.9112727272727272
PREC:0.9896496815286624
REC:0.9193786982248521
TNR:0.43478260869565216
FPR:0.010350318471337579
FPDR:0.010350318471337579
F1:0.9532208588957055
BACC:0
CLSFE:0.010350318471337579
MCC:0.1615418584956086
GMEAN:0.6322419384961852
SAMPLES:2512
AUC:{}
AVGP:{}
