

GENERAL_METRICS
ACC:0.9163636363636364
PREC:0.543782440449659
REC:0.6567774802770014
TNR:0.6567774802770014
FPR:0.45621755955034105
FPDR:0.45621755955034105
F1:0.5582866129766664
BACC:0.0
CLSFE:0.08363636363636363
MCC:0.16569973680214947
GMEAN:0.5983453949135538
SAMPLES:2750.0
AUC:{'AUC macro OVO': 0.543782440449659}
AVGP:{'avg_precision': 0.9275002457184714}


METRICS_PER_CLASSES
CLASS:0
ACC:0.9163636363636364
PREC:0.10138248847926268
REC:0.38596491228070173
TNR:0.9275900482733012
FPR:0.8986175115207373
FPDR:0.8986175115207373
F1:0.16058394160583941
BACC:0
CLSFE:0.8986175115207373
MCC:0.16569973680214947
GMEAN:0.5983453949135538
SAMPLES:217
AUC:{}
AVGP:{}
CLASS:1
ACC:0.9163636363636364
PREC:0.9861823924200552
REC:0.9275900482733012
TNR:0.38596491228070173
FPR:0.01381760757994473
FPDR:0.01381760757994473
F1:0.9559892843474933
BACC:0
CLSFE:0.01381760757994473
MCC:0.16569973680214947
GMEAN:0.5983453949135538
SAMPLES:2533
AUC:{}
AVGP:{}
