

GENERAL_METRICS
ACC:0.8926153846153846
PREC:0.61819673980787
REC:0.6186357502146975
TNR:0.6186357502146975
FPR:0.38180326019213
FPDR:0.38180326019213
F1:0.6184156300725826
BACC:0.0
CLSFE:0.10738461538461538
MCC:0.23683208313096493
GMEAN:0.5275638025613191
SAMPLES:3250.0
AUC:{'AUC macro OVO': 0.61819673980787}
AVGP:{'avg_precision': 0.9406797457483667}


METRICS_PER_CLASSES
CLASS:0
ACC:0.8926153846153846
PREC:0.29435483870967744
REC:0.29554655870445345
TNR:0.9417249417249417
FPR:0.7056451612903226
FPDR:0.7056451612903226
F1:0.29494949494949496
BACC:0
CLSFE:0.7056451612903226
MCC:0.23683208313096493
GMEAN:0.5275638025613191
SAMPLES:248
AUC:{}
AVGP:{}
CLASS:1
ACC:0.8926153846153846
PREC:0.9420386409060626
REC:0.9417249417249417
TNR:0.29554655870445345
FPR:0.057961359093937376
FPDR:0.057961359093937376
F1:0.9418817651956702
BACC:0
CLSFE:0.057961359093937376
MCC:0.23683208313096493
GMEAN:0.5275638025613191
SAMPLES:3002
AUC:{}
AVGP:{}
