

GENERAL_METRICS
ACC:0.8975384615384615
PREC:0.6273410520390157
REC:0.6307659919208369
TNR:0.6307659919208369
FPR:0.37265894796098425
FPDR:0.37265894796098425
F1:0.6290202329228476
BACC:0.0
CLSFE:0.10246153846153847
MCC:0.2580843194161537
GMEAN:0.5477571872776795
SAMPLES:3250.0
AUC:{'AUC macro OVO': 0.6273410520390157}
AVGP:{'avg_precision': 0.9424967689743431}


METRICS_PER_CLASSES
CLASS:0
ACC:0.8975384615384615
PREC:0.3089430894308943
REC:0.3179916317991632
TNR:0.9435403520425107
FPR:0.6910569105691057
FPDR:0.6910569105691057
F1:0.3134020618556701
BACC:0
CLSFE:0.6910569105691057
MCC:0.2580843194161537
GMEAN:0.5477571872776795
SAMPLES:246
AUC:{}
AVGP:{}
CLASS:1
ACC:0.8975384615384615
PREC:0.9457390146471372
REC:0.9435403520425107
TNR:0.3179916317991632
FPR:0.05426098535286285
FPDR:0.05426098535286285
F1:0.944638403990025
BACC:0
CLSFE:0.05426098535286285
MCC:0.2580843194161537
GMEAN:0.5477571872776795
SAMPLES:3004
AUC:{}
AVGP:{}
