

GENERAL_METRICS
ACC:0.9024615384615384
PREC:0.6337363190542691
REC:0.6440192008114004
TNR:0.6440192008114004
FPR:0.3662636809457309
FPDR:0.3662636809457309
F1:0.6386065383715493
BACC:0.0
CLSFE:0.09753846153846153
MCC:0.27756511156594804
GMEAN:0.5696634496507759
SAMPLES:3250.0
AUC:{'AUC macro OVO': 0.6337363190542691}
AVGP:{'avg_precision': 0.9434281847296644}


METRICS_PER_CLASSES
CLASS:0
ACC:0.9024615384615384
PREC:0.3170731707317073
REC:0.3436123348017621
TNR:0.9444260668210387
FPR:0.6829268292682927
FPDR:0.6829268292682927
F1:0.3298097251585624
BACC:0
CLSFE:0.6829268292682927
MCC:0.27756511156594804
GMEAN:0.5696634496507759
SAMPLES:246
AUC:{}
AVGP:{}
CLASS:1
ACC:0.9024615384615384
PREC:0.9503994673768309
REC:0.9444260668210387
TNR:0.3436123348017621
FPR:0.04960053262316911
FPDR:0.04960053262316911
F1:0.9474033515845363
BACC:0
CLSFE:0.04960053262316911
MCC:0.27756511156594804
GMEAN:0.5696634496507759
SAMPLES:3004
AUC:{}
AVGP:{}
