

GENERAL_METRICS
ACC:0.9027692307692308
PREC:0.6149922520661157
REC:0.6322937212360289
TNR:0.6322937212360289
FPR:0.3850077479338843
FPDR:0.3850077479338843
F1:0.62277318640955
BACC:0.0
CLSFE:0.09723076923076923
MCC:0.2466799784266075
GMEAN:0.5509852533469071
SAMPLES:3250.0
AUC:{'AUC macro OVO': 0.6149922520661157}
AVGP:{'avg_precision': 0.941678295529257}


METRICS_PER_CLASSES
CLASS:0
ACC:0.9027692307692308
PREC:0.2768595041322314
REC:0.32211538461538464
TNR:0.9424720578566732
FPR:0.7231404958677686
FPDR:0.7231404958677686
F1:0.29777777777777775
BACC:0
CLSFE:0.7231404958677686
MCC:0.2466799784266075
GMEAN:0.5509852533469071
SAMPLES:242
AUC:{}
AVGP:{}
CLASS:1
ACC:0.9027692307692308
PREC:0.953125
REC:0.9424720578566732
TNR:0.32211538461538464
FPR:0.046875
FPDR:0.046875
F1:0.9477685950413223
BACC:0
CLSFE:0.046875
MCC:0.2466799784266075
GMEAN:0.5509852533469071
SAMPLES:3008
AUC:{}
AVGP:{}
