

GENERAL_METRICS
ACC:0.8293333333333334
PREC:0.8355183816378137
REC:0.8141642564166078
TNR:0.8141642564166078
FPR:0.16448161836218633
FPDR:0.16448161836218633
F1:0.8203175886620399
BACC:0.0
CLSFE:0.17066666666666666
MCC:0.6493316036705664
GMEAN:0.8082354537549555
SAMPLES:750.0
AUC:{'AUC macro OVO': 0.8355183816378137}
AVGP:{'avg_precision': 0.8629585009880717}


METRICS_PER_CLASSES
CLASS:0
ACC:0.8293333333333334
PREC:0.8566037735849057
REC:0.7160883280757098
TNR:0.9122401847575058
FPR:0.14339622641509434
FPDR:0.14339622641509434
F1:0.7800687285223368
BACC:0
CLSFE:0.14339622641509434
MCC:0.6493316036705664
GMEAN:0.8082354537549555
SAMPLES:265
AUC:{}
AVGP:{}
CLASS:1
ACC:0.8293333333333334
PREC:0.8144329896907216
REC:0.9122401847575058
TNR:0.7160883280757098
FPR:0.18556701030927836
FPDR:0.18556701030927836
F1:0.8605664488017429
BACC:0
CLSFE:0.18556701030927836
MCC:0.6493316036705664
GMEAN:0.8082354537549555
SAMPLES:485
AUC:{}
AVGP:{}
