

GENERAL_METRICS
ACC:0.8506666666666667
PREC:0.8492086236684162
REC:0.8255088878882011
TNR:0.8255088878882011
FPR:0.1507913763315838
FPDR:0.1507913763315838
F1:0.8345622991113633
BACC:0.0
CLSFE:0.14933333333333335
MCC:0.6743011515080647
GMEAN:0.8198765679335003
SAMPLES:750.0
AUC:{'AUC macro OVO': 0.8492086236684162}
AVGP:{'avg_precision': 0.8864858938449254}


METRICS_PER_CLASSES
CLASS:0
ACC:0.8506666666666667
PREC:0.8451882845188284
REC:0.7292418772563177
TNR:0.9217758985200846
FPR:0.15481171548117154
FPDR:0.15481171548117154
F1:0.7829457364341085
BACC:0
CLSFE:0.15481171548117154
MCC:0.6743011515080647
GMEAN:0.8198765679335003
SAMPLES:239
AUC:{}
AVGP:{}
CLASS:1
ACC:0.8506666666666667
PREC:0.8532289628180039
REC:0.9217758985200846
TNR:0.7292418772563177
FPR:0.14677103718199608
FPDR:0.14677103718199608
F1:0.8861788617886179
BACC:0
CLSFE:0.14677103718199608
MCC:0.6743011515080647
GMEAN:0.8198765679335003
SAMPLES:511
AUC:{}
AVGP:{}
