

GENERAL_METRICS
ACC:0.8106666666666666
PREC:0.81252506507089
REC:0.7922294689009639
TNR:0.7922294689009639
FPR:0.18747493492911008
FPDR:0.18747493492911008
F1:0.7985411732659408
BACC:0.0
CLSFE:0.18933333333333333
MCC:0.6044138773519527
GMEAN:0.7856777830339212
SAMPLES:750.0
AUC:{'AUC macro OVO': 0.81252506507089}
AVGP:{'avg_precision': 0.8476166788498465}


METRICS_PER_CLASSES
CLASS:0
ACC:0.8106666666666666
PREC:0.8185328185328186
REC:0.6905537459283387
TNR:0.8939051918735892
FPR:0.18146718146718147
FPDR:0.18146718146718147
F1:0.7491166077738516
BACC:0
CLSFE:0.18146718146718147
MCC:0.6044138773519527
GMEAN:0.7856777830339212
SAMPLES:259
AUC:{}
AVGP:{}
CLASS:1
ACC:0.8106666666666666
PREC:0.8065173116089613
REC:0.8939051918735892
TNR:0.6905537459283387
FPR:0.1934826883910387
FPDR:0.1934826883910387
F1:0.8479657387580299
BACC:0
CLSFE:0.1934826883910387
MCC:0.6044138773519527
GMEAN:0.7856777830339212
SAMPLES:491
AUC:{}
AVGP:{}
