

GENERAL_METRICS
ACC:0.8333333333333334
PREC:0.8320786943319838
REC:0.8136347002636276
TNR:0.8136347002636276
FPR:0.1679213056680162
FPDR:0.1679213056680162
F1:0.8204363540248114
BACC:0.0
CLSFE:0.16666666666666666
MCC:0.6454499260539072
GMEAN:0.8086322279097828
SAMPLES:750.0
AUC:{'AUC macro OVO': 0.8320786943319838}
AVGP:{'avg_precision': 0.8635391171076994}


METRICS_PER_CLASSES
CLASS:0
ACC:0.8333333333333334
PREC:0.828125
REC:0.7235494880546075
TNR:0.9037199124726477
FPR:0.171875
FPDR:0.171875
F1:0.7723132969034608
BACC:0
CLSFE:0.171875
MCC:0.6454499260539072
GMEAN:0.8086322279097828
SAMPLES:256
AUC:{}
AVGP:{}
CLASS:1
ACC:0.8333333333333334
PREC:0.8360323886639676
REC:0.9037199124726477
TNR:0.7235494880546075
FPR:0.16396761133603238
FPDR:0.16396761133603238
F1:0.868559411146162
BACC:0
CLSFE:0.16396761133603238
MCC:0.6454499260539072
GMEAN:0.8086322279097828
SAMPLES:494
AUC:{}
AVGP:{}
