

GENERAL_METRICS
ACC:0.9355
PREC:0.6255244755244755
REC:0.7290245348584123
TNR:0.7290245348584123
FPR:0.37447552447552446
FPDR:0.37447552447552446
F1:0.6589101783582475
BACC:0.0
CLSFE:0.0645
MCC:0.33910579246211153
GMEAN:0.6944719008274454
SAMPLES:4000.0
AUC:{'AUC macro OVO': 0.6255244755244755}
AVGP:{'avg_precision': 0.9505153712160445}


METRICS_PER_CLASSES
CLASS:0
ACC:0.9355
PREC:0.2692307692307692
REC:0.5072463768115942
TNR:0.9508026929052305
FPR:0.7307692307692307
FPDR:0.7307692307692307
F1:0.35175879396984927
BACC:0
CLSFE:0.7307692307692307
MCC:0.33910579246211153
GMEAN:0.6944719008274454
SAMPLES:260
AUC:{}
AVGP:{}
CLASS:1
ACC:0.9355
PREC:0.9818181818181818
REC:0.9508026929052305
TNR:0.5072463768115942
FPR:0.01818181818181818
FPDR:0.01818181818181818
F1:0.9660615627466457
BACC:0
CLSFE:0.01818181818181818
MCC:0.33910579246211153
GMEAN:0.6944719008274454
SAMPLES:3740
AUC:{}
AVGP:{}
