

GENERAL_METRICS
ACC:0.93675
PREC:0.6085766249435152
REC:0.6953770661157025
TNR:0.6953770661157025
FPR:0.3914233750564849
FPDR:0.3914233750564849
F1:0.6368562226946919
BACC:0.0
CLSFE:0.06325
MCC:0.2912962919792078
GMEAN:0.6457930650380505
SAMPLES:4000.0
AUC:{'AUC macro OVO': 0.608576624943515}
AVGP:{'avg_precision': 0.9530148822923507}


METRICS_PER_CLASSES
CLASS:0
ACC:0.93675
PREC:0.23628691983122363
REC:0.4375
TNR:0.953254132231405
FPR:0.7637130801687764
FPDR:0.7637130801687764
F1:0.30684931506849317
BACC:0
CLSFE:0.7637130801687764
MCC:0.2912962919792078
GMEAN:0.6457930650380505
SAMPLES:237
AUC:{}
AVGP:{}
CLASS:1
ACC:0.93675
PREC:0.9808663300558066
REC:0.953254132231405
TNR:0.4375
FPR:0.019133669944193462
FPDR:0.019133669944193462
F1:0.9668631303208907
BACC:0
CLSFE:0.019133669944193462
MCC:0.2912962919792078
GMEAN:0.6457930650380505
SAMPLES:3763
AUC:{}
AVGP:{}
