

GENERAL_METRICS
ACC:0.92875
PREC:0.5797983011211225
REC:0.6509582797115504
TNR:0.6509582797115504
FPR:0.42020169887887754
FPDR:0.42020169887887754
F1:0.6013114754098361
BACC:0.0
CLSFE:0.07125
MCC:0.21951049415596452
GMEAN:0.5794469484067711
SAMPLES:4000.0
AUC:{'AUC macro OVO': 0.5797983011211224}
AVGP:{'avg_precision': 0.9473763518910924}


METRICS_PER_CLASSES
CLASS:0
ACC:0.92875
PREC:0.1814516129032258
REC:0.3543307086614173
TNR:0.9475858507616834
FPR:0.8185483870967742
FPDR:0.8185483870967742
F1:0.24
BACC:0
CLSFE:0.8185483870967742
MCC:0.21951049415596452
GMEAN:0.5794469484067711
SAMPLES:248
AUC:{}
AVGP:{}
CLASS:1
ACC:0.92875
PREC:0.9781449893390192
REC:0.9475858507616834
TNR:0.3543307086614173
FPR:0.02185501066098081
FPDR:0.02185501066098081
F1:0.9626229508196721
BACC:0
CLSFE:0.02185501066098081
MCC:0.21951049415596452
GMEAN:0.5794469484067711
SAMPLES:3752
AUC:{}
AVGP:{}
