

GENERAL_METRICS
ACC:0.9415
PREC:0.6124715204488816
REC:0.7051180173177233
TNR:0.7051180173177233
FPR:0.38752847955111835
FPDR:0.38752847955111835
F1:0.6426165963354455
BACC:0.0
CLSFE:0.0585
MCC:0.3037758073262871
GMEAN:0.6588029900849642
SAMPLES:4000.0
AUC:{'AUC macro OVO': 0.6124715204488816}
AVGP:{'avg_precision': 0.9562444892181259}


METRICS_PER_CLASSES
CLASS:0
ACC:0.9415
PREC:0.242152466367713
REC:0.453781512605042
TNR:0.9564545220304045
FPR:0.757847533632287
FPDR:0.757847533632287
F1:0.3157894736842105
BACC:0
CLSFE:0.757847533632287
MCC:0.3037758073262871
GMEAN:0.6588029900849642
SAMPLES:223
AUC:{}
AVGP:{}
CLASS:1
ACC:0.9415
PREC:0.9827905745300503
REC:0.9564545220304045
TNR:0.453781512605042
FPR:0.017209425469949694
FPDR:0.017209425469949694
F1:0.9694437189866806
BACC:0
CLSFE:0.017209425469949694
MCC:0.3037758073262871
GMEAN:0.6588029900849642
SAMPLES:3777
AUC:{}
AVGP:{}
