

GENERAL_METRICS
ACC:0.8994285714285715
PREC:0.6462344108382158
REC:0.6403264125606859
TNR:0.6403264125606859
FPR:0.3537655891617842
FPDR:0.3537655891617842
F1:0.6431926840598648
BACC:0.0
CLSFE:0.10057142857142858
MCC:0.28649991459581486
GMEAN:0.5619369750508914
SAMPLES:3500.0
AUC:{'AUC macro OVO': 0.6462344108382159}
AVGP:{'avg_precision': 0.9460894369854996}


METRICS_PER_CLASSES
CLASS:0
ACC:0.8994285714285715
PREC:0.3486590038314176
REC:0.3333333333333333
TNR:0.9473194917880384
FPR:0.6513409961685823
FPDR:0.6513409961685823
F1:0.3408239700374532
BACC:0
CLSFE:0.6513409961685823
MCC:0.28649991459581486
GMEAN:0.5619369750508914
SAMPLES:261
AUC:{}
AVGP:{}
CLASS:1
ACC:0.8994285714285715
PREC:0.9438098178450139
REC:0.9473194917880384
TNR:0.3333333333333333
FPR:0.056190182154986106
FPDR:0.056190182154986106
F1:0.9455613980822766
BACC:0
CLSFE:0.056190182154986106
MCC:0.28649991459581486
GMEAN:0.5619369750508914
SAMPLES:3239
AUC:{}
AVGP:{}
