

GENERAL_METRICS
ACC:0.898
PREC:0.6235481149828045
REC:0.6077102113196394
TNR:0.6077102113196394
FPR:0.3764518850171955
FPDR:0.3764518850171955
F1:0.6148272548789319
BACC:0.0
CLSFE:0.102
MCC:0.23071535339409888
GMEAN:0.5018069904379879
SAMPLES:3500.0
AUC:{'AUC macro OVO': 0.6235481149828045}
AVGP:{'avg_precision': 0.9495010070600207}


METRICS_PER_CLASSES
CLASS:0
ACC:0.898
PREC:0.30735930735930733
REC:0.26492537313432835
TNR:0.9504950495049505
FPR:0.6926406926406926
FPDR:0.6926406926406926
F1:0.2845691382765531
BACC:0
CLSFE:0.6926406926406926
MCC:0.23071535339409888
GMEAN:0.5018069904379879
SAMPLES:231
AUC:{}
AVGP:{}
CLASS:1
ACC:0.898
PREC:0.9397369226063016
REC:0.9504950495049505
TNR:0.26492537313432835
FPR:0.06026307739369838
FPDR:0.06026307739369838
F1:0.9450853714813106
BACC:0
CLSFE:0.06026307739369838
MCC:0.23071535339409888
GMEAN:0.5018069904379879
SAMPLES:3269
AUC:{}
AVGP:{}
