

GENERAL_METRICS
ACC:0.8945714285714286
PREC:0.6063274921631282
REC:0.6006090125245686
TNR:0.6006090125245686
FPR:0.3936725078368718
FPDR:0.3936725078368718
F1:0.6033475440256585
BACC:0.0
CLSFE:0.10542857142857143
MCC:0.20685747741617783
GMEAN:0.4917799845357303
SAMPLES:3500.0
AUC:{'AUC macro OVO': 0.6063274921631282}
AVGP:{'avg_precision': 0.9445296879396559}


METRICS_PER_CLASSES
CLASS:0
ACC:0.8945714285714286
PREC:0.2716049382716049
REC:0.2558139534883721
TNR:0.945404071560765
FPR:0.7283950617283951
FPDR:0.7283950617283951
F1:0.2634730538922156
BACC:0
CLSFE:0.7283950617283951
MCC:0.20685747741617783
GMEAN:0.4917799845357303
SAMPLES:243
AUC:{}
AVGP:{}
CLASS:1
ACC:0.8945714285714286
PREC:0.9410500460546515
REC:0.945404071560765
TNR:0.2558139534883721
FPR:0.05894995394534848
FPDR:0.05894995394534848
F1:0.9432220341591014
BACC:0
CLSFE:0.05894995394534848
MCC:0.20685747741617783
GMEAN:0.4917799845357303
SAMPLES:3257
AUC:{}
AVGP:{}
