

GENERAL_METRICS
ACC:0.8954285714285715
PREC:0.6171255182703758
REC:0.6171255182703758
TNR:0.6171255182703758
FPR:0.3828744817296243
FPDR:0.3828744817296243
F1:0.6171255182703758
BACC:0.0
CLSFE:0.10457142857142857
MCC:0.23425103654075147
GMEAN:0.5237258520053824
SAMPLES:3500.0
AUC:{'AUC macro OVO': 0.6171255182703757}
AVGP:{'avg_precision': 0.9425786614577214}


METRICS_PER_CLASSES
CLASS:0
ACC:0.8954285714285715
PREC:0.29069767441860467
REC:0.29069767441860467
TNR:0.9435533621221468
FPR:0.7093023255813954
FPDR:0.7093023255813954
F1:0.29069767441860467
BACC:0
CLSFE:0.7093023255813954
MCC:0.23425103654075147
GMEAN:0.5237258520053824
SAMPLES:258
AUC:{}
AVGP:{}
CLASS:1
ACC:0.8954285714285715
PREC:0.9435533621221468
REC:0.9435533621221468
TNR:0.29069767441860467
FPR:0.05644663787785318
FPDR:0.05644663787785318
F1:0.9435533621221468
BACC:0
CLSFE:0.05644663787785318
MCC:0.23425103654075147
GMEAN:0.5237258520053824
SAMPLES:3242
AUC:{}
AVGP:{}
