

GENERAL_METRICS
ACC:0.9144
PREC:0.6035975873439161
REC:0.635329795857122
TNR:0.635329795857122
FPR:0.3964024126560839
FPDR:0.3964024126560839
F1:0.6165760198759347
BACC:0.0
CLSFE:0.0856
MCC:0.2368108134907909
GMEAN:0.5541619786830497
SAMPLES:3750.0
AUC:{'AUC macro OVO': 0.6035975873439161}
AVGP:{'avg_precision': 0.9455435828720561}


METRICS_PER_CLASSES
CLASS:0
ACC:0.9144
PREC:0.2440944881889764
REC:0.32460732984293195
TNR:0.9460522618713122
FPR:0.7559055118110236
FPDR:0.7559055118110236
F1:0.2786516853932584
BACC:0
CLSFE:0.7559055118110236
MCC:0.2368108134907909
GMEAN:0.5541619786830497
SAMPLES:254
AUC:{}
AVGP:{}
CLASS:1
ACC:0.9144
PREC:0.9631006864988558
REC:0.9460522618713122
TNR:0.32460732984293195
FPR:0.036899313501144164
FPDR:0.036899313501144164
F1:0.9545003543586109
BACC:0
CLSFE:0.036899313501144164
MCC:0.2368108134907909
GMEAN:0.5541619786830497
SAMPLES:3496
AUC:{}
AVGP:{}
