

GENERAL_METRICS
ACC:0.9152
PREC:0.6248129669980268
REC:0.6398753379865434
TNR:0.6398753379865434
FPR:0.3751870330019732
FPDR:0.3751870330019732
F1:0.6317625988142292
BACC:0.0
CLSFE:0.0848
MCC:0.2642593872993146
GMEAN:0.5591177534125883
SAMPLES:3750.0
AUC:{'AUC macro OVO': 0.6248129669980267}
AVGP:{'avg_precision': 0.9503805496664947}


METRICS_PER_CLASSES
CLASS:0
ACC:0.9152
PREC:0.29098360655737704
REC:0.3287037037037037
TNR:0.9510469722693832
FPR:0.7090163934426229
FPDR:0.7090163934426229
F1:0.30869565217391304
BACC:0
CLSFE:0.7090163934426229
MCC:0.2642593872993146
GMEAN:0.5591177534125883
SAMPLES:244
AUC:{}
AVGP:{}
CLASS:1
ACC:0.9152
PREC:0.9586423274386765
REC:0.9510469722693832
TNR:0.3287037037037037
FPR:0.041357672561323444
FPDR:0.041357672561323444
F1:0.9548295454545455
BACC:0
CLSFE:0.041357672561323444
MCC:0.2642593872993146
GMEAN:0.5591177534125883
SAMPLES:3506
AUC:{}
AVGP:{}
