

GENERAL_METRICS
ACC:0.9112
PREC:0.6013714355782566
REC:0.6410758654778315
TNR:0.6410758654778315
FPR:0.3986285644217434
FPDR:0.3986285644217434
F1:0.6167281180529574
BACC:0.0
CLSFE:0.0888
MCC:0.2391741040241003
GMEAN:0.566145429598472
SAMPLES:3750.0
AUC:{'AUC macro OVO': 0.6013714355782566}
AVGP:{'avg_precision': 0.9413169689103473}


METRICS_PER_CLASSES
CLASS:0
ACC:0.9112
PREC:0.23897058823529413
REC:0.3403141361256545
TNR:0.9418375948300084
FPR:0.7610294117647058
FPDR:0.7610294117647058
F1:0.28077753779697623
BACC:0
CLSFE:0.7610294117647058
MCC:0.2391741040241003
GMEAN:0.566145429598472
SAMPLES:272
AUC:{}
AVGP:{}
CLASS:1
ACC:0.9112
PREC:0.9637722829212191
REC:0.9418375948300084
TNR:0.3403141361256545
FPR:0.03622771707878091
FPDR:0.03622771707878091
F1:0.9526786983089385
BACC:0
CLSFE:0.03622771707878091
MCC:0.2391741040241003
GMEAN:0.566145429598472
SAMPLES:3478
AUC:{}
AVGP:{}
