

GENERAL_METRICS
ACC:0.9172
PREC:0.7452404699458743
REC:0.7756823988167272
TNR:0.7756823988167272
FPR:0.25475953005412577
FPDR:0.25475953005412577
F1:0.7592323349810992
BACC:0.0
CLSFE:0.0828
MCC:0.5200326183678101
GMEAN:0.7563544619238205
SAMPLES:2500.0
AUC:{'AUC macro OVO': 0.7452404699458743}
AVGP:{'avg_precision': 0.9458437106855575}


METRICS_PER_CLASSES
CLASS:0
ACC:0.9172
PREC:0.5296442687747036
REC:0.6036036036036037
TNR:0.9477611940298507
FPR:0.47035573122529645
FPDR:0.47035573122529645
F1:0.5642105263157895
BACC:0
CLSFE:0.47035573122529645
MCC:0.5200326183678101
GMEAN:0.7563544619238205
SAMPLES:253
AUC:{}
AVGP:{}
CLASS:1
ACC:0.9172
PREC:0.960836671117045
REC:0.9477611940298507
TNR:0.6036036036036037
FPR:0.039163328882955054
FPDR:0.039163328882955054
F1:0.9542541436464088
BACC:0
CLSFE:0.039163328882955054
MCC:0.5200326183678101
GMEAN:0.7563544619238205
SAMPLES:2247
AUC:{}
AVGP:{}
