

GENERAL_METRICS
ACC:0.9184
PREC:0.7335894178652091
REC:0.7599478353569253
TNR:0.7599478353569253
FPR:0.2664105821347908
FPDR:0.2664105821347908
F1:0.7458133971291866
BACC:0.0
CLSFE:0.0816
MCC:0.49283288663134256
GMEAN:0.7358388970562637
SAMPLES:2500.0
AUC:{'AUC macro OVO': 0.7335894178652091}
AVGP:{'avg_precision': 0.9481573680738697}


METRICS_PER_CLASSES
CLASS:0
ACC:0.9184
PREC:0.5064377682403434
REC:0.5700483091787439
TNR:0.9498473615351068
FPR:0.49356223175965663
FPDR:0.49356223175965663
F1:0.5363636363636364
BACC:0
CLSFE:0.49356223175965663
MCC:0.49283288663134256
GMEAN:0.7358388970562637
SAMPLES:233
AUC:{}
AVGP:{}
CLASS:1
ACC:0.9184
PREC:0.960741067490075
REC:0.9498473615351068
TNR:0.5700483091787439
FPR:0.03925893250992501
FPDR:0.03925893250992501
F1:0.9552631578947368
BACC:0
CLSFE:0.03925893250992501
MCC:0.49283288663134256
GMEAN:0.7358388970562637
SAMPLES:2267
AUC:{}
AVGP:{}
