

GENERAL_METRICS
ACC:0.904
PREC:0.704192567214468
REC:0.7326684308584186
TNR:0.7326684308584186
FPR:0.29580743278553195
FPDR:0.29580743278553195
F1:0.7171113675968045
BACC:0.0
CLSFE:0.096
MCC:0.4359319405904662
GMEAN:0.7027234751687708
SAMPLES:2500.0
AUC:{'AUC macro OVO': 0.704192567214468}
AVGP:{'avg_precision': 0.9381413962539831}


METRICS_PER_CLASSES
CLASS:0
ACC:0.904
PREC:0.4541832669322709
REC:0.5253456221198156
TNR:0.9399912395970215
FPR:0.545816733067729
FPDR:0.545816733067729
F1:0.48717948717948717
BACC:0
CLSFE:0.545816733067729
MCC:0.4359319405904662
GMEAN:0.7027234751687708
SAMPLES:251
AUC:{}
AVGP:{}
CLASS:1
ACC:0.904
PREC:0.9542018674966651
REC:0.9399912395970215
TNR:0.5253456221198156
FPR:0.04579813250333482
FPDR:0.04579813250333482
F1:0.9470432480141218
BACC:0
CLSFE:0.04579813250333482
MCC:0.4359319405904662
GMEAN:0.7027234751687708
SAMPLES:2249
AUC:{}
AVGP:{}
