

GENERAL_METRICS
ACC:0.9016
PREC:0.704744694795672
REC:0.7356347644902919
TNR:0.7356347644902919
FPR:0.295255305204328
FPDR:0.295255305204328
F1:0.7186312761238278
BACC:0.0
CLSFE:0.0984
MCC:0.43929474360076226
GMEAN:0.7073567033771996
SAMPLES:2500.0
AUC:{'AUC macro OVO': 0.7047446947956719}
AVGP:{'avg_precision': 0.9356846411961234}


METRICS_PER_CLASSES
CLASS:0
ACC:0.9016
PREC:0.4559386973180077
REC:0.5336322869955157
TNR:0.937637241985068
FPR:0.5440613026819924
FPDR:0.5440613026819924
F1:0.49173553719008267
BACC:0
CLSFE:0.5440613026819924
MCC:0.43929474360076226
GMEAN:0.7073567033771996
SAMPLES:261
AUC:{}
AVGP:{}
CLASS:1
ACC:0.9016
PREC:0.9535506922733363
REC:0.937637241985068
TNR:0.5336322869955157
FPR:0.04644930772666369
FPDR:0.04644930772666369
F1:0.9455270150575731
BACC:0
CLSFE:0.04644930772666369
MCC:0.43929474360076226
GMEAN:0.7073567033771996
SAMPLES:2239
AUC:{}
AVGP:{}
