

GENERAL_METRICS
ACC:0.898
PREC:0.5299458944368852
REC:0.560109247741631
TNR:0.560109247741631
FPR:0.4700541055631148
FPDR:0.4700541055631148
F1:0.5357774968394438
BACC:0.0
CLSFE:0.102
MCC:0.08485340741659023
GMEAN:0.4244895014172729
SAMPLES:3000.0
AUC:{'AUC macro OVO': 0.5299458944368852}
AVGP:{'avg_precision': 0.9253790917664656}


METRICS_PER_CLASSES
CLASS:0
ACC:0.898
PREC:0.09282700421940929
REC:0.19469026548672566
TNR:0.9255282299965362
FPR:0.9071729957805907
FPDR:0.9071729957805907
F1:0.12571428571428572
BACC:0
CLSFE:0.9071729957805907
MCC:0.08485340741659023
GMEAN:0.4244895014172729
SAMPLES:237
AUC:{}
AVGP:{}
CLASS:1
ACC:0.898
PREC:0.9670647846543612
REC:0.9255282299965362
TNR:0.19469026548672566
FPR:0.0329352153456388
FPDR:0.0329352153456388
F1:0.9458407079646017
BACC:0
CLSFE:0.0329352153456388
MCC:0.08485340741659023
GMEAN:0.4244895014172729
SAMPLES:2763
AUC:{}
AVGP:{}
