

GENERAL_METRICS
ACC:0.8946666666666667
PREC:0.528000770804045
REC:0.5598121485971953
TNR:0.5598121485971953
FPR:0.47199922919595505
FPDR:0.47199922919595505
F1:0.5330969267139479
BACC:0.0
CLSFE:0.10533333333333333
MCC:0.08184830515453687
GMEAN:0.4273464549915442
SAMPLES:3000.0
AUC:{'AUC macro OVO': 0.528000770804045}
AVGP:{'avg_precision': 0.9212829064078024}


METRICS_PER_CLASSES
CLASS:0
ACC:0.8946666666666667
PREC:0.08835341365461848
REC:0.1981981981981982
TNR:0.9214260989961924
FPR:0.9116465863453815
FPDR:0.9116465863453815
F1:0.12222222222222222
BACC:0
CLSFE:0.9116465863453815
MCC:0.08184830515453687
GMEAN:0.4273464549915442
SAMPLES:249
AUC:{}
AVGP:{}
CLASS:1
ACC:0.8946666666666667
PREC:0.9676481279534714
REC:0.9214260989961924
TNR:0.1981981981981982
FPR:0.032351872046528535
FPDR:0.032351872046528535
F1:0.9439716312056737
BACC:0
CLSFE:0.032351872046528535
MCC:0.08184830515453687
GMEAN:0.4273464549915442
SAMPLES:2751
AUC:{}
AVGP:{}
