

GENERAL_METRICS
ACC:0.8893333333333333
PREC:0.5371667069090408
REC:0.5749565217391305
TNR:0.5749565217391305
FPR:0.4628332930909593
FPDR:0.4628332930909593
F1:0.5447689565336624
BACC:0.0
CLSFE:0.11066666666666666
MCC:0.10556300629291307
GMEAN:0.46147137082050554
SAMPLES:3000.0
AUC:{'AUC macro OVO': 0.5371667069090407}
AVGP:{'avg_precision': 0.9176937922263732}


METRICS_PER_CLASSES
CLASS:0
ACC:0.8893333333333333
PREC:0.10943396226415095
REC:0.232
TNR:0.9179130434782609
FPR:0.8905660377358491
FPDR:0.8905660377358491
F1:0.14871794871794872
BACC:0
CLSFE:0.8905660377358491
MCC:0.10556300629291307
GMEAN:0.46147137082050554
SAMPLES:265
AUC:{}
AVGP:{}
CLASS:1
ACC:0.8893333333333333
PREC:0.9648994515539305
REC:0.9179130434782609
TNR:0.232
FPR:0.03510054844606947
FPDR:0.03510054844606947
F1:0.9408199643493761
BACC:0
CLSFE:0.03510054844606947
MCC:0.10556300629291307
GMEAN:0.46147137082050554
SAMPLES:2735
AUC:{}
AVGP:{}
