

GENERAL_METRICS
ACC:0.9073333333333333
PREC:0.5479314048668469
REC:0.6222144991481533
TNR:0.6222144991481533
FPR:0.4520685951331531
FPDR:0.4520685951331531
F1:0.5617685633575464
BACC:0.0
CLSFE:0.09266666666666666
MCC:0.15307400353122086
GMEAN:0.543156046920105
SAMPLES:3000.0
AUC:{'AUC macro OVO': 0.5479314048668469}
AVGP:{'avg_precision': 0.9255808231832411}


METRICS_PER_CLASSES
CLASS:0
ACC:0.9073333333333333
PREC:0.11836734693877551
REC:0.31868131868131866
TNR:0.9257476796149879
FPR:0.8816326530612245
FPDR:0.8816326530612245
F1:0.17261904761904762
BACC:0
CLSFE:0.8816326530612245
MCC:0.15307400353122086
GMEAN:0.543156046920105
SAMPLES:245
AUC:{}
AVGP:{}
CLASS:1
ACC:0.9073333333333333
PREC:0.9774954627949183
REC:0.9257476796149879
TNR:0.31868131868131866
FPR:0.02250453720508167
FPDR:0.02250453720508167
F1:0.9509180790960452
BACC:0
CLSFE:0.02250453720508167
MCC:0.15307400353122086
GMEAN:0.543156046920105
SAMPLES:2755
AUC:{}
AVGP:{}
