

GENERAL_METRICS
ACC:0.9083333333333333
PREC:0.5297787291601533
REC:0.5736650212483871
TNR:0.5736650212483871
FPR:0.4702212708398466
FPDR:0.4702212708398466
F1:0.5365249256894964
BACC:0.0
CLSFE:0.09166666666666666
MCC:0.09367285020394468
GMEAN:0.4504129078824828
SAMPLES:3000.0
AUC:{'AUC macro OVO': 0.5297787291601534}
AVGP:{'avg_precision': 0.9288345029157263}


METRICS_PER_CLASSES
CLASS:0
ACC:0.9083333333333333
PREC:0.084070796460177
REC:0.21839080459770116
TNR:0.9289392378990731
FPR:0.915929203539823
FPDR:0.915929203539823
F1:0.12140575079872204
BACC:0
CLSFE:0.915929203539823
MCC:0.09367285020394468
GMEAN:0.4504129078824828
SAMPLES:226
AUC:{}
AVGP:{}
CLASS:1
ACC:0.9083333333333333
PREC:0.9754866618601298
REC:0.9289392378990731
TNR:0.21839080459770116
FPR:0.024513338139870222
FPDR:0.024513338139870222
F1:0.9516441005802708
BACC:0
CLSFE:0.024513338139870222
MCC:0.09367285020394468
GMEAN:0.4504129078824828
SAMPLES:2774
AUC:{}
AVGP:{}
