

GENERAL_METRICS
ACC:0.9096666666666666
PREC:0.5442931532788519
REC:0.6074497863772528
TNR:0.6074497863772528
FPR:0.45570684672114814
FPDR:0.45570684672114814
F1:0.5566271157694047
BACC:0.0
CLSFE:0.09033333333333333
MCC:0.13797521310420297
GMEAN:0.5152489792157962
SAMPLES:3000.0
AUC:{'AUC macro OVO': 0.5442931532788519}
AVGP:{'avg_precision': 0.9290322125011011}


METRICS_PER_CLASSES
CLASS:0
ACC:0.9096666666666666
PREC:0.11206896551724138
REC:0.2857142857142857
TNR:0.92918528704022
FPR:0.8879310344827587
FPDR:0.8879310344827587
F1:0.1609907120743034
BACC:0
CLSFE:0.8879310344827587
MCC:0.13797521310420297
GMEAN:0.5152489792157962
SAMPLES:232
AUC:{}
AVGP:{}
CLASS:1
ACC:0.9096666666666666
PREC:0.9765173410404624
REC:0.92918528704022
TNR:0.2857142857142857
FPR:0.02348265895953757
FPDR:0.02348265895953757
F1:0.9522635194645059
BACC:0
CLSFE:0.02348265895953757
MCC:0.13797521310420297
GMEAN:0.5152489792157962
SAMPLES:2768
AUC:{}
AVGP:{}
