

GENERAL_METRICS
ACC:0.8943333333333333
PREC:0.5348476890756302
REC:0.6024397963555518
TNR:0.6024397963555518
FPR:0.46515231092436976
FPDR:0.46515231092436976
F1:0.5423129510996761
BACC:0.0
CLSFE:0.10566666666666667
MCC:0.11949544212846194
GMEAN:0.5163763520868354
SAMPLES:3000.0
AUC:{'AUC macro OVO': 0.5348476890756303}
AVGP:{'avg_precision': 0.9126039818538202}


METRICS_PER_CLASSES
CLASS:0
ACC:0.8943333333333333
PREC:0.09285714285714286
REC:0.29213483146067415
TNR:0.9127447612504294
FPR:0.9071428571428571
FPDR:0.9071428571428571
F1:0.14092140921409213
BACC:0
CLSFE:0.9071428571428571
MCC:0.11949544212846194
GMEAN:0.5163763520868354
SAMPLES:280
AUC:{}
AVGP:{}
CLASS:1
ACC:0.8943333333333333
PREC:0.9768382352941176
REC:0.9127447612504294
TNR:0.29213483146067415
FPR:0.023161764705882354
FPDR:0.023161764705882354
F1:0.9437044929852602
BACC:0
CLSFE:0.023161764705882354
MCC:0.11949544212846194
GMEAN:0.5163763520868354
SAMPLES:2720
AUC:{}
AVGP:{}
