

GENERAL_METRICS
ACC:0.9013333333333333
PREC:0.5281045751633987
REC:0.5832032786469237
TNR:0.5832032786469237
FPR:0.4718954248366013
FPDR:0.4718954248366013
F1:0.5333938660209846
BACC:0.0
CLSFE:0.09866666666666667
MCC:0.09671386247221592
GMEAN:0.47648221685027403
SAMPLES:3000.0
AUC:{'AUC macro OVO': 0.5281045751633987}
AVGP:{'avg_precision': 0.9193931331125575}


METRICS_PER_CLASSES
CLASS:0
ACC:0.9013333333333333
PREC:0.0784313725490196
REC:0.24691358024691357
TNR:0.9194929770469339
FPR:0.9215686274509803
FPDR:0.9215686274509803
F1:0.11904761904761904
BACC:0
CLSFE:0.9215686274509803
MCC:0.09671386247221592
GMEAN:0.47648221685027403
SAMPLES:255
AUC:{}
AVGP:{}
CLASS:1
ACC:0.9013333333333333
PREC:0.9777777777777777
REC:0.9194929770469339
TNR:0.24691358024691357
FPR:0.022222222222222223
FPDR:0.022222222222222223
F1:0.9477401129943502
BACC:0
CLSFE:0.022222222222222223
MCC:0.09671386247221592
GMEAN:0.47648221685027403
SAMPLES:2745
AUC:{}
AVGP:{}
