

GENERAL_METRICS
ACC:0.9282666666666667
PREC:0.5398783372761068
REC:0.654301658386397
TNR:0.654301658386397
FPR:0.4601216627238932
FPDR:0.4601216627238932
F1:0.5542963183881764
BACC:0.0
CLSFE:0.07173333333333333
MCC:0.15688586393165388
GMEAN:0.589773305563906
SAMPLES:3750.0
AUC:{'AUC macro OVO': 0.5398783372761068}
AVGP:{'avg_precision': 0.9375786725157046}


METRICS_PER_CLASSES
CLASS:0
ACC:0.9282666666666667
PREC:0.09090909090909091
REC:0.3709677419354839
TNR:0.9376355748373102
FPR:0.9090909090909091
FPDR:0.9090909090909091
F1:0.14603174603174604
BACC:0
CLSFE:0.9090909090909091
MCC:0.15688586393165388
GMEAN:0.589773305563906
SAMPLES:253
AUC:{}
AVGP:{}
CLASS:1
ACC:0.9282666666666667
PREC:0.9888475836431226
REC:0.9376355748373102
TNR:0.3709677419354839
FPR:0.011152416356877323
FPDR:0.011152416356877323
F1:0.9625608907446068
BACC:0
CLSFE:0.011152416356877323
MCC:0.15688586393165388
GMEAN:0.589773305563906
SAMPLES:3497
AUC:{}
AVGP:{}
