

GENERAL_METRICS
ACC:0.9232
PREC:0.5420708809263026
REC:0.6386628656562473
TNR:0.6386628656562473
FPR:0.4579291190736974
FPDR:0.4579291190736974
F1:0.5563588563917188
BACC:0.0
CLSFE:0.0768
MCC:0.15275691683094259
GMEAN:0.5656357877368431
SAMPLES:3750.0
AUC:{'AUC macro OVO': 0.5420708809263026}
AVGP:{'avg_precision': 0.9351398532929447}


METRICS_PER_CLASSES
CLASS:0
ACC:0.9232
PREC:0.09848484848484848
REC:0.34210526315789475
TNR:0.9352204681545999
FPR:0.9015151515151515
FPDR:0.9015151515151515
F1:0.15294117647058825
BACC:0
CLSFE:0.9015151515151515
MCC:0.15275691683094259
GMEAN:0.5656357877368431
SAMPLES:264
AUC:{}
AVGP:{}
CLASS:1
ACC:0.9232
PREC:0.9856569133677567
REC:0.9352204681545999
TNR:0.34210526315789475
FPR:0.01434308663224326
FPDR:0.01434308663224326
F1:0.9597765363128492
BACC:0
CLSFE:0.01434308663224326
MCC:0.15275691683094259
GMEAN:0.5656357877368431
SAMPLES:3486
AUC:{}
AVGP:{}
