

GENERAL_METRICS
ACC:0.9293333333333333
PREC:0.5387496859761239
REC:0.6525745257452574
TNR:0.6525745257452574
FPR:0.4612503140238761
FPDR:0.4612503140238761
F1:0.5527716009629081
BACC:0.0
CLSFE:0.07066666666666667
MCC:0.15378185797531194
GMEAN:0.5866090757640426
SAMPLES:3750.0
AUC:{'AUC macro OVO': 0.5387496859761239}
AVGP:{'avg_precision': 0.9384293912153633}


METRICS_PER_CLASSES
CLASS:0
ACC:0.9293333333333333
PREC:0.08835341365461848
REC:0.36666666666666664
TNR:0.9384823848238483
FPR:0.9116465863453815
FPDR:0.9116465863453815
F1:0.1423948220064725
BACC:0
CLSFE:0.9116465863453815
MCC:0.15378185797531194
GMEAN:0.5866090757640426
SAMPLES:249
AUC:{}
AVGP:{}
CLASS:1
ACC:0.9293333333333333
PREC:0.9891459582976293
REC:0.9384823848238483
TNR:0.36666666666666664
FPR:0.010854041702370752
FPDR:0.010854041702370752
F1:0.9631483799193437
BACC:0
CLSFE:0.010854041702370752
MCC:0.15378185797531194
GMEAN:0.5866090757640426
SAMPLES:3501
AUC:{}
AVGP:{}
