

GENERAL_METRICS
ACC:0.9338666666666666
PREC:0.5347031335898845
REC:0.6019409937888198
TNR:0.6019409937888198
FPR:0.4652968664101154
FPDR:0.4652968664101154
F1:0.5461962462134224
BACC:0.0
CLSFE:0.06613333333333334
MCC:0.11895666312971305
GMEAN:0.49340369371230297
SAMPLES:3750.0
AUC:{'AUC macro OVO': 0.5347031335898846}
AVGP:{'avg_precision': 0.9466831628303495}


METRICS_PER_CLASSES
CLASS:0
ACC:0.9338666666666666
PREC:0.08411214953271028
REC:0.2571428571428571
TNR:0.9467391304347826
FPR:0.9158878504672897
FPDR:0.9158878504672897
F1:0.1267605633802817
BACC:0
CLSFE:0.9158878504672897
MCC:0.11895666312971305
GMEAN:0.49340369371230297
SAMPLES:214
AUC:{}
AVGP:{}
CLASS:1
ACC:0.9338666666666666
PREC:0.9852941176470589
REC:0.9467391304347826
TNR:0.2571428571428571
FPR:0.014705882352941176
FPDR:0.014705882352941176
F1:0.9656319290465631
BACC:0
CLSFE:0.014705882352941176
MCC:0.11895666312971305
GMEAN:0.49340369371230297
SAMPLES:3536
AUC:{}
AVGP:{}
