

GENERAL_METRICS
ACC:0.8582857142857143
PREC:0.7229616340867523
REC:0.7103360650530461
TNR:0.7103360650530461
FPR:0.2770383659132477
FPDR:0.2770383659132477
F1:0.7163131693440428
BACC:0.0
CLSFE:0.1417142857142857
MCC:0.43311371611439237
GMEAN:0.6778929001450642
SAMPLES:1750.0
AUC:{'AUC macro OVO': 0.7229616340867522}
AVGP:{'avg_precision': 0.9169219719931629}


METRICS_PER_CLASSES
CLASS:0
ACC:0.8582857142857143
PREC:0.5344129554655871
REC:0.4981132075471698
TNR:0.9225589225589226
FPR:0.46558704453441296
FPDR:0.46558704453441296
F1:0.515625
BACC:0
CLSFE:0.46558704453441296
MCC:0.43311371611439237
GMEAN:0.6778929001450642
SAMPLES:247
AUC:{}
AVGP:{}
CLASS:1
ACC:0.8582857142857143
PREC:0.9115103127079175
REC:0.9225589225589226
TNR:0.4981132075471698
FPR:0.08848968729208251
FPDR:0.08848968729208251
F1:0.9170013386880856
BACC:0
CLSFE:0.08848968729208251
MCC:0.43311371611439237
GMEAN:0.6778929001450642
SAMPLES:1503
AUC:{}
AVGP:{}
