

GENERAL_METRICS
ACC:0.8674285714285714
PREC:0.7332700522069293
REC:0.7256213522198177
TNR:0.7256213522198177
FPR:0.2667299477930707
FPDR:0.2667299477930707
F1:0.7293333333333334
BACC:0.0
CLSFE:0.13257142857142856
MCC:0.4588276565827952
GMEAN:0.6974767860931493
SAMPLES:1750.0
AUC:{'AUC macro OVO': 0.7332700522069293}
AVGP:{'avg_precision': 0.9204660940677118}


METRICS_PER_CLASSES
CLASS:0
ACC:0.8674285714285714
PREC:0.5469387755102041
REC:0.5254901960784314
TNR:0.925752508361204
FPR:0.4530612244897959
FPDR:0.4530612244897959
F1:0.536
BACC:0
CLSFE:0.4530612244897959
MCC:0.4588276565827952
GMEAN:0.6974767860931493
SAMPLES:245
AUC:{}
AVGP:{}
CLASS:1
ACC:0.8674285714285714
PREC:0.9196013289036545
REC:0.925752508361204
TNR:0.5254901960784314
FPR:0.08039867109634552
FPDR:0.08039867109634552
F1:0.9226666666666666
BACC:0
CLSFE:0.08039867109634552
MCC:0.4588276565827952
GMEAN:0.6974767860931493
SAMPLES:1505
AUC:{}
AVGP:{}
