

GENERAL_METRICS
ACC:0.848
PREC:0.7128291310510717
REC:0.6937314279011573
TNR:0.6937314279011573
FPR:0.2871708689489283
FPDR:0.2871708689489283
F1:0.7024273743802435
BACC:0.0
CLSFE:0.152
MCC:0.40611176519518205
GMEAN:0.6558502755850499
SAMPLES:1750.0
AUC:{'AUC macro OVO': 0.7128291310510716}
AVGP:{'avg_precision': 0.913771987246818}


METRICS_PER_CLASSES
CLASS:0
ACC:0.848
PREC:0.5241935483870968
REC:0.4676258992805755
TNR:0.9198369565217391
FPR:0.47580645161290325
FPDR:0.47580645161290325
F1:0.49429657794676807
BACC:0
CLSFE:0.47580645161290325
MCC:0.40611176519518205
GMEAN:0.6558502755850499
SAMPLES:248
AUC:{}
AVGP:{}
CLASS:1
ACC:0.848
PREC:0.9014647137150466
REC:0.9198369565217391
TNR:0.4676258992805755
FPR:0.0985352862849534
FPDR:0.0985352862849534
F1:0.9105581708137189
BACC:0
CLSFE:0.0985352862849534
MCC:0.40611176519518205
GMEAN:0.6558502755850499
SAMPLES:1502
AUC:{}
AVGP:{}
