

GENERAL_METRICS
ACC:0.8617142857142858
PREC:0.72140484100617
REC:0.7141451898485147
TNR:0.7141451898485147
FPR:0.2785951589938301
FPDR:0.2785951589938301
F1:0.7176666666666667
BACC:0.0
CLSFE:0.1382857142857143
MCC:0.43548952552568454
GMEAN:0.6831031715246816
SAMPLES:1750.0
AUC:{'AUC macro OVO': 0.7214048410061699}
AVGP:{'avg_precision': 0.9171831687018744}


METRICS_PER_CLASSES
CLASS:0
ACC:0.8617142857142858
PREC:0.5265306122448979
REC:0.5058823529411764
TNR:0.9224080267558529
FPR:0.47346938775510206
FPDR:0.47346938775510206
F1:0.516
BACC:0
CLSFE:0.47346938775510206
MCC:0.43548952552568454
GMEAN:0.6831031715246816
SAMPLES:245
AUC:{}
AVGP:{}
CLASS:1
ACC:0.8617142857142858
PREC:0.9162790697674419
REC:0.9224080267558529
TNR:0.5058823529411764
FPR:0.08372093023255814
FPDR:0.08372093023255814
F1:0.9193333333333333
BACC:0
CLSFE:0.08372093023255814
MCC:0.43548952552568454
GMEAN:0.6831031715246816
SAMPLES:1505
AUC:{}
AVGP:{}
