

GENERAL_METRICS
ACC:0.736
PREC:0.6851741981416801
REC:0.6693242127609388
TNR:0.6693242127609388
FPR:0.3148258018583199
FPDR:0.3148258018583199
F1:0.6754268628530962
BACC:0.0
CLSFE:0.264
MCC:0.35414389913693606
GMEAN:0.647121599050761
SAMPLES:1000.0
AUC:{'AUC macro OVO': 0.6851741981416802}
AVGP:{'avg_precision': 0.8188453969524515}


METRICS_PER_CLASSES
CLASS:0
ACC:0.736
PREC:0.5779467680608364
REC:0.49836065573770494
TNR:0.8402877697841726
FPR:0.4220532319391635
FPDR:0.4220532319391635
F1:0.5352112676056338
BACC:0
CLSFE:0.4220532319391635
MCC:0.35414389913693606
GMEAN:0.647121599050761
SAMPLES:263
AUC:{}
AVGP:{}
CLASS:1
ACC:0.736
PREC:0.7924016282225237
REC:0.8402877697841726
TNR:0.49836065573770494
FPR:0.20759837177747625
FPDR:0.20759837177747625
F1:0.8156424581005587
BACC:0
CLSFE:0.20759837177747625
MCC:0.35414389913693606
GMEAN:0.647121599050761
SAMPLES:737
AUC:{}
AVGP:{}
