

GENERAL_METRICS
ACC:0.78
PREC:0.7671274038461539
REC:0.7563339884208848
TNR:0.7563339884208848
FPR:0.23287259615384615
FPDR:0.23287259615384615
F1:0.7606989331523347
BACC:0.0
CLSFE:0.22
MCC:0.5233501040198656
GMEAN:0.7504181656791858
SAMPLES:750.0
AUC:{'AUC macro OVO': 0.7671274038461539}
AVGP:{'avg_precision': 0.81380788365863}


METRICS_PER_CLASSES
CLASS:0
ACC:0.78
PREC:0.7265625
REC:0.6619217081850534
TNR:0.8507462686567164
FPR:0.2734375
FPDR:0.2734375
F1:0.6927374301675978
BACC:0
CLSFE:0.2734375
MCC:0.5233501040198656
GMEAN:0.7504181656791858
SAMPLES:256
AUC:{}
AVGP:{}
CLASS:1
ACC:0.78
PREC:0.8076923076923077
REC:0.8507462686567164
TNR:0.6619217081850534
FPR:0.19230769230769232
FPDR:0.19230769230769232
F1:0.8286604361370716
BACC:0
CLSFE:0.19230769230769232
MCC:0.5233501040198656
GMEAN:0.7504181656791858
SAMPLES:494
AUC:{}
AVGP:{}
