

GENERAL_METRICS
ACC:0.7986666666666666
PREC:0.773186548649379
REC:0.7679925459452512
TNR:0.7679925459452512
FPR:0.22681345135062106
FPDR:0.22681345135062106
F1:0.7704381034234622
BACC:0.0
CLSFE:0.20133333333333334
MCC:0.541154169125743
GMEAN:0.7626329704912099
SAMPLES:750.0
AUC:{'AUC macro OVO': 0.773186548649379}
AVGP:{'avg_precision': 0.8308189810880419}


METRICS_PER_CLASSES
CLASS:0
ACC:0.7986666666666666
PREC:0.702928870292887
REC:0.6774193548387096
TNR:0.8585657370517928
FPR:0.29707112970711297
FPDR:0.29707112970711297
F1:0.6899383983572895
BACC:0
CLSFE:0.29707112970711297
MCC:0.541154169125743
GMEAN:0.7626329704912099
SAMPLES:239
AUC:{}
AVGP:{}
CLASS:1
ACC:0.7986666666666666
PREC:0.8434442270058709
REC:0.8585657370517928
TNR:0.6774193548387096
FPR:0.15655577299412915
FPDR:0.15655577299412915
F1:0.8509378084896347
BACC:0
CLSFE:0.15655577299412915
MCC:0.541154169125743
GMEAN:0.7626329704912099
SAMPLES:511
AUC:{}
AVGP:{}
