

GENERAL_METRICS
ACC:0.7986666666666666
PREC:0.7805205536046271
REC:0.7664835164835164
TNR:0.7664835164835164
FPR:0.21947944639537287
FPDR:0.21947944639537287
F1:0.7723503693652948
BACC:0.0
CLSFE:0.20133333333333334
MCC:0.5468239335305792
GMEAN:0.7592651160717951
SAMPLES:750.0
AUC:{'AUC macro OVO': 0.7805205536046271}
AVGP:{'avg_precision': 0.8398576051779936}


METRICS_PER_CLASSES
CLASS:0
ACC:0.7986666666666666
PREC:0.7319148936170212
REC:0.6615384615384615
TNR:0.8714285714285714
FPR:0.2680851063829787
FPDR:0.2680851063829787
F1:0.694949494949495
BACC:0
CLSFE:0.2680851063829787
MCC:0.5468239335305792
GMEAN:0.7592651160717951
SAMPLES:235
AUC:{}
AVGP:{}
CLASS:1
ACC:0.7986666666666666
PREC:0.829126213592233
REC:0.8714285714285714
TNR:0.6615384615384615
FPR:0.170873786407767
FPDR:0.170873786407767
F1:0.8497512437810946
BACC:0
CLSFE:0.170873786407767
MCC:0.5468239335305792
GMEAN:0.7592651160717951
SAMPLES:515
AUC:{}
AVGP:{}
