

GENERAL_METRICS
ACC:0.816
PREC:0.7870706297430435
REC:0.7844011739101762
TNR:0.7844011739101762
FPR:0.21292937025695646
FPDR:0.21292937025695646
F1:0.7857036374478235
BACC:0.0
CLSFE:0.184
MCC:0.5714655688457707
GMEAN:0.7797550079689651
SAMPLES:750.0
AUC:{'AUC macro OVO': 0.7870706297430436}
AVGP:{'avg_precision': 0.8451173675064726}


METRICS_PER_CLASSES
CLASS:0
ACC:0.816
PREC:0.7112068965517241
REC:0.6991525423728814
TNR:0.8696498054474708
FPR:0.28879310344827586
FPDR:0.28879310344827586
F1:0.7051282051282052
BACC:0
CLSFE:0.28879310344827586
MCC:0.5714655688457707
GMEAN:0.7797550079689651
SAMPLES:232
AUC:{}
AVGP:{}
CLASS:1
ACC:0.816
PREC:0.862934362934363
REC:0.8696498054474708
TNR:0.6991525423728814
FPR:0.13706563706563707
FPDR:0.13706563706563707
F1:0.8662790697674418
BACC:0
CLSFE:0.13706563706563707
MCC:0.5714655688457707
GMEAN:0.7797550079689651
SAMPLES:518
AUC:{}
AVGP:{}
