

GENERAL_METRICS
ACC:0.8375
PREC:0.5248051027639972
REC:0.5444878650761004
TNR:0.5444878650761004
FPR:0.47519489723600283
FPDR:0.47519489723600283
F1:0.5263629997690109
BACC:0.0
CLSFE:0.1625
MCC:0.0664387256037775
GMEAN:0.42782681980173953
SAMPLES:2000.0
AUC:{'AUC macro OVO': 0.5248051027639972}
AVGP:{'avg_precision': 0.8809432211387228}


METRICS_PER_CLASSES
CLASS:0
ACC:0.8375
PREC:0.10843373493975904
REC:0.2076923076923077
TNR:0.881283422459893
FPR:0.891566265060241
FPDR:0.891566265060241
F1:0.1424802110817942
BACC:0
CLSFE:0.891566265060241
MCC:0.0664387256037775
GMEAN:0.42782681980173953
SAMPLES:249
AUC:{}
AVGP:{}
CLASS:1
ACC:0.8375
PREC:0.9411764705882353
REC:0.881283422459893
TNR:0.2076923076923077
FPR:0.058823529411764705
FPDR:0.058823529411764705
F1:0.9102457884562276
BACC:0
CLSFE:0.058823529411764705
MCC:0.0664387256037775
GMEAN:0.42782681980173953
SAMPLES:1751
AUC:{}
AVGP:{}
