

GENERAL_METRICS
ACC:0.843
PREC:0.5561419546974246
REC:0.6031774401747592
TNR:0.6031774401747592
FPR:0.4438580453025755
FPDR:0.4438580453025755
F1:0.5658173833445336
BACC:0.0
CLSFE:0.157
MCC:0.15221804324175975
GMEAN:0.5356814558882025
SAMPLES:2000.0
AUC:{'AUC macro OVO': 0.5561419546974244}
AVGP:{'avg_precision': 0.8796975436604378}


METRICS_PER_CLASSES
CLASS:0
ACC:0.843
PREC:0.1647940074906367
REC:0.32592592592592595
TNR:0.8804289544235925
FPR:0.8352059925093633
FPDR:0.8352059925093633
F1:0.21890547263681592
BACC:0
CLSFE:0.8352059925093633
MCC:0.15221804324175975
GMEAN:0.5356814558882025
SAMPLES:267
AUC:{}
AVGP:{}
CLASS:1
ACC:0.843
PREC:0.9474899019042123
REC:0.8804289544235925
TNR:0.32592592592592595
FPR:0.052510098095787654
FPDR:0.052510098095787654
F1:0.9127292940522512
BACC:0
CLSFE:0.052510098095787654
MCC:0.15221804324175975
GMEAN:0.5356814558882025
SAMPLES:1733
AUC:{}
AVGP:{}
