

GENERAL_METRICS
ACC:0.8585
PREC:0.5715831873256019
REC:0.6261522878299617
TNR:0.6261522878299617
FPR:0.42841681267439813
FPDR:0.42841681267439813
F1:0.5856124040996551
BACC:0.0
CLSFE:0.1415
MCC:0.1900566531462174
GMEAN:0.5661960901400153
SAMPLES:2000.0
AUC:{'AUC macro OVO': 0.5715831873256019}
AVGP:{'avg_precision': 0.8927345131177655}


METRICS_PER_CLASSES
CLASS:0
ACC:0.8585
PREC:0.1910569105691057
REC:0.35877862595419846
TNR:0.893525949705725
FPR:0.8089430894308943
FPDR:0.8089430894308943
F1:0.2493368700265252
BACC:0
CLSFE:0.8089430894308943
MCC:0.1900566531462174
GMEAN:0.5661960901400153
SAMPLES:246
AUC:{}
AVGP:{}
CLASS:1
ACC:0.8585
PREC:0.9521094640820981
REC:0.893525949705725
TNR:0.35877862595419846
FPR:0.04789053591790194
FPDR:0.04789053591790194
F1:0.921887938172785
BACC:0
CLSFE:0.04789053591790194
MCC:0.1900566531462174
GMEAN:0.5661960901400153
SAMPLES:1754
AUC:{}
AVGP:{}
