

GENERAL_METRICS
ACC:0.838
PREC:0.5354340214897984
REC:0.5601343750362419
TNR:0.5601343750362419
FPR:0.46456597851020165
FPDR:0.46456597851020165
F1:0.5397400383549968
BACC:0.0
CLSFE:0.162
MCC:0.09232123780170602
GMEAN:0.4578204258111089
SAMPLES:2000.0
AUC:{'AUC macro OVO': 0.5354340214897984}
AVGP:{'avg_precision': 0.882352091576702}


METRICS_PER_CLASSES
CLASS:0
ACC:0.838
PREC:0.13147410358565736
REC:0.23741007194244604
TNR:0.8828586781300376
FPR:0.8685258964143426
FPDR:0.8685258964143426
F1:0.16923076923076924
BACC:0
CLSFE:0.8685258964143426
MCC:0.09232123780170602
GMEAN:0.4578204258111089
SAMPLES:251
AUC:{}
AVGP:{}
CLASS:1
ACC:0.838
PREC:0.9393939393939394
REC:0.8828586781300376
TNR:0.23741007194244604
FPR:0.06060606060606061
FPDR:0.06060606060606061
F1:0.9102493074792244
BACC:0
CLSFE:0.06060606060606061
MCC:0.09232123780170602
GMEAN:0.4578204258111089
SAMPLES:1749
AUC:{}
AVGP:{}
