

GENERAL_METRICS
ACC:0.8705
PREC:0.5731823196225121
REC:0.6646358948691078
TNR:0.6646358948691078
FPR:0.42681768037748796
FPDR:0.42681768037748796
F1:0.5913508379280068
BACC:0.0
CLSFE:0.1295
MCC:0.21953074208091533
GMEAN:0.6239418124431435
SAMPLES:2000.0
AUC:{'AUC macro OVO': 0.5731823196225121}
AVGP:{'avg_precision': 0.8930878554577426}


METRICS_PER_CLASSES
CLASS:0
ACC:0.8705
PREC:0.17886178861788618
REC:0.43564356435643564
TNR:0.8936282253817799
FPR:0.8211382113821138
FPDR:0.8211382113821138
F1:0.25360230547550433
BACC:0
CLSFE:0.8211382113821138
MCC:0.21953074208091533
GMEAN:0.6239418124431435
SAMPLES:246
AUC:{}
AVGP:{}
CLASS:1
ACC:0.8705
PREC:0.9675028506271379
REC:0.8936282253817799
TNR:0.43564356435643564
FPR:0.03249714937286203
FPDR:0.03249714937286203
F1:0.9290993703805092
BACC:0
CLSFE:0.03249714937286203
MCC:0.21953074208091533
GMEAN:0.6239418124431435
SAMPLES:1754
AUC:{}
AVGP:{}
