

GENERAL_METRICS
ACC:0.856
PREC:0.55259530411767
REC:0.6075429932795888
TNR:0.6075429932795888
FPR:0.44740469588233
FPDR:0.44740469588233
F1:0.5626277567359881
BACC:0.0
CLSFE:0.144
MCC:0.15041617515765401
GMEAN:0.5391170859324208
SAMPLES:2000.0
AUC:{'AUC macro OVO': 0.55259530411767}
AVGP:{'avg_precision': 0.8871249000873752}


METRICS_PER_CLASSES
CLASS:0
ACC:0.856
PREC:0.14859437751004015
REC:0.3274336283185841
TNR:0.8876523582405935
FPR:0.8514056224899599
FPDR:0.8514056224899599
F1:0.20441988950276244
BACC:0
CLSFE:0.8514056224899599
MCC:0.15041617515765401
GMEAN:0.5391170859324208
SAMPLES:249
AUC:{}
AVGP:{}
CLASS:1
ACC:0.856
PREC:0.9565962307252999
REC:0.8876523582405935
TNR:0.3274336283185841
FPR:0.043403769274700174
FPDR:0.043403769274700174
F1:0.9208356239692138
BACC:0
CLSFE:0.043403769274700174
MCC:0.15041617515765401
GMEAN:0.5391170859324208
SAMPLES:1751
AUC:{}
AVGP:{}
