

GENERAL_METRICS
ACC:0.859
PREC:0.5610901163783972
REC:0.6257720500302488
TNR:0.6257720500302488
FPR:0.4389098836216028
FPDR:0.4389098836216028
F1:0.5738584847495739
BACC:0.0
CLSFE:0.141
MCC:0.1753103439446458
GMEAN:0.5678495524593036
SAMPLES:2000.0
AUC:{'AUC macro OVO': 0.5610901163783971}
AVGP:{'avg_precision': 0.8881271751016478}


METRICS_PER_CLASSES
CLASS:0
ACC:0.859
PREC:0.16334661354581673
REC:0.36283185840707965
TNR:0.8887122416534181
FPR:0.8366533864541833
FPDR:0.8366533864541833
F1:0.22527472527472528
BACC:0
CLSFE:0.8366533864541833
MCC:0.1753103439446458
GMEAN:0.5678495524593036
SAMPLES:251
AUC:{}
AVGP:{}
CLASS:1
ACC:0.859
PREC:0.9588336192109777
REC:0.8887122416534181
TNR:0.36283185840707965
FPR:0.0411663807890223
FPDR:0.0411663807890223
F1:0.9224422442244224
BACC:0
CLSFE:0.0411663807890223
MCC:0.1753103439446458
GMEAN:0.5678495524593036
SAMPLES:1749
AUC:{}
AVGP:{}
