

GENERAL_METRICS
ACC:0.8525
PREC:0.5505347830503273
REC:0.6207824541829376
TNR:0.6207824541829376
FPR:0.4494652169496727
FPDR:0.4494652169496727
F1:0.5596485846433789
BACC:0.0
CLSFE:0.1475
MCC:0.15625255349492184
GMEAN:0.5646127684136705
SAMPLES:2000.0
AUC:{'AUC macro OVO': 0.5505347830503273}
AVGP:{'avg_precision': 0.8783577285775351}


METRICS_PER_CLASSES
CLASS:0
ACC:0.8525
PREC:0.13857677902621723
REC:0.3627450980392157
TNR:0.8788198103266597
FPR:0.8614232209737828
FPDR:0.8614232209737828
F1:0.2005420054200542
BACC:0
CLSFE:0.8614232209737828
MCC:0.15625255349492184
GMEAN:0.5646127684136705
SAMPLES:267
AUC:{}
AVGP:{}
CLASS:1
ACC:0.8525
PREC:0.9624927870744374
REC:0.8788198103266597
TNR:0.3627450980392157
FPR:0.03750721292556261
FPDR:0.03750721292556261
F1:0.9187551638667034
BACC:0
CLSFE:0.03750721292556261
MCC:0.15625255349492184
GMEAN:0.5646127684136705
SAMPLES:1733
AUC:{}
AVGP:{}
