

GENERAL_METRICS
ACC:0.92075
PREC:0.5736733095905635
REC:0.6313249193176579
TNR:0.6313249193176579
FPR:0.4263266904094365
FPDR:0.4263266904094365
F1:0.5915894481916076
BACC:0.0
CLSFE:0.07925
MCC:0.1967245936617543
GMEAN:0.5489095764734899
SAMPLES:4000.0
AUC:{'AUC macro OVO': 0.5736733095905635}
AVGP:{'avg_precision': 0.9429573008493171}


METRICS_PER_CLASSES
CLASS:0
ACC:0.92075
PREC:0.17358490566037735
REC:0.3194444444444444
TNR:0.9432053941908713
FPR:0.8264150943396227
FPDR:0.8264150943396227
F1:0.22493887530562348
BACC:0
CLSFE:0.8264150943396227
MCC:0.1967245936617543
GMEAN:0.5489095764734899
SAMPLES:265
AUC:{}
AVGP:{}
CLASS:1
ACC:0.92075
PREC:0.9737617135207497
REC:0.9432053941908713
TNR:0.3194444444444444
FPR:0.026238286479250333
FPDR:0.026238286479250333
F1:0.9582400210775919
BACC:0
CLSFE:0.026238286479250333
MCC:0.1967245936617543
GMEAN:0.5489095764734899
SAMPLES:3735
AUC:{}
AVGP:{}
