

GENERAL_METRICS
ACC:0.9295
PREC:0.6057175466724639
REC:0.6652378306837855
TNR:0.6652378306837855
FPR:0.3942824533275361
FPDR:0.3942824533275361
F1:0.6271808926241309
BACC:0.0
CLSFE:0.0705
MCC:0.2643371943360963
GMEAN:0.6005480082072749
SAMPLES:4000.0
AUC:{'AUC macro OVO': 0.6057175466724639}
AVGP:{'avg_precision': 0.9510708895374576}


METRICS_PER_CLASSES
CLASS:0
ACC:0.9295
PREC:0.23673469387755103
REC:0.3790849673202614
TNR:0.9513906940473096
FPR:0.763265306122449
FPDR:0.763265306122449
F1:0.2914572864321608
BACC:0
CLSFE:0.763265306122449
MCC:0.2643371943360963
GMEAN:0.6005480082072749
SAMPLES:245
AUC:{}
AVGP:{}
CLASS:1
ACC:0.9295
PREC:0.9747003994673769
REC:0.9513906940473096
TNR:0.3790849673202614
FPR:0.02529960053262317
FPDR:0.02529960053262317
F1:0.9629044988161011
BACC:0
CLSFE:0.02529960053262317
MCC:0.2643371943360963
GMEAN:0.6005480082072749
SAMPLES:3755
AUC:{}
AVGP:{}
