

GENERAL_METRICS
ACC:0.92325
PREC:0.55661316765997
REC:0.5919504071058476
TNR:0.5919504071058476
FPR:0.44338683234002996
FPDR:0.44338683234002996
F1:0.5683459812413287
BACC:0.0
CLSFE:0.07675
MCC:0.14429974100996648
GMEAN:0.4727590404092502
SAMPLES:4000.0
AUC:{'AUC macro OVO': 0.55661316765997}
AVGP:{'avg_precision': 0.9480037016991023}


METRICS_PER_CLASSES
CLASS:0
ACC:0.92325
PREC:0.14163090128755365
REC:0.2357142857142857
TNR:0.9481865284974094
FPR:0.8583690987124464
FPDR:0.8583690987124464
F1:0.1769436997319035
BACC:0
CLSFE:0.8583690987124464
MCC:0.14429974100996648
GMEAN:0.4727590404092502
SAMPLES:233
AUC:{}
AVGP:{}
CLASS:1
ACC:0.92325
PREC:0.9715954340323865
REC:0.9481865284974094
TNR:0.2357142857142857
FPR:0.028404565967613486
FPDR:0.028404565967613486
F1:0.9597482627507539
BACC:0
CLSFE:0.028404565967613486
MCC:0.14429974100996648
GMEAN:0.4727590404092502
SAMPLES:3767
AUC:{}
AVGP:{}
