

GENERAL_METRICS
ACC:0.925
PREC:0.5733874318676215
REC:0.6323511091945762
TNR:0.6323511091945762
FPR:0.42661256813237847
FPDR:0.42661256813237847
F1:0.5916984121151247
BACC:0.0
CLSFE:0.075
MCC:0.1971081734339913
GMEAN:0.5489781692646484
SAMPLES:4000.0
AUC:{'AUC macro OVO': 0.5733874318676215}
AVGP:{'avg_precision': 0.9459644679719681}


METRICS_PER_CLASSES
CLASS:0
ACC:0.925
PREC:0.17131474103585656
REC:0.31851851851851853
TNR:0.9461836998706339
FPR:0.8286852589641435
FPDR:0.8286852589641435
F1:0.22279792746113988
BACC:0
CLSFE:0.8286852589641435
MCC:0.1971081734339913
GMEAN:0.5489781692646484
SAMPLES:251
AUC:{}
AVGP:{}
CLASS:1
ACC:0.925
PREC:0.9754601226993865
REC:0.9461836998706339
TNR:0.31851851851851853
FPR:0.024539877300613498
FPDR:0.024539877300613498
F1:0.9605988967691096
BACC:0
CLSFE:0.024539877300613498
MCC:0.1971081734339913
GMEAN:0.5489781692646484
SAMPLES:3749
AUC:{}
AVGP:{}
