

GENERAL_METRICS
ACC:0.9049230769230769
PREC:0.5483049432197729
REC:0.6010036528708729
TNR:0.6010036528708729
FPR:0.45169505678022714
FPDR:0.45169505678022714
F1:0.5605746288020632
BACC:0.0
CLSFE:0.09507692307692307
MCC:0.13969933023342895
GMEAN:0.503934070368957
SAMPLES:3250.0
AUC:{'AUC macro OVO': 0.5483049432197729}
AVGP:{'avg_precision': 0.9282965718648704}


METRICS_PER_CLASSES
CLASS:0
ACC:0.9049230769230769
PREC:0.125
REC:0.27350427350427353
TNR:0.9285030322374721
FPR:0.875
FPDR:0.875
F1:0.17158176943699732
BACC:0
CLSFE:0.875
MCC:0.13969933023342895
GMEAN:0.503934070368957
SAMPLES:256
AUC:{}
AVGP:{}
CLASS:1
ACC:0.9049230769230769
PREC:0.9716098864395457
REC:0.9285030322374721
TNR:0.27350427350427353
FPR:0.02839011356045424
FPDR:0.02839011356045424
F1:0.9495674881671291
BACC:0
CLSFE:0.02839011356045424
MCC:0.13969933023342895
GMEAN:0.503934070368957
SAMPLES:2994
AUC:{}
AVGP:{}
