

GENERAL_METRICS
ACC:0.9003076923076923
PREC:0.5448871352518865
REC:0.5966064483921962
TNR:0.5966064483921962
FPR:0.45511286474811347
FPDR:0.45511286474811347
F1:0.5559689912020295
BACC:0.0
CLSFE:0.09969230769230769
MCC:0.1317024937529264
GMEAN:0.49855059401467483
SAMPLES:3250.0
AUC:{'AUC macro OVO': 0.5448871352518865}
AVGP:{'avg_precision': 0.9240988637444316}


METRICS_PER_CLASSES
CLASS:0
ACC:0.9003076923076923
PREC:0.11895910780669144
REC:0.2689075630252101
TNR:0.9243053337591823
FPR:0.8810408921933085
FPDR:0.8810408921933085
F1:0.16494845360824742
BACC:0
CLSFE:0.8810408921933085
MCC:0.1317024937529264
GMEAN:0.49855059401467483
SAMPLES:269
AUC:{}
AVGP:{}
CLASS:1
ACC:0.9003076923076923
PREC:0.9708151626970816
REC:0.9243053337591823
TNR:0.2689075630252101
FPR:0.029184837302918484
FPDR:0.029184837302918484
F1:0.9469895287958116
BACC:0
CLSFE:0.029184837302918484
MCC:0.1317024937529264
GMEAN:0.49855059401467483
SAMPLES:2981
AUC:{}
AVGP:{}
