

GENERAL_METRICS
ACC:0.9
PREC:0.5426624186026521
REC:0.5744745955857353
TNR:0.5744745955857353
FPR:0.457337581397348
FPDR:0.457337581397348
F1:0.551348079557401
BACC:0.0
CLSFE:0.1
MCC:0.11273449112213813
GMEAN:0.45126854993071963
SAMPLES:3250.0
AUC:{'AUC macro OVO': 0.5426624186026521}
AVGP:{'avg_precision': 0.9297472949783705}


METRICS_PER_CLASSES
CLASS:0
ACC:0.9
PREC:0.12096774193548387
REC:0.21897810218978103
TNR:0.9299710889816897
FPR:0.8790322580645161
FPDR:0.8790322580645161
F1:0.15584415584415584
BACC:0
CLSFE:0.8790322580645161
MCC:0.11273449112213813
GMEAN:0.45126854993071963
SAMPLES:248
AUC:{}
AVGP:{}
CLASS:1
ACC:0.9
PREC:0.9643570952698202
REC:0.9299710889816897
TNR:0.21897810218978103
FPR:0.03564290473017988
FPDR:0.03564290473017988
F1:0.946852003270646
BACC:0
CLSFE:0.03564290473017988
MCC:0.11273449112213813
GMEAN:0.45126854993071963
SAMPLES:3002
AUC:{}
AVGP:{}
