

GENERAL_METRICS
ACC:0.9076923076923077
PREC:0.5455431768318834
REC:0.590098237401142
TNR:0.590098237401142
FPR:0.45445682316811664
FPDR:0.45445682316811664
F1:0.5565835742183591
BACC:0.0
CLSFE:0.09230769230769231
MCC:0.12811494773368504
GMEAN:0.4807194001909347
SAMPLES:3250.0
AUC:{'AUC macro OVO': 0.5455431768318834}
AVGP:{'avg_precision': 0.9321435086166121}


METRICS_PER_CLASSES
CLASS:0
ACC:0.9076923076923077
PREC:0.12033195020746888
REC:0.24786324786324787
TNR:0.9323332269390361
FPR:0.8796680497925311
FPDR:0.8796680497925311
F1:0.16201117318435754
BACC:0
CLSFE:0.8796680497925311
MCC:0.12811494773368504
GMEAN:0.4807194001909347
SAMPLES:241
AUC:{}
AVGP:{}
CLASS:1
ACC:0.9076923076923077
PREC:0.9707544034562978
REC:0.9323332269390361
TNR:0.24786324786324787
FPR:0.029245596543702228
FPDR:0.029245596543702228
F1:0.9511559752523608
BACC:0
CLSFE:0.029245596543702228
MCC:0.12811494773368504
GMEAN:0.4807194001909347
SAMPLES:3009
AUC:{}
AVGP:{}
