

GENERAL_METRICS
ACC:0.8302857142857143
PREC:0.5975492977727337
REC:0.642613764726361
TNR:0.642613764726361
FPR:0.40245070222726625
FPDR:0.40245070222726625
F1:0.6117011858522515
BACC:0.0
CLSFE:0.1697142857142857
MCC:0.23589720305067102
GMEAN:0.5987851067804588
SAMPLES:1750.0
AUC:{'AUC macro OVO': 0.5975492977727337}
AVGP:{'avg_precision': 0.8739739368975212}


METRICS_PER_CLASSES
CLASS:0
ACC:0.8302857142857143
PREC:0.2631578947368421
REC:0.4093567251461988
TNR:0.8758708043065231
FPR:0.7368421052631579
FPDR:0.7368421052631579
F1:0.32036613272311215
BACC:0
CLSFE:0.7368421052631579
MCC:0.23589720305067102
GMEAN:0.5987851067804588
SAMPLES:266
AUC:{}
AVGP:{}
CLASS:1
ACC:0.8302857142857143
PREC:0.9319407008086253
REC:0.8758708043065231
TNR:0.4093567251461988
FPR:0.06805929919137467
FPDR:0.06805929919137467
F1:0.9030362389813908
BACC:0
CLSFE:0.06805929919137467
MCC:0.23589720305067102
GMEAN:0.5987851067804588
SAMPLES:1484
AUC:{}
AVGP:{}
