

GENERAL_METRICS
ACC:0.8531428571428571
PREC:0.6313739525874773
REC:0.6908804129624319
TNR:0.6908804129624319
FPR:0.36862604741252264
FPDR:0.36862604741252264
F1:0.651610184524598
BACC:0.0
CLSFE:0.14685714285714285
MCC:0.31671257835712574
GMEAN:0.6613072019654552
SAMPLES:1750.0
AUC:{'AUC macro OVO': 0.6313739525874773}
AVGP:{'avg_precision': 0.8888306482902883}


METRICS_PER_CLASSES
CLASS:0
ACC:0.8531428571428571
PREC:0.3188976377952756
REC:0.4909090909090909
TNR:0.8908517350157729
FPR:0.6811023622047244
FPDR:0.6811023622047244
F1:0.38663484486873506
BACC:0
CLSFE:0.6811023622047244
MCC:0.31671257835712574
GMEAN:0.6613072019654552
SAMPLES:254
AUC:{}
AVGP:{}
CLASS:1
ACC:0.8531428571428571
PREC:0.9438502673796791
REC:0.8908517350157729
TNR:0.4909090909090909
FPR:0.05614973262032086
FPDR:0.05614973262032086
F1:0.9165855241804609
BACC:0
CLSFE:0.05614973262032086
MCC:0.31671257835712574
GMEAN:0.6613072019654552
SAMPLES:1496
AUC:{}
AVGP:{}
