

GENERAL_METRICS
ACC:0.8382857142857143
PREC:0.6295773191387455
REC:0.6503354645196937
TNR:0.6503354645196937
FPR:0.37042268086125446
FPDR:0.37042268086125446
F1:0.6384769972092833
BACC:0.0
CLSFE:0.16171428571428573
MCC:0.27914201735990885
GMEAN:0.6022348989145984
SAMPLES:1750.0
AUC:{'AUC macro OVO': 0.6295773191387455}
AVGP:{'avg_precision': 0.8929396152483609}


METRICS_PER_CLASSES
CLASS:0
ACC:0.8382857142857143
PREC:0.3401639344262295
REC:0.40487804878048783
TNR:0.8957928802588997
FPR:0.6598360655737705
FPDR:0.6598360655737705
F1:0.36971046770601335
BACC:0
CLSFE:0.6598360655737705
MCC:0.27914201735990885
GMEAN:0.6022348989145984
SAMPLES:244
AUC:{}
AVGP:{}
CLASS:1
ACC:0.8382857142857143
PREC:0.9189907038512616
REC:0.8957928802588997
TNR:0.40487804878048783
FPR:0.08100929614873838
FPDR:0.08100929614873838
F1:0.9072435267125533
BACC:0
CLSFE:0.08100929614873838
MCC:0.27914201735990885
GMEAN:0.6022348989145984
SAMPLES:1506
AUC:{}
AVGP:{}
