

GENERAL_METRICS
ACC:0.8502857142857143
PREC:0.6306867323992389
REC:0.6745408340071618
TNR:0.6745408340071618
FPR:0.3693132676007611
FPDR:0.3693132676007611
F1:0.647013355752027
BACC:0.0
CLSFE:0.14971428571428572
MCC:0.30206073075879253
GMEAN:0.6376577214764806
SAMPLES:1750.0
AUC:{'AUC macro OVO': 0.6306867323992389}
AVGP:{'avg_precision': 0.892295300147148}


METRICS_PER_CLASSES
CLASS:0
ACC:0.8502857142857143
PREC:0.3252032520325203
REC:0.45454545454545453
TNR:0.8945362134688691
FPR:0.6747967479674797
FPDR:0.6747967479674797
F1:0.3791469194312796
BACC:0
CLSFE:0.6747967479674797
MCC:0.30206073075879253
GMEAN:0.6376577214764806
SAMPLES:246
AUC:{}
AVGP:{}
CLASS:1
ACC:0.8502857142857143
PREC:0.9361702127659575
REC:0.8945362134688691
TNR:0.45454545454545453
FPR:0.06382978723404255
FPDR:0.06382978723404255
F1:0.9148797920727745
BACC:0
CLSFE:0.06382978723404255
MCC:0.30206073075879253
GMEAN:0.6376577214764806
SAMPLES:1504
AUC:{}
AVGP:{}
