

GENERAL_METRICS
ACC:0.872
PREC:0.6451320677897094
REC:0.6616020001768061
TNR:0.6616020001768061
FPR:0.35486793221029056
FPDR:0.35486793221029056
F1:0.6526504698867255
BACC:0.0
CLSFE:0.128
MCC:0.30629157640792454
GMEAN:0.6080813813583563
SAMPLES:2250.0
AUC:{'AUC macro OVO': 0.6451320677897094}
AVGP:{'avg_precision': 0.9202612640939597}


METRICS_PER_CLASSES
CLASS:0
ACC:0.872
PREC:0.3551020408163265
REC:0.4009216589861751
TNR:0.9222823413674373
FPR:0.6448979591836734
FPDR:0.6448979591836734
F1:0.37662337662337664
BACC:0
CLSFE:0.6448979591836734
MCC:0.30629157640792454
GMEAN:0.6080813813583563
SAMPLES:245
AUC:{}
AVGP:{}
CLASS:1
ACC:0.872
PREC:0.9351620947630923
REC:0.9222823413674373
TNR:0.4009216589861751
FPR:0.06483790523690773
FPDR:0.06483790523690773
F1:0.9286775631500743
BACC:0
CLSFE:0.06483790523690773
MCC:0.30629157640792454
GMEAN:0.6080813813583563
SAMPLES:2005
AUC:{}
AVGP:{}
