

GENERAL_METRICS
ACC:0.8711111111111111
PREC:0.6306820955054754
REC:0.6655012721262187
TNR:0.6655012721262187
FPR:0.3693179044945246
FPDR:0.3693179044945246
F1:0.6447788755305179
BACC:0.0
CLSFE:0.1288888888888889
MCC:0.29412958402905465
GMEAN:0.6170596271168662
SAMPLES:2250.0
AUC:{'AUC macro OVO': 0.6306820955054754}
AVGP:{'avg_precision': 0.9130866225761046}


METRICS_PER_CLASSES
CLASS:0
ACC:0.8711111111111111
PREC:0.31906614785992216
REC:0.41624365482233505
TNR:0.9147588894301023
FPR:0.6809338521400778
FPDR:0.6809338521400778
F1:0.36123348017621143
BACC:0
CLSFE:0.6809338521400778
MCC:0.29412958402905465
GMEAN:0.6170596271168662
SAMPLES:257
AUC:{}
AVGP:{}
CLASS:1
ACC:0.8711111111111111
PREC:0.9422980431510286
REC:0.9147588894301023
TNR:0.41624365482233505
FPR:0.0577019568489714
FPDR:0.0577019568489714
F1:0.9283242708848245
BACC:0
CLSFE:0.0577019568489714
MCC:0.29412958402905465
GMEAN:0.6170596271168662
SAMPLES:1993
AUC:{}
AVGP:{}
