

GENERAL_METRICS
ACC:0.8604444444444445
PREC:0.6253547560194086
REC:0.6483692118760385
TNR:0.6483692118760385
FPR:0.3746452439805914
FPDR:0.3746452439805914
F1:0.6351996926692952
BACC:0.0
CLSFE:0.13955555555555554
MCC:0.2727547349214142
GMEAN:0.5926114462528238
SAMPLES:2250.0
AUC:{'AUC macro OVO': 0.6253547560194086}
AVGP:{'avg_precision': 0.9094774497598677}


METRICS_PER_CLASSES
CLASS:0
ACC:0.8604444444444445
PREC:0.3181818181818182
REC:0.3853211009174312
TNR:0.9114173228346457
FPR:0.6818181818181818
FPDR:0.6818181818181818
F1:0.34854771784232363
BACC:0
CLSFE:0.6818181818181818
MCC:0.2727547349214142
GMEAN:0.5926114462528238
SAMPLES:264
AUC:{}
AVGP:{}
CLASS:1
ACC:0.8604444444444445
PREC:0.932527693856999
REC:0.9114173228346457
TNR:0.3853211009174312
FPR:0.06747230614300101
FPDR:0.06747230614300101
F1:0.9218516674962668
BACC:0
CLSFE:0.06747230614300101
MCC:0.2727547349214142
GMEAN:0.5926114462528238
SAMPLES:1986
AUC:{}
AVGP:{}
