

GENERAL_METRICS
ACC:0.8697777777777778
PREC:0.6221680859369352
REC:0.6442682926829268
TNR:0.6442682926829268
FPR:0.37783191406306477
FPDR:0.37783191406306477
F1:0.63170781986113
BACC:0.0
CLSFE:0.1302222222222222
MCC:0.26551821917497664
GMEAN:0.5829738729869168
SAMPLES:2250.0
AUC:{'AUC macro OVO': 0.6221680859369352}
AVGP:{'avg_precision': 0.916928019036288}


METRICS_PER_CLASSES
CLASS:0
ACC:0.8697777777777778
PREC:0.3070539419087137
REC:0.37
TNR:0.9185365853658537
FPR:0.6929460580912863
FPDR:0.6929460580912863
F1:0.3356009070294785
BACC:0
CLSFE:0.6929460580912863
MCC:0.26551821917497664
GMEAN:0.5829738729869168
SAMPLES:241
AUC:{}
AVGP:{}
CLASS:1
ACC:0.8697777777777778
PREC:0.9372822299651568
REC:0.9185365853658537
TNR:0.37
FPR:0.0627177700348432
FPDR:0.0627177700348432
F1:0.9278147326927815
BACC:0
CLSFE:0.0627177700348432
MCC:0.26551821917497664
GMEAN:0.5829738729869168
SAMPLES:2009
AUC:{}
AVGP:{}
