

GENERAL_METRICS
ACC:0.8956
PREC:0.6858727754705
REC:0.7089453369084625
TNR:0.7089453369084625
FPR:0.31412722452950004
FPDR:0.31412722452950004
F1:0.696423378889212
BACC:0.0
CLSFE:0.1044
MCC:0.39414337336961336
GMEAN:0.6716331783382725
SAMPLES:2500.0
AUC:{'AUC macro OVO': 0.6858727754705}
AVGP:{'avg_precision': 0.9340094930983972}


METRICS_PER_CLASSES
CLASS:0
ACC:0.8956
PREC:0.42292490118577075
REC:0.481981981981982
TNR:0.935908691834943
FPR:0.5770750988142292
FPDR:0.5770750988142292
F1:0.45052631578947366
BACC:0
CLSFE:0.5770750988142292
MCC:0.39414337336961336
GMEAN:0.6716331783382725
SAMPLES:253
AUC:{}
AVGP:{}
CLASS:1
ACC:0.8956
PREC:0.9488206497552292
REC:0.935908691834943
TNR:0.481981981981982
FPR:0.051179350244770806
FPDR:0.051179350244770806
F1:0.9423204419889503
BACC:0
CLSFE:0.051179350244770806
MCC:0.39414337336961336
GMEAN:0.6716331783382725
SAMPLES:2247
AUC:{}
AVGP:{}
