

GENERAL_METRICS
ACC:0.8848
PREC:0.6669285569592455
REC:0.6619588956300203
TNR:0.6619588956300203
FPR:0.3330714430407546
FPDR:0.3330714430407546
F1:0.664386358424182
BACC:0.0
CLSFE:0.1152
MCC:0.32884990335551156
GMEAN:0.6016450056214465
SAMPLES:2500.0
AUC:{'AUC macro OVO': 0.6669285569592454}
AVGP:{'avg_precision': 0.9359871219625737}


METRICS_PER_CLASSES
CLASS:0
ACC:0.8848
PREC:0.39914163090128757
REC:0.38589211618257263
TNR:0.9380256750774679
FPR:0.6008583690987125
FPDR:0.6008583690987125
F1:0.3924050632911392
BACC:0
CLSFE:0.6008583690987125
MCC:0.32884990335551156
GMEAN:0.6016450056214465
SAMPLES:233
AUC:{}
AVGP:{}
CLASS:1
ACC:0.8848
PREC:0.9347154830172033
REC:0.9380256750774679
TNR:0.38589211618257263
FPR:0.06528451698279665
FPDR:0.06528451698279665
F1:0.936367653557225
BACC:0
CLSFE:0.06528451698279665
MCC:0.32884990335551156
GMEAN:0.6016450056214465
SAMPLES:2267
AUC:{}
AVGP:{}
