

GENERAL_METRICS
ACC:0.8844
PREC:0.6667531740534527
REC:0.6761768581182248
TNR:0.6761768581182248
FPR:0.3332468259465473
FPDR:0.3332468259465473
F1:0.6712668080484805
BACC:0.0
CLSFE:0.1156
MCC:0.3428005267555976
GMEAN:0.6255619740954127
SAMPLES:2500.0
AUC:{'AUC macro OVO': 0.6667531740534527}
AVGP:{'avg_precision': 0.9308359924395138}


METRICS_PER_CLASSES
CLASS:0
ACC:0.8844
PREC:0.3944223107569721
REC:0.4194915254237288
TNR:0.9328621908127208
FPR:0.6055776892430279
FPDR:0.6055776892430279
F1:0.406570841889117
BACC:0
CLSFE:0.6055776892430279
MCC:0.3428005267555976
GMEAN:0.6255619740954127
SAMPLES:251
AUC:{}
AVGP:{}
CLASS:1
ACC:0.8844
PREC:0.9390840373499333
REC:0.9328621908127208
TNR:0.4194915254237288
FPR:0.0609159626500667
FPDR:0.0609159626500667
F1:0.935962774207844
BACC:0
CLSFE:0.0609159626500667
MCC:0.3428005267555976
GMEAN:0.6255619740954127
SAMPLES:2249
AUC:{}
AVGP:{}
