

GENERAL_METRICS
ACC:0.8788
PREC:0.6581679013106221
REC:0.6704092920353982
TNR:0.6704092920353982
FPR:0.341832098689378
FPDR:0.341832098689378
F1:0.6639306406080925
BACC:0.0
CLSFE:0.1212
MCC:0.32834908305075466
GMEAN:0.6188145246592096
SAMPLES:2500.0
AUC:{'AUC macro OVO': 0.6581679013106221}
AVGP:{'avg_precision': 0.9262581462172983}


METRICS_PER_CLASSES
CLASS:0
ACC:0.8788
PREC:0.3793103448275862
REC:0.4125
TNR:0.9283185840707965
FPR:0.6206896551724138
FPDR:0.6206896551724138
F1:0.39520958083832336
BACC:0
CLSFE:0.6206896551724138
MCC:0.32834908305075466
GMEAN:0.6188145246592096
SAMPLES:261
AUC:{}
AVGP:{}
CLASS:1
ACC:0.8788
PREC:0.9370254577936579
REC:0.9283185840707965
TNR:0.4125
FPR:0.06297454220634212
FPDR:0.06297454220634212
F1:0.9326517003778617
BACC:0
CLSFE:0.06297454220634212
MCC:0.32834908305075466
GMEAN:0.6188145246592096
SAMPLES:2239
AUC:{}
AVGP:{}
