

GENERAL_METRICS
ACC:0.8897777777777778
PREC:0.5212079615648593
REC:0.6164631388511985
TNR:0.6164631388511985
FPR:0.47879203843514073
FPDR:0.47879203843514073
F1:0.5181030879401411
BACC:0.0
CLSFE:0.11022222222222222
MCC:0.09939709799544634
GMEAN:0.5475986804126612
SAMPLES:2250.0
AUC:{'AUC macro OVO': 0.5212079615648593}
AVGP:{'avg_precision': 0.8995408490295346}


METRICS_PER_CLASSES
CLASS:0
ACC:0.8897777777777778
PREC:0.05531914893617021
REC:0.3333333333333333
TNR:0.8995929443690638
FPR:0.9446808510638298
FPDR:0.9446808510638298
F1:0.0948905109489051
BACC:0
CLSFE:0.9446808510638298
MCC:0.09939709799544634
GMEAN:0.5475986804126612
SAMPLES:235
AUC:{}
AVGP:{}
CLASS:1
ACC:0.8897777777777778
PREC:0.9870967741935484
REC:0.8995929443690638
TNR:0.3333333333333333
FPR:0.012903225806451613
FPDR:0.012903225806451613
F1:0.9413156649313772
BACC:0
CLSFE:0.012903225806451613
MCC:0.09939709799544634
GMEAN:0.5475986804126612
SAMPLES:2015
AUC:{}
AVGP:{}
