

GENERAL_METRICS
ACC:0.8728888888888889
PREC:0.5057279914159026
REC:0.5274750227066304
TNR:0.5274750227066304
FPR:0.4942720085840973
FPDR:0.4942720085840973
F1:0.4924262263013924
BACC:0.0
CLSFE:0.12711111111111112
MCC:0.025089973632135172
GMEAN:0.38476906033502617
SAMPLES:2250.0
AUC:{'AUC macro OVO': 0.5057279914159026}
AVGP:{'avg_precision': 0.8882598864092096}


METRICS_PER_CLASSES
CLASS:0
ACC:0.8728888888888889
PREC:0.031496062992125984
REC:0.16666666666666666
TNR:0.888283378746594
FPR:0.968503937007874
FPDR:0.968503937007874
F1:0.052980132450331126
BACC:0
CLSFE:0.968503937007874
MCC:0.025089973632135172
GMEAN:0.38476906033502617
SAMPLES:254
AUC:{}
AVGP:{}
CLASS:1
ACC:0.8728888888888889
PREC:0.9799599198396793
REC:0.888283378746594
TNR:0.16666666666666666
FPR:0.02004008016032064
FPDR:0.02004008016032064
F1:0.9318723201524536
BACC:0
CLSFE:0.02004008016032064
MCC:0.025089973632135172
GMEAN:0.38476906033502617
SAMPLES:1996
AUC:{}
AVGP:{}
