

GENERAL_METRICS
ACC:0.888
PREC:0.514423076923077
REC:0.580946035976016
TNR:0.580946035976016
FPR:0.4855769230769231
FPDR:0.4855769230769231
F1:0.5069633813790417
BACC:0.0
CLSFE:0.112
MCC:0.06833713202938006
GMEAN:0.4863219036852004
SAMPLES:2250.0
AUC:{'AUC macro OVO': 0.5144230769230769}
AVGP:{'avg_precision': 0.8986962025316455}


METRICS_PER_CLASSES
CLASS:0
ACC:0.888
PREC:0.042735042735042736
REC:0.2631578947368421
TNR:0.8987341772151899
FPR:0.9572649572649573
FPDR:0.9572649572649573
F1:0.07352941176470588
BACC:0
CLSFE:0.9572649572649573
MCC:0.06833713202938006
GMEAN:0.4863219036852004
SAMPLES:234
AUC:{}
AVGP:{}
CLASS:1
ACC:0.888
PREC:0.9861111111111112
REC:0.8987341772151899
TNR:0.2631578947368421
FPR:0.013888888888888888
FPDR:0.013888888888888888
F1:0.9403973509933775
BACC:0
CLSFE:0.013888888888888888
MCC:0.06833713202938006
GMEAN:0.4863219036852004
SAMPLES:2016
AUC:{}
AVGP:{}
