

GENERAL_METRICS
ACC:0.8737777777777778
PREC:0.5057304370994425
REC:0.5207782579065222
TNR:0.5207782579065222
FPR:0.49426956290055746
FPDR:0.49426956290055746
F1:0.49597569325033364
BACC:0.0
CLSFE:0.12622222222222224
MCC:0.021823702707773507
GMEAN:0.36318580779166604
SAMPLES:2250.0
AUC:{'AUC macro OVO': 0.5057304370994425}
AVGP:{'avg_precision': 0.8939863707069772}


METRICS_PER_CLASSES
CLASS:0
ACC:0.8737777777777778
PREC:0.03734439834024896
REC:0.14754098360655737
TNR:0.894015532206487
FPR:0.9626556016597511
FPDR:0.9626556016597511
F1:0.059602649006622516
BACC:0
CLSFE:0.9626556016597511
MCC:0.021823702707773507
GMEAN:0.36318580779166604
SAMPLES:241
AUC:{}
AVGP:{}
CLASS:1
ACC:0.8737777777777778
PREC:0.9741164758586361
REC:0.894015532206487
TNR:0.14754098360655737
FPR:0.025883524141363863
FPDR:0.025883524141363863
F1:0.9323487374940448
BACC:0
CLSFE:0.025883524141363863
MCC:0.021823702707773507
GMEAN:0.36318580779166604
SAMPLES:2009
AUC:{}
AVGP:{}
