

GENERAL_METRICS
ACC:0.856
PREC:0.8034304925140574
REC:0.7625249106148526
TNR:0.7625249106148526
FPR:0.19656950748594268
FPDR:0.19656950748594268
F1:0.7795855031916019
BACC:0.0
CLSFE:0.144
MCC:0.5644752002526722
GMEAN:0.7432584886423993
SAMPLES:1250.0
AUC:{'AUC macro OVO': 0.8034304925140573}
AVGP:{'avg_precision': 0.9194702057185536}


METRICS_PER_CLASSES
CLASS:0
ACC:0.856
PREC:0.7198275862068966
REC:0.5921985815602837
TNR:0.9328512396694215
FPR:0.2801724137931034
FPDR:0.2801724137931034
F1:0.6498054474708171
BACC:0
CLSFE:0.2801724137931034
MCC:0.5644752002526722
GMEAN:0.7432584886423993
SAMPLES:232
AUC:{}
AVGP:{}
CLASS:1
ACC:0.856
PREC:0.8870333988212181
REC:0.9328512396694215
TNR:0.5921985815602837
FPR:0.11296660117878192
FPDR:0.11296660117878192
F1:0.9093655589123867
BACC:0
CLSFE:0.11296660117878192
MCC:0.5644752002526722
GMEAN:0.7432584886423993
SAMPLES:1018
AUC:{}
AVGP:{}
