

GENERAL_METRICS
ACC:0.844
PREC:0.7615325660922772
REC:0.7467500314386317
TNR:0.7467500314386317
FPR:0.23846743390772282
FPDR:0.23846743390772282
F1:0.7536512672178814
BACC:0.0
CLSFE:0.156
MCC:0.5080675896197097
GMEAN:0.7283565970697113
SAMPLES:1250.0
AUC:{'AUC macro OVO': 0.7615325660922772}
AVGP:{'avg_precision': 0.9007932324450156}


METRICS_PER_CLASSES
CLASS:0
ACC:0.844
PREC:0.6286919831223629
REC:0.58203125
TNR:0.9114688128772636
FPR:0.37130801687763715
FPDR:0.37130801687763715
F1:0.6044624746450304
BACC:0
CLSFE:0.37130801687763715
MCC:0.5080675896197097
GMEAN:0.7283565970697113
SAMPLES:237
AUC:{}
AVGP:{}
CLASS:1
ACC:0.844
PREC:0.8943731490621916
REC:0.9114688128772636
TNR:0.58203125
FPR:0.10562685093780849
FPDR:0.10562685093780849
F1:0.9028400597907325
BACC:0
CLSFE:0.10562685093780849
MCC:0.5080675896197097
GMEAN:0.7283565970697113
SAMPLES:1013
AUC:{}
AVGP:{}
