

GENERAL_METRICS
ACC:0.8384
PREC:0.7760381764646157
REC:0.7459195820262609
TNR:0.7459195820262609
FPR:0.2239618235353843
FPDR:0.2239618235353843
F1:0.7588292377284676
BACC:0.0
CLSFE:0.1616
MCC:0.5210880654149336
GMEAN:0.7260528457431507
SAMPLES:1250.0
AUC:{'AUC macro OVO': 0.7760381764646158}
AVGP:{'avg_precision': 0.9032178091887396}


METRICS_PER_CLASSES
CLASS:0
ACC:0.8384
PREC:0.673469387755102
REC:0.5749128919860628
TNR:0.9169262720664589
FPR:0.32653061224489793
FPDR:0.32653061224489793
F1:0.6203007518796992
BACC:0
CLSFE:0.32653061224489793
MCC:0.5210880654149336
GMEAN:0.7260528457431507
SAMPLES:245
AUC:{}
AVGP:{}
CLASS:1
ACC:0.8384
PREC:0.8786069651741294
REC:0.9169262720664589
TNR:0.5749128919860628
FPR:0.12139303482587065
FPDR:0.12139303482587065
F1:0.8973577235772358
BACC:0
CLSFE:0.12139303482587065
MCC:0.5210880654149336
GMEAN:0.7260528457431507
SAMPLES:1005
AUC:{}
AVGP:{}
