

GENERAL_METRICS
ACC:0.848
PREC:0.784746973653937
REC:0.7603955571797172
TNR:0.7603955571797172
FPR:0.21525302634606303
FPDR:0.21525302634606303
F1:0.7712660017489724
BACC:0.0
CLSFE:0.152
MCC:0.5445983726007825
GMEAN:0.7437472132168009
SAMPLES:1250.0
AUC:{'AUC macro OVO': 0.784746973653937}
AVGP:{'avg_precision': 0.9057764650435922}


METRICS_PER_CLASSES
CLASS:0
ACC:0.848
PREC:0.680161943319838
REC:0.6021505376344086
TNR:0.9186405767250257
FPR:0.31983805668016196
FPDR:0.31983805668016196
F1:0.6387832699619772
BACC:0
CLSFE:0.31983805668016196
MCC:0.5445983726007825
GMEAN:0.7437472132168009
SAMPLES:247
AUC:{}
AVGP:{}
CLASS:1
ACC:0.848
PREC:0.8893320039880359
REC:0.9186405767250257
TNR:0.6021505376344086
FPR:0.1106679960119641
FPDR:0.1106679960119641
F1:0.9037487335359676
BACC:0
CLSFE:0.1106679960119641
MCC:0.5445983726007825
GMEAN:0.7437472132168009
SAMPLES:1003
AUC:{}
AVGP:{}
