

GENERAL_METRICS
ACC:0.824
PREC:0.794202529496647
REC:0.7671754254109576
TNR:0.7671754254109576
FPR:0.20579747050335284
FPDR:0.20579747050335284
F1:0.7783051428168347
BACC:0.0
CLSFE:0.176
MCC:0.5607269780392111
GMEAN:0.7546755458545732
SAMPLES:1000.0
AUC:{'AUC macro OVO': 0.7942025294966472}
AVGP:{'avg_precision': 0.8822063595461362}


METRICS_PER_CLASSES
CLASS:0
ACC:0.824
PREC:0.7341269841269841
REC:0.6292517006802721
TNR:0.9050991501416431
FPR:0.26587301587301587
FPDR:0.26587301587301587
F1:0.6776556776556777
BACC:0
CLSFE:0.26587301587301587
MCC:0.5607269780392111
GMEAN:0.7546755458545732
SAMPLES:252
AUC:{}
AVGP:{}
CLASS:1
ACC:0.824
PREC:0.8542780748663101
REC:0.9050991501416431
TNR:0.6292517006802721
FPR:0.14572192513368984
FPDR:0.14572192513368984
F1:0.8789546079779917
BACC:0
CLSFE:0.14572192513368984
MCC:0.5607269780392111
GMEAN:0.7546755458545732
SAMPLES:748
AUC:{}
AVGP:{}
