

GENERAL_METRICS
ACC:0.814
PREC:0.7781158517106483
REC:0.7573999486232484
TNR:0.7573999486232484
FPR:0.2218841482893517
FPDR:0.2218841482893517
F1:0.7662423840260602
BACC:0.0
CLSFE:0.186
MCC:0.5351149631308467
GMEAN:0.7451977421278236
SAMPLES:1000.0
AUC:{'AUC macro OVO': 0.7781158517106481}
AVGP:{'avg_precision': 0.8706281096534272}


METRICS_PER_CLASSES
CLASS:0
ACC:0.814
PREC:0.7042801556420234
REC:0.6219931271477663
TNR:0.8928067700987306
FPR:0.29571984435797666
FPDR:0.29571984435797666
F1:0.6605839416058394
BACC:0
CLSFE:0.29571984435797666
MCC:0.5351149631308467
GMEAN:0.7451977421278236
SAMPLES:257
AUC:{}
AVGP:{}
CLASS:1
ACC:0.814
PREC:0.8519515477792732
REC:0.8928067700987306
TNR:0.6219931271477663
FPR:0.1480484522207268
FPDR:0.1480484522207268
F1:0.871900826446281
BACC:0
CLSFE:0.1480484522207268
MCC:0.5351149631308467
GMEAN:0.7451977421278236
SAMPLES:743
AUC:{}
AVGP:{}
