

GENERAL_METRICS
ACC:0.83
PREC:0.789698668922917
REC:0.7651688862567638
TNR:0.7651688862567638
FPR:0.21030133107708301
FPDR:0.21030133107708301
F1:0.7757066559709527
BACC:0.0
CLSFE:0.17
MCC:0.5543250793112534
GMEAN:0.7519616158732226
SAMPLES:1000.0
AUC:{'AUC macro OVO': 0.789698668922917}
AVGP:{'avg_precision': 0.887508434506056}


METRICS_PER_CLASSES
CLASS:0
ACC:0.83
PREC:0.7130801687763713
REC:0.6236162361623616
TNR:0.906721536351166
FPR:0.2869198312236287
FPDR:0.2869198312236287
F1:0.6653543307086615
BACC:0
CLSFE:0.2869198312236287
MCC:0.5543250793112534
GMEAN:0.7519616158732226
SAMPLES:237
AUC:{}
AVGP:{}
CLASS:1
ACC:0.83
PREC:0.8663171690694627
REC:0.906721536351166
TNR:0.6236162361623616
FPR:0.13368283093053734
FPDR:0.13368283093053734
F1:0.886058981233244
BACC:0
CLSFE:0.13368283093053734
MCC:0.5543250793112534
GMEAN:0.7519616158732226
SAMPLES:763
AUC:{}
AVGP:{}
