

GENERAL_METRICS
ACC:0.835
PREC:0.7957393483709273
REC:0.7840399551605413
TNR:0.7840399551605413
FPR:0.20426065162907267
FPDR:0.20426065162907267
F1:0.789480399349303
BACC:0.0
CLSFE:0.165
MCC:0.5796612502159719
GMEAN:0.7757445236790885
SAMPLES:1000.0
AUC:{'AUC macro OVO': 0.7957393483709273}
AVGP:{'avg_precision': 0.8785351361829989}


METRICS_PER_CLASSES
CLASS:0
ACC:0.835
PREC:0.7142857142857143
REC:0.6702898550724637
TNR:0.8977900552486188
FPR:0.2857142857142857
FPDR:0.2857142857142857
F1:0.6915887850467289
BACC:0
CLSFE:0.2857142857142857
MCC:0.5796612502159719
GMEAN:0.7757445236790885
SAMPLES:259
AUC:{}
AVGP:{}
CLASS:1
ACC:0.835
PREC:0.8771929824561403
REC:0.8977900552486188
TNR:0.6702898550724637
FPR:0.12280701754385964
FPDR:0.12280701754385964
F1:0.8873720136518771
BACC:0
CLSFE:0.12280701754385964
MCC:0.5796612502159719
GMEAN:0.7757445236790885
SAMPLES:741
AUC:{}
AVGP:{}
