

GENERAL_METRICS
ACC:0.8173333333333334
PREC:0.8014162764624415
REC:0.787515039042534
TNR:0.787515039042534
FPR:0.19858372353755854
FPDR:0.19858372353755854
F1:0.7934569576360622
BACC:0.0
CLSFE:0.18266666666666667
MCC:0.5887672290308082
GMEAN:0.7815931637476097
SAMPLES:750.0
AUC:{'AUC macro OVO': 0.8014162764624415}
AVGP:{'avg_precision': 0.8530034525479382}


METRICS_PER_CLASSES
CLASS:0
ACC:0.8173333333333334
PREC:0.7584745762711864
REC:0.6911196911196911
TNR:0.8839103869653768
FPR:0.24152542372881355
FPDR:0.24152542372881355
F1:0.7232323232323232
BACC:0
CLSFE:0.24152542372881355
MCC:0.5887672290308082
GMEAN:0.7815931637476097
SAMPLES:236
AUC:{}
AVGP:{}
CLASS:1
ACC:0.8173333333333334
PREC:0.8443579766536965
REC:0.8839103869653768
TNR:0.6911196911196911
FPR:0.1556420233463035
FPDR:0.1556420233463035
F1:0.863681592039801
BACC:0
CLSFE:0.1556420233463035
MCC:0.5887672290308082
GMEAN:0.7815931637476097
SAMPLES:514
AUC:{}
AVGP:{}
