

GENERAL_METRICS
ACC:0.8293333333333334
PREC:0.8228945063196096
REC:0.8110983843742465
TNR:0.8110983843742465
FPR:0.17710549368039044
FPDR:0.17710549368039044
F1:0.8159847880758142
BACC:0.0
CLSFE:0.17066666666666666
MCC:0.6338831414049452
GMEAN:0.8074511335132398
SAMPLES:750.0
AUC:{'AUC macro OVO': 0.8228945063196096}
AVGP:{'avg_precision': 0.8509800263802525}


METRICS_PER_CLASSES
CLASS:0
ACC:0.8293333333333334
PREC:0.8015267175572519
REC:0.7342657342657343
TNR:0.8879310344827587
FPR:0.1984732824427481
FPDR:0.1984732824427481
F1:0.7664233576642335
BACC:0
CLSFE:0.1984732824427481
MCC:0.6338831414049452
GMEAN:0.8074511335132398
SAMPLES:262
AUC:{}
AVGP:{}
CLASS:1
ACC:0.8293333333333334
PREC:0.8442622950819673
REC:0.8879310344827587
TNR:0.7342657342657343
FPR:0.1557377049180328
FPDR:0.1557377049180328
F1:0.865546218487395
BACC:0
CLSFE:0.1557377049180328
MCC:0.6338831414049452
GMEAN:0.8074511335132398
SAMPLES:488
AUC:{}
AVGP:{}
