

GENERAL_METRICS
ACC:0.8186666666666667
PREC:0.8056808784154459
REC:0.7904687803929196
TNR:0.7904687803929196
FPR:0.19431912158455403
FPDR:0.19431912158455403
F1:0.7968062727098871
BACC:0.0
CLSFE:0.18133333333333335
MCC:0.5959555417739513
GMEAN:0.7846018594203523
SAMPLES:750.0
AUC:{'AUC macro OVO': 0.8056808784154459}
AVGP:{'avg_precision': 0.8540608872838784}


METRICS_PER_CLASSES
CLASS:0
ACC:0.8186666666666667
PREC:0.7698744769874477
REC:0.6943396226415094
TNR:0.8865979381443299
FPR:0.2301255230125523
FPDR:0.2301255230125523
F1:0.7301587301587301
BACC:0
CLSFE:0.2301255230125523
MCC:0.5959555417739513
GMEAN:0.7846018594203523
SAMPLES:239
AUC:{}
AVGP:{}
CLASS:1
ACC:0.8186666666666667
PREC:0.8414872798434442
REC:0.8865979381443299
TNR:0.6943396226415094
FPR:0.15851272015655576
FPDR:0.15851272015655576
F1:0.8634538152610441
BACC:0
CLSFE:0.15851272015655576
MCC:0.5959555417739513
GMEAN:0.7846018594203523
SAMPLES:511
AUC:{}
AVGP:{}
