

GENERAL_METRICS
ACC:0.8013333333333333
PREC:0.7816772500485971
REC:0.7734707357925281
TNR:0.7734707357925281
FPR:0.21832274995140286
FPDR:0.21832274995140286
F1:0.7771644954744951
BACC:0.0
CLSFE:0.19866666666666666
MCC:0.5550873258391179
GMEAN:0.7682081907658304
SAMPLES:750.0
AUC:{'AUC macro OVO': 0.7816772500485971}
AVGP:{'avg_precision': 0.8329352428025943}


METRICS_PER_CLASSES
CLASS:0
ACC:0.8013333333333333
PREC:0.7254098360655737
REC:0.6833976833976834
TNR:0.8635437881873728
FPR:0.27459016393442626
FPDR:0.27459016393442626
F1:0.7037773359840954
BACC:0
CLSFE:0.27459016393442626
MCC:0.5550873258391179
GMEAN:0.7682081907658304
SAMPLES:244
AUC:{}
AVGP:{}
CLASS:1
ACC:0.8013333333333333
PREC:0.8379446640316206
REC:0.8635437881873728
TNR:0.6833976833976834
FPR:0.16205533596837945
FPDR:0.16205533596837945
F1:0.8505516549648947
BACC:0
CLSFE:0.16205533596837945
MCC:0.5550873258391179
GMEAN:0.7682081907658304
SAMPLES:506
AUC:{}
AVGP:{}
