

GENERAL_METRICS
ACC:0.814
PREC:0.7893945175329451
REC:0.7487250414688282
TNR:0.7487250414688282
FPR:0.2106054824670549
FPDR:0.2106054824670549
F1:0.7635260553603304
BACC:0.0
CLSFE:0.186
MCC:0.5365805191179915
GMEAN:0.7305414084641257
SAMPLES:1000.0
AUC:{'AUC macro OVO': 0.7893945175329452}
AVGP:{'avg_precision': 0.8882022529845107}


METRICS_PER_CLASSES
CLASS:0
ACC:0.814
PREC:0.7426160337552743
REC:0.584717607973422
TNR:0.9127324749642346
FPR:0.25738396624472576
FPDR:0.25738396624472576
F1:0.654275092936803
BACC:0
CLSFE:0.25738396624472576
MCC:0.5365805191179915
GMEAN:0.7305414084641257
SAMPLES:237
AUC:{}
AVGP:{}
CLASS:1
ACC:0.814
PREC:0.836173001310616
REC:0.9127324749642346
TNR:0.584717607973422
FPR:0.16382699868938402
FPDR:0.16382699868938402
F1:0.8727770177838577
BACC:0
CLSFE:0.16382699868938402
MCC:0.5365805191179915
GMEAN:0.7305414084641257
SAMPLES:763
AUC:{}
AVGP:{}
