

GENERAL_METRICS
ACC:0.804
PREC:0.7785888838520417
REC:0.7486455441308463
TNR:0.7486455441308463
FPR:0.22141111614795828
FPDR:0.22141111614795828
F1:0.7600438776909365
BACC:0.0
CLSFE:0.196
MCC:0.5263834519214906
GMEAN:0.7338693392023632
SAMPLES:1000.0
AUC:{'AUC macro OVO': 0.7785888838520417}
AVGP:{'avg_precision': 0.8703950069440761}


METRICS_PER_CLASSES
CLASS:0
ACC:0.804
PREC:0.7258687258687259
REC:0.6006389776357828
TNR:0.8966521106259098
FPR:0.27413127413127414
FPDR:0.27413127413127414
F1:0.6573426573426573
BACC:0
CLSFE:0.27413127413127414
MCC:0.5263834519214906
GMEAN:0.7338693392023632
SAMPLES:259
AUC:{}
AVGP:{}
CLASS:1
ACC:0.804
PREC:0.8313090418353576
REC:0.8966521106259098
TNR:0.6006389776357828
FPR:0.16869095816464239
FPDR:0.16869095816464239
F1:0.8627450980392157
BACC:0
CLSFE:0.16869095816464239
MCC:0.5263834519214906
GMEAN:0.7338693392023632
SAMPLES:741
AUC:{}
AVGP:{}
