

GENERAL_METRICS
ACC:0.799
PREC:0.7756571057496426
REC:0.7427055091388628
TNR:0.7427055091388628
FPR:0.22434289425035742
FPDR:0.22434289425035742
F1:0.7546910755148741
BACC:0.0
CLSFE:0.201
MCC:0.5173142108959016
GMEAN:0.7264249748361722
SAMPLES:1000.0
AUC:{'AUC macro OVO': 0.7756571057496426}
AVGP:{'avg_precision': 0.8701450211751519}


METRICS_PER_CLASSES
CLASS:0
ACC:0.799
PREC:0.7276264591439688
REC:0.5880503144654088
TNR:0.8973607038123167
FPR:0.2723735408560311
FPDR:0.2723735408560311
F1:0.6504347826086957
BACC:0
CLSFE:0.2723735408560311
MCC:0.5173142108959016
GMEAN:0.7264249748361722
SAMPLES:257
AUC:{}
AVGP:{}
CLASS:1
ACC:0.799
PREC:0.8236877523553163
REC:0.8973607038123167
TNR:0.5880503144654088
FPR:0.17631224764468373
FPDR:0.17631224764468373
F1:0.8589473684210527
BACC:0
CLSFE:0.17631224764468373
MCC:0.5173142108959016
GMEAN:0.7264249748361722
SAMPLES:743
AUC:{}
AVGP:{}
