

GENERAL_METRICS
ACC:0.798
PREC:0.7807698837110602
REC:0.740865813475087
TNR:0.740865813475087
FPR:0.2192301162889398
FPDR:0.2192301162889398
F1:0.7542327926454772
BACC:0.0
CLSFE:0.202
MCC:0.5201071675698002
GMEAN:0.722445505942709
SAMPLES:1000.0
AUC:{'AUC macro OVO': 0.7807698837110602}
AVGP:{'avg_precision': 0.8760710579349086}


METRICS_PER_CLASSES
CLASS:0
ACC:0.798
PREC:0.746031746031746
REC:0.5766871165644172
TNR:0.9050445103857567
FPR:0.25396825396825395
FPDR:0.25396825396825395
F1:0.6505190311418685
BACC:0
CLSFE:0.25396825396825395
MCC:0.5201071675698002
GMEAN:0.722445505942709
SAMPLES:252
AUC:{}
AVGP:{}
CLASS:1
ACC:0.798
PREC:0.8155080213903744
REC:0.9050445103857567
TNR:0.5766871165644172
FPR:0.18449197860962566
FPDR:0.18449197860962566
F1:0.8579465541490858
BACC:0
CLSFE:0.18449197860962566
MCC:0.5201071675698002
GMEAN:0.722445505942709
SAMPLES:748
AUC:{}
AVGP:{}
