

GENERAL_METRICS
ACC:0.8698461538461538
PREC:0.560074850456777
REC:0.5573989184655621
TNR:0.5573989184655621
FPR:0.439925149543223
FPDR:0.439925149543223
F1:0.5586760957015582
BACC:0.0
CLSFE:0.13015384615384615
MCC:0.11744328747441253
GMEAN:0.41341088124023145
SAMPLES:3250.0
AUC:{'AUC macro OVO': 0.560074850456777}
AVGP:{'avg_precision': 0.930590997267698}


METRICS_PER_CLASSES
CLASS:0
ACC:0.8698461538461538
PREC:0.19291338582677164
REC:0.18352059925093633
TNR:0.9312772376801878
FPR:0.8070866141732284
FPDR:0.8070866141732284
F1:0.18809980806142035
BACC:0
CLSFE:0.8070866141732284
MCC:0.11744328747441253
GMEAN:0.41341088124023145
SAMPLES:254
AUC:{}
AVGP:{}
CLASS:1
ACC:0.8698461538461538
PREC:0.9272363150867824
REC:0.9312772376801878
TNR:0.18352059925093633
FPR:0.07276368491321762
FPDR:0.07276368491321762
F1:0.9292523833416959
BACC:0
CLSFE:0.07276368491321762
MCC:0.11744328747441253
GMEAN:0.41341088124023145
SAMPLES:2996
AUC:{}
AVGP:{}
