

GENERAL_METRICS
ACC:0.884
PREC:0.5666948943227127
REC:0.5669577070439139
TNR:0.5669577070439139
FPR:0.43330510567728736
FPDR:0.43330510567728736
F1:0.5668258418922277
BACC:0.0
CLSFE:0.116
MCC:0.133652342970634
GMEAN:0.42925782703866117
SAMPLES:3250.0
AUC:{'AUC macro OVO': 0.5666948943227127}
AVGP:{'avg_precision': 0.9367329972595027}


METRICS_PER_CLASSES
CLASS:0
ACC:0.884
PREC:0.19574468085106383
REC:0.19658119658119658
TNR:0.9373342175066313
FPR:0.8042553191489362
FPDR:0.8042553191489362
F1:0.19616204690831557
BACC:0
CLSFE:0.8042553191489362
MCC:0.133652342970634
GMEAN:0.42925782703866117
SAMPLES:235
AUC:{}
AVGP:{}
CLASS:1
ACC:0.884
PREC:0.9376451077943615
REC:0.9373342175066313
TNR:0.19658119658119658
FPR:0.062354892205638474
FPDR:0.062354892205638474
F1:0.93748963687614
BACC:0
CLSFE:0.062354892205638474
MCC:0.133652342970634
GMEAN:0.42925782703866117
SAMPLES:3015
AUC:{}
AVGP:{}
