

GENERAL_METRICS
ACC:0.8815384615384615
PREC:0.5838691469519977
REC:0.5805460080526368
TNR:0.5805460080526368
FPR:0.41613085304800235
FPDR:0.41613085304800235
F1:0.5821504699116613
BACC:0.0
CLSFE:0.11846153846153847
MCC:0.16438156813661775
GMEAN:0.45779123783754616
SAMPLES:3250.0
AUC:{'AUC macro OVO': 0.5838691469519977}
AVGP:{'avg_precision': 0.9367300606184574}


METRICS_PER_CLASSES
CLASS:0
ACC:0.8815384615384615
PREC:0.2336065573770492
REC:0.2235294117647059
TNR:0.9375626043405676
FPR:0.7663934426229508
FPDR:0.7663934426229508
F1:0.22845691382765532
BACC:0
CLSFE:0.7663934426229508
MCC:0.16438156813661775
GMEAN:0.45779123783754616
SAMPLES:244
AUC:{}
AVGP:{}
CLASS:1
ACC:0.8815384615384615
PREC:0.9341317365269461
REC:0.9375626043405676
TNR:0.2235294117647059
FPR:0.0658682634730539
FPDR:0.0658682634730539
F1:0.9358440259956674
BACC:0
CLSFE:0.0658682634730539
MCC:0.16438156813661775
GMEAN:0.45779123783754616
SAMPLES:3006
AUC:{}
AVGP:{}
