

GENERAL_METRICS
ACC:0.8818461538461538
PREC:0.5830835830835831
REC:0.5818685909911537
TNR:0.5818685909911537
FPR:0.41691641691641695
FPDR:0.41691641691641695
F1:0.5824684944375971
BACC:0.0
CLSFE:0.11815384615384615
MCC:0.16494769936618583
GMEAN:0.4611988373698723
SAMPLES:3250.0
AUC:{'AUC macro OVO': 0.5830835830835831}
AVGP:{'avg_precision': 0.9358286199740018}


METRICS_PER_CLASSES
CLASS:0
ACC:0.8818461538461538
PREC:0.23076923076923078
REC:0.22709163346613545
TNR:0.9366455485161721
FPR:0.7692307692307693
FPDR:0.7692307692307693
F1:0.2289156626506024
BACC:0
CLSFE:0.7692307692307693
MCC:0.16494769936618583
GMEAN:0.4611988373698723
SAMPLES:247
AUC:{}
AVGP:{}
CLASS:1
ACC:0.8818461538461538
PREC:0.9353979353979354
REC:0.9366455485161721
TNR:0.22709163346613545
FPR:0.06460206460206461
FPDR:0.06460206460206461
F1:0.9360213262245918
BACC:0
CLSFE:0.06460206460206461
MCC:0.16494769936618583
GMEAN:0.4611988373698723
SAMPLES:3003
AUC:{}
AVGP:{}
