

GENERAL_METRICS
ACC:0.8848
PREC:0.5177810067603982
REC:0.5789346173647073
TNR:0.5789346173647073
FPR:0.4822189932396019
FPDR:0.4822189932396019
F1:0.5135608427288155
BACC:0.0
CLSFE:0.1152
MCC:0.07492761747156516
GMEAN:0.4826727220419376
SAMPLES:2500.0
AUC:{'AUC macro OVO': 0.5177810067603982}
AVGP:{'avg_precision': 0.8985490286342276}


METRICS_PER_CLASSES
CLASS:0
ACC:0.8848
PREC:0.05343511450381679
REC:0.25925925925925924
TNR:0.8986099754701553
FPR:0.9465648854961832
FPDR:0.9465648854961832
F1:0.08860759493670886
BACC:0
CLSFE:0.9465648854961832
MCC:0.07492761747156516
GMEAN:0.4826727220419376
SAMPLES:262
AUC:{}
AVGP:{}
CLASS:1
ACC:0.8848
PREC:0.9821268990169795
REC:0.8986099754701553
TNR:0.25925925925925924
FPR:0.017873100983020553
FPDR:0.017873100983020553
F1:0.9385140905209223
BACC:0
CLSFE:0.017873100983020553
MCC:0.07492761747156516
GMEAN:0.4826727220419376
SAMPLES:2238
AUC:{}
AVGP:{}
