

GENERAL_METRICS
ACC:0.89
PREC:0.5262286362223288
REC:0.5936217159277504
TNR:0.5936217159277504
FPR:0.47377136377767115
FPDR:0.47377136377767115
F1:0.528553863835384
BACC:0.0
CLSFE:0.11
MCC:0.09910741505213776
GMEAN:0.5047877303474794
SAMPLES:2500.0
AUC:{'AUC macro OVO': 0.5262286362223288}
AVGP:{'avg_precision': 0.9058955632956459}


METRICS_PER_CLASSES
CLASS:0
ACC:0.89
PREC:0.0728744939271255
REC:0.28125
TNR:0.9059934318555009
FPR:0.9271255060728745
FPDR:0.9271255060728745
F1:0.1157556270096463
BACC:0
CLSFE:0.9271255060728745
MCC:0.09910741505213776
GMEAN:0.5047877303474794
SAMPLES:247
AUC:{}
AVGP:{}
CLASS:1
ACC:0.89
PREC:0.9795827785175322
REC:0.9059934318555009
TNR:0.28125
FPR:0.020417221482467822
FPDR:0.020417221482467822
F1:0.9413521006611217
BACC:0
CLSFE:0.020417221482467822
MCC:0.09910741505213776
GMEAN:0.5047877303474794
SAMPLES:2253
AUC:{}
AVGP:{}
