

GENERAL_METRICS
ACC:0.8844
PREC:0.5236198384201077
REC:0.6146046005172179
TNR:0.6146046005172179
FPR:0.47638016157989227
FPDR:0.47638016157989227
F1:0.521735705524234
BACC:0.0
CLSFE:0.1156
MCC:0.10405656435646297
GMEAN:0.5464661830650647
SAMPLES:2500.0
AUC:{'AUC macro OVO': 0.5236198384201077}
AVGP:{'avg_precision': 0.8958045124489312}


METRICS_PER_CLASSES
CLASS:0
ACC:0.8844
PREC:0.0625
REC:0.3333333333333333
TNR:0.8958758677011025
FPR:0.9375
FPDR:0.9375
F1:0.10526315789473684
BACC:0
CLSFE:0.9375
MCC:0.10405656435646297
GMEAN:0.5464661830650647
SAMPLES:272
AUC:{}
AVGP:{}
CLASS:1
ACC:0.8844
PREC:0.9847396768402155
REC:0.8958758677011025
TNR:0.3333333333333333
FPR:0.01526032315978456
FPDR:0.01526032315978456
F1:0.938208253153731
BACC:0
CLSFE:0.01526032315978456
MCC:0.10405656435646297
GMEAN:0.5464661830650647
SAMPLES:2228
AUC:{}
AVGP:{}
