

GENERAL_METRICS
ACC:0.884
PREC:0.5117281773610218
REC:0.5513612549589655
TNR:0.5513612549589655
FPR:0.4882718226389782
FPDR:0.4882718226389782
F1:0.5043263761267175
BACC:0.0
CLSFE:0.116
MCC:0.0490866135578085
GMEAN:0.4279409544845181
SAMPLES:2500.0
AUC:{'AUC macro OVO': 0.5117281773610217}
AVGP:{'avg_precision': 0.8989762510549001}


METRICS_PER_CLASSES
CLASS:0
ACC:0.884
PREC:0.04263565891472868
REC:0.2037037037037037
TNR:0.8990188062142274
FPR:0.9573643410852714
FPDR:0.9573643410852714
F1:0.07051282051282051
BACC:0
CLSFE:0.9573643410852714
MCC:0.0490866135578085
GMEAN:0.4279409544845181
SAMPLES:258
AUC:{}
AVGP:{}
CLASS:1
ACC:0.884
PREC:0.9808206958073149
REC:0.8990188062142274
TNR:0.2037037037037037
FPR:0.0191793041926851
FPDR:0.0191793041926851
F1:0.9381399317406144
BACC:0
CLSFE:0.0191793041926851
MCC:0.0490866135578085
GMEAN:0.4279409544845181
SAMPLES:2242
AUC:{}
AVGP:{}
