

GENERAL_METRICS
ACC:0.9012
PREC:0.6246999094447475
REC:0.7027529895232293
TNR:0.7027529895232293
FPR:0.3753000905552525
FPDR:0.3753000905552525
F1:0.6507967207125895
BACC:0.0
CLSFE:0.0988
MCC:0.3180143357347183
GMEAN:0.6661378399287892
SAMPLES:2500.0
AUC:{'AUC macro OVO': 0.6246999094447475}
AVGP:{'avg_precision': 0.9258782364088082}


METRICS_PER_CLASSES
CLASS:0
ACC:0.9012
PREC:0.2821576763485477
REC:0.4788732394366197
TNR:0.9266327396098388
FPR:0.7178423236514523
FPDR:0.7178423236514523
F1:0.35509138381201044
BACC:0
CLSFE:0.7178423236514523
MCC:0.3180143357347183
GMEAN:0.6661378399287892
SAMPLES:241
AUC:{}
AVGP:{}
CLASS:1
ACC:0.9012
PREC:0.9672421425409473
REC:0.9266327396098388
TNR:0.4788732394366197
FPR:0.03275785745905268
FPDR:0.03275785745905268
F1:0.9465020576131687
BACC:0
CLSFE:0.03275785745905268
MCC:0.3180143357347183
GMEAN:0.6661378399287892
SAMPLES:2259
AUC:{}
AVGP:{}
