

GENERAL_METRICS
ACC:0.8988
PREC:0.59557160936705
REC:0.6851136347464744
TNR:0.6851136347464744
FPR:0.40442839063295
FPDR:0.40442839063295
F1:0.6203752553088945
BACC:0.0
CLSFE:0.1012
MCC:0.2660196082134158
GMEAN:0.6431975244055174
SAMPLES:2500.0
AUC:{'AUC macro OVO': 0.59557160936705}
AVGP:{'avg_precision': 0.9205719129267054}


METRICS_PER_CLASSES
CLASS:0
ACC:0.8988
PREC:0.21991701244813278
REC:0.4491525423728814
TNR:0.9210747271200672
FPR:0.7800829875518672
FPDR:0.7800829875518672
F1:0.29526462395543174
BACC:0
CLSFE:0.7800829875518672
MCC:0.2660196082134158
GMEAN:0.6431975244055174
SAMPLES:241
AUC:{}
AVGP:{}
CLASS:1
ACC:0.8988
PREC:0.9712262062859672
REC:0.9210747271200672
TNR:0.4491525423728814
FPR:0.02877379371403276
FPDR:0.02877379371403276
F1:0.9454858866623572
BACC:0
CLSFE:0.02877379371403276
MCC:0.2660196082134158
GMEAN:0.6431975244055174
SAMPLES:2259
AUC:{}
AVGP:{}
