

GENERAL_METRICS
ACC:0.896
PREC:0.6243680804369623
REC:0.7012765957446808
TNR:0.7012765957446808
FPR:0.37563191956303765
FPDR:0.37563191956303765
F1:0.649932356159898
BACC:0.0
CLSFE:0.104
MCC:0.3164325131818942
GMEAN:0.6654513745683404
SAMPLES:2500.0
AUC:{'AUC macro OVO': 0.6243680804369623}
AVGP:{'avg_precision': 0.92171438964779}


METRICS_PER_CLASSES
CLASS:0
ACC:0.896
PREC:0.28346456692913385
REC:0.48
TNR:0.9225531914893617
FPR:0.7165354330708661
FPDR:0.7165354330708661
F1:0.3564356435643564
BACC:0
CLSFE:0.7165354330708661
MCC:0.3164325131818942
GMEAN:0.6654513745683404
SAMPLES:254
AUC:{}
AVGP:{}
CLASS:1
ACC:0.896
PREC:0.9652715939447908
REC:0.9225531914893617
TNR:0.48
FPR:0.034728406055209264
FPDR:0.034728406055209264
F1:0.9434290687554395
BACC:0
CLSFE:0.034728406055209264
MCC:0.3164325131818942
GMEAN:0.6654513745683404
SAMPLES:2246
AUC:{}
AVGP:{}
