

GENERAL_METRICS
ACC:0.904
PREC:0.6197542270039813
REC:0.700931670113179
TNR:0.700931670113179
FPR:0.38024577299601864
FPDR:0.38024577299601864
F1:0.6462355929445227
BACC:0.0
CLSFE:0.096
MCC:0.31024130501932035
GMEAN:0.663071488060652
SAMPLES:2500.0
AUC:{'AUC macro OVO': 0.6197542270039813}
AVGP:{'avg_precision': 0.9275189889505924}


METRICS_PER_CLASSES
CLASS:0
ACC:0.904
PREC:0.2703862660944206
REC:0.47368421052631576
TNR:0.9281791297000422
FPR:0.7296137339055794
FPDR:0.7296137339055794
F1:0.3442622950819672
BACC:0
CLSFE:0.7296137339055794
MCC:0.31024130501932035
GMEAN:0.663071488060652
SAMPLES:233
AUC:{}
AVGP:{}
CLASS:1
ACC:0.904
PREC:0.9691221879135421
REC:0.9281791297000422
TNR:0.47368421052631576
FPR:0.030877812086457873
FPDR:0.030877812086457873
F1:0.9482088908070782
BACC:0
CLSFE:0.030877812086457873
MCC:0.31024130501932035
GMEAN:0.663071488060652
SAMPLES:2267
AUC:{}
AVGP:{}
