

GENERAL_METRICS
ACC:0.9174117647058824
PREC:0.5696230050151053
REC:0.6041893076248904
TNR:0.6041893076248904
FPR:0.4303769949848947
FPDR:0.4303769949848947
F1:0.5820551706786662
BACC:0.0
CLSFE:0.08258823529411764
MCC:0.1703405141155573
GMEAN:0.4985349263022679
SAMPLES:4250.0
AUC:{'AUC macro OVO': 0.5696230050151053}
AVGP:{'avg_precision': 0.9452435070049072}


METRICS_PER_CLASSES
CLASS:0
ACC:0.9174117647058824
PREC:0.17164179104477612
REC:0.26285714285714284
TNR:0.9455214723926381
FPR:0.8283582089552238
FPDR:0.8283582089552238
F1:0.2076749435665914
BACC:0
CLSFE:0.8283582089552238
MCC:0.1703405141155573
GMEAN:0.4985349263022679
SAMPLES:268
AUC:{}
AVGP:{}
CLASS:1
ACC:0.9174117647058824
PREC:0.9676042189854345
REC:0.9455214723926381
TNR:0.26285714285714284
FPR:0.03239578101456554
FPDR:0.03239578101456554
F1:0.9564353977907409
BACC:0
CLSFE:0.03239578101456554
MCC:0.1703405141155573
GMEAN:0.4985349263022679
SAMPLES:3982
AUC:{}
AVGP:{}
