

GENERAL_METRICS
ACC:0.91
PREC:0.5308825268358056
REC:0.6219146030117739
TNR:0.6219146030117739
FPR:0.46911747316419444
FPDR:0.46911747316419444
F1:0.5379708134451634
BACC:0.0
CLSFE:0.09
MCC:0.1227196968573129
GMEAN:0.5448388168843257
SAMPLES:3000.0
AUC:{'AUC macro OVO': 0.5308825268358055}
AVGP:{'avg_precision': 0.921725583142404}


METRICS_PER_CLASSES
CLASS:0
ACC:0.91
PREC:0.07630522088353414
REC:0.3220338983050847
TNR:0.9217953077184631
FPR:0.9236947791164659
FPDR:0.9236947791164659
F1:0.12337662337662338
BACC:0
CLSFE:0.9236947791164659
MCC:0.1227196968573129
GMEAN:0.5448388168843257
SAMPLES:249
AUC:{}
AVGP:{}
CLASS:1
ACC:0.91
PREC:0.985459832788077
REC:0.9217953077184631
TNR:0.3220338983050847
FPR:0.014540167211922937
FPDR:0.014540167211922937
F1:0.9525650035137034
BACC:0
CLSFE:0.014540167211922937
MCC:0.1227196968573129
GMEAN:0.5448388168843257
SAMPLES:2751
AUC:{}
AVGP:{}
