

GENERAL_METRICS
ACC:0.914
PREC:0.5405608469971641
REC:0.6351603727017826
TNR:0.6351603727017826
FPR:0.45943915300283583
FPDR:0.45943915300283583
F1:0.5530104228267297
BACC:0.0
CLSFE:0.086
MCC:0.14808401935707563
GMEAN:0.5641246654353731
SAMPLES:3000.0
AUC:{'AUC macro OVO': 0.5405608469971641}
AVGP:{'avg_precision': 0.9269410231816148}


METRICS_PER_CLASSES
CLASS:0
ACC:0.914
PREC:0.0970464135021097
REC:0.34328358208955223
TNR:0.927037163314013
FPR:0.9029535864978903
FPDR:0.9029535864978903
F1:0.1513157894736842
BACC:0
CLSFE:0.9029535864978903
MCC:0.14808401935707563
GMEAN:0.5641246654353731
SAMPLES:237
AUC:{}
AVGP:{}
CLASS:1
ACC:0.914
PREC:0.9840752804922186
REC:0.927037163314013
TNR:0.34328358208955223
FPR:0.015924719507781397
FPDR:0.015924719507781397
F1:0.9547050561797753
BACC:0
CLSFE:0.015924719507781397
MCC:0.14808401935707563
GMEAN:0.5641246654353731
SAMPLES:2763
AUC:{}
AVGP:{}
