

GENERAL_METRICS
ACC:0.906
PREC:0.5377875892518368
REC:0.6435591665574629
TNR:0.6435591665574629
FPR:0.4622124107481632
FPDR:0.4622124107481632
F1:0.5478595478595478
BACC:0.0
CLSFE:0.094
MCC:0.1473058697976348
GMEAN:0.5821617741489937
SAMPLES:3000.0
AUC:{'AUC macro OVO': 0.5377875892518368}
AVGP:{'avg_precision': 0.9177943072896715}


METRICS_PER_CLASSES
CLASS:0
ACC:0.906
PREC:0.09056603773584905
REC:0.36923076923076925
TNR:0.9178875638841567
FPR:0.909433962264151
FPDR:0.909433962264151
F1:0.14545454545454545
BACC:0
CLSFE:0.909433962264151
MCC:0.1473058697976348
GMEAN:0.5821617741489937
SAMPLES:265
AUC:{}
AVGP:{}
CLASS:1
ACC:0.906
PREC:0.9850091407678245
REC:0.9178875638841567
TNR:0.36923076923076925
FPR:0.014990859232175503
FPDR:0.014990859232175503
F1:0.9502645502645503
BACC:0
CLSFE:0.014990859232175503
MCC:0.1473058697976348
GMEAN:0.5821617741489937
SAMPLES:2735
AUC:{}
AVGP:{}
