

GENERAL_METRICS
ACC:0.916
PREC:0.5545094262750472
REC:0.6872287047544412
TNR:0.6872287047544412
FPR:0.44549057372495277
FPDR:0.44549057372495277
F1:0.5740019474196689
BACC:0.0
CLSFE:0.084
MCC:0.20204681911264824
GMEAN:0.6441572819939515
SAMPLES:3000.0
AUC:{'AUC macro OVO': 0.5545094262750472}
AVGP:{'avg_precision': 0.9265839009093798}


METRICS_PER_CLASSES
CLASS:0
ACC:0.916
PREC:0.12244897959183673
REC:0.44776119402985076
TNR:0.9266962154790317
FPR:0.8775510204081632
FPDR:0.8775510204081632
F1:0.19230769230769232
BACC:0
CLSFE:0.8775510204081632
MCC:0.20204681911264824
GMEAN:0.6441572819939515
SAMPLES:245
AUC:{}
AVGP:{}
CLASS:1
ACC:0.916
PREC:0.9865698729582577
REC:0.9266962154790317
TNR:0.44776119402985076
FPR:0.013430127041742287
FPDR:0.013430127041742287
F1:0.9556962025316456
BACC:0
CLSFE:0.013430127041742287
MCC:0.20204681911264824
GMEAN:0.6441572819939515
SAMPLES:2755
AUC:{}
AVGP:{}
