

GENERAL_METRICS
ACC:0.9611111111111111
PREC:0.9671361502347419
REC:0.9235074626865671
TNR:0.9798850574712644
FPR:0.03286384976525821
FPDR:0.03286384976525821
F1:0.9421211237484203
BACC:0.0
CLSFE:0.03888888888888889
MCC:0.9162390514896702
GMEAN:0.9503643058101211
SAMPLES:900.0
AUC:0.991401434024241
AVGP:0.9772907041465454


METRICS_PER_CLASSES

======>> CLASS:0
ACC:0.9611111111111111
PREC:1.0
REC:0.8955223880597015
TNR:1.0
FPR:0.0
FPDR:0.0
F1:0.9448818897637795
BACC:0
CLSFE:0.0
MCC:0.9183047326947369
GMEAN:0.9463204468147677
SAMPLES:300
AUC:0.9905555555555556
AVGP:0.9645956969221874

======>> CLASS:1
ACC:0.9611111111111111
PREC:0.9014084507042254
REC:1.0
TNR:0.9396551724137931
FPR:0.09859154929577464
FPDR:0.09859154929577464
F1:0.9481481481481482
BACC:0
CLSFE:0.09859154929577464
MCC:0.9203331533535717
GMEAN:0.9693581239221102
SAMPLES:355
AUC:0.9834603953999224
AVGP:0.9805653738145511

======>> CLASS:2
ACC:0.9611111111111111
PREC:1.0
REC:0.875
TNR:1.0
FPR:0.0
FPDR:0.0
F1:0.9333333333333333
BACC:0
CLSFE:0.0
MCC:0.9100792684207021
GMEAN:0.9354143466934853
SAMPLES:245
AUC:0.999688424988316
AVGP:0.9991996798719488
