

GENERAL_METRICS
ACC:0.916
PREC:0.6153811599983121
REC:0.7512918345384526
TNR:0.7512918345384526
FPR:0.3846188400016879
FPDR:0.3846188400016879
F1:0.6511312392593646
BACC:0.0
CLSFE:0.084
MCC:0.34055450880674343
GMEAN:0.7297440393119895
SAMPLES:3000.0
AUC:{'AUC macro OVO': 0.6153811599983121}
AVGP:{'avg_precision': 0.9295752395416863}


METRICS_PER_CLASSES
CLASS:0
ACC:0.916
PREC:0.24907063197026022
REC:0.5726495726495726
TNR:0.9299340964273326
FPR:0.7509293680297398
FPDR:0.7509293680297398
F1:0.3471502590673575
BACC:0
CLSFE:0.7509293680297398
MCC:0.34055450880674343
GMEAN:0.7297440393119895
SAMPLES:269
AUC:{}
AVGP:{}
CLASS:1
ACC:0.916
PREC:0.981691688026364
REC:0.9299340964273326
TNR:0.5726495726495726
FPR:0.01830831197363603
FPDR:0.01830831197363603
F1:0.9551122194513716
BACC:0
CLSFE:0.01830831197363603
MCC:0.34055450880674343
GMEAN:0.7297440393119895
SAMPLES:2731
AUC:{}
AVGP:{}
