

GENERAL_METRICS
ACC:0.9163333333333333
PREC:0.6256498184668883
REC:0.71496003996004
TNR:0.71496003996004
FPR:0.3743501815331117
FPDR:0.3743501815331117
F1:0.6550111124906595
BACC:0.0
CLSFE:0.08366666666666667
MCC:0.32869250066659006
GMEAN:0.6795867581392105
SAMPLES:3000.0
AUC:{'AUC macro OVO': 0.6256498184668883}
AVGP:{'avg_precision': 0.9365451367970452}


METRICS_PER_CLASSES
CLASS:0
ACC:0.9163333333333333
PREC:0.27710843373493976
REC:0.4928571428571429
TNR:0.9370629370629371
FPR:0.7228915662650602
FPDR:0.7228915662650602
F1:0.35475578406169667
BACC:0
CLSFE:0.7228915662650602
MCC:0.32869250066659006
GMEAN:0.6795867581392105
SAMPLES:249
AUC:{}
AVGP:{}
CLASS:1
ACC:0.9163333333333333
PREC:0.9741912031988368
REC:0.9370629370629371
TNR:0.4928571428571429
FPR:0.025808796801163214
FPDR:0.025808796801163214
F1:0.9552664409196222
BACC:0
CLSFE:0.025808796801163214
MCC:0.32869250066659006
GMEAN:0.6795867581392105
SAMPLES:2751
AUC:{}
AVGP:{}
