

GENERAL_METRICS
ACC:0.9126666666666666
PREC:0.6078990031389052
REC:0.7209915477674067
TNR:0.7209915477674067
FPR:0.39210099686109484
FPDR:0.39210099686109484
F1:0.6390282972422864
BACC:0.0
CLSFE:0.08733333333333333
MCC:0.30883502201807966
GMEAN:0.6900962719203939
SAMPLES:3000.0
AUC:{'AUC macro OVO': 0.6078990031389051}
AVGP:{'avg_precision': 0.9293904312015042}


METRICS_PER_CLASSES
CLASS:0
ACC:0.9126666666666666
PREC:0.23773584905660378
REC:0.5121951219512195
TNR:0.929787973583594
FPR:0.7622641509433963
FPDR:0.7622641509433963
F1:0.3247422680412371
BACC:0
CLSFE:0.7622641509433963
MCC:0.30883502201807966
GMEAN:0.6900962719203939
SAMPLES:265
AUC:{}
AVGP:{}
CLASS:1
ACC:0.9126666666666666
PREC:0.9780621572212066
REC:0.929787973583594
TNR:0.5121951219512195
FPR:0.021937842778793418
FPDR:0.021937842778793418
F1:0.9533143264433357
BACC:0
CLSFE:0.021937842778793418
MCC:0.30883502201807966
GMEAN:0.6900962719203939
SAMPLES:2735
AUC:{}
AVGP:{}
