

GENERAL_METRICS
ACC:0.9216666666666666
PREC:0.617930287024118
REC:0.7140101901540392
TNR:0.7140101901540392
FPR:0.382069712975882
FPDR:0.382069712975882
F1:0.6481992040818872
BACC:0.0
CLSFE:0.07833333333333334
MCC:0.3177312269887989
GMEAN:0.6772309121851791
SAMPLES:3000.0
AUC:{'AUC macro OVO': 0.617930287024118}
AVGP:{'avg_precision': 0.9398160887324424}


METRICS_PER_CLASSES
CLASS:0
ACC:0.9216666666666666
PREC:0.25862068965517243
REC:0.4878048780487805
TNR:0.9402155022592978
FPR:0.7413793103448276
FPDR:0.7413793103448276
F1:0.3380281690140845
BACC:0
CLSFE:0.7413793103448276
MCC:0.3177312269887989
GMEAN:0.6772309121851791
SAMPLES:232
AUC:{}
AVGP:{}
CLASS:1
ACC:0.9216666666666666
PREC:0.9772398843930635
REC:0.9402155022592978
TNR:0.4878048780487805
FPR:0.022760115606936415
FPDR:0.022760115606936415
F1:0.95837023914969
BACC:0
CLSFE:0.022760115606936415
MCC:0.3177312269887989
GMEAN:0.6772309121851791
SAMPLES:2768
AUC:{}
AVGP:{}
