

GENERAL_METRICS
ACC:0.8864
PREC:0.5227922198024124
REC:0.6186432592309894
TNR:0.6186432592309894
FPR:0.4772077801975876
FPDR:0.4772077801975876
F1:0.5203169421353598
BACC:0.0
CLSFE:0.1136
MCC:0.10400275462635228
GMEAN:0.5525526023818979
SAMPLES:2500.0
AUC:{'AUC macro OVO': 0.5227922198024124}
AVGP:{'avg_precision': 0.8967990006291293}


METRICS_PER_CLASSES
CLASS:0
ACC:0.8864
PREC:0.05947955390334572
REC:0.3404255319148936
TNR:0.8968609865470852
FPR:0.9405204460966543
FPDR:0.9405204460966543
F1:0.10126582278481013
BACC:0
CLSFE:0.9405204460966543
MCC:0.10400275462635228
GMEAN:0.5525526023818979
SAMPLES:269
AUC:{}
AVGP:{}
CLASS:1
ACC:0.8864
PREC:0.9861048857014791
REC:0.8968609865470852
TNR:0.3404255319148936
FPR:0.013895114298520844
FPDR:0.013895114298520844
F1:0.9393680614859095
BACC:0
CLSFE:0.013895114298520844
MCC:0.10400275462635228
GMEAN:0.5525526023818979
SAMPLES:2231
AUC:{}
AVGP:{}
