

GENERAL_METRICS
ACC:0.8908
PREC:0.5217547873241823
REC:0.5986717267552182
TNR:0.5986717267552182
FPR:0.47824521267581765
FPDR:0.47824521267581765
F1:0.5204438476634549
BACC:0.0
CLSFE:0.1092
MCC:0.09266245044179665
GMEAN:0.5154169661122505
SAMPLES:2500.0
AUC:{'AUC macro OVO': 0.5217547873241823}
AVGP:{'avg_precision': 0.9031613362415336}


METRICS_PER_CLASSES
CLASS:0
ACC:0.8908
PREC:0.05952380952380952
REC:0.29411764705882354
TNR:0.9032258064516129
FPR:0.9404761904761905
FPDR:0.9404761904761905
F1:0.09900990099009901
BACC:0
CLSFE:0.9404761904761905
MCC:0.09266245044179665
GMEAN:0.5154169661122505
SAMPLES:252
AUC:{}
AVGP:{}
CLASS:1
ACC:0.8908
PREC:0.9839857651245552
REC:0.9032258064516129
TNR:0.29411764705882354
FPR:0.01601423487544484
FPDR:0.01601423487544484
F1:0.9418777943368107
BACC:0
CLSFE:0.01601423487544484
MCC:0.09266245044179665
GMEAN:0.5154169661122505
SAMPLES:2248
AUC:{}
AVGP:{}
