

GENERAL_METRICS
ACC:0.8848
PREC:0.5141483516483516
REC:0.5647310206133735
TNR:0.5647310206133735
FPR:0.4858516483516484
FPDR:0.4858516483516484
F1:0.5077448149120504
BACC:0.0
CLSFE:0.1152
MCC:0.06052560589352934
GMEAN:0.45540163434831804
SAMPLES:2500.0
AUC:{'AUC macro OVO': 0.5141483516483516}
AVGP:{'avg_precision': 0.8986447245564892}


METRICS_PER_CLASSES
CLASS:0
ACC:0.8848
PREC:0.046153846153846156
REC:0.23076923076923078
TNR:0.8986928104575164
FPR:0.9538461538461539
FPDR:0.9538461538461539
F1:0.07692307692307693
BACC:0
CLSFE:0.9538461538461539
MCC:0.06052560589352934
GMEAN:0.45540163434831804
SAMPLES:260
AUC:{}
AVGP:{}
CLASS:1
ACC:0.8848
PREC:0.9821428571428571
REC:0.8986928104575164
TNR:0.23076923076923078
FPR:0.017857142857142856
FPDR:0.017857142857142856
F1:0.9385665529010239
BACC:0
CLSFE:0.017857142857142856
MCC:0.06052560589352934
GMEAN:0.45540163434831804
SAMPLES:2240
AUC:{}
AVGP:{}
