

GENERAL_METRICS
ACC:0.8796
PREC:0.5158260186034325
REC:0.5491792600312663
TNR:0.5491792600312663
FPR:0.48417398139656753
FPDR:0.48417398139656753
F1:0.5130833374853359
BACC:0.0
CLSFE:0.1204
MCC:0.055796483192325406
GMEAN:0.42169537965886983
SAMPLES:2500.0
AUC:{'AUC macro OVO': 0.5158260186034325}
AVGP:{'avg_precision': 0.9009088535579616}


METRICS_PER_CLASSES
CLASS:0
ACC:0.8796
PREC:0.058823529411764705
REC:0.19736842105263158
TNR:0.900990099009901
FPR:0.9411764705882353
FPDR:0.9411764705882353
F1:0.09063444108761329
BACC:0
CLSFE:0.9411764705882353
MCC:0.055796483192325406
GMEAN:0.42169537965886983
SAMPLES:255
AUC:{}
AVGP:{}
CLASS:1
ACC:0.8796
PREC:0.9728285077951002
REC:0.900990099009901
TNR:0.19736842105263158
FPR:0.027171492204899776
FPDR:0.027171492204899776
F1:0.9355322338830585
BACC:0
CLSFE:0.027171492204899776
MCC:0.055796483192325406
GMEAN:0.42169537965886983
SAMPLES:2245
AUC:{}
AVGP:{}
