

GENERAL_METRICS
ACC:0.8936666666666667
PREC:0.5840701957229135
REC:0.6158656322431111
TNR:0.6158656322431111
FPR:0.41592980427708653
FPDR:0.41592980427708653
F1:0.5960960168820891
BACC:0.0
CLSFE:0.10633333333333334
MCC:0.19739145250225457
GMEAN:0.5293731807151442
SAMPLES:3000.0
AUC:{'AUC macro OVO': 0.5840701957229135}
AVGP:{'avg_precision': 0.9299870590452302}


METRICS_PER_CLASSES
CLASS:0
ACC:0.8936666666666667
PREC:0.21285140562248997
REC:0.30113636363636365
TNR:0.9305949008498584
FPR:0.7871485943775101
FPDR:0.7871485943775101
F1:0.24941176470588236
BACC:0
CLSFE:0.7871485943775101
MCC:0.19739145250225457
GMEAN:0.5293731807151442
SAMPLES:249
AUC:{}
AVGP:{}
CLASS:1
ACC:0.8936666666666667
PREC:0.955288985823337
REC:0.9305949008498584
TNR:0.30113636363636365
FPR:0.04471101417666303
FPDR:0.04471101417666303
F1:0.9427802690582959
BACC:0
CLSFE:0.04471101417666303
MCC:0.19739145250225457
GMEAN:0.5293731807151442
SAMPLES:2751
AUC:{}
AVGP:{}
