

GENERAL_METRICS
ACC:0.897
PREC:0.5684238722811529
REC:0.6180156516425354
TNR:0.6180156516425354
FPR:0.43157612771884707
FPDR:0.43157612771884707
F1:0.583256720603527
BACC:0.0
CLSFE:0.103
MCC:0.1797229854544585
GMEAN:0.5357078674135227
SAMPLES:3000.0
AUC:{'AUC macro OVO': 0.568423872281153}
AVGP:{'avg_precision': 0.9257732884142043}


METRICS_PER_CLASSES
CLASS:0
ACC:0.897
PREC:0.17254901960784313
REC:0.30985915492957744
TNR:0.9261721483554933
FPR:0.8274509803921568
FPDR:0.8274509803921568
F1:0.2216624685138539
BACC:0
CLSFE:0.8274509803921568
MCC:0.1797229854544585
GMEAN:0.5357078674135227
SAMPLES:255
AUC:{}
AVGP:{}
CLASS:1
ACC:0.897
PREC:0.9642987249544627
REC:0.9261721483554933
TNR:0.30985915492957744
FPR:0.03570127504553734
FPDR:0.03570127504553734
F1:0.9448509726932001
BACC:0
CLSFE:0.03570127504553734
MCC:0.1797229854544585
GMEAN:0.5357078674135227
SAMPLES:2745
AUC:{}
AVGP:{}
