

GENERAL_METRICS
ACC:0.9126666666666666
PREC:0.6229258022722742
REC:0.6737235915492958
TNR:0.6737235915492958
FPR:0.37707419772772577
FPDR:0.37707419772772577
F1:0.6424568400826807
BACC:0.0
CLSFE:0.08733333333333333
MCC:0.2922677667127736
GMEAN:0.6183537463570531
SAMPLES:3000.0
AUC:{'AUC macro OVO': 0.6229258022722742}
AVGP:{'avg_precision': 0.9405612007788543}


METRICS_PER_CLASSES
CLASS:0
ACC:0.9126666666666666
PREC:0.2801724137931034
REC:0.40625
TNR:0.9411971830985916
FPR:0.7198275862068966
FPDR:0.7198275862068966
F1:0.33163265306122447
BACC:0
CLSFE:0.7198275862068966
MCC:0.2922677667127736
GMEAN:0.6183537463570531
SAMPLES:232
AUC:{}
AVGP:{}
CLASS:1
ACC:0.9126666666666666
PREC:0.965679190751445
REC:0.9411971830985916
TNR:0.40625
FPR:0.034320809248554913
FPDR:0.034320809248554913
F1:0.953281027104137
BACC:0
CLSFE:0.034320809248554913
MCC:0.2922677667127736
GMEAN:0.6183537463570531
SAMPLES:2768
AUC:{}
AVGP:{}
