

GENERAL_METRICS
ACC:0.9076666666666666
PREC:0.5863182778135787
REC:0.6307204541337037
TNR:0.6307204541337037
FPR:0.4136817221864213
FPDR:0.4136817221864213
F1:0.6020799105900854
BACC:0.0
CLSFE:0.09233333333333334
MCC:0.21244824758825578
GMEAN:0.5511945643715485
SAMPLES:3000.0
AUC:{'AUC macro OVO': 0.5863182778135786}
AVGP:{'avg_precision': 0.9368565610701658}


METRICS_PER_CLASSES
CLASS:0
ACC:0.9076666666666666
PREC:0.2079646017699115
REC:0.32413793103448274
TNR:0.9373029772329247
FPR:0.7920353982300885
FPDR:0.7920353982300885
F1:0.25336927223719674
BACC:0
CLSFE:0.7920353982300885
MCC:0.21244824758825578
GMEAN:0.5511945643715485
SAMPLES:226
AUC:{}
AVGP:{}
CLASS:1
ACC:0.9076666666666666
PREC:0.9646719538572458
REC:0.9373029772329247
TNR:0.32413793103448274
FPR:0.035328046142754144
FPDR:0.035328046142754144
F1:0.9507905489429739
BACC:0
CLSFE:0.035328046142754144
MCC:0.21244824758825578
GMEAN:0.5511945643715485
SAMPLES:2774
AUC:{}
AVGP:{}
