

GENERAL_METRICS
ACC:0.893
PREC:0.5741596638655462
REC:0.6382446744714858
TNR:0.6382446744714858
FPR:0.42584033613445377
FPDR:0.42584033613445377
F1:0.5917884624922268
BACC:0.0
CLSFE:0.107
MCC:0.20250608474816004
GMEAN:0.5727625706072926
SAMPLES:3000.0
AUC:{'AUC macro OVO': 0.5741596638655463}
AVGP:{'avg_precision': 0.9194002209914417}


METRICS_PER_CLASSES
CLASS:0
ACC:0.893
PREC:0.18214285714285713
REC:0.35664335664335667
TNR:0.919845992299615
FPR:0.8178571428571428
FPDR:0.8178571428571428
F1:0.24113475177304963
BACC:0
CLSFE:0.8178571428571428
MCC:0.20250608474816004
GMEAN:0.5727625706072926
SAMPLES:280
AUC:{}
AVGP:{}
CLASS:1
ACC:0.893
PREC:0.9661764705882353
REC:0.919845992299615
TNR:0.35664335664335667
FPR:0.033823529411764704
FPDR:0.033823529411764704
F1:0.942442173211404
BACC:0
CLSFE:0.033823529411764704
MCC:0.20250608474816004
GMEAN:0.5727625706072926
SAMPLES:2720
AUC:{}
AVGP:{}
