

GENERAL_METRICS
ACC:0.6
PREC:0.6000000000000001
REC:0.6009301724694787
TNR:0.6009301724694787
FPR:0.4
FPDR:0.4
F1:0.5990762717300662
BACC:0.0
CLSFE:0.4
MCC:0.20092801941937188
GMEAN:0.6008520531016155
SAMPLES:250.0
AUC:{'AUC macro OVO': 0.6000000000000001}
AVGP:{'avg_precision': 0.5610619469026548}


METRICS_PER_CLASSES
CLASS:0
ACC:0.6
PREC:0.648
REC:0.5912408759124088
TNR:0.6106194690265486
FPR:0.352
FPDR:0.352
F1:0.6183206106870229
BACC:0
CLSFE:0.352
MCC:0.20092801941937188
GMEAN:0.6008520531016155
SAMPLES:125
AUC:{}
AVGP:{}
CLASS:1
ACC:0.6
PREC:0.552
REC:0.6106194690265486
TNR:0.5912408759124088
FPR:0.448
FPDR:0.448
F1:0.5798319327731093
BACC:0
CLSFE:0.448
MCC:0.20092801941937188
GMEAN:0.6008520531016155
SAMPLES:125
AUC:{}
AVGP:{}
