

GENERAL_METRICS
ACC:0.572
PREC:0.5720000000000001
REC:0.5727872670807453
TNR:0.5727872670807453
FPR:0.428
FPDR:0.428
F1:0.5708395501435882
BACC:0.0
CLSFE:0.428
MCC:0.14478512671975205
GMEAN:0.5727372436908211
SAMPLES:250.0
AUC:{'AUC macro OVO': 0.572}
AVGP:{'avg_precision': 0.5417857142857143}


METRICS_PER_CLASSES
CLASS:0
ACC:0.572
PREC:0.624
REC:0.5652173913043478
TNR:0.5803571428571429
FPR:0.376
FPDR:0.376
F1:0.5931558935361216
BACC:0
CLSFE:0.376
MCC:0.14478512671975205
GMEAN:0.5727372436908211
SAMPLES:125
AUC:{}
AVGP:{}
CLASS:1
ACC:0.572
PREC:0.52
REC:0.5803571428571429
TNR:0.5652173913043478
FPR:0.48
FPDR:0.48
F1:0.5485232067510548
BACC:0
CLSFE:0.48
MCC:0.14478512671975205
GMEAN:0.5727372436908211
SAMPLES:125
AUC:{}
AVGP:{}
