

GENERAL_METRICS
ACC:0.58
PREC:0.5800000000000001
REC:0.5823234984193888
TNR:0.5823234984193888
FPR:0.42000000000000004
FPDR:0.42000000000000004
F1:0.57701542080923
BACC:0.0
CLSFE:0.42
MCC:0.16230686829029886
GMEAN:0.5821592379177195
SAMPLES:250.0
AUC:{'AUC macro OVO': 0.58}
AVGP:{'avg_precision': 0.5476923076923077}


METRICS_PER_CLASSES
CLASS:0
ACC:0.58
PREC:0.664
REC:0.5684931506849316
TNR:0.5961538461538461
FPR:0.336
FPDR:0.336
F1:0.6125461254612546
BACC:0
CLSFE:0.336
MCC:0.16230686829029886
GMEAN:0.5821592379177195
SAMPLES:125
AUC:{}
AVGP:{}
CLASS:1
ACC:0.58
PREC:0.496
REC:0.5961538461538461
TNR:0.5684931506849316
FPR:0.504
FPDR:0.504
F1:0.5414847161572053
BACC:0
CLSFE:0.504
MCC:0.16230686829029886
GMEAN:0.5821592379177195
SAMPLES:125
AUC:{}
AVGP:{}
