

GENERAL_METRICS
ACC:0.6
PREC:0.6000000000000001
REC:0.6006441223832528
TNR:0.6006441223832528
FPR:0.4
FPDR:0.4
F1:0.5993589743589745
BACC:0.0
CLSFE:0.4
MCC:0.200643088476282
GMEAN:0.6005901552819344
SAMPLES:250.0
AUC:{'AUC macro OVO': 0.6000000000000001}
AVGP:{'avg_precision': 0.5608695652173914}


METRICS_PER_CLASSES
CLASS:0
ACC:0.6
PREC:0.64
REC:0.5925925925925926
TNR:0.6086956521739131
FPR:0.36
FPDR:0.36
F1:0.6153846153846154
BACC:0
CLSFE:0.36
MCC:0.200643088476282
GMEAN:0.6005901552819344
SAMPLES:125
AUC:{}
AVGP:{}
CLASS:1
ACC:0.6
PREC:0.56
REC:0.6086956521739131
TNR:0.5925925925925926
FPR:0.44
FPDR:0.44
F1:0.5833333333333334
BACC:0
CLSFE:0.44
MCC:0.200643088476282
GMEAN:0.6005901552819344
SAMPLES:125
AUC:{}
AVGP:{}
