

GENERAL_METRICS
ACC:0.58
PREC:0.5800000000000001
REC:0.5828033916269211
TNR:0.5828033916269211
FPR:0.42000000000000004
FPDR:0.42000000000000004
F1:0.5764147746526601
BACC:0.0
CLSFE:0.42
MCC:0.162779253348253
GMEAN:0.5826042078092766
SAMPLES:250.0
AUC:{'AUC macro OVO': 0.58}
AVGP:{'avg_precision': 0.547843137254902}


METRICS_PER_CLASSES
CLASS:0
ACC:0.58
PREC:0.672
REC:0.5675675675675675
TNR:0.5980392156862745
FPR:0.328
FPDR:0.328
F1:0.6153846153846154
BACC:0
CLSFE:0.328
MCC:0.162779253348253
GMEAN:0.5826042078092766
SAMPLES:125
AUC:{}
AVGP:{}
CLASS:1
ACC:0.58
PREC:0.488
REC:0.5980392156862745
TNR:0.5675675675675675
FPR:0.512
FPDR:0.512
F1:0.5374449339207048
BACC:0
CLSFE:0.512
MCC:0.162779253348253
GMEAN:0.5826042078092766
SAMPLES:125
AUC:{}
AVGP:{}
