

GENERAL_METRICS
ACC:0.8853333333333333
PREC:0.5074494482867853
REC:0.5430808123984807
TNR:0.5430808123984807
FPR:0.4925505517132147
FPDR:0.4925505517132147
F1:0.49522441426901886
BACC:0.0
CLSFE:0.11466666666666667
MCC:0.03582894272038628
GMEAN:0.4119435493094735
SAMPLES:2250.0
AUC:{'AUC macro OVO': 0.5074494482867853}
AVGP:{'avg_precision': 0.8969513406194017}


METRICS_PER_CLASSES
CLASS:0
ACC:0.8853333333333333
PREC:0.029787234042553193
REC:0.1891891891891892
TNR:0.8969724356077723
FPR:0.9702127659574468
FPDR:0.9702127659574468
F1:0.051470588235294115
BACC:0
CLSFE:0.9702127659574468
MCC:0.03582894272038628
GMEAN:0.4119435493094735
SAMPLES:235
AUC:{}
AVGP:{}
CLASS:1
ACC:0.8853333333333333
PREC:0.9851116625310173
REC:0.8969724356077723
TNR:0.1891891891891892
FPR:0.01488833746898263
FPDR:0.01488833746898263
F1:0.9389782403027436
BACC:0
CLSFE:0.01488833746898263
MCC:0.03582894272038628
GMEAN:0.4119435493094735
SAMPLES:2015
AUC:{}
AVGP:{}
