

GENERAL_METRICS
ACC:0.8933333333333333
PREC:0.5117330586080586
REC:0.6241031390134528
TNR:0.6241031390134528
FPR:0.4882669413919414
FPDR:0.4882669413919414
F1:0.4992971615712426
BACC:0.0
CLSFE:0.10666666666666667
MCC:0.07631800320996057
GMEAN:0.5606890379786438
SAMPLES:2250.0
AUC:{'AUC macro OVO': 0.5117330586080586}
AVGP:{'avg_precision': 0.8981920510356609}


METRICS_PER_CLASSES
CLASS:0
ACC:0.8933333333333333
PREC:0.029914529914529916
REC:0.35
TNR:0.8982062780269058
FPR:0.9700854700854701
FPDR:0.9700854700854701
F1:0.05511811023622047
BACC:0
CLSFE:0.9700854700854701
MCC:0.07631800320996057
GMEAN:0.5606890379786438
SAMPLES:234
AUC:{}
AVGP:{}
CLASS:1
ACC:0.8933333333333333
PREC:0.9935515873015873
REC:0.8982062780269058
TNR:0.35
FPR:0.006448412698412698
FPDR:0.006448412698412698
F1:0.9434762129062647
BACC:0
CLSFE:0.006448412698412698
MCC:0.07631800320996057
GMEAN:0.5606890379786438
SAMPLES:2016
AUC:{}
AVGP:{}
