

GENERAL_METRICS
ACC:0.8831111111111111
PREC:0.5166435232670065
REC:0.6226649609675965
TNR:0.6226649609675965
FPR:0.48335647673299353
FPDR:0.48335647673299353
F1:0.5073983892114629
BACC:0.0
CLSFE:0.11688888888888889
MCC:0.09036762986624429
GMEAN:0.5621216529690254
SAMPLES:2250.0
AUC:{'AUC macro OVO': 0.5166435232670065}
AVGP:{'avg_precision': 0.8904573435088092}


METRICS_PER_CLASSES
CLASS:0
ACC:0.8831111111111111
PREC:0.04330708661417323
REC:0.3548387096774194
TNR:0.8904912122577737
FPR:0.9566929133858267
FPDR:0.9566929133858267
F1:0.07719298245614035
BACC:0
CLSFE:0.9566929133858267
MCC:0.09036762986624429
GMEAN:0.5621216529690254
SAMPLES:254
AUC:{}
AVGP:{}
CLASS:1
ACC:0.8831111111111111
PREC:0.9899799599198397
REC:0.8904912122577737
TNR:0.3548387096774194
FPR:0.01002004008016032
FPDR:0.01002004008016032
F1:0.9376037959667853
BACC:0
CLSFE:0.01002004008016032
MCC:0.09036762986624429
GMEAN:0.5621216529690254
SAMPLES:1996
AUC:{}
AVGP:{}
