

GENERAL_METRICS
ACC:0.8862222222222222
PREC:0.5108732694575655
REC:0.5765311314308974
TNR:0.5765311314308974
FPR:0.48912673054243455
FPDR:0.48912673054243455
F1:0.4991374033056931
BACC:0.0
CLSFE:0.11377777777777778
MCC:0.057693799110147104
GMEAN:0.4805904290007912
SAMPLES:2250.0
AUC:{'AUC macro OVO': 0.5108732694575655}
AVGP:{'avg_precision': 0.8949736035120512}


METRICS_PER_CLASSES
CLASS:0
ACC:0.8862222222222222
PREC:0.03319502074688797
REC:0.25806451612903225
TNR:0.8949977467327626
FPR:0.966804979253112
FPDR:0.966804979253112
F1:0.058823529411764705
BACC:0
CLSFE:0.966804979253112
MCC:0.057693799110147104
GMEAN:0.4805904290007912
SAMPLES:241
AUC:{}
AVGP:{}
CLASS:1
ACC:0.8862222222222222
PREC:0.9885515181682429
REC:0.8949977467327626
TNR:0.25806451612903225
FPR:0.011448481831757094
FPDR:0.011448481831757094
F1:0.9394512771996215
BACC:0
CLSFE:0.011448481831757094
MCC:0.057693799110147104
GMEAN:0.4805904290007912
SAMPLES:2009
AUC:{}
AVGP:{}
