

GENERAL_METRICS
ACC:0.9049230769230769
PREC:0.48877724921184895
REC:0.47011271249076125
TNR:0.47011271249076125
FPR:0.511222750788151
FPDR:0.511222750788151
F1:0.4782517889066745
BACC:0.0
CLSFE:0.09507692307692307
MCC:-0.03662881813272202
GMEAN:0.1063834701440113
SAMPLES:3250.0
AUC:{'AUC macro OVO': 0.48877724921184895}
AVGP:{'avg_precision': 0.928070740249489}


METRICS_PER_CLASSES
CLASS:0
ACC:0.9049230769230769
PREC:0.004366812227074236
REC:0.012195121951219513
TNR:0.928030303030303
FPR:0.9956331877729258
FPDR:0.9956331877729258
F1:0.006430868167202572
BACC:0
CLSFE:0.9956331877729258
MCC:-0.03662881813272202
GMEAN:0.1063834701440113
SAMPLES:229
AUC:{}
AVGP:{}
CLASS:1
ACC:0.9049230769230769
PREC:0.9731876861966237
REC:0.928030303030303
TNR:0.012195121951219513
FPR:0.026812313803376366
FPDR:0.026812313803376366
F1:0.9500727096461464
BACC:0
CLSFE:0.026812313803376366
MCC:-0.03662881813272202
GMEAN:0.1063834701440113
SAMPLES:3021
AUC:{}
AVGP:{}
