

GENERAL_METRICS
ACC:0.9178461538461539
PREC:0.5093478573259203
REC:0.5329676071055381
TNR:0.5329676071055381
FPR:0.49065214267407975
FPDR:0.49065214267407975
F1:0.5067951717932877
BACC:0.0
CLSFE:0.08215384615384616
MCC:0.03510991242367685
GMEAN:0.35262858286072857
SAMPLES:3250.0
AUC:{'AUC macro OVO': 0.5093478573259203}
AVGP:{'avg_precision': 0.9325809698088158}


METRICS_PER_CLASSES
CLASS:0
ACC:0.9178461538461539
PREC:0.03587443946188341
REC:0.13333333333333333
TNR:0.932601880877743
FPR:0.9641255605381166
FPDR:0.9641255605381166
F1:0.05653710247349823
BACC:0
CLSFE:0.9641255605381166
MCC:0.03510991242367685
GMEAN:0.35262858286072857
SAMPLES:223
AUC:{}
AVGP:{}
CLASS:1
ACC:0.9178461538461539
PREC:0.9828212751899571
REC:0.932601880877743
TNR:0.13333333333333333
FPR:0.017178724810042945
FPDR:0.017178724810042945
F1:0.9570532411130771
BACC:0
CLSFE:0.017178724810042945
MCC:0.03510991242367685
GMEAN:0.35262858286072857
SAMPLES:3027
AUC:{}
AVGP:{}
