

GENERAL_METRICS
ACC:0.9055384615384615
PREC:0.4997901026769879
REC:0.49924813461245626
TNR:0.49924813461245626
FPR:0.500209897323012
FPDR:0.500209897323012
F1:0.4909467344826126
BACC:0.0
CLSFE:0.09446153846153846
MCC:-0.0007945175444528818
GMEAN:0.2643944902504555
SAMPLES:3250.0
AUC:{'AUC macro OVO': 0.4997901026769879}
AVGP:{'avg_precision': 0.9227393145995193}


METRICS_PER_CLASSES
CLASS:0
ACC:0.9055384615384615
PREC:0.0199203187250996
REC:0.07575757575757576
TNR:0.9227386934673367
FPR:0.9800796812749004
FPDR:0.9800796812749004
F1:0.031545741324921134
BACC:0
CLSFE:0.9800796812749004
MCC:-0.0007945175444528818
GMEAN:0.2643944902504555
SAMPLES:251
AUC:{}
AVGP:{}
CLASS:1
ACC:0.9055384615384615
PREC:0.9796598866288763
REC:0.9227386934673367
TNR:0.07575757575757576
FPR:0.020340113371123708
FPDR:0.020340113371123708
F1:0.9503477276403041
BACC:0
CLSFE:0.020340113371123708
MCC:-0.0007945175444528818
GMEAN:0.2643944902504555
SAMPLES:2999
AUC:{}
AVGP:{}
