

GENERAL_METRICS
ACC:0.8956923076923077
PREC:0.4981541606541607
REC:0.49300648324061797
TNR:0.49300648324061797
FPR:0.5018458393458394
FPDR:0.5018458393458394
F1:0.48677015268558843
BACC:0.0
CLSFE:0.10430769230769231
MCC:-0.007185793874097478
GMEAN:0.25729208552314115
SAMPLES:3250.0
AUC:{'AUC macro OVO': 0.4981541606541607}
AVGP:{'avg_precision': 0.9135555974059589}


METRICS_PER_CLASSES
CLASS:0
ACC:0.8956923076923077
PREC:0.017857142857142856
REC:0.07246376811594203
TNR:0.9135491983652939
FPR:0.9821428571428571
FPDR:0.9821428571428571
F1:0.02865329512893983
BACC:0
CLSFE:0.9821428571428571
MCC:-0.007185793874097478
GMEAN:0.25729208552314115
SAMPLES:280
AUC:{}
AVGP:{}
CLASS:1
ACC:0.8956923076923077
PREC:0.9784511784511785
REC:0.9135491983652939
TNR:0.07246376811594203
FPR:0.02154882154882155
FPDR:0.02154882154882155
F1:0.944887010242237
BACC:0
CLSFE:0.02154882154882155
MCC:-0.007185793874097478
GMEAN:0.25729208552314115
SAMPLES:2970
AUC:{}
AVGP:{}
