

GENERAL_METRICS
ACC:0.897
PREC:0.7715974370304906
REC:0.7625690865885243
TNR:0.7625690865885243
FPR:0.2284025629695095
FPDR:0.2284025629695095
F1:0.7669635807063945
BACC:0.0
CLSFE:0.103
MCC:0.5340902206963918
GMEAN:0.7407345601291153
SAMPLES:2000.0
AUC:{'AUC macro OVO': 0.7715974370304904}
AVGP:{'avg_precision': 0.939566896812041}


METRICS_PER_CLASSES
CLASS:0
ACC:0.897
PREC:0.6048387096774194
REC:0.5813953488372093
TNR:0.9437428243398392
FPR:0.3951612903225806
FPDR:0.3951612903225806
F1:0.5928853754940712
BACC:0
CLSFE:0.3951612903225806
MCC:0.5340902206963918
GMEAN:0.7407345601291153
SAMPLES:248
AUC:{}
AVGP:{}
CLASS:1
ACC:0.897
PREC:0.9383561643835616
REC:0.9437428243398392
TNR:0.5813953488372093
FPR:0.06164383561643835
FPDR:0.06164383561643835
F1:0.9410417859187178
BACC:0
CLSFE:0.06164383561643835
MCC:0.5340902206963918
GMEAN:0.7407345601291153
SAMPLES:1752
AUC:{}
AVGP:{}
