

GENERAL_METRICS
ACC:0.8925
PREC:0.7749823283127617
REC:0.7657074884831365
TNR:0.7657074884831365
FPR:0.22501767168723835
FPDR:0.22501767168723835
F1:0.7702155538419693
BACC:0.0
CLSFE:0.1075
MCC:0.5406102619567231
GMEAN:0.7454114428780094
SAMPLES:2000.0
AUC:{'AUC macro OVO': 0.7749823283127617}
AVGP:{'avg_precision': 0.9360589641407623}


METRICS_PER_CLASSES
CLASS:0
ACC:0.8925
PREC:0.6150943396226415
REC:0.5905797101449275
TNR:0.9408352668213457
FPR:0.3849056603773585
FPDR:0.3849056603773585
F1:0.6025878003696857
BACC:0
CLSFE:0.3849056603773585
MCC:0.5406102619567231
GMEAN:0.7454114428780094
SAMPLES:265
AUC:{}
AVGP:{}
CLASS:1
ACC:0.8925
PREC:0.9348703170028818
REC:0.9408352668213457
TNR:0.5905797101449275
FPR:0.06512968299711816
FPDR:0.06512968299711816
F1:0.9378433073142527
BACC:0
CLSFE:0.06512968299711816
MCC:0.5406102619567231
GMEAN:0.7454114428780094
SAMPLES:1735
AUC:{}
AVGP:{}
