

GENERAL_METRICS
ACC:0.8905
PREC:0.7465348694255518
REC:0.7593305893150151
TNR:0.7593305893150151
FPR:0.25346513057444825
FPDR:0.25346513057444825
F1:0.7526752575311231
BACC:0.0
CLSFE:0.1095
MCC:0.5057036008368089
GMEAN:0.7391340978587442
SAMPLES:2000.0
AUC:{'AUC macro OVO': 0.7465348694255517}
AVGP:{'avg_precision': 0.9295534485211818}


METRICS_PER_CLASSES
CLASS:0
ACC:0.8905
PREC:0.5517241379310345
REC:0.5853658536585366
TNR:0.9332953249714937
FPR:0.4482758620689655
FPDR:0.4482758620689655
F1:0.5680473372781065
BACC:0
CLSFE:0.4482758620689655
MCC:0.5057036008368089
GMEAN:0.7391340978587442
SAMPLES:261
AUC:{}
AVGP:{}
CLASS:1
ACC:0.8905
PREC:0.941345600920069
REC:0.9332953249714937
TNR:0.5853658536585366
FPR:0.058654399079930995
FPDR:0.058654399079930995
F1:0.9373031777841397
BACC:0
CLSFE:0.058654399079930995
MCC:0.5057036008368089
GMEAN:0.7391340978587442
SAMPLES:1739
AUC:{}
AVGP:{}
