

GENERAL_METRICS
ACC:0.8965
PREC:0.751373493521168
REC:0.7559715976786194
TNR:0.7559715976786194
FPR:0.24862650647883203
FPDR:0.24862650647883203
F1:0.7536404972177443
BACC:0.0
CLSFE:0.1035
MCC:0.5073242543016033
GMEAN:0.7332530117537436
SAMPLES:2000.0
AUC:{'AUC macro OVO': 0.751373493521168}
AVGP:{'avg_precision': 0.936440656345919}


METRICS_PER_CLASSES
CLASS:0
ACC:0.8965
PREC:0.5601659751037344
REC:0.5720338983050848
TNR:0.9399092970521542
FPR:0.43983402489626555
FPDR:0.43983402489626555
F1:0.5660377358490566
BACC:0
CLSFE:0.43983402489626555
MCC:0.5073242543016033
GMEAN:0.7332530117537436
SAMPLES:241
AUC:{}
AVGP:{}
CLASS:1
ACC:0.8965
PREC:0.9425810119386014
REC:0.9399092970521542
TNR:0.5720338983050848
FPR:0.05741898806139852
FPDR:0.05741898806139852
F1:0.941243258586432
BACC:0
CLSFE:0.05741898806139852
MCC:0.5073242543016033
GMEAN:0.7332530117537436
SAMPLES:1759
AUC:{}
AVGP:{}
