

GENERAL_METRICS
ACC:0.8176
PREC:0.631
REC:0.7134162235429048
TNR:0.7134162235429048
FPR:0.36900000000000005
FPDR:0.36900000000000005
F1:0.6522082942830365
BACC:0.0
CLSFE:0.1824
MCC:0.33441007929857935
GMEAN:0.7007748515432904
SAMPLES:1250.0
AUC:{'AUC macro OVO': 0.631}
AVGP:{'avg_precision': 0.8443892086330934}


METRICS_PER_CLASSES
CLASS:0
ACC:0.8176
PREC:0.32
REC:0.5797101449275363
TNR:0.8471223021582733
FPR:0.68
FPDR:0.68
F1:0.41237113402061853
BACC:0
CLSFE:0.68
MCC:0.33441007929857935
GMEAN:0.7007748515432904
SAMPLES:250
AUC:{}
AVGP:{}
CLASS:1
ACC:0.8176
PREC:0.942
REC:0.8471223021582733
TNR:0.5797101449275363
FPR:0.058
FPDR:0.058
F1:0.8920454545454546
BACC:0
CLSFE:0.058
MCC:0.33441007929857935
GMEAN:0.7007748515432904
SAMPLES:1000
AUC:{}
AVGP:{}
