

GENERAL_METRICS
ACC:0.8168
PREC:0.6405549193625346
REC:0.7130112263406228
TNR:0.7130112263406228
FPR:0.3594450806374654
FPDR:0.3594450806374654
F1:0.6612790811877064
BACC:0.0
CLSFE:0.1832
MCC:0.34606228191827454
GMEAN:0.69975457177489
SAMPLES:1250.0
AUC:{'AUC macro OVO': 0.6405549193625346}
AVGP:{'avg_precision': 0.8465632469670915}


METRICS_PER_CLASSES
CLASS:0
ACC:0.8168
PREC:0.34523809523809523
REC:0.5761589403973509
TNR:0.8498635122838945
FPR:0.6547619047619048
FPDR:0.6547619047619048
F1:0.4317617866004963
BACC:0
CLSFE:0.6547619047619048
MCC:0.34606228191827454
GMEAN:0.69975457177489
SAMPLES:252
AUC:{}
AVGP:{}
CLASS:1
ACC:0.8168
PREC:0.935871743486974
REC:0.8498635122838945
TNR:0.5761589403973509
FPR:0.06412825651302605
FPDR:0.06412825651302605
F1:0.8907963757749165
BACC:0
CLSFE:0.06412825651302605
MCC:0.34606228191827454
GMEAN:0.69975457177489
SAMPLES:998
AUC:{}
AVGP:{}
