

GENERAL_METRICS
ACC:0.828
PREC:0.639733747935089
REC:0.7354337637885517
TNR:0.7354337637885517
FPR:0.3602662520649111
FPDR:0.3602662520649111
F1:0.664218218801031
BACC:0.0
CLSFE:0.172
MCC:0.36275634910853727
GMEAN:0.726049123882684
SAMPLES:1250.0
AUC:{'AUC macro OVO': 0.6397337479350889}
AVGP:{'avg_precision': 0.8500894011087019}


METRICS_PER_CLASSES
CLASS:0
ACC:0.828
PREC:0.32926829268292684
REC:0.6183206106870229
TNR:0.8525469168900804
FPR:0.6707317073170732
FPDR:0.6707317073170732
F1:0.4297082228116711
BACC:0
CLSFE:0.6707317073170732
MCC:0.36275634910853727
GMEAN:0.726049123882684
SAMPLES:246
AUC:{}
AVGP:{}
CLASS:1
ACC:0.828
PREC:0.950199203187251
REC:0.8525469168900804
TNR:0.6183206106870229
FPR:0.049800796812749
FPDR:0.049800796812749
F1:0.898728214790391
BACC:0
CLSFE:0.049800796812749
MCC:0.36275634910853727
GMEAN:0.726049123882684
SAMPLES:1004
AUC:{}
AVGP:{}
