

GENERAL_METRICS
ACC:0.8264
PREC:0.6302830423571811
REC:0.7091939068683255
TNR:0.7091939068683255
FPR:0.36971695764281887
FPDR:0.36971695764281887
F1:0.6519200538962497
BACC:0.0
CLSFE:0.1736
MCC:0.33017824658441847
GMEAN:0.6934534227201569
SAMPLES:1250.0
AUC:{'AUC macro OVO': 0.6302830423571811}
AVGP:{'avg_precision': 0.8552620464623758}


METRICS_PER_CLASSES
CLASS:0
ACC:0.8264
PREC:0.31759656652360513
REC:0.5606060606060606
TNR:0.8577817531305904
FPR:0.6824034334763949
FPDR:0.6824034334763949
F1:0.4054794520547945
BACC:0
CLSFE:0.6824034334763949
MCC:0.33017824658441847
GMEAN:0.6934534227201569
SAMPLES:233
AUC:{}
AVGP:{}
CLASS:1
ACC:0.8264
PREC:0.9429695181907571
REC:0.8577817531305904
TNR:0.5606060606060606
FPR:0.05703048180924287
FPDR:0.05703048180924287
F1:0.898360655737705
BACC:0
CLSFE:0.05703048180924287
MCC:0.33017824658441847
GMEAN:0.6934534227201569
SAMPLES:1017
AUC:{}
AVGP:{}
