

GENERAL_METRICS
ACC:0.8346666666666667
PREC:0.7093874370320893
REC:0.7119620849519958
TNR:0.7119620849519958
FPR:0.2906125629679107
FPDR:0.2906125629679107
F1:0.7106580507063989
BACC:0.0
CLSFE:0.16533333333333333
MCC:0.42134165574306265
GMEAN:0.687054747363714
SAMPLES:1500.0
AUC:{'AUC macro OVO': 0.7093874370320892}
AVGP:{'avg_precision': 0.8914804883132467}


METRICS_PER_CLASSES
CLASS:0
ACC:0.8346666666666667
PREC:0.5172413793103449
REC:0.5252918287937743
TNR:0.8986323411102172
FPR:0.4827586206896552
FPDR:0.4827586206896552
F1:0.5212355212355212
BACC:0
CLSFE:0.4827586206896552
MCC:0.42134165574306265
GMEAN:0.687054747363714
SAMPLES:261
AUC:{}
AVGP:{}
CLASS:1
ACC:0.8346666666666667
PREC:0.9015334947538337
REC:0.8986323411102172
TNR:0.5252918287937743
FPR:0.09846650524616626
FPDR:0.09846650524616626
F1:0.9000805801772764
BACC:0
CLSFE:0.09846650524616626
MCC:0.42134165574306265
GMEAN:0.687054747363714
SAMPLES:1239
AUC:{}
AVGP:{}
