

GENERAL_METRICS
ACC:0.8366666666666667
PREC:0.7110606652835824
REC:0.6971594951878066
TNR:0.6971594951878066
FPR:0.28893933471641764
FPDR:0.28893933471641764
F1:0.7036230569164701
BACC:0.0
CLSFE:0.16333333333333333
MCC:0.4079834027080696
GMEAN:0.6639319636067712
SAMPLES:1500.0
AUC:{'AUC macro OVO': 0.7110606652835824}
AVGP:{'avg_precision': 0.902680790949647}


METRICS_PER_CLASSES
CLASS:0
ACC:0.8366666666666667
PREC:0.5274261603375527
REC:0.4844961240310077
TNR:0.9098228663446055
FPR:0.47257383966244726
FPDR:0.47257383966244726
F1:0.5050505050505051
BACC:0
CLSFE:0.47257383966244726
MCC:0.4079834027080696
GMEAN:0.6639319636067712
SAMPLES:237
AUC:{}
AVGP:{}
CLASS:1
ACC:0.8366666666666667
PREC:0.894695170229612
REC:0.9098228663446055
TNR:0.4844961240310077
FPR:0.10530482977038796
FPDR:0.10530482977038796
F1:0.9021956087824351
BACC:0
CLSFE:0.10530482977038796
MCC:0.4079834027080696
GMEAN:0.6639319636067712
SAMPLES:1263
AUC:{}
AVGP:{}
