

GENERAL_METRICS
ACC:0.8526666666666667
PREC:0.7336156039364596
REC:0.7283185499792937
TNR:0.7283185499792937
FPR:0.2663843960635405
FPDR:0.2663843960635405
F1:0.7309076327258529
BACC:0.0
CLSFE:0.14733333333333334
MCC:0.4619037819429904
GMEAN:0.7041279245825972
SAMPLES:1500.0
AUC:{'AUC macro OVO': 0.7336156039364596}
AVGP:{'avg_precision': 0.9075992674858524}


METRICS_PER_CLASSES
CLASS:0
ACC:0.8526666666666667
PREC:0.5578512396694215
REC:0.5421686746987951
TNR:0.9144684252597922
FPR:0.44214876033057854
FPDR:0.44214876033057854
F1:0.5498981670061099
BACC:0
CLSFE:0.44214876033057854
MCC:0.4619037819429904
GMEAN:0.7041279245825972
SAMPLES:242
AUC:{}
AVGP:{}
CLASS:1
ACC:0.8526666666666667
PREC:0.9093799682034976
REC:0.9144684252597922
TNR:0.5421686746987951
FPR:0.09062003179650238
FPDR:0.09062003179650238
F1:0.9119170984455959
BACC:0
CLSFE:0.09062003179650238
MCC:0.4619037819429904
GMEAN:0.7041279245825972
SAMPLES:1258
AUC:{}
AVGP:{}
