

GENERAL_METRICS
ACC:0.848
PREC:0.7173818048785445
REC:0.7115012573372135
TNR:0.7115012573372135
FPR:0.2826181951214555
FPDR:0.2826181951214555
F1:0.7143630295559097
BACC:0.0
CLSFE:0.152
MCC:0.42884274532301453
GMEAN:0.6824819718409786
SAMPLES:1500.0
AUC:{'AUC macro OVO': 0.7173818048785445}
AVGP:{'avg_precision': 0.9062995018868619}


METRICS_PER_CLASSES
CLASS:0
ACC:0.848
PREC:0.5278969957081545
REC:0.5103734439834025
TNR:0.9126290706910246
FPR:0.4721030042918455
FPDR:0.4721030042918455
F1:0.5189873417721519
BACC:0
CLSFE:0.4721030042918455
MCC:0.42884274532301453
GMEAN:0.6824819718409786
SAMPLES:233
AUC:{}
AVGP:{}
CLASS:1
ACC:0.848
PREC:0.9068666140489345
REC:0.9126290706910246
TNR:0.5103734439834025
FPR:0.0931333859510655
FPDR:0.0931333859510655
F1:0.9097387173396675
BACC:0
CLSFE:0.0931333859510655
MCC:0.42884274532301453
GMEAN:0.6824819718409786
SAMPLES:1267
AUC:{}
AVGP:{}
