

GENERAL_METRICS
ACC:0.9586666666666667
PREC:0.9586666666666667
REC:0.921897910508917
TNR:0.9793345840050027
FPR:0.04133333333333333
FPDR:0.04133333333333333
F1:0.9392063632284661
BACC:0.0
CLSFE:0.04133333333333333
MCC:0.9091761351315281
GMEAN:0.9499944720883539
SAMPLES:750.0
AUC:0.992728
AVGP:0.9901804212364101


METRICS_PER_CLASSES

======>> CLASS:0
ACC:0.9586666666666667
PREC:1.0
REC:0.8896797153024911
TNR:1.0
FPR:0.0
FPDR:0.0
F1:0.9416195856873822
BACC:0
CLSFE:0.0
MCC:0.9135204283176905
GMEAN:0.9432283473806813
SAMPLES:250
AUC:1.0
AVGP:1.0

======>> CLASS:1
ACC:0.9586666666666667
PREC:0.936
REC:0.9397590361445783
TNR:0.9680638722554891
FPR:0.064
FPDR:0.064
F1:0.9378757515030061
BACC:0
CLSFE:0.064
MCC:0.9069109961900678
GMEAN:0.9538064643926495
SAMPLES:250
AUC:0.9876
AVGP:0.9693677143117443

======>> CLASS:2
ACC:0.9586666666666667
PREC:0.94
REC:0.9362549800796812
TNR:0.969939879759519
FPR:0.06
FPDR:0.06
F1:0.93812375249501
BACC:0
CLSFE:0.06
MCC:0.9070969808868256
GMEAN:0.9529486044917307
SAMPLES:250
AUC:0.988968
AVGP:0.9810837201023718
