

GENERAL_METRICS
ACC:0.9573333333333333
PREC:0.9573333333333333
REC:0.9195082742316786
TNR:0.9786666666666667
FPR:0.042666666666666665
FPDR:0.042666666666666665
F1:0.93728320802005
BACC:0.0
CLSFE:0.042666666666666665
MCC:0.9063088599802502
GMEAN:0.948428514962791
SAMPLES:750.0
AUC:0.9929373333333333
AVGP:0.9904543560312342


METRICS_PER_CLASSES

======>> CLASS:0
ACC:0.9573333333333334
PREC:1.0
REC:0.8865248226950354
TNR:1.0
FPR:0.0
FPDR:0.0
F1:0.9398496240601504
BACC:0
CLSFE:0.0
MCC:0.9109265799407509
GMEAN:0.9415544714433868
SAMPLES:250
AUC:1.0
AVGP:1.0

======>> CLASS:1
ACC:0.9573333333333334
PREC:0.936
REC:0.936
TNR:0.968
FPR:0.064
FPDR:0.064
F1:0.936
BACC:0
CLSFE:0.064
MCC:0.904
GMEAN:0.9518655367224932
SAMPLES:250
AUC:0.988144
AVGP:0.9714366378504734

======>> CLASS:2
ACC:0.9573333333333334
PREC:0.936
REC:0.936
TNR:0.968
FPR:0.064
FPDR:0.064
F1:0.936
BACC:0
CLSFE:0.064
MCC:0.904
GMEAN:0.9518655367224932
SAMPLES:250
AUC:0.98932
AVGP:0.9816395557904461
