

GENERAL_METRICS
ACC:0.9212307692307692
PREC:0.586508722009155
REC:0.6750830829463716
TNR:0.6750830829463716
FPR:0.41349127799084495
FPDR:0.41349127799084495
F1:0.6113776661734153
BACC:0.0
CLSFE:0.07876923076923077
MCC:0.2461399094101848
GMEAN:0.6211652822964576
SAMPLES:3250.0
AUC:{'AUC macro OVO': 0.586508722009155}
AVGP:{'avg_precision': 0.9391876335041398}


METRICS_PER_CLASSES
CLASS:0
ACC:0.9212307692307692
PREC:0.19491525423728814
REC:0.4107142857142857
TNR:0.9394518801784576
FPR:0.8050847457627118
FPDR:0.8050847457627118
F1:0.26436781609195403
BACC:0
CLSFE:0.8050847457627118
MCC:0.2461399094101848
GMEAN:0.6211652822964576
SAMPLES:236
AUC:{}
AVGP:{}
CLASS:1
ACC:0.9212307692307692
PREC:0.9781021897810219
REC:0.9394518801784576
TNR:0.4107142857142857
FPR:0.021897810218978103
FPDR:0.021897810218978103
F1:0.9583875162548765
BACC:0
CLSFE:0.021897810218978103
MCC:0.2461399094101848
GMEAN:0.6211652822964576
SAMPLES:3014
AUC:{}
AVGP:{}
