

GENERAL_METRICS
ACC:0.9138461538461539
PREC:0.5817259519038076
REC:0.6667731629392971
TNR:0.6667731629392971
FPR:0.4182740480961924
FPDR:0.4182740480961924
F1:0.6047986992231471
BACC:0.0
CLSFE:0.08615384615384615
MCC:0.23349257369966067
GMEAN:0.6110798068594949
SAMPLES:3250.0
AUC:{'AUC macro OVO': 0.5817259519038076}
AVGP:{'avg_precision': 0.9332501601876646}


METRICS_PER_CLASSES
CLASS:0
ACC:0.9138461538461539
PREC:0.1875
REC:0.4
TNR:0.9335463258785942
FPR:0.8125
FPDR:0.8125
F1:0.2553191489361702
BACC:0
CLSFE:0.8125
MCC:0.23349257369966067
GMEAN:0.6110798068594949
SAMPLES:256
AUC:{}
AVGP:{}
CLASS:1
ACC:0.9138461538461539
PREC:0.9759519038076152
REC:0.9335463258785942
TNR:0.4
FPR:0.02404809619238477
FPDR:0.02404809619238477
F1:0.9542782495101241
BACC:0
CLSFE:0.02404809619238477
MCC:0.23349257369966067
GMEAN:0.6110798068594949
SAMPLES:2994
AUC:{}
AVGP:{}
