

GENERAL_METRICS
ACC:0.9190769230769231
PREC:0.5807582796135231
REC:0.6653578257306747
TNR:0.6653578257306747
FPR:0.4192417203864769
FPDR:0.4192417203864769
F1:0.6039705342030923
BACC:0.0
CLSFE:0.08092307692307692
MCC:0.23111913401224093
GMEAN:0.6069962224713673
SAMPLES:3250.0
AUC:{'AUC macro OVO': 0.5807582796135231}
AVGP:{'avg_precision': 0.9376011210353917}


METRICS_PER_CLASSES
CLASS:0
ACC:0.9190769230769231
PREC:0.18410041841004185
REC:0.39285714285714285
TNR:0.9378585086042065
FPR:0.8158995815899581
FPDR:0.8158995815899581
F1:0.25071225071225073
BACC:0
CLSFE:0.8158995815899581
MCC:0.23111913401224093
GMEAN:0.6069962224713673
SAMPLES:239
AUC:{}
AVGP:{}
CLASS:1
ACC:0.9190769230769231
PREC:0.9774161408170043
REC:0.9378585086042065
TNR:0.39285714285714285
FPR:0.022583859182995682
FPDR:0.022583859182995682
F1:0.957228817693934
BACC:0
CLSFE:0.022583859182995682
MCC:0.23111913401224093
GMEAN:0.6069962224713673
SAMPLES:3011
AUC:{}
AVGP:{}
