

GENERAL_METRICS
ACC:0.9163076923076923
PREC:0.5667357125878638
REC:0.6515775542125186
TNR:0.6515775542125186
FPR:0.43326428741213624
FPDR:0.43326428741213624
F1:0.5870887703092537
BACC:0.0
CLSFE:0.08369230769230769
MCC:0.20115303719007557
GMEAN:0.5870816142501118
SAMPLES:3250.0
AUC:{'AUC macro OVO': 0.5667357125878638}
AVGP:{'avg_precision': 0.9340152494492021}


METRICS_PER_CLASSES
CLASS:0
ACC:0.9163076923076923
PREC:0.15510204081632653
REC:0.36893203883495146
TNR:0.9342230695900858
FPR:0.8448979591836735
FPDR:0.8448979591836735
F1:0.21839080459770116
BACC:0
CLSFE:0.8448979591836735
MCC:0.20115303719007557
GMEAN:0.5870816142501118
SAMPLES:245
AUC:{}
AVGP:{}
CLASS:1
ACC:0.9163076923076923
PREC:0.978369384359401
REC:0.9342230695900858
TNR:0.36893203883495146
FPR:0.021630615640599003
FPDR:0.021630615640599003
F1:0.9557867360208062
BACC:0
CLSFE:0.021630615640599003
MCC:0.20115303719007557
GMEAN:0.5870816142501118
SAMPLES:3005
AUC:{}
AVGP:{}
