

GENERAL_METRICS
ACC:0.8573333333333333
PREC:0.7474324976990441
REC:0.7565792582093078
TNR:0.7565792582093078
FPR:0.2525675023009559
FPDR:0.2525675023009559
F1:0.7518391732301726
BACC:0.0
CLSFE:0.14266666666666666
MCC:0.5039287517754747
GMEAN:0.7410180859898602
SAMPLES:1500.0
AUC:{'AUC macro OVO': 0.7474324976990441}
AVGP:{'avg_precision': 0.9020910177612316}


METRICS_PER_CLASSES
CLASS:0
ACC:0.8573333333333333
PREC:0.5767790262172284
REC:0.6039215686274509
TNR:0.9092369477911647
FPR:0.4232209737827715
FPDR:0.4232209737827715
F1:0.5900383141762452
BACC:0
CLSFE:0.4232209737827715
MCC:0.5039287517754747
GMEAN:0.7410180859898602
SAMPLES:267
AUC:{}
AVGP:{}
CLASS:1
ACC:0.8573333333333333
PREC:0.9180859691808597
REC:0.9092369477911647
TNR:0.6039215686274509
FPR:0.08191403081914031
FPDR:0.08191403081914031
F1:0.9136400322841001
BACC:0
CLSFE:0.08191403081914031
MCC:0.5039287517754747
GMEAN:0.7410180859898602
SAMPLES:1233
AUC:{}
AVGP:{}
