

GENERAL_METRICS
ACC:0.8546666666666667
PREC:0.7449985289791115
REC:0.7494850765831556
TNR:0.7494850765831556
FPR:0.2550014710208885
FPDR:0.2550014710208885
F1:0.7472006531036338
BACC:0.0
CLSFE:0.14533333333333334
MCC:0.49446325147624093
GMEAN:0.7321336443541381
SAMPLES:1500.0
AUC:{'AUC macro OVO': 0.7449985289791115}
AVGP:{'avg_precision': 0.9024626528878674}


METRICS_PER_CLASSES
CLASS:0
ACC:0.8546666666666667
PREC:0.5757575757575758
REC:0.5891472868217055
TNR:0.9098228663446055
FPR:0.42424242424242425
FPDR:0.42424242424242425
F1:0.5823754789272031
BACC:0
CLSFE:0.42424242424242425
MCC:0.49446325147624093
GMEAN:0.7321336443541381
SAMPLES:264
AUC:{}
AVGP:{}
CLASS:1
ACC:0.8546666666666667
PREC:0.9142394822006472
REC:0.9098228663446055
TNR:0.5891472868217055
FPR:0.08576051779935275
FPDR:0.08576051779935275
F1:0.9120258272800645
BACC:0
CLSFE:0.08576051779935275
MCC:0.49446325147624093
GMEAN:0.7321336443541381
SAMPLES:1236
AUC:{}
AVGP:{}
