

GENERAL_METRICS
ACC:0.8493333333333334
PREC:0.7229487674626109
REC:0.7185052730500157
TNR:0.7185052730500157
FPR:0.27705123253738895
FPDR:0.27705123253738895
F1:0.7206832795573118
BACC:0.0
CLSFE:0.15066666666666667
MCC:0.441431676754545
GMEAN:0.6918430153274416
SAMPLES:1500.0
AUC:{'AUC macro OVO': 0.7229487674626109}
AVGP:{'avg_precision': 0.9058862318767433}


METRICS_PER_CLASSES
CLASS:0
ACC:0.8493333333333334
PREC:0.5378151260504201
REC:0.5245901639344263
TNR:0.9124203821656051
FPR:0.46218487394957986
FPDR:0.46218487394957986
F1:0.5311203319502075
BACC:0
CLSFE:0.46218487394957986
MCC:0.441431676754545
GMEAN:0.6918430153274416
SAMPLES:238
AUC:{}
AVGP:{}
CLASS:1
ACC:0.8493333333333334
PREC:0.9080824088748018
REC:0.9124203821656051
TNR:0.5245901639344263
FPR:0.0919175911251981
FPDR:0.0919175911251981
F1:0.9102462271644162
BACC:0
CLSFE:0.0919175911251981
MCC:0.441431676754545
GMEAN:0.6918430153274416
SAMPLES:1262
AUC:{}
AVGP:{}
