

GENERAL_METRICS
ACC:0.848
PREC:0.7146691562609406
REC:0.7219950118000429
TNR:0.7219950118000429
FPR:0.2853308437390594
FPDR:0.2853308437390594
F1:0.7182114501728633
BACC:0.0
CLSFE:0.152
MCC:0.4366027112937013
GMEAN:0.6981923168179934
SAMPLES:1500.0
AUC:{'AUC macro OVO': 0.7146691562609406}
AVGP:{'avg_precision': 0.8997825540548725}


METRICS_PER_CLASSES
CLASS:0
ACC:0.848
PREC:0.516260162601626
REC:0.538135593220339
TNR:0.9058544303797469
FPR:0.483739837398374
FPDR:0.483739837398374
F1:0.5269709543568465
BACC:0
CLSFE:0.483739837398374
MCC:0.4366027112937013
GMEAN:0.6981923168179934
SAMPLES:246
AUC:{}
AVGP:{}
CLASS:1
ACC:0.848
PREC:0.9130781499202552
REC:0.9058544303797469
TNR:0.538135593220339
FPR:0.08692185007974482
FPDR:0.08692185007974482
F1:0.90945194598888
BACC:0
CLSFE:0.08692185007974482
MCC:0.4366027112937013
GMEAN:0.6981923168179934
SAMPLES:1254
AUC:{}
AVGP:{}
