

GENERAL_METRICS
ACC:0.855
PREC:0.5673413533896848
REC:0.6664790087568004
TNR:0.6664790087568004
FPR:0.4326586466103151
FPDR:0.4326586466103151
F1:0.5822962758112095
BACC:0.0
CLSFE:0.145
MCC:0.21176328067591083
GMEAN:0.6324741437701491
SAMPLES:2000.0
AUC:{'AUC macro OVO': 0.5673413533896849}
AVGP:{'avg_precision': 0.8760887277085188}


METRICS_PER_CLASSES
CLASS:0
ACC:0.855
PREC:0.16725978647686832
REC:0.4563106796116505
TNR:0.8766473379019505
FPR:0.8327402135231317
FPDR:0.8327402135231317
F1:0.24479166666666666
BACC:0
CLSFE:0.8327402135231317
MCC:0.21176328067591083
GMEAN:0.6324741437701491
SAMPLES:281
AUC:{}
AVGP:{}
CLASS:1
ACC:0.855
PREC:0.9674229203025014
REC:0.8766473379019505
TNR:0.4563106796116505
FPR:0.03257707969749855
FPDR:0.03257707969749855
F1:0.9198008849557522
BACC:0
CLSFE:0.03257707969749855
MCC:0.21176328067591083
GMEAN:0.6324741437701491
SAMPLES:1719
AUC:{}
AVGP:{}
