

GENERAL_METRICS
ACC:0.856
PREC:0.5605362379555928
REC:0.6357763683345079
TNR:0.6357763683345079
FPR:0.43946376204440724
FPDR:0.43946376204440724
F1:0.5732119358395277
BACC:0.0
CLSFE:0.144
MCC:0.18132170903941958
GMEAN:0.585882379855893
SAMPLES:2000.0
AUC:{'AUC macro OVO': 0.5605362379555928}
AVGP:{'avg_precision': 0.8821063512631405}


METRICS_PER_CLASSES
CLASS:0
ACC:0.856
PREC:0.1590909090909091
REC:0.3888888888888889
TNR:0.8826638477801269
FPR:0.8409090909090909
FPDR:0.8409090909090909
F1:0.22580645161290322
BACC:0
CLSFE:0.8409090909090909
MCC:0.18132170903941958
GMEAN:0.585882379855893
SAMPLES:264
AUC:{}
AVGP:{}
CLASS:1
ACC:0.856
PREC:0.9619815668202765
REC:0.8826638477801269
TNR:0.3888888888888889
FPR:0.038018433179723504
FPDR:0.038018433179723504
F1:0.9206174200661521
BACC:0
CLSFE:0.038018433179723504
MCC:0.18132170903941958
GMEAN:0.585882379855893
SAMPLES:1736
AUC:{}
AVGP:{}
