

GENERAL_METRICS
ACC:0.866
PREC:0.5802109092719082
REC:0.6635451505016723
TNR:0.6635451505016723
FPR:0.4197890907280918
FPDR:0.4197890907280918
F1:0.5989752920896381
BACC:0.0
CLSFE:0.134
MCC:0.22906859434457805
GMEAN:0.6228642438129964
SAMPLES:2000.0
AUC:{'AUC macro OVO': 0.5802109092719082}
AVGP:{'avg_precision': 0.8916079212716306}


METRICS_PER_CLASSES
CLASS:0
ACC:0.866
PREC:0.1976284584980237
REC:0.43478260869565216
TNR:0.8923076923076924
FPR:0.8023715415019763
FPDR:0.8023715415019763
F1:0.2717391304347826
BACC:0
CLSFE:0.8023715415019763
MCC:0.22906859434457805
GMEAN:0.6228642438129964
SAMPLES:253
AUC:{}
AVGP:{}
CLASS:1
ACC:0.866
PREC:0.9627933600457927
REC:0.8923076923076924
TNR:0.43478260869565216
FPR:0.03720663995420721
FPDR:0.03720663995420721
F1:0.9262114537444934
BACC:0
CLSFE:0.03720663995420721
MCC:0.22906859434457805
GMEAN:0.6228642438129964
SAMPLES:1747
AUC:{}
AVGP:{}
