

GENERAL_METRICS
ACC:0.86
PREC:0.5647756594036697
REC:0.6391053391053391
TNR:0.6391053391053391
FPR:0.43522434059633025
FPDR:0.43522434059633025
F1:0.5789612975209842
BACC:0.0
CLSFE:0.14
MCC:0.18984878263628055
GMEAN:0.5889433392562113
SAMPLES:2000.0
AUC:{'AUC macro OVO': 0.5647756594036697}
AVGP:{'avg_precision': 0.88671373962429}


METRICS_PER_CLASSES
CLASS:0
ACC:0.86
PREC:0.16796875
REC:0.39090909090909093
TNR:0.8873015873015873
FPR:0.83203125
FPDR:0.83203125
F1:0.23497267759562843
BACC:0
CLSFE:0.83203125
MCC:0.18984878263628055
GMEAN:0.5889433392562113
SAMPLES:256
AUC:{}
AVGP:{}
CLASS:1
ACC:0.86
PREC:0.9615825688073395
REC:0.8873015873015873
TNR:0.39090909090909093
FPR:0.03841743119266055
FPDR:0.03841743119266055
F1:0.9229499174463401
BACC:0
CLSFE:0.03841743119266055
MCC:0.18984878263628055
GMEAN:0.5889433392562113
SAMPLES:1744
AUC:{}
AVGP:{}
