

GENERAL_METRICS
ACC:0.9014545454545455
PREC:0.6276923364067342
REC:0.6946921962336459
TNR:0.6946921962336459
FPR:0.3723076635932659
FPDR:0.3723076635932659
F1:0.6514687883928
BACC:0.0
CLSFE:0.09854545454545455
MCC:0.31534553377038715
GMEAN:0.6538917331308025
SAMPLES:2750.0
AUC:{'AUC macro OVO': 0.6276923364067342}
AVGP:{'avg_precision': 0.9284466734214348}


METRICS_PER_CLASSES
CLASS:0
ACC:0.9014545454545455
PREC:0.29069767441860467
REC:0.4601226993865031
TNR:0.9292616930807885
FPR:0.7093023255813954
FPDR:0.7093023255813954
F1:0.35629453681710216
BACC:0
CLSFE:0.7093023255813954
MCC:0.31534553377038715
GMEAN:0.6538917331308025
SAMPLES:258
AUC:{}
AVGP:{}
CLASS:1
ACC:0.9014545454545455
PREC:0.9646869983948636
REC:0.9292616930807885
TNR:0.4601226993865031
FPR:0.03531300160513644
FPDR:0.03531300160513644
F1:0.9466430399684977
BACC:0
CLSFE:0.03531300160513644
MCC:0.31534553377038715
GMEAN:0.6538917331308025
SAMPLES:2492
AUC:{}
AVGP:{}
