

GENERAL_METRICS
ACC:0.9069090909090909
PREC:0.6245431894412812
REC:0.673140454742954
TNR:0.673140454742954
FPR:0.3754568105587188
FPDR:0.3754568105587188
F1:0.6433644511358639
BACC:0.0
CLSFE:0.09309090909090909
MCC:0.2936900710272738
GMEAN:0.6190677311912299
SAMPLES:2750.0
AUC:{'AUC macro OVO': 0.6245431894412812}
AVGP:{'avg_precision': 0.9367299385772294}


METRICS_PER_CLASSES
CLASS:0
ACC:0.9069090909090909
PREC:0.28634361233480177
REC:0.4088050314465409
TNR:0.937475878039367
FPR:0.7136563876651982
FPDR:0.7136563876651982
F1:0.33678756476683935
BACC:0
CLSFE:0.7136563876651982
MCC:0.2936900710272738
GMEAN:0.6190677311912299
SAMPLES:227
AUC:{}
AVGP:{}
CLASS:1
ACC:0.9069090909090909
PREC:0.9627427665477606
REC:0.937475878039367
TNR:0.4088050314465409
FPR:0.0372572334522394
FPDR:0.0372572334522394
F1:0.9499413375048885
BACC:0
CLSFE:0.0372572334522394
MCC:0.2936900710272738
GMEAN:0.6190677311912299
SAMPLES:2523
AUC:{}
AVGP:{}
