

GENERAL_METRICS
ACC:0.901090909090909
PREC:0.6344309170373131
REC:0.670436668859271
TNR:0.670436668859271
FPR:0.36556908296268686
FPDR:0.36556908296268686
F1:0.6494188226471691
BACC:0.0
CLSFE:0.0989090909090909
MCC:0.30273392734569193
GMEAN:0.6153817497636285
SAMPLES:2750.0
AUC:{'AUC macro OVO': 0.6344309170373131}
AVGP:{'avg_precision': 0.9355178655296739}


METRICS_PER_CLASSES
CLASS:0
ACC:0.901090909090909
PREC:0.31223628691983124
REC:0.40437158469945356
TNR:0.9365017530190884
FPR:0.6877637130801688
FPDR:0.6877637130801688
F1:0.3523809523809524
BACC:0
CLSFE:0.6877637130801688
MCC:0.30273392734569193
GMEAN:0.6153817497636285
SAMPLES:237
AUC:{}
AVGP:{}
CLASS:1
ACC:0.901090909090909
PREC:0.9566255471547951
REC:0.9365017530190884
TNR:0.40437158469945356
FPR:0.043374452845204935
FPDR:0.043374452845204935
F1:0.9464566929133859
BACC:0
CLSFE:0.043374452845204935
MCC:0.30273392734569193
GMEAN:0.6153817497636285
SAMPLES:2513
AUC:{}
AVGP:{}
