

GENERAL_METRICS
ACC:0.8974545454545455
PREC:0.6417532282374028
REC:0.6713733307856413
TNR:0.6713733307856413
FPR:0.3582467717625973
FPDR:0.3582467717625973
F1:0.6545447742045843
BACC:0.0
CLSFE:0.10254545454545455
MCC:0.31172245907320134
GMEAN:0.6171446257976881
SAMPLES:2750.0
AUC:{'AUC macro OVO': 0.6417532282374028}
AVGP:{'avg_precision': 0.9345431493308597}


METRICS_PER_CLASSES
CLASS:0
ACC:0.8974545454545455
PREC:0.3306122448979592
REC:0.40703517587939697
TNR:0.9357114856918856
FPR:0.6693877551020408
FPDR:0.6693877551020408
F1:0.36486486486486486
BACC:0
CLSFE:0.6693877551020408
MCC:0.31172245907320134
GMEAN:0.6171446257976881
SAMPLES:245
AUC:{}
AVGP:{}
CLASS:1
ACC:0.8974545454545455
PREC:0.9528942115768463
REC:0.9357114856918856
TNR:0.40703517587939697
FPR:0.047105788423153695
FPDR:0.047105788423153695
F1:0.9442246835443038
BACC:0
CLSFE:0.047105788423153695
MCC:0.31172245907320134
GMEAN:0.6171446257976881
SAMPLES:2505
AUC:{}
AVGP:{}
