

GENERAL_METRICS
ACC:0.8525714285714285
PREC:0.5238245404624955
REC:0.6715457223817298
TNR:0.6715457223817298
FPR:0.47617545953750445
FPDR:0.47617545953750445
F1:0.5119214404317144
BACC:0.0
CLSFE:0.14742857142857144
MCC:0.1278592664463792
GMEAN:0.644788216176515
SAMPLES:1750.0
AUC:{'AUC macro OVO': 0.5238245404624955}
AVGP:{'avg_precision': 0.8591553451273121}


METRICS_PER_CLASSES
CLASS:0
ACC:0.8525714285714285
PREC:0.058365758754863814
REC:0.4838709677419355
TNR:0.8592204770215242
FPR:0.9416342412451362
FPDR:0.9416342412451362
F1:0.10416666666666667
BACC:0
CLSFE:0.9416342412451362
MCC:0.1278592664463792
GMEAN:0.644788216176515
SAMPLES:257
AUC:{}
AVGP:{}
CLASS:1
ACC:0.8525714285714285
PREC:0.9892833221701273
REC:0.8592204770215242
TNR:0.4838709677419355
FPR:0.010716677829872739
FPDR:0.010716677829872739
F1:0.9196762141967622
BACC:0
CLSFE:0.010716677829872739
MCC:0.1278592664463792
GMEAN:0.644788216176515
SAMPLES:1493
AUC:{}
AVGP:{}
