

GENERAL_METRICS
ACC:0.8491428571428571
PREC:0.5238457773669042
REC:0.6452880200691059
TNR:0.6452880200691059
FPR:0.47615422263309587
FPDR:0.47615422263309587
F1:0.5128555521813949
BACC:0.0
CLSFE:0.15085714285714286
MCC:0.11772010500583488
GMEAN:0.609170852599296
SAMPLES:1750.0
AUC:{'AUC macro OVO': 0.5238457773669041}
AVGP:{'avg_precision': 0.8580570780197825}


METRICS_PER_CLASSES
CLASS:0
ACC:0.8491428571428571
PREC:0.06177606177606178
REC:0.43243243243243246
TNR:0.8581436077057794
FPR:0.9382239382239382
FPDR:0.9382239382239382
F1:0.10810810810810811
BACC:0
CLSFE:0.9382239382239382
MCC:0.11772010500583488
GMEAN:0.609170852599296
SAMPLES:259
AUC:{}
AVGP:{}
CLASS:1
ACC:0.8491428571428571
PREC:0.9859154929577465
REC:0.8581436077057794
TNR:0.43243243243243246
FPR:0.014084507042253521
FPDR:0.014084507042253521
F1:0.9176029962546817
BACC:0
CLSFE:0.014084507042253521
MCC:0.11772010500583488
GMEAN:0.609170852599296
SAMPLES:1491
AUC:{}
AVGP:{}
