

GENERAL_METRICS
ACC:0.848
PREC:0.5144562625502008
REC:0.6005711583236322
TNR:0.6005711583236322
FPR:0.4855437374497992
FPDR:0.4855437374497992
F1:0.49678722153037225
BACC:0.0
CLSFE:0.152
MCC:0.07625963728485047
GMEAN:0.542889131266686
SAMPLES:1750.0
AUC:{'AUC macro OVO': 0.5144562625502008}
AVGP:{'avg_precision': 0.8573406174172826}


METRICS_PER_CLASSES
CLASS:0
ACC:0.848
PREC:0.04296875
REC:0.34375
TNR:0.8573923166472642
FPR:0.95703125
FPDR:0.95703125
F1:0.0763888888888889
BACC:0
CLSFE:0.95703125
MCC:0.07625963728485047
GMEAN:0.542889131266686
SAMPLES:256
AUC:{}
AVGP:{}
CLASS:1
ACC:0.848
PREC:0.9859437751004017
REC:0.8573923166472642
TNR:0.34375
FPR:0.014056224899598393
FPDR:0.014056224899598393
F1:0.9171855541718555
BACC:0
CLSFE:0.014056224899598393
MCC:0.07625963728485047
GMEAN:0.542889131266686
SAMPLES:1494
AUC:{}
AVGP:{}
