

GENERAL_METRICS
ACC:0.8491428571428571
PREC:0.5226913071335386
REC:0.6556361518504792
TNR:0.6556361518504792
FPR:0.4773086928664613
FPDR:0.4773086928664613
F1:0.5098476071651368
BACC:0.0
CLSFE:0.15085714285714286
MCC:0.11885432634483754
GMEAN:0.6240362930717119
SAMPLES:1750.0
AUC:{'AUC macro OVO': 0.5226913071335386}
AVGP:{'avg_precision': 0.8566558923298688}


METRICS_PER_CLASSES
CLASS:0
ACC:0.8491428571428571
PREC:0.05747126436781609
REC:0.45454545454545453
TNR:0.8567268491555038
FPR:0.9425287356321839
FPDR:0.9425287356321839
F1:0.10204081632653061
BACC:0
CLSFE:0.9425287356321839
MCC:0.11885432634483754
GMEAN:0.6240362930717119
SAMPLES:261
AUC:{}
AVGP:{}
CLASS:1
ACC:0.8491428571428571
PREC:0.9879113498992612
REC:0.8567268491555038
TNR:0.45454545454545453
FPR:0.01208865010073875
FPDR:0.01208865010073875
F1:0.9176543980037429
BACC:0
CLSFE:0.01208865010073875
MCC:0.11885432634483754
GMEAN:0.6240362930717119
SAMPLES:1489
AUC:{}
AVGP:{}
