

GENERAL_METRICS
ACC:0.908923076923077
PREC:0.5541457985531442
REC:0.6207834237328731
TNR:0.6207834237328731
FPR:0.4458542014468559
FPDR:0.4458542014468559
F1:0.569286645557832
BACC:0.0
CLSFE:0.09107692307692308
MCC:0.1617394810180766
GMEAN:0.5384974698319458
SAMPLES:3250.0
AUC:{'AUC macro OVO': 0.5541457985531442}
AVGP:{'avg_precision': 0.9294373593128443}


METRICS_PER_CLASSES
CLASS:0
ACC:0.908923076923077
PREC:0.13333333333333333
REC:0.3119266055045872
TNR:0.9296402419611589
FPR:0.8666666666666667
FPDR:0.8666666666666667
F1:0.18681318681318682
BACC:0
CLSFE:0.8666666666666667
MCC:0.1617394810180766
GMEAN:0.5384974698319458
SAMPLES:255
AUC:{}
AVGP:{}
CLASS:1
ACC:0.908923076923077
PREC:0.9749582637729549
REC:0.9296402419611589
TNR:0.3119266055045872
FPR:0.025041736227045076
FPDR:0.025041736227045076
F1:0.9517601043024772
BACC:0
CLSFE:0.025041736227045076
MCC:0.1617394810180766
GMEAN:0.5384974698319458
SAMPLES:2995
AUC:{}
AVGP:{}
