

GENERAL_METRICS
ACC:0.9113846153846153
PREC:0.5619117724380882
REC:0.6273767422508841
TNR:0.6273767422508841
FPR:0.4380882275619118
FPDR:0.4380882275619118
F1:0.5787495341941965
BACC:0.0
CLSFE:0.08861538461538461
MCC:0.17760765614287866
GMEAN:0.547893444896617
SAMPLES:3250.0
AUC:{'AUC macro OVO': 0.5619117724380882}
AVGP:{'avg_precision': 0.9327802150003107}


METRICS_PER_CLASSES
CLASS:0
ACC:0.9113846153846153
PREC:0.14979757085020243
REC:0.3217391304347826
TNR:0.9330143540669856
FPR:0.8502024291497976
FPDR:0.8502024291497976
F1:0.20441988950276244
BACC:0
CLSFE:0.8502024291497976
MCC:0.17760765614287866
GMEAN:0.547893444896617
SAMPLES:247
AUC:{}
AVGP:{}
CLASS:1
ACC:0.9113846153846153
PREC:0.974025974025974
REC:0.9330143540669856
TNR:0.3217391304347826
FPR:0.025974025974025976
FPDR:0.025974025974025976
F1:0.9530791788856305
BACC:0
CLSFE:0.025974025974025976
MCC:0.17760765614287866
GMEAN:0.547893444896617
SAMPLES:3003
AUC:{}
AVGP:{}
