

GENERAL_METRICS
ACC:0.9070769230769231
PREC:0.5522581460762934
REC:0.6251798016503899
TNR:0.6251798016503899
FPR:0.4477418539237066
FPDR:0.4477418539237066
F1:0.5672589392002116
BACC:0.0
CLSFE:0.09292307692307693
MCC:0.1617611122667931
GMEAN:0.547746054322384
SAMPLES:3250.0
AUC:{'AUC macro OVO': 0.5522581460762934}
AVGP:{'avg_precision': 0.9263576887330952}


METRICS_PER_CLASSES
CLASS:0
ACC:0.9070769230769231
PREC:0.12830188679245283
REC:0.3238095238095238
TNR:0.926550079491256
FPR:0.8716981132075472
FPDR:0.8716981132075472
F1:0.1837837837837838
BACC:0
CLSFE:0.8716981132075472
MCC:0.1617611122667931
GMEAN:0.547746054322384
SAMPLES:265
AUC:{}
AVGP:{}
CLASS:1
ACC:0.9070769230769231
PREC:0.976214405360134
REC:0.926550079491256
TNR:0.3238095238095238
FPR:0.023785594639865997
FPDR:0.023785594639865997
F1:0.9507340946166395
BACC:0
CLSFE:0.023785594639865997
MCC:0.1617611122667931
GMEAN:0.547746054322384
SAMPLES:2985
AUC:{}
AVGP:{}
