

GENERAL_METRICS
ACC:0.9153846153846154
PREC:0.5520067051216879
REC:0.6202249300735523
TNR:0.6202249300735523
FPR:0.44799329487831213
FPDR:0.44799329487831213
F1:0.5672489135829369
BACC:0.0
CLSFE:0.08461538461538462
MCC:0.1581455340704982
GMEAN:0.5348070635802794
SAMPLES:3250.0
AUC:{'AUC macro OVO': 0.5520067051216878}
AVGP:{'avg_precision': 0.9341637758571376}


METRICS_PER_CLASSES
CLASS:0
ACC:0.9153846153846154
PREC:0.12658227848101267
REC:0.30612244897959184
TNR:0.9343274111675127
FPR:0.8734177215189873
FPDR:0.8734177215189873
F1:0.1791044776119403
BACC:0
CLSFE:0.8734177215189873
MCC:0.1581455340704982
GMEAN:0.5348070635802794
SAMPLES:237
AUC:{}
AVGP:{}
CLASS:1
ACC:0.9153846153846154
PREC:0.9774311317623631
REC:0.9343274111675127
TNR:0.30612244897959184
FPR:0.022568868237636906
FPDR:0.022568868237636906
F1:0.9553933495539335
BACC:0
CLSFE:0.022568868237636906
MCC:0.1581455340704982
GMEAN:0.5348070635802794
SAMPLES:3013
AUC:{}
AVGP:{}
