

GENERAL_METRICS
ACC:0.7853333333333333
PREC:0.7539534005929118
REC:0.7638480392156863
TNR:0.7638480392156863
FPR:0.24604659940708823
FPDR:0.24604659940708823
F1:0.7582577742898384
BACC:0.0
CLSFE:0.21466666666666667
MCC:0.5177068931300625
GMEAN:0.761512941967708
SAMPLES:750.0
AUC:{'AUC macro OVO': 0.7539534005929118}
AVGP:{'avg_precision': 0.7991113773411606}


METRICS_PER_CLASSES
CLASS:0
ACC:0.7853333333333333
PREC:0.6525096525096525
REC:0.7041666666666667
TNR:0.8235294117647058
FPR:0.3474903474903475
FPDR:0.3474903474903475
F1:0.6773547094188377
BACC:0
CLSFE:0.3474903474903475
MCC:0.5177068931300625
GMEAN:0.761512941967708
SAMPLES:259
AUC:{}
AVGP:{}
CLASS:1
ACC:0.7853333333333333
PREC:0.8553971486761711
REC:0.8235294117647058
TNR:0.7041666666666667
FPR:0.1446028513238289
FPDR:0.1446028513238289
F1:0.8391608391608392
BACC:0
CLSFE:0.1446028513238289
MCC:0.5177068931300625
GMEAN:0.761512941967708
SAMPLES:491
AUC:{}
AVGP:{}
