

GENERAL_METRICS
ACC:0.772
PREC:0.7441159307527718
REC:0.7509999999999999
TNR:0.7509999999999999
FPR:0.2558840692472282
FPDR:0.2558840692472282
F1:0.747178552067419
BACC:0.0
CLSFE:0.228
MCC:0.49506807054766006
GMEAN:0.7483528579487085
SAMPLES:750.0
AUC:{'AUC macro OVO': 0.7441159307527719}
AVGP:{'avg_precision': 0.7870886597938144}


METRICS_PER_CLASSES
CLASS:0
ACC:0.772
PREC:0.6490566037735849
REC:0.688
TNR:0.814
FPR:0.35094339622641507
FPDR:0.35094339622641507
F1:0.6679611650485436
BACC:0
CLSFE:0.35094339622641507
MCC:0.49506807054766006
GMEAN:0.7483528579487085
SAMPLES:265
AUC:{}
AVGP:{}
CLASS:1
ACC:0.772
PREC:0.8391752577319588
REC:0.814
TNR:0.688
FPR:0.16082474226804125
FPDR:0.16082474226804125
F1:0.8263959390862944
BACC:0
CLSFE:0.16082474226804125
MCC:0.49506807054766006
GMEAN:0.7483528579487085
SAMPLES:485
AUC:{}
AVGP:{}
