

GENERAL_METRICS
ACC:0.8026666666666666
PREC:0.7605318966011348
REC:0.7751013738425225
TNR:0.7751013738425225
FPR:0.23946810339886512
FPDR:0.23946810339886512
F1:0.7668380721919742
BACC:0.0
CLSFE:0.19733333333333333
MCC:0.5354350854576874
GMEAN:0.772335319606555
SAMPLES:750.0
AUC:{'AUC macro OVO': 0.7605318966011348}
AVGP:{'avg_precision': 0.8208989179881262}


METRICS_PER_CLASSES
CLASS:0
ACC:0.8026666666666666
PREC:0.6443514644351465
REC:0.7096774193548387
TNR:0.8405253283302064
FPR:0.35564853556485354
FPDR:0.35564853556485354
F1:0.6754385964912281
BACC:0
CLSFE:0.35564853556485354
MCC:0.5354350854576874
GMEAN:0.772335319606555
SAMPLES:239
AUC:{}
AVGP:{}
CLASS:1
ACC:0.8026666666666666
PREC:0.8767123287671232
REC:0.8405253283302064
TNR:0.7096774193548387
FPR:0.1232876712328767
FPDR:0.1232876712328767
F1:0.8582375478927203
BACC:0
CLSFE:0.1232876712328767
MCC:0.5354350854576874
GMEAN:0.772335319606555
SAMPLES:511
AUC:{}
AVGP:{}
