

GENERAL_METRICS
ACC:0.7933333333333333
PREC:0.7593702555668016
REC:0.7722955977453284
TNR:0.7722955977453284
FPR:0.2406297444331984
FPDR:0.2406297444331984
F1:0.764856516963706
BACC:0.0
CLSFE:0.20666666666666667
MCC:0.531508715928237
GMEAN:0.7702946615201542
SAMPLES:750.0
AUC:{'AUC macro OVO': 0.7593702555668016}
AVGP:{'avg_precision': 0.805249156218921}


METRICS_PER_CLASSES
CLASS:0
ACC:0.7933333333333333
PREC:0.65234375
REC:0.7167381974248928
TNR:0.8278529980657641
FPR:0.34765625
FPDR:0.34765625
F1:0.6830265848670757
BACC:0
CLSFE:0.34765625
MCC:0.531508715928237
GMEAN:0.7702946615201542
SAMPLES:256
AUC:{}
AVGP:{}
CLASS:1
ACC:0.7933333333333333
PREC:0.8663967611336032
REC:0.8278529980657641
TNR:0.7167381974248928
FPR:0.13360323886639677
FPDR:0.13360323886639677
F1:0.8466864490603363
BACC:0
CLSFE:0.13360323886639677
MCC:0.531508715928237
GMEAN:0.7702946615201542
SAMPLES:494
AUC:{}
AVGP:{}
