

GENERAL_METRICS
ACC:0.924
PREC:0.5302476138319512
REC:0.6278281114391856
TNR:0.6278281114391856
FPR:0.4697523861680488
FPDR:0.4697523861680488
F1:0.5389684367546657
BACC:0.0
CLSFE:0.076
MCC:0.12436229897650021
GMEAN:0.548322931060694
SAMPLES:3750.0
AUC:{'AUC macro OVO': 0.5302476138319512}
AVGP:{'avg_precision': 0.9335761705334323}


METRICS_PER_CLASSES
CLASS:0
ACC:0.924
PREC:0.07196969696969698
REC:0.3220338983050847
TNR:0.9336223245732864
FPR:0.928030303030303
FPDR:0.928030303030303
F1:0.11764705882352941
BACC:0
CLSFE:0.928030303030303
MCC:0.12436229897650021
GMEAN:0.548322931060694
SAMPLES:264
AUC:{}
AVGP:{}
CLASS:1
ACC:0.924
PREC:0.9885255306942053
REC:0.9336223245732864
TNR:0.3220338983050847
FPR:0.011474469305794608
FPDR:0.011474469305794608
F1:0.9602898146858019
BACC:0
CLSFE:0.011474469305794608
MCC:0.12436229897650021
GMEAN:0.548322931060694
SAMPLES:3486
AUC:{}
AVGP:{}
