

GENERAL_METRICS
ACC:0.9192
PREC:0.5280476234076312
REC:0.6396705146705146
TNR:0.6396705146705146
FPR:0.4719523765923687
FPDR:0.4719523765923687
F1:0.5345563015853965
BACC:0.0
CLSFE:0.0808
MCC:0.12517868822812672
GMEAN:0.5712606976434822
SAMPLES:3750.0
AUC:{'AUC macro OVO': 0.5280476234076312}
AVGP:{'avg_precision': 0.9274485226007029}


METRICS_PER_CLASSES
CLASS:0
ACC:0.9192
PREC:0.06620209059233449
REC:0.35185185185185186
TNR:0.9274891774891775
FPR:0.9337979094076655
FPDR:0.9337979094076655
F1:0.11143695014662756
BACC:0
CLSFE:0.9337979094076655
MCC:0.12517868822812672
GMEAN:0.5712606976434822
SAMPLES:287
AUC:{}
AVGP:{}
CLASS:1
ACC:0.9192
PREC:0.9898931562229281
REC:0.9274891774891775
TNR:0.35185185185185186
FPR:0.010106843777071902
FPDR:0.010106843777071902
F1:0.9576756530241654
BACC:0
CLSFE:0.010106843777071902
MCC:0.12517868822812672
GMEAN:0.5712606976434822
SAMPLES:3463
AUC:{}
AVGP:{}
