

GENERAL_METRICS
ACC:0.9197333333333333
PREC:0.5127014061172518
REC:0.5647297297297298
TNR:0.5647297297297298
FPR:0.4872985938827482
FPDR:0.4872985938827482
F1:0.5101887254231904
BACC:0.0
CLSFE:0.08026666666666667
MCC:0.05734661577311224
GMEAN:0.43115182000299146
SAMPLES:3750.0
AUC:{'AUC macro OVO': 0.5127014061172518}
AVGP:{'avg_precision': 0.9294396132263336}


METRICS_PER_CLASSES
CLASS:0
ACC:0.9197333333333333
PREC:0.03690036900369004
REC:0.2
TNR:0.9294594594594595
FPR:0.9630996309963099
FPDR:0.9630996309963099
F1:0.06230529595015576
BACC:0
CLSFE:0.9630996309963099
MCC:0.05734661577311224
GMEAN:0.43115182000299146
SAMPLES:271
AUC:{}
AVGP:{}
CLASS:1
ACC:0.9197333333333333
PREC:0.9885024432308135
REC:0.9294594594594595
TNR:0.2
FPR:0.011497556769186549
FPDR:0.011497556769186549
F1:0.9580721548962251
BACC:0
CLSFE:0.011497556769186549
MCC:0.05734661577311224
GMEAN:0.43115182000299146
SAMPLES:3479
AUC:{}
AVGP:{}
