

GENERAL_METRICS
ACC:0.9314666666666667
PREC:0.5247135870293448
REC:0.6186904235208945
TNR:0.6186904235208945
FPR:0.4752864129706552
FPDR:0.4752864129706552
F1:0.531312689207426
BACC:0.0
CLSFE:0.06853333333333333
MCC:0.10831927088442603
GMEAN:0.5290119069694753
SAMPLES:3750.0
AUC:{'AUC macro OVO': 0.5247135870293448}
AVGP:{'avg_precision': 0.9394805508308538}


METRICS_PER_CLASSES
CLASS:0
ACC:0.9314666666666667
PREC:0.058823529411764705
REC:0.2978723404255319
TNR:0.9395085066162571
FPR:0.9411764705882353
FPDR:0.9411764705882353
F1:0.09824561403508772
BACC:0
CLSFE:0.9411764705882353
MCC:0.10831927088442603
GMEAN:0.5290119069694753
SAMPLES:238
AUC:{}
AVGP:{}
CLASS:1
ACC:0.9314666666666667
PREC:0.9906036446469249
REC:0.9395085066162571
TNR:0.2978723404255319
FPR:0.00939635535307517
FPDR:0.00939635535307517
F1:0.9643797643797644
BACC:0
CLSFE:0.00939635535307517
MCC:0.10831927088442603
GMEAN:0.5290119069694753
SAMPLES:3512
AUC:{}
AVGP:{}
