

GENERAL_METRICS
ACC:0.896
PREC:0.5669563551499529
REC:0.5778154855076375
TNR:0.5778154855076375
FPR:0.43304364485004704
FPDR:0.43304364485004704
F1:0.5717208672720666
BACC:0.0
CLSFE:0.104
MCC:0.1443640022140616
GMEAN:0.4509081173546605
SAMPLES:3250.0
AUC:{'AUC macro OVO': 0.566956355149953}
AVGP:{'avg_precision': 0.9386688603616438}


METRICS_PER_CLASSES
CLASS:0
ACC:0.896
PREC:0.18421052631578946
REC:0.21649484536082475
TNR:0.9391361256544503
FPR:0.8157894736842105
FPDR:0.8157894736842105
F1:0.1990521327014218
BACC:0
CLSFE:0.8157894736842105
MCC:0.1443640022140616
GMEAN:0.4509081173546605
SAMPLES:228
AUC:{}
AVGP:{}
CLASS:1
ACC:0.896
PREC:0.9497021839841164
REC:0.9391361256544503
TNR:0.21649484536082475
FPR:0.05029781601588352
FPDR:0.05029781601588352
F1:0.9443896018427114
BACC:0
CLSFE:0.05029781601588352
MCC:0.1443640022140616
GMEAN:0.4509081173546605
SAMPLES:3022
AUC:{}
AVGP:{}
