

GENERAL_METRICS
ACC:0.8573333333333333
PREC:0.6673571174105553
REC:0.647238978121015
TNR:0.647238978121015
FPR:0.33264288258944474
FPDR:0.33264288258944474
F1:0.6561793227744246
BACC:0.0
CLSFE:0.14266666666666666
MCC:0.31395216800531184
GMEAN:0.5830384243338598
SAMPLES:2250.0
AUC:{'AUC macro OVO': 0.6673571174105553}
AVGP:{'avg_precision': 0.9249438458786909}


METRICS_PER_CLASSES
CLASS:0
ACC:0.8573333333333333
PREC:0.42448979591836733
REC:0.36619718309859156
TNR:0.9282807731434385
FPR:0.5755102040816327
FPDR:0.5755102040816327
F1:0.3931947069943289
BACC:0
CLSFE:0.5755102040816327
MCC:0.31395216800531184
GMEAN:0.5830384243338598
SAMPLES:245
AUC:{}
AVGP:{}
CLASS:1
ACC:0.8573333333333333
PREC:0.9102244389027432
REC:0.9282807731434385
TNR:0.36619718309859156
FPR:0.08977556109725686
FPDR:0.08977556109725686
F1:0.9191639385545203
BACC:0
CLSFE:0.08977556109725686
MCC:0.31395216800531184
GMEAN:0.5830384243338598
SAMPLES:2005
AUC:{}
AVGP:{}
