

GENERAL_METRICS
ACC:0.8524444444444444
PREC:0.6307198519525208
REC:0.6227347387568383
TNR:0.6227347387568383
FPR:0.36928014804747933
FPDR:0.36928014804747933
F1:0.6265000000000001
BACC:0.0
CLSFE:0.14755555555555555
MCC:0.25332877357082983
GMEAN:0.5465800759383412
SAMPLES:2250.0
AUC:{'AUC macro OVO': 0.6307198519525208}
AVGP:{'avg_precision': 0.9186838061248518}


METRICS_PER_CLASSES
CLASS:0
ACC:0.8524444444444444
PREC:0.34854771784232363
REC:0.32432432432432434
TNR:0.9211451531893521
FPR:0.6514522821576764
FPDR:0.6514522821576764
F1:0.336
BACC:0
CLSFE:0.6514522821576764
MCC:0.25332877357082983
GMEAN:0.5465800759383412
SAMPLES:241
AUC:{}
AVGP:{}
CLASS:1
ACC:0.8524444444444444
PREC:0.9128919860627178
REC:0.9211451531893521
TNR:0.32432432432432434
FPR:0.08710801393728224
FPDR:0.08710801393728224
F1:0.917
BACC:0
CLSFE:0.08710801393728224
MCC:0.25332877357082983
GMEAN:0.5465800759383412
SAMPLES:2009
AUC:{}
AVGP:{}
