

GENERAL_METRICS
ACC:0.8497777777777777
PREC:0.6554403552137691
REC:0.6450906527281273
TNR:0.6450906527281273
FPR:0.3445596447862309
FPDR:0.3445596447862309
F1:0.6499424626006904
BACC:0.0
CLSFE:0.15022222222222223
MCC:0.3003527432753543
GMEAN:0.5837918763274357
SAMPLES:2250.0
AUC:{'AUC macro OVO': 0.6554403552137691}
AVGP:{'avg_precision': 0.9162088591628159}


METRICS_PER_CLASSES
CLASS:0
ACC:0.8497777777777777
PREC:0.4015151515151515
REC:0.3706293706293706
TNR:0.9195519348268839
FPR:0.5984848484848485
FPDR:0.5984848484848485
F1:0.38545454545454544
BACC:0
CLSFE:0.5984848484848485
MCC:0.3003527432753543
GMEAN:0.5837918763274357
SAMPLES:264
AUC:{}
AVGP:{}
CLASS:1
ACC:0.8497777777777777
PREC:0.9093655589123867
REC:0.9195519348268839
TNR:0.3706293706293706
FPR:0.09063444108761329
FPDR:0.09063444108761329
F1:0.9144303797468355
BACC:0
CLSFE:0.09063444108761329
MCC:0.3003527432753543
GMEAN:0.5837918763274357
SAMPLES:1986
AUC:{}
AVGP:{}
