

GENERAL_METRICS
ACC:0.8657777777777778
PREC:0.6666484446535637
REC:0.6677871148459384
TNR:0.6677871148459384
FPR:0.3333515553464363
FPDR:0.3333515553464363
F1:0.6672145342276831
BACC:0.0
CLSFE:0.13422222222222221
MCC:0.33443362104898783
GMEAN:0.6167593994928209
SAMPLES:2250.0
AUC:{'AUC macro OVO': 0.6666484446535637}
AVGP:{'avg_precision': 0.9209471244594176}


METRICS_PER_CLASSES
CLASS:0
ACC:0.8657777777777778
PREC:0.4085603112840467
REC:0.4117647058823529
TNR:0.9238095238095239
FPR:0.5914396887159533
FPDR:0.5914396887159533
F1:0.41015625
BACC:0
CLSFE:0.5914396887159533
MCC:0.33443362104898783
GMEAN:0.6167593994928209
SAMPLES:257
AUC:{}
AVGP:{}
CLASS:1
ACC:0.8657777777777778
PREC:0.9247365780230807
REC:0.9238095238095239
TNR:0.4117647058823529
FPR:0.07526342197691922
FPDR:0.07526342197691922
F1:0.9242728184553661
BACC:0
CLSFE:0.07526342197691922
MCC:0.33443362104898783
GMEAN:0.6167593994928209
SAMPLES:1993
AUC:{}
AVGP:{}
