

GENERAL_METRICS
ACC:0.9266666666666666
PREC:0.4951553149045312
REC:0.4675726587728741
TNR:0.4675726587728741
FPR:0.5048446850954688
FPDR:0.5048446850954688
F1:0.4809688581314879
BACC:0.0
CLSFE:0.07333333333333333
MCC:-0.02506792825334697
GMEAN:0.0
SAMPLES:3750.0
AUC:{'AUC macro OVO': 0.4951553149045312}
AVGP:{'avg_precision': 0.9351510150483922}


METRICS_PER_CLASSES
CLASS:0
ACC:0.9266666666666666
PREC:0.0
REC:0.0
TNR:0.9351453175457481
FPR:1.0
FPDR:1.0
F1:0.0
BACC:0
CLSFE:1.0
MCC:-0.02506792825334697
GMEAN:0
SAMPLES:241
AUC:{}
AVGP:{}
CLASS:1
ACC:0.9266666666666666
PREC:0.9903106298090624
REC:0.9351453175457481
TNR:0.0
FPR:0.00968937019093759
FPDR:0.00968937019093759
F1:0.9619377162629758
BACC:0
CLSFE:0.00968937019093759
MCC:-0.02506792825334697
GMEAN:0
SAMPLES:3509
AUC:{}
AVGP:{}
