

GENERAL_METRICS
ACC:0.9232
PREC:0.4957640688229643
REC:0.47818263607737294
TNR:0.47818263607737294
FPR:0.5042359311770357
FPDR:0.5042359311770357
F1:0.48347601511310917
BACC:0.0
CLSFE:0.0768
MCC:-0.019226736804834086
GMEAN:0.14407891741314885
SAMPLES:3750.0
AUC:{'AUC macro OVO': 0.4957640688229643}
AVGP:{'avg_precision': 0.9341496231525814}


METRICS_PER_CLASSES
CLASS:0
ACC:0.9232
PREC:0.004081632653061225
REC:0.022222222222222223
TNR:0.9341430499325236
FPR:0.9959183673469387
FPDR:0.9959183673469387
F1:0.006896551724137931
BACC:0
CLSFE:0.9959183673469387
MCC:-0.019226736804834086
GMEAN:0.14407891741314885
SAMPLES:245
AUC:{}
AVGP:{}
CLASS:1
ACC:0.9232
PREC:0.9874465049928673
REC:0.9341430499325236
TNR:0.022222222222222223
FPR:0.012553495007132667
FPDR:0.012553495007132667
F1:0.9600554785020804
BACC:0
CLSFE:0.012553495007132667
MCC:-0.019226736804834086
GMEAN:0.14407891741314885
SAMPLES:3505
AUC:{}
AVGP:{}
