

GENERAL_METRICS
ACC:0.9261333333333334
PREC:0.49501140250855186
REC:0.4674293405114401
TNR:0.4674293405114401
FPR:0.5049885974914481
FPDR:0.5049885974914481
F1:0.4808251419077945
BACC:0.0
CLSFE:0.07386666666666666
MCC:-0.025493678449328632
GMEAN:0.0
SAMPLES:3750.0
AUC:{'AUC macro OVO': 0.49501140250855186}
AVGP:{'avg_precision': 0.9348647470141951}


METRICS_PER_CLASSES
CLASS:0
ACC:0.9261333333333334
PREC:0.0
REC:0.0
TNR:0.9348586810228802
FPR:1.0
FPDR:1.0
F1:0.0
BACC:0
CLSFE:1.0
MCC:-0.025493678449328632
GMEAN:0
SAMPLES:242
AUC:{}
AVGP:{}
CLASS:1
ACC:0.9261333333333334
PREC:0.9900228050171037
REC:0.9348586810228802
TNR:0.0
FPR:0.009977194982896237
FPDR:0.009977194982896237
F1:0.961650283815589
BACC:0
CLSFE:0.009977194982896237
MCC:-0.025493678449328632
GMEAN:0
SAMPLES:3508
AUC:{}
AVGP:{}
