

GENERAL_METRICS
ACC:0.9205333333333333
PREC:0.4956921309592188
REC:0.4639784946236559
TNR:0.4639784946236559
FPR:0.5043078690407812
FPDR:0.5043078690407812
F1:0.47931130241599557
BACC:0.0
CLSFE:0.07946666666666667
MCC:-0.02491392605055131
GMEAN:0.0
SAMPLES:3750.0
AUC:{'AUC macro OVO': 0.4956921309592188}
AVGP:{'avg_precision': 0.9279619548770018}


METRICS_PER_CLASSES
CLASS:0
ACC:0.9205333333333333
PREC:0.0
REC:0.0
TNR:0.9279569892473118
FPR:1.0
FPDR:1.0
F1:0.0
BACC:0
CLSFE:1.0
MCC:-0.02491392605055131
GMEAN:0
SAMPLES:268
AUC:{}
AVGP:{}
CLASS:1
ACC:0.9205333333333333
PREC:0.9913842619184376
REC:0.9279569892473118
TNR:0.0
FPR:0.00861573808156232
FPDR:0.00861573808156232
F1:0.9586226048319911
BACC:0
CLSFE:0.00861573808156232
MCC:-0.02491392605055131
GMEAN:0
SAMPLES:3482
AUC:{}
AVGP:{}
