

GENERAL_METRICS
ACC:0.8452
PREC:0.567814272617888
REC:0.5675719314396636
TNR:0.5675719314396636
FPR:0.4321857273821119
FPDR:0.4321857273821119
F1:0.5676926314717083
BACC:0.0
CLSFE:0.1548
MCC:0.13538598716213707
GMEAN:0.4493829686732086
SAMPLES:2500.0
AUC:{'AUC macro OVO': 0.5678142726178881}
AVGP:{'avg_precision': 0.9131007799967332}


METRICS_PER_CLASSES
CLASS:0
ACC:0.8452
PREC:0.2217741935483871
REC:0.22088353413654618
TNR:0.914260328742781
FPR:0.7782258064516129
FPDR:0.7782258064516129
F1:0.22132796780684105
BACC:0
CLSFE:0.7782258064516129
MCC:0.13538598716213707
GMEAN:0.4493829686732086
SAMPLES:248
AUC:{}
AVGP:{}
CLASS:1
ACC:0.8452
PREC:0.9138543516873889
REC:0.914260328742781
TNR:0.22088353413654618
FPR:0.08614564831261101
FPDR:0.08614564831261101
F1:0.9140572951365756
BACC:0
CLSFE:0.08614564831261101
MCC:0.13538598716213707
GMEAN:0.4493829686732086
SAMPLES:2252
AUC:{}
AVGP:{}
