

GENERAL_METRICS
ACC:0.9092
PREC:0.6977107633123885
REC:0.7291222388963483
TNR:0.7291222388963483
FPR:0.3022892366876116
FPDR:0.3022892366876116
F1:0.71181761076233
BACC:0.0
CLSFE:0.0908
MCC:0.42567561707967466
GMEAN:0.6970192024853662
SAMPLES:2500.0
AUC:{'AUC macro OVO': 0.6977107633123885}
AVGP:{'avg_precision': 0.9415560749422167}


METRICS_PER_CLASSES
CLASS:0
ACC:0.9092
PREC:0.43776824034334766
REC:0.5151515151515151
TNR:0.9430929626411816
FPR:0.5622317596566524
FPDR:0.5622317596566524
F1:0.4733178654292343
BACC:0
CLSFE:0.5622317596566524
MCC:0.42567561707967466
GMEAN:0.6970192024853662
SAMPLES:233
AUC:{}
AVGP:{}
CLASS:1
ACC:0.9092
PREC:0.9576532862814292
REC:0.9430929626411816
TNR:0.5151515151515151
FPR:0.0423467137185708
FPDR:0.0423467137185708
F1:0.9503173560954257
BACC:0
CLSFE:0.0423467137185708
MCC:0.42567561707967466
GMEAN:0.6970192024853662
SAMPLES:2267
AUC:{}
AVGP:{}
