

GENERAL_METRICS
ACC:0.8996
PREC:0.6917813610687584
REC:0.7290925667001905
TNR:0.7290925667001905
FPR:0.3082186389312416
FPDR:0.3082186389312416
F1:0.7080546670543763
BACC:0.0
CLSFE:0.1004
MCC:0.4192168138445683
GMEAN:0.6994654584904081
SAMPLES:2500.0
AUC:{'AUC macro OVO': 0.6917813610687584}
AVGP:{'avg_precision': 0.933033909573273}


METRICS_PER_CLASSES
CLASS:0
ACC:0.8996
PREC:0.42911877394636017
REC:0.5233644859813084
TNR:0.9348206474190727
FPR:0.5708812260536399
FPDR:0.5708812260536399
F1:0.47157894736842104
BACC:0
CLSFE:0.5708812260536399
MCC:0.4192168138445683
GMEAN:0.6994654584904081
SAMPLES:261
AUC:{}
AVGP:{}
CLASS:1
ACC:0.8996
PREC:0.9544439481911567
REC:0.9348206474190727
TNR:0.5233644859813084
FPR:0.045556051808843236
FPDR:0.045556051808843236
F1:0.9445303867403315
BACC:0
CLSFE:0.045556051808843236
MCC:0.4192168138445683
GMEAN:0.6994654584904081
SAMPLES:2239
AUC:{}
AVGP:{}
