

GENERAL_METRICS
ACC:0.9164
PREC:0.7219964783963159
REC:0.7768848344434791
TNR:0.7768848344434791
FPR:0.27800352160368413
FPDR:0.27800352160368413
F1:0.7453206011506147
BACC:0.0
CLSFE:0.0836
MCC:0.49585263200995233
GMEAN:0.7589921729772946
SAMPLES:2500.0
AUC:{'AUC macro OVO': 0.7219964783963158}
AVGP:{'avg_precision': 0.941155616543653}


METRICS_PER_CLASSES
CLASS:0
ACC:0.9164
PREC:0.4782608695652174
REC:0.6111111111111112
TNR:0.9426585577758471
FPR:0.5217391304347826
FPDR:0.5217391304347826
F1:0.5365853658536586
BACC:0
CLSFE:0.5217391304347826
MCC:0.49585263200995233
GMEAN:0.7589921729772946
SAMPLES:253
AUC:{}
AVGP:{}
CLASS:1
ACC:0.9164
PREC:0.9657320872274143
REC:0.9426585577758471
TNR:0.6111111111111112
FPR:0.03426791277258567
FPDR:0.03426791277258567
F1:0.9540558364475709
BACC:0
CLSFE:0.03426791277258567
MCC:0.49585263200995233
GMEAN:0.7589921729772946
SAMPLES:2247
AUC:{}
AVGP:{}
