

GENERAL_METRICS
ACC:0.9012
PREC:0.6813997899021965
REC:0.7226086956521739
TNR:0.7226086956521739
FPR:0.31860021009780354
FPDR:0.31860021009780354
F1:0.6990152559052719
BACC:0.0
CLSFE:0.0988
MCC:0.40190133426853086
GMEAN:0.6906235367877476
SAMPLES:2500.0
AUC:{'AUC macro OVO': 0.6813997899021964}
AVGP:{'avg_precision': 0.9336653662497342}


METRICS_PER_CLASSES
CLASS:0
ACC:0.9012
PREC:0.4063745019920319
REC:0.51
TNR:0.9352173913043478
FPR:0.5936254980079682
FPDR:0.5936254980079682
F1:0.4523281596452328
BACC:0
CLSFE:0.5936254980079682
MCC:0.40190133426853086
GMEAN:0.6906235367877476
SAMPLES:251
AUC:{}
AVGP:{}
CLASS:1
ACC:0.9012
PREC:0.9564250778123611
REC:0.9352173913043478
TNR:0.51
FPR:0.04357492218763895
FPDR:0.04357492218763895
F1:0.9457023521653111
BACC:0
CLSFE:0.04357492218763895
MCC:0.40190133426853086
GMEAN:0.6906235367877476
SAMPLES:2249
AUC:{}
AVGP:{}
