

GENERAL_METRICS
ACC:0.8257142857142857
PREC:0.6282920342501297
REC:0.6342892143687705
TNR:0.6342892143687705
FPR:0.37170796574987025
FPDR:0.37170796574987025
F1:0.63114841896564
BACC:0.0
CLSFE:0.1742857142857143
MCC:0.262512753893759
GMEAN:0.5781476442381909
SAMPLES:1750.0
AUC:{'AUC macro OVO': 0.6282920342501297}
AVGP:{'avg_precision': 0.8917165558322797}


METRICS_PER_CLASSES
CLASS:0
ACC:0.8257142857142857
PREC:0.35365853658536583
REC:0.37339055793991416
TNR:0.8951878707976269
FPR:0.6463414634146342
FPDR:0.6463414634146342
F1:0.36325678496868474
BACC:0
CLSFE:0.6463414634146342
MCC:0.262512753893759
GMEAN:0.5781476442381909
SAMPLES:246
AUC:{}
AVGP:{}
CLASS:1
ACC:0.8257142857142857
PREC:0.9029255319148937
REC:0.8951878707976269
TNR:0.37339055793991416
FPR:0.09707446808510638
FPDR:0.09707446808510638
F1:0.8990400529625951
BACC:0
CLSFE:0.09707446808510638
MCC:0.262512753893759
GMEAN:0.5781476442381909
SAMPLES:1504
AUC:{}
AVGP:{}
