

GENERAL_METRICS
ACC:0.8572
PREC:0.6369612495057335
REC:0.6221606251308786
TNR:0.6221606251308786
FPR:0.3630387504942665
FPDR:0.3630387504942665
F1:0.6288177189320431
BACC:0.0
CLSFE:0.1428
MCC:0.2586988353922501
GMEAN:0.5422227297259671
SAMPLES:2500.0
AUC:{'AUC macro OVO': 0.6369612495057335}
AVGP:{'avg_precision': 0.9248026064037643}


METRICS_PER_CLASSES
CLASS:0
ACC:0.8572
PREC:0.3611111111111111
REC:0.3170731707317073
TNR:0.9272480795300497
FPR:0.6388888888888888
FPDR:0.6388888888888888
F1:0.33766233766233766
BACC:0
CLSFE:0.6388888888888888
MCC:0.2586988353922501
GMEAN:0.5422227297259671
SAMPLES:252
AUC:{}
AVGP:{}
CLASS:1
ACC:0.8572
PREC:0.9128113879003559
REC:0.9272480795300497
TNR:0.3170731707317073
FPR:0.08718861209964412
FPDR:0.08718861209964412
F1:0.9199731002017485
BACC:0
CLSFE:0.08718861209964412
MCC:0.2586988353922501
GMEAN:0.5422227297259671
SAMPLES:2248
AUC:{}
AVGP:{}
