

GENERAL_METRICS
ACC:0.852
PREC:0.6331079815973895
REC:0.6234955082390312
TNR:0.6234955082390312
FPR:0.3668920184026106
FPDR:0.3668920184026106
F1:0.6279761904761905
BACC:0.0
CLSFE:0.148
MCC:0.25642338300585
GMEAN:0.5475868990861852
SAMPLES:2500.0
AUC:{'AUC macro OVO': 0.6331079815973895}
AVGP:{'avg_precision': 0.9191023300737624}


METRICS_PER_CLASSES
CLASS:0
ACC:0.852
PREC:0.35447761194029853
REC:0.3253424657534247
TNR:0.9216485507246377
FPR:0.6455223880597015
FPDR:0.6455223880597015
F1:0.3392857142857143
BACC:0
CLSFE:0.6455223880597015
MCC:0.25642338300585
GMEAN:0.5475868990861852
SAMPLES:268
AUC:{}
AVGP:{}
CLASS:1
ACC:0.852
PREC:0.9117383512544803
REC:0.9216485507246377
TNR:0.3253424657534247
FPR:0.08826164874551971
FPDR:0.08826164874551971
F1:0.9166666666666666
BACC:0
CLSFE:0.08826164874551971
MCC:0.25642338300585
GMEAN:0.5475868990861852
SAMPLES:2232
AUC:{}
AVGP:{}
