

GENERAL_METRICS
ACC:0.8592
PREC:0.623093998298861
REC:0.6214313488733807
TNR:0.6214313488733807
FPR:0.3769060017011389
FPDR:0.3769060017011389
F1:0.6222527472527473
BACC:0.0
CLSFE:0.1408
MCC:0.2445196945168084
GMEAN:0.5437681958026127
SAMPLES:2500.0
AUC:{'AUC macro OVO': 0.623093998298861}
AVGP:{'avg_precision': 0.9202312890874433}


METRICS_PER_CLASSES
CLASS:0
ACC:0.8592
PREC:0.32558139534883723
REC:0.32061068702290074
TNR:0.9222520107238605
FPR:0.6744186046511628
FPDR:0.6744186046511628
F1:0.3230769230769231
BACC:0
CLSFE:0.6744186046511628
MCC:0.2445196945168084
GMEAN:0.5437681958026127
SAMPLES:258
AUC:{}
AVGP:{}
CLASS:1
ACC:0.8592
PREC:0.9206066012488849
REC:0.9222520107238605
TNR:0.32061068702290074
FPR:0.07939339875111508
FPDR:0.07939339875111508
F1:0.9214285714285714
BACC:0
CLSFE:0.07939339875111508
MCC:0.2445196945168084
GMEAN:0.5437681958026127
SAMPLES:2242
AUC:{}
AVGP:{}
