

GENERAL_METRICS
ACC:0.8596
PREC:0.6346724887860745
REC:0.6307424226423065
TNR:0.6307424226423065
FPR:0.3653275112139255
FPDR:0.3653275112139255
F1:0.6326569057362037
BACC:0.0
CLSFE:0.1404
MCC:0.2653858130884937
GMEAN:0.5588162340903711
SAMPLES:2500.0
AUC:{'AUC macro OVO': 0.6346724887860745}
AVGP:{'avg_precision': 0.9209603606394496}


METRICS_PER_CLASSES
CLASS:0
ACC:0.8596
PREC:0.34980988593155893
REC:0.3382352941176471
TNR:0.9232495511669659
FPR:0.6501901140684411
FPDR:0.6501901140684411
F1:0.34392523364485983
BACC:0
CLSFE:0.6501901140684411
MCC:0.2653858130884937
GMEAN:0.5588162340903711
SAMPLES:263
AUC:{}
AVGP:{}
CLASS:1
ACC:0.8596
PREC:0.9195350916405901
REC:0.9232495511669659
TNR:0.3382352941176471
FPR:0.08046490835940992
FPDR:0.08046490835940992
F1:0.9213885778275476
BACC:0
CLSFE:0.08046490835940992
MCC:0.2653858130884937
GMEAN:0.5588162340903711
SAMPLES:2237
AUC:{}
AVGP:{}
