

GENERAL_METRICS
ACC:0.948
PREC:0.948
REC:0.9030218024434181
TNR:0.9740012293382506
FPR:0.052
FPDR:0.052
F1:0.9238810535947154
BACC:0.0
CLSFE:0.052
MCC:0.8863599524107556
GMEAN:0.9375615373862831
SAMPLES:750.0
AUC:0.9943093333333333
AVGP:0.9919800178828436


METRICS_PER_CLASSES

======>> CLASS:0
ACC:0.948
PREC:1.0
REC:0.8650519031141869
TNR:1.0
FPR:0.0
FPDR:0.0
F1:0.9276437847866419
BACC:0
CLSFE:0.0
MCC:0.8930721441581752
GMEAN:0.9300816647554057
SAMPLES:250
AUC:1.0
AVGP:1.0

======>> CLASS:1
ACC:0.948
PREC:0.924
REC:0.9203187250996016
TNR:0.9619238476953907
FPR:0.076
FPDR:0.076
F1:0.9221556886227545
BACC:0
CLSFE:0.076
MCC:0.8831208492334293
GMEAN:0.9408913482192964
SAMPLES:250
AUC:0.990896
AVGP:0.9836521660207077

======>> CLASS:2
ACC:0.948
PREC:0.92
REC:0.9236947791164659
TNR:0.9600798403193613
FPR:0.08
FPDR:0.08
F1:0.9218436873747495
BACC:0
CLSFE:0.08
MCC:0.882886863840662
GMEAN:0.9417115991841474
SAMPLES:250
AUC:0.991596
AVGP:0.9822943757300545
