

GENERAL_METRICS
ACC:0.9493333333333333
PREC:0.9493333333333333
REC:0.9053518518518519
TNR:0.9746666666666667
FPR:0.050666666666666665
FPDR:0.050666666666666665
F1:0.9257893432465923
BACC:0.0
CLSFE:0.050666666666666665
MCC:0.8891970175028429
GMEAN:0.9391040436599205
SAMPLES:750.0
AUC:0.993764
AVGP:0.9913312158165155


METRICS_PER_CLASSES

======>> CLASS:0
ACC:0.9493333333333334
PREC:1.0
REC:0.8680555555555556
TNR:1.0
FPR:0.0
FPDR:0.0
F1:0.929368029739777
BACC:0
CLSFE:0.0
MCC:0.8955910525085282
GMEAN:0.9316949906249123
SAMPLES:250
AUC:1.0
AVGP:1.0

======>> CLASS:1
ACC:0.9493333333333334
PREC:0.924
REC:0.924
TNR:0.962
FPR:0.076
FPDR:0.076
F1:0.924
BACC:0
CLSFE:0.076
MCC:0.886
GMEAN:0.9428085701774247
SAMPLES:250
AUC:0.98996
AVGP:0.982467934756972

======>> CLASS:2
ACC:0.9493333333333334
PREC:0.924
REC:0.924
TNR:0.962
FPR:0.076
FPDR:0.076
F1:0.924
BACC:0
CLSFE:0.076
MCC:0.886
GMEAN:0.9428085701774247
SAMPLES:250
AUC:0.990936
AVGP:0.9801660166851743
