

GENERAL_METRICS
ACC:0.9506666666666667
PREC:0.9506666666666667
REC:0.9076979238636459
TNR:0.9753345680049387
FPR:0.04933333333333333
FPDR:0.04933333333333333
F1:0.9276993681531523
BACC:0.0
CLSFE:0.04933333333333333
MCC:0.8920427182233251
GMEAN:0.9406537530643483
SAMPLES:750.0
AUC:0.9937386666666665
AVGP:0.9912521823514975


METRICS_PER_CLASSES

======>> CLASS:0
ACC:0.9506666666666667
PREC:1.0
REC:0.8710801393728222
TNR:1.0
FPR:0.0
FPDR:0.0
F1:0.931098696461825
BACC:0
CLSFE:0.0
MCC:0.8981203755951834
GMEAN:0.9333167411831967
SAMPLES:250
AUC:1.0
AVGP:1.0

======>> CLASS:1
ACC:0.9506666666666667
PREC:0.928
REC:0.9243027888446215
TNR:0.9639278557114228
FPR:0.072
FPDR:0.072
F1:0.9261477045908184
BACC:0
CLSFE:0.072
MCC:0.8891148821467784
GMEAN:0.9439074135099713
SAMPLES:250
AUC:0.99004
AVGP:0.9824015463313904

======>> CLASS:2
ACC:0.9506666666666667
PREC:0.924
REC:0.927710843373494
TNR:0.9620758483033932
FPR:0.076
FPDR:0.076
F1:0.9258517034068137
BACC:0
CLSFE:0.076
MCC:0.8888928969280134
GMEAN:0.9447371044998765
SAMPLES:250
AUC:0.9908720000000001
AVGP:0.9803604545703586
