

GENERAL_METRICS
ACC:0.7773333333333333
PREC:0.7597581246059495
REC:0.7455874156190004
TNR:0.7455874156190004
FPR:0.24024187539405054
FPDR:0.24024187539405054
F1:0.7512170995787077
BACC:0.0
CLSFE:0.22266666666666668
MCC:0.5051468163138848
GMEAN:0.7372394566717441
SAMPLES:750.0
AUC:{'AUC macro OVO': 0.7597581246059494}
AVGP:{'avg_precision': 0.8231864188408269}


METRICS_PER_CLASSES
CLASS:0
ACC:0.7773333333333333
PREC:0.7112970711297071
REC:0.6343283582089553
TNR:0.8568464730290456
FPR:0.28870292887029286
FPDR:0.28870292887029286
F1:0.6706114398422091
BACC:0
CLSFE:0.28870292887029286
MCC:0.5051468163138848
GMEAN:0.7372394566717441
SAMPLES:239
AUC:{}
AVGP:{}
CLASS:1
ACC:0.7773333333333333
PREC:0.8082191780821918
REC:0.8568464730290456
TNR:0.6343283582089553
FPR:0.1917808219178082
FPDR:0.1917808219178082
F1:0.8318227593152064
BACC:0
CLSFE:0.1917808219178082
MCC:0.5051468163138848
GMEAN:0.7372394566717441
SAMPLES:511
AUC:{}
AVGP:{}
