

GENERAL_METRICS
ACC:0.7906666666666666
PREC:0.7750857350128603
REC:0.7587526461488356
TNR:0.7587526461488356
FPR:0.22491426498713973
FPDR:0.22491426498713973
F1:0.7652001730838639
BACC:0.0
CLSFE:0.20933333333333334
MCC:0.5335884625903188
GMEAN:0.750617180786913
SAMPLES:750.0
AUC:{'AUC macro OVO': 0.7750857350128603}
AVGP:{'avg_precision': 0.8358730051316754}


METRICS_PER_CLASSES
CLASS:0
ACC:0.7906666666666666
PREC:0.7330508474576272
REC:0.6479400749063671
TNR:0.8695652173913043
FPR:0.2669491525423729
FPDR:0.2669491525423729
F1:0.6878727634194831
BACC:0
CLSFE:0.2669491525423729
MCC:0.5335884625903188
GMEAN:0.750617180786913
SAMPLES:236
AUC:{}
AVGP:{}
CLASS:1
ACC:0.7906666666666666
PREC:0.8171206225680934
REC:0.8695652173913043
TNR:0.6479400749063671
FPR:0.1828793774319066
FPDR:0.1828793774319066
F1:0.8425275827482447
BACC:0
CLSFE:0.1828793774319066
MCC:0.5335884625903188
GMEAN:0.750617180786913
SAMPLES:514
AUC:{}
AVGP:{}
