

GENERAL_METRICS
ACC:0.9472941176470588
PREC:0.4998758380928731
REC:0.47375853141915747
TNR:0.47375853141915747
FPR:0.5001241619071269
FPDR:0.5001241619071269
F1:0.486466892218463
BACC:0.0
CLSFE:0.05270588235294118
MCC:-0.0036100918463705966
GMEAN:0.0
SAMPLES:4250.0
AUC:{'AUC macro OVO': 0.4998758380928731}
AVGP:{'avg_precision': 0.9475170659048474}


METRICS_PER_CLASSES
CLASS:0
ACC:0.9472941176470588
PREC:0.0
REC:0.0
TNR:0.9475170628383149
FPR:1.0
FPDR:1.0
F1:0.0
BACC:0
CLSFE:1.0
MCC:-0.0036100918463705966
GMEAN:0
SAMPLES:223
AUC:{}
AVGP:{}
CLASS:1
ACC:0.9472941176470588
PREC:0.9997516761857462
REC:0.9475170628383149
TNR:0.0
FPR:0.00024832381425378696
FPDR:0.00024832381425378696
F1:0.972933784436926
BACC:0
CLSFE:0.00024832381425378696
MCC:-0.0036100918463705966
GMEAN:0
SAMPLES:4027
AUC:{}
AVGP:{}
