

GENERAL_METRICS
ACC:0.9418823529411765
PREC:0.49987512487512487
REC:0.47105201223817367
TNR:0.47105201223817367
FPR:0.5001248751248751
FPDR:0.5001248751248751
F1:0.4850357445777293
BACC:0.0
CLSFE:0.05811764705882353
MCC:-0.0038025694400716193
GMEAN:0.0
SAMPLES:4250.0
AUC:{'AUC macro OVO': 0.49987512487512487}
AVGP:{'avg_precision': 0.9421040278785907}


METRICS_PER_CLASSES
CLASS:0
ACC:0.9418823529411765
PREC:0.0
REC:0.0
TNR:0.9421040244763473
FPR:1.0
FPDR:1.0
F1:0.0
BACC:0
CLSFE:1.0
MCC:-0.0038025694400716193
GMEAN:0
SAMPLES:246
AUC:{}
AVGP:{}
CLASS:1
ACC:0.9418823529411765
PREC:0.9997502497502497
REC:0.9421040244763473
TNR:0.0
FPR:0.00024975024975024975
FPDR:0.00024975024975024975
F1:0.9700714891554586
BACC:0
CLSFE:0.00024975024975024975
MCC:-0.0038025694400716193
GMEAN:0
SAMPLES:4004
AUC:{}
AVGP:{}
