

GENERAL_METRICS
ACC:0.9402352941176471
PREC:0.4998749061796347
REC:0.4702282890091786
TNR:0.4702282890091786
FPR:0.5001250938203653
FPDR:0.5001250938203653
F1:0.4845985932573369
BACC:0.0
CLSFE:0.05976470588235294
MCC:-0.0038596668595373158
GMEAN:0.0
SAMPLES:4250.0
AUC:{'AUC macro OVO': 0.4998749061796347}
AVGP:{'avg_precision': 0.9404565815235404}


METRICS_PER_CLASSES
CLASS:0
ACC:0.9402352941176471
PREC:0.0
REC:0.0
TNR:0.9404565780183572
FPR:1.0
FPDR:1.0
F1:0.0
BACC:0
CLSFE:1.0
MCC:-0.0038596668595373158
GMEAN:0
SAMPLES:253
AUC:{}
AVGP:{}
CLASS:1
ACC:0.9402352941176471
PREC:0.9997498123592694
REC:0.9404565780183572
TNR:0.0
FPR:0.0002501876407305479
FPDR:0.0002501876407305479
F1:0.9691971865146738
BACC:0
CLSFE:0.0002501876407305479
MCC:-0.0038596668595373158
GMEAN:0
SAMPLES:3997
AUC:{}
AVGP:{}
