

GENERAL_METRICS
ACC:0.9187692307692308
PREC:0.4998326079678607
REC:0.4595260080024623
TNR:0.4595260080024623
FPR:0.5001673920321392
FPDR:0.5001673920321392
F1:0.47883258499037845
BACC:0.0
CLSFE:0.08123076923076923
MCC:-0.005205775165815902
GMEAN:0.0
SAMPLES:3250.0
AUC:{'AUC macro OVO': 0.4998326079678607}
AVGP:{'avg_precision': 0.9190520243434154}


METRICS_PER_CLASSES
CLASS:0
ACC:0.9187692307692308
PREC:0.0
REC:0.0
TNR:0.9190520160049246
FPR:1.0
FPDR:1.0
F1:0.0
BACC:0
CLSFE:1.0
MCC:-0.005205775165815902
GMEAN:0
SAMPLES:263
AUC:{}
AVGP:{}
CLASS:1
ACC:0.9187692307692308
PREC:0.9996652159357214
REC:0.9190520160049246
TNR:0.0
FPR:0.00033478406427854036
FPDR:0.00033478406427854036
F1:0.9576651699807569
BACC:0
CLSFE:0.00033478406427854036
MCC:-0.005205775165815902
GMEAN:0
SAMPLES:2987
AUC:{}
AVGP:{}
