

GENERAL_METRICS
ACC:0.9215384615384615
PREC:0.49966633299966634
REC:0.46105295566502463
TNR:0.46105295566502463
FPR:0.5003336670003337
FPDR:0.5003336670003337
F1:0.4795836669335468
BACC:0.0
CLSFE:0.07846153846153846
MCC:-0.0072098109420742984
GMEAN:0.0
SAMPLES:3250.0
AUC:{'AUC macro OVO': 0.49966633299966634}
AVGP:{'avg_precision': 0.922105943318587}


METRICS_PER_CLASSES
CLASS:0
ACC:0.9215384615384615
PREC:0.0
REC:0.0
TNR:0.9221059113300493
FPR:1.0
FPDR:1.0
F1:0.0
BACC:0
CLSFE:1.0
MCC:-0.0072098109420742984
GMEAN:0
SAMPLES:253
AUC:{}
AVGP:{}
CLASS:1
ACC:0.9215384615384615
PREC:0.9993326659993327
REC:0.9221059113300493
TNR:0.0
FPR:0.000667334000667334
FPDR:0.000667334000667334
F1:0.9591673338670936
BACC:0
CLSFE:0.000667334000667334
MCC:-0.0072098109420742984
GMEAN:0
SAMPLES:2997
AUC:{}
AVGP:{}
