

GENERAL_METRICS
ACC:0.8146666666666667
PREC:0.7815875017399634
REC:0.7875418060200668
TNR:0.7875418060200668
FPR:0.2184124982600365
FPDR:0.2184124982600365
F1:0.7844020854574294
BACC:0.0
CLSFE:0.18533333333333332
MCC:0.5690981595576912
GMEAN:0.7844112463143816
SAMPLES:750.0
AUC:{'AUC macro OVO': 0.7815875017399635}
AVGP:{'avg_precision': 0.8352591700536905}


METRICS_PER_CLASSES
CLASS:0
ACC:0.8146666666666667
PREC:0.6903765690376569
REC:0.717391304347826
TNR:0.8576923076923076
FPR:0.30962343096234307
FPDR:0.30962343096234307
F1:0.7036247334754797
BACC:0
CLSFE:0.30962343096234307
MCC:0.5690981595576912
GMEAN:0.7844112463143816
SAMPLES:239
AUC:{}
AVGP:{}
CLASS:1
ACC:0.8146666666666667
PREC:0.87279843444227
REC:0.8576923076923076
TNR:0.717391304347826
FPR:0.12720156555772993
FPDR:0.12720156555772993
F1:0.8651794374393792
BACC:0
CLSFE:0.12720156555772993
MCC:0.5690981595576912
GMEAN:0.7844112463143816
SAMPLES:511
AUC:{}
AVGP:{}
