

GENERAL_METRICS
ACC:0.7973333333333333
PREC:0.7773973935032095
REC:0.7783590071907621
TNR:0.7783590071907621
FPR:0.2226026064967905
FPDR:0.2226026064967905
F1:0.7778713056490835
BACC:0.0
CLSFE:0.20266666666666666
MCC:0.5557555687633137
GMEAN:0.7757619926350711
SAMPLES:750.0
AUC:{'AUC macro OVO': 0.7773973935032096}
AVGP:{'avg_precision': 0.8117000783251127}


METRICS_PER_CLASSES
CLASS:0
ACC:0.7973333333333333
PREC:0.7094339622641509
REC:0.714828897338403
TNR:0.8418891170431212
FPR:0.29056603773584905
FPDR:0.29056603773584905
F1:0.7121212121212122
BACC:0
CLSFE:0.29056603773584905
MCC:0.5557555687633137
GMEAN:0.7757619926350711
SAMPLES:265
AUC:{}
AVGP:{}
CLASS:1
ACC:0.7973333333333333
PREC:0.845360824742268
REC:0.8418891170431212
TNR:0.714828897338403
FPR:0.15463917525773196
FPDR:0.15463917525773196
F1:0.8436213991769548
BACC:0
CLSFE:0.15463917525773196
MCC:0.5557555687633137
GMEAN:0.7757619926350711
SAMPLES:485
AUC:{}
AVGP:{}
