

GENERAL_METRICS
ACC:0.7946666666666666
PREC:0.7669692560728745
REC:0.7723093302361594
TNR:0.7723093302361594
FPR:0.2330307439271255
FPDR:0.2330307439271255
F1:0.7694592371994986
BACC:0.0
CLSFE:0.20533333333333334
MCC:0.5392521462724101
GMEAN:0.7695698201536796
SAMPLES:750.0
AUC:{'AUC macro OVO': 0.7669692560728745}
AVGP:{'avg_precision': 0.8112657284236231}


METRICS_PER_CLASSES
CLASS:0
ACC:0.7946666666666666
PREC:0.6796875
REC:0.7073170731707317
TNR:0.8373015873015873
FPR:0.3203125
FPDR:0.3203125
F1:0.6932270916334662
BACC:0
CLSFE:0.3203125
MCC:0.5392521462724101
GMEAN:0.7695698201536796
SAMPLES:256
AUC:{}
AVGP:{}
CLASS:1
ACC:0.7946666666666666
PREC:0.854251012145749
REC:0.8373015873015873
TNR:0.7073170731707317
FPR:0.145748987854251
FPDR:0.145748987854251
F1:0.845691382765531
BACC:0
CLSFE:0.145748987854251
MCC:0.5392521462724101
GMEAN:0.7695698201536796
SAMPLES:494
AUC:{}
AVGP:{}
