

GENERAL_METRICS
ACC:0.784
PREC:0.7629689625616306
REC:0.7610964936251279
TNR:0.7610964936251279
FPR:0.2370310374383694
FPDR:0.2370310374383694
F1:0.7620055003173261
BACC:0.0
CLSFE:0.216
MCC:0.5240621110405875
GMEAN:0.7572233180785986
SAMPLES:750.0
AUC:{'AUC macro OVO': 0.7629689625616305}
AVGP:{'avg_precision': 0.8068279600920609}


METRICS_PER_CLASSES
CLASS:0
ACC:0.784
PREC:0.694980694980695
REC:0.6844106463878327
TNR:0.837782340862423
FPR:0.305019305019305
FPDR:0.305019305019305
F1:0.6896551724137931
BACC:0
CLSFE:0.305019305019305
MCC:0.5240621110405875
GMEAN:0.7572233180785986
SAMPLES:259
AUC:{}
AVGP:{}
CLASS:1
ACC:0.784
PREC:0.8309572301425662
REC:0.837782340862423
TNR:0.6844106463878327
FPR:0.1690427698574338
FPDR:0.1690427698574338
F1:0.8343558282208589
BACC:0
CLSFE:0.1690427698574338
MCC:0.5240621110405875
GMEAN:0.7572233180785986
SAMPLES:491
AUC:{}
AVGP:{}
