

GENERAL_METRICS
ACC:0.774
PREC:0.7070148403031391
REC:0.7028693187695236
TNR:0.7028693187695236
FPR:0.29298515969686095
FPDR:0.29298515969686095
F1:0.7048621993773376
BACC:0.0
CLSFE:0.226
MCC:0.40986319487106687
GMEAN:0.6868003333305898
SAMPLES:1000.0
AUC:{'AUC macro OVO': 0.7070148403031391}
AVGP:{'avg_precision': 0.835631254677158}


METRICS_PER_CLASSES
CLASS:0
ACC:0.774
PREC:0.5708661417322834
REC:0.5534351145038168
TNR:0.8523035230352304
FPR:0.42913385826771655
FPDR:0.42913385826771655
F1:0.562015503875969
BACC:0
CLSFE:0.42913385826771655
MCC:0.40986319487106687
GMEAN:0.6868003333305898
SAMPLES:254
AUC:{}
AVGP:{}
CLASS:1
ACC:0.774
PREC:0.8431635388739946
REC:0.8523035230352304
TNR:0.5534351145038168
FPR:0.15683646112600536
FPDR:0.15683646112600536
F1:0.8477088948787062
BACC:0
CLSFE:0.15683646112600536
MCC:0.40986319487106687
GMEAN:0.6868003333305898
SAMPLES:746
AUC:{}
AVGP:{}
