

GENERAL_METRICS
ACC:0.777
PREC:0.7014691567508338
REC:0.7030928277282087
TNR:0.7030928277282087
FPR:0.29853084324916623
FPDR:0.29853084324916623
F1:0.7022692954196201
BACC:0.0
CLSFE:0.223
MCC:0.4045587262415411
GMEAN:0.6876306265121571
SAMPLES:1000.0
AUC:{'AUC macro OVO': 0.7014691567508338}
AVGP:{'avg_precision': 0.8349399909098657}


METRICS_PER_CLASSES
CLASS:0
ACC:0.777
PREC:0.549800796812749
REC:0.5564516129032258
TNR:0.8497340425531915
FPR:0.450199203187251
FPDR:0.450199203187251
F1:0.5531062124248497
BACC:0
CLSFE:0.450199203187251
MCC:0.4045587262415411
GMEAN:0.6876306265121571
SAMPLES:251
AUC:{}
AVGP:{}
CLASS:1
ACC:0.777
PREC:0.8531375166889186
REC:0.8497340425531915
TNR:0.5564516129032258
FPR:0.14686248331108145
FPDR:0.14686248331108145
F1:0.8514323784143905
BACC:0
CLSFE:0.14686248331108145
MCC:0.4045587262415411
GMEAN:0.6876306265121571
SAMPLES:749
AUC:{}
AVGP:{}
