

GENERAL_METRICS
ACC:0.787
PREC:0.7078562754792264
REC:0.7108104838931377
TNR:0.7108104838931377
FPR:0.2921437245207737
FPDR:0.2921437245207737
F1:0.7092987548979065
BACC:0.0
CLSFE:0.213
MCC:0.4186563364574865
GMEAN:0.6956637976451527
SAMPLES:1000.0
AUC:{'AUC macro OVO': 0.7078562754792264}
AVGP:{'avg_precision': 0.8429052277357139}


METRICS_PER_CLASSES
CLASS:0
ACC:0.787
PREC:0.5532786885245902
REC:0.5648535564853556
TNR:0.8567674113009198
FPR:0.44672131147540983
FPDR:0.44672131147540983
F1:0.5590062111801242
BACC:0
CLSFE:0.44672131147540983
MCC:0.4186563364574865
GMEAN:0.6956637976451527
SAMPLES:244
AUC:{}
AVGP:{}
CLASS:1
ACC:0.787
PREC:0.8624338624338624
REC:0.8567674113009198
TNR:0.5648535564853556
FPR:0.13756613756613756
FPDR:0.13756613756613756
F1:0.8595912986156888
BACC:0
CLSFE:0.13756613756613756
MCC:0.4186563364574865
GMEAN:0.6956637976451527
SAMPLES:756
AUC:{}
AVGP:{}
