

GENERAL_METRICS
ACC:0.773
PREC:0.6997699470114918
REC:0.6928938018160284
TNR:0.6928938018160284
FPR:0.30023005298850824
FPDR:0.30023005298850824
F1:0.6961141432761573
BACC:0.0
CLSFE:0.227
MCC:0.3926035382807098
GMEAN:0.6733316004298228
SAMPLES:1000.0
AUC:{'AUC macro OVO': 0.6997699470114918}
AVGP:{'avg_precision': 0.8408018274866745}


METRICS_PER_CLASSES
CLASS:0
ACC:0.773
PREC:0.5578512396694215
REC:0.5294117647058824
TNR:0.8563758389261745
FPR:0.44214876033057854
FPDR:0.44214876033057854
F1:0.5432595573440644
BACC:0
CLSFE:0.44214876033057854
MCC:0.3926035382807098
GMEAN:0.6733316004298228
SAMPLES:242
AUC:{}
AVGP:{}
CLASS:1
ACC:0.773
PREC:0.841688654353562
REC:0.8563758389261745
TNR:0.5294117647058824
FPR:0.158311345646438
FPDR:0.158311345646438
F1:0.8489687292082502
BACC:0
CLSFE:0.158311345646438
MCC:0.3926035382807098
GMEAN:0.6733316004298228
SAMPLES:758
AUC:{}
AVGP:{}
