

GENERAL_METRICS
ACC:0.868
PREC:0.8140760926527618
REC:0.7816183988932996
TNR:0.7816183988932996
FPR:0.18592390734723824
FPDR:0.18592390734723824
F1:0.7958832244215701
BACC:0.0
CLSFE:0.132
MCC:0.5948095706813548
GMEAN:0.7665090267275747
SAMPLES:1250.0
AUC:{'AUC macro OVO': 0.8140760926527618}
AVGP:{'avg_precision': 0.9223646690239455}


METRICS_PER_CLASSES
CLASS:0
ACC:0.868
PREC:0.7276595744680852
REC:0.6286764705882353
TNR:0.934560327198364
FPR:0.2723404255319149
FPDR:0.2723404255319149
F1:0.6745562130177515
BACC:0
CLSFE:0.2723404255319149
MCC:0.5948095706813548
GMEAN:0.7665090267275747
SAMPLES:235
AUC:{}
AVGP:{}
CLASS:1
ACC:0.868
PREC:0.9004926108374385
REC:0.934560327198364
TNR:0.6286764705882353
FPR:0.09950738916256158
FPDR:0.09950738916256158
F1:0.9172102358253889
BACC:0
CLSFE:0.09950738916256158
MCC:0.5948095706813548
GMEAN:0.7665090267275747
SAMPLES:1015
AUC:{}
AVGP:{}
