

GENERAL_METRICS
ACC:0.844
PREC:0.7715902982006767
REC:0.7589734988258974
TNR:0.7589734988258974
FPR:0.22840970179932327
FPDR:0.22840970179932327
F1:0.7649186256781193
BACC:0.0
CLSFE:0.156
MCC:0.5304137621600633
GMEAN:0.7439795259651643
SAMPLES:1250.0
AUC:{'AUC macro OVO': 0.7715902982006766}
AVGP:{'avg_precision': 0.8971402701715955}


METRICS_PER_CLASSES
CLASS:0
ACC:0.844
PREC:0.6496062992125984
REC:0.6088560885608856
TNR:0.9090909090909091
FPR:0.35039370078740156
FPDR:0.35039370078740156
F1:0.6285714285714286
BACC:0
CLSFE:0.35039370078740156
MCC:0.5304137621600633
GMEAN:0.7439795259651643
SAMPLES:254
AUC:{}
AVGP:{}
CLASS:1
ACC:0.844
PREC:0.893574297188755
REC:0.9090909090909091
TNR:0.6088560885608856
FPR:0.10642570281124498
FPDR:0.10642570281124498
F1:0.9012658227848102
BACC:0
CLSFE:0.10642570281124498
MCC:0.5304137621600633
GMEAN:0.7439795259651643
SAMPLES:996
AUC:{}
AVGP:{}
