

GENERAL_METRICS
ACC:0.8488
PREC:0.7828089010113344
REC:0.7653632116180102
TNR:0.7653632116180102
FPR:0.2171910989886656
FPDR:0.2171910989886656
F1:0.7734158531216822
BACC:0.0
CLSFE:0.1512
MCC:0.5478944359875455
GMEAN:0.750635834395707
SAMPLES:1250.0
AUC:{'AUC macro OVO': 0.7828089010113344}
AVGP:{'avg_precision': 0.9023254716922843}


METRICS_PER_CLASSES
CLASS:0
ACC:0.8488
PREC:0.6719367588932806
REC:0.6159420289855072
TNR:0.9147843942505134
FPR:0.32806324110671936
FPDR:0.32806324110671936
F1:0.6427221172022685
BACC:0
CLSFE:0.32806324110671936
MCC:0.5478944359875455
GMEAN:0.750635834395707
SAMPLES:253
AUC:{}
AVGP:{}
CLASS:1
ACC:0.8488
PREC:0.8936810431293881
REC:0.9147843942505134
TNR:0.6159420289855072
FPR:0.10631895687061184
FPDR:0.10631895687061184
F1:0.9041095890410958
BACC:0
CLSFE:0.10631895687061184
MCC:0.5478944359875455
GMEAN:0.750635834395707
SAMPLES:997
AUC:{}
AVGP:{}
