

GENERAL_METRICS
ACC:0.844
PREC:0.7589711881840351
REC:0.7657243145811592
TNR:0.7657243145811592
FPR:0.24102881181596494
FPDR:0.24102881181596494
F1:0.7622440648803027
BACC:0.0
CLSFE:0.156
MCC:0.5246520426967616
GMEAN:0.7542844765902869
SAMPLES:1250.0
AUC:{'AUC macro OVO': 0.7589711881840351}
AVGP:{'avg_precision': 0.8874149778445086}


METRICS_PER_CLASSES
CLASS:0
ACC:0.844
PREC:0.6121673003802282
REC:0.6338582677165354
TNR:0.8975903614457831
FPR:0.38783269961977185
FPDR:0.38783269961977185
F1:0.6228239845261122
BACC:0
CLSFE:0.38783269961977185
MCC:0.5246520426967616
GMEAN:0.7542844765902869
SAMPLES:263
AUC:{}
AVGP:{}
CLASS:1
ACC:0.844
PREC:0.9057750759878419
REC:0.8975903614457831
TNR:0.6338582677165354
FPR:0.09422492401215805
FPDR:0.09422492401215805
F1:0.9016641452344932
BACC:0
CLSFE:0.09422492401215805
MCC:0.5246520426967616
GMEAN:0.7542844765902869
SAMPLES:987
AUC:{}
AVGP:{}
