

GENERAL_METRICS
ACC:0.8222857142857143
PREC:0.6172860109775997
REC:0.6290346083788707
TNR:0.6290346083788707
FPR:0.3827139890224002
FPDR:0.3827139890224002
F1:0.6225652249594479
BACC:0.0
CLSFE:0.1777142857142857
MCC:0.24604027714839302
GMEAN:0.5727204755981743
SAMPLES:1750.0
AUC:{'AUC macro OVO': 0.6172860109775997}
AVGP:{'avg_precision': 0.8860350631443017}


METRICS_PER_CLASSES
CLASS:0
ACC:0.8222857142857143
PREC:0.32936507936507936
REC:0.3688888888888889
TNR:0.8891803278688525
FPR:0.6706349206349206
FPDR:0.6706349206349206
F1:0.3480083857442348
BACC:0
CLSFE:0.6706349206349206
MCC:0.24604027714839302
GMEAN:0.5727204755981743
SAMPLES:252
AUC:{}
AVGP:{}
CLASS:1
ACC:0.8222857142857143
PREC:0.9052069425901201
REC:0.8891803278688525
TNR:0.3688888888888889
FPR:0.09479305740987984
FPDR:0.09479305740987984
F1:0.8971220641746609
BACC:0
CLSFE:0.09479305740987984
MCC:0.24604027714839302
GMEAN:0.5727204755981743
SAMPLES:1498
AUC:{}
AVGP:{}
