

GENERAL_METRICS
ACC:0.8268571428571428
PREC:0.623256935172823
REC:0.6376968355385622
TNR:0.6376968355385622
FPR:0.37674306482717695
FPDR:0.37674306482717695
F1:0.6296544628994442
BACC:0.0
CLSFE:0.17314285714285715
MCC:0.2605539478225531
GMEAN:0.5853264330734733
SAMPLES:1750.0
AUC:{'AUC macro OVO': 0.623256935172823}
AVGP:{'avg_precision': 0.8876208452342387}


METRICS_PER_CLASSES
CLASS:0
ACC:0.8268571428571428
PREC:0.3373015873015873
REC:0.38461538461538464
TNR:0.8907782864617397
FPR:0.6626984126984127
FPDR:0.6626984126984127
F1:0.3594080338266385
BACC:0
CLSFE:0.6626984126984127
MCC:0.2605539478225531
GMEAN:0.5853264330734733
SAMPLES:252
AUC:{}
AVGP:{}
CLASS:1
ACC:0.8268571428571428
PREC:0.9092122830440588
REC:0.8907782864617397
TNR:0.38461538461538464
FPR:0.09078771695594126
FPDR:0.09078771695594126
F1:0.8999008919722498
BACC:0
CLSFE:0.09078771695594126
MCC:0.2605539478225531
GMEAN:0.5853264330734733
SAMPLES:1498
AUC:{}
AVGP:{}
