

GENERAL_METRICS
ACC:0.808
PREC:0.7833131505127459
REC:0.7569690649982621
TNR:0.7569690649982621
FPR:0.21668684948725417
FPDR:0.21668684948725417
F1:0.7673505590856877
BACC:0.0
CLSFE:0.192
MCC:0.5396395663365399
GMEAN:0.744298219876433
SAMPLES:1000.0
AUC:{'AUC macro OVO': 0.7833131505127459}
AVGP:{'avg_precision': 0.8683872895111581}


METRICS_PER_CLASSES
CLASS:0
ACC:0.808
PREC:0.7303370786516854
REC:0.6190476190476191
TNR:0.8948905109489051
FPR:0.2696629213483146
FPDR:0.2696629213483146
F1:0.6701030927835051
BACC:0
CLSFE:0.2696629213483146
MCC:0.5396395663365399
GMEAN:0.744298219876433
SAMPLES:267
AUC:{}
AVGP:{}
CLASS:1
ACC:0.808
PREC:0.8362892223738063
REC:0.8948905109489051
TNR:0.6190476190476191
FPR:0.16371077762619374
FPDR:0.16371077762619374
F1:0.8645980253878702
BACC:0
CLSFE:0.16371077762619374
MCC:0.5396395663365399
GMEAN:0.744298219876433
SAMPLES:733
AUC:{}
AVGP:{}
