

GENERAL_METRICS
ACC:0.795
PREC:0.7777780643963039
REC:0.7427764952023663
TNR:0.7427764952023663
FPR:0.222221935603696
FPDR:0.222221935603696
F1:0.7547773557821705
BACC:0.0
CLSFE:0.205
MCC:0.5193764912594019
GMEAN:0.7263328019255493
SAMPLES:1000.0
AUC:{'AUC macro OVO': 0.7777780643963039}
AVGP:{'avg_precision': 0.8682376603644814}


METRICS_PER_CLASSES
CLASS:0
ACC:0.795
PREC:0.7414448669201521
REC:0.5873493975903614
TNR:0.8982035928143712
FPR:0.2585551330798479
FPDR:0.2585551330798479
F1:0.6554621848739496
BACC:0
CLSFE:0.2585551330798479
MCC:0.5193764912594019
GMEAN:0.7263328019255493
SAMPLES:263
AUC:{}
AVGP:{}
CLASS:1
ACC:0.795
PREC:0.8141112618724559
REC:0.8982035928143712
TNR:0.5873493975903614
FPR:0.18588873812754408
FPDR:0.18588873812754408
F1:0.8540925266903915
BACC:0
CLSFE:0.18588873812754408
MCC:0.5193764912594019
GMEAN:0.7263328019255493
SAMPLES:737
AUC:{}
AVGP:{}
