

GENERAL_METRICS
ACC:0.811
PREC:0.7833271271644013
REC:0.7574982021236093
TNR:0.7574982021236093
FPR:0.2166728728355986
FPDR:0.2166728728355986
F1:0.7678814205657061
BACC:0.0
CLSFE:0.189
MCC:0.5402082037795449
GMEAN:0.7447093310928389
SAMPLES:1000.0
AUC:{'AUC macro OVO': 0.7833271271644013}
AVGP:{'avg_precision': 0.8710386442825466}


METRICS_PER_CLASSES
CLASS:0
ACC:0.811
PREC:0.7251908396946565
REC:0.6188925081433225
TNR:0.8961038961038961
FPR:0.2748091603053435
FPDR:0.2748091603053435
F1:0.6678383128295254
BACC:0
CLSFE:0.2748091603053435
MCC:0.5402082037795449
GMEAN:0.7447093310928389
SAMPLES:262
AUC:{}
AVGP:{}
CLASS:1
ACC:0.811
PREC:0.8414634146341463
REC:0.8961038961038961
TNR:0.6188925081433225
FPR:0.15853658536585366
FPDR:0.15853658536585366
F1:0.8679245283018868
BACC:0
CLSFE:0.15853658536585366
MCC:0.5402082037795449
GMEAN:0.7447093310928389
SAMPLES:738
AUC:{}
AVGP:{}
