

GENERAL_METRICS
ACC:0.828
PREC:0.8031927119246118
REC:0.7753467807738287
TNR:0.7753467807738287
FPR:0.1968072880753881
FPDR:0.1968072880753881
F1:0.7867063492063492
BACC:0.0
CLSFE:0.172
MCC:0.5778689719392406
GMEAN:0.763860954338394
SAMPLES:1000.0
AUC:{'AUC macro OVO': 0.8031927119246118}
AVGP:{'avg_precision': 0.8841026884668556}


METRICS_PER_CLASSES
CLASS:0
ACC:0.828
PREC:0.751937984496124
REC:0.6423841059602649
TNR:0.9083094555873925
FPR:0.24806201550387597
FPDR:0.24806201550387597
F1:0.6928571428571428
BACC:0
CLSFE:0.24806201550387597
MCC:0.5778689719392406
GMEAN:0.763860954338394
SAMPLES:258
AUC:{}
AVGP:{}
CLASS:1
ACC:0.828
PREC:0.8544474393530997
REC:0.9083094555873925
TNR:0.6423841059602649
FPR:0.14555256064690028
FPDR:0.14555256064690028
F1:0.8805555555555555
BACC:0
CLSFE:0.14555256064690028
MCC:0.5778689719392406
GMEAN:0.763860954338394
SAMPLES:742
AUC:{}
AVGP:{}
