

GENERAL_METRICS
ACC:0.7624
PREC:0.5218236311594454
REC:0.5542624521072796
TNR:0.5542624521072796
FPR:0.4781763688405546
FPDR:0.4781763688405546
F1:0.5101538347862687
BACC:0.0
CLSFE:0.2376
MCC:0.06882452297245055
GMEAN:0.4980806071187067
SAMPLES:1250.0
AUC:{'AUC macro OVO': 0.5218236311594454}
AVGP:{'avg_precision': 0.7969229570625022}


METRICS_PER_CLASSES
CLASS:0
ACC:0.7624
PREC:0.10646387832699619
REC:0.3111111111111111
TNR:0.7974137931034483
FPR:0.8935361216730038
FPDR:0.8935361216730038
F1:0.15864022662889518
BACC:0
CLSFE:0.8935361216730038
MCC:0.06882452297245055
GMEAN:0.4980806071187067
SAMPLES:263
AUC:{}
AVGP:{}
CLASS:1
ACC:0.7624
PREC:0.9371833839918946
REC:0.7974137931034483
TNR:0.3111111111111111
FPR:0.06281661600810537
FPDR:0.06281661600810537
F1:0.8616674429436423
BACC:0
CLSFE:0.06281661600810537
MCC:0.06882452297245055
GMEAN:0.4980806071187067
SAMPLES:987
AUC:{}
AVGP:{}
