

GENERAL_METRICS
ACC:0.7912
PREC:0.5493239702337281
REC:0.6004731160756986
TNR:0.6004731160756986
FPR:0.45067602976627186
FPDR:0.45067602976627186
F1:0.5524267729044313
BACC:0.0
CLSFE:0.2088
MCC:0.14079393433820458
GMEAN:0.5555344898194631
SAMPLES:1250.0
AUC:{'AUC macro OVO': 0.5493239702337281}
AVGP:{'avg_precision': 0.8273632996344039}


METRICS_PER_CLASSES
CLASS:0
ACC:0.7912
PREC:0.16170212765957448
REC:0.37254901960784315
TNR:0.828397212543554
FPR:0.8382978723404255
FPDR:0.8382978723404255
F1:0.22551928783382788
BACC:0
CLSFE:0.8382978723404255
MCC:0.14079393433820458
GMEAN:0.5555344898194631
SAMPLES:235
AUC:{}
AVGP:{}
CLASS:1
ACC:0.7912
PREC:0.9369458128078818
REC:0.828397212543554
TNR:0.37254901960784315
FPR:0.06305418719211822
FPDR:0.06305418719211822
F1:0.8793342579750347
BACC:0
CLSFE:0.06305418719211822
MCC:0.14079393433820458
GMEAN:0.5555344898194631
SAMPLES:1015
AUC:{}
AVGP:{}
