

GENERAL_METRICS
ACC:0.7768
PREC:0.5387771558675648
REC:0.5894053315105947
TNR:0.5894053315105947
FPR:0.46122284413243525
FPDR:0.46122284413243525
F1:0.5354329764659338
BACC:0.0
CLSFE:0.2232
MCC:0.11776051078995246
GMEAN:0.54641064530391
SAMPLES:1250.0
AUC:{'AUC macro OVO': 0.5387771558675647}
AVGP:{'avg_precision': 0.8095709591613206}


METRICS_PER_CLASSES
CLASS:0
ACC:0.7768
PREC:0.1377952755905512
REC:0.3684210526315789
TNR:0.8103896103896104
FPR:0.8622047244094488
FPDR:0.8622047244094488
F1:0.20057306590257878
BACC:0
CLSFE:0.8622047244094488
MCC:0.11776051078995246
GMEAN:0.54641064530391
SAMPLES:254
AUC:{}
AVGP:{}
CLASS:1
ACC:0.7768
PREC:0.9397590361445783
REC:0.8103896103896104
TNR:0.3684210526315789
FPR:0.060240963855421686
FPDR:0.060240963855421686
F1:0.8702928870292888
BACC:0
CLSFE:0.060240963855421686
MCC:0.11776051078995246
GMEAN:0.54641064530391
SAMPLES:996
AUC:{}
AVGP:{}
