

GENERAL_METRICS
ACC:0.7824
PREC:0.5642104178147089
REC:0.6203404438698557
TNR:0.6203404438698557
FPR:0.43578958218529107
FPDR:0.43578958218529107
F1:0.5704988277144474
BACC:0.0
CLSFE:0.2176
MCC:0.17580796547245475
GMEAN:0.5871569517001025
SAMPLES:1250.0
AUC:{'AUC macro OVO': 0.5642104178147089}
AVGP:{'avg_precision': 0.8189270786719132}


METRICS_PER_CLASSES
CLASS:0
ACC:0.7824
PREC:0.1976284584980237
REC:0.42016806722689076
TNR:0.8205128205128205
FPR:0.8023715415019763
FPDR:0.8023715415019763
F1:0.26881720430107525
BACC:0
CLSFE:0.8023715415019763
MCC:0.17580796547245475
GMEAN:0.5871569517001025
SAMPLES:253
AUC:{}
AVGP:{}
CLASS:1
ACC:0.7824
PREC:0.9307923771313942
REC:0.8205128205128205
TNR:0.42016806722689076
FPR:0.06920762286860582
FPDR:0.06920762286860582
F1:0.8721804511278195
BACC:0
CLSFE:0.06920762286860582
MCC:0.17580796547245475
GMEAN:0.5871569517001025
SAMPLES:997
AUC:{}
AVGP:{}
