

GENERAL_METRICS
ACC:0.9261176470588235
PREC:0.5464272060091306
REC:0.6127932177460479
TNR:0.6127932177460479
FPR:0.45357279399086936
FPDR:0.45357279399086936
F1:0.5608932047524221
BACC:0.0
CLSFE:0.07388235294117647
MCC:0.14472973373468906
GMEAN:0.5164924064450022
SAMPLES:4250.0
AUC:{'AUC macro OVO': 0.5464272060091306}
AVGP:{'avg_precision': 0.9424601829057467}


METRICS_PER_CLASSES
CLASS:0
ACC:0.9261176470588235
PREC:0.11194029850746269
REC:0.2830188679245283
TNR:0.9425675675675675
FPR:0.8880597014925373
FPDR:0.8880597014925373
F1:0.16042780748663102
BACC:0
CLSFE:0.8880597014925373
MCC:0.14472973373468906
GMEAN:0.5164924064450022
SAMPLES:268
AUC:{}
AVGP:{}
CLASS:1
ACC:0.9261176470588235
PREC:0.9809141135107986
REC:0.9425675675675675
TNR:0.2830188679245283
FPR:0.019085886489201405
FPDR:0.019085886489201405
F1:0.9613586020182131
BACC:0
CLSFE:0.019085886489201405
MCC:0.14472973373468906
GMEAN:0.5164924064450022
SAMPLES:3982
AUC:{}
AVGP:{}
