

GENERAL_METRICS
ACC:0.9378823529411765
PREC:0.5479895237839627
REC:0.6121802915281176
TNR:0.6121802915281176
FPR:0.4520104762160373
FPDR:0.4520104762160373
F1:0.5634927427750657
BACC:0.0
CLSFE:0.06211764705882353
MCC:0.1467443868552453
GMEAN:0.5087873083803024
SAMPLES:4250.0
AUC:{'AUC macro OVO': 0.5479895237839627}
AVGP:{'avg_precision': 0.9525406676086622}


METRICS_PER_CLASSES
CLASS:0
ACC:0.9378823529411765
PREC:0.11261261261261261
REC:0.2717391304347826
TNR:0.9526214526214526
FPR:0.8873873873873874
FPDR:0.8873873873873874
F1:0.1592356687898089
BACC:0
CLSFE:0.8873873873873874
MCC:0.1467443868552453
GMEAN:0.5087873083803024
SAMPLES:222
AUC:{}
AVGP:{}
CLASS:1
ACC:0.9378823529411765
PREC:0.9833664349553128
REC:0.9526214526214526
TNR:0.2717391304347826
FPR:0.01663356504468719
FPDR:0.01663356504468719
F1:0.9677498167603225
BACC:0
CLSFE:0.01663356504468719
MCC:0.1467443868552453
GMEAN:0.5087873083803024
SAMPLES:4028
AUC:{}
AVGP:{}
