

GENERAL_METRICS
ACC:0.9350588235294117
PREC:0.5588674420207187
REC:0.679965825569964
TNR:0.679965825569964
FPR:0.44113255797928136
FPDR:0.44113255797928136
F1:0.581917150449947
BACC:0.0
CLSFE:0.06494117647058824
MCC:0.20585555909375505
GMEAN:0.626061198239299
SAMPLES:4250.0
AUC:{'AUC macro OVO': 0.5588674420207187}
AVGP:{'avg_precision': 0.9452139192784405}


METRICS_PER_CLASSES
CLASS:0
ACC:0.9350588235294117
PREC:0.1297709923664122
REC:0.4146341463414634
TNR:0.9452975047984645
FPR:0.8702290076335878
FPDR:0.8702290076335878
F1:0.19767441860465115
BACC:0
CLSFE:0.8702290076335878
MCC:0.20585555909375505
GMEAN:0.626061198239299
SAMPLES:262
AUC:{}
AVGP:{}
CLASS:1
ACC:0.9350588235294117
PREC:0.9879638916750251
REC:0.9452975047984645
TNR:0.4146341463414634
FPR:0.012036108324974924
FPDR:0.012036108324974924
F1:0.9661598822952427
BACC:0
CLSFE:0.012036108324974924
MCC:0.20585555909375505
GMEAN:0.626061198239299
SAMPLES:3988
AUC:{}
AVGP:{}
