

GENERAL_METRICS
ACC:0.9291764705882353
PREC:0.5448767656494701
REC:0.6221517792245752
TNR:0.6221517792245752
FPR:0.45512323435052987
FPDR:0.45512323435052987
F1:0.5599492406565967
BACC:0.0
CLSFE:0.0708235294117647
MCC:0.14807804388128679
GMEAN:0.5329002822826518
SAMPLES:4250.0
AUC:{'AUC macro OVO': 0.5448767656494702}
AVGP:{'avg_precision': 0.9431411130426586}


METRICS_PER_CLASSES
CLASS:0
ACC:0.9291764705882353
PREC:0.10606060606060606
REC:0.3010752688172043
TNR:0.9432282896319462
FPR:0.8939393939393939
FPDR:0.8939393939393939
F1:0.1568627450980392
BACC:0
CLSFE:0.8939393939393939
MCC:0.14807804388128679
GMEAN:0.5329002822826518
SAMPLES:264
AUC:{}
AVGP:{}
CLASS:1
ACC:0.9291764705882353
PREC:0.9836929252383342
REC:0.9432282896319462
TNR:0.3010752688172043
FPR:0.01630707476166583
FPDR:0.01630707476166583
F1:0.9630357362151541
BACC:0
CLSFE:0.01630707476166583
MCC:0.14807804388128679
GMEAN:0.5329002822826518
SAMPLES:3986
AUC:{}
AVGP:{}
