

GENERAL_METRICS
ACC:0.9269333333333334
PREC:0.5076208862872226
REC:0.5483582154737554
TNR:0.5483582154737554
FPR:0.4923791137127774
FPDR:0.4923791137127774
F1:0.5019881698562042
BACC:0.0
CLSFE:0.07306666666666667
MCC:0.03839439861117754
GMEAN:0.38929338664317253
SAMPLES:3750.0
AUC:{'AUC macro OVO': 0.5076208862872226}
AVGP:{'avg_precision': 0.9345458191045873}


METRICS_PER_CLASSES
CLASS:0
ACC:0.9269333333333334
PREC:0.024096385542168676
REC:0.16216216216216217
TNR:0.9345542687853488
FPR:0.9759036144578314
FPDR:0.9759036144578314
F1:0.04195804195804196
BACC:0
CLSFE:0.9759036144578314
MCC:0.03839439861117754
GMEAN:0.38929338664317253
SAMPLES:249
AUC:{}
AVGP:{}
CLASS:1
ACC:0.9269333333333334
PREC:0.9911453870322765
REC:0.9345542687853488
TNR:0.16216216216216217
FPR:0.008854612967723507
FPDR:0.008854612967723507
F1:0.9620182977543665
BACC:0
CLSFE:0.008854612967723507
MCC:0.03839439861117754
GMEAN:0.38929338664317253
SAMPLES:3501
AUC:{}
AVGP:{}
