

GENERAL_METRICS
ACC:0.9216
PREC:0.500948599593178
REC:0.5065293484114163
TNR:0.5065293484114163
FPR:0.4990514004068221
FPDR:0.4990514004068221
F1:0.4895833333333333
BACC:0.0
CLSFE:0.0784
MCC:0.004977444021497892
GMEAN:0.27834710996186923
SAMPLES:3750.0
AUC:{'AUC macro OVO': 0.500948599593178}
AVGP:{'avg_precision': 0.9297241767439015}


METRICS_PER_CLASSES
CLASS:0
ACC:0.9216
PREC:0.011363636363636364
REC:0.08333333333333333
TNR:0.9297253634894992
FPR:0.9886363636363636
FPDR:0.9886363636363636
F1:0.02
BACC:0
CLSFE:0.9886363636363636
MCC:0.004977444021497892
GMEAN:0.27834710996186923
SAMPLES:264
AUC:{}
AVGP:{}
CLASS:1
ACC:0.9216
PREC:0.9905335628227194
REC:0.9297253634894992
TNR:0.08333333333333333
FPR:0.00946643717728055
FPDR:0.00946643717728055
F1:0.9591666666666666
BACC:0
CLSFE:0.00946643717728055
MCC:0.004977444021497892
GMEAN:0.27834710996186923
SAMPLES:3486
AUC:{}
AVGP:{}
