

GENERAL_METRICS
ACC:0.9242666666666667
PREC:0.4974009342847229
REC:0.48125321006676935
TNR:0.48125321006676935
FPR:0.5025990657152771
FPDR:0.5025990657152771
F1:0.48381255561737957
BACC:0.0
CLSFE:0.07573333333333333
MCC:-0.013960535661207566
GMEAN:0.16807316136320358
SAMPLES:3750.0
AUC:{'AUC macro OVO': 0.4974009342847229}
AVGP:{'avg_precision': 0.9322064090447179}


METRICS_PER_CLASSES
CLASS:0
ACC:0.9242666666666667
PREC:0.003952569169960474
REC:0.030303030303030304
TNR:0.9322033898305084
FPR:0.9960474308300395
FPDR:0.9960474308300395
F1:0.006993006993006993
BACC:0
CLSFE:0.9960474308300395
MCC:-0.013960535661207566
GMEAN:0.16807316136320358
SAMPLES:253
AUC:{}
AVGP:{}
CLASS:1
ACC:0.9242666666666667
PREC:0.9908492993994853
REC:0.9322033898305084
TNR:0.030303030303030304
FPR:0.009150700600514728
FPDR:0.009150700600514728
F1:0.9606321042417522
BACC:0
CLSFE:0.009150700600514728
MCC:-0.013960535661207566
GMEAN:0.16807316136320358
SAMPLES:3497
AUC:{}
AVGP:{}
