

GENERAL_METRICS
ACC:0.9314666666666667
PREC:0.5005048209075147
REC:0.5021064356572135
TNR:0.5021064356572135
FPR:0.4994951790924853
FPDR:0.4994951790924853
F1:0.49365086787321805
BACC:0.0
CLSFE:0.06853333333333333
MCC:0.0020623993406668865
GMEAN:0.24027896816398536
SAMPLES:3750.0
AUC:{'AUC macro OVO': 0.5005048209075147}
AVGP:{'avg_precision': 0.9429876653939276}


METRICS_PER_CLASSES
CLASS:0
ACC:0.9314666666666667
PREC:0.014018691588785047
REC:0.061224489795918366
TNR:0.9429883815185085
FPR:0.985981308411215
FPDR:0.985981308411215
F1:0.022813688212927757
BACC:0
CLSFE:0.985981308411215
MCC:0.0020623993406668865
GMEAN:0.24027896816398536
SAMPLES:214
AUC:{}
AVGP:{}
CLASS:1
ACC:0.9314666666666667
PREC:0.9869909502262444
REC:0.9429883815185085
TNR:0.061224489795918366
FPR:0.013009049773755657
FPDR:0.013009049773755657
F1:0.9644880475335084
BACC:0
CLSFE:0.013009049773755657
MCC:0.0020623993406668865
GMEAN:0.24027896816398536
SAMPLES:3536
AUC:{}
AVGP:{}
