

GENERAL_METRICS
ACC:0.8955
PREC:0.7672797908381205
REC:0.7592515699261749
TNR:0.7592515699261749
FPR:0.2327202091618795
FPDR:0.2327202091618795
F1:0.7631694499922095
BACC:0.0
CLSFE:0.1045
MCC:0.5264701525607028
GMEAN:0.7367741569973207
SAMPLES:2000.0
AUC:{'AUC macro OVO': 0.7672797908381204}
AVGP:{'avg_precision': 0.9384824398703752}


METRICS_PER_CLASSES
CLASS:0
ACC:0.8955
PREC:0.5967741935483871
REC:0.5758754863813229
TNR:0.942627653471027
FPR:0.4032258064516129
FPDR:0.4032258064516129
F1:0.5861386138613861
BACC:0
CLSFE:0.4032258064516129
MCC:0.5264701525607028
GMEAN:0.7367741569973207
SAMPLES:248
AUC:{}
AVGP:{}
CLASS:1
ACC:0.8955
PREC:0.9377853881278538
REC:0.942627653471027
TNR:0.5758754863813229
FPR:0.062214611872146115
FPDR:0.062214611872146115
F1:0.9402002861230329
BACC:0
CLSFE:0.062214611872146115
MCC:0.5264701525607028
GMEAN:0.7367741569973207
SAMPLES:1752
AUC:{}
AVGP:{}
