

GENERAL_METRICS
ACC:0.8835
PREC:0.7343686312871933
REC:0.7431428571428571
TNR:0.7431428571428571
FPR:0.26563136871280674
FPDR:0.26563136871280674
F1:0.7386249992287754
BACC:0.0
CLSFE:0.1165
MCC:0.47743086886303865
GMEAN:0.7191931987601504
SAMPLES:2000.0
AUC:{'AUC macro OVO': 0.7343686312871933}
AVGP:{'avg_precision': 0.9264057750759879}


METRICS_PER_CLASSES
CLASS:0
ACC:0.8835
PREC:0.5325670498084292
REC:0.556
TNR:0.9302857142857143
FPR:0.4674329501915709
FPDR:0.4674329501915709
F1:0.5440313111545988
BACC:0
CLSFE:0.4674329501915709
MCC:0.47743086886303865
GMEAN:0.7191931987601504
SAMPLES:261
AUC:{}
AVGP:{}
CLASS:1
ACC:0.8835
PREC:0.9361702127659575
REC:0.9302857142857143
TNR:0.556
FPR:0.06382978723404255
FPDR:0.06382978723404255
F1:0.9332186873029521
BACC:0
CLSFE:0.06382978723404255
MCC:0.47743086886303865
GMEAN:0.7191931987601504
SAMPLES:1739
AUC:{}
AVGP:{}
