

GENERAL_METRICS
ACC:0.8905
PREC:0.7690337665162308
REC:0.7615536534411449
TNR:0.7615536534411449
FPR:0.23096623348376924
FPDR:0.23096623348376924
F1:0.7652077562920837
BACC:0.0
CLSFE:0.1095
MCC:0.5305346907841262
GMEAN:0.7405524475796947
SAMPLES:2000.0
AUC:{'AUC macro OVO': 0.7690337665162308}
AVGP:{'avg_precision': 0.9344568307726214}


METRICS_PER_CLASSES
CLASS:0
ACC:0.8905
PREC:0.6037735849056604
REC:0.583941605839416
TNR:0.9391657010428737
FPR:0.39622641509433965
FPDR:0.39622641509433965
F1:0.5936920222634509
BACC:0
CLSFE:0.39622641509433965
MCC:0.5305346907841262
GMEAN:0.7405524475796947
SAMPLES:265
AUC:{}
AVGP:{}
CLASS:1
ACC:0.8905
PREC:0.9342939481268011
REC:0.9391657010428737
TNR:0.583941605839416
FPR:0.06570605187319885
FPDR:0.06570605187319885
F1:0.9367234903207166
BACC:0
CLSFE:0.06570605187319885
MCC:0.5305346907841262
GMEAN:0.7405524475796947
SAMPLES:1735
AUC:{}
AVGP:{}
