

GENERAL_METRICS
ACC:0.8865
PREC:0.7277840813929076
REC:0.731950689880472
TNR:0.731950689880472
FPR:0.2722159186070924
FPDR:0.2722159186070924
F1:0.7298376467073815
BACC:0.0
CLSFE:0.1135
MCC:0.4597158897531148
GMEAN:0.7034420378693889
SAMPLES:2000.0
AUC:{'AUC macro OVO': 0.7277840813929075}
AVGP:{'avg_precision': 0.9307860249652258}


METRICS_PER_CLASSES
CLASS:0
ACC:0.8865
PREC:0.5186721991701245
REC:0.5296610169491526
TNR:0.9342403628117913
FPR:0.48132780082987553
FPDR:0.48132780082987553
F1:0.5241090146750524
BACC:0
CLSFE:0.48132780082987553
MCC:0.4597158897531148
GMEAN:0.7034420378693889
SAMPLES:241
AUC:{}
AVGP:{}
CLASS:1
ACC:0.8865
PREC:0.9368959636156907
REC:0.9342403628117913
TNR:0.5296610169491526
FPR:0.06310403638430927
FPDR:0.06310403638430927
F1:0.9355662787397104
BACC:0
CLSFE:0.06310403638430927
MCC:0.4597158897531148
GMEAN:0.7034420378693889
SAMPLES:1759
AUC:{}
AVGP:{}
