

GENERAL_METRICS
ACC:0.9416470588235294
PREC:0.4975136747886624
REC:0.47304964539007094
TNR:0.47304964539007094
FPR:0.5024863252113376
FPDR:0.5024863252113376
F1:0.484973339796413
BACC:0.0
CLSFE:0.05835294117647059
MCC:-0.016371602990685588
GMEAN:0.0
SAMPLES:4250.0
AUC:{'AUC macro OVO': 0.4975136747886624}
AVGP:{'avg_precision': 0.9461005520948924}


METRICS_PER_CLASSES
CLASS:0
ACC:0.9416470588235294
PREC:0.0
REC:0.0
TNR:0.9460992907801419
FPR:1.0
FPDR:1.0
F1:0.0
BACC:0
CLSFE:1.0
MCC:-0.016371602990685588
GMEAN:0
SAMPLES:228
AUC:{}
AVGP:{}
CLASS:1
ACC:0.9416470588235294
PREC:0.9950273495773247
REC:0.9460992907801419
TNR:0.0
FPR:0.004972650422675286
FPDR:0.004972650422675286
F1:0.969946679592826
BACC:0
CLSFE:0.004972650422675286
MCC:-0.016371602990685588
GMEAN:0
SAMPLES:4022
AUC:{}
AVGP:{}
