

GENERAL_METRICS
ACC:0.9414117647058824
PREC:0.49664846077457797
REC:0.4737153682216434
TNR:0.4737153682216434
FPR:0.5033515392254221
FPDR:0.5033515392254221
F1:0.4849109198884984
BACC:0.0
CLSFE:0.05858823529411765
MCC:-0.018771678074262516
GMEAN:0.0
SAMPLES:4250.0
AUC:{'AUC macro OVO': 0.49664846077457797}
AVGP:{'avg_precision': 0.947432975066637}


METRICS_PER_CLASSES
CLASS:0
ACC:0.9414117647058824
PREC:0.0
REC:0.0
TNR:0.9474307364432868
FPR:1.0
FPDR:1.0
F1:0.0
BACC:0
CLSFE:1.0
MCC:-0.018771678074262516
GMEAN:0
SAMPLES:222
AUC:{}
AVGP:{}
CLASS:1
ACC:0.9414117647058824
PREC:0.9932969215491559
REC:0.9474307364432868
TNR:0.0
FPR:0.0067030784508440916
FPDR:0.0067030784508440916
F1:0.9698218397769968
BACC:0
CLSFE:0.0067030784508440916
MCC:-0.018771678074262516
GMEAN:0
SAMPLES:4028
AUC:{}
AVGP:{}
