

GENERAL_METRICS
ACC:0.9371764705882353
PREC:0.4967572960838114
REC:0.4714725378787879
TNR:0.4714725378787879
FPR:0.5032427039161885
FPDR:0.5032427039161885
F1:0.48378476861411396
BACC:0.0
CLSFE:0.06282352941176471
MCC:-0.01923601966513611
GMEAN:0.0
SAMPLES:4250.0
AUC:{'AUC macro OVO': 0.4967572960838114}
AVGP:{'avg_precision': 0.9429473394365797}


METRICS_PER_CLASSES
CLASS:0
ACC:0.9371764705882353
PREC:0.0
REC:0.0
TNR:0.9429450757575758
FPR:1.0
FPDR:1.0
F1:0.0
BACC:0
CLSFE:1.0
MCC:-0.01923601966513611
GMEAN:0
SAMPLES:241
AUC:{}
AVGP:{}
CLASS:1
ACC:0.9371764705882353
PREC:0.9935145921676228
REC:0.9429450757575758
TNR:0.0
FPR:0.006485407832377151
FPDR:0.006485407832377151
F1:0.9675695372282279
BACC:0
CLSFE:0.006485407832377151
MCC:-0.01923601966513611
GMEAN:0
SAMPLES:4009
AUC:{}
AVGP:{}
