

GENERAL_METRICS
ACC:0.9355294117647058
PREC:0.49712428107026757
REC:0.470309912467471
TNR:0.470309912467471
FPR:0.5028757189297325
FPDR:0.5028757189297325
F1:0.48334548991004134
BACC:0.0
CLSFE:0.06447058823529411
MCC:-0.01848029726413582
GMEAN:0.0
SAMPLES:4250.0
AUC:{'AUC macro OVO': 0.49712428107026757}
AVGP:{'avg_precision': 0.9406216731683303}


METRICS_PER_CLASSES
CLASS:0
ACC:0.9355294117647058
PREC:0.0
REC:0.0
TNR:0.940619824934942
FPR:1.0
FPDR:1.0
F1:0.0
BACC:0
CLSFE:1.0
MCC:-0.01848029726413582
GMEAN:0
SAMPLES:251
AUC:{}
AVGP:{}
CLASS:1
ACC:0.9355294117647058
PREC:0.9942485621405351
REC:0.940619824934942
TNR:0.0
FPR:0.005751437859464866
FPDR:0.005751437859464866
F1:0.9666909798200827
BACC:0
CLSFE:0.005751437859464866
MCC:-0.01848029726413582
GMEAN:0
SAMPLES:3999
AUC:{}
AVGP:{}
