

GENERAL_METRICS
ACC:0.8392
PREC:0.7585782018370189
REC:0.7704837420861761
TNR:0.7704837420861761
FPR:0.24142179816298123
FPDR:0.24142179816298123
F1:0.7641896806588611
BACC:0.0
CLSFE:0.1608
MCC:0.5289279711068092
GMEAN:0.7612435032738611
SAMPLES:1250.0
AUC:{'AUC macro OVO': 0.7585782018370189}
AVGP:{'avg_precision': 0.8786048459652891}


METRICS_PER_CLASSES
CLASS:0
ACC:0.8392
PREC:0.6120996441281139
REC:0.6515151515151515
TNR:0.8894523326572008
FPR:0.3879003558718861
FPDR:0.3879003558718861
F1:0.6311926605504588
BACC:0
CLSFE:0.3879003558718861
MCC:0.5289279711068092
GMEAN:0.7612435032738611
SAMPLES:281
AUC:{}
AVGP:{}
CLASS:1
ACC:0.8392
PREC:0.9050567595459237
REC:0.8894523326572008
TNR:0.6515151515151515
FPR:0.09494324045407637
FPDR:0.09494324045407637
F1:0.8971867007672635
BACC:0
CLSFE:0.09494324045407637
MCC:0.5289279711068092
GMEAN:0.7612435032738611
SAMPLES:969
AUC:{}
AVGP:{}
