

GENERAL_METRICS
ACC:0.8576
PREC:0.7647649043695206
REC:0.7884166592814852
TNR:0.7884166592814852
FPR:0.23523509563047934
FPDR:0.23523509563047934
F1:0.7754711573780683
BACC:0.0
CLSFE:0.1424
MCC:0.5526757067693099
GMEAN:0.7806622956684771
SAMPLES:1250.0
AUC:{'AUC macro OVO': 0.7647649043695207}
AVGP:{'avg_precision': 0.890567908746457}


METRICS_PER_CLASSES
CLASS:0
ACC:0.8576
PREC:0.6053639846743295
REC:0.6781115879828327
TNR:0.8987217305801377
FPR:0.3946360153256705
FPDR:0.3946360153256705
F1:0.6396761133603239
BACC:0
CLSFE:0.3946360153256705
MCC:0.5526757067693099
GMEAN:0.7806622956684771
SAMPLES:261
AUC:{}
AVGP:{}
CLASS:1
ACC:0.8576
PREC:0.9241658240647118
REC:0.8987217305801377
TNR:0.6781115879828327
FPR:0.07583417593528817
FPDR:0.07583417593528817
F1:0.9112662013958126
BACC:0
CLSFE:0.07583417593528817
MCC:0.5526757067693099
GMEAN:0.7806622956684771
SAMPLES:989
AUC:{}
AVGP:{}
