

GENERAL_METRICS
ACC:0.8512
PREC:0.7631112753782037
REC:0.7530986796130787
TNR:0.7530986796130787
FPR:0.23688872462179628
FPDR:0.23688872462179628
F1:0.7578942107038875
BACC:0.0
CLSFE:0.1488
MCC:0.5161128418845496
GMEAN:0.7357957714368403
SAMPLES:1250.0
AUC:{'AUC macro OVO': 0.7631112753782038}
AVGP:{'avg_precision': 0.9040443427898723}


METRICS_PER_CLASSES
CLASS:0
ACC:0.8512
PREC:0.6233766233766234
REC:0.5925925925925926
TNR:0.913604766633565
FPR:0.37662337662337664
FPDR:0.37662337662337664
F1:0.6075949367088608
BACC:0
CLSFE:0.37662337662337664
MCC:0.5161128418845496
GMEAN:0.7357957714368403
SAMPLES:231
AUC:{}
AVGP:{}
CLASS:1
ACC:0.8512
PREC:0.9028459273797841
REC:0.913604766633565
TNR:0.5925925925925926
FPR:0.0971540726202159
FPDR:0.0971540726202159
F1:0.9081934846989141
BACC:0
CLSFE:0.0971540726202159
MCC:0.5161128418845496
GMEAN:0.7357957714368403
SAMPLES:1019
AUC:{}
AVGP:{}
