

GENERAL_METRICS
ACC:0.8464
PREC:0.7547738693467336
REC:0.764169333186215
TNR:0.764169333186215
FPR:0.24522613065326634
FPDR:0.24522613065326634
F1:0.7592768677106027
BACC:0.0
CLSFE:0.1536
MCC:0.5188581431512799
GMEAN:0.7522325690563861
SAMPLES:1250.0
AUC:{'AUC macro OVO': 0.7547738693467337}
AVGP:{'avg_precision': 0.8894187721127984}


METRICS_PER_CLASSES
CLASS:0
ACC:0.8464
PREC:0.6
REC:0.6296296296296297
TNR:0.8987090367428004
FPR:0.4
FPDR:0.4
F1:0.6144578313253012
BACC:0
CLSFE:0.4
MCC:0.5188581431512799
GMEAN:0.7522325690563861
SAMPLES:255
AUC:{}
AVGP:{}
CLASS:1
ACC:0.8464
PREC:0.9095477386934674
REC:0.8987090367428004
TNR:0.6296296296296297
FPR:0.09045226130653267
FPDR:0.09045226130653267
F1:0.9040959040959041
BACC:0
CLSFE:0.09045226130653267
MCC:0.5188581431512799
GMEAN:0.7522325690563861
SAMPLES:995
AUC:{}
AVGP:{}
