

GENERAL_METRICS
ACC:0.8725
PREC:0.5176830357562595
REC:0.6035783618565076
TNR:0.6035783618565076
FPR:0.48231696424374054
FPDR:0.48231696424374054
F1:0.5087457701565945
BACC:0.0
CLSFE:0.1275
MCC:0.08559392212729604
GMEAN:0.5350925353837027
SAMPLES:2000.0
AUC:{'AUC macro OVO': 0.5176830357562595}
AVGP:{'avg_precision': 0.8827778999662121}


METRICS_PER_CLASSES
CLASS:0
ACC:0.8725
PREC:0.049586776859504134
REC:0.32432432432432434
TNR:0.8828323993886907
FPR:0.9504132231404959
FPDR:0.9504132231404959
F1:0.08602150537634409
BACC:0
CLSFE:0.9504132231404959
MCC:0.08559392212729604
GMEAN:0.5350925353837027
SAMPLES:242
AUC:{}
AVGP:{}
CLASS:1
ACC:0.8725
PREC:0.9857792946530148
REC:0.8828323993886907
TNR:0.32432432432432434
FPR:0.01422070534698521
FPDR:0.01422070534698521
F1:0.9314700349368449
BACC:0
CLSFE:0.01422070534698521
MCC:0.08559392212729604
GMEAN:0.5350925353837027
SAMPLES:1758
AUC:{}
AVGP:{}
