

GENERAL_METRICS
ACC:0.8815
PREC:0.5333648645142115
REC:0.7245934959349594
TNR:0.7245934959349594
FPR:0.46663513548578855
FPDR:0.46663513548578855
F1:0.5341390565431349
BACC:0.0
CLSFE:0.1185
MCC:0.1731303735644675
GMEAN:0.7062304389693419
SAMPLES:2000.0
AUC:{'AUC macro OVO': 0.5333648645142114}
AVGP:{'avg_precision': 0.8866297901154112}


METRICS_PER_CLASSES
CLASS:0
ACC:0.8815
PREC:0.07468879668049792
REC:0.5625
TNR:0.8866869918699187
FPR:0.9253112033195021
FPDR:0.9253112033195021
F1:0.13186813186813187
BACC:0
CLSFE:0.9253112033195021
MCC:0.1731303735644675
GMEAN:0.7062304389693419
SAMPLES:241
AUC:{}
AVGP:{}
CLASS:1
ACC:0.8815
PREC:0.992040932347925
REC:0.8866869918699187
TNR:0.5625
FPR:0.007959067652075043
FPDR:0.007959067652075043
F1:0.9364099812181379
BACC:0
CLSFE:0.007959067652075043
MCC:0.1731303735644675
GMEAN:0.7062304389693419
SAMPLES:1759
AUC:{}
AVGP:{}
