

GENERAL_METRICS
ACC:0.862
PREC:0.5365177040250176
REC:0.6854508196721312
TNR:0.6854508196721312
FPR:0.4634822959749823
FPDR:0.4634822959749823
F1:0.5365332688510055
BACC:0.0
CLSFE:0.138
MCC:0.16458721875022747
GMEAN:0.6598869749223204
SAMPLES:2000.0
AUC:{'AUC macro OVO': 0.5365177040250177}
AVGP:{'avg_precision': 0.8707777186109316}


METRICS_PER_CLASSES
CLASS:0
ACC:0.862
PREC:0.08695652173913043
REC:0.5
TNR:0.8709016393442623
FPR:0.9130434782608695
FPDR:0.9130434782608695
F1:0.14814814814814814
BACC:0
CLSFE:0.9130434782608695
MCC:0.16458721875022747
GMEAN:0.6598869749223204
SAMPLES:276
AUC:{}
AVGP:{}
CLASS:1
ACC:0.862
PREC:0.9860788863109049
REC:0.8709016393442623
TNR:0.5
FPR:0.013921113689095127
FPDR:0.013921113689095127
F1:0.9249183895538629
BACC:0
CLSFE:0.013921113689095127
MCC:0.16458721875022747
GMEAN:0.6598869749223204
SAMPLES:1724
AUC:{}
AVGP:{}
