

GENERAL_METRICS
ACC:0.8645
PREC:0.5140430805753387
REC:0.6208162039383529
TNR:0.6208162039383529
FPR:0.48595691942466135
FPDR:0.48595691942466135
F1:0.4978315030125477
BACC:0.0
CLSFE:0.1355
MCC:0.08238037840925073
GMEAN:0.5680577818504602
SAMPLES:2000.0
AUC:{'AUC macro OVO': 0.5140430805753387}
AVGP:{'avg_precision': 0.871230093590663}


METRICS_PER_CLASSES
CLASS:0
ACC:0.8645
PREC:0.03787878787878788
REC:0.37037037037037035
TNR:0.8712620375063356
FPR:0.9621212121212122
FPDR:0.9621212121212122
F1:0.06872852233676977
BACC:0
CLSFE:0.9621212121212122
MCC:0.08238037840925073
GMEAN:0.5680577818504602
SAMPLES:264
AUC:{}
AVGP:{}
CLASS:1
ACC:0.8645
PREC:0.9902073732718893
REC:0.8712620375063356
TNR:0.37037037037037035
FPR:0.009792626728110598
FPDR:0.009792626728110598
F1:0.9269344836883256
BACC:0
CLSFE:0.009792626728110598
MCC:0.08238037840925073
GMEAN:0.5680577818504602
SAMPLES:1736
AUC:{}
AVGP:{}
