

GENERAL_METRICS
ACC:0.8913846153846153
PREC:0.5697436904644997
REC:0.5898435391590652
TNR:0.5898435391590652
FPR:0.43025630953550037
FPDR:0.43025630953550037
F1:0.5777354991849164
BACC:0.0
CLSFE:0.10861538461538461
MCC:0.15831639189098512
GMEAN:0.4802742510096375
SAMPLES:3250.0
AUC:{'AUC macro OVO': 0.5697436904644996}
AVGP:{'avg_precision': 0.9317415308908592}


METRICS_PER_CLASSES
CLASS:0
ACC:0.8913846153846153
PREC:0.18823529411764706
REC:0.24742268041237114
TNR:0.9322643979057592
FPR:0.8117647058823529
FPDR:0.8117647058823529
F1:0.21380846325167038
BACC:0
CLSFE:0.8117647058823529
MCC:0.15831639189098512
GMEAN:0.4802742510096375
SAMPLES:255
AUC:{}
AVGP:{}
CLASS:1
ACC:0.8913846153846153
PREC:0.9512520868113522
REC:0.9322643979057592
TNR:0.24742268041237114
FPR:0.04874791318864775
FPDR:0.04874791318864775
F1:0.9416625351181623
BACC:0
CLSFE:0.04874791318864775
MCC:0.15831639189098512
GMEAN:0.4802742510096375
SAMPLES:2995
AUC:{}
AVGP:{}
