

GENERAL_METRICS
ACC:0.8972307692307693
PREC:0.5674846410981387
REC:0.5858593417322778
TNR:0.5858593417322778
FPR:0.43251535890186127
FPDR:0.43251535890186127
F1:0.5749138471177945
BACC:0.0
CLSFE:0.10276923076923077
MCC:0.1522391127368419
GMEAN:0.4691585203596244
SAMPLES:3250.0
AUC:{'AUC macro OVO': 0.5674846410981388}
AVGP:{'avg_precision': 0.936296728872286}


METRICS_PER_CLASSES
CLASS:0
ACC:0.8972307692307693
PREC:0.18143459915611815
REC:0.23497267759562843
TNR:0.9367460058689273
FPR:0.8185654008438819
FPDR:0.8185654008438819
F1:0.20476190476190476
BACC:0
CLSFE:0.8185654008438819
MCC:0.1522391127368419
GMEAN:0.4691585203596244
SAMPLES:237
AUC:{}
AVGP:{}
CLASS:1
ACC:0.8972307692307693
PREC:0.9535346830401593
REC:0.9367460058689273
TNR:0.23497267759562843
FPR:0.04646531695984069
FPDR:0.04646531695984069
F1:0.9450657894736842
BACC:0
CLSFE:0.04646531695984069
MCC:0.1522391127368419
GMEAN:0.4691585203596244
SAMPLES:3013
AUC:{}
AVGP:{}
