

GENERAL_METRICS
ACC:0.8904615384615384
PREC:0.5500900730065421
REC:0.576957664301627
TNR:0.576957664301627
FPR:0.4499099269934579
FPDR:0.4499099269934579
F1:0.5586287507019214
BACC:0.0
CLSFE:0.10953846153846154
MCC:0.12417431333865246
GMEAN:0.4591196724747016
SAMPLES:3250.0
AUC:{'AUC macro OVO': 0.5500900730065421}
AVGP:{'avg_precision': 0.9260286276312825}


METRICS_PER_CLASSES
CLASS:0
ACC:0.8904615384615384
PREC:0.14339622641509434
REC:0.2275449101796407
TNR:0.9263704184236133
FPR:0.8566037735849057
FPDR:0.8566037735849057
F1:0.17592592592592593
BACC:0
CLSFE:0.8566037735849057
MCC:0.12417431333865246
GMEAN:0.4591196724747016
SAMPLES:265
AUC:{}
AVGP:{}
CLASS:1
ACC:0.8904615384615384
PREC:0.9567839195979899
REC:0.9263704184236133
TNR:0.2275449101796407
FPR:0.04321608040201005
FPDR:0.04321608040201005
F1:0.9413315754779169
BACC:0
CLSFE:0.04321608040201005
MCC:0.12417431333865246
GMEAN:0.4591196724747016
SAMPLES:2985
AUC:{}
AVGP:{}
