

GENERAL_METRICS
ACC:0.92925
PREC:0.5386417566545154
REC:0.6132690060137538
TNR:0.6132690060137538
FPR:0.46135824334548453
FPDR:0.46135824334548453
F1:0.5514627189046181
BACC:0.0
CLSFE:0.07075
MCC:0.1323164897793517
GMEAN:0.5173473422967434
SAMPLES:4000.0
AUC:{'AUC macro OVO': 0.5386417566545155}
AVGP:{'avg_precision': 0.9425164808589285}


METRICS_PER_CLASSES
CLASS:0
ACC:0.92925
PREC:0.09274193548387097
REC:0.2839506172839506
TNR:0.942587394743557
FPR:0.907258064516129
FPDR:0.907258064516129
F1:0.1398176291793313
BACC:0
CLSFE:0.907258064516129
MCC:0.1323164897793517
GMEAN:0.5173473422967434
SAMPLES:248
AUC:{}
AVGP:{}
CLASS:1
ACC:0.92925
PREC:0.9845415778251599
REC:0.942587394743557
TNR:0.2839506172839506
FPR:0.015458422174840085
FPDR:0.015458422174840085
F1:0.9631078086299049
BACC:0
CLSFE:0.015458422174840085
MCC:0.1323164897793517
GMEAN:0.5173473422967434
SAMPLES:3752
AUC:{}
AVGP:{}
