

GENERAL_METRICS
ACC:0.9325
PREC:0.5505553270259153
REC:0.6838609299263958
TNR:0.6838609299263958
FPR:0.4494446729740847
FPDR:0.4494446729740847
F1:0.5708181795060912
BACC:0.0
CLSFE:0.0675
MCC:0.19282271069267573
GMEAN:0.6335739763310458
SAMPLES:4000.0
AUC:{'AUC macro OVO': 0.5505553270259153}
AVGP:{'avg_precision': 0.9411860845605236}


METRICS_PER_CLASSES
CLASS:0
ACC:0.9325
PREC:0.11153846153846154
REC:0.4264705882352941
TNR:0.9412512716174974
FPR:0.8884615384615384
FPDR:0.8884615384615384
F1:0.17682926829268292
BACC:0
CLSFE:0.8884615384615384
MCC:0.19282271069267573
GMEAN:0.6335739763310458
SAMPLES:260
AUC:{}
AVGP:{}
CLASS:1
ACC:0.9325
PREC:0.989572192513369
REC:0.9412512716174974
TNR:0.4264705882352941
FPR:0.010427807486631016
FPDR:0.010427807486631016
F1:0.9648070907194994
BACC:0
CLSFE:0.010427807486631016
MCC:0.19282271069267573
GMEAN:0.6335739763310458
SAMPLES:3740
AUC:{}
AVGP:{}
