

GENERAL_METRICS
ACC:0.9415
PREC:0.5681663027695362
REC:0.6900695531845162
TNR:0.6900695531845162
FPR:0.43183369723046383
FPDR:0.43183369723046383
F1:0.5948051948051948
BACC:0.0
CLSFE:0.0585
MCC:0.2276518281028834
GMEAN:0.6386037261527026
SAMPLES:4000.0
AUC:{'AUC macro OVO': 0.5681663027695362}
AVGP:{'avg_precision': 0.9514824308229959}


METRICS_PER_CLASSES
CLASS:0
ACC:0.9415
PREC:0.14798206278026907
REC:0.42857142857142855
TNR:0.9515676777976039
FPR:0.852017937219731
FPDR:0.852017937219731
F1:0.22
BACC:0
CLSFE:0.852017937219731
MCC:0.2276518281028834
GMEAN:0.6386037261527026
SAMPLES:223
AUC:{}
AVGP:{}
CLASS:1
ACC:0.9415
PREC:0.9883505427588033
REC:0.9515676777976039
TNR:0.42857142857142855
FPR:0.011649457241196717
FPDR:0.011649457241196717
F1:0.9696103896103896
BACC:0
CLSFE:0.011649457241196717
MCC:0.2276518281028834
GMEAN:0.6386037261527026
SAMPLES:3777
AUC:{}
AVGP:{}
