

GENERAL_METRICS
ACC:0.94175
PREC:0.5657669446341291
REC:0.7402275594292174
TNR:0.7402275594292174
FPR:0.4342330553658709
FPDR:0.4342330553658709
F1:0.5952399875097661
BACC:0.0
CLSFE:0.05825
MCC:0.25138840546511526
GMEAN:0.7104122246443472
SAMPLES:4000.0
AUC:{'AUC macro OVO': 0.5657669446341291}
AVGP:{'avg_precision': 0.9481396627462582}


METRICS_PER_CLASSES
CLASS:0
ACC:0.94175
PREC:0.13924050632911392
REC:0.532258064516129
TNR:0.9481970543423057
FPR:0.8607594936708861
FPDR:0.8607594936708861
F1:0.22073578595317725
BACC:0
CLSFE:0.8607594936708861
MCC:0.25138840546511526
GMEAN:0.7104122246443472
SAMPLES:237
AUC:{}
AVGP:{}
CLASS:1
ACC:0.94175
PREC:0.9922933829391443
REC:0.9481970543423057
TNR:0.532258064516129
FPR:0.0077066170608557005
FPDR:0.0077066170608557005
F1:0.9697441890663551
BACC:0
CLSFE:0.0077066170608557005
MCC:0.25138840546511526
GMEAN:0.7104122246443472
SAMPLES:3763
AUC:{}
AVGP:{}
