

GENERAL_METRICS
ACC:0.769
PREC:0.7294442305223976
REC:0.7096783274528939
TNR:0.7096783274528939
FPR:0.27055576947760235
FPDR:0.27055576947760235
F1:0.717490286435498
BACC:0.0
CLSFE:0.231
MCC:0.4386774783352917
GMEAN:0.6926602123747773
SAMPLES:1000.0
AUC:{'AUC macro OVO': 0.7294442305223976}
AVGP:{'avg_precision': 0.8400867838464865}


METRICS_PER_CLASSES
CLASS:0
ACC:0.769
PREC:0.6452830188679245
REC:0.5551948051948052
TNR:0.8641618497109826
FPR:0.35471698113207545
FPDR:0.35471698113207545
F1:0.5968586387434555
BACC:0
CLSFE:0.35471698113207545
MCC:0.4386774783352917
GMEAN:0.6926602123747773
SAMPLES:265
AUC:{}
AVGP:{}
CLASS:1
ACC:0.769
PREC:0.8136054421768707
REC:0.8641618497109826
TNR:0.5551948051948052
FPR:0.18639455782312925
FPDR:0.18639455782312925
F1:0.8381219341275403
BACC:0
CLSFE:0.18639455782312925
MCC:0.4386774783352917
GMEAN:0.6926602123747773
SAMPLES:735
AUC:{}
AVGP:{}
