

GENERAL_METRICS
ACC:0.773
PREC:0.7072598171773645
REC:0.6919598041425088
TNR:0.6919598041425088
FPR:0.2927401828226355
FPDR:0.2927401828226355
F1:0.6985355734663495
BACC:0.0
CLSFE:0.227
MCC:0.39892632859704347
GMEAN:0.6699425432128417
SAMPLES:1000.0
AUC:{'AUC macro OVO': 0.7072598171773645}
AVGP:{'avg_precision': 0.847990643558876}


METRICS_PER_CLASSES
CLASS:0
ACC:0.773
PREC:0.5822784810126582
REC:0.518796992481203
TNR:0.8651226158038147
FPR:0.4177215189873418
FPDR:0.4177215189873418
F1:0.5487077534791253
BACC:0
CLSFE:0.4177215189873418
MCC:0.39892632859704347
GMEAN:0.6699425432128417
SAMPLES:237
AUC:{}
AVGP:{}
CLASS:1
ACC:0.773
PREC:0.8322411533420708
REC:0.8651226158038147
TNR:0.518796992481203
FPR:0.16775884665792923
FPDR:0.16775884665792923
F1:0.8483633934535738
BACC:0
CLSFE:0.16775884665792923
MCC:0.39892632859704347
GMEAN:0.6699425432128417
SAMPLES:763
AUC:{}
AVGP:{}
