

GENERAL_METRICS
ACC:0.779
PREC:0.7360768878518938
REC:0.7082221420843852
TNR:0.7082221420843852
FPR:0.26392311214810615
FPDR:0.26392311214810615
F1:0.7186974546574665
BACC:0.0
CLSFE:0.221
MCC:0.4434250118571865
GMEAN:0.6868608723137568
SAMPLES:1000.0
AUC:{'AUC macro OVO': 0.736076887851894}
AVGP:{'avg_precision': 0.8586471116600236}


METRICS_PER_CLASSES
CLASS:0
ACC:0.779
PREC:0.6528925619834711
REC:0.535593220338983
TNR:0.8808510638297873
FPR:0.34710743801652894
FPDR:0.34710743801652894
F1:0.5884543761638734
BACC:0
CLSFE:0.34710743801652894
MCC:0.4434250118571865
GMEAN:0.6868608723137568
SAMPLES:242
AUC:{}
AVGP:{}
CLASS:1
ACC:0.779
PREC:0.8192612137203166
REC:0.8808510638297873
TNR:0.535593220338983
FPR:0.18073878627968337
FPDR:0.18073878627968337
F1:0.8489405331510594
BACC:0
CLSFE:0.18073878627968337
MCC:0.4434250118571865
GMEAN:0.6868608723137568
SAMPLES:758
AUC:{}
AVGP:{}
