

GENERAL_METRICS
ACC:0.793
PREC:0.7283740267760648
REC:0.7168985760744904
TNR:0.7168985760744904
FPR:0.2716259732239352
FPDR:0.2716259732239352
F1:0.7221383267894896
BACC:0.0
CLSFE:0.207
MCC:0.44512470711083185
GMEAN:0.6995884421236768
SAMPLES:1000.0
AUC:{'AUC macro OVO': 0.7283740267760648}
AVGP:{'avg_precision': 0.8569531868745208}


METRICS_PER_CLASSES
CLASS:0
ACC:0.793
PREC:0.6050420168067226
REC:0.5603112840466926
TNR:0.873485868102288
FPR:0.3949579831932773
FPDR:0.3949579831932773
F1:0.5818181818181818
BACC:0
CLSFE:0.3949579831932773
MCC:0.44512470711083185
GMEAN:0.6995884421236768
SAMPLES:238
AUC:{}
AVGP:{}
CLASS:1
ACC:0.793
PREC:0.8517060367454068
REC:0.873485868102288
TNR:0.5603112840466926
FPR:0.14829396325459318
FPDR:0.14829396325459318
F1:0.8624584717607974
BACC:0
CLSFE:0.14829396325459318
MCC:0.44512470711083185
GMEAN:0.6995884421236768
SAMPLES:762
AUC:{}
AVGP:{}
