

GENERAL_METRICS
ACC:0.826
PREC:0.7315789473684211
REC:0.7660016625103907
TNR:0.7660016625103907
FPR:0.26842105263157895
FPDR:0.26842105263157895
F1:0.7456720397102414
BACC:0.0
CLSFE:0.174
MCC:0.4963884970561114
GMEAN:0.7595334788996531
SAMPLES:1000.0
AUC:{'AUC macro OVO': 0.7315789473684211}
AVGP:{'avg_precision': 0.8561890011812574}


METRICS_PER_CLASSES
CLASS:0
ACC:0.826
PREC:0.55
REC:0.6666666666666666
TNR:0.8653366583541147
FPR:0.45
FPDR:0.45
F1:0.6027397260273972
BACC:0
CLSFE:0.45
MCC:0.4963884970561114
GMEAN:0.7595334788996531
SAMPLES:240
AUC:{}
AVGP:{}
CLASS:1
ACC:0.826
PREC:0.9131578947368421
REC:0.8653366583541147
TNR:0.6666666666666666
FPR:0.0868421052631579
FPDR:0.0868421052631579
F1:0.8886043533930857
BACC:0
CLSFE:0.0868421052631579
MCC:0.4963884970561114
GMEAN:0.7595334788996531
SAMPLES:760
AUC:{}
AVGP:{}
