

GENERAL_METRICS
ACC:0.825
PREC:0.7435927126756214
REC:0.7600008239607794
TNR:0.7600008239607794
FPR:0.25640728732437856
FPDR:0.25640728732437856
F1:0.7510580034851879
BACC:0.0
CLSFE:0.175
MCC:0.5033261606811351
GMEAN:0.7512743399949346
SAMPLES:1000.0
AUC:{'AUC macro OVO': 0.7435927126756214}
AVGP:{'avg_precision': 0.8634378542720473}


METRICS_PER_CLASSES
CLASS:0
ACC:0.825
PREC:0.5882352941176471
REC:0.6451612903225806
TNR:0.8748403575989783
FPR:0.4117647058823529
FPDR:0.4117647058823529
F1:0.6153846153846154
BACC:0
CLSFE:0.4117647058823529
MCC:0.5033261606811351
GMEAN:0.7512743399949346
SAMPLES:238
AUC:{}
AVGP:{}
CLASS:1
ACC:0.825
PREC:0.8989501312335958
REC:0.8748403575989783
TNR:0.6451612903225806
FPR:0.1010498687664042
FPDR:0.1010498687664042
F1:0.8867313915857605
BACC:0
CLSFE:0.1010498687664042
MCC:0.5033261606811351
GMEAN:0.7512743399949346
SAMPLES:762
AUC:{}
AVGP:{}
