

GENERAL_METRICS
ACC:0.817
PREC:0.7337465805249985
REC:0.7608654572940288
TNR:0.7608654572940288
FPR:0.2662534194750015
FPDR:0.2662534194750015
F1:0.7451391916037987
BACC:0.0
CLSFE:0.183
MCC:0.49386803346468683
GMEAN:0.7544197687314133
SAMPLES:1000.0
AUC:{'AUC macro OVO': 0.7337465805249986}
AVGP:{'avg_precision': 0.8486809551129689}


METRICS_PER_CLASSES
CLASS:0
ACC:0.817
PREC:0.5652173913043478
REC:0.6620370370370371
TNR:0.8596938775510204
FPR:0.43478260869565216
FPDR:0.43478260869565216
F1:0.6098081023454158
BACC:0
CLSFE:0.43478260869565216
MCC:0.49386803346468683
GMEAN:0.7544197687314133
SAMPLES:253
AUC:{}
AVGP:{}
CLASS:1
ACC:0.817
PREC:0.9022757697456493
REC:0.8596938775510204
TNR:0.6620370370370371
FPR:0.09772423025435073
FPDR:0.09772423025435073
F1:0.8804702808621816
BACC:0
CLSFE:0.09772423025435073
MCC:0.49386803346468683
GMEAN:0.7544197687314133
SAMPLES:747
AUC:{}
AVGP:{}
