

GENERAL_METRICS
ACC:0.9335
PREC:0.5355926659761769
REC:0.6214123888566321
TNR:0.6214123888566321
FPR:0.464407334023823
FPDR:0.464407334023823
F1:0.5480732800875311
BACC:0.0
CLSFE:0.0665
MCC:0.13147456943369423
GMEAN:0.530929153164159
SAMPLES:4000.0
AUC:{'AUC macro OVO': 0.5355926659761769}
AVGP:{'avg_precision': 0.9442664871069273}


METRICS_PER_CLASSES
CLASS:0
ACC:0.9335
PREC:0.08368200836820083
REC:0.29850746268656714
TNR:0.9443173150266971
FPR:0.9163179916317992
FPDR:0.9163179916317992
F1:0.13071895424836602
BACC:0
CLSFE:0.9163179916317992
MCC:0.13147456943369423
GMEAN:0.530929153164159
SAMPLES:239
AUC:{}
AVGP:{}
CLASS:1
ACC:0.9335
PREC:0.9875033235841532
REC:0.9443173150266971
TNR:0.29850746268656714
FPR:0.01249667641584685
FPDR:0.01249667641584685
F1:0.9654276059266961
BACC:0
CLSFE:0.01249667641584685
MCC:0.13147456943369423
GMEAN:0.530929153164159
SAMPLES:3761
AUC:{}
AVGP:{}
