

GENERAL_METRICS
ACC:0.93575
PREC:0.5551756479396659
REC:0.6927398120998145
TNR:0.6927398120998145
FPR:0.4448243520603341
FPDR:0.4448243520603341
F1:0.5779119864373431
BACC:0.0
CLSFE:0.06425
MCC:0.20624785105670043
GMEAN:0.6454489387051581
SAMPLES:4000.0
AUC:{'AUC macro OVO': 0.5551756479396659}
AVGP:{'avg_precision': 0.9442367660248214}


METRICS_PER_CLASSES
CLASS:0
ACC:0.93575
PREC:0.12048192771084337
REC:0.4411764705882353
TNR:0.9443031536113937
FPR:0.8795180722891566
FPDR:0.8795180722891566
F1:0.1892744479495268
BACC:0
CLSFE:0.8795180722891566
MCC:0.20624785105670043
GMEAN:0.6454489387051581
SAMPLES:249
AUC:{}
AVGP:{}
CLASS:1
ACC:0.93575
PREC:0.9898693681684884
REC:0.9443031536113937
TNR:0.4411764705882353
FPR:0.010130631831511597
FPDR:0.010130631831511597
F1:0.9665495249251594
BACC:0
CLSFE:0.010130631831511597
MCC:0.20624785105670043
GMEAN:0.6454489387051581
SAMPLES:3751
AUC:{}
AVGP:{}
