

GENERAL_METRICS
ACC:0.936
PREC:0.5416996022048616
REC:0.6245835818760879
TNR:0.6245835818760879
FPR:0.4583003977951384
FPDR:0.4583003977951384
F1:0.5567099567099567
BACC:0.0
CLSFE:0.064
MCC:0.14415388729395637
GMEAN:0.5344506924762173
SAMPLES:4000.0
AUC:{'AUC macro OVO': 0.5416996022048616}
AVGP:{'avg_precision': 0.9477358344417208}


METRICS_PER_CLASSES
CLASS:0
ACC:0.936
PREC:0.09691629955947137
REC:0.3013698630136986
TNR:0.9477973007384772
FPR:0.9030837004405287
FPDR:0.9030837004405287
F1:0.14666666666666667
BACC:0
CLSFE:0.9030837004405287
MCC:0.14415388729395637
GMEAN:0.5344506924762173
SAMPLES:227
AUC:{}
AVGP:{}
CLASS:1
ACC:0.936
PREC:0.9864829048502518
REC:0.9477973007384772
TNR:0.3013698630136986
FPR:0.01351709514974821
FPDR:0.01351709514974821
F1:0.9667532467532467
BACC:0
CLSFE:0.01351709514974821
MCC:0.14415388729395637
GMEAN:0.5344506924762173
SAMPLES:3773
AUC:{}
AVGP:{}
