

GENERAL_METRICS
ACC:0.93825
PREC:0.5562572405413806
REC:0.680934205743366
TNR:0.680934205743366
FPR:0.44374275945861946
FPDR:0.44374275945861946
F1:0.5790325844970654
BACC:0.0
CLSFE:0.06175
MCC:0.20178066443213222
GMEAN:0.6265540475926298
SAMPLES:4000.0
AUC:{'AUC macro OVO': 0.5562572405413805}
AVGP:{'avg_precision': 0.9475137355581913}


METRICS_PER_CLASSES
CLASS:0
ACC:0.93825
PREC:0.12340425531914893
REC:0.4142857142857143
TNR:0.9475826972010178
FPR:0.8765957446808511
FPDR:0.8765957446808511
F1:0.1901639344262295
BACC:0
CLSFE:0.8765957446808511
MCC:0.20178066443213222
GMEAN:0.6265540475926298
SAMPLES:235
AUC:{}
AVGP:{}
CLASS:1
ACC:0.93825
PREC:0.9891102257636122
REC:0.9475826972010178
TNR:0.4142857142857143
FPR:0.010889774236387782
FPDR:0.010889774236387782
F1:0.9679012345679012
BACC:0
CLSFE:0.010889774236387782
MCC:0.20178066443213222
GMEAN:0.6265540475926298
SAMPLES:3765
AUC:{}
AVGP:{}
