

GENERAL_METRICS
ACC:0.9076363636363637
PREC:0.6517098273572377
REC:0.6996216820731473
TNR:0.6996216820731473
FPR:0.3482901726427623
FPDR:0.3482901726427623
F1:0.67118208745003
BACC:0.0
CLSFE:0.09236363636363637
MCC:0.34804925469869097
GMEAN:0.6575519587327354
SAMPLES:2750.0
AUC:{'AUC macro OVO': 0.6517098273572377}
AVGP:{'avg_precision': 0.9375808300799346}


METRICS_PER_CLASSES
CLASS:0
ACC:0.9076363636363637
PREC:0.3416666666666667
REC:0.4606741573033708
TNR:0.9385692068429238
FPR:0.6583333333333333
FPDR:0.6583333333333333
F1:0.3923444976076555
BACC:0
CLSFE:0.6583333333333333
MCC:0.34804925469869097
GMEAN:0.6575519587327354
SAMPLES:240
AUC:{}
AVGP:{}
CLASS:1
ACC:0.9076363636363637
PREC:0.9617529880478087
REC:0.9385692068429238
TNR:0.4606741573033708
FPR:0.03824701195219123
FPDR:0.03824701195219123
F1:0.9500196772924046
BACC:0
CLSFE:0.03824701195219123
MCC:0.34804925469869097
GMEAN:0.6575519587327354
SAMPLES:2510
AUC:{}
AVGP:{}
