

GENERAL_METRICS
ACC:0.9003636363636364
PREC:0.6401374729687983
REC:0.6961197578901859
TNR:0.6961197578901859
FPR:0.35986252703120175
FPDR:0.35986252703120175
F1:0.6615612648221344
BACC:0.0
CLSFE:0.09963636363636363
MCC:0.33156433626060083
GMEAN:0.6552508323261858
SAMPLES:2750.0
AUC:{'AUC macro OVO': 0.6401374729687983}
AVGP:{'avg_precision': 0.9301282583464385}


METRICS_PER_CLASSES
CLASS:0
ACC:0.9003636363636364
PREC:0.3192307692307692
REC:0.46111111111111114
TNR:0.9311284046692607
FPR:0.6807692307692308
FPDR:0.6807692307692308
F1:0.37727272727272726
BACC:0
CLSFE:0.6807692307692308
MCC:0.33156433626060083
GMEAN:0.6552508323261858
SAMPLES:260
AUC:{}
AVGP:{}
CLASS:1
ACC:0.9003636363636364
PREC:0.9610441767068273
REC:0.9311284046692607
TNR:0.46111111111111114
FPR:0.03895582329317269
FPDR:0.03895582329317269
F1:0.9458498023715415
BACC:0
CLSFE:0.03895582329317269
MCC:0.33156433626060083
GMEAN:0.6552508323261858
SAMPLES:2490
AUC:{}
AVGP:{}
