

GENERAL_METRICS
ACC:0.9087272727272727
PREC:0.6447709163346613
REC:0.7021740491143149
TNR:0.7021740491143149
FPR:0.3552290836653387
FPDR:0.3552290836653387
F1:0.6670045266157577
BACC:0.0
CLSFE:0.09127272727272727
MCC:0.34216324963016237
GMEAN:0.6616438154676579
SAMPLES:2750.0
AUC:{'AUC macro OVO': 0.6447709163346613}
AVGP:{'avg_precision': 0.9364115561826183}


METRICS_PER_CLASSES
CLASS:0
ACC:0.9087272727272727
PREC:0.325
REC:0.46706586826347307
TNR:0.9372822299651568
FPR:0.675
FPDR:0.675
F1:0.3832923832923833
BACC:0
CLSFE:0.675
MCC:0.34216324963016237
GMEAN:0.6616438154676579
SAMPLES:240
AUC:{}
AVGP:{}
CLASS:1
ACC:0.9087272727272727
PREC:0.9645418326693227
REC:0.9372822299651568
TNR:0.46706586826347307
FPR:0.03545816733067729
FPDR:0.03545816733067729
F1:0.9507166699391322
BACC:0
CLSFE:0.03545816733067729
MCC:0.34216324963016237
GMEAN:0.6616438154676579
SAMPLES:2510
AUC:{}
AVGP:{}
