

GENERAL_METRICS
ACC:0.8956363636363637
PREC:0.6310164213943806
REC:0.6981109168609169
TNR:0.6981109168609169
FPR:0.36898357860561937
FPDR:0.36898357860561937
F1:0.6547902257411677
BACC:0.0
CLSFE:0.10436363636363637
MCC:0.32221597332396157
GMEAN:0.6603389571426675
SAMPLES:2750.0
AUC:{'AUC macro OVO': 0.6310164213943806}
AVGP:{'avg_precision': 0.9236773005491162}


METRICS_PER_CLASSES
CLASS:0
ACC:0.8956363636363637
PREC:0.2996389891696751
REC:0.4715909090909091
TNR:0.9246309246309247
FPR:0.7003610108303249
FPDR:0.7003610108303249
F1:0.36644591611479027
BACC:0
CLSFE:0.7003610108303249
MCC:0.32221597332396157
GMEAN:0.6603389571426675
SAMPLES:277
AUC:{}
AVGP:{}
CLASS:1
ACC:0.8956363636363637
PREC:0.9623938536190861
REC:0.9246309246309247
TNR:0.4715909090909091
FPR:0.03760614638091387
FPDR:0.03760614638091387
F1:0.9431345353675451
BACC:0
CLSFE:0.03760614638091387
MCC:0.32221597332396157
GMEAN:0.6603389571426675
SAMPLES:2473
AUC:{}
AVGP:{}
