

GENERAL_METRICS
ACC:0.8253333333333334
PREC:0.8158158436786729
REC:0.8035452210603559
TNR:0.8035452210603559
FPR:0.18418415632132717
FPDR:0.18418415632132717
F1:0.8087252437901409
BACC:0.0
CLSFE:0.17466666666666666
MCC:0.6192395015946756
GMEAN:0.7992956907015678
SAMPLES:750.0
AUC:{'AUC macro OVO': 0.8158158436786729}
AVGP:{'avg_precision': 0.8514632435966006}


METRICS_PER_CLASSES
CLASS:0
ACC:0.8253333333333334
PREC:0.7865612648221344
REC:0.7210144927536232
TNR:0.8860759493670886
FPR:0.2134387351778656
FPDR:0.2134387351778656
F1:0.7523629489603024
BACC:0
CLSFE:0.2134387351778656
MCC:0.6192395015946756
GMEAN:0.7992956907015678
SAMPLES:253
AUC:{}
AVGP:{}
CLASS:1
ACC:0.8253333333333334
PREC:0.8450704225352113
REC:0.8860759493670886
TNR:0.7210144927536232
FPR:0.15492957746478872
FPDR:0.15492957746478872
F1:0.8650875386199794
BACC:0
CLSFE:0.15492957746478872
MCC:0.6192395015946756
GMEAN:0.7992956907015678
SAMPLES:497
AUC:{}
AVGP:{}
