

GENERAL_METRICS
ACC:0.8426666666666667
PREC:0.8356208711849157
REC:0.8235965573134261
TNR:0.8235965573134261
FPR:0.16437912881508432
FPDR:0.16437912881508432
F1:0.8287220536322537
BACC:0.0
CLSFE:0.15733333333333333
MCC:0.6591077559184736
GMEAN:0.8202207870930124
SAMPLES:750.0
AUC:{'AUC macro OVO': 0.8356208711849157}
AVGP:{'avg_precision': 0.863904772978816}


METRICS_PER_CLASSES
CLASS:0
ACC:0.8426666666666667
PREC:0.8132295719844358
REC:0.7491039426523297
TNR:0.8980891719745223
FPR:0.1867704280155642
FPDR:0.1867704280155642
F1:0.7798507462686567
BACC:0
CLSFE:0.1867704280155642
MCC:0.6591077559184736
GMEAN:0.8202207870930124
SAMPLES:257
AUC:{}
AVGP:{}
CLASS:1
ACC:0.8426666666666667
PREC:0.8580121703853956
REC:0.8980891719745223
TNR:0.7491039426523297
FPR:0.14198782961460446
FPDR:0.14198782961460446
F1:0.8775933609958506
BACC:0
CLSFE:0.14198782961460446
MCC:0.6591077559184736
GMEAN:0.8202207870930124
SAMPLES:493
AUC:{}
AVGP:{}
