

GENERAL_METRICS
ACC:0.8226666666666667
PREC:0.8181818181818181
REC:0.8048819650338683
TNR:0.8048819650338683
FPR:0.18181818181818182
FPDR:0.18181818181818182
F1:0.8100907946867307
BACC:0.0
CLSFE:0.17733333333333334
MCC:0.6229218184180796
GMEAN:0.8007621406043115
SAMPLES:750.0
AUC:{'AUC macro OVO': 0.8181818181818182}
AVGP:{'avg_precision': 0.846512035010941}


METRICS_PER_CLASSES
CLASS:0
ACC:0.8226666666666667
PREC:0.803030303030303
REC:0.7235494880546075
TNR:0.8862144420131292
FPR:0.19696969696969696
FPDR:0.19696969696969696
F1:0.7612208258527827
BACC:0
CLSFE:0.19696969696969696
MCC:0.6229218184180796
GMEAN:0.8007621406043115
SAMPLES:264
AUC:{}
AVGP:{}
CLASS:1
ACC:0.8226666666666667
PREC:0.8333333333333334
REC:0.8862144420131292
TNR:0.7235494880546075
FPR:0.16666666666666666
FPDR:0.16666666666666666
F1:0.8589607635206787
BACC:0
CLSFE:0.16666666666666666
MCC:0.6229218184180796
GMEAN:0.8007621406043115
SAMPLES:486
AUC:{}
AVGP:{}
