

GENERAL_METRICS
ACC:0.8253333333333334
PREC:0.8172376847590523
REC:0.7996687726185365
TNR:0.7996687726185365
FPR:0.18276231524094771
FPDR:0.18276231524094771
F1:0.8066747866535751
BACC:0.0
CLSFE:0.17466666666666666
MCC:0.6166562336345637
GMEAN:0.793971102905691
SAMPLES:750.0
AUC:{'AUC macro OVO': 0.8172376847590522}
AVGP:{'avg_precision': 0.8599765302570732}


METRICS_PER_CLASSES
CLASS:0
ACC:0.8253333333333334
PREC:0.7942386831275721
REC:0.7043795620437956
TNR:0.8949579831932774
FPR:0.205761316872428
FPDR:0.205761316872428
F1:0.746615087040619
BACC:0
CLSFE:0.205761316872428
MCC:0.6166562336345637
GMEAN:0.793971102905691
SAMPLES:243
AUC:{}
AVGP:{}
CLASS:1
ACC:0.8253333333333334
PREC:0.8402366863905325
REC:0.8949579831932774
TNR:0.7043795620437956
FPR:0.15976331360946747
FPDR:0.15976331360946747
F1:0.866734486266531
BACC:0
CLSFE:0.15976331360946747
MCC:0.6166562336345637
GMEAN:0.793971102905691
SAMPLES:507
AUC:{}
AVGP:{}
