

GENERAL_METRICS
ACC:0.882
PREC:0.6810913035014045
REC:0.7230194883035929
TNR:0.7230194883035929
FPR:0.31890869649859555
FPDR:0.31890869649859555
F1:0.6986721144024515
BACC:0.0
CLSFE:0.118
MCC:0.40192979408406065
GMEAN:0.6955940487025976
SAMPLES:2000.0
AUC:{'AUC macro OVO': 0.6810913035014043}
AVGP:{'avg_precision': 0.9179964239308728}


METRICS_PER_CLASSES
CLASS:0
ACC:0.882
PREC:0.4146341463414634
REC:0.5257731958762887
TNR:0.920265780730897
FPR:0.5853658536585366
FPDR:0.5853658536585366
F1:0.4636363636363636
BACC:0
CLSFE:0.5853658536585366
MCC:0.40192979408406065
GMEAN:0.6955940487025976
SAMPLES:246
AUC:{}
AVGP:{}
CLASS:1
ACC:0.882
PREC:0.9475484606613455
REC:0.920265780730897
TNR:0.5257731958762887
FPR:0.052451539338654506
FPDR:0.052451539338654506
F1:0.9337078651685393
BACC:0
CLSFE:0.052451539338654506
MCC:0.40192979408406065
GMEAN:0.6955940487025976
SAMPLES:1754
AUC:{}
AVGP:{}
