

GENERAL_METRICS
ACC:0.9035
PREC:0.7311640935443945
REC:0.7486434825502528
TNR:0.7486434825502528
FPR:0.2688359064556055
FPDR:0.2688359064556055
F1:0.7394411214562135
BACC:0.0
CLSFE:0.0965
MCC:0.4794890833353796
GMEAN:0.7233146731636662
SAMPLES:2000.0
AUC:{'AUC macro OVO': 0.7311640935443945}
AVGP:{'avg_precision': 0.9393043148446948}


METRICS_PER_CLASSES
CLASS:0
ACC:0.9035
PREC:0.5116279069767442
REC:0.5555555555555556
TNR:0.94173140954495
FPR:0.4883720930232558
FPDR:0.4883720930232558
F1:0.5326876513317191
BACC:0
CLSFE:0.4883720930232558
MCC:0.4794890833353796
GMEAN:0.7233146731636662
SAMPLES:215
AUC:{}
AVGP:{}
CLASS:1
ACC:0.9035
PREC:0.9507002801120448
REC:0.94173140954495
TNR:0.5555555555555556
FPR:0.04929971988795518
FPDR:0.04929971988795518
F1:0.9461945915807081
BACC:0
CLSFE:0.04929971988795518
MCC:0.4794890833353796
GMEAN:0.7233146731636662
SAMPLES:1785
AUC:{}
AVGP:{}
