

GENERAL_METRICS
ACC:0.899
PREC:0.6941436542164328
REC:0.7459833290169108
TNR:0.7459833290169108
FPR:0.3058563457835673
FPDR:0.3058563457835673
F1:0.7156459482363011
BACC:0.0
CLSFE:0.101
MCC:0.4370633929839749
GMEAN:0.7227872557879553
SAMPLES:2000.0
AUC:{'AUC macro OVO': 0.6941436542164328}
AVGP:{'avg_precision': 0.9287878334517388}


METRICS_PER_CLASSES
CLASS:0
ACC:0.899
PREC:0.4304932735426009
REC:0.5614035087719298
TNR:0.9305631492618918
FPR:0.5695067264573991
FPDR:0.5695067264573991
F1:0.4873096446700508
BACC:0
CLSFE:0.5695067264573991
MCC:0.4370633929839749
GMEAN:0.7227872557879553
SAMPLES:223
AUC:{}
AVGP:{}
CLASS:1
ACC:0.899
PREC:0.9577940348902645
REC:0.9305631492618918
TNR:0.5614035087719298
FPR:0.04220596510973551
FPDR:0.04220596510973551
F1:0.9439822518025514
BACC:0
CLSFE:0.04220596510973551
MCC:0.4370633929839749
GMEAN:0.7227872557879553
SAMPLES:1777
AUC:{}
AVGP:{}
