

GENERAL_METRICS
ACC:0.9025
PREC:0.7453329848431425
REC:0.7603243294157047
TNR:0.7603243294157047
FPR:0.2546670151568576
FPDR:0.2546670151568576
F1:0.7524989671591514
BACC:0.0
CLSFE:0.0975
MCC:0.5054350393981181
GMEAN:0.7384941941487912
SAMPLES:2000.0
AUC:{'AUC macro OVO': 0.7453329848431425}
AVGP:{'avg_precision': 0.9383783242902479}


METRICS_PER_CLASSES
CLASS:0
ACC:0.9025
PREC:0.5414847161572053
REC:0.5794392523364486
TNR:0.9412094064949608
FPR:0.4585152838427948
FPDR:0.4585152838427948
F1:0.5598194130925508
BACC:0
CLSFE:0.4585152838427948
MCC:0.5054350393981181
GMEAN:0.7384941941487912
SAMPLES:229
AUC:{}
AVGP:{}
CLASS:1
ACC:0.9025
PREC:0.9491812535290797
REC:0.9412094064949608
TNR:0.5794392523364486
FPR:0.050818746470920384
FPDR:0.050818746470920384
F1:0.9451785212257521
BACC:0
CLSFE:0.050818746470920384
MCC:0.5054350393981181
GMEAN:0.7384941941487912
SAMPLES:1771
AUC:{}
AVGP:{}
