

GENERAL_METRICS
ACC:0.8733333333333333
PREC:0.7849279470824475
REC:0.7747705878600655
TNR:0.7747705878600655
FPR:0.21507205291755255
FPDR:0.21507205291755255
F1:0.7796702939894056
BACC:0.0
CLSFE:0.12666666666666668
MCC:0.5596063599267103
GMEAN:0.7595036883780383
SAMPLES:1500.0
AUC:{'AUC macro OVO': 0.7849279470824474}
AVGP:{'avg_precision': 0.9198828664210777}


METRICS_PER_CLASSES
CLASS:0
ACC:0.8733333333333333
PREC:0.6509803921568628
REC:0.6217228464419475
TNR:0.9278183292781833
FPR:0.34901960784313724
FPDR:0.34901960784313724
F1:0.6360153256704981
BACC:0
CLSFE:0.34901960784313724
MCC:0.5596063599267103
GMEAN:0.7595036883780383
SAMPLES:255
AUC:{}
AVGP:{}
CLASS:1
ACC:0.8733333333333333
PREC:0.9188755020080321
REC:0.9278183292781833
TNR:0.6217228464419475
FPR:0.08112449799196787
FPDR:0.08112449799196787
F1:0.9233252623083131
BACC:0
CLSFE:0.08112449799196787
MCC:0.5596063599267103
GMEAN:0.7595036883780383
SAMPLES:1245
AUC:{}
AVGP:{}
