

GENERAL_METRICS
ACC:0.8673333333333333
PREC:0.7765151515151515
REC:0.7709069564251378
TNR:0.7709069564251378
FPR:0.22348484848484848
FPDR:0.22348484848484848
F1:0.7736535800269189
BACC:0.0
CLSFE:0.13266666666666665
MCC:0.5473933799468369
GMEAN:0.7559777420209625
SAMPLES:1500.0
AUC:{'AUC macro OVO': 0.7765151515151514}
AVGP:{'avg_precision': 0.9137304041225929}


METRICS_PER_CLASSES
CLASS:0
ACC:0.8673333333333333
PREC:0.6363636363636364
REC:0.6199261992619927
TNR:0.9218877135882831
FPR:0.36363636363636365
FPDR:0.36363636363636365
F1:0.6280373831775701
BACC:0
CLSFE:0.36363636363636365
MCC:0.5473933799468369
GMEAN:0.7559777420209625
SAMPLES:264
AUC:{}
AVGP:{}
CLASS:1
ACC:0.8673333333333333
PREC:0.9166666666666666
REC:0.9218877135882831
TNR:0.6199261992619927
FPR:0.08333333333333333
FPDR:0.08333333333333333
F1:0.9192697768762678
BACC:0
CLSFE:0.08333333333333333
MCC:0.5473933799468369
GMEAN:0.7559777420209625
SAMPLES:1236
AUC:{}
AVGP:{}
