

GENERAL_METRICS
ACC:0.8673333333333333
PREC:0.8004
REC:0.7614181604515746
TNR:0.7614181604515746
FPR:0.1996
FPDR:0.1996
F1:0.7781657091005567
BACC:0.0
CLSFE:0.13266666666666665
MCC:0.5604641483615272
GMEAN:0.7407661382328522
SAMPLES:1500.0
AUC:{'AUC macro OVO': 0.8004}
AVGP:{'avg_precision': 0.9272135442686651}


METRICS_PER_CLASSES
CLASS:0
ACC:0.8673333333333333
PREC:0.7
REC:0.5852842809364549
TNR:0.9375520399666945
FPR:0.3
FPDR:0.3
F1:0.6375227686703097
BACC:0
CLSFE:0.3
MCC:0.5604641483615272
GMEAN:0.7407661382328522
SAMPLES:250
AUC:{}
AVGP:{}
CLASS:1
ACC:0.8673333333333333
PREC:0.9008
REC:0.9375520399666945
TNR:0.5852842809364549
FPR:0.0992
FPDR:0.0992
F1:0.9188086495308038
BACC:0
CLSFE:0.0992
MCC:0.5604641483615272
GMEAN:0.7407661382328522
SAMPLES:1250
AUC:{}
AVGP:{}
