

GENERAL_METRICS
ACC:0.8673333333333333
PREC:0.7867651663211599
REC:0.7547131147540984
TNR:0.7547131147540984
FPR:0.21323483367884014
FPDR:0.21323483367884014
F1:0.7688839611663114
BACC:0.0
CLSFE:0.13266666666666665
MCC:0.5405288103945605
GMEAN:0.7330041486698511
SAMPLES:1500.0
AUC:{'AUC macro OVO': 0.7867651663211599}
AVGP:{'avg_precision': 0.925438100322487}


METRICS_PER_CLASSES
CLASS:0
ACC:0.8673333333333333
PREC:0.6680497925311203
REC:0.575
TNR:0.9344262295081968
FPR:0.33195020746887965
FPDR:0.33195020746887965
F1:0.6180422264875239
BACC:0
CLSFE:0.33195020746887965
MCC:0.5405288103945605
GMEAN:0.7330041486698511
SAMPLES:241
AUC:{}
AVGP:{}
CLASS:1
ACC:0.8673333333333333
PREC:0.9054805401111994
REC:0.9344262295081968
TNR:0.575
FPR:0.09451945988880063
FPDR:0.09451945988880063
F1:0.9197256958450988
BACC:0
CLSFE:0.09451945988880063
MCC:0.5405288103945605
GMEAN:0.7330041486698511
SAMPLES:1259
AUC:{}
AVGP:{}
