

GENERAL_METRICS
ACC:0.8266666666666667
PREC:0.711712763060645
REC:0.6911885245901639
TNR:0.6911885245901639
FPR:0.28828723693935504
FPDR:0.28828723693935504
F1:0.7003052275989684
BACC:0.0
CLSFE:0.17333333333333334
MCC:0.4023781843314653
GMEAN:0.6565090238227161
SAMPLES:1500.0
AUC:{'AUC macro OVO': 0.7117127630606449}
AVGP:{'avg_precision': 0.8990098831280885}


METRICS_PER_CLASSES
CLASS:0
ACC:0.8266666666666667
PREC:0.540650406504065
REC:0.475
TNR:0.9073770491803279
FPR:0.45934959349593496
FPDR:0.45934959349593496
F1:0.5057034220532319
BACC:0
CLSFE:0.45934959349593496
MCC:0.4023781843314653
GMEAN:0.6565090238227161
SAMPLES:246
AUC:{}
AVGP:{}
CLASS:1
ACC:0.8266666666666667
PREC:0.8827751196172249
REC:0.9073770491803279
TNR:0.475
FPR:0.11722488038277512
FPDR:0.11722488038277512
F1:0.8949070331447049
BACC:0
CLSFE:0.11722488038277512
MCC:0.4023781843314653
GMEAN:0.6565090238227161
SAMPLES:1254
AUC:{}
AVGP:{}
