

GENERAL_METRICS
ACC:0.8386666666666667
PREC:0.7501838776110621
REC:0.7256409689438247
TNR:0.7256409689438247
FPR:0.2498161223889379
FPDR:0.2498161223889379
F1:0.7365066737125121
BACC:0.0
CLSFE:0.16133333333333333
MCC:0.47519146691952835
GMEAN:0.7005367187556828
SAMPLES:1500.0
AUC:{'AUC macro OVO': 0.7501838776110621}
AVGP:{'avg_precision': 0.9045667266371678}


METRICS_PER_CLASSES
CLASS:0
ACC:0.8386666666666667
PREC:0.6136363636363636
REC:0.5364238410596026
TNR:0.9148580968280468
FPR:0.38636363636363635
FPDR:0.38636363636363635
F1:0.5724381625441696
BACC:0
CLSFE:0.38636363636363635
MCC:0.47519146691952835
GMEAN:0.7005367187556828
SAMPLES:264
AUC:{}
AVGP:{}
CLASS:1
ACC:0.8386666666666667
PREC:0.8867313915857605
REC:0.9148580968280468
TNR:0.5364238410596026
FPR:0.11326860841423948
FPDR:0.11326860841423948
F1:0.9005751848808545
BACC:0
CLSFE:0.11326860841423948
MCC:0.47519146691952835
GMEAN:0.7005367187556828
SAMPLES:1236
AUC:{}
AVGP:{}
