

GENERAL_METRICS
ACC:0.8346666666666667
PREC:0.733644987561169
REC:0.7197803296769234
TNR:0.7197803296769234
FPR:0.26635501243883103
FPDR:0.26635501243883103
F1:0.7262419197211789
BACC:0.0
CLSFE:0.16533333333333333
MCC:0.4532132936865572
GMEAN:0.695089194952228
SAMPLES:1500.0
AUC:{'AUC macro OVO': 0.733644987561169}
AVGP:{'avg_precision': 0.897416203053518}


METRICS_PER_CLASSES
CLASS:0
ACC:0.8346666666666667
PREC:0.5767790262172284
REC:0.532871972318339
TNR:0.9066886870355079
FPR:0.4232209737827715
FPDR:0.4232209737827715
F1:0.5539568345323741
BACC:0
CLSFE:0.4232209737827715
MCC:0.4532132936865572
GMEAN:0.695089194952228
SAMPLES:267
AUC:{}
AVGP:{}
CLASS:1
ACC:0.8346666666666667
PREC:0.8905109489051095
REC:0.9066886870355079
TNR:0.532871972318339
FPR:0.10948905109489052
FPDR:0.10948905109489052
F1:0.8985270049099836
BACC:0
CLSFE:0.10948905109489052
MCC:0.4532132936865572
GMEAN:0.695089194952228
SAMPLES:1233
AUC:{}
AVGP:{}
