

GENERAL_METRICS
ACC:0.838
PREC:0.734964508782911
REC:0.7049092508659712
TNR:0.7049092508659712
FPR:0.2650354912170891
FPDR:0.2650354912170891
F1:0.7177829274543401
BACC:0.0
CLSFE:0.162
MCC:0.4388457655021736
GMEAN:0.6717223443490855
SAMPLES:1500.0
AUC:{'AUC macro OVO': 0.734964508782911}
AVGP:{'avg_precision': 0.9098299603998818}


METRICS_PER_CLASSES
CLASS:0
ACC:0.838
PREC:0.5840336134453782
REC:0.4911660777385159
TNR:0.9186524239934265
FPR:0.41596638655462187
FPDR:0.41596638655462187
F1:0.5335892514395394
BACC:0
CLSFE:0.41596638655462187
MCC:0.4388457655021736
GMEAN:0.6717223443490855
SAMPLES:238
AUC:{}
AVGP:{}
CLASS:1
ACC:0.838
PREC:0.8858954041204438
REC:0.9186524239934265
TNR:0.4911660777385159
FPR:0.11410459587955626
FPDR:0.11410459587955626
F1:0.9019766034691408
BACC:0
CLSFE:0.11410459587955626
MCC:0.4388457655021736
GMEAN:0.6717223443490855
SAMPLES:1262
AUC:{}
AVGP:{}
