

GENERAL_METRICS
ACC:0.9146666666666666
PREC:0.570093769146754
REC:0.6169444444444445
TNR:0.6169444444444445
FPR:0.429906230853246
FPDR:0.429906230853246
F1:0.5852825055572144
BACC:0.0
CLSFE:0.08533333333333333
MCC:0.18107541955643006
GMEAN:0.5252583138764167
SAMPLES:3750.0
AUC:{'AUC macro OVO': 0.570093769146754}
AVGP:{'avg_precision': 0.9402715667557592}


METRICS_PER_CLASSES
CLASS:0
ACC:0.9146666666666666
PREC:0.17054263565891473
REC:0.29333333333333333
TNR:0.9405555555555556
FPR:0.8294573643410853
FPDR:0.8294573643410853
F1:0.21568627450980393
BACC:0
CLSFE:0.8294573643410853
MCC:0.18107541955643006
GMEAN:0.5252583138764167
SAMPLES:258
AUC:{}
AVGP:{}
CLASS:1
ACC:0.9146666666666666
PREC:0.9696449026345934
REC:0.9405555555555556
TNR:0.29333333333333333
FPR:0.030355097365406643
FPDR:0.030355097365406643
F1:0.954878736604625
BACC:0
CLSFE:0.030355097365406643
MCC:0.18107541955643006
GMEAN:0.5252583138764167
SAMPLES:3492
AUC:{}
AVGP:{}
