

GENERAL_METRICS
ACC:0.9168
PREC:0.55742220580551
REC:0.6083510412239694
TNR:0.6083510412239694
FPR:0.44257779419449
FPDR:0.44257779419449
F1:0.5718275716694772
BACC:0.0
CLSFE:0.0832
MCC:0.1577562143106137
GMEAN:0.5101436011925016
SAMPLES:3750.0
AUC:{'AUC macro OVO': 0.55742220580551}
AVGP:{'avg_precision': 0.9395770147203224}


METRICS_PER_CLASSES
CLASS:0
ACC:0.9168
PREC:0.14173228346456693
REC:0.27692307692307694
TNR:0.9397790055248619
FPR:0.8582677165354331
FPDR:0.8582677165354331
F1:0.1875
BACC:0
CLSFE:0.8582677165354331
MCC:0.1577562143106137
GMEAN:0.5101436011925016
SAMPLES:254
AUC:{}
AVGP:{}
CLASS:1
ACC:0.9168
PREC:0.9731121281464531
REC:0.9397790055248619
TNR:0.27692307692307694
FPR:0.02688787185354691
FPDR:0.02688787185354691
F1:0.9561551433389545
BACC:0
CLSFE:0.02688787185354691
MCC:0.1577562143106137
GMEAN:0.5101436011925016
SAMPLES:3496
AUC:{}
AVGP:{}
