

GENERAL_METRICS
ACC:0.9092307692307692
PREC:0.4990921115921116
REC:0.4862629864813231
TNR:0.4862629864813231
FPR:0.5009078884078885
FPDR:0.5009078884078885
F1:0.47958818666540737
BACC:0.0
CLSFE:0.09076923076923077
MCC:-0.007063051842543162
GMEAN:0.231834429198548
SAMPLES:3250.0
AUC:{'AUC macro OVO': 0.4990921115921116}
AVGP:{'avg_precision': 0.9137032177477584}


METRICS_PER_CLASSES
CLASS:0
ACC:0.9092307692307692
PREC:0.0035714285714285713
REC:0.058823529411764705
TNR:0.9137024435508815
FPR:0.9964285714285714
FPDR:0.9964285714285714
F1:0.006734006734006734
BACC:0
CLSFE:0.9964285714285714
MCC:-0.007063051842543162
GMEAN:0.231834429198548
SAMPLES:280
AUC:{}
AVGP:{}
CLASS:1
ACC:0.9092307692307692
PREC:0.9946127946127946
REC:0.9137024435508815
TNR:0.058823529411764705
FPR:0.0053872053872053875
FPDR:0.0053872053872053875
F1:0.952442366596808
BACC:0
CLSFE:0.0053872053872053875
MCC:-0.007063051842543162
GMEAN:0.231834429198548
SAMPLES:2970
AUC:{}
AVGP:{}
