

GENERAL_METRICS
ACC:0.916
PREC:0.49633211070356786
REC:0.4611214374225527
TNR:0.4611214374225527
FPR:0.5036678892964321
FPDR:0.5036678892964321
F1:0.4780793319415449
BACC:0.0
CLSFE:0.084
MCC:-0.023883237932783435
GMEAN:0.0
SAMPLES:3250.0
AUC:{'AUC macro OVO': 0.49633211070356786}
AVGP:{'avg_precision': 0.9222467360756258}


METRICS_PER_CLASSES
CLASS:0
ACC:0.916
PREC:0.0
REC:0.0
TNR:0.9222428748451054
FPR:1.0
FPDR:1.0
F1:0.0
BACC:0
CLSFE:1.0
MCC:-0.023883237932783435
GMEAN:0
SAMPLES:251
AUC:{}
AVGP:{}
CLASS:1
ACC:0.916
PREC:0.9926642214071357
REC:0.9222428748451054
TNR:0.0
FPR:0.007335778592864288
FPDR:0.007335778592864288
F1:0.9561586638830898
BACC:0
CLSFE:0.007335778592864288
MCC:-0.023883237932783435
GMEAN:0
SAMPLES:2999
AUC:{}
AVGP:{}
