

GENERAL_METRICS
ACC:0.9212307692307692
PREC:0.4975491790364103
REC:0.48184864413493345
TNR:0.48184864413493345
FPR:0.5024508209635896
FPDR:0.5024508209635896
F1:0.48336972099481135
BACC:0.0
CLSFE:0.07876923076923077
MCC:-0.013339523750371483
GMEAN:0.1790024590130824
SAMPLES:3250.0
AUC:{'AUC macro OVO': 0.4975491790364103}
AVGP:{'avg_precision': 0.9292175319970423}


METRICS_PER_CLASSES
CLASS:0
ACC:0.9212307692307692
PREC:0.004366812227074236
REC:0.034482758620689655
TNR:0.9292145296491773
FPR:0.9956331877729258
FPDR:0.9956331877729258
F1:0.007751937984496124
BACC:0
CLSFE:0.9956331877729258
MCC:-0.013339523750371483
GMEAN:0.1790024590130824
SAMPLES:229
AUC:{}
AVGP:{}
CLASS:1
ACC:0.9212307692307692
PREC:0.9907315458457464
REC:0.9292145296491773
TNR:0.034482758620689655
FPR:0.009268454154253558
FPDR:0.009268454154253558
F1:0.9589875040051266
BACC:0
CLSFE:0.009268454154253558
MCC:-0.013339523750371483
GMEAN:0.1790024590130824
SAMPLES:3021
AUC:{}
AVGP:{}
