

GENERAL_METRICS
ACC:0.9270769230769231
PREC:0.49976445177261153
REC:0.49692717996289426
TNR:0.49692717996289426
FPR:0.5002355482273885
FPDR:0.5002355482273885
F1:0.4852574113910981
BACC:0.0
CLSFE:0.07292307692307692
MCC:-0.0017015255658661928
GMEAN:0.24126675588518567
SAMPLES:3250.0
AUC:{'AUC macro OVO': 0.49976445177261153}
AVGP:{'avg_precision': 0.9313545098537311}


METRICS_PER_CLASSES
CLASS:0
ACC:0.9270769230769231
PREC:0.004484304932735426
REC:0.0625
TNR:0.9313543599257885
FPR:0.9955156950672646
FPDR:0.9955156950672646
F1:0.008368200836820083
BACC:0
CLSFE:0.9955156950672646
MCC:-0.0017015255658661928
GMEAN:0.24126675588518567
SAMPLES:223
AUC:{}
AVGP:{}
CLASS:1
ACC:0.9270769230769231
PREC:0.9950445986124876
REC:0.9313543599257885
TNR:0.0625
FPR:0.004955401387512388
FPDR:0.004955401387512388
F1:0.9621466219453761
BACC:0
CLSFE:0.004955401387512388
MCC:-0.0017015255658661928
GMEAN:0.24126675588518567
SAMPLES:3027
AUC:{}
AVGP:{}
