

GENERAL_METRICS
ACC:0.9091428571428571
PREC:0.5648648997863346
REC:0.6182020167858573
TNR:0.6182020167858573
FPR:0.4351351002136654
FPDR:0.4351351002136654
F1:0.5803794003610321
BACC:0.0
CLSFE:0.09085714285714286
MCC:0.17512466386385747
GMEAN:0.5313097832836626
SAMPLES:3500.0
AUC:{'AUC macro OVO': 0.5648648997863346}
AVGP:{'avg_precision': 0.9339644207151869}


METRICS_PER_CLASSES
CLASS:0
ACC:0.9091428571428571
PREC:0.1596958174904943
REC:0.302158273381295
TNR:0.9342457601904195
FPR:0.8403041825095057
FPDR:0.8403041825095057
F1:0.208955223880597
BACC:0
CLSFE:0.8403041825095057
MCC:0.17512466386385747
GMEAN:0.5313097832836626
SAMPLES:263
AUC:{}
AVGP:{}
CLASS:1
ACC:0.9091428571428571
PREC:0.9700339820821748
REC:0.9342457601904195
TNR:0.302158273381295
FPR:0.029966017917825147
FPDR:0.029966017917825147
F1:0.9518035768414671
BACC:0
CLSFE:0.029966017917825147
MCC:0.17512466386385747
GMEAN:0.5313097832836626
SAMPLES:3237
AUC:{}
AVGP:{}
