

GENERAL_METRICS
ACC:0.9131428571428571
PREC:0.5606058334707502
REC:0.6091241992370258
TNR:0.6091241992370258
FPR:0.4393941665292498
FPDR:0.4393941665292498
F1:0.574929807487947
BACC:0.0
CLSFE:0.08685714285714285
MCC:0.16264763197277915
GMEAN:0.512746456796172
SAMPLES:3500.0
AUC:{'AUC macro OVO': 0.5606058334707502}
AVGP:{'avg_precision': 0.9377050630593465}


METRICS_PER_CLASSES
CLASS:0
ACC:0.9131428571428571
PREC:0.15040650406504066
REC:0.2803030303030303
TNR:0.9379453681710214
FPR:0.8495934959349594
FPDR:0.8495934959349594
F1:0.19576719576719576
BACC:0
CLSFE:0.8495934959349594
MCC:0.16264763197277915
GMEAN:0.512746456796172
SAMPLES:246
AUC:{}
AVGP:{}
CLASS:1
ACC:0.9131428571428571
PREC:0.9708051628764598
REC:0.9379453681710214
TNR:0.2803030303030303
FPR:0.02919483712354026
FPDR:0.02919483712354026
F1:0.9540924192086983
BACC:0
CLSFE:0.02919483712354026
MCC:0.16264763197277915
GMEAN:0.512746456796172
SAMPLES:3254
AUC:{}
AVGP:{}
