

GENERAL_METRICS
ACC:0.9151428571428571
PREC:0.562611180776297
REC:0.6439393939393939
TNR:0.6439393939393939
FPR:0.43738881922370304
FPDR:0.43738881922370304
F1:0.5815849056603773
BACC:0.0
CLSFE:0.08485714285714285
MCC:0.18986537772611436
GMEAN:0.5752469825293227
SAMPLES:3500.0
AUC:{'AUC macro OVO': 0.5626111807762969}
AVGP:{'avg_precision': 0.9331347611687644}


METRICS_PER_CLASSES
CLASS:0
ACC:0.9151428571428571
PREC:0.1471698113207547
REC:0.35454545454545455
TNR:0.9333333333333333
FPR:0.8528301886792453
FPDR:0.8528301886792453
F1:0.208
BACC:0
CLSFE:0.8528301886792453
MCC:0.18986537772611436
GMEAN:0.5752469825293227
SAMPLES:265
AUC:{}
AVGP:{}
CLASS:1
ACC:0.9151428571428571
PREC:0.9780525502318392
REC:0.9333333333333333
TNR:0.35454545454545455
FPR:0.02194744976816074
FPDR:0.02194744976816074
F1:0.9551698113207547
BACC:0
CLSFE:0.02194744976816074
MCC:0.18986537772611436
GMEAN:0.5752469825293227
SAMPLES:3235
AUC:{}
AVGP:{}
