

GENERAL_METRICS
ACC:0.9148571428571428
PREC:0.563224389332004
REC:0.6064515282926488
TNR:0.6064515282926488
FPR:0.436775610667996
FPDR:0.436775610667996
F1:0.5769819793512048
BACC:0.0
CLSFE:0.08514285714285715
MCC:0.16407721194317346
GMEAN:0.505929812493409
SAMPLES:3500.0
AUC:{'AUC macro OVO': 0.563224389332004}
AVGP:{'avg_precision': 0.9405933115963389}


METRICS_PER_CLASSES
CLASS:0
ACC:0.9148571428571428
PREC:0.15677966101694915
REC:0.27205882352941174
TNR:0.9408442330558858
FPR:0.8432203389830508
FPDR:0.8432203389830508
F1:0.1989247311827957
BACC:0
CLSFE:0.8432203389830508
MCC:0.16407721194317346
GMEAN:0.505929812493409
SAMPLES:236
AUC:{}
AVGP:{}
CLASS:1
ACC:0.9148571428571428
PREC:0.9696691176470589
REC:0.9408442330558858
TNR:0.27205882352941174
FPR:0.030330882352941176
FPDR:0.030330882352941176
F1:0.9550392275196138
BACC:0
CLSFE:0.030330882352941176
MCC:0.16407721194317346
GMEAN:0.505929812493409
SAMPLES:3264
AUC:{}
AVGP:{}
