

GENERAL_METRICS
ACC:0.9175384615384615
PREC:0.5485883320883808
REC:0.6451240016813787
TNR:0.6451240016813787
FPR:0.45141166791161924
FPDR:0.45141166791161924
F1:0.5647228618947099
BACC:0.0
CLSFE:0.08246153846153846
MCC:0.16794443352120444
GMEAN:0.5781897262352907
SAMPLES:3250.0
AUC:{'AUC macro OVO': 0.5485883320883808}
AVGP:{'avg_precision': 0.9311576997798647}


METRICS_PER_CLASSES
CLASS:0
ACC:0.9175384615384615
PREC:0.11382113821138211
REC:0.358974358974359
TNR:0.9312736443883984
FPR:0.8861788617886179
FPDR:0.8861788617886179
F1:0.1728395061728395
BACC:0
CLSFE:0.8861788617886179
MCC:0.16794443352120444
GMEAN:0.5781897262352907
SAMPLES:246
AUC:{}
AVGP:{}
CLASS:1
ACC:0.9175384615384615
PREC:0.9833555259653795
REC:0.9312736443883984
TNR:0.358974358974359
FPR:0.016644474034620507
FPDR:0.016644474034620507
F1:0.9566062176165803
BACC:0
CLSFE:0.016644474034620507
MCC:0.16794443352120444
GMEAN:0.5781897262352907
SAMPLES:3004
AUC:{}
AVGP:{}
