

GENERAL_METRICS
ACC:0.9156923076923077
PREC:0.5457235880614465
REC:0.6300697524020695
TNR:0.6300697524020695
FPR:0.4542764119385535
FPDR:0.4542764119385535
F1:0.5601200543761756
BACC:0.0
CLSFE:0.0843076923076923
MCC:0.15423690580514857
GMEAN:0.5536301786597604
SAMPLES:3250.0
AUC:{'AUC macro OVO': 0.5457235880614465}
AVGP:{'avg_precision': 0.9307510411525891}


METRICS_PER_CLASSES
CLASS:0
ACC:0.9156923076923077
PREC:0.10975609756097561
REC:0.32926829268292684
TNR:0.9308712121212122
FPR:0.8902439024390244
FPDR:0.8902439024390244
F1:0.16463414634146342
BACC:0
CLSFE:0.8902439024390244
MCC:0.15423690580514857
GMEAN:0.5536301786597604
SAMPLES:246
AUC:{}
AVGP:{}
CLASS:1
ACC:0.9156923076923077
PREC:0.9816910785619174
REC:0.9308712121212122
TNR:0.32926829268292684
FPR:0.018308921438082555
FPDR:0.018308921438082555
F1:0.9556059624108879
BACC:0
CLSFE:0.018308921438082555
MCC:0.15423690580514857
GMEAN:0.5536301786597604
SAMPLES:3004
AUC:{}
AVGP:{}
