

GENERAL_METRICS
ACC:0.9172307692307692
PREC:0.5506088447336029
REC:0.6369389461945916
TNR:0.6369389461945916
FPR:0.449391155266397
FPDR:0.449391155266397
F1:0.566896581789791
BACC:0.0
CLSFE:0.08276923076923078
MCC:0.16649710947575388
GMEAN:0.564106177242083
SAMPLES:3250.0
AUC:{'AUC macro OVO': 0.5506088447336029}
AVGP:{'avg_precision': 0.9325680688173377}


METRICS_PER_CLASSES
CLASS:0
ACC:0.9172307692307692
PREC:0.11983471074380166
REC:0.3411764705882353
TNR:0.9327014218009478
FPR:0.8801652892561983
FPDR:0.8801652892561983
F1:0.17737003058103976
BACC:0
CLSFE:0.8801652892561983
MCC:0.16649710947575388
GMEAN:0.564106177242083
SAMPLES:242
AUC:{}
AVGP:{}
CLASS:1
ACC:0.9172307692307692
PREC:0.9813829787234043
REC:0.9327014218009478
TNR:0.3411764705882353
FPR:0.018617021276595744
FPDR:0.018617021276595744
F1:0.9564231329985421
BACC:0
CLSFE:0.018617021276595744
MCC:0.16649710947575388
GMEAN:0.564106177242083
SAMPLES:3008
AUC:{}
AVGP:{}
