

GENERAL_METRICS
ACC:0.9141538461538462
PREC:0.5466248307579893
REC:0.6261424298915986
TNR:0.6261424298915986
FPR:0.4533751692420107
FPDR:0.4533751692420107
F1:0.5609543523259615
BACC:0.0
CLSFE:0.08584615384615385
MCC:0.15338017401342738
GMEAN:0.5472237330700542
SAMPLES:3250.0
AUC:{'AUC macro OVO': 0.5466248307579893}
AVGP:{'avg_precision': 0.930313049534541}


METRICS_PER_CLASSES
CLASS:0
ACC:0.9141538461538462
PREC:0.11290322580645161
REC:0.3218390804597701
TNR:0.9304457793234271
FPR:0.8870967741935484
FPDR:0.8870967741935484
F1:0.16716417910447762
BACC:0
CLSFE:0.8870967741935484
MCC:0.15338017401342738
GMEAN:0.5472237330700542
SAMPLES:248
AUC:{}
AVGP:{}
CLASS:1
ACC:0.9141538461538462
PREC:0.980346435709527
REC:0.9304457793234271
TNR:0.3218390804597701
FPR:0.01965356429047302
FPDR:0.01965356429047302
F1:0.9547445255474453
BACC:0
CLSFE:0.01965356429047302
MCC:0.15338017401342738
GMEAN:0.5472237330700542
SAMPLES:3002
AUC:{}
AVGP:{}
