

GENERAL_METRICS
ACC:0.8788
PREC:0.5767419363949613
REC:0.6225658938987706
TNR:0.6225658938987706
FPR:0.4232580636050387
FPDR:0.4232580636050387
F1:0.5911132030761241
BACC:0.0
CLSFE:0.1212
MCC:0.19396849263497432
GMEAN:0.5501372375387906
SAMPLES:2500.0
AUC:{'AUC macro OVO': 0.5767419363949613}
AVGP:{'avg_precision': 0.9133407455887188}


METRICS_PER_CLASSES
CLASS:0
ACC:0.8788
PREC:0.1984126984126984
REC:0.33112582781456956
TNR:0.9140059599829715
FPR:0.8015873015873016
FPDR:0.8015873015873016
F1:0.24813895781637718
BACC:0
CLSFE:0.8015873015873016
MCC:0.19396849263497432
GMEAN:0.5501372375387906
SAMPLES:252
AUC:{}
AVGP:{}
CLASS:1
ACC:0.8788
PREC:0.9550711743772242
REC:0.9140059599829715
TNR:0.33112582781456956
FPR:0.0449288256227758
FPDR:0.0449288256227758
F1:0.9340874483358712
BACC:0
CLSFE:0.0449288256227758
MCC:0.19396849263497432
GMEAN:0.5501372375387906
SAMPLES:2248
AUC:{}
AVGP:{}
