

GENERAL_METRICS
ACC:0.8648
PREC:0.5499209349833954
REC:0.5855255082087018
TNR:0.5855255082087018
FPR:0.45007906501660444
FPDR:0.45007906501660444
F1:0.5588103228986319
BACC:0.0
CLSFE:0.1352
MCC:0.13068302620782024
GMEAN:0.4922471798409171
SAMPLES:2500.0
AUC:{'AUC macro OVO': 0.5499209349833956}
AVGP:{'avg_precision': 0.9020965608729399}


METRICS_PER_CLASSES
CLASS:0
ACC:0.8648
PREC:0.14869888475836432
REC:0.2684563758389262
TNR:0.9025946405784773
FPR:0.8513011152416357
FPDR:0.8513011152416357
F1:0.19138755980861244
BACC:0
CLSFE:0.8513011152416357
MCC:0.13068302620782024
GMEAN:0.4922471798409171
SAMPLES:269
AUC:{}
AVGP:{}
CLASS:1
ACC:0.8648
PREC:0.9511429852084267
REC:0.9025946405784773
TNR:0.2684563758389262
FPR:0.04885701479157328
FPDR:0.04885701479157328
F1:0.9262330859886513
BACC:0
CLSFE:0.04885701479157328
MCC:0.13068302620782024
GMEAN:0.4922471798409171
SAMPLES:2231
AUC:{}
AVGP:{}
