

GENERAL_METRICS
ACC:0.8732
PREC:0.5609284248220446
REC:0.6002022430593859
TNR:0.6002022430593859
FPR:0.43907157517795536
FPDR:0.43907157517795536
F1:0.5722207438123147
BACC:0.0
CLSFE:0.1268
MCC:0.15627110843971176
GMEAN:0.514152081165338
SAMPLES:2500.0
AUC:{'AUC macro OVO': 0.5609284248220446}
AVGP:{'avg_precision': 0.9093090617093161}


METRICS_PER_CLASSES
CLASS:0
ACC:0.8732
PREC:0.16862745098039217
REC:0.2905405405405405
TNR:0.9098639455782312
FPR:0.8313725490196079
FPDR:0.8313725490196079
F1:0.21339950372208435
BACC:0
CLSFE:0.8313725490196079
MCC:0.15627110843971176
GMEAN:0.514152081165338
SAMPLES:255
AUC:{}
AVGP:{}
CLASS:1
ACC:0.8732
PREC:0.9532293986636972
REC:0.9098639455782312
TNR:0.2905405405405405
FPR:0.0467706013363029
FPDR:0.0467706013363029
F1:0.9310419839025451
BACC:0
CLSFE:0.0467706013363029
MCC:0.15627110843971176
GMEAN:0.514152081165338
SAMPLES:2245
AUC:{}
AVGP:{}
