

GENERAL_METRICS
ACC:0.8728
PREC:0.5703468406593406
REC:0.6120427496280738
TNR:0.6120427496280738
FPR:0.42965315934065934
FPDR:0.42965315934065934
F1:0.583102597664116
BACC:0.0
CLSFE:0.1272
MCC:0.17755960638749468
GMEAN:0.5346288181732425
SAMPLES:2500.0
AUC:{'AUC macro OVO': 0.5703468406593406}
AVGP:{'avg_precision': 0.9093150003047293}


METRICS_PER_CLASSES
CLASS:0
ACC:0.8728
PREC:0.18846153846153846
REC:0.3141025641025641
TNR:0.9099829351535836
FPR:0.8115384615384615
FPDR:0.8115384615384615
F1:0.23557692307692307
BACC:0
CLSFE:0.8115384615384615
MCC:0.17755960638749468
GMEAN:0.5346288181732425
SAMPLES:260
AUC:{}
AVGP:{}
CLASS:1
ACC:0.8728
PREC:0.9522321428571429
REC:0.9099829351535836
TNR:0.3141025641025641
FPR:0.04776785714285714
FPDR:0.04776785714285714
F1:0.930628272251309
BACC:0
CLSFE:0.04776785714285714
MCC:0.17755960638749468
GMEAN:0.5346288181732425
SAMPLES:2240
AUC:{}
AVGP:{}
