

GENERAL_METRICS
ACC:0.848
PREC:0.7594343510461681
REC:0.7485700747960875
TNR:0.7485700747960875
FPR:0.24056564895383203
FPDR:0.24056564895383203
F1:0.7537470766465824
BACC:0.0
CLSFE:0.152
MCC:0.5078882398489668
GMEAN:0.7304882706590637
SAMPLES:1500.0
AUC:{'AUC macro OVO': 0.7594343510461679}
AVGP:{'avg_precision': 0.9023781365947132}


METRICS_PER_CLASSES
CLASS:0
ACC:0.848
PREC:0.6187050359712231
REC:0.5850340136054422
TNR:0.912106135986733
FPR:0.381294964028777
FPDR:0.381294964028777
F1:0.6013986013986014
BACC:0
CLSFE:0.381294964028777
MCC:0.5078882398489668
GMEAN:0.7304882706590637
SAMPLES:278
AUC:{}
AVGP:{}
CLASS:1
ACC:0.848
PREC:0.900163666121113
REC:0.912106135986733
TNR:0.5850340136054422
FPR:0.09983633387888707
FPDR:0.09983633387888707
F1:0.9060955518945635
BACC:0
CLSFE:0.09983633387888707
MCC:0.5078882398489668
GMEAN:0.7304882706590637
SAMPLES:1222
AUC:{}
AVGP:{}
