

GENERAL_METRICS
ACC:0.8466666666666667
PREC:0.7505882352941176
REC:0.7098666137286558
TNR:0.7098666137286558
FPR:0.24941176470588233
FPDR:0.24941176470588233
F1:0.7266166071298389
BACC:0.0
CLSFE:0.15333333333333332
MCC:0.45865064867027533
GMEAN:0.6753170954048191
SAMPLES:1500.0
AUC:{'AUC macro OVO': 0.7505882352941176}
AVGP:{'avg_precision': 0.9198111277324712}


METRICS_PER_CLASSES
CLASS:0
ACC:0.8466666666666667
PREC:0.6133333333333333
REC:0.49110320284697506
TNR:0.9286300246103364
FPR:0.38666666666666666
FPDR:0.38666666666666666
F1:0.5454545454545454
BACC:0
CLSFE:0.38666666666666666
MCC:0.45865064867027533
GMEAN:0.6753170954048191
SAMPLES:225
AUC:{}
AVGP:{}
CLASS:1
ACC:0.8466666666666667
PREC:0.8878431372549019
REC:0.9286300246103364
TNR:0.49110320284697506
FPR:0.11215686274509803
FPDR:0.11215686274509803
F1:0.9077786688051324
BACC:0
CLSFE:0.11215686274509803
MCC:0.45865064867027533
GMEAN:0.6753170954048191
SAMPLES:1275
AUC:{}
AVGP:{}
