

GENERAL_METRICS
ACC:0.8266666666666667
PREC:0.6978174603174603
REC:0.6833259782288909
TNR:0.6833259782288909
FPR:0.30218253968253966
FPDR:0.30218253968253966
F1:0.6899801587301587
BACC:0.0
CLSFE:0.17333333333333334
MCC:0.38086784807044666
GMEAN:0.6465313944223573
SAMPLES:1500.0
AUC:{'AUC macro OVO': 0.6978174603174603}
AVGP:{'avg_precision': 0.8972582318795911}


METRICS_PER_CLASSES
CLASS:0
ACC:0.8266666666666667
PREC:0.5083333333333333
REC:0.4621212121212121
TNR:0.9045307443365695
FPR:0.49166666666666664
FPDR:0.49166666666666664
F1:0.48412698412698413
BACC:0
CLSFE:0.49166666666666664
MCC:0.38086784807044666
GMEAN:0.6465313944223573
SAMPLES:240
AUC:{}
AVGP:{}
CLASS:1
ACC:0.8266666666666667
PREC:0.8873015873015873
REC:0.9045307443365695
TNR:0.4621212121212121
FPR:0.1126984126984127
FPDR:0.1126984126984127
F1:0.8958333333333334
BACC:0
CLSFE:0.1126984126984127
MCC:0.38086784807044666
GMEAN:0.6465313944223573
SAMPLES:1260
AUC:{}
AVGP:{}
