

GENERAL_METRICS
ACC:0.824
PREC:0.7347636574066873
REC:0.7021498894916617
TNR:0.7021498894916617
FPR:0.26523634259331275
FPDR:0.26523634259331275
F1:0.7156242908560284
BACC:0.0
CLSFE:0.176
MCC:0.4356946058946341
GMEAN:0.6699837109428899
SAMPLES:1500.0
AUC:{'AUC macro OVO': 0.7347636574066873}
AVGP:{'avg_precision': 0.9012898948377688}


METRICS_PER_CLASSES
CLASS:0
ACC:0.824
PREC:0.5984555984555985
REC:0.49206349206349204
TNR:0.9122362869198313
FPR:0.4015444015444015
FPDR:0.4015444015444015
F1:0.5400696864111498
BACC:0
CLSFE:0.4015444015444015
MCC:0.4356946058946341
GMEAN:0.6699837109428899
SAMPLES:259
AUC:{}
AVGP:{}
CLASS:1
ACC:0.824
PREC:0.871071716357776
REC:0.9122362869198313
TNR:0.49206349206349204
FPR:0.128928283642224
FPDR:0.128928283642224
F1:0.8911788953009069
BACC:0
CLSFE:0.128928283642224
MCC:0.4356946058946341
GMEAN:0.6699837109428899
SAMPLES:1241
AUC:{}
AVGP:{}
