

GENERAL_METRICS
ACC:0.869
PREC:0.7488251274017965
REC:0.7172896252243863
TNR:0.7172896252243863
FPR:0.2511748725982035
FPDR:0.2511748725982035
F1:0.7311960340129353
BACC:0.0
CLSFE:0.131
MCC:0.465046744659272
GMEAN:0.6830660208799948
SAMPLES:2000.0
AUC:{'AUC macro OVO': 0.7488251274017965}
AVGP:{'avg_precision': 0.9303004860184361}


METRICS_PER_CLASSES
CLASS:0
ACC:0.869
PREC:0.5862068965517241
REC:0.498371335504886
TNR:0.9362079149438866
FPR:0.41379310344827586
FPDR:0.41379310344827586
F1:0.5387323943661971
BACC:0
CLSFE:0.41379310344827586
MCC:0.465046744659272
GMEAN:0.6830660208799948
SAMPLES:261
AUC:{}
AVGP:{}
CLASS:1
ACC:0.869
PREC:0.9114433582518688
REC:0.9362079149438866
TNR:0.498371335504886
FPR:0.0885566417481311
FPDR:0.0885566417481311
F1:0.9236596736596736
BACC:0
CLSFE:0.0885566417481311
MCC:0.465046744659272
GMEAN:0.6830660208799948
SAMPLES:1739
AUC:{}
AVGP:{}
