

GENERAL_METRICS
ACC:0.8685
PREC:0.7229223035532731
REC:0.6974051420884199
TNR:0.6974051420884199
FPR:0.27707769644672686
FPDR:0.27707769644672686
F1:0.7088516300157364
BACC:0.0
CLSFE:0.1315
MCC:0.41955218510984665
GMEAN:0.6559096724969739
SAMPLES:2000.0
AUC:{'AUC macro OVO': 0.7229223035532731}
AVGP:{'avg_precision': 0.929698814591492}


METRICS_PER_CLASSES
CLASS:0
ACC:0.8685
PREC:0.5311203319502075
REC:0.460431654676259
TNR:0.9343786295005807
FPR:0.46887966804979253
FPDR:0.46887966804979253
F1:0.4932562620423892
BACC:0
CLSFE:0.46887966804979253
MCC:0.41955218510984665
GMEAN:0.6559096724969739
SAMPLES:241
AUC:{}
AVGP:{}
CLASS:1
ACC:0.8685
PREC:0.9147242751563388
REC:0.9343786295005807
TNR:0.460431654676259
FPR:0.08527572484366117
FPDR:0.08527572484366117
F1:0.9244469979890836
BACC:0
CLSFE:0.08527572484366117
MCC:0.41955218510984665
GMEAN:0.6559096724969739
SAMPLES:1759
AUC:{}
AVGP:{}
