

GENERAL_METRICS
ACC:0.876
PREC:0.7638736338426404
REC:0.7334242743159705
TNR:0.7334242743159705
FPR:0.2361263661573596
FPDR:0.2361263661573596
F1:0.7470440877675417
BACC:0.0
CLSFE:0.124
MCC:0.49636483151342004
GMEAN:0.7039768903031413
SAMPLES:2000.0
AUC:{'AUC macro OVO': 0.7638736338426404}
AVGP:{'avg_precision': 0.933172271482337}


METRICS_PER_CLASSES
CLASS:0
ACC:0.876
PREC:0.6113207547169811
REC:0.5276872964169381
TNR:0.9391612522150029
FPR:0.3886792452830189
FPDR:0.3886792452830189
F1:0.5664335664335665
BACC:0
CLSFE:0.3886792452830189
MCC:0.49636483151342004
GMEAN:0.7039768903031413
SAMPLES:265
AUC:{}
AVGP:{}
CLASS:1
ACC:0.876
PREC:0.9164265129682997
REC:0.9391612522150029
TNR:0.5276872964169381
FPR:0.08357348703170028
FPDR:0.08357348703170028
F1:0.9276546091015169
BACC:0
CLSFE:0.08357348703170028
MCC:0.49636483151342004
GMEAN:0.7039768903031413
SAMPLES:1735
AUC:{}
AVGP:{}
