

GENERAL_METRICS
ACC:0.879
PREC:0.7682464280453676
REC:0.7272872643312351
TNR:0.7272872643312351
FPR:0.23175357195463248
FPDR:0.23175357195463248
F1:0.7449275362318841
BACC:0.0
CLSFE:0.121
MCC:0.49383801715565423
GMEAN:0.6940491520504706
SAMPLES:2000.0
AUC:{'AUC macro OVO': 0.7682464280453676}
AVGP:{'avg_precision': 0.9388423339841124}


METRICS_PER_CLASSES
CLASS:0
ACC:0.879
PREC:0.6209677419354839
REC:0.5099337748344371
TNR:0.944640753828033
FPR:0.3790322580645161
FPDR:0.3790322580645161
F1:0.56
BACC:0
CLSFE:0.3790322580645161
MCC:0.49383801715565423
GMEAN:0.6940491520504706
SAMPLES:248
AUC:{}
AVGP:{}
CLASS:1
ACC:0.879
PREC:0.9155251141552512
REC:0.944640753828033
TNR:0.5099337748344371
FPR:0.08447488584474885
FPDR:0.08447488584474885
F1:0.9298550724637681
BACC:0
CLSFE:0.08447488584474885
MCC:0.49383801715565423
GMEAN:0.6940491520504706
SAMPLES:1752
AUC:{}
AVGP:{}
