

GENERAL_METRICS
ACC:0.817
PREC:0.6964478704867774
REC:0.7561048371444385
TNR:0.7561048371444385
FPR:0.30355212951322263
FPDR:0.30355212951322263
F1:0.7167073029141995
BACC:0.0
CLSFE:0.183
MCC:0.4486033877642383
GMEAN:0.7505560044142162
SAMPLES:1000.0
AUC:{'AUC macro OVO': 0.6964478704867774}
AVGP:{'avg_precision': 0.8412526837506655}


METRICS_PER_CLASSES
CLASS:0
ACC:0.817
PREC:0.46638655462184875
REC:0.6646706586826348
TNR:0.8475390156062425
FPR:0.5336134453781513
FPDR:0.5336134453781513
F1:0.5481481481481482
BACC:0
CLSFE:0.5336134453781513
MCC:0.4486033877642383
GMEAN:0.7505560044142162
SAMPLES:238
AUC:{}
AVGP:{}
CLASS:1
ACC:0.817
PREC:0.926509186351706
REC:0.8475390156062425
TNR:0.6646706586826348
FPR:0.07349081364829396
FPDR:0.07349081364829396
F1:0.8852664576802508
BACC:0
CLSFE:0.07349081364829396
MCC:0.4486033877642383
GMEAN:0.7505560044142162
SAMPLES:762
AUC:{}
AVGP:{}
