

GENERAL_METRICS
ACC:0.803
PREC:0.6808114035087719
REC:0.7326483680048533
TNR:0.7326483680048533
FPR:0.3191885964912281
FPDR:0.3191885964912281
F1:0.6983519604825756
BACC:0.0
CLSFE:0.197
MCC:0.4101974058571448
GMEAN:0.7248050126127676
SAMPLES:1000.0
AUC:{'AUC macro OVO': 0.6808114035087719}
AVGP:{'avg_precision': 0.8328654688591202}


METRICS_PER_CLASSES
CLASS:0
ACC:0.803
PREC:0.44583333333333336
REC:0.6257309941520468
TNR:0.8395657418576599
FPR:0.5541666666666667
FPDR:0.5541666666666667
F1:0.5206812652068127
BACC:0
CLSFE:0.5541666666666667
MCC:0.4101974058571448
GMEAN:0.7248050126127676
SAMPLES:240
AUC:{}
AVGP:{}
CLASS:1
ACC:0.803
PREC:0.9157894736842105
REC:0.8395657418576599
TNR:0.6257309941520468
FPR:0.08421052631578947
FPDR:0.08421052631578947
F1:0.8760226557583386
BACC:0
CLSFE:0.08421052631578947
MCC:0.4101974058571448
GMEAN:0.7248050126127676
SAMPLES:760
AUC:{}
AVGP:{}
