

GENERAL_METRICS
ACC:0.816
PREC:0.7095523067236006
REC:0.7671597892592368
TNR:0.7671597892592368
FPR:0.2904476932763994
FPDR:0.2904476932763994
F1:0.7292700296037338
BACC:0.0
CLSFE:0.184
MCC:0.47321855459423434
GMEAN:0.7633308098166625
SAMPLES:1000.0
AUC:{'AUC macro OVO': 0.7095523067236006}
AVGP:{'avg_precision': 0.8364616921082785}


METRICS_PER_CLASSES
CLASS:0
ACC:0.816
PREC:0.49407114624505927
REC:0.6906077348066298
TNR:0.8437118437118437
FPR:0.5059288537549407
FPDR:0.5059288537549407
F1:0.576036866359447
BACC:0
CLSFE:0.5059288537549407
MCC:0.47321855459423434
GMEAN:0.7633308098166625
SAMPLES:253
AUC:{}
AVGP:{}
CLASS:1
ACC:0.816
PREC:0.9250334672021419
REC:0.8437118437118437
TNR:0.6906077348066298
FPR:0.0749665327978581
FPDR:0.0749665327978581
F1:0.8825031928480205
BACC:0
CLSFE:0.0749665327978581
MCC:0.47321855459423434
GMEAN:0.7633308098166625
SAMPLES:747
AUC:{}
AVGP:{}
