

GENERAL_METRICS
ACC:0.795
PREC:0.6760327211182849
REC:0.7399547134343025
TNR:0.7399547134343025
FPR:0.32396727888171506
FPDR:0.32396727888171506
F1:0.6947910509758498
BACC:0.0
CLSFE:0.205
MCC:0.411046864242989
GMEAN:0.735268018350078
SAMPLES:1000.0
AUC:{'AUC macro OVO': 0.6760327211182848}
AVGP:{'avg_precision': 0.8167649731917834}


METRICS_PER_CLASSES
CLASS:0
ACC:0.795
PREC:0.43023255813953487
REC:0.6568047337278107
TNR:0.8231046931407943
FPR:0.5697674418604651
FPDR:0.5697674418604651
F1:0.5199063231850117
BACC:0
CLSFE:0.5697674418604651
MCC:0.411046864242989
GMEAN:0.735268018350078
SAMPLES:258
AUC:{}
AVGP:{}
CLASS:1
ACC:0.795
PREC:0.921832884097035
REC:0.8231046931407943
TNR:0.6568047337278107
FPR:0.07816711590296496
FPDR:0.07816711590296496
F1:0.8696757787666879
BACC:0
CLSFE:0.07816711590296496
MCC:0.411046864242989
GMEAN:0.735268018350078
SAMPLES:742
AUC:{}
AVGP:{}
