

GENERAL_METRICS
ACC:0.9444444444444443
PREC:0.950943757784804
REC:0.8944583681425785
TNR:0.9716489472587034
FPR:0.04905624221519594
FPDR:0.04905624221519594
F1:0.9180368115879239
BACC:0.0
CLSFE:0.05555555555555555
MCC:0.881120475614061
GMEAN:0.9309527855715438
SAMPLES:900.0
AUC:0.998512516698576
AVGP:0.9928418352652597


METRICS_PER_CLASSES

======>> CLASS:0
ACC:0.9444444444444444
PREC:1.0
REC:0.8571428571428571
TNR:1.0
FPR:0.0
FPDR:0.0
F1:0.9230769230769231
BACC:0
CLSFE:0.0
MCC:0.8864052604279183
GMEAN:0.9258200997725514
SAMPLES:300
AUC:0.9979166666666668
AVGP:0.9959529761756021

======>> CLASS:1
ACC:0.9444444444444444
PREC:0.8732394366197183
REC:0.9841269841269841
TNR:0.9230769230769231
FPR:0.1267605633802817
FPDR:0.1267605633802817
F1:0.9253731343283582
BACC:0
CLSFE:0.1267605633802817
MCC:0.8853718186164631
GMEAN:0.9531132715605781
SAMPLES:355
AUC:0.996381961493733
AVGP:0.9945090814720279

======>> CLASS:2
ACC:0.9444444444444444
PREC:0.9795918367346939
REC:0.8421052631578947
TNR:0.991869918699187
FPR:0.02040816326530612
FPDR:0.02040816326530612
F1:0.9056603773584906
BACC:0
CLSFE:0.02040816326530612
MCC:0.8715843477978015
GMEAN:0.9139249853815019
SAMPLES:245
AUC:1.0
AVGP:1.0
