

GENERAL_METRICS
ACC:0.9192
PREC:0.5397077965582588
REC:0.5793971652413133
TNR:0.5793971652413133
FPR:0.46029220344174115
FPDR:0.46029220344174115
F1:0.5496238244141344
BACC:0.0
CLSFE:0.0808
MCC:0.11229757761776572
GMEAN:0.4523857112779259
SAMPLES:3750.0
AUC:{'AUC macro OVO': 0.5397077965582588}
AVGP:{'avg_precision': 0.941278233323829}


METRICS_PER_CLASSES
CLASS:0
ACC:0.9192
PREC:0.10504201680672269
REC:0.21739130434782608
TNR:0.9414030261348005
FPR:0.8949579831932774
FPDR:0.8949579831932774
F1:0.141643059490085
BACC:0
CLSFE:0.8949579831932774
MCC:0.11229757761776572
GMEAN:0.4523857112779259
SAMPLES:238
AUC:{}
AVGP:{}
CLASS:1
ACC:0.9192
PREC:0.974373576309795
REC:0.9414030261348005
TNR:0.21739130434782608
FPR:0.02562642369020501
FPDR:0.02562642369020501
F1:0.9576045893381838
BACC:0
CLSFE:0.02562642369020501
MCC:0.11229757761776572
GMEAN:0.4523857112779259
SAMPLES:3512
AUC:{}
AVGP:{}
