

GENERAL_METRICS
ACC:0.9130666666666667
PREC:0.5315778861781373
REC:0.5678129298486932
TNR:0.5678129298486932
FPR:0.4684221138218627
FPDR:0.4684221138218627
F1:0.5389603924550161
BACC:0.0
CLSFE:0.08693333333333333
MCC:0.09255028860393776
GMEAN:0.43257967120459706
SAMPLES:3750.0
AUC:{'AUC macro OVO': 0.5315778861781373}
AVGP:{'avg_precision': 0.9355163132448168}


METRICS_PER_CLASSES
CLASS:0
ACC:0.9130666666666667
PREC:0.08949416342412451
REC:0.2
TNR:0.9356258596973865
FPR:0.9105058365758755
FPDR:0.9105058365758755
F1:0.12365591397849462
BACC:0
CLSFE:0.9105058365758755
MCC:0.09255028860393776
GMEAN:0.43257967120459706
SAMPLES:257
AUC:{}
AVGP:{}
CLASS:1
ACC:0.9130666666666667
PREC:0.97366160893215
REC:0.9356258596973865
TNR:0.2
FPR:0.026338391067849985
FPDR:0.026338391067849985
F1:0.9542648709315376
BACC:0
CLSFE:0.026338391067849985
MCC:0.09255028860393776
GMEAN:0.43257967120459706
SAMPLES:3493
AUC:{}
AVGP:{}
