

GENERAL_METRICS
ACC:0.9224
PREC:0.5237922796700861
REC:0.562864958870722
TNR:0.562864958870722
FPR:0.4762077203299139
FPDR:0.4762077203299139
F1:0.5292625091073955
BACC:0.0
CLSFE:0.0776
MCC:0.07734857937675862
GMEAN:0.4181205803856746
SAMPLES:3750.0
AUC:{'AUC macro OVO': 0.5237922796700861}
AVGP:{'avg_precision': 0.9396259513945084}


METRICS_PER_CLASSES
CLASS:0
ACC:0.9224
PREC:0.06751054852320675
REC:0.18604651162790697
TNR:0.9396834061135371
FPR:0.9324894514767933
FPDR:0.9324894514767933
F1:0.09907120743034056
BACC:0
CLSFE:0.9324894514767933
MCC:0.07734857937675862
GMEAN:0.4181205803856746
SAMPLES:237
AUC:{}
AVGP:{}
CLASS:1
ACC:0.9224
PREC:0.9800740108169655
REC:0.9396834061135371
TNR:0.18604651162790697
FPR:0.019925989183034443
FPDR:0.019925989183034443
F1:0.9594538107844504
BACC:0
CLSFE:0.019925989183034443
MCC:0.07734857937675862
GMEAN:0.4181205803856746
SAMPLES:3513
AUC:{}
AVGP:{}
