

GENERAL_METRICS
ACC:0.916
PREC:0.5223922146120978
REC:0.5632757807457425
TNR:0.5632757807457425
FPR:0.4776077853879022
FPDR:0.4776077853879022
F1:0.5266857100956486
BACC:0.0
CLSFE:0.084
MCC:0.07528306216425343
GMEAN:0.42462932546923604
SAMPLES:3750.0
AUC:{'AUC macro OVO': 0.5223922146120978}
AVGP:{'avg_precision': 0.9333093100121643}


METRICS_PER_CLASSES
CLASS:0
ACC:0.916
PREC:0.06513409961685823
REC:0.19318181818181818
TNR:0.9333697433096668
FPR:0.9348659003831418
FPDR:0.9348659003831418
F1:0.09742120343839542
BACC:0
CLSFE:0.9348659003831418
MCC:0.07528306216425343
GMEAN:0.42462932546923604
SAMPLES:261
AUC:{}
AVGP:{}
CLASS:1
ACC:0.916
PREC:0.9796503296073373
REC:0.9333697433096668
TNR:0.19318181818181818
FPR:0.020349670392662653
FPDR:0.020349670392662653
F1:0.9559502167529017
BACC:0
CLSFE:0.020349670392662653
MCC:0.07528306216425343
GMEAN:0.42462932546923604
SAMPLES:3489
AUC:{}
AVGP:{}
