

GENERAL_METRICS
ACC:0.9043076923076923
PREC:0.5110364176323001
REC:0.5389487870619947
TNR:0.5389487870619947
FPR:0.4889635823676998
FPDR:0.4889635823676998
F1:0.5078181797818574
BACC:0.0
CLSFE:0.09569230769230769
MCC:0.04146589346861838
GMEAN:0.3803814229877399
SAMPLES:3250.0
AUC:{'AUC macro OVO': 0.5110364176323001}
AVGP:{'avg_precision': 0.9207215767600581}


METRICS_PER_CLASSES
CLASS:0
ACC:0.9043076923076923
PREC:0.04182509505703422
REC:0.15714285714285714
TNR:0.9207547169811321
FPR:0.9581749049429658
FPDR:0.9581749049429658
F1:0.06606606606606606
BACC:0
CLSFE:0.9581749049429658
MCC:0.04146589346861838
GMEAN:0.3803814229877399
SAMPLES:263
AUC:{}
AVGP:{}
CLASS:1
ACC:0.9043076923076923
PREC:0.9802477402075661
REC:0.9207547169811321
TNR:0.15714285714285714
FPR:0.01975225979243388
FPDR:0.01975225979243388
F1:0.9495702934976488
BACC:0
CLSFE:0.01975225979243388
MCC:0.04146589346861838
GMEAN:0.3803814229877399
SAMPLES:2987
AUC:{}
AVGP:{}
