

GENERAL_METRICS
ACC:0.9027692307692308
PREC:0.5207283456630853
REC:0.5618664079655867
TNR:0.5618664079655867
FPR:0.47927165433691465
FPDR:0.47927165433691465
F1:0.5228803716608594
BACC:0.0
CLSFE:0.09723076923076923
MCC:0.07162089888417032
GMEAN:0.43181485340740544
SAMPLES:3250.0
AUC:{'AUC macro OVO': 0.5207283456630853}
AVGP:{'avg_precision': 0.9212800581998334}


METRICS_PER_CLASSES
CLASS:0
ACC:0.9027692307692308
PREC:0.06390977443609022
REC:0.20238095238095238
TNR:0.9213518635502211
FPR:0.9360902255639098
FPDR:0.9360902255639098
F1:0.09714285714285714
BACC:0
CLSFE:0.9360902255639098
MCC:0.07162089888417032
GMEAN:0.43181485340740544
SAMPLES:266
AUC:{}
AVGP:{}
CLASS:1
ACC:0.9027692307692308
PREC:0.9775469168900804
REC:0.9213518635502211
TNR:0.20238095238095238
FPR:0.022453083109919572
FPDR:0.022453083109919572
F1:0.9486178861788618
BACC:0
CLSFE:0.022453083109919572
MCC:0.07162089888417032
GMEAN:0.43181485340740544
SAMPLES:2984
AUC:{}
AVGP:{}
