

GENERAL_METRICS
ACC:0.9110769230769231
PREC:0.5135911858028582
REC:0.5513821993766949
TNR:0.5513821993766949
FPR:0.48640881419714177
FPDR:0.48640881419714177
F1:0.5120218996570516
BACC:0.0
CLSFE:0.08892307692307692
MCC:0.052852436791056875
GMEAN:0.40518405779909455
SAMPLES:3250.0
AUC:{'AUC macro OVO': 0.5135911858028582}
AVGP:{'avg_precision': 0.9253117277350622}


METRICS_PER_CLASSES
CLASS:0
ACC:0.9110769230769231
PREC:0.04417670682730924
REC:0.1774193548387097
TNR:0.9253450439146801
FPR:0.9558232931726908
FPDR:0.9558232931726908
F1:0.0707395498392283
BACC:0
CLSFE:0.9558232931726908
MCC:0.052852436791056875
GMEAN:0.40518405779909455
SAMPLES:249
AUC:{}
AVGP:{}
CLASS:1
ACC:0.9110769230769231
PREC:0.9830056647784072
REC:0.9253450439146801
TNR:0.1774193548387097
FPR:0.016994335221592802
FPDR:0.016994335221592802
F1:0.9533042494748748
BACC:0
CLSFE:0.016994335221592802
MCC:0.052852436791056875
GMEAN:0.40518405779909455
SAMPLES:3001
AUC:{}
AVGP:{}
