

GENERAL_METRICS
ACC:0.9052307692307693
PREC:0.512537570508585
REC:0.5379487363727451
TNR:0.5379487363727451
FPR:0.48746242949141505
FPDR:0.48746242949141505
F1:0.5111770037347835
BACC:0.0
CLSFE:0.09476923076923077
MCC:0.04362499091048597
GMEAN:0.37463881108324126
SAMPLES:3250.0
AUC:{'AUC macro OVO': 0.512537570508585}
AVGP:{'avg_precision': 0.9239574947271784}


METRICS_PER_CLASSES
CLASS:0
ACC:0.9052307692307693
PREC:0.04743083003952569
REC:0.1518987341772152
TNR:0.923998738568275
FPR:0.9525691699604744
FPDR:0.9525691699604744
F1:0.07228915662650602
BACC:0
CLSFE:0.9525691699604744
MCC:0.04362499091048597
GMEAN:0.37463881108324126
SAMPLES:253
AUC:{}
AVGP:{}
CLASS:1
ACC:0.9052307692307693
PREC:0.9776443109776443
REC:0.923998738568275
TNR:0.1518987341772152
FPR:0.022355689022355688
FPDR:0.022355689022355688
F1:0.9500648508430609
BACC:0
CLSFE:0.022355689022355688
MCC:0.04362499091048597
GMEAN:0.37463881108324126
SAMPLES:2997
AUC:{}
AVGP:{}
