

GENERAL_METRICS
ACC:0.8771428571428571
PREC:0.7360425726287885
REC:0.7520099000969713
TNR:0.7520099000969713
FPR:0.2639574273712115
FPDR:0.2639574273712115
F1:0.7435820547647395
BACC:0.0
CLSFE:0.12285714285714286
MCC:0.4877912059347241
GMEAN:0.7323535347972935
SAMPLES:1750.0
AUC:{'AUC macro OVO': 0.7360425726287885}
AVGP:{'avg_precision': 0.9184112781411549}


METRICS_PER_CLASSES
CLASS:0
ACC:0.8771428571428571
PREC:0.5375494071146245
REC:0.5811965811965812
TNR:0.9228232189973615
FPR:0.4624505928853755
FPDR:0.4624505928853755
F1:0.5585215605749486
BACC:0
CLSFE:0.4624505928853755
MCC:0.4877912059347241
GMEAN:0.7323535347972935
SAMPLES:253
AUC:{}
AVGP:{}
CLASS:1
ACC:0.8771428571428571
PREC:0.9345357381429525
REC:0.9228232189973615
TNR:0.5811965811965812
FPR:0.06546426185704743
FPDR:0.06546426185704743
F1:0.9286425489545304
BACC:0
CLSFE:0.06546426185704743
MCC:0.4877912059347241
GMEAN:0.7323535347972935
SAMPLES:1497
AUC:{}
AVGP:{}
