

GENERAL_METRICS
ACC:0.8851428571428571
PREC:0.7643400461375398
REC:0.7722522334507919
TNR:0.7722522334507919
FPR:0.23565995386246025
FPDR:0.23565995386246025
F1:0.7681967984468692
BACC:0.0
CLSFE:0.11485714285714285
MCC:0.5365339428272197
GMEAN:0.7559592837763125
SAMPLES:1750.0
AUC:{'AUC macro OVO': 0.7643400461375397}
AVGP:{'avg_precision': 0.9250616356617611}


METRICS_PER_CLASSES
CLASS:0
ACC:0.8851428571428571
PREC:0.5930232558139535
REC:0.6144578313253012
TNR:0.9300466355762825
FPR:0.4069767441860465
FPDR:0.4069767441860465
F1:0.6035502958579881
BACC:0
CLSFE:0.4069767441860465
MCC:0.5365339428272197
GMEAN:0.7559592837763125
SAMPLES:258
AUC:{}
AVGP:{}
CLASS:1
ACC:0.8851428571428571
PREC:0.935656836461126
REC:0.9300466355762825
TNR:0.6144578313253012
FPR:0.064343163538874
FPDR:0.064343163538874
F1:0.9328433010357501
BACC:0
CLSFE:0.064343163538874
MCC:0.5365339428272197
GMEAN:0.7559592837763125
SAMPLES:1492
AUC:{}
AVGP:{}
