

GENERAL_METRICS
ACC:0.8794285714285714
PREC:0.7611089112200903
REC:0.7449602011762995
TNR:0.7449602011762995
FPR:0.23889108877990967
FPDR:0.23889108877990967
F1:0.7525948230173582
BACC:0.0
CLSFE:0.12057142857142857
MCC:0.5058113933924298
GMEAN:0.7201392189206739
SAMPLES:1750.0
AUC:{'AUC macro OVO': 0.7611089112200903}
AVGP:{'avg_precision': 0.9301596488511036}


METRICS_PER_CLASSES
CLASS:0
ACC:0.8794285714285714
PREC:0.5983263598326359
REC:0.5542635658914729
TNR:0.935656836461126
FPR:0.401673640167364
FPDR:0.401673640167364
F1:0.5754527162977867
BACC:0
CLSFE:0.401673640167364
MCC:0.5058113933924298
GMEAN:0.7201392189206739
SAMPLES:239
AUC:{}
AVGP:{}
CLASS:1
ACC:0.8794285714285714
PREC:0.9238914626075446
REC:0.935656836461126
TNR:0.5542635658914729
FPR:0.07610853739245532
FPDR:0.07610853739245532
F1:0.9297369297369298
BACC:0
CLSFE:0.07610853739245532
MCC:0.5058113933924298
GMEAN:0.7201392189206739
SAMPLES:1511
AUC:{}
AVGP:{}
