

GENERAL_METRICS
ACC:0.8782857142857143
PREC:0.7439255381211787
REC:0.7665149006622517
TNR:0.7665149006622517
FPR:0.2560744618788214
FPDR:0.2560744618788214
F1:0.7543578013392195
BACC:0.0
CLSFE:0.12171428571428572
MCC:0.5099403516543957
GMEAN:0.7508824830233146
SAMPLES:1750.0
AUC:{'AUC macro OVO': 0.7439255381211787}
AVGP:{'avg_precision': 0.915945570454428}


METRICS_PER_CLASSES
CLASS:0
ACC:0.8782857142857143
PREC:0.550561797752809
REC:0.6125
TNR:0.9205298013245033
FPR:0.449438202247191
FPDR:0.449438202247191
F1:0.5798816568047337
BACC:0
CLSFE:0.449438202247191
MCC:0.5099403516543957
GMEAN:0.7508824830233146
SAMPLES:267
AUC:{}
AVGP:{}
CLASS:1
ACC:0.8782857142857143
PREC:0.9372892784895482
REC:0.9205298013245033
TNR:0.6125
FPR:0.06271072151045179
FPDR:0.06271072151045179
F1:0.9288339458737053
BACC:0
CLSFE:0.06271072151045179
MCC:0.5099403516543957
GMEAN:0.7508824830233146
SAMPLES:1483
AUC:{}
AVGP:{}
