

GENERAL_METRICS
ACC:0.876
PREC:0.6314760508308895
REC:0.7283842993374672
TNR:0.7283842993374672
FPR:0.36852394916911047
FPDR:0.36852394916911047
F1:0.6600793330975819
BACC:0.0
CLSFE:0.124
MCC:0.34656639045741255
GMEAN:0.7077738113962427
SAMPLES:2000.0
AUC:{'AUC macro OVO': 0.6314760508308895}
AVGP:{'avg_precision': 0.8992536546407861}


METRICS_PER_CLASSES
CLASS:0
ACC:0.876
PREC:0.29924242424242425
REC:0.5563380281690141
TNR:0.9004305705059203
FPR:0.7007575757575758
FPDR:0.7007575757575758
F1:0.3891625615763547
BACC:0
CLSFE:0.7007575757575758
MCC:0.34656639045741255
GMEAN:0.7077738113962427
SAMPLES:264
AUC:{}
AVGP:{}
CLASS:1
ACC:0.876
PREC:0.9637096774193549
REC:0.9004305705059203
TNR:0.5563380281690141
FPR:0.036290322580645164
FPDR:0.036290322580645164
F1:0.9309961046188091
BACC:0
CLSFE:0.036290322580645164
MCC:0.34656639045741255
GMEAN:0.7077738113962427
SAMPLES:1736
AUC:{}
AVGP:{}
