

GENERAL_METRICS
ACC:0.892
PREC:0.6610838391296451
REC:0.7506929377255489
TNR:0.7506929377255489
FPR:0.338916160870355
FPDR:0.338916160870355
F1:0.6917491523101689
BACC:0.0
CLSFE:0.108
MCC:0.40190835199841496
GMEAN:0.7321864568608079
SAMPLES:2000.0
AUC:{'AUC macro OVO': 0.661083839129645}
AVGP:{'avg_precision': 0.9150738836918267}


METRICS_PER_CLASSES
CLASS:0
ACC:0.892
PREC:0.35684647302904565
REC:0.5850340136054422
TNR:0.9163518618456556
FPR:0.6431535269709544
FPDR:0.6431535269709544
F1:0.44329896907216493
BACC:0
CLSFE:0.6431535269709544
MCC:0.40190835199841496
GMEAN:0.7321864568608079
SAMPLES:241
AUC:{}
AVGP:{}
CLASS:1
ACC:0.892
PREC:0.9653212052302445
REC:0.9163518618456556
TNR:0.5850340136054422
FPR:0.03467879476975554
FPDR:0.03467879476975554
F1:0.9401993355481728
BACC:0
CLSFE:0.03467879476975554
MCC:0.40190835199841496
GMEAN:0.7321864568608079
SAMPLES:1759
AUC:{}
AVGP:{}
