

GENERAL_METRICS
ACC:0.879
PREC:0.6407158949527556
REC:0.7605737947352854
TNR:0.7605737947352854
FPR:0.35928410504724434
FPDR:0.35928410504724434
F1:0.6739871373106903
BACC:0.0
CLSFE:0.121
MCC:0.3829719296627957
GMEAN:0.7480626659206673
SAMPLES:2000.0
AUC:{'AUC macro OVO': 0.6407158949527556}
AVGP:{'avg_precision': 0.8968745679246176}


METRICS_PER_CLASSES
CLASS:0
ACC:0.879
PREC:0.3115942028985507
REC:0.6231884057971014
TNR:0.8979591836734694
FPR:0.6884057971014492
FPDR:0.6884057971014492
F1:0.41545893719806765
BACC:0
CLSFE:0.6884057971014492
MCC:0.3829719296627957
GMEAN:0.7480626659206673
SAMPLES:276
AUC:{}
AVGP:{}
CLASS:1
ACC:0.879
PREC:0.9698375870069605
REC:0.8979591836734694
TNR:0.6231884057971014
FPR:0.030162412993039442
FPDR:0.030162412993039442
F1:0.9325153374233128
BACC:0
CLSFE:0.030162412993039442
MCC:0.3829719296627957
GMEAN:0.7480626659206673
SAMPLES:1724
AUC:{}
AVGP:{}
