

GENERAL_METRICS
ACC:0.8805
PREC:0.6220089508175143
REC:0.7090402761053678
TNR:0.7090402761053678
FPR:0.37799104918248577
FPDR:0.37799104918248577
F1:0.648367816091954
BACC:0.0
CLSFE:0.1195
MCC:0.31940435041633
GMEAN:0.6809025426665343
SAMPLES:2000.0
AUC:{'AUC macro OVO': 0.6220089508175142}
AVGP:{'avg_precision': 0.9057743970024856}


METRICS_PER_CLASSES
CLASS:0
ACC:0.8805
PREC:0.2809917355371901
REC:0.5112781954887218
TNR:0.9068023567220139
FPR:0.71900826446281
FPDR:0.71900826446281
F1:0.3626666666666667
BACC:0
CLSFE:0.71900826446281
MCC:0.31940435041633
GMEAN:0.6809025426665343
SAMPLES:242
AUC:{}
AVGP:{}
CLASS:1
ACC:0.8805
PREC:0.9630261660978384
REC:0.9068023567220139
TNR:0.5112781954887218
FPR:0.036973833902161544
FPDR:0.036973833902161544
F1:0.9340689655172414
BACC:0
CLSFE:0.036973833902161544
MCC:0.31940435041633
GMEAN:0.6809025426665343
SAMPLES:1758
AUC:{}
AVGP:{}
