

GENERAL_METRICS
ACC:0.9017142857142857
PREC:0.7997043664401355
REC:0.8056111852840824
TNR:0.8056111852840824
FPR:0.2002956335598645
FPDR:0.2002956335598645
F1:0.8026100072135878
BACC:0.0
CLSFE:0.09828571428571428
MCC:0.6052867309386016
GMEAN:0.794223387867786
SAMPLES:1750.0
AUC:{'AUC macro OVO': 0.7997043664401355}
AVGP:{'avg_precision': 0.9356911163052076}


METRICS_PER_CLASSES
CLASS:0
ACC:0.9017142857142857
PREC:0.6550387596899225
REC:0.6706349206349206
TNR:0.9405874499332443
FPR:0.3449612403100775
FPDR:0.3449612403100775
F1:0.6627450980392157
BACC:0
CLSFE:0.3449612403100775
MCC:0.6052867309386016
GMEAN:0.794223387867786
SAMPLES:258
AUC:{}
AVGP:{}
CLASS:1
ACC:0.9017142857142857
PREC:0.9443699731903485
REC:0.9405874499332443
TNR:0.6706349206349206
FPR:0.05563002680965148
FPDR:0.05563002680965148
F1:0.9424749163879599
BACC:0
CLSFE:0.05563002680965148
MCC:0.6052867309386016
GMEAN:0.794223387867786
SAMPLES:1492
AUC:{}
AVGP:{}
