

GENERAL_METRICS
ACC:0.9017142857142857
PREC:0.7807814405964224
REC:0.819195025107017
TNR:0.819195025107017
FPR:0.21921855940357762
FPDR:0.21921855940357762
F1:0.7979844078862592
BACC:0.0
CLSFE:0.09828571428571428
MCC:0.5987454850961615
GMEAN:0.8115341233703521
SAMPLES:1750.0
AUC:{'AUC macro OVO': 0.7807814405964223}
AVGP:{'avg_precision': 0.9271923364772579}


METRICS_PER_CLASSES
CLASS:0
ACC:0.9017142857142857
PREC:0.6067415730337079
REC:0.7074235807860262
TNR:0.9309664694280079
FPR:0.39325842696629215
FPDR:0.39325842696629215
F1:0.6532258064516129
BACC:0
CLSFE:0.39325842696629215
MCC:0.5987454850961615
GMEAN:0.8115341233703521
SAMPLES:267
AUC:{}
AVGP:{}
CLASS:1
ACC:0.9017142857142857
PREC:0.9548213081591369
REC:0.9309664694280079
TNR:0.7074235807860262
FPR:0.045178691840863115
FPDR:0.045178691840863115
F1:0.9427430093209055
BACC:0
CLSFE:0.045178691840863115
MCC:0.5987454850961615
GMEAN:0.8115341233703521
SAMPLES:1483
AUC:{}
AVGP:{}
