

GENERAL_METRICS
ACC:0.8948571428571429
PREC:0.7894159704703859
REC:0.7759577125265023
TNR:0.7759577125265023
FPR:0.21058402952961408
FPDR:0.21058402952961408
F1:0.7824230236983221
BACC:0.0
CLSFE:0.10514285714285715
MCC:0.5652134788896862
GMEAN:0.7577161571432728
SAMPLES:1750.0
AUC:{'AUC macro OVO': 0.7894159704703859}
AVGP:{'avg_precision': 0.9379918913810098}


METRICS_PER_CLASSES
CLASS:0
ACC:0.8948571428571429
PREC:0.6443514644351465
REC:0.6086956521739131
TNR:0.9432197728790915
FPR:0.35564853556485354
FPDR:0.35564853556485354
F1:0.6260162601626016
BACC:0
CLSFE:0.35564853556485354
MCC:0.5652134788896862
GMEAN:0.7577161571432728
SAMPLES:239
AUC:{}
AVGP:{}
CLASS:1
ACC:0.8948571428571429
PREC:0.9344804765056254
REC:0.9432197728790915
TNR:0.6086956521739131
FPR:0.06551952349437459
FPDR:0.06551952349437459
F1:0.9388297872340425
BACC:0
CLSFE:0.06551952349437459
MCC:0.5652134788896862
GMEAN:0.7577161571432728
SAMPLES:1511
AUC:{}
AVGP:{}
