

GENERAL_METRICS
ACC:0.8914285714285715
PREC:0.762457721767646
REC:0.7832904422766174
TNR:0.7832904422766174
FPR:0.23754227823235405
FPDR:0.23754227823235405
F1:0.7722203345244097
BACC:0.0
CLSFE:0.10857142857142857
MCC:0.545350397738811
GMEAN:0.7693870486732332
SAMPLES:1750.0
AUC:{'AUC macro OVO': 0.7624577217676459}
AVGP:{'avg_precision': 0.9260206891729476}


METRICS_PER_CLASSES
CLASS:0
ACC:0.8914285714285715
PREC:0.5810276679841897
REC:0.6363636363636364
TNR:0.9302172481895984
FPR:0.4189723320158103
FPDR:0.4189723320158103
F1:0.6074380165289256
BACC:0
CLSFE:0.4189723320158103
MCC:0.545350397738811
GMEAN:0.7693870486732332
SAMPLES:253
AUC:{}
AVGP:{}
CLASS:1
ACC:0.8914285714285715
PREC:0.9438877755511023
REC:0.9302172481895984
TNR:0.6363636363636364
FPR:0.056112224448897796
FPDR:0.056112224448897796
F1:0.9370026525198939
BACC:0
CLSFE:0.056112224448897796
MCC:0.545350397738811
GMEAN:0.7693870486732332
SAMPLES:1497
AUC:{}
AVGP:{}
