

GENERAL_METRICS
ACC:0.8573333333333333
PREC:0.7194444444444446
REC:0.7338958676986846
TNR:0.7338958676986846
FPR:0.28055555555555556
FPDR:0.28055555555555556
F1:0.7262390879412156
BACC:0.0
CLSFE:0.14266666666666666
MCC:0.45310991489919583
GMEAN:0.7126429489223232
SAMPLES:1500.0
AUC:{'AUC macro OVO': 0.7194444444444444}
AVGP:{'avg_precision': 0.903848374195792}


METRICS_PER_CLASSES
CLASS:0
ACC:0.8573333333333333
PREC:0.5166666666666667
REC:0.5585585585585585
TNR:0.9092331768388107
FPR:0.48333333333333334
FPDR:0.48333333333333334
F1:0.5367965367965368
BACC:0
CLSFE:0.48333333333333334
MCC:0.45310991489919583
GMEAN:0.7126429489223232
SAMPLES:240
AUC:{}
AVGP:{}
CLASS:1
ACC:0.8573333333333333
PREC:0.9222222222222223
REC:0.9092331768388107
TNR:0.5585585585585585
FPR:0.07777777777777778
FPDR:0.07777777777777778
F1:0.9156816390858944
BACC:0
CLSFE:0.07777777777777778
MCC:0.45310991489919583
GMEAN:0.7126429489223232
SAMPLES:1260
AUC:{}
AVGP:{}
