

GENERAL_METRICS
ACC:0.854
PREC:0.7330353837203152
REC:0.744407173436358
TNR:0.744407173436358
FPR:0.26696461627968476
FPDR:0.26696461627968476
F1:0.7384535398740915
BACC:0.0
CLSFE:0.146
MCC:0.47730711055143227
GMEAN:0.7264676862422881
SAMPLES:1500.0
AUC:{'AUC macro OVO': 0.7330353837203153}
AVGP:{'avg_precision': 0.9003117529011431}


METRICS_PER_CLASSES
CLASS:0
ACC:0.854
PREC:0.5482625482625483
REC:0.5819672131147541
TNR:0.9068471337579618
FPR:0.4517374517374517
FPDR:0.4517374517374517
F1:0.5646123260437376
BACC:0
CLSFE:0.4517374517374517
MCC:0.47730711055143227
GMEAN:0.7264676862422881
SAMPLES:259
AUC:{}
AVGP:{}
CLASS:1
ACC:0.854
PREC:0.9178082191780822
REC:0.9068471337579618
TNR:0.5819672131147541
FPR:0.0821917808219178
FPDR:0.0821917808219178
F1:0.9122947537044453
BACC:0
CLSFE:0.0821917808219178
MCC:0.47730711055143227
GMEAN:0.7264676862422881
SAMPLES:1241
AUC:{}
AVGP:{}
