

GENERAL_METRICS
ACC:0.8786666666666667
PREC:0.7730718954248366
REC:0.7617086102007476
TNR:0.7617086102007476
FPR:0.22692810457516338
FPDR:0.22692810457516338
F1:0.7671752990901928
BACC:0.0
CLSFE:0.12133333333333333
MCC:0.5346597655949731
GMEAN:0.7422681311665548
SAMPLES:1500.0
AUC:{'AUC macro OVO': 0.7730718954248366}
AVGP:{'avg_precision': 0.9264082405725552}


METRICS_PER_CLASSES
CLASS:0
ACC:0.8786666666666667
PREC:0.6222222222222222
REC:0.5907172995780591
TNR:0.9326999208234362
FPR:0.37777777777777777
FPDR:0.37777777777777777
F1:0.6060606060606061
BACC:0
CLSFE:0.37777777777777777
MCC:0.5346597655949731
GMEAN:0.7422681311665548
SAMPLES:225
AUC:{}
AVGP:{}
CLASS:1
ACC:0.8786666666666667
PREC:0.923921568627451
REC:0.9326999208234362
TNR:0.5907172995780591
FPR:0.07607843137254902
FPDR:0.07607843137254902
F1:0.9282899921197794
BACC:0
CLSFE:0.07607843137254902
MCC:0.5346597655949731
GMEAN:0.7422681311665548
SAMPLES:1275
AUC:{}
AVGP:{}
