

GENERAL_METRICS
ACC:0.866
PREC:0.7482514806485416
REC:0.7836935497435035
TNR:0.7836935497435035
FPR:0.25174851935145826
FPDR:0.25174851935145826
F1:0.763683434561474
BACC:0.0
CLSFE:0.134
MCC:0.5307630121787519
GMEAN:0.7744728906466957
SAMPLES:1500.0
AUC:{'AUC macro OVO': 0.7482514806485419}
AVGP:{'avg_precision': 0.8978106993222627}


METRICS_PER_CLASSES
CLASS:0
ACC:0.866
PREC:0.5611510791366906
REC:0.6638297872340425
TNR:0.9035573122529644
FPR:0.43884892086330934
FPDR:0.43884892086330934
F1:0.6081871345029239
BACC:0
CLSFE:0.43884892086330934
MCC:0.5307630121787519
GMEAN:0.7744728906466957
SAMPLES:278
AUC:{}
AVGP:{}
CLASS:1
ACC:0.866
PREC:0.9353518821603928
REC:0.9035573122529644
TNR:0.6638297872340425
FPR:0.06464811783960721
FPDR:0.06464811783960721
F1:0.9191797346200241
BACC:0
CLSFE:0.06464811783960721
MCC:0.5307630121787519
GMEAN:0.7744728906466957
SAMPLES:1222
AUC:{}
AVGP:{}
