

GENERAL_METRICS
ACC:0.886
PREC:0.6044752202406939
REC:0.6941579789055062
TNR:0.6941579789055062
FPR:0.3955247797593061
FPDR:0.3955247797593061
F1:0.6296007485963818
BACC:0.0
CLSFE:0.114
MCC:0.2848487149884356
GMEAN:0.6596040109147909
SAMPLES:2000.0
AUC:{'AUC macro OVO': 0.6044752202406939}
AVGP:{'avg_precision': 0.9097114040950149}


METRICS_PER_CLASSES
CLASS:0
ACC:0.886
PREC:0.242152466367713
REC:0.4778761061946903
TNR:0.9104398516163222
FPR:0.757847533632287
FPDR:0.757847533632287
F1:0.32142857142857145
BACC:0
CLSFE:0.757847533632287
MCC:0.2848487149884356
GMEAN:0.6596040109147909
SAMPLES:223
AUC:{}
AVGP:{}
CLASS:1
ACC:0.886
PREC:0.9667979741136747
REC:0.9104398516163222
TNR:0.4778761061946903
FPR:0.033202025886325266
FPDR:0.033202025886325266
F1:0.9377729257641921
BACC:0
CLSFE:0.033202025886325266
MCC:0.2848487149884356
GMEAN:0.6596040109147909
SAMPLES:1777
AUC:{}
AVGP:{}
