

GENERAL_METRICS
ACC:0.8645
PREC:0.5959734312280409
REC:0.6559436793685582
TNR:0.6559436793685582
FPR:0.4040265687719591
FPDR:0.4040265687719591
F1:0.6141467196419965
BACC:0.0
CLSFE:0.1355
MCC:0.24467488622517825
GMEAN:0.60913039484326
SAMPLES:2000.0
AUC:{'AUC macro OVO': 0.5959734312280409}
AVGP:{'avg_precision': 0.8982319897776543}


METRICS_PER_CLASSES
CLASS:0
ACC:0.8645
PREC:0.23983739837398374
REC:0.4125874125874126
TNR:0.8992999461497039
FPR:0.7601626016260162
FPDR:0.7601626016260162
F1:0.3033419023136247
BACC:0
CLSFE:0.7601626016260162
MCC:0.24467488622517825
GMEAN:0.60913039484326
SAMPLES:246
AUC:{}
AVGP:{}
CLASS:1
ACC:0.8645
PREC:0.9521094640820981
REC:0.8992999461497039
TNR:0.4125874125874126
FPR:0.04789053591790194
FPDR:0.04789053591790194
F1:0.9249515369703684
BACC:0
CLSFE:0.04789053591790194
MCC:0.24467488622517825
GMEAN:0.60913039484326
SAMPLES:1754
AUC:{}
AVGP:{}
