

GENERAL_METRICS
ACC:0.8805
PREC:0.5941318032641366
REC:0.6805387409200968
TNR:0.6805387409200968
FPR:0.4058681967358634
FPDR:0.4058681967358634
F1:0.6169009208002764
BACC:0.0
CLSFE:0.1195
MCC:0.26072542830990225
GMEAN:0.6422041932181111
SAMPLES:2000.0
AUC:{'AUC macro OVO': 0.5941318032641366}
AVGP:{'avg_precision': 0.9050238733263789}


METRICS_PER_CLASSES
CLASS:0
ACC:0.8805
PREC:0.22270742358078602
REC:0.45535714285714285
TNR:0.9057203389830508
FPR:0.777292576419214
FPDR:0.777292576419214
F1:0.2991202346041056
BACC:0
CLSFE:0.777292576419214
MCC:0.26072542830990225
GMEAN:0.6422041932181111
SAMPLES:229
AUC:{}
AVGP:{}
CLASS:1
ACC:0.8805
PREC:0.9655561829474872
REC:0.9057203389830508
TNR:0.45535714285714285
FPR:0.034443817052512704
FPDR:0.034443817052512704
F1:0.9346816069964471
BACC:0
CLSFE:0.034443817052512704
MCC:0.26072542830990225
GMEAN:0.6422041932181111
SAMPLES:1771
AUC:{}
AVGP:{}
