

GENERAL_METRICS
ACC:0.882
PREC:0.6086639306885545
REC:0.6679446339469455
TNR:0.6679446339469455
FPR:0.3913360693114455
FPDR:0.3913360693114455
F1:0.6286084777983407
BACC:0.0
CLSFE:0.118
MCC:0.27018159865339125
GMEAN:0.6206402929114734
SAMPLES:2000.0
AUC:{'AUC macro OVO': 0.6086639306885546}
AVGP:{'avg_precision': 0.9138730951405736}


METRICS_PER_CLASSES
CLASS:0
ACC:0.882
PREC:0.26046511627906976
REC:0.42105263157894735
TNR:0.9148366363149437
FPR:0.7395348837209302
FPDR:0.7395348837209302
F1:0.3218390804597701
BACC:0
CLSFE:0.7395348837209302
MCC:0.27018159865339125
GMEAN:0.6206402929114734
SAMPLES:215
AUC:{}
AVGP:{}
CLASS:1
ACC:0.882
PREC:0.9568627450980393
REC:0.9148366363149437
TNR:0.42105263157894735
FPR:0.043137254901960784
FPDR:0.043137254901960784
F1:0.9353778751369113
BACC:0
CLSFE:0.043137254901960784
MCC:0.27018159865339125
GMEAN:0.6206402929114734
SAMPLES:1785
AUC:{}
AVGP:{}
