

GENERAL_METRICS
ACC:0.8854545454545455
PREC:0.6011882616453438
REC:0.6425725753996782
TNR:0.6425725753996782
FPR:0.3988117383546563
FPDR:0.3988117383546563
F1:0.6164814044949043
BACC:0.0
CLSFE:0.11454545454545455
MCC:0.2402221560388895
GMEAN:0.5783906908928361
SAMPLES:2750.0
AUC:{'AUC macro OVO': 0.6011882616453437}
AVGP:{'avg_precision': 0.9216268685463104}


METRICS_PER_CLASSES
CLASS:0
ACC:0.8854545454545455
PREC:0.2490566037735849
REC:0.3626373626373626
TNR:0.9225077881619937
FPR:0.7509433962264151
FPDR:0.7509433962264151
F1:0.2953020134228188
BACC:0
CLSFE:0.7509433962264151
MCC:0.2402221560388895
GMEAN:0.5783906908928361
SAMPLES:265
AUC:{}
AVGP:{}
CLASS:1
ACC:0.8854545454545455
PREC:0.9533199195171026
REC:0.9225077881619937
TNR:0.3626373626373626
FPR:0.04668008048289739
FPDR:0.04668008048289739
F1:0.9376607955669899
BACC:0
CLSFE:0.04668008048289739
MCC:0.2402221560388895
GMEAN:0.5783906908928361
SAMPLES:2485
AUC:{}
AVGP:{}
