

GENERAL_METRICS
ACC:0.8916363636363637
PREC:0.5983614783493015
REC:0.6298076923076923
TNR:0.6298076923076923
FPR:0.40163852165069847
FPDR:0.40163852165069847
F1:0.6108005113972048
BACC:0.0
CLSFE:0.10836363636363637
MCC:0.22599182743184204
GMEAN:0.5536247085020268
SAMPLES:2750.0
AUC:{'AUC macro OVO': 0.5983614783493015}
AVGP:{'avg_precision': 0.9292894303149081}


METRICS_PER_CLASSES
CLASS:0
ACC:0.8916363636363637
PREC:0.24369747899159663
REC:0.32954545454545453
TNR:0.9300699300699301
FPR:0.7563025210084033
FPDR:0.7563025210084033
F1:0.28019323671497587
BACC:0
CLSFE:0.7563025210084033
MCC:0.22599182743184204
GMEAN:0.5536247085020268
SAMPLES:238
AUC:{}
AVGP:{}
CLASS:1
ACC:0.8916363636363637
PREC:0.9530254777070064
REC:0.9300699300699301
TNR:0.32954545454545453
FPR:0.046974522292993634
FPDR:0.046974522292993634
F1:0.9414077860794338
BACC:0
CLSFE:0.046974522292993634
MCC:0.22599182743184204
GMEAN:0.5536247085020268
SAMPLES:2512
AUC:{}
AVGP:{}
