

GENERAL_METRICS
ACC:0.9284705882352942
PREC:0.6467305391401792
REC:0.6643410826369608
TNR:0.6643410826369608
FPR:0.35326946085982075
FPDR:0.35326946085982075
F1:0.6549001507541446
BACC:0.0
CLSFE:0.07152941176470588
MCC:0.31057273324103657
GMEAN:0.5955096481112636
SAMPLES:4250.0
AUC:{'AUC macro OVO': 0.6467305391401792}
AVGP:{'avg_precision': 0.9582352699336457}


METRICS_PER_CLASSES
CLASS:0
ACC:0.9284705882352942
PREC:0.32793522267206476
REC:0.3698630136986301
TNR:0.9588191515752915
FPR:0.6720647773279352
FPDR:0.6720647773279352
F1:0.34763948497854075
BACC:0
CLSFE:0.6720647773279352
MCC:0.31057273324103657
GMEAN:0.5955096481112636
SAMPLES:247
AUC:{}
AVGP:{}
CLASS:1
ACC:0.9284705882352942
PREC:0.9655258556082937
REC:0.9588191515752915
TNR:0.3698630136986301
FPR:0.03447414439170622
FPDR:0.03447414439170622
F1:0.9621608165297486
BACC:0
CLSFE:0.03447414439170622
MCC:0.31057273324103657
GMEAN:0.5955096481112636
SAMPLES:4003
AUC:{}
AVGP:{}
