

GENERAL_METRICS
ACC:0.888
PREC:0.8888675500928238
REC:0.892384212906143
TNR:0.892384212906143
FPR:0.11113244990717625
FPDR:0.11113244990717625
F1:0.8878205128205128
BACC:0.0
CLSFE:0.112
MCC:0.7812438481496358
GMEAN:0.891214865471966
SAMPLES:500.0
AUC:{'AUC macro OVO': 0.8888675500928238}
AVGP:{'avg_precision': 0.8669419552644415}


METRICS_PER_CLASSES
CLASS:0
ACC:0.888
PREC:0.943089430894309
REC:0.8467153284671532
TNR:0.9380530973451328
FPR:0.056910569105691054
FPDR:0.056910569105691054
F1:0.8923076923076924
BACC:0
CLSFE:0.056910569105691054
MCC:0.7812438481496358
GMEAN:0.891214865471966
SAMPLES:246
AUC:{}
AVGP:{}
CLASS:1
ACC:0.888
PREC:0.8346456692913385
REC:0.9380530973451328
TNR:0.8467153284671532
FPR:0.16535433070866143
FPDR:0.16535433070866143
F1:0.8833333333333333
BACC:0
CLSFE:0.16535433070866143
MCC:0.7812438481496358
GMEAN:0.891214865471966
SAMPLES:254
AUC:{}
AVGP:{}
