

GENERAL_METRICS
ACC:0.844
PREC:0.8457830939456534
REC:0.8495896132489356
TNR:0.8495896132489356
FPR:0.15421690605434663
FPDR:0.15421690605434663
F1:0.84375
BACC:0.0
CLSFE:0.156
MCC:0.6953622885388057
GMEAN:0.848011710244226
SAMPLES:500.0
AUC:{'AUC macro OVO': 0.8457830939456533}
AVGP:{'avg_precision': 0.8169432046204045}


METRICS_PER_CLASSES
CLASS:0
ACC:0.844
PREC:0.9094650205761317
REC:0.7978339350180506
TNR:0.9013452914798207
FPR:0.09053497942386832
FPDR:0.09053497942386832
F1:0.85
BACC:0
CLSFE:0.09053497942386832
MCC:0.6953622885388057
GMEAN:0.848011710244226
SAMPLES:243
AUC:{}
AVGP:{}
CLASS:1
ACC:0.844
PREC:0.7821011673151751
REC:0.9013452914798207
TNR:0.7978339350180506
FPR:0.2178988326848249
FPDR:0.2178988326848249
F1:0.8375
BACC:0
CLSFE:0.2178988326848249
MCC:0.6953622885388057
GMEAN:0.848011710244226
SAMPLES:257
AUC:{}
AVGP:{}
