

GENERAL_METRICS
ACC:0.842
PREC:0.8379365716579688
REC:0.847483653655637
TNR:0.847483653655637
FPR:0.1620634283420313
FPDR:0.1620634283420313
F1:0.839768942758976
BACC:0.0
CLSFE:0.158
MCC:0.6853537323851704
GMEAN:0.8469107254588093
SAMPLES:500.0
AUC:{'AUC macro OVO': 0.8379365716579686}
AVGP:{'avg_precision': 0.7847403429043587}


METRICS_PER_CLASSES
CLASS:0
ACC:0.842
PREC:0.9056603773584906
REC:0.8163265306122449
TNR:0.8786407766990292
FPR:0.09433962264150944
FPDR:0.09433962264150944
F1:0.8586762075134168
BACC:0
CLSFE:0.09433962264150944
MCC:0.6853537323851704
GMEAN:0.8469107254588093
SAMPLES:265
AUC:{}
AVGP:{}
CLASS:1
ACC:0.842
PREC:0.7702127659574468
REC:0.8786407766990292
TNR:0.8163265306122449
FPR:0.2297872340425532
FPDR:0.2297872340425532
F1:0.8208616780045351
BACC:0
CLSFE:0.2297872340425532
MCC:0.6853537323851704
GMEAN:0.8469107254588093
SAMPLES:235
AUC:{}
AVGP:{}
