

GENERAL_METRICS
ACC:0.864
PREC:0.8610910723160038
REC:0.8703530146829116
TNR:0.8703530146829116
FPR:0.1389089276839962
FPDR:0.1389089276839962
F1:0.8625129399585921
BACC:0.0
CLSFE:0.136
MCC:0.7313854447753722
GMEAN:0.8694905092664711
SAMPLES:500.0
AUC:{'AUC macro OVO': 0.8610910723160038}
AVGP:{'avg_precision': 0.8207082540890072}


METRICS_PER_CLASSES
CLASS:0
ACC:0.864
PREC:0.9272030651340997
REC:0.8316151202749141
TNR:0.9090909090909091
FPR:0.07279693486590039
FPDR:0.07279693486590039
F1:0.8768115942028986
BACC:0
CLSFE:0.07279693486590039
MCC:0.7313854447753722
GMEAN:0.8694905092664711
SAMPLES:261
AUC:{}
AVGP:{}
CLASS:1
ACC:0.864
PREC:0.7949790794979079
REC:0.9090909090909091
TNR:0.8316151202749141
FPR:0.20502092050209206
FPDR:0.20502092050209206
F1:0.8482142857142857
BACC:0
CLSFE:0.20502092050209206
MCC:0.7313854447753722
GMEAN:0.8694905092664711
SAMPLES:239
AUC:{}
AVGP:{}
