

GENERAL_METRICS
ACC:0.926
PREC:0.49887217900405323
REC:0.488512206597313
TNR:0.488512206597313
FPR:0.5011278209959468
FPDR:0.5011278209959468
F1:0.48461491665998624
BACC:0.0
CLSFE:0.074
MCC:-0.007198937309533746
GMEAN:0.2057767841552501
SAMPLES:3500.0
AUC:{'AUC macro OVO': 0.49887217900405323}
AVGP:{'avg_precision': 0.9315707977546339}


METRICS_PER_CLASSES
CLASS:0
ACC:0.926
PREC:0.0041841004184100415
REC:0.045454545454545456
TNR:0.9315698677400805
FPR:0.99581589958159
FPDR:0.99581589958159
F1:0.007662835249042145
BACC:0
CLSFE:0.99581589958159
MCC:-0.007198937309533746
GMEAN:0.2057767841552501
SAMPLES:239
AUC:{}
AVGP:{}
CLASS:1
ACC:0.926
PREC:0.9935602575896965
REC:0.9315698677400805
TNR:0.045454545454545456
FPR:0.006439742410303588
FPDR:0.006439742410303588
F1:0.9615669980709304
BACC:0
CLSFE:0.006439742410303588
MCC:-0.007198937309533746
GMEAN:0.2057767841552501
SAMPLES:3261
AUC:{}
AVGP:{}
