

GENERAL_METRICS
ACC:0.9288571428571428
PREC:0.5124075906152118
REC:0.6410919540229885
TNR:0.6410919540229885
FPR:0.4875924093847882
FPDR:0.4875924093847882
F1:0.5081359339575839
BACC:0.0
CLSFE:0.07114285714285715
MCC:0.0836806119628084
GMEAN:0.5711955600458498
SAMPLES:3500.0
AUC:{'AUC macro OVO': 0.5124075906152118}
AVGP:{'avg_precision': 0.9321774719903525}


METRICS_PER_CLASSES
CLASS:0
ACC:0.9288571428571428
PREC:0.02880658436213992
REC:0.35
TNR:0.9321839080459771
FPR:0.9711934156378601
FPDR:0.9711934156378601
F1:0.053231939163498096
BACC:0
CLSFE:0.9711934156378601
MCC:0.0836806119628084
GMEAN:0.5711955600458498
SAMPLES:243
AUC:{}
AVGP:{}
CLASS:1
ACC:0.9288571428571428
PREC:0.9960085968682837
REC:0.9321839080459771
TNR:0.35
FPR:0.003991403131716303
FPDR:0.003991403131716303
F1:0.9630399287516699
BACC:0
CLSFE:0.003991403131716303
MCC:0.0836806119628084
GMEAN:0.5711955600458498
SAMPLES:3257
AUC:{}
AVGP:{}
