

GENERAL_METRICS
ACC:0.9234285714285714
PREC:0.5052237227710807
REC:0.5591645108747725
TNR:0.5591645108747725
FPR:0.49477627722891926
FPDR:0.49477627722891926
F1:0.49456413970290286
BACC:0.0
CLSFE:0.07657142857142857
MCC:0.03516014804840278
GMEAN:0.4203972795148609
SAMPLES:3500.0
AUC:{'AUC macro OVO': 0.5052237227710807}
AVGP:{'avg_precision': 0.9278491118403133}


METRICS_PER_CLASSES
CLASS:0
ACC:0.9234285714285714
PREC:0.01568627450980392
REC:0.19047619047619047
TNR:0.9278528312733544
FPR:0.984313725490196
FPDR:0.984313725490196
F1:0.028985507246376812
BACC:0
CLSFE:0.984313725490196
MCC:0.03516014804840278
GMEAN:0.4203972795148609
SAMPLES:255
AUC:{}
AVGP:{}
CLASS:1
ACC:0.9234285714285714
PREC:0.9947611710323575
REC:0.9278528312733544
TNR:0.19047619047619047
FPR:0.005238828967642527
FPDR:0.005238828967642527
F1:0.9601427721594289
BACC:0
CLSFE:0.005238828967642527
MCC:0.03516014804840278
GMEAN:0.4203972795148609
SAMPLES:3245
AUC:{}
AVGP:{}
