

GENERAL_METRICS
ACC:0.9362857142857143
PREC:0.5028694630004956
REC:0.5411646586345381
TNR:0.5411646586345381
FPR:0.4971305369995044
FPDR:0.4971305369995044
F1:0.4923481483553186
BACC:0.0
CLSFE:0.06371428571428571
MCC:0.021736647844581725
GMEAN:0.3663472541595968
SAMPLES:3500.0
AUC:{'AUC macro OVO': 0.5028694630004956}
AVGP:{'avg_precision': 0.9394709721584412}


METRICS_PER_CLASSES
CLASS:0
ACC:0.9362857142857143
PREC:0.009389671361502348
REC:0.14285714285714285
TNR:0.9394721744119334
FPR:0.9906103286384976
FPDR:0.9906103286384976
F1:0.01762114537444934
BACC:0
CLSFE:0.9906103286384976
MCC:0.021736647844581725
GMEAN:0.3663472541595968
SAMPLES:213
AUC:{}
AVGP:{}
CLASS:1
ACC:0.9362857142857143
PREC:0.9963492546394889
REC:0.9394721744119334
TNR:0.14285714285714285
FPR:0.0036507453605111044
FPDR:0.0036507453605111044
F1:0.9670751513361878
BACC:0
CLSFE:0.0036507453605111044
MCC:0.021736647844581725
GMEAN:0.3663472541595968
SAMPLES:3287
AUC:{}
AVGP:{}
