

GENERAL_METRICS
ACC:0.882
PREC:0.5791521506674485
REC:0.6019687201719164
TNR:0.6019687201719164
FPR:0.4208478493325515
FPDR:0.4208478493325515
F1:0.588187575518333
BACC:0.0
CLSFE:0.118
MCC:0.17967797307866565
GMEAN:0.5077435528592816
SAMPLES:3000.0
AUC:{'AUC macro OVO': 0.5791521506674485}
AVGP:{'avg_precision': 0.9246060685031805}


METRICS_PER_CLASSES
CLASS:0
ACC:0.882
PREC:0.21132075471698114
REC:0.27860696517412936
TNR:0.9253304751697035
FPR:0.7886792452830189
FPDR:0.7886792452830189
F1:0.24034334763948498
BACC:0
CLSFE:0.7886792452830189
MCC:0.17967797307866565
GMEAN:0.5077435528592816
SAMPLES:265
AUC:{}
AVGP:{}
CLASS:1
ACC:0.882
PREC:0.946983546617916
REC:0.9253304751697035
TNR:0.27860696517412936
FPR:0.05301645338208409
FPDR:0.05301645338208409
F1:0.9360318033971811
BACC:0
CLSFE:0.05301645338208409
MCC:0.17967797307866565
GMEAN:0.5077435528592816
SAMPLES:2735
AUC:{}
AVGP:{}
