

GENERAL_METRICS
ACC:0.9392941176470588
PREC:0.5081229563657217
REC:0.5904356540440721
TNR:0.5904356540440721
FPR:0.49187704363427837
FPDR:0.49187704363427837
F1:0.5029861624820504
BACC:0.0
CLSFE:0.06070588235294118
MCC:0.05420719036089206
GMEAN:0.4737831707178441
SAMPLES:4250.0
AUC:{'AUC macro OVO': 0.5081229563657216}
AVGP:{'avg_precision': 0.942772497803841}


METRICS_PER_CLASSES
CLASS:0
ACC:0.9392941176470588
PREC:0.020242914979757085
REC:0.23809523809523808
TNR:0.9427760699929061
FPR:0.979757085020243
FPDR:0.979757085020243
F1:0.03731343283582089
BACC:0
CLSFE:0.979757085020243
MCC:0.05420719036089206
GMEAN:0.4737831707178441
SAMPLES:247
AUC:{}
AVGP:{}
CLASS:1
ACC:0.9392941176470588
PREC:0.9960029977516862
REC:0.9427760699929061
TNR:0.23809523809523808
FPR:0.003997002248313765
FPDR:0.003997002248313765
F1:0.9686588921282799
BACC:0
CLSFE:0.003997002248313765
MCC:0.05420719036089206
GMEAN:0.4737831707178441
SAMPLES:4003
AUC:{}
AVGP:{}
