

GENERAL_METRICS
ACC:0.9435294117647058
PREC:0.5192515682457279
REC:0.6406003159557662
TNR:0.6406003159557662
FPR:0.4807484317542721
FPDR:0.4807484317542721
F1:0.5238984316654219
BACC:0.0
CLSFE:0.05647058823529412
MCC:0.10405338203044312
GMEAN:0.5620994273193427
SAMPLES:4250.0
AUC:{'AUC macro OVO': 0.5192515682457278}
AVGP:{'avg_precision': 0.947857423226771}


METRICS_PER_CLASSES
CLASS:0
ACC:0.9435294117647058
PREC:0.043478260869565216
REC:0.3333333333333333
TNR:0.9478672985781991
FPR:0.9565217391304348
FPDR:0.9565217391304348
F1:0.07692307692307693
BACC:0
CLSFE:0.9565217391304348
MCC:0.10405338203044312
GMEAN:0.5620994273193427
SAMPLES:230
AUC:{}
AVGP:{}
CLASS:1
ACC:0.9435294117647058
PREC:0.9950248756218906
REC:0.9478672985781991
TNR:0.3333333333333333
FPR:0.004975124378109453
FPDR:0.004975124378109453
F1:0.970873786407767
BACC:0
CLSFE:0.004975124378109453
MCC:0.10405338203044312
GMEAN:0.5620994273193427
SAMPLES:4020
AUC:{}
AVGP:{}
