

GENERAL_METRICS
ACC:0.9409411764705883
PREC:0.5205
REC:0.7108597936659775
TNR:0.7108597936659775
FPR:0.4795
FPDR:0.4795
F1:0.5250383909676483
BACC:0.0
CLSFE:0.05905882352941177
MCC:0.13149335755318653
GMEAN:0.6717286556028446
SAMPLES:4250.0
AUC:{'AUC macro OVO': 0.5205000000000001}
AVGP:{'avg_precision': 0.9434518710252021}


METRICS_PER_CLASSES
CLASS:0
ACC:0.9409411764705883
PREC:0.044
REC:0.4782608695652174
TNR:0.9434587177667376
FPR:0.956
FPDR:0.956
F1:0.08058608058608059
BACC:0
CLSFE:0.956
MCC:0.13149335755318653
GMEAN:0.6717286556028446
SAMPLES:250
AUC:{}
AVGP:{}
CLASS:1
ACC:0.9409411764705883
PREC:0.997
REC:0.9434587177667376
TNR:0.4782608695652174
FPR:0.003
FPDR:0.003
F1:0.969490701349216
BACC:0
CLSFE:0.003
MCC:0.13149335755318653
GMEAN:0.6717286556028446
SAMPLES:4000
AUC:{}
AVGP:{}
