

GENERAL_METRICS
ACC:0.9369411764705883
PREC:0.507465142307662
REC:0.5747061839406846
TNR:0.5747061839406846
FPR:0.492534857692338
FPDR:0.492534857692338
F1:0.5016878737340946
BACC:0.0
CLSFE:0.06305882352941176
MCC:0.04723101923014509
GMEAN:0.4427845211810227
SAMPLES:4250.0
AUC:{'AUC macro OVO': 0.5074651423076619}
AVGP:{'avg_precision': 0.9410750227692128}


METRICS_PER_CLASSES
CLASS:0
ACC:0.9369411764705883
PREC:0.01968503937007874
REC:0.20833333333333334
TNR:0.941079034548036
FPR:0.9803149606299213
FPDR:0.9803149606299213
F1:0.03597122302158273
BACC:0
CLSFE:0.9803149606299213
MCC:0.04723101923014509
GMEAN:0.4427845211810227
SAMPLES:254
AUC:{}
AVGP:{}
CLASS:1
ACC:0.9369411764705883
PREC:0.9952452452452453
REC:0.941079034548036
TNR:0.20833333333333334
FPR:0.004754754754754755
FPDR:0.004754754754754755
F1:0.9674045244466066
BACC:0
CLSFE:0.004754754754754755
MCC:0.04723101923014509
GMEAN:0.4427845211810227
SAMPLES:3996
AUC:{}
AVGP:{}
