

GENERAL_METRICS
ACC:0.884
PREC:0.5998595724762054
REC:0.7028169014084507
TNR:0.7028169014084507
FPR:0.40014042752379464
FPDR:0.40014042752379464
F1:0.6257978677647086
BACC:0.0
CLSFE:0.116
MCC:0.2846275395361213
GMEAN:0.672916712088837
SAMPLES:2250.0
AUC:{'AUC macro OVO': 0.5998595724762054}
AVGP:{'avg_precision': 0.9049811994136767}


METRICS_PER_CLASSES
CLASS:0
ACC:0.884
PREC:0.22988505747126436
REC:0.5
TNR:0.9056338028169014
FPR:0.7701149425287356
FPDR:0.7701149425287356
F1:0.31496062992125984
BACC:0
CLSFE:0.7701149425287356
MCC:0.2846275395361213
GMEAN:0.672916712088837
SAMPLES:261
AUC:{}
AVGP:{}
CLASS:1
ACC:0.884
PREC:0.9698340874811463
REC:0.9056338028169014
TNR:0.5
FPR:0.030165912518853696
FPDR:0.030165912518853696
F1:0.9366351056081573
BACC:0
CLSFE:0.030165912518853696
MCC:0.2846275395361213
GMEAN:0.672916712088837
SAMPLES:1989
AUC:{}
AVGP:{}
