

GENERAL_METRICS
ACC:0.8831111111111111
PREC:0.5969823533099298
REC:0.6892279289506577
TNR:0.6892279289506577
FPR:0.40301764669007023
FPDR:0.40301764669007023
F1:0.6211245701436557
BACC:0.0
CLSFE:0.11688888888888889
MCC:0.27093740872459066
GMEAN:0.6539488944897767
SAMPLES:2250.0
AUC:{'AUC macro OVO': 0.5969823533099298}
AVGP:{'avg_precision': 0.9062367293071819}


METRICS_PER_CLASSES
CLASS:0
ACC:0.8831111111111111
PREC:0.2265625
REC:0.4715447154471545
TNR:0.9069111424541608
FPR:0.7734375
FPDR:0.7734375
F1:0.30606860158311344
BACC:0
CLSFE:0.7734375
MCC:0.27093740872459066
GMEAN:0.6539488944897767
SAMPLES:256
AUC:{}
AVGP:{}
CLASS:1
ACC:0.8831111111111111
PREC:0.9674022066198595
REC:0.9069111424541608
TNR:0.4715447154471545
FPR:0.03259779338014042
FPDR:0.03259779338014042
F1:0.936180538704198
BACC:0
CLSFE:0.03259779338014042
MCC:0.27093740872459066
GMEAN:0.6539488944897767
SAMPLES:1994
AUC:{}
AVGP:{}
