

GENERAL_METRICS
ACC:0.8866666666666667
PREC:0.5769886511531053
REC:0.646980507783221
TNR:0.646980507783221
FPR:0.4230113488468947
FPDR:0.4230113488468947
F1:0.5954432989545337
BACC:0.0
CLSFE:0.11333333333333333
MCC:0.21275179002799186
GMEAN:0.5895663008566141
SAMPLES:2250.0
AUC:{'AUC macro OVO': 0.5769886511531053}
AVGP:{'avg_precision': 0.9129189460313405}


METRICS_PER_CLASSES
CLASS:0
ACC:0.8866666666666667
PREC:0.18859649122807018
REC:0.3805309734513274
TNR:0.9134300421151147
FPR:0.8114035087719298
FPDR:0.8114035087719298
F1:0.25219941348973607
BACC:0
CLSFE:0.8114035087719298
MCC:0.21275179002799186
GMEAN:0.5895663008566141
SAMPLES:228
AUC:{}
AVGP:{}
CLASS:1
ACC:0.8866666666666667
PREC:0.9653808110781404
REC:0.9134300421151147
TNR:0.3805309734513274
FPR:0.03461918892185954
FPDR:0.03461918892185954
F1:0.9386871844193315
BACC:0
CLSFE:0.03461918892185954
MCC:0.21275179002799186
GMEAN:0.5895663008566141
SAMPLES:2022
AUC:{}
AVGP:{}
