

GENERAL_METRICS
ACC:0.8906666666666667
PREC:0.59608158612284
REC:0.7073061172868849
TNR:0.7073061172868849
FPR:0.40391841387716
FPDR:0.40391841387716
F1:0.6228752238220217
BACC:0.0
CLSFE:0.10933333333333334
MCC:0.2822644190250794
GMEAN:0.6776590010227516
SAMPLES:2250.0
AUC:{'AUC macro OVO': 0.59608158612284}
AVGP:{'avg_precision': 0.9094176164073484}


METRICS_PER_CLASSES
CLASS:0
ACC:0.8906666666666667
PREC:0.21862348178137653
REC:0.5046728971962616
TNR:0.9099393373775082
FPR:0.7813765182186235
FPDR:0.7813765182186235
F1:0.3050847457627119
BACC:0
CLSFE:0.7813765182186235
MCC:0.2822644190250794
GMEAN:0.6776590010227516
SAMPLES:247
AUC:{}
AVGP:{}
CLASS:1
ACC:0.8906666666666667
PREC:0.9735396904643036
REC:0.9099393373775082
TNR:0.5046728971962616
FPR:0.026460309535696454
FPDR:0.026460309535696454
F1:0.9406657018813314
BACC:0
CLSFE:0.026460309535696454
MCC:0.2822644190250794
GMEAN:0.6776590010227516
SAMPLES:2003
AUC:{}
AVGP:{}
