

GENERAL_METRICS
ACC:0.9442352941176471
PREC:0.49962649402390436
REC:0.47245114198257593
TNR:0.47245114198257593
FPR:0.5003735059760956
FPDR:0.5003735059760956
F1:0.4856589616362096
BACC:0.0
CLSFE:0.05576470588235294
MCC:-0.006415500948208972
GMEAN:0.0
SAMPLES:4250.0
AUC:{'AUC macro OVO': 0.49962649402390436}
AVGP:{'avg_precision': 0.9449023130183183}


METRICS_PER_CLASSES
CLASS:0
ACC:0.9442352941176471
PREC:0.0
REC:0.0
TNR:0.9449022839651519
FPR:1.0
FPDR:1.0
F1:0.0
BACC:0
CLSFE:1.0
MCC:-0.006415500948208972
GMEAN:0
SAMPLES:234
AUC:{}
AVGP:{}
CLASS:1
ACC:0.9442352941176471
PREC:0.9992529880478087
REC:0.9449022839651519
TNR:0.0
FPR:0.000747011952191235
FPDR:0.000747011952191235
F1:0.9713179232724192
BACC:0
CLSFE:0.000747011952191235
MCC:-0.006415500948208972
GMEAN:0
SAMPLES:4016
AUC:{}
AVGP:{}
