

GENERAL_METRICS
ACC:0.9388235294117647
PREC:0.499749498997996
REC:0.4696327683615819
TNR:0.4696327683615819
FPR:0.500250501002004
FPDR:0.500250501002004
F1:0.4842233009708738
BACC:0.0
CLSFE:0.0611764705882353
MCC:-0.005516166043009054
GMEAN:0.0
SAMPLES:4250.0
AUC:{'AUC macro OVO': 0.499749498997996}
AVGP:{'avg_precision': 0.939265551042264}


METRICS_PER_CLASSES
CLASS:0
ACC:0.9388235294117647
PREC:0.0
REC:0.0
TNR:0.9392655367231638
FPR:1.0
FPDR:1.0
F1:0.0
BACC:0
CLSFE:1.0
MCC:-0.005516166043009054
GMEAN:0
SAMPLES:258
AUC:{}
AVGP:{}
CLASS:1
ACC:0.9388235294117647
PREC:0.999498997995992
REC:0.9392655367231638
TNR:0.0
FPR:0.000501002004008016
FPDR:0.000501002004008016
F1:0.9684466019417476
BACC:0
CLSFE:0.000501002004008016
MCC:-0.005516166043009054
GMEAN:0
SAMPLES:3992
AUC:{}
AVGP:{}
