

GENERAL_METRICS
ACC:0.9364705882352942
PREC:0.49974886991461576
REC:0.4684557438794727
TNR:0.4684557438794727
FPR:0.5002511300853842
FPDR:0.5002511300853842
F1:0.4835965978128797
BACC:0.0
CLSFE:0.06352941176470588
MCC:-0.005629107116738857
GMEAN:0.0
SAMPLES:4250.0
AUC:{'AUC macro OVO': 0.49974886991461576}
AVGP:{'avg_precision': 0.9369115026704027}


METRICS_PER_CLASSES
CLASS:0
ACC:0.9364705882352942
PREC:0.0
REC:0.0
TNR:0.9369114877589454
FPR:1.0
FPDR:1.0
F1:0.0
BACC:0
CLSFE:1.0
MCC:-0.005629107116738857
GMEAN:0
SAMPLES:268
AUC:{}
AVGP:{}
CLASS:1
ACC:0.9364705882352942
PREC:0.9994977398292315
REC:0.9369114877589454
TNR:0.0
FPR:0.0005022601707684581
FPDR:0.0005022601707684581
F1:0.9671931956257594
BACC:0
CLSFE:0.0005022601707684581
MCC:-0.005629107116738857
GMEAN:0
SAMPLES:3982
AUC:{}
AVGP:{}
