

GENERAL_METRICS
ACC:0.895
PREC:0.6751947430758017
REC:0.6675217351651628
TNR:0.6675217351651628
FPR:0.32480525692419826
FPDR:0.32480525692419826
F1:0.6712328767123288
BACC:0.0
CLSFE:0.105
MCC:0.3426305727857524
GMEAN:0.6072499845750464
SAMPLES:3000.0
AUC:{'AUC macro OVO': 0.6751947430758017}
AVGP:{'avg_precision': 0.9429133709036264}


METRICS_PER_CLASSES
CLASS:0
ACC:0.895
PREC:0.41015625
REC:0.3903345724907063
TNR:0.9447088978396192
FPR:0.58984375
FPDR:0.58984375
F1:0.4
BACC:0
CLSFE:0.58984375
MCC:0.3426305727857524
GMEAN:0.6072499845750464
SAMPLES:256
AUC:{}
AVGP:{}
CLASS:1
ACC:0.895
PREC:0.9402332361516035
REC:0.9447088978396192
TNR:0.3903345724907063
FPR:0.0597667638483965
FPDR:0.0597667638483965
F1:0.9424657534246575
BACC:0
CLSFE:0.0597667638483965
MCC:0.3426305727857524
GMEAN:0.6072499845750464
SAMPLES:2744
AUC:{}
AVGP:{}
