

GENERAL_METRICS
ACC:0.896
PREC:0.6797867487827314
REC:0.6583152627189325
TNR:0.6583152627189325
FPR:0.3202132512172686
FPDR:0.3202132512172686
F1:0.6680620355173622
BACC:0.0
CLSFE:0.104
MCC:0.3374195392500015
GMEAN:0.5904855863522339
SAMPLES:3000.0
AUC:{'AUC macro OVO': 0.6797867487827314}
AVGP:{'avg_precision': 0.9475286576795404}


METRICS_PER_CLASSES
CLASS:0
ACC:0.896
PREC:0.4225941422594142
REC:0.36727272727272725
TNR:0.9493577981651377
FPR:0.5774058577405857
FPDR:0.5774058577405857
F1:0.39299610894941633
BACC:0
CLSFE:0.5774058577405857
MCC:0.3374195392500015
GMEAN:0.5904855863522339
SAMPLES:239
AUC:{}
AVGP:{}
CLASS:1
ACC:0.896
PREC:0.9369793553060485
REC:0.9493577981651377
TNR:0.36727272727272725
FPR:0.06302064469395147
FPDR:0.06302064469395147
F1:0.943127962085308
BACC:0
CLSFE:0.06302064469395147
MCC:0.3374195392500015
GMEAN:0.5904855863522339
SAMPLES:2761
AUC:{}
AVGP:{}
