

GENERAL_METRICS
ACC:0.892
PREC:0.6546233794064074
REC:0.6535319476105431
TNR:0.6535319476105431
FPR:0.34537662059359264
FPDR:0.34537662059359264
F1:0.6540747995626822
BACC:0.0
CLSFE:0.108
MCC:0.3081533941814672
GMEAN:0.5867628107540415
SAMPLES:3000.0
AUC:{'AUC macro OVO': 0.6546233794064074}
AVGP:{'avg_precision': 0.9397431229152929}


METRICS_PER_CLASSES
CLASS:0
ACC:0.892
PREC:0.3686274509803922
REC:0.3657587548638132
TNR:0.9413051403572731
FPR:0.6313725490196078
FPDR:0.6313725490196078
F1:0.3671875
BACC:0
CLSFE:0.6313725490196078
MCC:0.3081533941814672
GMEAN:0.5867628107540415
SAMPLES:255
AUC:{}
AVGP:{}
CLASS:1
ACC:0.892
PREC:0.9406193078324225
REC:0.9413051403572731
TNR:0.3657587548638132
FPR:0.059380692167577416
FPDR:0.059380692167577416
F1:0.9409620991253644
BACC:0
CLSFE:0.059380692167577416
MCC:0.3081533941814672
GMEAN:0.5867628107540415
SAMPLES:2745
AUC:{}
AVGP:{}
