

GENERAL_METRICS
ACC:0.8873333333333333
PREC:0.660551761252314
REC:0.6584487072560468
TNR:0.6584487072560468
FPR:0.3394482387476861
FPDR:0.3394482387476861
F1:0.6594897584996595
BACC:0.0
CLSFE:0.11266666666666666
MCC:0.3189935360982136
GMEAN:0.595823103761354
SAMPLES:3000.0
AUC:{'AUC macro OVO': 0.660551761252314}
AVGP:{'avg_precision': 0.9368953812432554}


METRICS_PER_CLASSES
CLASS:0
ACC:0.8873333333333333
PREC:0.3837638376383764
REC:0.3781818181818182
TNR:0.9387155963302752
FPR:0.6162361623616236
FPDR:0.6162361623616236
F1:0.38095238095238093
BACC:0
CLSFE:0.6162361623616236
MCC:0.3189935360982136
GMEAN:0.595823103761354
SAMPLES:271
AUC:{}
AVGP:{}
CLASS:1
ACC:0.8873333333333333
PREC:0.9373396848662514
REC:0.9387155963302752
TNR:0.3781818181818182
FPR:0.06266031513374863
FPDR:0.06266031513374863
F1:0.938027136046938
BACC:0
CLSFE:0.06266031513374863
MCC:0.3189935360982136
GMEAN:0.595823103761354
SAMPLES:2729
AUC:{}
AVGP:{}
