

GENERAL_METRICS
ACC:0.739
PREC:0.6016077437149716
REC:0.6429425837320575
TNR:0.6429425837320575
FPR:0.39839225628502845
FPDR:0.39839225628502845
F1:0.6100840336134454
BACC:0.0
CLSFE:0.261
MCC:0.2410317274866755
GMEAN:0.6268513250620577
SAMPLES:1000.0
AUC:{'AUC macro OVO': 0.6016077437149716}
AVGP:{'avg_precision': 0.7806827537536176}


METRICS_PER_CLASSES
CLASS:0
ACC:0.739
PREC:0.31417624521072796
REC:0.5
TNR:0.7858851674641149
FPR:0.685823754789272
FPDR:0.685823754789272
F1:0.38588235294117645
BACC:0
CLSFE:0.685823754789272
MCC:0.2410317274866755
GMEAN:0.6268513250620577
SAMPLES:261
AUC:{}
AVGP:{}
CLASS:1
ACC:0.739
PREC:0.8890392422192152
REC:0.7858851674641149
TNR:0.5
FPR:0.11096075778078485
FPDR:0.11096075778078485
F1:0.8342857142857143
BACC:0
CLSFE:0.11096075778078485
MCC:0.2410317274866755
GMEAN:0.6268513250620577
SAMPLES:739
AUC:{}
AVGP:{}
