

GENERAL_METRICS
ACC:0.724
PREC:0.5783885422893961
REC:0.6196694201982855
TNR:0.6196694201982855
FPR:0.42161145771060393
FPDR:0.42161145771060393
F1:0.5826251066120651
BACC:0.0
CLSFE:0.276
MCC:0.19370814547623766
GMEAN:0.6013723362503711
SAMPLES:1000.0
AUC:{'AUC macro OVO': 0.5783885422893961}
AVGP:{'avg_precision': 0.7651958085670165}


METRICS_PER_CLASSES
CLASS:0
ACC:0.724
PREC:0.26591760299625467
REC:0.47019867549668876
TNR:0.7691401648998822
FPR:0.7340823970037453
FPDR:0.7340823970037453
F1:0.3397129186602871
BACC:0
CLSFE:0.7340823970037453
MCC:0.19370814547623766
GMEAN:0.6013723362503711
SAMPLES:267
AUC:{}
AVGP:{}
CLASS:1
ACC:0.724
PREC:0.8908594815825375
REC:0.7691401648998822
TNR:0.47019867549668876
FPR:0.10914051841746249
FPDR:0.10914051841746249
F1:0.8255372945638433
BACC:0
CLSFE:0.10914051841746249
MCC:0.19370814547623766
GMEAN:0.6013723362503711
SAMPLES:733
AUC:{}
AVGP:{}
