

GENERAL_METRICS
ACC:0.743
PREC:0.6219003850582798
REC:0.6520142949967511
TNR:0.6520142949967511
FPR:0.3780996149417202
FPDR:0.3780996149417202
F1:0.6309586889125344
BACC:0.0
CLSFE:0.257
MCC:0.27225430093548125
GMEAN:0.6352847744432226
SAMPLES:1000.0
AUC:{'AUC macro OVO': 0.6219003850582798}
AVGP:{'avg_precision': 0.7914375635194348}


METRICS_PER_CLASSES
CLASS:0
ACC:0.743
PREC:0.37065637065637064
REC:0.5052631578947369
TNR:0.7987654320987654
FPR:0.6293436293436293
FPDR:0.6293436293436293
F1:0.42761692650334077
BACC:0
CLSFE:0.6293436293436293
MCC:0.27225430093548125
GMEAN:0.6352847744432226
SAMPLES:259
AUC:{}
AVGP:{}
CLASS:1
ACC:0.743
PREC:0.873144399460189
REC:0.7987654320987654
TNR:0.5052631578947369
FPR:0.12685560053981107
FPDR:0.12685560053981107
F1:0.8343004513217279
BACC:0
CLSFE:0.12685560053981107
MCC:0.27225430093548125
GMEAN:0.6352847744432226
SAMPLES:741
AUC:{}
AVGP:{}
