

GENERAL_METRICS
ACC:0.764
PREC:0.6276097190264086
REC:0.6799107142857144
TNR:0.6799107142857144
FPR:0.3723902809735914
FPDR:0.3723902809735914
F1:0.6405748365833897
BACC:0.0
CLSFE:0.236
MCC:0.3030402989692326
GMEAN:0.6685705700543938
SAMPLES:1000.0
AUC:{'AUC macro OVO': 0.6276097190264086}
AVGP:{'avg_precision': 0.7980921103025661}


METRICS_PER_CLASSES
CLASS:0
ACC:0.764
PREC:0.35039370078740156
REC:0.55625
TNR:0.8035714285714286
FPR:0.6496062992125984
FPDR:0.6496062992125984
F1:0.42995169082125606
BACC:0
CLSFE:0.6496062992125984
MCC:0.3030402989692326
GMEAN:0.6685705700543938
SAMPLES:254
AUC:{}
AVGP:{}
CLASS:1
ACC:0.764
PREC:0.9048257372654156
REC:0.8035714285714286
TNR:0.55625
FPR:0.09517426273458444
FPDR:0.09517426273458444
F1:0.8511979823455234
BACC:0
CLSFE:0.09517426273458444
MCC:0.3030402989692326
GMEAN:0.6685705700543938
SAMPLES:746
AUC:{}
AVGP:{}
