

GENERAL_METRICS
ACC:0.8904615384615384
PREC:0.5733399510406054
REC:0.6006565468987743
TNR:0.6006565468987743
FPR:0.42666004895939463
FPDR:0.42666004895939463
F1:0.5835732795853729
BACC:0.0
CLSFE:0.10953846153846154
MCC:0.17183883404483993
GMEAN:0.5029297038231803
SAMPLES:3250.0
AUC:{'AUC macro OVO': 0.5733399510406054}
AVGP:{'avg_precision': 0.9285101206308026}


METRICS_PER_CLASSES
CLASS:0
ACC:0.8904615384615384
PREC:0.19330855018587362
REC:0.27225130890052357
TNR:0.9290617848970252
FPR:0.8066914498141264
FPDR:0.8066914498141264
F1:0.22608695652173913
BACC:0
CLSFE:0.8066914498141264
MCC:0.17183883404483993
GMEAN:0.5029297038231803
SAMPLES:269
AUC:{}
AVGP:{}
CLASS:1
ACC:0.8904615384615384
PREC:0.9533713518953372
REC:0.9290617848970252
TNR:0.27225130890052357
FPR:0.04662864810466286
FPDR:0.04662864810466286
F1:0.9410596026490067
BACC:0
CLSFE:0.04662864810466286
MCC:0.17183883404483993
GMEAN:0.5029297038231803
SAMPLES:2981
AUC:{}
AVGP:{}
