

GENERAL_METRICS
ACC:0.8793846153846154
PREC:0.5704081966676487
REC:0.5741516805048202
TNR:0.5741516805048202
FPR:0.42959180333235125
FPDR:0.42959180333235125
F1:0.5721938062796845
BACC:0.0
CLSFE:0.12061538461538461
MCC:0.14451139891676415
GMEAN:0.4485655225828365
SAMPLES:3250.0
AUC:{'AUC macro OVO': 0.5704081966676487}
AVGP:{'avg_precision': 0.9318417418435161}


METRICS_PER_CLASSES
CLASS:0
ACC:0.8793846153846154
PREC:0.20392156862745098
REC:0.2157676348547718
TNR:0.9325357261548687
FPR:0.796078431372549
FPDR:0.796078431372549
F1:0.20967741935483872
BACC:0
CLSFE:0.796078431372549
MCC:0.14451139891676415
GMEAN:0.4485655225828365
SAMPLES:255
AUC:{}
AVGP:{}
CLASS:1
ACC:0.8793846153846154
PREC:0.9368948247078465
REC:0.9325357261548687
TNR:0.2157676348547718
FPR:0.06310517529215359
FPDR:0.06310517529215359
F1:0.9347101932045303
BACC:0
CLSFE:0.06310517529215359
MCC:0.14451139891676415
GMEAN:0.4485655225828365
SAMPLES:2995
AUC:{}
AVGP:{}
