

GENERAL_METRICS
ACC:0.8963076923076924
PREC:0.5829335335343373
REC:0.6045298753171048
TNR:0.6045298753171048
FPR:0.4170664664656627
FPDR:0.4170664664656627
F1:0.5918197738489616
BACC:0.0
CLSFE:0.1036923076923077
MCC:0.1862152724128846
GMEAN:0.505642315514369
SAMPLES:3250.0
AUC:{'AUC macro OVO': 0.5829335335343373}
AVGP:{'avg_precision': 0.9352775446176285}


METRICS_PER_CLASSES
CLASS:0
ACC:0.8963076923076924
PREC:0.21285140562248997
REC:0.27319587628865977
TNR:0.9358638743455497
FPR:0.7871485943775101
FPDR:0.7871485943775101
F1:0.23927765237020315
BACC:0
CLSFE:0.7871485943775101
MCC:0.1862152724128846
GMEAN:0.505642315514369
SAMPLES:249
AUC:{}
AVGP:{}
CLASS:1
ACC:0.8963076923076924
PREC:0.9530156614461847
REC:0.9358638743455497
TNR:0.27319587628865977
FPR:0.0469843385538154
FPDR:0.0469843385538154
F1:0.94436189532772
BACC:0
CLSFE:0.0469843385538154
MCC:0.1862152724128846
GMEAN:0.505642315514369
SAMPLES:3001
AUC:{}
AVGP:{}
