

GENERAL_METRICS
ACC:0.8889230769230769
PREC:0.5684081311990572
REC:0.584855188274733
TNR:0.584855188274733
FPR:0.43159186880094275
FPDR:0.43159186880094275
F1:0.5751635525270934
BACC:0.0
CLSFE:0.11107692307692307
MCC:0.152378277354991
GMEAN:0.4706229149971037
SAMPLES:3250.0
AUC:{'AUC macro OVO': 0.5684081311990572}
AVGP:{'avg_precision': 0.9315442383783188}


METRICS_PER_CLASSES
CLASS:0
ACC:0.8889230769230769
PREC:0.18823529411764706
REC:0.2376237623762376
TNR:0.9320866141732284
FPR:0.8117647058823529
FPDR:0.8117647058823529
F1:0.2100656455142232
BACC:0
CLSFE:0.8117647058823529
MCC:0.152378277354991
GMEAN:0.4706229149971037
SAMPLES:255
AUC:{}
AVGP:{}
CLASS:1
ACC:0.8889230769230769
PREC:0.9485809682804675
REC:0.9320866141732284
TNR:0.2376237623762376
FPR:0.051419031719532556
FPDR:0.051419031719532556
F1:0.9402614595399635
BACC:0
CLSFE:0.051419031719532556
MCC:0.152378277354991
GMEAN:0.4706229149971037
SAMPLES:2995
AUC:{}
AVGP:{}
