

GENERAL_METRICS
ACC:0.9101818181818182
PREC:0.7166
REC:0.7272990575589215
TNR:0.7272990575589215
FPR:0.2834
FPDR:0.2834
F1:0.7217706243028905
BACC:0.0
CLSFE:0.08981818181818182
MCC:0.4437701020450223
GMEAN:0.6929186122021095
SAMPLES:2750.0
AUC:{'AUC macro OVO': 0.7166}
AVGP:{'avg_precision': 0.9464354664833774}


METRICS_PER_CLASSES
CLASS:0
ACC:0.9101818181818182
PREC:0.48
REC:0.5063291139240507
TNR:0.9482690011937923
FPR:0.52
FPDR:0.52
F1:0.4928131416837782
BACC:0
CLSFE:0.52
MCC:0.4437701020450223
GMEAN:0.6929186122021095
SAMPLES:250
AUC:{}
AVGP:{}
CLASS:1
ACC:0.9101818181818182
PREC:0.9532
REC:0.9482690011937923
TNR:0.5063291139240507
FPR:0.0468
FPDR:0.0468
F1:0.9507281069220028
BACC:0
CLSFE:0.0468
MCC:0.4437701020450223
GMEAN:0.6929186122021095
SAMPLES:2500
AUC:{}
AVGP:{}
