

GENERAL_METRICS
ACC:0.9112727272727272
PREC:0.7150525177633611
REC:0.7402087646652864
TNR:0.7402087646652864
FPR:0.28494748223663885
FPDR:0.28494748223663885
F1:0.7266691107580757
BACC:0.0
CLSFE:0.08872727272727272
MCC:0.45456572519316296
GMEAN:0.7111322730201807
SAMPLES:2750.0
AUC:{'AUC macro OVO': 0.7150525177633611}
AVGP:{'avg_precision': 0.9439082940709447}


METRICS_PER_CLASSES
CLASS:0
ACC:0.9112727272727272
PREC:0.47307692307692306
REC:0.5347826086956522
TNR:0.9456349206349206
FPR:0.5269230769230769
FPDR:0.5269230769230769
F1:0.5020408163265306
BACC:0
CLSFE:0.5269230769230769
MCC:0.45456572519316296
GMEAN:0.7111322730201807
SAMPLES:260
AUC:{}
AVGP:{}
CLASS:1
ACC:0.9112727272727272
PREC:0.9570281124497992
REC:0.9456349206349206
TNR:0.5347826086956522
FPR:0.0429718875502008
FPDR:0.0429718875502008
F1:0.9512974051896208
BACC:0
CLSFE:0.0429718875502008
MCC:0.45456572519316296
GMEAN:0.7111322730201807
SAMPLES:2490
AUC:{}
AVGP:{}
