

GENERAL_METRICS
ACC:0.9127272727272727
PREC:0.7531268617051171
REC:0.7361958318162272
TNR:0.7361958318162272
FPR:0.24687313829488286
FPDR:0.24687313829488286
F1:0.7442530561759787
BACC:0.0
CLSFE:0.08727272727272728
MCC:0.4890296909410357
GMEAN:0.7027221696459449
SAMPLES:2750.0
AUC:{'AUC macro OVO': 0.7531268617051172}
AVGP:{'avg_precision': 0.9532611581800902}


METRICS_PER_CLASSES
CLASS:0
ACC:0.9127272727272727
PREC:0.5582329317269076
REC:0.516728624535316
TNR:0.9556630390971382
FPR:0.44176706827309237
FPDR:0.44176706827309237
F1:0.5366795366795367
BACC:0
CLSFE:0.44176706827309237
MCC:0.4890296909410357
GMEAN:0.7027221696459449
SAMPLES:249
AUC:{}
AVGP:{}
CLASS:1
ACC:0.9127272727272727
PREC:0.9480207916833266
REC:0.9556630390971382
TNR:0.516728624535316
FPR:0.05197920831667333
FPDR:0.05197920831667333
F1:0.9518265756724207
BACC:0
CLSFE:0.05197920831667333
MCC:0.4890296909410357
GMEAN:0.7027221696459449
SAMPLES:2501
AUC:{}
AVGP:{}
