

GENERAL_METRICS
ACC:0.9236363636363636
PREC:0.7427556567746235
REC:0.7685258244186441
TNR:0.7685258244186441
FPR:0.25724434322537654
FPDR:0.25724434322537654
F1:0.7547745709510416
BACC:0.0
CLSFE:0.07636363636363637
MCC:0.5106316201243131
GMEAN:0.7459726565842568
SAMPLES:2750.0
AUC:{'AUC macro OVO': 0.7427556567746234}
AVGP:{'avg_precision': 0.9517548784515485}


METRICS_PER_CLASSES
CLASS:0
ACC:0.9236363636363636
PREC:0.5222672064777328
REC:0.583710407239819
TNR:0.9533412415974694
FPR:0.4777327935222672
FPDR:0.4777327935222672
F1:0.5512820512820513
BACC:0
CLSFE:0.4777327935222672
MCC:0.5106316201243131
GMEAN:0.7459726565842568
SAMPLES:247
AUC:{}
AVGP:{}
CLASS:1
ACC:0.9236363636363636
PREC:0.9632441070715142
REC:0.9533412415974694
TNR:0.583710407239819
FPR:0.036755892928485814
FPDR:0.036755892928485814
F1:0.9582670906200318
BACC:0
CLSFE:0.036755892928485814
MCC:0.5106316201243131
GMEAN:0.7459726565842568
SAMPLES:2503
AUC:{}
AVGP:{}
