

GENERAL_METRICS
ACC:0.8768
PREC:0.6110556601049284
REC:0.6186418043020504
TNR:0.6186418043020504
FPR:0.3889443398950716
FPDR:0.3889443398950716
F1:0.6146447024156272
BACC:0.0
CLSFE:0.1232
MCC:0.22957215765683728
GMEAN:0.5350277393561745
SAMPLES:2500.0
AUC:{'AUC macro OVO': 0.6110556601049284}
AVGP:{'avg_precision': 0.9279403733727576}


METRICS_PER_CLASSES
CLASS:0
ACC:0.8768
PREC:0.28634361233480177
REC:0.3080568720379147
TNR:0.9292267365661862
FPR:0.7136563876651982
FPDR:0.7136563876651982
F1:0.2968036529680365
BACC:0
CLSFE:0.7136563876651982
MCC:0.22957215765683728
GMEAN:0.5350277393561745
SAMPLES:227
AUC:{}
AVGP:{}
CLASS:1
ACC:0.8768
PREC:0.935767707875055
REC:0.9292267365661862
TNR:0.3080568720379147
FPR:0.06423229212494501
FPDR:0.06423229212494501
F1:0.9324857518632179
BACC:0
CLSFE:0.06423229212494501
MCC:0.22957215765683728
GMEAN:0.5350277393561745
SAMPLES:2273
AUC:{}
AVGP:{}
