

GENERAL_METRICS
ACC:0.874
PREC:0.5983185602203989
REC:0.6136812674340347
TNR:0.6136812674340347
FPR:0.40168143977960113
FPDR:0.40168143977960113
F1:0.6050713354005028
BACC:0.0
CLSFE:0.126
MCC:0.21144246061890606
GMEAN:0.5295106011181948
SAMPLES:2500.0
AUC:{'AUC macro OVO': 0.5983185602203989}
AVGP:{'avg_precision': 0.9227495623385187}


METRICS_PER_CLASSES
CLASS:0
ACC:0.874
PREC:0.2584745762711864
REC:0.3034825870646766
TNR:0.9238799478033928
FPR:0.7415254237288136
FPDR:0.7415254237288136
F1:0.2791762013729977
BACC:0
CLSFE:0.7415254237288136
MCC:0.21144246061890606
GMEAN:0.5295106011181948
SAMPLES:236
AUC:{}
AVGP:{}
CLASS:1
ACC:0.874
PREC:0.9381625441696113
REC:0.9238799478033928
TNR:0.3034825870646766
FPR:0.061837455830388695
FPDR:0.061837455830388695
F1:0.9309664694280079
BACC:0
CLSFE:0.061837455830388695
MCC:0.21144246061890606
GMEAN:0.5295106011181948
SAMPLES:2264
AUC:{}
AVGP:{}
