

GENERAL_METRICS
ACC:0.8672
PREC:0.5997659169054679
REC:0.6304146946866365
TNR:0.6304146946866365
FPR:0.4002340830945321
FPDR:0.4002340830945321
F1:0.6116443073606037
BACC:0.0
CLSFE:0.1328
MCC:0.22813102895799972
GMEAN:0.5637470049490452
SAMPLES:2500.0
AUC:{'AUC macro OVO': 0.5997659169054679}
AVGP:{'avg_precision': 0.9113382201597005}


METRICS_PER_CLASSES
CLASS:0
ACC:0.8672
PREC:0.25830258302583026
REC:0.3482587064676617
TNR:0.9125706829056112
FPR:0.7416974169741697
FPDR:0.7416974169741697
F1:0.2966101694915254
BACC:0
CLSFE:0.7416974169741697
MCC:0.22813102895799972
GMEAN:0.5637470049490452
SAMPLES:271
AUC:{}
AVGP:{}
CLASS:1
ACC:0.8672
PREC:0.9412292507851054
REC:0.9125706829056112
TNR:0.3482587064676617
FPR:0.05877074921489457
FPDR:0.05877074921489457
F1:0.926678445229682
BACC:0
CLSFE:0.05877074921489457
MCC:0.22813102895799972
GMEAN:0.5637470049490452
SAMPLES:2229
AUC:{}
AVGP:{}
