

GENERAL_METRICS
ACC:0.866
PREC:0.5919587578266875
REC:0.6105254176226322
TNR:0.6105254176226322
FPR:0.4080412421733125
FPDR:0.4080412421733125
F1:0.5997570345986746
BACC:0.0
CLSFE:0.134
MCC:0.20163114950674793
GMEAN:0.528201257102539
SAMPLES:2500.0
AUC:{'AUC macro OVO': 0.5919587578266875}
AVGP:{'avg_precision': 0.9155295303876951}


METRICS_PER_CLASSES
CLASS:0
ACC:0.866
PREC:0.24803149606299213
REC:0.30434782608695654
TNR:0.9167030091583079
FPR:0.7519685039370079
FPDR:0.7519685039370079
F1:0.27331887201735355
BACC:0
CLSFE:0.7519685039370079
MCC:0.20163114950674793
GMEAN:0.528201257102539
SAMPLES:254
AUC:{}
AVGP:{}
CLASS:1
ACC:0.866
PREC:0.9358860195903829
REC:0.9167030091583079
TNR:0.30434782608695654
FPR:0.06411398040961709
FPDR:0.06411398040961709
F1:0.9261951971799955
BACC:0
CLSFE:0.06411398040961709
MCC:0.20163114950674793
GMEAN:0.528201257102539
SAMPLES:2246
AUC:{}
AVGP:{}
