

GENERAL_METRICS
ACC:0.535
PREC:0.535
REC:0.5350877192982456
TNR:0.5350877192982456
FPR:0.46499999999999997
FPDR:0.46499999999999997
F1:0.5347091932457786
BACC:0.0
CLSFE:0.465
MCC:0.07008766440504624
GMEAN:0.5350848432479509
SAMPLES:1000.0
AUC:0.535
AVGP:0.5186666666666666


METRICS_PER_CLASSES

======>> CLASS:0
ACC:0.535
PREC:0.51
REC:0.5368421052631579
TNR:0.5333333333333333
FPR:0.49
FPDR:0.49
F1:0.5230769230769231
BACC:0
CLSFE:0.49
MCC:0.07008766440504624
GMEAN:0.5350848432479509
SAMPLES:500
AUC:0.535
AVGP:0.5186666666666666

======>> CLASS:1
ACC:0.535
PREC:0.56
REC:0.5333333333333333
TNR:0.5368421052631579
FPR:0.44
FPDR:0.44
F1:0.5463414634146342
BACC:0
CLSFE:0.44
MCC:0.07008766440504624
GMEAN:0.5350848432479509
SAMPLES:500
AUC:{}
AVGP:{}
