

GENERAL_METRICS
ACC:0.53
PREC:0.53
REC:0.5300480769230769
TNR:0.5300480769230769
FPR:0.47
FPDR:0.47
F1:0.529811924769908
BACC:0.0
CLSFE:0.47
MCC:0.06004805767690767
GMEAN:0.5300467141967482
SAMPLES:1000.0
AUC:0.53
AVGP:0.5158653846153847


METRICS_PER_CLASSES

======>> CLASS:0
ACC:0.53
PREC:0.51
REC:0.53125
TNR:0.5288461538461539
FPR:0.49
FPDR:0.49
F1:0.5204081632653061
BACC:0
CLSFE:0.49
MCC:0.06004805767690767
GMEAN:0.5300467141967482
SAMPLES:500
AUC:0.53
AVGP:0.5158653846153847

======>> CLASS:1
ACC:0.53
PREC:0.55
REC:0.5288461538461539
TNR:0.53125
FPR:0.45
FPDR:0.45
F1:0.5392156862745098
BACC:0
CLSFE:0.45
MCC:0.06004805767690767
GMEAN:0.5300467141967482
SAMPLES:500
AUC:{}
AVGP:{}
