

GENERAL_METRICS
ACC:0.8417777777777777
PREC:0.5647077114427861
REC:0.5704665715524092
TNR:0.5704665715524092
FPR:0.4352922885572139
FPDR:0.4352922885572139
F1:0.5673161066444257
BACC:0.0
CLSFE:0.1582222222222222
MCC:0.13505155428021892
GMEAN:0.460635767461794
SAMPLES:2250.0
AUC:{'AUC macro OVO': 0.5647077114427861}
AVGP:{'avg_precision': 0.9058536810697171}


METRICS_PER_CLASSES
CLASS:0
ACC:0.8417777777777777
PREC:0.2125
REC:0.23394495412844038
TNR:0.906988188976378
FPR:0.7875
FPDR:0.7875
F1:0.22270742358078602
BACC:0
CLSFE:0.7875
MCC:0.13505155428021892
GMEAN:0.460635767461794
SAMPLES:240
AUC:{}
AVGP:{}
CLASS:1
ACC:0.8417777777777777
PREC:0.9169154228855722
REC:0.906988188976378
TNR:0.23394495412844038
FPR:0.08308457711442786
FPDR:0.08308457711442786
F1:0.9119247897080653
BACC:0
CLSFE:0.08308457711442786
MCC:0.13505155428021892
GMEAN:0.460635767461794
SAMPLES:2010
AUC:{}
AVGP:{}
