

GENERAL_METRICS
ACC:0.8324444444444444
PREC:0.567693193969607
REC:0.5782999906363167
TNR:0.5782999906363167
FPR:0.43230680603039295
FPDR:0.43230680603039295
F1:0.5721257519010328
BACC:0.0
CLSFE:0.16755555555555557
MCC:0.14560736868665133
GMEAN:0.48276277742198465
SAMPLES:2250.0
AUC:{'AUC macro OVO': 0.567693193969607}
AVGP:{'avg_precision': 0.8953489016904321}


METRICS_PER_CLASSES
CLASS:0
ACC:0.8324444444444444
PREC:0.22014925373134328
REC:0.2599118942731278
TNR:0.8966880869995056
FPR:0.7798507462686567
FPDR:0.7798507462686567
F1:0.2383838383838384
BACC:0
CLSFE:0.7798507462686567
MCC:0.14560736868665133
GMEAN:0.48276277742198465
SAMPLES:268
AUC:{}
AVGP:{}
CLASS:1
ACC:0.8324444444444444
PREC:0.9152371342078708
REC:0.8966880869995056
TNR:0.2599118942731278
FPR:0.08476286579212916
FPDR:0.08476286579212916
F1:0.9058676654182272
BACC:0
CLSFE:0.08476286579212916
MCC:0.14560736868665133
GMEAN:0.48276277742198465
SAMPLES:1982
AUC:{}
AVGP:{}
