

GENERAL_METRICS
ACC:0.8413333333333334
PREC:0.5537823479292313
REC:0.5603747576593705
TNR:0.5603747576593705
FPR:0.4462176520707687
FPDR:0.4462176520707687
F1:0.5566296901623953
BACC:0.0
CLSFE:0.15866666666666668
MCC:0.11396659550200289
GMEAN:0.441532417240047
SAMPLES:2250.0
AUC:{'AUC macro OVO': 0.5537823479292313}
AVGP:{'avg_precision': 0.9045242603933262}


METRICS_PER_CLASSES
CLASS:0
ACC:0.8413333333333334
PREC:0.18907563025210083
REC:0.215311004784689
TNR:0.9054385105340519
FPR:0.8109243697478992
FPDR:0.8109243697478992
F1:0.20134228187919462
BACC:0
CLSFE:0.8109243697478992
MCC:0.11396659550200289
GMEAN:0.441532417240047
SAMPLES:238
AUC:{}
AVGP:{}
CLASS:1
ACC:0.8413333333333334
PREC:0.9184890656063618
REC:0.9054385105340519
TNR:0.215311004784689
FPR:0.08151093439363817
FPDR:0.08151093439363817
F1:0.9119170984455959
BACC:0
CLSFE:0.08151093439363817
MCC:0.11396659550200289
GMEAN:0.441532417240047
SAMPLES:2012
AUC:{}
AVGP:{}
