

GENERAL_METRICS
ACC:0.8342222222222222
PREC:0.552945802945803
REC:0.5604269189706252
TNR:0.5604269189706252
FPR:0.4470541970541971
FPDR:0.4470541970541971
F1:0.5560789806504918
BACC:0.0
CLSFE:0.16577777777777777
MCC:0.11312562476186773
GMEAN:0.446096602030383
SAMPLES:2250.0
AUC:{'AUC macro OVO': 0.5529458029458029}
AVGP:{'avg_precision': 0.8986697903018611}


METRICS_PER_CLASSES
CLASS:0
ACC:0.8342222222222222
PREC:0.19047619047619047
REC:0.22119815668202766
TNR:0.8996556812592228
FPR:0.8095238095238095
FPDR:0.8095238095238095
F1:0.2046908315565032
BACC:0
CLSFE:0.8095238095238095
MCC:0.11312562476186773
GMEAN:0.446096602030383
SAMPLES:252
AUC:{}
AVGP:{}
CLASS:1
ACC:0.8342222222222222
PREC:0.9154154154154154
REC:0.8996556812592228
TNR:0.22119815668202766
FPR:0.08458458458458458
FPDR:0.08458458458458458
F1:0.9074671297444803
BACC:0
CLSFE:0.08458458458458458
MCC:0.11312562476186773
GMEAN:0.446096602030383
SAMPLES:1998
AUC:{}
AVGP:{}
