

GENERAL_METRICS
ACC:0.874
PREC:0.5655813195169579
REC:0.5555618821068259
TNR:0.5555618821068259
FPR:0.43441868048304216
FPDR:0.43441868048304216
F1:0.5597736663366751
BACC:0.0
CLSFE:0.126
MCC:0.1207281498808177
GMEAN:0.4021905802985176
SAMPLES:3500.0
AUC:{'AUC macro OVO': 0.5655813195169579}
AVGP:{'avg_precision': 0.9381186635365492}


METRICS_PER_CLASSES
CLASS:0
ACC:0.874
PREC:0.20647773279352227
REC:0.17229729729729729
TNR:0.9388264669163545
FPR:0.7935222672064778
FPDR:0.7935222672064778
F1:0.1878453038674033
BACC:0
CLSFE:0.7935222672064778
MCC:0.1207281498808177
GMEAN:0.4021905802985176
SAMPLES:247
AUC:{}
AVGP:{}
CLASS:1
ACC:0.874
PREC:0.9246849062403935
REC:0.9388264669163545
TNR:0.17229729729729729
FPR:0.07531509375960652
FPDR:0.07531509375960652
F1:0.931702028805947
BACC:0
CLSFE:0.07531509375960652
MCC:0.1207281498808177
GMEAN:0.4021905802985176
SAMPLES:3253
AUC:{}
AVGP:{}
