

GENERAL_METRICS
ACC:0.8768571428571429
PREC:0.555171493616418
REC:0.5542102108851182
TNR:0.5542102108851182
FPR:0.444828506383582
FPDR:0.444828506383582
F1:0.5546825345515873
BACC:0.0
CLSFE:0.12314285714285714
MCC:0.10937748038408952
GMEAN:0.4034519041511384
SAMPLES:3500.0
AUC:{'AUC macro OVO': 0.5551714936164179}
AVGP:{'avg_precision': 0.9336279193232262}


METRICS_PER_CLASSES
CLASS:0
ACC:0.8768571428571429
PREC:0.1776061776061776
REC:0.17424242424242425
TNR:0.9341779975278122
FPR:0.8223938223938224
FPDR:0.8223938223938224
F1:0.17590822179732313
BACC:0
CLSFE:0.8223938223938224
MCC:0.10937748038408952
GMEAN:0.4034519041511384
SAMPLES:259
AUC:{}
AVGP:{}
CLASS:1
ACC:0.8768571428571429
PREC:0.9327368096266584
REC:0.9341779975278122
TNR:0.17424242424242425
FPR:0.06726319037334157
FPDR:0.06726319037334157
F1:0.9334568473058514
BACC:0
CLSFE:0.06726319037334157
MCC:0.10937748038408952
GMEAN:0.4034519041511384
SAMPLES:3241
AUC:{}
AVGP:{}
