

GENERAL_METRICS
ACC:0.8742857142857143
PREC:0.5662287903667214
REC:0.5578690260649746
TNR:0.5578690260649746
FPR:0.4337712096332786
FPDR:0.4337712096332786
F1:0.5615114075369925
BACC:0.0
CLSFE:0.12571428571428572
MCC:0.1238159213668991
GMEAN:0.40863163209314185
SAMPLES:3500.0
AUC:{'AUC macro OVO': 0.5662287903667214}
AVGP:{'avg_precision': 0.9369423731312114}


METRICS_PER_CLASSES
CLASS:0
ACC:0.8742857142857143
PREC:0.20634920634920634
REC:0.1780821917808219
TNR:0.9376558603491272
FPR:0.7936507936507936
FPDR:0.7936507936507936
F1:0.19117647058823528
BACC:0
CLSFE:0.7936507936507936
MCC:0.1238159213668991
GMEAN:0.40863163209314185
SAMPLES:252
AUC:{}
AVGP:{}
CLASS:1
ACC:0.8742857142857143
PREC:0.9261083743842364
REC:0.9376558603491272
TNR:0.1780821917808219
FPR:0.07389162561576355
FPDR:0.07389162561576355
F1:0.9318463444857497
BACC:0
CLSFE:0.07389162561576355
MCC:0.1238159213668991
GMEAN:0.40863163209314185
SAMPLES:3248
AUC:{}
AVGP:{}
