

GENERAL_METRICS
ACC:0.8748571428571429
PREC:0.5661454002642763
REC:0.5697622018255096
TNR:0.5697622018255096
FPR:0.43385459973572377
FPDR:0.43385459973572377
F1:0.5678646934460888
BACC:0.0
CLSFE:0.12514285714285714
MCC:0.13585946802583262
GMEAN:0.4416009699668296
SAMPLES:3500.0
AUC:{'AUC macro OVO': 0.5661454002642763}
AVGP:{'avg_precision': 0.9290884644450567}


METRICS_PER_CLASSES
CLASS:0
ACC:0.8748571428571429
PREC:0.1978798586572438
REC:0.20973782771535582
TNR:0.9297865759356635
FPR:0.8021201413427562
FPDR:0.8021201413427562
F1:0.20363636363636364
BACC:0
CLSFE:0.8021201413427562
MCC:0.13585946802583262
GMEAN:0.4416009699668296
SAMPLES:283
AUC:{}
AVGP:{}
CLASS:1
ACC:0.8748571428571429
PREC:0.9344109418713087
REC:0.9297865759356635
TNR:0.20973782771535582
FPR:0.06558905812869133
FPDR:0.06558905812869133
F1:0.932093023255814
BACC:0
CLSFE:0.06558905812869133
MCC:0.13585946802583262
GMEAN:0.4416009699668296
SAMPLES:3217
AUC:{}
AVGP:{}
