

GENERAL_METRICS
ACC:0.688
PREC:0.688
REC:0.6884341522868689
TNR:0.6884341522868689
FPR:0.312
FPDR:0.312
F1:0.6878201844262295
BACC:0.0
CLSFE:0.312
MCC:0.37643390192665355
GMEAN:0.6883747329157284
SAMPLES:250.0
AUC:{'AUC macro OVO': 0.688}
AVGP:{'avg_precision': 0.6277251908396947}


METRICS_PER_CLASSES
CLASS:0
ACC:0.688
PREC:0.664
REC:0.6974789915966386
TNR:0.6793893129770993
FPR:0.336
FPDR:0.336
F1:0.680327868852459
BACC:0
CLSFE:0.336
MCC:0.37643390192665355
GMEAN:0.6883747329157284
SAMPLES:125
AUC:{}
AVGP:{}
CLASS:1
ACC:0.688
PREC:0.712
REC:0.6793893129770993
TNR:0.6974789915966386
FPR:0.288
FPDR:0.288
F1:0.6953125
BACC:0
CLSFE:0.288
MCC:0.37643390192665355
GMEAN:0.6883747329157284
SAMPLES:125
AUC:{}
AVGP:{}
