

GENERAL_METRICS
ACC:0.7
PREC:0.7
REC:0.7001152663934427
TNR:0.7001152663934427
FPR:0.3
FPDR:0.3
F1:0.6999567937783041
BACC:0.0
CLSFE:0.3
MCC:0.40011524979029994
GMEAN:0.7000987927943678
SAMPLES:250.0
AUC:{'AUC macro OVO': 0.6999999999999998}
AVGP:{'avg_precision': 0.6390625}


METRICS_PER_CLASSES
CLASS:0
ACC:0.7
PREC:0.688
REC:0.7049180327868853
TNR:0.6953125
FPR:0.312
FPDR:0.312
F1:0.6963562753036437
BACC:0
CLSFE:0.312
MCC:0.40011524979029994
GMEAN:0.7000987927943678
SAMPLES:125
AUC:{}
AVGP:{}
CLASS:1
ACC:0.7
PREC:0.712
REC:0.6953125
TNR:0.7049180327868853
FPR:0.288
FPDR:0.288
F1:0.7035573122529645
BACC:0
CLSFE:0.288
MCC:0.40011524979029994
GMEAN:0.7000987927943678
SAMPLES:125
AUC:{}
AVGP:{}
