

GENERAL_METRICS
ACC:0.64
PREC:0.64
REC:0.6436781609195402
TNR:0.6436781609195402
FPR:0.36
FPDR:0.36
F1:0.6376811594202898
BACC:0.0
CLSFE:0.36
MCC:0.2836543144655877
GMEAN:0.6432675209026769
SAMPLES:250.0
AUC:{'AUC macro OVO': 0.64}
AVGP:{'avg_precision': 0.586896551724138}


METRICS_PER_CLASSES
CLASS:0
ACC:0.64
PREC:0.56
REC:0.6666666666666666
TNR:0.6206896551724138
FPR:0.44
FPDR:0.44
F1:0.6086956521739131
BACC:0
CLSFE:0.44
MCC:0.2836543144655877
GMEAN:0.6432675209026769
SAMPLES:125
AUC:{}
AVGP:{}
CLASS:1
ACC:0.64
PREC:0.72
REC:0.6206896551724138
TNR:0.6666666666666666
FPR:0.28
FPDR:0.28
F1:0.6666666666666666
BACC:0
CLSFE:0.28
MCC:0.2836543144655877
GMEAN:0.6432675209026769
SAMPLES:125
AUC:{}
AVGP:{}
