

GENERAL_METRICS
ACC:0.664
PREC:0.6639999999999999
REC:0.6655254828499451
TNR:0.6655254828499451
FPR:0.33599999999999997
FPDR:0.33599999999999997
F1:0.6632240682532555
BACC:0.0
CLSFE:0.336
MCC:0.3295219518477699
GMEAN:0.6653357513596696
SAMPLES:250.0
AUC:{'AUC macro OVO': 0.6639999999999999}
AVGP:{'avg_precision': 0.6065401459854014}


METRICS_PER_CLASSES
CLASS:0
ACC:0.664
PREC:0.616
REC:0.6814159292035398
TNR:0.6496350364963503
FPR:0.384
FPDR:0.384
F1:0.6470588235294118
BACC:0
CLSFE:0.384
MCC:0.3295219518477699
GMEAN:0.6653357513596696
SAMPLES:125
AUC:{}
AVGP:{}
CLASS:1
ACC:0.664
PREC:0.712
REC:0.6496350364963503
TNR:0.6814159292035398
FPR:0.288
FPDR:0.288
F1:0.6793893129770993
BACC:0
CLSFE:0.288
MCC:0.3295219518477699
GMEAN:0.6653357513596696
SAMPLES:125
AUC:{}
AVGP:{}
