

GENERAL_METRICS
ACC:0.684
PREC:0.6839999999999999
REC:0.6883516771488469
TNR:0.6883516771488469
FPR:0.316
FPDR:0.316
F1:0.6821641803054443
BACC:0.0
CLSFE:0.316
MCC:0.37232624723695124
GMEAN:0.6877560510415265
SAMPLES:250.0
AUC:{'AUC macro OVO': 0.6839999999999999}
AVGP:{'avg_precision': 0.6213888888888889}


METRICS_PER_CLASSES
CLASS:0
ACC:0.684
PREC:0.608
REC:0.7169811320754716
TNR:0.6597222222222222
FPR:0.392
FPDR:0.392
F1:0.658008658008658
BACC:0
CLSFE:0.392
MCC:0.37232624723695124
GMEAN:0.6877560510415265
SAMPLES:125
AUC:{}
AVGP:{}
CLASS:1
ACC:0.684
PREC:0.76
REC:0.6597222222222222
TNR:0.7169811320754716
FPR:0.24
FPDR:0.24
F1:0.7063197026022305
BACC:0
CLSFE:0.24
MCC:0.37232624723695124
GMEAN:0.6877560510415265
SAMPLES:125
AUC:{}
AVGP:{}
