

GENERAL_METRICS
ACC:0.74
PREC:0.7397865453591111
REC:0.71984920958992
TNR:0.71984920958992
FPR:0.2602134546408888
FPDR:0.2602134546408888
F1:0.7239206477151956
BACC:0.0
CLSFE:0.26
MCC:0.45920314662466377
GMEAN:0.7083637143730622
SAMPLES:750.0
AUC:{'AUC macro OVO': 0.7397865453591111}
AVGP:{'avg_precision': 0.7998407773831931}


METRICS_PER_CLASSES
CLASS:0
ACC:0.74
PREC:0.7391304347826086
REC:0.5917721518987342
TNR:0.847926267281106
FPR:0.2608695652173913
FPDR:0.2608695652173913
F1:0.6572934973637962
BACC:0
CLSFE:0.2608695652173913
MCC:0.45920314662466377
GMEAN:0.7083637143730622
SAMPLES:253
AUC:{}
AVGP:{}
CLASS:1
ACC:0.74
PREC:0.7404426559356136
REC:0.847926267281106
TNR:0.5917721518987342
FPR:0.2595573440643863
FPDR:0.2595573440643863
F1:0.790547798066595
BACC:0
CLSFE:0.2595573440643863
MCC:0.45920314662466377
GMEAN:0.7083637143730622
SAMPLES:497
AUC:{}
AVGP:{}
