

GENERAL_METRICS
ACC:0.7293333333333333
PREC:0.7224897258173342
REC:0.7125409253711665
TNR:0.7125409253711665
FPR:0.2775102741826658
FPDR:0.2775102741826658
F1:0.7155667647470927
BACC:0.0
CLSFE:0.27066666666666667
MCC:0.43491687578567634
GMEAN:0.7057148041869606
SAMPLES:750.0
AUC:{'AUC macro OVO': 0.7224897258173342}
AVGP:{'avg_precision': 0.7664968128481461}


METRICS_PER_CLASSES
CLASS:0
ACC:0.7293333333333333
PREC:0.6970802919708029
REC:0.6141479099678456
TNR:0.8109339407744874
FPR:0.3029197080291971
FPDR:0.3029197080291971
F1:0.652991452991453
BACC:0
CLSFE:0.3029197080291971
MCC:0.43491687578567634
GMEAN:0.7057148041869606
SAMPLES:274
AUC:{}
AVGP:{}
CLASS:1
ACC:0.7293333333333333
PREC:0.7478991596638656
REC:0.8109339407744874
TNR:0.6141479099678456
FPR:0.25210084033613445
FPDR:0.25210084033613445
F1:0.7781420765027323
BACC:0
CLSFE:0.25210084033613445
MCC:0.43491687578567634
GMEAN:0.7057148041869606
SAMPLES:476
AUC:{}
AVGP:{}
