

GENERAL_METRICS
ACC:0.9047272727272727
PREC:0.6915059863354059
REC:0.687019256182423
TNR:0.687019256182423
FPR:0.3084940136645941
FPDR:0.3084940136645941
F1:0.6892253278122843
BACC:0.0
CLSFE:0.09527272727272727
MCC:0.37849865055996634
GMEAN:0.6350473438527279
SAMPLES:2750.0
AUC:{'AUC macro OVO': 0.6915059863354058}
AVGP:{'avg_precision': 0.9474626419352474}


METRICS_PER_CLASSES
CLASS:0
ACC:0.9047272727272727
PREC:0.43612334801762115
REC:0.4248927038626609
TNR:0.9491458085021851
FPR:0.5638766519823789
FPDR:0.5638766519823789
F1:0.43043478260869567
BACC:0
CLSFE:0.5638766519823789
MCC:0.37849865055996634
GMEAN:0.6350473438527279
SAMPLES:227
AUC:{}
AVGP:{}
CLASS:1
ACC:0.9047272727272727
PREC:0.9468886246531907
REC:0.9491458085021851
TNR:0.4248927038626609
FPR:0.053111375346809354
FPDR:0.053111375346809354
F1:0.948015873015873
BACC:0
CLSFE:0.053111375346809354
MCC:0.37849865055996634
GMEAN:0.6350473438527279
SAMPLES:2523
AUC:{}
AVGP:{}
