

GENERAL_METRICS
ACC:0.9368421052631579
PREC:0.9297143459470856
REC:0.9345754342876148
TNR:0.9345754342876148
FPR:0.07028565405291451
FPDR:0.07028565405291451
F1:0.9320343998677254
BACC:0.0
CLSFE:0.06315789473684211
MCC:0.8642761098389172
GMEAN:0.9345392944967286
SAMPLES:2850.0
AUC:0.9297143459470856
AVGP:0.9294316917725292


METRICS_PER_CLASSES

======>> CLASS:0
ACC:0.9368421052631579
PREC:0.9018867924528302
REC:0.9263565891472868
TNR:0.9427942794279428
FPR:0.09811320754716982
FPDR:0.09811320754716982
F1:0.9139579349904398
BACC:0
CLSFE:0.09811320754716982
MCC:0.8642761098389172
GMEAN:0.9345392944967286
SAMPLES:1060
AUC:0.9297143459470856
AVGP:0.9294316917725292

======>> CLASS:1
ACC:0.9368421052631579
PREC:0.9575418994413408
REC:0.9427942794279428
TNR:0.9263565891472868
FPR:0.042458100558659215
FPDR:0.042458100558659215
F1:0.950110864745011
BACC:0
CLSFE:0.042458100558659215
MCC:0.8642761098389172
GMEAN:0.9345392944967286
SAMPLES:1790
AUC:{}
AVGP:{}
