

GENERAL_METRICS
ACC:0.8396
PREC:0.5769815275776236
REC:0.5727208522547259
TNR:0.5727208522547259
FPR:0.4230184724223765
FPDR:0.4230184724223765
F1:0.5747200894593791
BACC:0.0
CLSFE:0.1604
MCC:0.1496417360673882
GMEAN:0.46006279790096233
SAMPLES:2500.0
AUC:{'AUC macro OVO': 0.5769815275776236}
AVGP:{'avg_precision': 0.9123509046634652}


METRICS_PER_CLASSES
CLASS:0
ACC:0.8396
PREC:0.24705882352941178
REC:0.23161764705882354
TNR:0.9138240574506283
FPR:0.7529411764705882
FPDR:0.7529411764705882
F1:0.23908918406072105
BACC:0
CLSFE:0.7529411764705882
MCC:0.1496417360673882
GMEAN:0.46006279790096233
SAMPLES:255
AUC:{}
AVGP:{}
CLASS:1
ACC:0.8396
PREC:0.9069042316258352
REC:0.9138240574506283
TNR:0.23161764705882354
FPR:0.0930957683741648
FPDR:0.0930957683741648
F1:0.9103509948580372
BACC:0
CLSFE:0.0930957683741648
MCC:0.1496417360673882
GMEAN:0.46006279790096233
SAMPLES:2245
AUC:{}
AVGP:{}
