

GENERAL_METRICS
ACC:0.8508
PREC:0.6009581337951634
REC:0.5972436790342324
TNR:0.5972436790342324
FPR:0.39904186620483656
FPDR:0.39904186620483656
F1:0.5990349319047368
BACC:0.0
CLSFE:0.1492
MCC:0.19816700389996275
GMEAN:0.5031528638897972
SAMPLES:2500.0
AUC:{'AUC macro OVO': 0.6009581337951635}
AVGP:{'avg_precision': 0.917253323930587}


METRICS_PER_CLASSES
CLASS:0
ACC:0.8508
PREC:0.2874015748031496
REC:0.27547169811320754
TNR:0.9190156599552572
FPR:0.7125984251968503
FPDR:0.7125984251968503
F1:0.2813102119460501
BACC:0
CLSFE:0.7125984251968503
MCC:0.19816700389996275
GMEAN:0.5031528638897972
SAMPLES:254
AUC:{}
AVGP:{}
CLASS:1
ACC:0.8508
PREC:0.9145146927871772
REC:0.9190156599552572
TNR:0.27547169811320754
FPR:0.0854853072128228
FPDR:0.0854853072128228
F1:0.9167596518634233
BACC:0
CLSFE:0.0854853072128228
MCC:0.19816700389996275
GMEAN:0.5031528638897972
SAMPLES:2246
AUC:{}
AVGP:{}
