

GENERAL_METRICS
ACC:0.8328
PREC:0.5742401594419532
REC:0.571911196911197
TNR:0.571911196911197
FPR:0.42575984055804683
FPDR:0.42575984055804683
F1:0.5730337078651686
BACC:0.0
CLSFE:0.1672
MCC:0.1461327988419978
GMEAN:0.46265976057363584
SAMPLES:2500.0
AUC:{'AUC macro OVO': 0.5742401594419532}
AVGP:{'avg_precision': 0.906562307599079}


METRICS_PER_CLASSES
CLASS:0
ACC:0.8328
PREC:0.24444444444444444
REC:0.2357142857142857
TNR:0.9081081081081082
FPR:0.7555555555555555
FPDR:0.7555555555555555
F1:0.24
BACC:0
CLSFE:0.7555555555555555
MCC:0.1461327988419978
GMEAN:0.46265976057363584
SAMPLES:270
AUC:{}
AVGP:{}
CLASS:1
ACC:0.8328
PREC:0.9040358744394619
REC:0.9081081081081082
TNR:0.2357142857142857
FPR:0.09596412556053811
FPDR:0.09596412556053811
F1:0.9060674157303371
BACC:0
CLSFE:0.09596412556053811
MCC:0.1461327988419978
GMEAN:0.46265976057363584
SAMPLES:2230
AUC:{}
AVGP:{}
