

GENERAL_METRICS
ACC:0.778
PREC:0.6663758849781116
REC:0.7008237507303324
TNR:0.7008237507303324
FPR:0.3336241150218884
FPDR:0.3336241150218884
F1:0.6786632390745502
BACC:0.0
CLSFE:0.222
MCC:0.36558024701771147
GMEAN:0.6894598562552591
SAMPLES:1000.0
AUC:{'AUC macro OVO': 0.6663758849781116}
AVGP:{'avg_precision': 0.8180313544866927}


METRICS_PER_CLASSES
CLASS:0
ACC:0.778
PREC:0.44223107569721115
REC:0.5751295336787565
TNR:0.8265179677819083
FPR:0.5577689243027888
FPDR:0.5577689243027888
F1:0.5
BACC:0
CLSFE:0.5577689243027888
MCC:0.36558024701771147
GMEAN:0.6894598562552591
SAMPLES:251
AUC:{}
AVGP:{}
CLASS:1
ACC:0.778
PREC:0.890520694259012
REC:0.8265179677819083
TNR:0.5751295336787565
FPR:0.10947930574098798
FPDR:0.10947930574098798
F1:0.8573264781491002
BACC:0
CLSFE:0.10947930574098798
MCC:0.36558024701771147
GMEAN:0.6894598562552591
SAMPLES:749
AUC:{}
AVGP:{}
