

GENERAL_METRICS
ACC:0.77
PREC:0.6744738342023601
REC:0.6926573426573427
TNR:0.6926573426573427
FPR:0.3255261657976399
FPDR:0.3255261657976399
F1:0.6820235468476091
BACC:0.0
CLSFE:0.23
MCC:0.36668059812684106
GMEAN:0.6787483338464271
SAMPLES:1000.0
AUC:{'AUC macro OVO': 0.6744738342023602}
AVGP:{'avg_precision': 0.8196333264590637}


METRICS_PER_CLASSES
CLASS:0
ACC:0.77
PREC:0.48031496062992124
REC:0.5545454545454546
TNR:0.8307692307692308
FPR:0.5196850393700787
FPDR:0.5196850393700787
F1:0.5147679324894515
BACC:0
CLSFE:0.5196850393700787
MCC:0.36668059812684106
GMEAN:0.6787483338464271
SAMPLES:254
AUC:{}
AVGP:{}
CLASS:1
ACC:0.77
PREC:0.868632707774799
REC:0.8307692307692308
TNR:0.5545454545454546
FPR:0.13136729222520108
FPDR:0.13136729222520108
F1:0.8492791612057667
BACC:0
CLSFE:0.13136729222520108
MCC:0.36668059812684106
GMEAN:0.6787483338464271
SAMPLES:746
AUC:{}
AVGP:{}
