

GENERAL_METRICS
ACC:0.796
PREC:0.6902159771012231
REC:0.7226621992080414
TNR:0.7226621992080414
FPR:0.309784022898777
FPDR:0.309784022898777
F1:0.7027972027972028
BACC:0.0
CLSFE:0.204
MCC:0.4116013011926214
GMEAN:0.7125244810923727
SAMPLES:1000.0
AUC:{'AUC macro OVO': 0.690215977101223}
AVGP:{'avg_precision': 0.8342781331438047}


METRICS_PER_CLASSES
CLASS:0
ACC:0.796
PREC:0.48360655737704916
REC:0.6020408163265306
TNR:0.8432835820895522
FPR:0.5163934426229508
FPDR:0.5163934426229508
F1:0.5363636363636364
BACC:0
CLSFE:0.5163934426229508
MCC:0.4116013011926214
GMEAN:0.7125244810923727
SAMPLES:244
AUC:{}
AVGP:{}
CLASS:1
ACC:0.796
PREC:0.8968253968253969
REC:0.8432835820895522
TNR:0.6020408163265306
FPR:0.10317460317460317
FPDR:0.10317460317460317
F1:0.8692307692307693
BACC:0
CLSFE:0.10317460317460317
MCC:0.4116013011926214
GMEAN:0.7125244810923727
SAMPLES:756
AUC:{}
AVGP:{}
