

GENERAL_METRICS
ACC:0.766
PREC:0.674055256329183
REC:0.6791936063218391
TNR:0.6791936063218391
FPR:0.32594474367081705
FPDR:0.32594474367081705
F1:0.6764935215753936
BACC:0.0
CLSFE:0.234
MCC:0.35321148951243586
GMEAN:0.659602479554529
SAMPLES:1000.0
AUC:{'AUC macro OVO': 0.674055256329183}
AVGP:{'avg_precision': 0.8288604331574319}


METRICS_PER_CLASSES
CLASS:0
ACC:0.766
PREC:0.49586776859504134
REC:0.5172413793103449
TNR:0.8411458333333334
FPR:0.5041322314049587
FPDR:0.5041322314049587
F1:0.5063291139240507
BACC:0
CLSFE:0.5041322314049587
MCC:0.35321148951243586
GMEAN:0.659602479554529
SAMPLES:242
AUC:{}
AVGP:{}
CLASS:1
ACC:0.766
PREC:0.8522427440633246
REC:0.8411458333333334
TNR:0.5172413793103449
FPR:0.14775725593667546
FPDR:0.14775725593667546
F1:0.8466579292267365
BACC:0
CLSFE:0.14775725593667546
MCC:0.35321148951243586
GMEAN:0.659602479554529
SAMPLES:758
AUC:{}
AVGP:{}
