

GENERAL_METRICS
ACC:0.8964444444444445
PREC:0.6371959310039805
REC:0.7496458923512748
TNR:0.7496458923512748
FPR:0.36280406899601947
FPDR:0.36280406899601947
F1:0.6706415845390961
BACC:0.0
CLSFE:0.10355555555555555
MCC:0.37013727519639333
GMEAN:0.7309644975182056
SAMPLES:2250.0
AUC:{'AUC macro OVO': 0.6371959310039805}
AVGP:{'avg_precision': 0.9151509084325545}


METRICS_PER_CLASSES
CLASS:0
ACC:0.8964444444444445
PREC:0.30196078431372547
REC:0.5833333333333334
TNR:0.9159584513692163
FPR:0.6980392156862745
FPDR:0.6980392156862745
F1:0.3979328165374677
BACC:0
CLSFE:0.6980392156862745
MCC:0.37013727519639333
GMEAN:0.7309644975182056
SAMPLES:255
AUC:{}
AVGP:{}
CLASS:1
ACC:0.8964444444444445
PREC:0.9724310776942355
REC:0.9159584513692163
TNR:0.5833333333333334
FPR:0.02756892230576441
FPDR:0.02756892230576441
F1:0.9433503525407245
BACC:0
CLSFE:0.02756892230576441
MCC:0.37013727519639333
GMEAN:0.7309644975182056
SAMPLES:1995
AUC:{}
AVGP:{}
