

GENERAL_METRICS
ACC:0.9
PREC:0.626989840396647
REC:0.7387910798122066
TNR:0.7387910798122066
FPR:0.3730101596033531
FPDR:0.3730101596033531
F1:0.659462175580966
BACC:0.0
CLSFE:0.1
MCC:0.34827598891393635
GMEAN:0.7164127730197536
SAMPLES:2250.0
AUC:{'AUC macro OVO': 0.626989840396647}
AVGP:{'avg_precision': 0.9185775356042549}


METRICS_PER_CLASSES
CLASS:0
ACC:0.9
PREC:0.2803347280334728
REC:0.5583333333333333
TNR:0.9192488262910798
FPR:0.7196652719665272
FPDR:0.7196652719665272
F1:0.3732590529247911
BACC:0
CLSFE:0.7196652719665272
MCC:0.34827598891393635
GMEAN:0.7164127730197536
SAMPLES:239
AUC:{}
AVGP:{}
CLASS:1
ACC:0.9
PREC:0.973644952759821
REC:0.9192488262910798
TNR:0.5583333333333333
FPR:0.026355047240179015
FPDR:0.026355047240179015
F1:0.9456652982371407
BACC:0
CLSFE:0.026355047240179015
MCC:0.34827598891393635
GMEAN:0.7164127730197536
SAMPLES:2011
AUC:{}
AVGP:{}
