

GENERAL_METRICS
ACC:0.8911111111111111
PREC:0.6451111247638502
REC:0.7355746304244158
TNR:0.7355746304244158
FPR:0.3548888752361497
FPDR:0.3548888752361497
F1:0.6748315170105146
BACC:0.0
CLSFE:0.10888888888888888
MCC:0.3697810140432595
GMEAN:0.713206260213254
SAMPLES:2250.0
AUC:{'AUC macro OVO': 0.6451111247638504}
AVGP:{'avg_precision': 0.9144978329682435}


METRICS_PER_CLASSES
CLASS:0
ACC:0.8911111111111111
PREC:0.3244274809160305
REC:0.5555555555555556
TNR:0.9155937052932761
FPR:0.6755725190839694
FPDR:0.6755725190839694
F1:0.40963855421686746
BACC:0
CLSFE:0.6755725190839694
MCC:0.3697810140432595
GMEAN:0.713206260213254
SAMPLES:262
AUC:{}
AVGP:{}
CLASS:1
ACC:0.8911111111111111
PREC:0.96579476861167
REC:0.9155937052932761
TNR:0.5555555555555556
FPR:0.03420523138832998
FPDR:0.03420523138832998
F1:0.9400244798041616
BACC:0
CLSFE:0.03420523138832998
MCC:0.3697810140432595
GMEAN:0.713206260213254
SAMPLES:1988
AUC:{}
AVGP:{}
