

GENERAL_METRICS
ACC:0.8946666666666667
PREC:0.6329496858666386
REC:0.7075914055080722
TNR:0.7075914055080722
FPR:0.3670503141333615
FPDR:0.3670503141333615
F1:0.6585799358328761
BACC:0.0
CLSFE:0.10533333333333333
MCC:0.3322602121886529
GMEAN:0.6742847812564364
SAMPLES:2250.0
AUC:{'AUC macro OVO': 0.6329496858666386}
AVGP:{'avg_precision': 0.9211646082679995}


METRICS_PER_CLASSES
CLASS:0
ACC:0.8946666666666667
PREC:0.3021276595744681
REC:0.4930555555555556
TNR:0.9221272554605888
FPR:0.6978723404255319
FPDR:0.6978723404255319
F1:0.37467018469656993
BACC:0
CLSFE:0.6978723404255319
MCC:0.3322602121886529
GMEAN:0.6742847812564364
SAMPLES:235
AUC:{}
AVGP:{}
CLASS:1
ACC:0.8946666666666667
PREC:0.963771712158809
REC:0.9221272554605888
TNR:0.4930555555555556
FPR:0.036228287841191066
FPDR:0.036228287841191066
F1:0.9424896869691822
BACC:0
CLSFE:0.036228287841191066
MCC:0.3322602121886529
GMEAN:0.6742847812564364
SAMPLES:2015
AUC:{}
AVGP:{}
