

GENERAL_METRICS
ACC:0.8192
PREC:0.721702675356367
REC:0.7369779241021726
TNR:0.7369779241021726
FPR:0.278297324643633
FPDR:0.278297324643633
F1:0.728682617247526
BACC:0.0
CLSFE:0.1808
MCC:0.45842617627639787
GMEAN:0.7239858104719127
SAMPLES:1250.0
AUC:{'AUC macro OVO': 0.721702675356367}
AVGP:{'avg_precision': 0.8648413887322901}


METRICS_PER_CLASSES
CLASS:0
ACC:0.8192
PREC:0.5471014492753623
REC:0.5992063492063492
TNR:0.874749498997996
FPR:0.4528985507246377
FPDR:0.4528985507246377
F1:0.571969696969697
BACC:0
CLSFE:0.4528985507246377
MCC:0.45842617627639787
GMEAN:0.7239858104719127
SAMPLES:276
AUC:{}
AVGP:{}
CLASS:1
ACC:0.8192
PREC:0.8963039014373717
REC:0.874749498997996
TNR:0.5992063492063492
FPR:0.10369609856262833
FPDR:0.10369609856262833
F1:0.8853955375253549
BACC:0
CLSFE:0.10369609856262833
MCC:0.45842617627639787
GMEAN:0.7239858104719127
SAMPLES:974
AUC:{}
AVGP:{}
