

GENERAL_METRICS
ACC:0.8232
PREC:0.7349730886236754
REC:0.7154199789292213
TNR:0.7154199789292213
FPR:0.26502691137632467
FPDR:0.26502691137632467
F1:0.7241634789450613
BACC:0.0
CLSFE:0.1768
MCC:0.44996843356060523
GMEAN:0.6905161590043953
SAMPLES:1250.0
AUC:{'AUC macro OVO': 0.7349730886236753}
AVGP:{'avg_precision': 0.8912784469207741}


METRICS_PER_CLASSES
CLASS:0
ACC:0.8232
PREC:0.5932203389830508
REC:0.5283018867924528
TNR:0.9025380710659898
FPR:0.4067796610169492
FPDR:0.4067796610169492
F1:0.5588822355289421
BACC:0
CLSFE:0.4067796610169492
MCC:0.44996843356060523
GMEAN:0.6905161590043953
SAMPLES:236
AUC:{}
AVGP:{}
CLASS:1
ACC:0.8232
PREC:0.8767258382642998
REC:0.9025380710659898
TNR:0.5283018867924528
FPR:0.1232741617357002
FPDR:0.1232741617357002
F1:0.8894447223611806
BACC:0
CLSFE:0.1232741617357002
MCC:0.44996843356060523
GMEAN:0.6905161590043953
SAMPLES:1014
AUC:{}
AVGP:{}
