

GENERAL_METRICS
ACC:0.852
PREC:0.7510443307757886
REC:0.7536161673578186
TNR:0.7536161673578186
FPR:0.24895566922421145
FPDR:0.24895566922421145
F1:0.7523164437246894
BACC:0.0
CLSFE:0.148
MCC:0.5046539448305699
GMEAN:0.7376096089977298
SAMPLES:1250.0
AUC:{'AUC macro OVO': 0.7510443307757885}
AVGP:{'avg_precision': 0.8998954325034021}


METRICS_PER_CLASSES
CLASS:0
ACC:0.852
PREC:0.591304347826087
REC:0.5991189427312775
TNR:0.9081133919843597
FPR:0.40869565217391307
FPDR:0.40869565217391307
F1:0.5951859956236324
BACC:0
CLSFE:0.40869565217391307
MCC:0.5046539448305699
GMEAN:0.7376096089977298
SAMPLES:230
AUC:{}
AVGP:{}
CLASS:1
ACC:0.852
PREC:0.9107843137254902
REC:0.9081133919843597
TNR:0.5991189427312775
FPR:0.0892156862745098
FPDR:0.0892156862745098
F1:0.9094468918257465
BACC:0
CLSFE:0.0892156862745098
MCC:0.5046539448305699
GMEAN:0.7376096089977298
SAMPLES:1020
AUC:{}
AVGP:{}
