

GENERAL_METRICS
ACC:0.8224
PREC:0.7346178216188453
REC:0.7397375730294034
TNR:0.7397375730294034
FPR:0.26538217838115485
FPDR:0.26538217838115485
F1:0.7371053738503689
BACC:0.0
CLSFE:0.1776
MCC:0.4743277649235702
GMEAN:0.7256832811217088
SAMPLES:1250.0
AUC:{'AUC macro OVO': 0.734617821618845}
AVGP:{'avg_precision': 0.8721162701525961}


METRICS_PER_CLASSES
CLASS:0
ACC:0.8224
PREC:0.5787545787545788
REC:0.5962264150943396
TNR:0.883248730964467
FPR:0.42124542124542125
FPDR:0.42124542124542125
F1:0.587360594795539
BACC:0
CLSFE:0.42124542124542125
MCC:0.4743277649235702
GMEAN:0.7256832811217088
SAMPLES:273
AUC:{}
AVGP:{}
CLASS:1
ACC:0.8224
PREC:0.8904810644831116
REC:0.883248730964467
TNR:0.5962264150943396
FPR:0.10951893551688843
FPDR:0.10951893551688843
F1:0.8868501529051988
BACC:0
CLSFE:0.10951893551688843
MCC:0.4743277649235702
GMEAN:0.7256832811217088
SAMPLES:977
AUC:{}
AVGP:{}
