

GENERAL_METRICS
ACC:0.9234285714285714
PREC:0.562555767739353
REC:0.6896103474050241
TNR:0.6896103474050241
FPR:0.43744423226064694
FPDR:0.43744423226064694
F1:0.5857622328210563
BACC:0.0
CLSFE:0.07657142857142857
MCC:0.2178184643527425
GMEAN:0.6445588501243324
SAMPLES:3500.0
AUC:{'AUC macro OVO': 0.562555767739353}
AVGP:{'avg_precision': 0.9346543956089078}


METRICS_PER_CLASSES
CLASS:0
ACC:0.9234285714285714
PREC:0.138996138996139
REC:0.4444444444444444
TNR:0.934776250365604
FPR:0.861003861003861
FPDR:0.861003861003861
F1:0.21176470588235294
BACC:0
CLSFE:0.861003861003861
MCC:0.2178184643527425
GMEAN:0.6445588501243324
SAMPLES:259
AUC:{}
AVGP:{}
CLASS:1
ACC:0.9234285714285714
PREC:0.9861153964825671
REC:0.934776250365604
TNR:0.4444444444444444
FPR:0.01388460351743289
FPDR:0.01388460351743289
F1:0.9597597597597598
BACC:0
CLSFE:0.01388460351743289
MCC:0.2178184643527425
GMEAN:0.6445588501243324
SAMPLES:3241
AUC:{}
AVGP:{}
