

GENERAL_METRICS
ACC:0.9208571428571428
PREC:0.5552476630105377
REC:0.638650816456566
TNR:0.638650816456566
FPR:0.44475233698946226
FPDR:0.44475233698946226
F1:0.573042723472169
BACC:0.0
CLSFE:0.07914285714285714
MCC:0.17504437818711324
GMEAN:0.5647446724146027
SAMPLES:3500.0
AUC:{'AUC macro OVO': 0.5552476630105377}
AVGP:{'avg_precision': 0.9367341560756072}


METRICS_PER_CLASSES
CLASS:0
ACC:0.9208571428571428
PREC:0.12955465587044535
REC:0.3404255319148936
TNR:0.9368761009982384
FPR:0.8704453441295547
FPDR:0.8704453441295547
F1:0.187683284457478
BACC:0
CLSFE:0.8704453441295547
MCC:0.17504437818711324
GMEAN:0.5647446724146027
SAMPLES:247
AUC:{}
AVGP:{}
CLASS:1
ACC:0.9208571428571428
PREC:0.9809406701506301
REC:0.9368761009982384
TNR:0.3404255319148936
FPR:0.019059329849369814
FPDR:0.019059329849369814
F1:0.9584021624868599
BACC:0
CLSFE:0.019059329849369814
MCC:0.17504437818711324
GMEAN:0.5647446724146027
SAMPLES:3253
AUC:{}
AVGP:{}
