

GENERAL_METRICS
ACC:0.9182857142857143
PREC:0.5639881328323142
REC:0.7054063488369633
TNR:0.7054063488369633
FPR:0.4360118671676858
FPDR:0.4360118671676858
F1:0.5877339949358413
BACC:0.0
CLSFE:0.08171428571428571
MCC:0.2292908086599223
GMEAN:0.6690705608080701
SAMPLES:3500.0
AUC:{'AUC macro OVO': 0.5639881328323142}
AVGP:{'avg_precision': 0.9287547687464466}


METRICS_PER_CLASSES
CLASS:0
ACC:0.9182857142857143
PREC:0.1413427561837456
REC:0.4819277108433735
TNR:0.9288849868305531
FPR:0.8586572438162544
FPDR:0.8586572438162544
F1:0.2185792349726776
BACC:0
CLSFE:0.8586572438162544
MCC:0.2292908086599223
GMEAN:0.6690705608080701
SAMPLES:283
AUC:{}
AVGP:{}
CLASS:1
ACC:0.9182857142857143
PREC:0.9866335094808828
REC:0.9288849868305531
TNR:0.4819277108433735
FPR:0.01336649051911719
FPDR:0.01336649051911719
F1:0.9568887548990052
BACC:0
CLSFE:0.01336649051911719
MCC:0.2292908086599223
GMEAN:0.6690705608080701
SAMPLES:3217
AUC:{}
AVGP:{}
