

GENERAL_METRICS
ACC:0.924
PREC:0.5783730158730158
REC:0.6850800355457074
TNR:0.6850800355457074
FPR:0.42162698412698413
FPDR:0.42162698412698413
F1:0.6042817479950559
BACC:0.0
CLSFE:0.076
MCC:0.24087574027786252
GMEAN:0.6363703060199436
SAMPLES:3500.0
AUC:{'AUC macro OVO': 0.5783730158730158}
AVGP:{'avg_precision': 0.938594887749096}


METRICS_PER_CLASSES
CLASS:0
ACC:0.924
PREC:0.1746031746031746
REC:0.43137254901960786
TNR:0.9387875220718069
FPR:0.8253968253968254
FPDR:0.8253968253968254
F1:0.24858757062146894
BACC:0
CLSFE:0.8253968253968254
MCC:0.24087574027786252
GMEAN:0.6363703060199436
SAMPLES:252
AUC:{}
AVGP:{}
CLASS:1
ACC:0.924
PREC:0.9821428571428571
REC:0.9387875220718069
TNR:0.43137254901960786
FPR:0.017857142857142856
FPDR:0.017857142857142856
F1:0.9599759253686428
BACC:0
CLSFE:0.017857142857142856
MCC:0.24087574027786252
GMEAN:0.6363703060199436
SAMPLES:3248
AUC:{}
AVGP:{}
