

GENERAL_METRICS
ACC:0.9208
PREC:0.5145854199940446
REC:0.56749037999038
TNR:0.56749037999038
FPR:0.48541458000595544
FPDR:0.48541458000595544
F1:0.5138031875303123
BACC:0.0
CLSFE:0.0792
MCC:0.06274951912859103
GMEAN:0.43555089890610815
SAMPLES:3750.0
AUC:{'AUC macro OVO': 0.5145854199940446}
AVGP:{'avg_precision': 0.9312530734688553}


METRICS_PER_CLASSES
CLASS:0
ACC:0.9208
PREC:0.04150943396226415
REC:0.2037037037037037
TNR:0.9312770562770563
FPR:0.9584905660377359
FPDR:0.9584905660377359
F1:0.06896551724137931
BACC:0
CLSFE:0.9584905660377359
MCC:0.06274951912859103
GMEAN:0.43555089890610815
SAMPLES:265
AUC:{}
AVGP:{}
CLASS:1
ACC:0.9208
PREC:0.987661406025825
REC:0.9312770562770563
TNR:0.2037037037037037
FPR:0.012338593974175036
FPDR:0.012338593974175036
F1:0.9586408578192452
BACC:0
CLSFE:0.012338593974175036
MCC:0.06274951912859103
GMEAN:0.43555089890610815
SAMPLES:3485
AUC:{}
AVGP:{}
