

GENERAL_METRICS
ACC:0.9277333333333333
PREC:0.5249509000162165
REC:0.6273033365701186
TNR:0.6273033365701186
FPR:0.4750490999837835
FPDR:0.4750490999837835
F1:0.5310118284239367
BACC:0.0
CLSFE:0.07226666666666667
MCC:0.11271792798826256
GMEAN:0.5463976039352461
SAMPLES:3750.0
AUC:{'AUC macro OVO': 0.5249509000162165}
AVGP:{'avg_precision': 0.935428528088529}


METRICS_PER_CLASSES
CLASS:0
ACC:0.9277333333333333
PREC:0.05905511811023622
REC:0.3191489361702128
TNR:0.9354577369700243
FPR:0.9409448818897638
FPDR:0.9409448818897638
F1:0.09966777408637874
BACC:0
CLSFE:0.9409448818897638
MCC:0.11271792798826256
GMEAN:0.5463976039352461
SAMPLES:254
AUC:{}
AVGP:{}
CLASS:1
ACC:0.9277333333333333
PREC:0.9908466819221968
REC:0.9354577369700243
TNR:0.3191489361702128
FPR:0.009153318077803204
FPDR:0.009153318077803204
F1:0.9623558827614946
BACC:0
CLSFE:0.009153318077803204
MCC:0.11271792798826256
GMEAN:0.5463976039352461
SAMPLES:3496
AUC:{}
AVGP:{}
