

GENERAL_METRICS
ACC:0.9232
PREC:0.5170430998756734
REC:0.5706747113983637
TNR:0.5706747113983637
FPR:0.48295690012432657
FPDR:0.48295690012432657
F1:0.5184281494799025
BACC:0.0
CLSFE:0.0768
MCC:0.06941228032694813
GMEAN:0.4396988478193219
SAMPLES:3750.0
AUC:{'AUC macro OVO': 0.5170430998756734}
AVGP:{'avg_precision': 0.9344241052251431}


METRICS_PER_CLASSES
CLASS:0
ACC:0.9232
PREC:0.047244094488188976
REC:0.20689655172413793
TNR:0.9344528710725893
FPR:0.952755905511811
FPDR:0.952755905511811
F1:0.07692307692307693
BACC:0
CLSFE:0.952755905511811
MCC:0.06941228032694813
GMEAN:0.4396988478193219
SAMPLES:254
AUC:{}
AVGP:{}
CLASS:1
ACC:0.9232
PREC:0.9868421052631579
REC:0.9344528710725893
TNR:0.20689655172413793
FPR:0.013157894736842105
FPDR:0.013157894736842105
F1:0.9599332220367279
BACC:0
CLSFE:0.013157894736842105
MCC:0.06941228032694813
GMEAN:0.4396988478193219
SAMPLES:3496
AUC:{}
AVGP:{}
