

GENERAL_METRICS
ACC:0.9248
PREC:0.5288699752257652
REC:0.6174796747967479
TNR:0.6174796747967479
FPR:0.47113002477423477
FPDR:0.47113002477423477
F1:0.5369713592156492
BACC:0.0
CLSFE:0.0752
MCC:0.11647549615113158
GMEAN:0.5296109939172796
SAMPLES:3750.0
AUC:{'AUC macro OVO': 0.5288699752257652}
AVGP:{'avg_precision': 0.9349141340485569}


METRICS_PER_CLASSES
CLASS:0
ACC:0.9248
PREC:0.06976744186046512
REC:0.3
TNR:0.9349593495934959
FPR:0.9302325581395349
FPDR:0.9302325581395349
F1:0.11320754716981132
BACC:0
CLSFE:0.9302325581395349
MCC:0.11647549615113158
GMEAN:0.5296109939172796
SAMPLES:258
AUC:{}
AVGP:{}
CLASS:1
ACC:0.9248
PREC:0.9879725085910653
REC:0.9349593495934959
TNR:0.3
FPR:0.012027491408934709
FPDR:0.012027491408934709
F1:0.960735171261487
BACC:0
CLSFE:0.012027491408934709
MCC:0.11647549615113158
GMEAN:0.5296109939172796
SAMPLES:3492
AUC:{}
AVGP:{}
