

GENERAL_METRICS
ACC:0.93075
PREC:0.5245267423216039
REC:0.6223095160615499
TNR:0.6223095160615499
FPR:0.4754732576783961
FPDR:0.4754732576783961
F1:0.5308565551575928
BACC:0.0
CLSFE:0.06925
MCC:0.10954184559193277
GMEAN:0.5359989481247792
SAMPLES:4000.0
AUC:{'AUC macro OVO': 0.5245267423216039}
AVGP:{'avg_precision': 0.9384693560385162}


METRICS_PER_CLASSES
CLASS:0
ACC:0.93075
PREC:0.05813953488372093
REC:0.30612244897959184
TNR:0.9384965831435079
FPR:0.9418604651162791
FPDR:0.9418604651162791
F1:0.09771986970684039
BACC:0
CLSFE:0.9418604651162791
MCC:0.10954184559193277
GMEAN:0.5359989481247792
SAMPLES:258
AUC:{}
AVGP:{}
CLASS:1
ACC:0.93075
PREC:0.9909139497594869
REC:0.9384965831435079
TNR:0.30612244897959184
FPR:0.009086050240513094
FPDR:0.009086050240513094
F1:0.9639932406083452
BACC:0
CLSFE:0.009086050240513094
MCC:0.10954184559193277
GMEAN:0.5359989481247792
SAMPLES:3742
AUC:{}
AVGP:{}
