

GENERAL_METRICS
ACC:0.9335
PREC:0.5205834462356904
REC:0.6565020161290323
TNR:0.6565020161290323
FPR:0.47941655376430964
FPDR:0.47941655376430964
F1:0.5241289860906123
BACC:0.0
CLSFE:0.0665
MCC:0.11351389051158609
GMEAN:0.5930864288590443
SAMPLES:4000.0
AUC:{'AUC macro OVO': 0.5205834462356903}
AVGP:{'avg_precision': 0.9379906488681229}


METRICS_PER_CLASSES
CLASS:0
ACC:0.9335
PREC:0.046511627906976744
REC:0.375
TNR:0.9380040322580645
FPR:0.9534883720930233
FPDR:0.9534883720930233
F1:0.08275862068965517
BACC:0
CLSFE:0.9534883720930233
MCC:0.11351389051158609
GMEAN:0.5930864288590443
SAMPLES:258
AUC:{}
AVGP:{}
CLASS:1
ACC:0.9335
PREC:0.994655264564404
REC:0.9380040322580645
TNR:0.375
FPR:0.005344735435595938
FPDR:0.005344735435595938
F1:0.9654993514915694
BACC:0
CLSFE:0.005344735435595938
MCC:0.11351389051158609
GMEAN:0.5930864288590443
SAMPLES:3742
AUC:{}
AVGP:{}
