

GENERAL_METRICS
ACC:0.9315
PREC:0.5232397616392813
REC:0.6436868686868686
TNR:0.6436868686868686
FPR:0.4767602383607187
FPDR:0.4767602383607187
F1:0.5285607855484954
BACC:0.0
CLSFE:0.0685
MCC:0.11557246348464749
GMEAN:0.5727833867011229
SAMPLES:4000.0
AUC:{'AUC macro OVO': 0.5232397616392813}
AVGP:{'avg_precision': 0.937353748831277}


METRICS_PER_CLASSES
CLASS:0
ACC:0.9315
PREC:0.05343511450381679
REC:0.35
TNR:0.9373737373737374
FPR:0.9465648854961832
FPDR:0.9465648854961832
F1:0.09271523178807947
BACC:0
CLSFE:0.9465648854961832
MCC:0.11557246348464749
GMEAN:0.5727833867011229
SAMPLES:262
AUC:{}
AVGP:{}
CLASS:1
ACC:0.9315
PREC:0.9930444087747459
REC:0.9373737373737374
TNR:0.35
FPR:0.006955591225254147
FPDR:0.006955591225254147
F1:0.9644063393089114
BACC:0
CLSFE:0.006955591225254147
MCC:0.11557246348464749
GMEAN:0.5727833867011229
SAMPLES:3738
AUC:{}
AVGP:{}
