

GENERAL_METRICS
ACC:0.94025
PREC:0.5212889613261065
REC:0.6556255247691016
TNR:0.6556255247691016
FPR:0.47871103867389353
FPDR:0.47871103867389353
F1:0.5267043223876282
BACC:0.0
CLSFE:0.05975
MCC:0.11511916917984472
GMEAN:0.5885130474788954
SAMPLES:4000.0
AUC:{'AUC macro OVO': 0.5212889613261065}
AVGP:{'avg_precision': 0.9445726149557607}


METRICS_PER_CLASSES
CLASS:0
ACC:0.94025
PREC:0.047619047619047616
REC:0.36666666666666664
TNR:0.9445843828715366
FPR:0.9523809523809523
FPDR:0.9523809523809523
F1:0.0842911877394636
BACC:0
CLSFE:0.9523809523809523
MCC:0.11511916917984472
GMEAN:0.5885130474788954
SAMPLES:231
AUC:{}
AVGP:{}
CLASS:1
ACC:0.94025
PREC:0.9949588750331653
REC:0.9445843828715366
TNR:0.36666666666666664
FPR:0.0050411249668347044
FPDR:0.0050411249668347044
F1:0.9691174570357928
BACC:0
CLSFE:0.0050411249668347044
MCC:0.11511916917984472
GMEAN:0.5885130474788954
SAMPLES:3769
AUC:{}
AVGP:{}
