

GENERAL_METRICS
ACC:0.8537142857142858
PREC:0.6456607680722892
REC:0.6971337579617835
TNR:0.6971337579617835
FPR:0.35433923192771083
FPDR:0.35433923192771083
F1:0.6646465614295638
BACC:0.0
CLSFE:0.1462857142857143
MCC:0.33890797923737426
GMEAN:0.6686806098293739
SAMPLES:1750.0
AUC:{'AUC macro OVO': 0.6456607680722892}
AVGP:{'avg_precision': 0.891824550248309}


METRICS_PER_CLASSES
CLASS:0
ACC:0.8537142857142858
PREC:0.3515625
REC:0.5
TNR:0.8942675159235669
FPR:0.6484375
FPDR:0.6484375
F1:0.41284403669724773
BACC:0
CLSFE:0.6484375
MCC:0.33890797923737426
GMEAN:0.6686806098293739
SAMPLES:256
AUC:{}
AVGP:{}
CLASS:1
ACC:0.8537142857142858
PREC:0.9397590361445783
REC:0.8942675159235669
TNR:0.5
FPR:0.060240963855421686
FPDR:0.060240963855421686
F1:0.9164490861618799
BACC:0
CLSFE:0.060240963855421686
MCC:0.33890797923737426
GMEAN:0.6686806098293739
SAMPLES:1494
AUC:{}
AVGP:{}
