

GENERAL_METRICS
ACC:0.8548571428571429
PREC:0.6627875360269726
REC:0.7054758924106281
TNR:0.7054758924106281
FPR:0.33721246397302734
FPDR:0.33721246397302734
F1:0.6797698088848929
BACC:0.0
CLSFE:0.14514285714285713
MCC:0.36578088653438134
GMEAN:0.6786235859923279
SAMPLES:1750.0
AUC:{'AUC macro OVO': 0.6627875360269726}
AVGP:{'avg_precision': 0.895282826385227}


METRICS_PER_CLASSES
CLASS:0
ACC:0.8548571428571429
PREC:0.38996138996138996
REC:0.5126903553299492
TNR:0.8982614294913072
FPR:0.61003861003861
FPDR:0.61003861003861
F1:0.44298245614035087
BACC:0
CLSFE:0.61003861003861
MCC:0.36578088653438134
GMEAN:0.6786235859923279
SAMPLES:259
AUC:{}
AVGP:{}
CLASS:1
ACC:0.8548571428571429
PREC:0.9356136820925554
REC:0.8982614294913072
TNR:0.5126903553299492
FPR:0.06438631790744467
FPDR:0.06438631790744467
F1:0.9165571616294349
BACC:0
CLSFE:0.06438631790744467
MCC:0.36578088653438134
GMEAN:0.6786235859923279
SAMPLES:1491
AUC:{}
AVGP:{}
