

GENERAL_METRICS
ACC:0.8622857142857143
PREC:0.6583875624310075
REC:0.7267883986205677
TNR:0.7267883986205677
FPR:0.3416124375689925
FPDR:0.3416124375689925
F1:0.6824197992335908
BACC:0.0
CLSFE:0.1377142857142857
MCC:0.37905388347908203
GMEAN:0.706950448850356
SAMPLES:1750.0
AUC:{'AUC macro OVO': 0.6583875624310075}
AVGP:{'avg_precision': 0.8931618499450433}


METRICS_PER_CLASSES
CLASS:0
ACC:0.8622857142857143
PREC:0.367816091954023
REC:0.5581395348837209
TNR:0.8954372623574145
FPR:0.632183908045977
FPDR:0.632183908045977
F1:0.44341801385681295
BACC:0
CLSFE:0.632183908045977
MCC:0.37905388347908203
GMEAN:0.706950448850356
SAMPLES:261
AUC:{}
AVGP:{}
CLASS:1
ACC:0.8622857142857143
PREC:0.948959032907992
REC:0.8954372623574145
TNR:0.5581395348837209
FPR:0.05104096709200806
FPDR:0.05104096709200806
F1:0.9214215846103685
BACC:0
CLSFE:0.05104096709200806
MCC:0.37905388347908203
GMEAN:0.706950448850356
SAMPLES:1489
AUC:{}
AVGP:{}
