

GENERAL_METRICS
ACC:0.8571428571428571
PREC:0.6585752969108759
REC:0.7081746675288507
TNR:0.7081746675288507
FPR:0.3414247030891241
FPDR:0.3414247030891241
F1:0.677565327107212
BACC:0.0
CLSFE:0.14285714285714285
MCC:0.36338057027150134
GMEAN:0.6823613352670381
SAMPLES:1750.0
AUC:{'AUC macro OVO': 0.6585752969108759}
AVGP:{'avg_precision': 0.8949508479169739}


METRICS_PER_CLASSES
CLASS:0
ACC:0.8571428571428571
PREC:0.377431906614786
REC:0.5187165775401069
TNR:0.8976327575175944
FPR:0.622568093385214
FPDR:0.622568093385214
F1:0.4369369369369369
BACC:0
CLSFE:0.622568093385214
MCC:0.36338057027150134
GMEAN:0.6823613352670381
SAMPLES:257
AUC:{}
AVGP:{}
CLASS:1
ACC:0.8571428571428571
PREC:0.9397186872069658
REC:0.8976327575175944
TNR:0.5187165775401069
FPR:0.06028131279303416
FPDR:0.06028131279303416
F1:0.9181937172774869
BACC:0
CLSFE:0.06028131279303416
MCC:0.36338057027150134
GMEAN:0.6823613352670381
SAMPLES:1493
AUC:{}
AVGP:{}
