

GENERAL_METRICS
ACC:0.9156
PREC:0.7419264997344457
REC:0.7564257469244289
TNR:0.7564257469244289
FPR:0.25807350026555437
FPDR:0.25807350026555437
F1:0.7488849778947373
BACC:0.0
CLSFE:0.0844
MCC:0.4981412787361347
GMEAN:0.7311447977589545
SAMPLES:2500.0
AUC:{'AUC macro OVO': 0.7419264997344456}
AVGP:{'avg_precision': 0.9483597882331176}


METRICS_PER_CLASSES
CLASS:0
ACC:0.9156
PREC:0.5271966527196653
REC:0.5625
TNR:0.9503514938488576
FPR:0.47280334728033474
FPDR:0.47280334728033474
F1:0.5442764578833693
BACC:0
CLSFE:0.47280334728033474
MCC:0.4981412787361347
GMEAN:0.7311447977589545
SAMPLES:239
AUC:{}
AVGP:{}
CLASS:1
ACC:0.9156
PREC:0.9566563467492261
REC:0.9503514938488576
TNR:0.5625
FPR:0.043343653250773995
FPDR:0.043343653250773995
F1:0.9534934979061054
BACC:0
CLSFE:0.043343653250773995
MCC:0.4981412787361347
GMEAN:0.7311447977589545
SAMPLES:2261
AUC:{}
AVGP:{}
