

GENERAL_METRICS
ACC:0.9012
PREC:0.7275708850272036
REC:0.7283723097780037
TNR:0.7283723097780037
FPR:0.2724291149727964
FPDR:0.2724291149727964
F1:0.7279705723631318
BACC:0.0
CLSFE:0.0988
MCC:0.45594249046074664
GMEAN:0.6954624521633717
SAMPLES:2500.0
AUC:{'AUC macro OVO': 0.7275708850272036}
AVGP:{'avg_precision': 0.9423196518252095}


METRICS_PER_CLASSES
CLASS:0
ACC:0.9012
PREC:0.5098814229249012
REC:0.5119047619047619
TNR:0.9448398576512456
FPR:0.4901185770750988
FPDR:0.4901185770750988
F1:0.5108910891089109
BACC:0
CLSFE:0.4901185770750988
MCC:0.45594249046074664
GMEAN:0.6954624521633717
SAMPLES:253
AUC:{}
AVGP:{}
CLASS:1
ACC:0.9012
PREC:0.945260347129506
REC:0.9448398576512456
TNR:0.5119047619047619
FPR:0.05473965287049399
FPDR:0.05473965287049399
F1:0.9450500556173527
BACC:0
CLSFE:0.05473965287049399
MCC:0.45594249046074664
GMEAN:0.6954624521633717
SAMPLES:2247
AUC:{}
AVGP:{}
