

GENERAL_METRICS
ACC:0.916
PREC:0.7294762886748315
REC:0.7628477566679686
TNR:0.7628477566679686
FPR:0.27052371132516856
FPDR:0.27052371132516856
F1:0.7446120438041423
BACC:0.0
CLSFE:0.084
MCC:0.4911917250388919
GMEAN:0.7403494762988528
SAMPLES:2500.0
AUC:{'AUC macro OVO': 0.7294762886748314}
AVGP:{'avg_precision': 0.9450346151175827}


METRICS_PER_CLASSES
CLASS:0
ACC:0.916
PREC:0.49794238683127573
REC:0.5789473684210527
TNR:0.9467481449148843
FPR:0.5020576131687243
FPDR:0.5020576131687243
F1:0.5353982300884956
BACC:0
CLSFE:0.5020576131687243
MCC:0.4911917250388919
GMEAN:0.7403494762988528
SAMPLES:243
AUC:{}
AVGP:{}
CLASS:1
ACC:0.916
PREC:0.9610101905183872
REC:0.9467481449148843
TNR:0.5789473684210527
FPR:0.03898980948161276
FPDR:0.03898980948161276
F1:0.9538258575197889
BACC:0
CLSFE:0.03898980948161276
MCC:0.4911917250388919
GMEAN:0.7403494762988528
SAMPLES:2257
AUC:{}
AVGP:{}
