

GENERAL_METRICS
ACC:0.9088
PREC:0.7391408554572272
REC:0.737374550725062
TNR:0.737374550725062
FPR:0.26085914454277287
FPDR:0.26085914454277287
F1:0.7382530734599637
BACC:0.0
CLSFE:0.0912
MCC:0.4765121325807614
GMEAN:0.7060669072362492
SAMPLES:2500.0
AUC:{'AUC macro OVO': 0.7391408554572271}
AVGP:{'avg_precision': 0.9476172585967689}


METRICS_PER_CLASSES
CLASS:0
ACC:0.9088
PREC:0.5291666666666667
REC:0.5247933884297521
TNR:0.949955713020372
FPR:0.4708333333333333
FPDR:0.4708333333333333
F1:0.5269709543568465
BACC:0
CLSFE:0.4708333333333333
MCC:0.4765121325807614
GMEAN:0.7060669072362492
SAMPLES:240
AUC:{}
AVGP:{}
CLASS:1
ACC:0.9088
PREC:0.9491150442477876
REC:0.949955713020372
TNR:0.5247933884297521
FPR:0.05088495575221239
FPDR:0.05088495575221239
F1:0.949535192563081
BACC:0
CLSFE:0.05088495575221239
MCC:0.4765121325807614
GMEAN:0.7060669072362492
SAMPLES:2260
AUC:{}
AVGP:{}
