

GENERAL_METRICS
ACC:0.8904
PREC:0.5334696254171878
REC:0.59766523200283
TNR:0.59766523200283
FPR:0.46653037458281216
FPDR:0.46653037458281216
F1:0.5399213903642748
BACC:0.0
CLSFE:0.1096
MCC:0.1143471684199914
GMEAN:0.5097944062606792
SAMPLES:2500.0
AUC:{'AUC macro OVO': 0.5334696254171878}
AVGP:{'avg_precision': 0.9094697020602872}


METRICS_PER_CLASSES
CLASS:0
ACC:0.8904
PREC:0.0912863070539419
REC:0.2857142857142857
TNR:0.9096161782913743
FPR:0.9087136929460581
FPDR:0.9087136929460581
F1:0.13836477987421383
BACC:0
CLSFE:0.9087136929460581
MCC:0.1143471684199914
GMEAN:0.5097944062606792
SAMPLES:241
AUC:{}
AVGP:{}
CLASS:1
ACC:0.8904
PREC:0.9756529437804338
REC:0.9096161782913743
TNR:0.2857142857142857
FPR:0.02434705621956618
FPDR:0.02434705621956618
F1:0.9414780008543358
BACC:0
CLSFE:0.02434705621956618
MCC:0.1143471684199914
GMEAN:0.5097944062606792
SAMPLES:2259
AUC:{}
AVGP:{}
