

GENERAL_METRICS
ACC:0.892
PREC:0.5399168429605663
REC:0.6154587223951385
TNR:0.6154587223951385
FPR:0.4600831570394337
FPDR:0.4600831570394337
F1:0.5492788461538461
BACC:0.0
CLSFE:0.108
MCC:0.13577551605903568
GMEAN:0.5401817786033534
SAMPLES:2500.0
AUC:{'AUC macro OVO': 0.5399168429605663}
AVGP:{'avg_precision': 0.910235516621697}


METRICS_PER_CLASSES
CLASS:0
ACC:0.892
PREC:0.10330578512396695
REC:0.32051282051282054
TNR:0.9104046242774566
FPR:0.8966942148760331
FPDR:0.8966942148760331
F1:0.15625
BACC:0
CLSFE:0.8966942148760331
MCC:0.13577551605903568
GMEAN:0.5401817786033534
SAMPLES:242
AUC:{}
AVGP:{}
CLASS:1
ACC:0.892
PREC:0.9765279007971657
REC:0.9104046242774566
TNR:0.32051282051282054
FPR:0.023472099202834367
FPDR:0.023472099202834367
F1:0.9423076923076923
BACC:0
CLSFE:0.023472099202834367
MCC:0.13577551605903568
GMEAN:0.5401817786033534
SAMPLES:2258
AUC:{}
AVGP:{}
