

GENERAL_METRICS
ACC:0.8912
PREC:0.5359357990030367
REC:0.617989417989418
TNR:0.617989417989418
FPR:0.46406420099696327
FPDR:0.46406420099696327
F1:0.5432796283908129
BACC:0.0
CLSFE:0.1088
MCC:0.13023124063531008
GMEAN:0.5460294389024718
SAMPLES:2500.0
AUC:{'AUC macro OVO': 0.5359357990030367}
AVGP:{'avg_precision': 0.9072695085849616}


METRICS_PER_CLASSES
CLASS:0
ACC:0.8912
PREC:0.09274193548387097
REC:0.32857142857142857
TNR:0.9074074074074074
FPR:0.907258064516129
FPDR:0.907258064516129
F1:0.14465408805031446
BACC:0
CLSFE:0.907258064516129
MCC:0.13023124063531008
GMEAN:0.5460294389024718
SAMPLES:248
AUC:{}
AVGP:{}
CLASS:1
ACC:0.8912
PREC:0.9791296625222025
REC:0.9074074074074074
TNR:0.32857142857142857
FPR:0.020870337477797513
FPDR:0.020870337477797513
F1:0.9419051687313114
BACC:0
CLSFE:0.020870337477797513
MCC:0.13023124063531008
GMEAN:0.5460294389024718
SAMPLES:2252
AUC:{}
AVGP:{}
