

GENERAL_METRICS
ACC:0.8836
PREC:0.5326057882629862
REC:0.6162758809817633
TNR:0.6162758809817633
FPR:0.4673942117370139
FPDR:0.4673942117370139
F1:0.5370461700195555
BACC:0.0
CLSFE:0.1164
MCC:0.1231465266320338
GMEAN:0.5474846812560735
SAMPLES:2500.0
AUC:{'AUC macro OVO': 0.5326057882629862}
AVGP:{'avg_precision': 0.899086149187098}


METRICS_PER_CLASSES
CLASS:0
ACC:0.8836
PREC:0.08582089552238806
REC:0.3333333333333333
TNR:0.8992184286301933
FPR:0.914179104477612
FPDR:0.914179104477612
F1:0.13649851632047477
BACC:0
CLSFE:0.914179104477612
MCC:0.1231465266320338
GMEAN:0.5474846812560735
SAMPLES:268
AUC:{}
AVGP:{}
CLASS:1
ACC:0.8836
PREC:0.9793906810035843
REC:0.8992184286301933
TNR:0.3333333333333333
FPR:0.02060931899641577
FPDR:0.02060931899641577
F1:0.9375938237186361
BACC:0
CLSFE:0.02060931899641577
MCC:0.1231465266320338
GMEAN:0.5474846812560735
SAMPLES:2232
AUC:{}
AVGP:{}
