

GENERAL_METRICS
ACC:0.92
PREC:0.549676915146253
REC:0.583427842938946
TNR:0.583427842938946
FPR:0.450323084853747
FPDR:0.450323084853747
F1:0.5602775759213477
BACC:0.0
CLSFE:0.08
MCC:0.12875461738536514
GMEAN:0.45757980784634256
SAMPLES:4250.0
AUC:{'AUC macro OVO': 0.549676915146253}
AVGP:{'avg_precision': 0.9452092352574736}


METRICS_PER_CLASSES
CLASS:0
ACC:0.92
PREC:0.12840466926070038
REC:0.2214765100671141
TNR:0.9453791758107779
FPR:0.8715953307392996
FPDR:0.8715953307392996
F1:0.1625615763546798
BACC:0
CLSFE:0.8715953307392996
MCC:0.12875461738536514
GMEAN:0.45757980784634256
SAMPLES:257
AUC:{}
AVGP:{}
CLASS:1
ACC:0.92
PREC:0.9709491610318056
REC:0.9453791758107779
TNR:0.2214765100671141
FPR:0.02905083896819434
FPDR:0.02905083896819434
F1:0.9579935754880158
BACC:0
CLSFE:0.02905083896819434
MCC:0.12875461738536514
GMEAN:0.45757980784634256
SAMPLES:3993
AUC:{}
AVGP:{}
