

GENERAL_METRICS
ACC:0.9275294117647059
PREC:0.5491421067865291
REC:0.5849577611962264
TNR:0.5849577611962264
FPR:0.4508578932134709
FPDR:0.4508578932134709
F1:0.5603020983230346
BACC:0.0
CLSFE:0.07247058823529412
MCC:0.1292285320360701
GMEAN:0.45690276490412923
SAMPLES:4250.0
AUC:{'AUC macro OVO': 0.5491421067865291}
AVGP:{'avg_precision': 0.9500832016618269}


METRICS_PER_CLASSES
CLASS:0
ACC:0.9275294117647059
PREC:0.12393162393162394
REC:0.2196969696969697
TNR:0.9502185526954833
FPR:0.8760683760683761
FPDR:0.8760683760683761
F1:0.15846994535519127
BACC:0
CLSFE:0.8760683760683761
MCC:0.1292285320360701
GMEAN:0.45690276490412923
SAMPLES:234
AUC:{}
AVGP:{}
CLASS:1
ACC:0.9275294117647059
PREC:0.9743525896414342
REC:0.9502185526954833
TNR:0.2196969696969697
FPR:0.02564741035856574
FPDR:0.02564741035856574
F1:0.9621342512908778
BACC:0
CLSFE:0.02564741035856574
MCC:0.1292285320360701
GMEAN:0.45690276490412923
SAMPLES:4016
AUC:{}
AVGP:{}
