

GENERAL_METRICS
ACC:0.8908
PREC:0.5731533361371085
REC:0.6225089256734826
TNR:0.6225089256734826
FPR:0.4268466638628915
FPDR:0.4268466638628915
F1:0.5882479634110805
BACC:0.0
CLSFE:0.1092
MCC:0.18933501123234778
GMEAN:0.5457635370416087
SAMPLES:2500.0
AUC:{'AUC macro OVO': 0.5731533361371085}
AVGP:{'avg_precision': 0.9214476587197722}


METRICS_PER_CLASSES
CLASS:0
ACC:0.8908
PREC:0.18502202643171806
REC:0.3230769230769231
TNR:0.9219409282700421
FPR:0.8149779735682819
FPDR:0.8149779735682819
F1:0.23529411764705882
BACC:0
CLSFE:0.8149779735682819
MCC:0.18933501123234778
GMEAN:0.5457635370416087
SAMPLES:227
AUC:{}
AVGP:{}
CLASS:1
ACC:0.8908
PREC:0.961284645842499
REC:0.9219409282700421
TNR:0.3230769230769231
FPR:0.0387153541575011
FPDR:0.0387153541575011
F1:0.9412018091751023
BACC:0
CLSFE:0.0387153541575011
MCC:0.18933501123234778
GMEAN:0.5457635370416087
SAMPLES:2273
AUC:{}
AVGP:{}
