

GENERAL_METRICS
ACC:0.8804
PREC:0.5715128820198027
REC:0.6466207776691648
TNR:0.6466207776691648
FPR:0.4284871179801973
FPDR:0.4284871179801973
F1:0.5890542750724996
BACC:0.0
CLSFE:0.1196
MCC:0.20479525751449132
GMEAN:0.592254777721095
SAMPLES:2500.0
AUC:{'AUC macro OVO': 0.5715128820198028}
AVGP:{'avg_precision': 0.9056488621824647}


METRICS_PER_CLASSES
CLASS:0
ACC:0.8804
PREC:0.17712177121771217
REC:0.3870967741935484
TNR:0.9061447811447811
FPR:0.8228782287822878
FPDR:0.8228782287822878
F1:0.2430379746835443
BACC:0
CLSFE:0.8228782287822878
MCC:0.20479525751449132
GMEAN:0.592254777721095
SAMPLES:271
AUC:{}
AVGP:{}
CLASS:1
ACC:0.8804
PREC:0.9659039928218932
REC:0.9061447811447811
TNR:0.3870967741935484
FPR:0.03409600717810678
FPDR:0.03409600717810678
F1:0.9350705754614549
BACC:0
CLSFE:0.03409600717810678
MCC:0.20479525751449132
GMEAN:0.592254777721095
SAMPLES:2229
AUC:{}
AVGP:{}
