

GENERAL_METRICS
ACC:0.8872
PREC:0.5636021343280443
REC:0.6404527437136133
TNR:0.6404527437136133
FPR:0.4363978656719557
FPDR:0.4363978656719557
F1:0.5800962026402121
BACC:0.0
CLSFE:0.1128
MCC:0.18903009572462903
GMEAN:0.5807195782299546
SAMPLES:2500.0
AUC:{'AUC macro OVO': 0.5636021343280443}
AVGP:{'avg_precision': 0.9101677136909317}


METRICS_PER_CLASSES
CLASS:0
ACC:0.8872
PREC:0.15748031496062992
REC:0.37037037037037035
TNR:0.9105351170568562
FPR:0.84251968503937
FPDR:0.84251968503937
F1:0.22099447513812154
BACC:0
CLSFE:0.84251968503937
MCC:0.18903009572462903
GMEAN:0.5807195782299546
SAMPLES:254
AUC:{}
AVGP:{}
CLASS:1
ACC:0.8872
PREC:0.9697239536954586
REC:0.9105351170568562
TNR:0.37037037037037035
FPR:0.030276046304541407
FPDR:0.030276046304541407
F1:0.9391979301423027
BACC:0
CLSFE:0.030276046304541407
MCC:0.18903009572462903
GMEAN:0.5807195782299546
SAMPLES:2246
AUC:{}
AVGP:{}
