

GENERAL_METRICS
ACC:0.8916
PREC:0.5738755465053602
REC:0.6371226885384859
TNR:0.6371226885384859
FPR:0.4261244534946398
FPDR:0.4261244534946398
F1:0.5912644618476294
BACC:0.0
CLSFE:0.1084
MCC:0.2012959369094661
GMEAN:0.5714383727701121
SAMPLES:2500.0
AUC:{'AUC macro OVO': 0.5738755465053602}
AVGP:{'avg_precision': 0.9184161745069119}


METRICS_PER_CLASSES
CLASS:0
ACC:0.8916
PREC:0.18220338983050846
REC:0.35537190082644626
TNR:0.9188734762505254
FPR:0.8177966101694916
FPDR:0.8177966101694916
F1:0.24089635854341737
BACC:0
CLSFE:0.8177966101694916
MCC:0.2012959369094661
GMEAN:0.5714383727701121
SAMPLES:236
AUC:{}
AVGP:{}
CLASS:1
ACC:0.8916
PREC:0.965547703180212
REC:0.9188734762505254
TNR:0.35537190082644626
FPR:0.03445229681978799
FPDR:0.03445229681978799
F1:0.9416325651518415
BACC:0
CLSFE:0.03445229681978799
MCC:0.2012959369094661
GMEAN:0.5714383727701121
SAMPLES:2264
AUC:{}
AVGP:{}
