

GENERAL_METRICS
ACC:0.77
PREC:0.7701829063385127
REC:0.7702996926229508
TNR:0.7702996926229508
FPR:0.22981709366148725
FPDR:0.22981709366148725
F1:0.7699917197019093
BACC:0.0
CLSFE:0.23
MCC:0.5404825863440024
GMEAN:0.7701984721326119
SAMPLES:500.0
AUC:{'AUC macro OVO': 0.7701829063385128}
AVGP:{'avg_precision': 0.7012049595141701}


METRICS_PER_CLASSES
CLASS:0
ACC:0.77
PREC:0.7549407114624506
REC:0.7827868852459017
TNR:0.7578125
FPR:0.2450592885375494
FPDR:0.2450592885375494
F1:0.7686116700201208
BACC:0
CLSFE:0.2450592885375494
MCC:0.5404825863440024
GMEAN:0.7701984721326119
SAMPLES:253
AUC:{}
AVGP:{}
CLASS:1
ACC:0.77
PREC:0.7854251012145749
REC:0.7578125
TNR:0.7827868852459017
FPR:0.2145748987854251
FPDR:0.2145748987854251
F1:0.7713717693836978
BACC:0
CLSFE:0.2145748987854251
MCC:0.5404825863440024
GMEAN:0.7701984721326119
SAMPLES:247
AUC:{}
AVGP:{}
