

GENERAL_METRICS
ACC:0.76
PREC:0.7600806451612903
REC:0.7601305934319186
TNR:0.7601305934319186
FPR:0.2399193548387097
FPDR:0.2399193548387097
F1:0.759996159938559
BACC:0.0
CLSFE:0.24
MCC:0.5202112361953083
GMEAN:0.7600867709454217
SAMPLES:500.0
AUC:{'AUC macro OVO': 0.7600806451612904}
AVGP:{'avg_precision': 0.6931370332740665}


METRICS_PER_CLASSES
CLASS:0
ACC:0.76
PREC:0.75
REC:0.7682926829268293
TNR:0.7519685039370079
FPR:0.25
FPDR:0.25
F1:0.7590361445783133
BACC:0
CLSFE:0.25
MCC:0.5202112361953083
GMEAN:0.7600867709454217
SAMPLES:252
AUC:{}
AVGP:{}
CLASS:1
ACC:0.76
PREC:0.7701612903225806
REC:0.7519685039370079
TNR:0.7682926829268293
FPR:0.22983870967741934
FPDR:0.22983870967741934
F1:0.7609561752988048
BACC:0
CLSFE:0.22983870967741934
MCC:0.5202112361953083
GMEAN:0.7600867709454217
SAMPLES:248
AUC:{}
AVGP:{}
