

GENERAL_METRICS
ACC:0.78
PREC:0.7794261362726093
REC:0.779820634997032
TNR:0.779820634997032
FPR:0.22057386372739068
FPDR:0.22057386372739068
F1:0.7795732538193944
BACC:0.0
CLSFE:0.22
MCC:0.5592466321277892
GMEAN:0.7798130063743218
SAMPLES:500.0
AUC:{'AUC macro OVO': 0.7794261362726093}
AVGP:{'avg_precision': 0.7289869195648663}


METRICS_PER_CLASSES
CLASS:0
ACC:0.78
PREC:0.7634854771784232
REC:0.7763713080168776
TNR:0.7832699619771863
FPR:0.23651452282157676
FPDR:0.23651452282157676
F1:0.7698744769874477
BACC:0
CLSFE:0.23651452282157676
MCC:0.5592466321277892
GMEAN:0.7798130063743218
SAMPLES:241
AUC:{}
AVGP:{}
CLASS:1
ACC:0.78
PREC:0.7953667953667953
REC:0.7832699619771863
TNR:0.7763713080168776
FPR:0.20463320463320464
FPDR:0.20463320463320464
F1:0.789272030651341
BACC:0
CLSFE:0.20463320463320464
MCC:0.5592466321277892
GMEAN:0.7798130063743218
SAMPLES:259
AUC:{}
AVGP:{}
