

GENERAL_METRICS
ACC:0.758
PREC:0.7584789887694452
REC:0.7581605222734256
TNR:0.7581605222734256
FPR:0.2415210112305548
FPDR:0.2415210112305548
F1:0.7579525587015055
BACC:0.0
CLSFE:0.242
MCC:0.5166394128884356
GMEAN:0.7578949543998574
SAMPLES:500.0
AUC:{'AUC macro OVO': 0.7584789887694453}
AVGP:{'avg_precision': 0.6796502667457025}


METRICS_PER_CLASSES
CLASS:0
ACC:0.758
PREC:0.7451737451737451
REC:0.7782258064516129
TNR:0.7380952380952381
FPR:0.2548262548262548
FPDR:0.2548262548262548
F1:0.7613412228796844
BACC:0
CLSFE:0.2548262548262548
MCC:0.5166394128884356
GMEAN:0.7578949543998574
SAMPLES:259
AUC:{}
AVGP:{}
CLASS:1
ACC:0.758
PREC:0.7717842323651453
REC:0.7380952380952381
TNR:0.7782258064516129
FPR:0.22821576763485477
FPDR:0.22821576763485477
F1:0.7545638945233266
BACC:0
CLSFE:0.22821576763485477
MCC:0.5166394128884356
GMEAN:0.7578949543998574
SAMPLES:241
AUC:{}
AVGP:{}
