

GENERAL_METRICS
ACC:0.9348235294117647
PREC:0.5075704476112657
REC:0.6004988244660339
TNR:0.6004988244660339
FPR:0.49242955238873437
FPDR:0.49242955238873437
F1:0.5005580937164714
BACC:0.0
CLSFE:0.0651764705882353
MCC:0.05516597087385988
GMEAN:0.49678962883149347
SAMPLES:4250.0
AUC:{'AUC macro OVO': 0.5075704476112656}
AVGP:{'avg_precision': 0.9378365949566156}


METRICS_PER_CLASSES
CLASS:0
ACC:0.9348235294117647
PREC:0.018656716417910446
REC:0.2631578947368421
TNR:0.9378397541952257
FPR:0.9813432835820896
FPDR:0.9813432835820896
F1:0.03484320557491289
BACC:0
CLSFE:0.9813432835820896
MCC:0.05516597087385988
GMEAN:0.49678962883149347
SAMPLES:268
AUC:{}
AVGP:{}
CLASS:1
ACC:0.9348235294117647
PREC:0.9964841788046208
REC:0.9378397541952257
TNR:0.2631578947368421
FPR:0.0035158211953792064
FPDR:0.0035158211953792064
F1:0.9662729818580299
BACC:0
CLSFE:0.0035158211953792064
MCC:0.05516597087385988
GMEAN:0.49678962883149347
SAMPLES:3982
AUC:{}
AVGP:{}
