

GENERAL_METRICS
ACC:0.9390588235294117
PREC:0.5056447023308754
REC:0.5518343195266272
TNR:0.5518343195266272
FPR:0.49435529766912456
FPDR:0.49435529766912456
F1:0.49925189165189326
BACC:0.0
CLSFE:0.060941176470588235
MCC:0.03421048402179045
GMEAN:0.3885704340895235
SAMPLES:4250.0
AUC:{'AUC macro OVO': 0.5056447023308753}
AVGP:{'avg_precision': 0.9436654439120368}


METRICS_PER_CLASSES
CLASS:0
ACC:0.9390588235294117
PREC:0.01652892561983471
REC:0.16
TNR:0.9436686390532545
FPR:0.9834710743801653
FPDR:0.9834710743801653
F1:0.0299625468164794
BACC:0
CLSFE:0.9834710743801653
MCC:0.03421048402179045
GMEAN:0.3885704340895235
SAMPLES:242
AUC:{}
AVGP:{}
CLASS:1
ACC:0.9390588235294117
PREC:0.9947604790419161
REC:0.9436686390532545
TNR:0.16
FPR:0.005239520958083832
FPDR:0.005239520958083832
F1:0.9685412364873072
BACC:0
CLSFE:0.005239520958083832
MCC:0.03421048402179045
GMEAN:0.3885704340895235
SAMPLES:4008
AUC:{}
AVGP:{}
