

GENERAL_METRICS
ACC:0.9357647058823529
PREC:0.5091575091575091
REC:0.5899408284023668
TNR:0.5899408284023668
FPR:0.4908424908424908
FPDR:0.4908424908424908
F1:0.5044366851395073
BACC:0.0
CLSFE:0.06423529411764706
MCC:0.05739804734409122
GMEAN:0.47494378365564077
SAMPLES:4250.0
AUC:{'AUC macro OVO': 0.5091575091575092}
AVGP:{'avg_precision': 0.9398766181028624}


METRICS_PER_CLASSES
CLASS:0
ACC:0.9357647058823529
PREC:0.023076923076923078
REC:0.24
TNR:0.9398816568047337
FPR:0.9769230769230769
FPDR:0.9769230769230769
F1:0.042105263157894736
BACC:0
CLSFE:0.9769230769230769
MCC:0.05739804734409122
GMEAN:0.47494378365564077
SAMPLES:260
AUC:{}
AVGP:{}
CLASS:1
ACC:0.9357647058823529
PREC:0.9952380952380953
REC:0.9398816568047337
TNR:0.24
FPR:0.004761904761904762
FPDR:0.004761904761904762
F1:0.9667681071211199
BACC:0
CLSFE:0.004761904761904762
MCC:0.05739804734409122
GMEAN:0.47494378365564077
SAMPLES:3990
AUC:{}
AVGP:{}
