

GENERAL_METRICS
ACC:0.9404705882352942
PREC:0.5122173009353195
REC:0.6121893491124261
TNR:0.6121893491124261
FPR:0.4877826990646805
FPDR:0.4877826990646805
F1:0.5108522339302278
BACC:0.0
CLSFE:0.05952941176470588
MCC:0.07404460925264235
GMEAN:0.5142237212565739
SAMPLES:4250.0
AUC:{'AUC macro OVO': 0.5122173009353195}
AVGP:{'avg_precision': 0.9443727706438846}


METRICS_PER_CLASSES
CLASS:0
ACC:0.9404705882352942
PREC:0.028925619834710745
REC:0.28
TNR:0.9443786982248521
FPR:0.9710743801652892
FPDR:0.9710743801652892
F1:0.052434456928838954
BACC:0
CLSFE:0.9710743801652892
MCC:0.07404460925264235
GMEAN:0.5142237212565739
SAMPLES:242
AUC:{}
AVGP:{}
CLASS:1
ACC:0.9404705882352942
PREC:0.9955089820359282
REC:0.9443786982248521
TNR:0.28
FPR:0.004491017964071856
FPDR:0.004491017964071856
F1:0.9692700109316167
BACC:0
CLSFE:0.004491017964071856
MCC:0.07404460925264235
GMEAN:0.5142237212565739
SAMPLES:4008
AUC:{}
AVGP:{}
