

GENERAL_METRICS
ACC:0.8488
PREC:0.7621144940388216
REC:0.7676300624557337
TNR:0.7676300624557337
FPR:0.23788550596117847
FPDR:0.23788550596117847
F1:0.7648062551083086
BACC:0.0
CLSFE:0.1512
MCC:0.5297158423538524
GMEAN:0.75574336022726
SAMPLES:1250.0
AUC:{'AUC macro OVO': 0.7621144940388217}
AVGP:{'avg_precision': 0.8924832465721823}


METRICS_PER_CLASSES
CLASS:0
ACC:0.8488
PREC:0.615686274509804
REC:0.6330645161290323
TNR:0.9021956087824351
FPR:0.3843137254901961
FPDR:0.3843137254901961
F1:0.6242544731610338
BACC:0
CLSFE:0.3843137254901961
MCC:0.5297158423538524
GMEAN:0.75574336022726
SAMPLES:255
AUC:{}
AVGP:{}
CLASS:1
ACC:0.8488
PREC:0.9085427135678392
REC:0.9021956087824351
TNR:0.6330645161290323
FPR:0.0914572864321608
FPDR:0.0914572864321608
F1:0.9053580370555834
BACC:0
CLSFE:0.0914572864321608
MCC:0.5297158423538524
GMEAN:0.75574336022726
SAMPLES:995
AUC:{}
AVGP:{}
