

GENERAL_METRICS
ACC:0.852
PREC:0.7642203956944993
REC:0.7699092331258351
TNR:0.7699092331258351
FPR:0.2357796043055007
FPDR:0.2357796043055007
F1:0.7669966497896672
BACC:0.0
CLSFE:0.148
MCC:0.5340993330012949
GMEAN:0.7580409054961158
SAMPLES:1250.0
AUC:{'AUC macro OVO': 0.7642203956944993}
AVGP:{'avg_precision': 0.8951850188160327}


METRICS_PER_CLASSES
CLASS:0
ACC:0.852
PREC:0.6175298804780877
REC:0.6352459016393442
TNR:0.904572564612326
FPR:0.38247011952191234
FPDR:0.38247011952191234
F1:0.6262626262626263
BACC:0
CLSFE:0.38247011952191234
MCC:0.5340993330012949
GMEAN:0.7580409054961158
SAMPLES:251
AUC:{}
AVGP:{}
CLASS:1
ACC:0.852
PREC:0.9109109109109109
REC:0.904572564612326
TNR:0.6352459016393442
FPR:0.0890890890890891
FPDR:0.0890890890890891
F1:0.9077306733167082
BACC:0
CLSFE:0.0890890890890891
MCC:0.5340993330012949
GMEAN:0.7580409054961158
SAMPLES:999
AUC:{}
AVGP:{}
