

GENERAL_METRICS
ACC:0.8552
PREC:0.7530031457411505
REC:0.7556577781076844
TNR:0.7556577781076844
FPR:0.24699685425884957
FPDR:0.24699685425884957
F1:0.7543161627930968
BACC:0.0
CLSFE:0.1448
MCC:0.5086539967185442
GMEAN:0.7396402748272074
SAMPLES:1250.0
AUC:{'AUC macro OVO': 0.7530031457411506}
AVGP:{'avg_precision': 0.9024905078505355}


METRICS_PER_CLASSES
CLASS:0
ACC:0.8552
PREC:0.5929203539823009
REC:0.600896860986547
TNR:0.9104186952288218
FPR:0.40707964601769914
FPDR:0.40707964601769914
F1:0.5968819599109132
BACC:0
CLSFE:0.40707964601769914
MCC:0.5086539967185442
GMEAN:0.7396402748272074
SAMPLES:226
AUC:{}
AVGP:{}
CLASS:1
ACC:0.8552
PREC:0.9130859375
REC:0.9104186952288218
TNR:0.600896860986547
FPR:0.0869140625
FPDR:0.0869140625
F1:0.9117503656752803
BACC:0
CLSFE:0.0869140625
MCC:0.5086539967185442
GMEAN:0.7396402748272074
SAMPLES:1024
AUC:{}
AVGP:{}
