

GENERAL_METRICS
ACC:0.8488
PREC:0.7831155054578434
REC:0.7607925407925408
TNR:0.7607925407925408
FPR:0.21688449454215658
FPDR:0.21688449454215658
F1:0.7708666526357852
BACC:0.0
CLSFE:0.1512
MCC:0.5434497658702796
GMEAN:0.7443837895247492
SAMPLES:1250.0
AUC:{'AUC macro OVO': 0.7831155054578434}
AVGP:{'avg_precision': 0.9054909388088671}


METRICS_PER_CLASSES
CLASS:0
ACC:0.8488
PREC:0.6747967479674797
REC:0.6036363636363636
TNR:0.9179487179487179
FPR:0.3252032520325203
FPDR:0.3252032520325203
F1:0.6372360844529751
BACC:0
CLSFE:0.3252032520325203
MCC:0.5434497658702796
GMEAN:0.7443837895247492
SAMPLES:246
AUC:{}
AVGP:{}
CLASS:1
ACC:0.8488
PREC:0.8914342629482072
REC:0.9179487179487179
TNR:0.6036363636363636
FPR:0.10856573705179283
FPDR:0.10856573705179283
F1:0.9044972208185953
BACC:0
CLSFE:0.10856573705179283
MCC:0.5434497658702796
GMEAN:0.7443837895247492
SAMPLES:1004
AUC:{}
AVGP:{}
