

GENERAL_METRICS
ACC:0.876
PREC:0.6266631654370062
REC:0.675906142900525
TNR:0.675906142900525
FPR:0.3733368345629938
FPDR:0.3733368345629938
F1:0.6449930016541545
BACC:0.0
CLSFE:0.124
MCC:0.2985352835401192
GMEAN:0.6327289877784844
SAMPLES:2250.0
AUC:{'AUC macro OVO': 0.6266631654370062}
AVGP:{'avg_precision': 0.9122135378156453}


METRICS_PER_CLASSES
CLASS:0
ACC:0.876
PREC:0.3035019455252918
REC:0.43820224719101125
TNR:0.9136100386100386
FPR:0.6964980544747081
FPDR:0.6964980544747081
F1:0.3586206896551724
BACC:0
CLSFE:0.6964980544747081
MCC:0.2985352835401192
GMEAN:0.6327289877784844
SAMPLES:257
AUC:{}
AVGP:{}
CLASS:1
ACC:0.876
PREC:0.9498243853487205
REC:0.9136100386100386
TNR:0.43820224719101125
FPR:0.050175614651279475
FPDR:0.050175614651279475
F1:0.9313653136531366
BACC:0
CLSFE:0.050175614651279475
MCC:0.2985352835401192
GMEAN:0.6327289877784844
SAMPLES:1993
AUC:{}
AVGP:{}
