

GENERAL_METRICS
ACC:0.8737777777777778
PREC:0.6371886675933404
REC:0.6584411712087781
TNR:0.6584411712087781
FPR:0.36281133240665964
FPDR:0.36281133240665964
F1:0.6465872160806688
BACC:0.0
CLSFE:0.12622222222222224
MCC:0.29486493972705935
GMEAN:0.603496283606645
SAMPLES:2250.0
AUC:{'AUC macro OVO': 0.6371886675933404}
AVGP:{'avg_precision': 0.9199783771182355}


METRICS_PER_CLASSES
CLASS:0
ACC:0.8737777777777778
PREC:0.3360995850622407
REC:0.3951219512195122
TNR:0.921760391198044
FPR:0.6639004149377593
FPDR:0.6639004149377593
F1:0.3632286995515695
BACC:0
CLSFE:0.6639004149377593
MCC:0.29486493972705935
GMEAN:0.603496283606645
SAMPLES:241
AUC:{}
AVGP:{}
CLASS:1
ACC:0.8737777777777778
PREC:0.93827775012444
REC:0.921760391198044
TNR:0.3951219512195122
FPR:0.06172224987555998
FPDR:0.06172224987555998
F1:0.9299457326097681
BACC:0
CLSFE:0.06172224987555998
MCC:0.29486493972705935
GMEAN:0.603496283606645
SAMPLES:2009
AUC:{}
AVGP:{}
