

GENERAL_METRICS
ACC:0.8675555555555555
PREC:0.6260985992859105
REC:0.6627237285132022
TNR:0.6627237285132022
FPR:0.37390140071408956
FPDR:0.37390140071408956
F1:0.6405897223133479
BACC:0.0
CLSFE:0.13244444444444445
MCC:0.286490727501576
GMEAN:0.6143366937730531
SAMPLES:2250.0
AUC:{'AUC macro OVO': 0.6260985992859105}
AVGP:{'avg_precision': 0.9096332495107076}


METRICS_PER_CLASSES
CLASS:0
ACC:0.8675555555555555
PREC:0.3106060606060606
REC:0.41414141414141414
TNR:0.9113060428849903
FPR:0.6893939393939394
FPDR:0.6893939393939394
F1:0.354978354978355
BACC:0
CLSFE:0.6893939393939394
MCC:0.286490727501576
GMEAN:0.6143366937730531
SAMPLES:264
AUC:{}
AVGP:{}
CLASS:1
ACC:0.8675555555555555
PREC:0.9415911379657603
REC:0.9113060428849903
TNR:0.41414141414141414
FPR:0.05840886203423968
FPDR:0.05840886203423968
F1:0.9262010896483408
BACC:0
CLSFE:0.05840886203423968
MCC:0.286490727501576
GMEAN:0.6143366937730531
SAMPLES:1986
AUC:{}
AVGP:{}
