

GENERAL_METRICS
ACC:0.8751111111111111
PREC:0.6450862639320067
REC:0.6677983500339034
TNR:0.6677983500339034
FPR:0.3549137360679933
FPDR:0.3549137360679933
F1:0.6551284002376054
BACC:0.0
CLSFE:0.12488888888888888
MCC:0.31205919759157336
GMEAN:0.6174685599989744
SAMPLES:2250.0
AUC:{'AUC macro OVO': 0.6450862639320067}
AVGP:{'avg_precision': 0.9202474138953411}


METRICS_PER_CLASSES
CLASS:0
ACC:0.8751111111111111
PREC:0.3510204081632653
REC:0.41346153846153844
TNR:0.9221351616062684
FPR:0.6489795918367347
FPDR:0.6489795918367347
F1:0.37969094922737306
BACC:0
CLSFE:0.6489795918367347
MCC:0.31205919759157336
GMEAN:0.6174685599989744
SAMPLES:245
AUC:{}
AVGP:{}
CLASS:1
ACC:0.8751111111111111
PREC:0.9391521197007481
REC:0.9221351616062684
TNR:0.41346153846153844
FPR:0.06084788029925187
FPDR:0.06084788029925187
F1:0.9305658512478379
BACC:0
CLSFE:0.06084788029925187
MCC:0.31205919759157336
GMEAN:0.6174685599989744
SAMPLES:2005
AUC:{}
AVGP:{}
