

GENERAL_METRICS
ACC:0.922
PREC:0.6760387118304689
REC:0.7244680851063829
TNR:0.7244680851063829
FPR:0.3239612881695311
FPDR:0.3239612881695311
F1:0.6964460841544856
BACC:0.0
CLSFE:0.078
MCC:0.3975679692791144
GMEAN:0.6888164378892122
SAMPLES:3000.0
AUC:{'AUC macro OVO': 0.6760387118304689}
AVGP:{'avg_precision': 0.9480597221581207}


METRICS_PER_CLASSES
CLASS:0
ACC:0.922
PREC:0.38461538461538464
REC:0.5
TNR:0.948936170212766
FPR:0.6153846153846154
FPDR:0.6153846153846154
F1:0.43478260869565216
BACC:0
CLSFE:0.6153846153846154
MCC:0.3975679692791144
GMEAN:0.6888164378892122
SAMPLES:234
AUC:{}
AVGP:{}
CLASS:1
ACC:0.922
PREC:0.9674620390455532
REC:0.948936170212766
TNR:0.5
FPR:0.03253796095444685
FPDR:0.03253796095444685
F1:0.958109559613319
BACC:0
CLSFE:0.03253796095444685
MCC:0.3975679692791144
GMEAN:0.6888164378892122
SAMPLES:2766
AUC:{}
AVGP:{}
