

GENERAL_METRICS
ACC:0.923
PREC:0.6724505282820618
REC:0.7128460527026784
TNR:0.7128460527026784
FPR:0.32754947171793825
FPDR:0.32754947171793825
F1:0.6899049981676204
BACC:0.0
CLSFE:0.077
MCC:0.38317314222856713
GMEAN:0.671845969006285
SAMPLES:3000.0
AUC:{'AUC macro OVO': 0.6724505282820618}
AVGP:{'avg_precision': 0.9502750233541359}


METRICS_PER_CLASSES
CLASS:0
ACC:0.923
PREC:0.3783783783783784
REC:0.4745762711864407
TNR:0.9511158342189161
FPR:0.6216216216216216
FPDR:0.6216216216216216
F1:0.42105263157894735
BACC:0
CLSFE:0.6216216216216216
MCC:0.38317314222856713
GMEAN:0.671845969006285
SAMPLES:222
AUC:{}
AVGP:{}
CLASS:1
ACC:0.923
PREC:0.9665226781857451
REC:0.9511158342189161
TNR:0.4745762711864407
FPR:0.03347732181425486
FPDR:0.03347732181425486
F1:0.9587573647562935
BACC:0
CLSFE:0.03347732181425486
MCC:0.38317314222856713
GMEAN:0.671845969006285
SAMPLES:2778
AUC:{}
AVGP:{}
