

GENERAL_METRICS
ACC:0.9163333333333333
PREC:0.6599072170949816
REC:0.7110520094562648
TNR:0.7110520094562648
FPR:0.3400927829050184
FPDR:0.3400927829050184
F1:0.6808065547836415
BACC:0.0
CLSFE:0.08366666666666667
MCC:0.3674166000302928
GMEAN:0.6716979179561328
SAMPLES:3000.0
AUC:{'AUC macro OVO': 0.6599072170949816}
AVGP:{'avg_precision': 0.9434627421624389}


METRICS_PER_CLASSES
CLASS:0
ACC:0.9163333333333333
PREC:0.35390946502057613
REC:0.4777777777777778
TNR:0.9443262411347517
FPR:0.6460905349794238
FPDR:0.6460905349794238
F1:0.4066193853427896
BACC:0
CLSFE:0.6460905349794238
MCC:0.3674166000302928
GMEAN:0.6716979179561328
SAMPLES:243
AUC:{}
AVGP:{}
CLASS:1
ACC:0.9163333333333333
PREC:0.9659049691693871
REC:0.9443262411347517
TNR:0.4777777777777778
FPR:0.034095030830612987
FPDR:0.034095030830612987
F1:0.9549937242244935
BACC:0
CLSFE:0.034095030830612987
MCC:0.3674166000302928
GMEAN:0.6716979179561328
SAMPLES:2757
AUC:{}
AVGP:{}
