

GENERAL_METRICS
ACC:0.9246666666666666
PREC:0.680218196788802
REC:0.7230946256937864
TNR:0.7230946256937864
FPR:0.319781803211198
FPDR:0.319781803211198
F1:0.6987196920008745
BACC:0.0
CLSFE:0.07533333333333334
MCC:0.40102723675983365
GMEAN:0.6859711239073476
SAMPLES:3000.0
AUC:{'AUC macro OVO': 0.6802181967888019}
AVGP:{'avg_precision': 0.9509489253845351}


METRICS_PER_CLASSES
CLASS:0
ACC:0.9246666666666666
PREC:0.39285714285714285
REC:0.4943820224719101
TNR:0.9518072289156626
FPR:0.6071428571428571
FPDR:0.6071428571428571
F1:0.43781094527363185
BACC:0
CLSFE:0.6071428571428571
MCC:0.40102723675983365
GMEAN:0.6859711239073476
SAMPLES:224
AUC:{}
AVGP:{}
CLASS:1
ACC:0.9246666666666666
PREC:0.9675792507204611
REC:0.9518072289156626
TNR:0.4943820224719101
FPR:0.032420749279538905
FPDR:0.032420749279538905
F1:0.9596284387281172
BACC:0
CLSFE:0.032420749279538905
MCC:0.40102723675983365
GMEAN:0.6859711239073476
SAMPLES:2776
AUC:{}
AVGP:{}
