

GENERAL_METRICS
ACC:0.8368
PREC:0.7532193548129803
REC:0.7459797233166363
TNR:0.7459797233166363
FPR:0.2467806451870197
FPDR:0.2467806451870197
F1:0.749473402917505
BACC:0.0
CLSFE:0.1632
MCC:0.4991465790138766
GMEAN:0.7294984746487646
SAMPLES:1250.0
AUC:{'AUC macro OVO': 0.7532193548129803}
AVGP:{'avg_precision': 0.8909189691207892}


METRICS_PER_CLASSES
CLASS:0
ACC:0.8368
PREC:0.6135458167330677
REC:0.5900383141762452
TNR:0.9019211324570273
FPR:0.38645418326693226
FPDR:0.38645418326693226
F1:0.6015625
BACC:0
CLSFE:0.38645418326693226
MCC:0.4991465790138766
GMEAN:0.7294984746487646
SAMPLES:251
AUC:{}
AVGP:{}
CLASS:1
ACC:0.8368
PREC:0.8928928928928929
REC:0.9019211324570273
TNR:0.5900383141762452
FPR:0.10710710710710711
FPDR:0.10710710710710711
F1:0.89738430583501
BACC:0
CLSFE:0.10710710710710711
MCC:0.4991465790138766
GMEAN:0.7294984746487646
SAMPLES:999
AUC:{}
AVGP:{}
