

GENERAL_METRICS
ACC:0.8568
PREC:0.7723332332657534
REC:0.7697870156112505
TNR:0.7697870156112505
FPR:0.22766676673424655
FPDR:0.22766676673424655
F1:0.7710470440766417
BACC:0.0
CLSFE:0.1432
MCC:0.5421142693363832
GMEAN:0.756437677394701
SAMPLES:1250.0
AUC:{'AUC macro OVO': 0.7723332332657534}
AVGP:{'avg_precision': 0.9030257810914493}


METRICS_PER_CLASSES
CLASS:0
ACC:0.8568
PREC:0.6348547717842323
REC:0.6270491803278688
TNR:0.9125248508946322
FPR:0.3651452282157676
FPDR:0.3651452282157676
F1:0.6309278350515464
BACC:0
CLSFE:0.3651452282157676
MCC:0.5421142693363832
GMEAN:0.756437677394701
SAMPLES:241
AUC:{}
AVGP:{}
CLASS:1
ACC:0.8568
PREC:0.9098116947472745
REC:0.9125248508946322
TNR:0.6270491803278688
FPR:0.09018830525272548
FPDR:0.09018830525272548
F1:0.9111662531017369
BACC:0
CLSFE:0.09018830525272548
MCC:0.5421142693363832
GMEAN:0.756437677394701
SAMPLES:1009
AUC:{}
AVGP:{}
