

GENERAL_METRICS
ACC:0.844
PREC:0.7463681857934117
REC:0.7534519599635123
TNR:0.7534519599635123
FPR:0.25363181420658826
FPDR:0.25363181420658826
F1:0.7497975284614935
BACC:0.0
CLSFE:0.156
MCC:0.49976994532282526
GMEAN:0.7391992862145838
SAMPLES:1250.0
AUC:{'AUC macro OVO': 0.7463681857934117}
AVGP:{'avg_precision': 0.8904064578802264}


METRICS_PER_CLASSES
CLASS:0
ACC:0.844
PREC:0.5853658536585366
REC:0.6075949367088608
TNR:0.8993089832181639
FPR:0.4146341463414634
FPDR:0.4146341463414634
F1:0.5962732919254659
BACC:0
CLSFE:0.4146341463414634
MCC:0.49976994532282526
GMEAN:0.7391992862145838
SAMPLES:246
AUC:{}
AVGP:{}
CLASS:1
ACC:0.844
PREC:0.9073705179282868
REC:0.8993089832181639
TNR:0.6075949367088608
FPR:0.09262948207171315
FPDR:0.09262948207171315
F1:0.903321764997521
BACC:0
CLSFE:0.09262948207171315
MCC:0.49976994532282526
GMEAN:0.7391992862145838
SAMPLES:1004
AUC:{}
AVGP:{}
