

GENERAL_METRICS
ACC:0.8328
PREC:0.7537366725346265
REC:0.7315897972253486
TNR:0.7315897972253486
FPR:0.2462633274653735
FPDR:0.2462633274653735
F1:0.7414520842673222
BACC:0.0
CLSFE:0.1672
MCC:0.48482089287046537
GMEAN:0.7096838425365255
SAMPLES:1250.0
AUC:{'AUC macro OVO': 0.7537366725346265}
AVGP:{'avg_precision': 0.8974569306950639}


METRICS_PER_CLASSES
CLASS:0
ACC:0.8328
PREC:0.6260504201680672
REC:0.5539033457249071
TNR:0.90927624872579
FPR:0.3739495798319328
FPDR:0.3739495798319328
F1:0.5877712031558185
BACC:0
CLSFE:0.3739495798319328
MCC:0.48482089287046537
GMEAN:0.7096838425365255
SAMPLES:238
AUC:{}
AVGP:{}
CLASS:1
ACC:0.8328
PREC:0.8814229249011858
REC:0.90927624872579
TNR:0.5539033457249071
FPR:0.11857707509881422
FPDR:0.11857707509881422
F1:0.8951329653788259
BACC:0
CLSFE:0.11857707509881422
MCC:0.48482089287046537
GMEAN:0.7096838425365255
SAMPLES:1012
AUC:{}
AVGP:{}
