

GENERAL_METRICS
ACC:0.8368
PREC:0.7488069854807595
REC:0.7414523598384077
TNR:0.7414523598384077
FPR:0.25119301451924053
FPDR:0.25119301451924053
F1:0.745
BACC:0.0
CLSFE:0.1632
MCC:0.4902041770063157
GMEAN:0.7237480313806609
SAMPLES:1250.0
AUC:{'AUC macro OVO': 0.7488069854807595}
AVGP:{'avg_precision': 0.892024160604015}


METRICS_PER_CLASSES
CLASS:0
ACC:0.8368
PREC:0.6040816326530613
REC:0.5803921568627451
TNR:0.9025125628140703
FPR:0.39591836734693875
FPDR:0.39591836734693875
F1:0.592
BACC:0
CLSFE:0.39591836734693875
MCC:0.4902041770063157
GMEAN:0.7237480313806609
SAMPLES:245
AUC:{}
AVGP:{}
CLASS:1
ACC:0.8368
PREC:0.8935323383084577
REC:0.9025125628140703
TNR:0.5803921568627451
FPR:0.10646766169154229
FPDR:0.10646766169154229
F1:0.898
BACC:0
CLSFE:0.10646766169154229
MCC:0.4902041770063157
GMEAN:0.7237480313806609
SAMPLES:1005
AUC:{}
AVGP:{}
