

GENERAL_METRICS
ACC:0.8536
PREC:0.7464459911446553
REC:0.7629924969774554
TNR:0.7629924969774554
FPR:0.2535540088553447
FPDR:0.2535540088553447
F1:0.7541578226174803
BACC:0.0
CLSFE:0.1464
MCC:0.5091697028740684
GMEAN:0.7501985134243664
SAMPLES:1250.0
AUC:{'AUC macro OVO': 0.7464459911446553}
AVGP:{'avg_precision': 0.8947063079195268}


METRICS_PER_CLASSES
CLASS:0
ACC:0.8536
PREC:0.5738396624472574
REC:0.6238532110091743
TNR:0.9021317829457365
FPR:0.42616033755274263
FPDR:0.42616033755274263
F1:0.5978021978021978
BACC:0
CLSFE:0.42616033755274263
MCC:0.5091697028740684
GMEAN:0.7501985134243664
SAMPLES:237
AUC:{}
AVGP:{}
CLASS:1
ACC:0.8536
PREC:0.9190523198420533
REC:0.9021317829457365
TNR:0.6238532110091743
FPR:0.08094768015794669
FPDR:0.08094768015794669
F1:0.9105134474327629
BACC:0
CLSFE:0.08094768015794669
MCC:0.5091697028740684
GMEAN:0.7501985134243664
SAMPLES:1013
AUC:{}
AVGP:{}
