

GENERAL_METRICS
ACC:0.852
PREC:0.7810065374974595
REC:0.7556697138850687
TNR:0.7556697138850687
FPR:0.21899346250254048
FPDR:0.21899346250254048
F1:0.7669966497896672
BACC:0.0
CLSFE:0.148
MCC:0.5360778340569932
GMEAN:0.7371401975150632
SAMPLES:1250.0
AUC:{'AUC macro OVO': 0.7810065374974595}
AVGP:{'avg_precision': 0.9105719962657972}


METRICS_PER_CLASSES
CLASS:0
ACC:0.852
PREC:0.6681034482758621
REC:0.5893536121673004
TNR:0.9219858156028369
FPR:0.33189655172413796
FPDR:0.33189655172413796
F1:0.6262626262626263
BACC:0
CLSFE:0.33189655172413796
MCC:0.5360778340569932
GMEAN:0.7371401975150632
SAMPLES:232
AUC:{}
AVGP:{}
CLASS:1
ACC:0.852
PREC:0.8939096267190569
REC:0.9219858156028369
TNR:0.5893536121673004
FPR:0.10609037328094302
FPDR:0.10609037328094302
F1:0.9077306733167082
BACC:0
CLSFE:0.10609037328094302
MCC:0.5360778340569932
GMEAN:0.7371401975150632
SAMPLES:1018
AUC:{}
AVGP:{}
