

GENERAL_METRICS
ACC:0.8568
PREC:0.7764984399029631
REC:0.774
TNR:0.774
FPR:0.2235015600970368
FPDR:0.2235015600970368
F1:0.7752365415659207
BACC:0.0
CLSFE:0.1432
MCC:0.5504927702828145
GMEAN:0.7615983193258766
SAMPLES:1250.0
AUC:{'AUC macro OVO': 0.7764984399029631}
AVGP:{'avg_precision': 0.9020562313060818}


METRICS_PER_CLASSES
CLASS:0
ACC:0.8568
PREC:0.6437246963562753
REC:0.636
TNR:0.912
FPR:0.3562753036437247
FPDR:0.3562753036437247
F1:0.6398390342052314
BACC:0
CLSFE:0.3562753036437247
MCC:0.5504927702828145
GMEAN:0.7615983193258766
SAMPLES:247
AUC:{}
AVGP:{}
CLASS:1
ACC:0.8568
PREC:0.909272183449651
REC:0.912
TNR:0.636
FPR:0.09072781655034895
FPDR:0.09072781655034895
F1:0.91063404892661
BACC:0
CLSFE:0.09072781655034895
MCC:0.5504927702828145
GMEAN:0.7615983193258766
SAMPLES:1003
AUC:{}
AVGP:{}
