

GENERAL_METRICS
ACC:0.9586666666666667
PREC:0.9586666666666667
REC:0.9220100851728592
TNR:0.9793646031269794
FPR:0.04133333333333333
FPDR:0.04133333333333333
F1:0.9392023948157527
BACC:0.0
CLSFE:0.04133333333333333
MCC:0.9092399671301603
GMEAN:0.9500509037572141
SAMPLES:750.0
AUC:0.9798
AVGP:0.9583724427332352


METRICS_PER_CLASSES

======>> CLASS:0
ACC:0.9586666666666667
PREC:1.0
REC:0.8896797153024911
TNR:1.0
FPR:0.0
FPDR:0.0
F1:0.9416195856873822
BACC:0
CLSFE:0.0
MCC:0.9135204283176905
GMEAN:0.9432283473806813
SAMPLES:250
AUC:1.0
AVGP:1.0

======>> CLASS:1
ACC:0.9586666666666667
PREC:0.928
REC:0.9469387755102041
TNR:0.9643564356435643
FPR:0.072
FPDR:0.072
F1:0.9373737373737374
BACC:0
CLSFE:0.072
MCC:0.9066356933524617
GMEAN:0.9556079229075604
SAMPLES:250
AUC:0.966992
AVGP:0.9411456811281547

======>> CLASS:2
ACC:0.9586666666666667
PREC:0.948
REC:0.9294117647058824
TNR:0.9737373737373738
FPR:0.052
FPDR:0.052
F1:0.9386138613861386
BACC:0
CLSFE:0.052
MCC:0.9075637797203289
GMEAN:0.9513164409834006
SAMPLES:250
AUC:0.9719919999999999
AVGP:0.9279273737557829
