

GENERAL_METRICS
ACC:0.9626666666666667
PREC:0.9626666666666667
REC:0.929093525179856
TNR:0.9813333333333333
FPR:0.037333333333333336
FPDR:0.037333333333333336
F1:0.944989898989899
BACC:0.0
CLSFE:0.037333333333333336
MCC:0.9177896719393193
GMEAN:0.9546998161457374
SAMPLES:750.0
AUC:0.984448
AVGP:0.9686550719352148


METRICS_PER_CLASSES

======>> CLASS:0
ACC:0.9626666666666667
PREC:1.0
REC:0.8992805755395683
TNR:1.0
FPR:0.0
FPDR:0.0
F1:0.946969696969697
BACC:0
CLSFE:0.0
MCC:0.9213690158179579
GMEAN:0.9483040522636019
SAMPLES:250
AUC:1.0
AVGP:1.0

======>> CLASS:1
ACC:0.9626666666666667
PREC:0.944
REC:0.944
TNR:0.972
FPR:0.056
FPDR:0.056
F1:0.944
BACC:0
CLSFE:0.056
MCC:0.916
GMEAN:0.957897698086805
SAMPLES:250
AUC:0.976592
AVGP:0.9585071193577855

======>> CLASS:2
ACC:0.9626666666666667
PREC:0.944
REC:0.944
TNR:0.972
FPR:0.056
FPDR:0.056
F1:0.944
BACC:0
CLSFE:0.056
MCC:0.916
GMEAN:0.957897698086805
SAMPLES:250
AUC:0.9764079999999999
AVGP:0.943686351948582
