

GENERAL_METRICS
ACC:0.819
PREC:0.786
REC:0.7599130472714584
TNR:0.7599130472714584
FPR:0.21400000000000002
FPDR:0.21400000000000002
F1:0.7706884035478685
BACC:0.0
CLSFE:0.181
MCC:0.5452893966313193
GMEAN:0.7466500001948174
SAMPLES:1000.0
AUC:{'AUC macro OVO': 0.786}
AVGP:{'avg_precision': 0.8788815232722144}


METRICS_PER_CLASSES
CLASS:0
ACC:0.819
PREC:0.72
REC:0.6185567010309279
TNR:0.9012693935119888
FPR:0.28
FPDR:0.28
F1:0.6654343807763401
BACC:0
CLSFE:0.28
MCC:0.5452893966313193
GMEAN:0.7466500001948174
SAMPLES:250
AUC:{}
AVGP:{}
CLASS:1
ACC:0.819
PREC:0.852
REC:0.9012693935119888
TNR:0.6185567010309279
FPR:0.148
FPDR:0.148
F1:0.8759424263193969
BACC:0
CLSFE:0.148
MCC:0.5452893966313193
GMEAN:0.7466500001948174
SAMPLES:750
AUC:{}
AVGP:{}
