

GENERAL_METRICS
ACC:0.805
PREC:0.7649422889723265
REC:0.7342336139743488
TNR:0.7342336139743488
FPR:0.23505771102767348
FPDR:0.23505771102767348
F1:0.7463048323074941
BACC:0.0
CLSFE:0.195
MCC:0.49823042797735395
GMEAN:0.7157268545781336
SAMPLES:1000.0
AUC:{'AUC macro OVO': 0.7649422889723265}
AVGP:{'avg_precision': 0.876827107751853}


METRICS_PER_CLASSES
CLASS:0
ACC:0.805
PREC:0.6893617021276596
REC:0.5704225352112676
TNR:0.8980446927374302
FPR:0.31063829787234043
FPDR:0.31063829787234043
F1:0.6242774566473989
BACC:0
CLSFE:0.31063829787234043
MCC:0.49823042797735395
GMEAN:0.7157268545781336
SAMPLES:235
AUC:{}
AVGP:{}
CLASS:1
ACC:0.805
PREC:0.8405228758169935
REC:0.8980446927374302
TNR:0.5704225352112676
FPR:0.15947712418300652
FPDR:0.15947712418300652
F1:0.8683322079675895
BACC:0
CLSFE:0.15947712418300652
MCC:0.49823042797735395
GMEAN:0.7157268545781336
SAMPLES:765
AUC:{}
AVGP:{}
