

GENERAL_METRICS
ACC:0.813
PREC:0.7748350193425599
REC:0.7586201022975584
TNR:0.7586201022975584
FPR:0.22516498065744017
FPDR:0.22516498065744017
F1:0.7657812697661195
BACC:0.0
CLSFE:0.187
MCC:0.5332086301526796
GMEAN:0.7475954540465396
SAMPLES:1000.0
AUC:{'AUC macro OVO': 0.7748350193425597}
AVGP:{'avg_precision': 0.8658094938614647}


METRICS_PER_CLASSES
CLASS:0
ACC:0.813
PREC:0.6946564885496184
REC:0.629757785467128
TNR:0.8874824191279888
FPR:0.3053435114503817
FPDR:0.3053435114503817
F1:0.6606170598911071
BACC:0
CLSFE:0.3053435114503817
MCC:0.5332086301526796
GMEAN:0.7475954540465396
SAMPLES:262
AUC:{}
AVGP:{}
CLASS:1
ACC:0.813
PREC:0.8550135501355014
REC:0.8874824191279888
TNR:0.629757785467128
FPR:0.14498644986449866
FPDR:0.14498644986449866
F1:0.8709454796411318
BACC:0
CLSFE:0.14498644986449866
MCC:0.5332086301526796
GMEAN:0.7475954540465396
SAMPLES:738
AUC:{}
AVGP:{}
