

GENERAL_METRICS
ACC:0.799
PREC:0.7493483522621486
REC:0.7407387989274533
TNR:0.7407387989274533
FPR:0.2506516477378514
FPDR:0.2506516477378514
F1:0.744755098231191
BACC:0.0
CLSFE:0.201
MCC:0.49001152165282474
GMEAN:0.7291293724952473
SAMPLES:1000.0
AUC:{'AUC macro OVO': 0.7493483522621486}
AVGP:{'avg_precision': 0.8518518368586175}


METRICS_PER_CLASSES
CLASS:0
ACC:0.799
PREC:0.6450381679389313
REC:0.6101083032490975
TNR:0.8713692946058091
FPR:0.3549618320610687
FPDR:0.3549618320610687
F1:0.62708719851577
BACC:0
CLSFE:0.3549618320610687
MCC:0.49001152165282474
GMEAN:0.7291293724952473
SAMPLES:262
AUC:{}
AVGP:{}
CLASS:1
ACC:0.799
PREC:0.8536585365853658
REC:0.8713692946058091
TNR:0.6101083032490975
FPR:0.14634146341463414
FPDR:0.14634146341463414
F1:0.8624229979466119
BACC:0
CLSFE:0.14634146341463414
MCC:0.49001152165282474
GMEAN:0.7291293724952473
SAMPLES:738
AUC:{}
AVGP:{}
