

GENERAL_METRICS
ACC:0.8508571428571429
PREC:0.6927596959399696
REC:0.6973220463587615
TNR:0.6973220463587615
FPR:0.3072403040600305
FPDR:0.3072403040600305
F1:0.6949914490760929
BACC:0.0
CLSFE:0.14914285714285713
MCC:0.39005506102788834
GMEAN:0.663807710375205
SAMPLES:1750.0
AUC:{'AUC macro OVO': 0.6927596959399696}
AVGP:{'avg_precision': 0.9061979013751922}


METRICS_PER_CLASSES
CLASS:0
ACC:0.8508571428571429
PREC:0.47035573122529645
REC:0.483739837398374
TNR:0.910904255319149
FPR:0.5296442687747036
FPDR:0.5296442687747036
F1:0.47695390781563124
BACC:0
CLSFE:0.5296442687747036
MCC:0.39005506102788834
GMEAN:0.663807710375205
SAMPLES:253
AUC:{}
AVGP:{}
CLASS:1
ACC:0.8508571428571429
PREC:0.9151636606546426
REC:0.910904255319149
TNR:0.483739837398374
FPR:0.08483633934535738
FPDR:0.08483633934535738
F1:0.9130289903365545
BACC:0
CLSFE:0.08483633934535738
MCC:0.39005506102788834
GMEAN:0.663807710375205
SAMPLES:1497
AUC:{}
AVGP:{}
