

GENERAL_METRICS
ACC:0.872
PREC:0.7261778581374566
REC:0.7454276886994564
TNR:0.7454276886994564
FPR:0.2738221418625434
FPDR:0.2738221418625434
F1:0.7351236810240442
BACC:0.0
CLSFE:0.128
MCC:0.47121251663201624
GMEAN:0.7251276864760211
SAMPLES:1750.0
AUC:{'AUC macro OVO': 0.7261778581374566}
AVGP:{'avg_precision': 0.9138067178741451}


METRICS_PER_CLASSES
CLASS:0
ACC:0.872
PREC:0.5193798449612403
REC:0.5726495726495726
TNR:0.9182058047493403
FPR:0.4806201550387597
FPDR:0.4806201550387597
F1:0.5447154471544715
BACC:0
CLSFE:0.4806201550387597
MCC:0.47121251663201624
GMEAN:0.7251276864760211
SAMPLES:258
AUC:{}
AVGP:{}
CLASS:1
ACC:0.872
PREC:0.9329758713136729
REC:0.9182058047493403
TNR:0.5726495726495726
FPR:0.06702412868632708
FPDR:0.06702412868632708
F1:0.925531914893617
BACC:0
CLSFE:0.06702412868632708
MCC:0.47121251663201624
GMEAN:0.7251276864760211
SAMPLES:1492
AUC:{}
AVGP:{}
