

GENERAL_METRICS
ACC:0.736
PREC:0.7354390681003584
REC:0.7404091235866936
TNR:0.7404091235866936
FPR:0.2645609318996416
FPDR:0.2645609318996416
F1:0.7344662772172066
BACC:0.0
CLSFE:0.264
MCC:0.4758222357985178
GMEAN:0.7397757446742488
SAMPLES:500.0
AUC:{'AUC macro OVO': 0.7354390681003584}
AVGP:{'avg_precision': 0.6789823635815496}


METRICS_PER_CLASSES
CLASS:0
ACC:0.736
PREC:0.8055555555555556
REC:0.7097902097902098
TNR:0.7710280373831776
FPR:0.19444444444444445
FPDR:0.19444444444444445
F1:0.7546468401486989
BACC:0
CLSFE:0.19444444444444445
MCC:0.4758222357985178
GMEAN:0.7397757446742488
SAMPLES:252
AUC:{}
AVGP:{}
CLASS:1
ACC:0.736
PREC:0.6653225806451613
REC:0.7710280373831776
TNR:0.7097902097902098
FPR:0.3346774193548387
FPDR:0.3346774193548387
F1:0.7142857142857143
BACC:0
CLSFE:0.3346774193548387
MCC:0.4758222357985178
GMEAN:0.7397757446742488
SAMPLES:248
AUC:{}
AVGP:{}
