

GENERAL_METRICS
ACC:0.762
PREC:0.7612216159126914
REC:0.7661058946270214
TNR:0.7661058946270214
FPR:0.23877838408730856
FPDR:0.23877838408730856
F1:0.7606895358985806
BACC:0.0
CLSFE:0.238
MCC:0.5273048901664498
GMEAN:0.7655107977222245
SAMPLES:500.0
AUC:{'AUC macro OVO': 0.7612216159126914}
AVGP:{'avg_precision': 0.7045059229269756}


METRICS_PER_CLASSES
CLASS:0
ACC:0.762
PREC:0.8260869565217391
REC:0.7359154929577465
TNR:0.7962962962962963
FPR:0.17391304347826086
FPDR:0.17391304347826086
F1:0.7783985102420856
BACC:0
CLSFE:0.17391304347826086
MCC:0.5273048901664498
GMEAN:0.7655107977222245
SAMPLES:253
AUC:{}
AVGP:{}
CLASS:1
ACC:0.762
PREC:0.6963562753036437
REC:0.7962962962962963
TNR:0.7359154929577465
FPR:0.30364372469635625
FPDR:0.30364372469635625
F1:0.7429805615550756
BACC:0
CLSFE:0.30364372469635625
MCC:0.5273048901664498
GMEAN:0.7655107977222245
SAMPLES:247
AUC:{}
AVGP:{}
