

GENERAL_METRICS
ACC:0.758
PREC:0.7609301654944809
REC:0.7661100581661329
TNR:0.7661100581661329
FPR:0.23906983450551916
FPDR:0.23906983450551916
F1:0.7572922642425313
BACC:0.0
CLSFE:0.242
MCC:0.5270147683586675
GMEAN:0.7640371037470814
SAMPLES:500.0
AUC:{'AUC macro OVO': 0.7609301654944808}
AVGP:{'avg_precision': 0.7248712878432505}


METRICS_PER_CLASSES
CLASS:0
ACC:0.758
PREC:0.8423236514522822
REC:0.7097902097902098
TNR:0.822429906542056
FPR:0.15767634854771784
FPDR:0.15767634854771784
F1:0.7703984819734345
BACC:0
CLSFE:0.15767634854771784
MCC:0.5270147683586675
GMEAN:0.7640371037470814
SAMPLES:241
AUC:{}
AVGP:{}
CLASS:1
ACC:0.758
PREC:0.6795366795366795
REC:0.822429906542056
TNR:0.7097902097902098
FPR:0.3204633204633205
FPDR:0.3204633204633205
F1:0.7441860465116279
BACC:0
CLSFE:0.3204633204633205
MCC:0.5270147683586675
GMEAN:0.7640371037470814
SAMPLES:259
AUC:{}
AVGP:{}
