

GENERAL_METRICS
ACC:0.752
PREC:0.7492269981896538
REC:0.7564920611366672
TNR:0.7564920611366672
FPR:0.25077300181034623
FPDR:0.25077300181034623
F1:0.7492883022774327
BACC:0.0
CLSFE:0.248
MCC:0.5056668723836621
GMEAN:0.7560411099698128
SAMPLES:500.0
AUC:{'AUC macro OVO': 0.7492269981896539}
AVGP:{'avg_precision': 0.684068915749594}


METRICS_PER_CLASSES
CLASS:0
ACC:0.752
PREC:0.8262548262548263
REC:0.7303754266211604
TNR:0.782608695652174
FPR:0.17374517374517376
FPDR:0.17374517374517376
F1:0.7753623188405797
BACC:0
CLSFE:0.17374517374517376
MCC:0.5056668723836621
GMEAN:0.7560411099698128
SAMPLES:259
AUC:{}
AVGP:{}
CLASS:1
ACC:0.752
PREC:0.6721991701244814
REC:0.782608695652174
TNR:0.7303754266211604
FPR:0.3278008298755187
FPDR:0.3278008298755187
F1:0.7232142857142857
BACC:0
CLSFE:0.3278008298755187
MCC:0.5056668723836621
GMEAN:0.7560411099698128
SAMPLES:241
AUC:{}
AVGP:{}
