

GENERAL_METRICS
ACC:0.9106666666666666
PREC:0.6628535901281929
REC:0.7125680514716586
TNR:0.7125680514716586
FPR:0.33714640987180705
FPDR:0.33714640987180705
F1:0.6832445840339512
BACC:0.0
CLSFE:0.08933333333333333
MCC:0.3721154139710641
GMEAN:0.6751493085518958
SAMPLES:3000.0
AUC:{'AUC macro OVO': 0.6628535901281929}
AVGP:{'avg_precision': 0.9394176339272534}


METRICS_PER_CLASSES
CLASS:0
ACC:0.9106666666666666
PREC:0.36259541984732824
REC:0.4846938775510204
TNR:0.9404422253922967
FPR:0.6374045801526718
FPDR:0.6374045801526718
F1:0.4148471615720524
BACC:0
CLSFE:0.6374045801526718
MCC:0.3721154139710641
GMEAN:0.6751493085518958
SAMPLES:262
AUC:{}
AVGP:{}
CLASS:1
ACC:0.9106666666666666
PREC:0.9631117604090577
REC:0.9404422253922967
TNR:0.4846938775510204
FPR:0.03688823959094229
FPDR:0.03688823959094229
F1:0.9516420064958498
BACC:0
CLSFE:0.03688823959094229
MCC:0.3721154139710641
GMEAN:0.6751493085518958
SAMPLES:2738
AUC:{}
AVGP:{}
