

GENERAL_METRICS
ACC:0.9033333333333333
PREC:0.6270223936569164
REC:0.6707311218856512
TNR:0.6707311218856512
FPR:0.3729776063430837
FPDR:0.3729776063430837
F1:0.644375408763898
BACC:0.0
CLSFE:0.09666666666666666
MCC:0.2945279326219919
GMEAN:0.6160215110207017
SAMPLES:3000.0
AUC:{'AUC macro OVO': 0.6270223936569164}
AVGP:{'avg_precision': 0.9352130306353874}


METRICS_PER_CLASSES
CLASS:0
ACC:0.9033333333333333
PREC:0.29411764705882354
REC:0.40540540540540543
TNR:0.9360568383658969
FPR:0.7058823529411765
FPDR:0.7058823529411765
F1:0.3409090909090909
BACC:0
CLSFE:0.7058823529411765
MCC:0.2945279326219919
GMEAN:0.6160215110207017
SAMPLES:255
AUC:{}
AVGP:{}
CLASS:1
ACC:0.9033333333333333
PREC:0.9599271402550091
REC:0.9360568383658969
TNR:0.40540540540540543
FPR:0.04007285974499089
FPDR:0.04007285974499089
F1:0.947841726618705
BACC:0
CLSFE:0.04007285974499089
MCC:0.2945279326219919
GMEAN:0.6160215110207017
SAMPLES:2745
AUC:{}
AVGP:{}
