

GENERAL_METRICS
ACC:0.9
PREC:0.5015422662481486
REC:0.506596488169184
TNR:0.506596488169184
FPR:0.4984577337518514
FPDR:0.4984577337518514
F1:0.49117760845065683
BACC:0.0
CLSFE:0.1
MCC:0.006379197773903534
GMEAN:0.2995345671649198
SAMPLES:2750.0
AUC:{'AUC macro OVO': 0.5015422662481487}
AVGP:{'avg_precision': 0.915149287357905}


METRICS_PER_CLASSES
CLASS:0
ACC:0.9
PREC:0.021367521367521368
REC:0.09803921568627451
TNR:0.9151537606520934
FPR:0.9786324786324786
FPDR:0.9786324786324786
F1:0.03508771929824561
BACC:0
CLSFE:0.9786324786324786
MCC:0.006379197773903534
GMEAN:0.2995345671649198
SAMPLES:234
AUC:{}
AVGP:{}
CLASS:1
ACC:0.9
PREC:0.9817170111287759
REC:0.9151537606520934
TNR:0.09803921568627451
FPR:0.018282988871224166
FPDR:0.018282988871224166
F1:0.947267497603068
BACC:0
CLSFE:0.018282988871224166
MCC:0.006379197773903534
GMEAN:0.2995345671649198
SAMPLES:2516
AUC:{}
AVGP:{}
