

GENERAL_METRICS
ACC:0.8967272727272727
PREC:0.49638084492285683
REC:0.48492035175352066
TNR:0.48492035175352066
FPR:0.5036191550771432
FPDR:0.5036191550771432
F1:0.4830895492752664
BACC:0.0
CLSFE:0.10327272727272727
MCC:-0.014775058106522432
GMEAN:0.22736019091012158
SAMPLES:2750.0
AUC:{'AUC macro OVO': 0.49638084492285683}
AVGP:{'avg_precision': 0.9132484948225743}


METRICS_PER_CLASSES
CLASS:0
ACC:0.8967272727272727
PREC:0.012658227848101266
REC:0.05660377358490566
TNR:0.9132369299221357
FPR:0.9873417721518988
FPDR:0.9873417721518988
F1:0.020689655172413793
BACC:0
CLSFE:0.9873417721518988
MCC:-0.014775058106522432
GMEAN:0.22736019091012158
SAMPLES:237
AUC:{}
AVGP:{}
CLASS:1
ACC:0.8967272727272727
PREC:0.9801034619976124
REC:0.9132369299221357
TNR:0.05660377358490566
FPR:0.019896538002387585
FPDR:0.019896538002387585
F1:0.945489443378119
BACC:0
CLSFE:0.019896538002387585
MCC:-0.014775058106522432
GMEAN:0.22736019091012158
SAMPLES:2513
AUC:{}
AVGP:{}
