

GENERAL_METRICS
ACC:0.8927272727272727
PREC:0.4977096310338525
REC:0.4906140629971365
TNR:0.4906140629971365
FPR:0.5022903689661475
FPDR:0.5022903689661475
F1:0.4848195614250669
BACC:0.0
CLSFE:0.10727272727272727
MCC:-0.00927302730063362
GMEAN:0.25492289514474503
SAMPLES:2750.0
AUC:{'AUC macro OVO': 0.4977096310338525}
AVGP:{'avg_precision': 0.9098074961190528}


METRICS_PER_CLASSES
CLASS:0
ACC:0.8927272727272727
PREC:0.016194331983805668
REC:0.07142857142857142
TNR:0.9097995545657016
FPR:0.9838056680161943
FPDR:0.9838056680161943
F1:0.026402640264026403
BACC:0
CLSFE:0.9838056680161943
MCC:-0.00927302730063362
GMEAN:0.25492289514474503
SAMPLES:247
AUC:{}
AVGP:{}
CLASS:1
ACC:0.8927272727272727
PREC:0.9792249300838993
REC:0.9097995545657016
TNR:0.07142857142857142
FPR:0.020775069916100678
FPDR:0.020775069916100678
F1:0.9432364825861074
BACC:0
CLSFE:0.020775069916100678
MCC:-0.00927302730063362
GMEAN:0.25492289514474503
SAMPLES:2503
AUC:{}
AVGP:{}
