

GENERAL_METRICS
ACC:0.8978181818181818
PREC:0.49904826580313655
REC:0.49586629761204226
TNR:0.49586629761204226
FPR:0.5009517341968635
FPDR:0.5009517341968635
F1:0.48687863509384927
BACC:0.0
CLSFE:0.10218181818181818
MCC:-0.003966956476834883
GMEAN:0.2676405582962028
SAMPLES:2750.0
AUC:{'AUC macro OVO': 0.49904826580313655}
AVGP:{'avg_precision': 0.9133040913735663}


METRICS_PER_CLASSES
CLASS:0
ACC:0.8978181818181818
PREC:0.01680672268907563
REC:0.0784313725490196
TNR:0.9133012226750649
FPR:0.9831932773109243
FPDR:0.9831932773109243
F1:0.02768166089965398
BACC:0
CLSFE:0.9831932773109243
MCC:-0.003966956476834883
GMEAN:0.2676405582962028
SAMPLES:238
AUC:{}
AVGP:{}
CLASS:1
ACC:0.8978181818181818
PREC:0.9812898089171974
REC:0.9133012226750649
TNR:0.0784313725490196
FPR:0.018710191082802547
FPDR:0.018710191082802547
F1:0.9460756092880446
BACC:0
CLSFE:0.018710191082802547
MCC:-0.003966956476834883
GMEAN:0.2676405582962028
SAMPLES:2512
AUC:{}
AVGP:{}
