

GENERAL_METRICS
ACC:0.91925
PREC:0.535933193053936
REC:0.5625555354639509
TNR:0.5625555354639509
FPR:0.46406680694606395
FPDR:0.46406680694606395
F1:0.5435208042513334
BACC:0.0
CLSFE:0.08075
MCC:0.09482236302515329
GMEAN:0.41287401485181063
SAMPLES:4000.0
AUC:{'AUC macro OVO': 0.535933193053936}
AVGP:{'avg_precision': 0.9445394131246179}


METRICS_PER_CLASSES
CLASS:0
ACC:0.91925
PREC:0.10084033613445378
REC:0.18045112781954886
TNR:0.9446599431083528
FPR:0.8991596638655462
FPDR:0.8991596638655462
F1:0.1293800539083558
BACC:0
CLSFE:0.8991596638655462
MCC:0.09482236302515329
GMEAN:0.41287401485181063
SAMPLES:238
AUC:{}
AVGP:{}
CLASS:1
ACC:0.91925
PREC:0.9710260499734183
REC:0.9446599431083528
TNR:0.18045112781954886
FPR:0.028973950026581607
FPDR:0.028973950026581607
F1:0.9576615545943111
BACC:0
CLSFE:0.028973950026581607
MCC:0.09482236302515329
GMEAN:0.41287401485181063
SAMPLES:3762
AUC:{}
AVGP:{}
