

GENERAL_METRICS
ACC:0.917
PREC:0.5384222308740509
REC:0.5800987495667025
TNR:0.5800987495667025
FPR:0.461577769125949
FPDR:0.461577769125949
F1:0.548146242740738
BACC:0.0
CLSFE:0.083
MCC:0.11095174894655124
GMEAN:0.4558357721284469
SAMPLES:4000.0
AUC:{'AUC macro OVO': 0.538422230874051}
AVGP:{'avg_precision': 0.9387617806149664}


METRICS_PER_CLASSES
CLASS:0
ACC:0.917
PREC:0.10227272727272728
REC:0.22131147540983606
TNR:0.9388860237235689
FPR:0.8977272727272727
FPDR:0.8977272727272727
F1:0.13989637305699482
BACC:0
CLSFE:0.8977272727272727
MCC:0.11095174894655124
GMEAN:0.4558357721284469
SAMPLES:264
AUC:{}
AVGP:{}
CLASS:1
ACC:0.917
PREC:0.9745717344753747
REC:0.9388860237235689
TNR:0.22131147540983606
FPR:0.02542826552462527
FPDR:0.02542826552462527
F1:0.9563961124244812
BACC:0
CLSFE:0.02542826552462527
MCC:0.11095174894655124
GMEAN:0.4558357721284469
SAMPLES:3736
AUC:{}
AVGP:{}
