

GENERAL_METRICS
ACC:0.808
PREC:0.8081729307668923
REC:0.8103578852382409
TNR:0.8103578852382409
FPR:0.19182706923310772
FPDR:0.19182706923310772
F1:0.8076923076923077
BACC:0.0
CLSFE:0.192
MCC:0.6185269568272139
GMEAN:0.8098715785647124
SAMPLES:500.0
AUC:{'AUC macro OVO': 0.8081729307668923}
AVGP:{'avg_precision': 0.7593472746568312}


METRICS_PER_CLASSES
CLASS:0
ACC:0.808
PREC:0.8514056224899599
REC:0.7822878228782287
TNR:0.8384279475982532
FPR:0.14859437751004015
FPDR:0.14859437751004015
F1:0.8153846153846154
BACC:0
CLSFE:0.14859437751004015
MCC:0.6185269568272139
GMEAN:0.8098715785647124
SAMPLES:249
AUC:{}
AVGP:{}
CLASS:1
ACC:0.808
PREC:0.7649402390438247
REC:0.8384279475982532
TNR:0.7822878228782287
FPR:0.2350597609561753
FPDR:0.2350597609561753
F1:0.8
BACC:0
CLSFE:0.2350597609561753
MCC:0.6185269568272139
GMEAN:0.8098715785647124
SAMPLES:251
AUC:{}
AVGP:{}
