

GENERAL_METRICS
ACC:0.806
PREC:0.8051677766393442
REC:0.8071593161346461
TNR:0.8071593161346461
FPR:0.19483222336065575
FPDR:0.19483222336065575
F1:0.8054326415828557
BACC:0.0
CLSFE:0.194
MCC:0.6123238541127445
GMEAN:0.8070413145945575
SAMPLES:500.0
AUC:{'AUC macro OVO': 0.8051677766393442}
AVGP:{'avg_precision': 0.7445434891545565}


METRICS_PER_CLASSES
CLASS:0
ACC:0.806
PREC:0.83984375
REC:0.7933579335793358
TNR:0.8209606986899564
FPR:0.16015625
FPDR:0.16015625
F1:0.8159392789373814
BACC:0
CLSFE:0.16015625
MCC:0.6123238541127445
GMEAN:0.8070413145945575
SAMPLES:256
AUC:{}
AVGP:{}
CLASS:1
ACC:0.806
PREC:0.7704918032786885
REC:0.8209606986899564
TNR:0.7933579335793358
FPR:0.22950819672131148
FPDR:0.22950819672131148
F1:0.7949260042283298
BACC:0
CLSFE:0.22950819672131148
MCC:0.6123238541127445
GMEAN:0.8070413145945575
SAMPLES:244
AUC:{}
AVGP:{}
