

GENERAL_METRICS
ACC:0.826
PREC:0.8247950819672132
REC:0.8290355017110236
TNR:0.8290355017110236
FPR:0.17520491803278687
FPDR:0.17520491803278687
F1:0.8251432016882725
BACC:0.0
CLSFE:0.174
MCC:0.653816832907673
GMEAN:0.8286224065804635
SAMPLES:500.0
AUC:{'AUC macro OVO': 0.8247950819672132}
AVGP:{'avg_precision': 0.7724323121430161}


METRICS_PER_CLASSES
CLASS:0
ACC:0.826
PREC:0.875
REC:0.8028673835125448
TNR:0.8552036199095022
FPR:0.125
FPDR:0.125
F1:0.8373831775700935
BACC:0
CLSFE:0.125
MCC:0.653816832907673
GMEAN:0.8286224065804635
SAMPLES:256
AUC:{}
AVGP:{}
CLASS:1
ACC:0.826
PREC:0.7745901639344263
REC:0.8552036199095022
TNR:0.8028673835125448
FPR:0.22540983606557377
FPDR:0.22540983606557377
F1:0.8129032258064516
BACC:0
CLSFE:0.22540983606557377
MCC:0.653816832907673
GMEAN:0.8286224065804635
SAMPLES:244
AUC:{}
AVGP:{}
