

GENERAL_METRICS
ACC:0.796
PREC:0.7994029275808937
REC:0.8007933436532508
TNR:0.8007933436532508
FPR:0.2005970724191063
FPDR:0.2005970724191063
F1:0.7959477626272327
BACC:0.0
CLSFE:0.204
MCC:0.6001946607114366
GMEAN:0.798938682613285
SAMPLES:500.0
AUC:{'AUC macro OVO': 0.7994029275808938}
AVGP:{'avg_precision': 0.7697284688995215}


METRICS_PER_CLASSES
CLASS:0
ACC:0.796
PREC:0.8601694915254238
REC:0.7463235294117647
TNR:0.8552631578947368
FPR:0.13983050847457626
FPDR:0.13983050847457626
F1:0.7992125984251969
BACC:0
CLSFE:0.13983050847457626
MCC:0.6001946607114366
GMEAN:0.798938682613285
SAMPLES:236
AUC:{}
AVGP:{}
CLASS:1
ACC:0.796
PREC:0.7386363636363636
REC:0.8552631578947368
TNR:0.7463235294117647
FPR:0.26136363636363635
FPDR:0.26136363636363635
F1:0.7926829268292683
BACC:0
CLSFE:0.26136363636363635
MCC:0.6001946607114366
GMEAN:0.798938682613285
SAMPLES:264
AUC:{}
AVGP:{}
