

GENERAL_METRICS
ACC:0.84
PREC:0.6365363276171039
REC:0.7233358975519254
TNR:0.7233358975519254
FPR:0.3634636723828962
FPDR:0.3634636723828962
F1:0.6609850268386853
BACC:0.0
CLSFE:0.16
MCC:0.34924755275769437
GMEAN:0.7086321149121805
SAMPLES:1500.0
AUC:{'AUC macro OVO': 0.6365363276171039}
AVGP:{'avg_precision': 0.8662465027266573}


METRICS_PER_CLASSES
CLASS:0
ACC:0.84
PREC:0.3231939163498099
REC:0.5782312925170068
TNR:0.868440502586844
FPR:0.6768060836501901
FPDR:0.6768060836501901
F1:0.4146341463414634
BACC:0
CLSFE:0.6768060836501901
MCC:0.34924755275769437
GMEAN:0.7086321149121805
SAMPLES:263
AUC:{}
AVGP:{}
CLASS:1
ACC:0.84
PREC:0.9498787388843978
REC:0.868440502586844
TNR:0.5782312925170068
FPR:0.050121261115602264
FPDR:0.050121261115602264
F1:0.9073359073359073
BACC:0
CLSFE:0.050121261115602264
MCC:0.34924755275769437
GMEAN:0.7086321149121805
SAMPLES:1237
AUC:{}
AVGP:{}
