

GENERAL_METRICS
ACC:0.848
PREC:0.6659925935432978
REC:0.7333306931738677
TNR:0.7333306931738677
FPR:0.3340074064567023
FPDR:0.3340074064567023
F1:0.6893213761427887
BACC:0.0
CLSFE:0.152
MCC:0.39360470989654445
GMEAN:0.7181303147433596
SAMPLES:1500.0
AUC:{'AUC macro OVO': 0.6659925935432978}
AVGP:{'avg_precision': 0.8788273219419267}


METRICS_PER_CLASSES
CLASS:0
ACC:0.848
PREC:0.38910505836575876
REC:0.5847953216374269
TNR:0.8818660647103085
FPR:0.6108949416342413
FPDR:0.6108949416342413
F1:0.4672897196261682
BACC:0
CLSFE:0.6108949416342413
MCC:0.39360470989654445
GMEAN:0.7181303147433596
SAMPLES:257
AUC:{}
AVGP:{}
CLASS:1
ACC:0.848
PREC:0.9428801287208367
REC:0.8818660647103085
TNR:0.5847953216374269
FPR:0.05711987127916331
FPDR:0.05711987127916331
F1:0.911353032659409
BACC:0
CLSFE:0.05711987127916331
MCC:0.39360470989654445
GMEAN:0.7181303147433596
SAMPLES:1243
AUC:{}
AVGP:{}
