

GENERAL_METRICS
ACC:0.856
PREC:0.6843327476892522
REC:0.7627836268518235
TNR:0.7627836268518235
FPR:0.3156672523107478
FPDR:0.3156672523107478
F1:0.711270090789516
BACC:0.0
CLSFE:0.144
MCC:0.44018009035095523
GMEAN:0.7530988465851127
SAMPLES:1500.0
AUC:{'AUC macro OVO': 0.6843327476892522}
AVGP:{'avg_precision': 0.8809057151022011}


METRICS_PER_CLASSES
CLASS:0
ACC:0.856
PREC:0.4188679245283019
REC:0.6416184971098265
TNR:0.8839487565938207
FPR:0.5811320754716981
FPDR:0.5811320754716981
F1:0.5068493150684932
BACC:0
CLSFE:0.5811320754716981
MCC:0.44018009035095523
GMEAN:0.7530988465851127
SAMPLES:265
AUC:{}
AVGP:{}
CLASS:1
ACC:0.856
PREC:0.9497975708502024
REC:0.8839487565938207
TNR:0.6416184971098265
FPR:0.05020242914979757
FPDR:0.05020242914979757
F1:0.9156908665105387
BACC:0
CLSFE:0.05020242914979757
MCC:0.44018009035095523
GMEAN:0.7530988465851127
SAMPLES:1235
AUC:{}
AVGP:{}
