

GENERAL_METRICS
ACC:0.8426666666666667
PREC:0.6528497096385506
REC:0.7373826910359771
TNR:0.7373826910359771
FPR:0.3471502903614494
FPDR:0.3471502903614494
F1:0.6784203717969216
BACC:0.0
CLSFE:0.15733333333333333
MCC:0.38096653605305997
GMEAN:0.7251771092626387
SAMPLES:1500.0
AUC:{'AUC macro OVO': 0.6528497096385506}
AVGP:{'avg_precision': 0.8684162624616013}


METRICS_PER_CLASSES
CLASS:0
ACC:0.8426666666666667
PREC:0.35687732342007433
REC:0.6037735849056604
TNR:0.8709917971662938
FPR:0.6431226765799256
FPDR:0.6431226765799256
F1:0.4485981308411215
BACC:0
CLSFE:0.6431226765799256
MCC:0.38096653605305997
GMEAN:0.7251771092626387
SAMPLES:269
AUC:{}
AVGP:{}
CLASS:1
ACC:0.8426666666666667
PREC:0.9488220958570268
REC:0.8709917971662938
TNR:0.6037735849056604
FPR:0.05117790414297319
FPDR:0.05117790414297319
F1:0.9082426127527217
BACC:0
CLSFE:0.05117790414297319
MCC:0.38096653605305997
GMEAN:0.7251771092626387
SAMPLES:1231
AUC:{}
AVGP:{}
