

GENERAL_METRICS
ACC:0.8448
PREC:0.7538995535112354
REC:0.7676718448573459
TNR:0.7676718448573459
FPR:0.24610044648876458
FPDR:0.24610044648876458
F1:0.7603603389937703
BACC:0.0
CLSFE:0.1552
MCC:0.5213895353641413
GMEAN:0.7571180481647077
SAMPLES:1250.0
AUC:{'AUC macro OVO': 0.7538995535112354}
AVGP:{'avg_precision': 0.8851721372872213}


METRICS_PER_CLASSES
CLASS:0
ACC:0.8448
PREC:0.596958174904943
REC:0.6408163265306123
TNR:0.8945273631840795
FPR:0.40304182509505704
FPDR:0.40304182509505704
F1:0.6181102362204725
BACC:0
CLSFE:0.40304182509505704
MCC:0.5213895353641413
GMEAN:0.7571180481647077
SAMPLES:263
AUC:{}
AVGP:{}
CLASS:1
ACC:0.8448
PREC:0.9108409321175278
REC:0.8945273631840795
TNR:0.6408163265306123
FPR:0.08915906788247213
FPDR:0.08915906788247213
F1:0.9026104417670683
BACC:0
CLSFE:0.08915906788247213
MCC:0.5213895353641413
GMEAN:0.7571180481647077
SAMPLES:987
AUC:{}
AVGP:{}
