

GENERAL_METRICS
ACC:0.832
PREC:0.7548493705782708
REC:0.7307455190665224
TNR:0.7307455190665224
FPR:0.24515062942172916
FPDR:0.24515062942172916
F1:0.7413538279633461
BACC:0.0
CLSFE:0.168
MCC:0.4849962898738901
GMEAN:0.7084133770696736
SAMPLES:1250.0
AUC:{'AUC macro OVO': 0.7548493705782708}
AVGP:{'avg_precision': 0.8979144272816186}


METRICS_PER_CLASSES
CLASS:0
ACC:0.832
PREC:0.6302521008403361
REC:0.5514705882352942
TNR:0.9100204498977505
FPR:0.3697478991596639
FPDR:0.3697478991596639
F1:0.5882352941176471
BACC:0
CLSFE:0.3697478991596639
MCC:0.4849962898738901
GMEAN:0.7084133770696736
SAMPLES:238
AUC:{}
AVGP:{}
CLASS:1
ACC:0.832
PREC:0.8794466403162056
REC:0.9100204498977505
TNR:0.5514705882352942
FPR:0.12055335968379446
FPDR:0.12055335968379446
F1:0.8944723618090452
BACC:0
CLSFE:0.12055335968379446
MCC:0.4849962898738901
GMEAN:0.7084133770696736
SAMPLES:1012
AUC:{}
AVGP:{}
