

GENERAL_METRICS
ACC:0.8328
PREC:0.7490925080095612
REC:0.747011186919909
TNR:0.747011186919909
FPR:0.2509074919904389
FPDR:0.2509074919904389
F1:0.7480409885473176
BACC:0.0
CLSFE:0.1672
MCC:0.4960993289908731
GMEAN:0.7320967423603012
SAMPLES:1250.0
AUC:{'AUC macro OVO': 0.7490925080095611}
AVGP:{'avg_precision': 0.8843547369953874}


METRICS_PER_CLASSES
CLASS:0
ACC:0.8328
PREC:0.6053639846743295
REC:0.5984848484848485
TNR:0.8955375253549696
FPR:0.3946360153256705
FPDR:0.3946360153256705
F1:0.6019047619047619
BACC:0
CLSFE:0.3946360153256705
MCC:0.4960993289908731
GMEAN:0.7320967423603012
SAMPLES:261
AUC:{}
AVGP:{}
CLASS:1
ACC:0.8328
PREC:0.8928210313447927
REC:0.8955375253549696
TNR:0.5984848484848485
FPR:0.10717896865520728
FPDR:0.10717896865520728
F1:0.8941772151898734
BACC:0
CLSFE:0.10717896865520728
MCC:0.4960993289908731
GMEAN:0.7320967423603012
SAMPLES:989
AUC:{}
AVGP:{}
