

GENERAL_METRICS
ACC:0.8392
PREC:0.7409024176601459
REC:0.7416666666666667
TNR:0.7416666666666667
FPR:0.2590975823398542
FPDR:0.2590975823398542
F1:0.741283173675447
BACC:0.0
CLSFE:0.1608
MCC:0.4825684791524145
GMEAN:0.724568837309472
SAMPLES:1250.0
AUC:{'AUC macro OVO': 0.7409024176601458}
AVGP:{'avg_precision': 0.890802775024777}


METRICS_PER_CLASSES
CLASS:0
ACC:0.8392
PREC:0.5809128630705395
REC:0.5833333333333334
TNR:0.9
FPR:0.4190871369294606
FPDR:0.4190871369294606
F1:0.5821205821205822
BACC:0
CLSFE:0.4190871369294606
MCC:0.4825684791524145
GMEAN:0.724568837309472
SAMPLES:241
AUC:{}
AVGP:{}
CLASS:1
ACC:0.8392
PREC:0.9008919722497523
REC:0.9
TNR:0.5833333333333334
FPR:0.09910802775024777
FPDR:0.09910802775024777
F1:0.9004457652303121
BACC:0
CLSFE:0.09910802775024777
MCC:0.4825684791524145
GMEAN:0.724568837309472
SAMPLES:1009
AUC:{}
AVGP:{}
