

GENERAL_METRICS
ACC:0.8953333333333333
PREC:0.4967882184310934
REC:0.4843117307960824
TNR:0.4843117307960824
FPR:0.5032117815689067
FPDR:0.5032117815689067
F1:0.4817341549295775
BACC:0.0
CLSFE:0.10466666666666667
MCC:-0.01419680159432934
GMEAN:0.23133880580100544
SAMPLES:3000.0
AUC:{'AUC macro OVO': 0.4967882184310934}
AVGP:{'avg_precision': 0.9098093072281266}


METRICS_PER_CLASSES
CLASS:0
ACC:0.8953333333333333
PREC:0.011152416356877323
REC:0.058823529411764705
TNR:0.9097999321804001
FPR:0.9888475836431226
FPDR:0.9888475836431226
F1:0.01875
BACC:0
CLSFE:0.9888475836431226
MCC:-0.01419680159432934
GMEAN:0.23133880580100544
SAMPLES:269
AUC:{}
AVGP:{}
CLASS:1
ACC:0.8953333333333333
PREC:0.9824240205053094
REC:0.9097999321804001
TNR:0.058823529411764705
FPR:0.01757597949469059
FPDR:0.01757597949469059
F1:0.944718309859155
BACC:0
CLSFE:0.01757597949469059
MCC:-0.01419680159432934
GMEAN:0.23133880580100544
SAMPLES:2731
AUC:{}
AVGP:{}
