

GENERAL_METRICS
ACC:0.9073333333333333
PREC:0.4956398245963723
REC:0.4810169491525424
TNR:0.4810169491525424
FPR:0.5043601754036277
FPDR:0.5043601754036277
F1:0.4827829995609237
BACC:0.0
CLSFE:0.09266666666666666
MCC:-0.018195541364949608
GMEAN:0.19204519242148027
SAMPLES:3000.0
AUC:{'AUC macro OVO': 0.4956398245963723}
AVGP:{'avg_precision': 0.9220448711668463}


METRICS_PER_CLASSES
CLASS:0
ACC:0.9073333333333333
PREC:0.008620689655172414
REC:0.04
TNR:0.9220338983050848
FPR:0.9913793103448276
FPDR:0.9913793103448276
F1:0.014184397163120567
BACC:0
CLSFE:0.9913793103448276
MCC:-0.018195541364949608
GMEAN:0.19204519242148027
SAMPLES:232
AUC:{}
AVGP:{}
CLASS:1
ACC:0.9073333333333333
PREC:0.9826589595375722
REC:0.9220338983050848
TNR:0.04
FPR:0.017341040462427744
FPDR:0.017341040462427744
F1:0.9513816019587268
BACC:0
CLSFE:0.017341040462427744
MCC:-0.018195541364949608
GMEAN:0.19204519242148027
SAMPLES:2768
AUC:{}
AVGP:{}
