

GENERAL_METRICS
ACC:0.8963333333333333
PREC:0.4967024248904833
REC:0.484409247468949
TNR:0.484409247468949
FPR:0.5032975751095168
FPDR:0.5032975751095168
F1:0.4821014137576734
BACC:0.0
CLSFE:0.10366666666666667
MCC:-0.01434038737064367
GMEAN:0.22927052218087643
SAMPLES:3000.0
AUC:{'AUC macro OVO': 0.4967024248904833}
AVGP:{'avg_precision': 0.9111358704235182}


METRICS_PER_CLASSES
CLASS:0
ACC:0.8963333333333333
PREC:0.011320754716981131
REC:0.057692307692307696
TNR:0.9111261872455902
FPR:0.9886792452830189
FPDR:0.9886792452830189
F1:0.01892744479495268
BACC:0
CLSFE:0.9886792452830189
MCC:-0.01434038737064367
GMEAN:0.22927052218087643
SAMPLES:265
AUC:{}
AVGP:{}
CLASS:1
ACC:0.8963333333333333
PREC:0.9820840950639854
REC:0.9111261872455902
TNR:0.057692307692307696
FPR:0.017915904936014627
FPDR:0.017915904936014627
F1:0.9452753827203941
BACC:0
CLSFE:0.017915904936014627
MCC:-0.01434038737064367
GMEAN:0.22927052218087643
SAMPLES:2735
AUC:{}
AVGP:{}
