

GENERAL_METRICS
ACC:0.8976666666666666
PREC:0.4894583787713559
REC:0.45768184908225695
TNR:0.45768184908225695
FPR:0.5105416212286441
FPDR:0.5105416212286441
F1:0.4730370630598981
BACC:0.0
CLSFE:0.10233333333333333
MCC:-0.042242249848768516
GMEAN:0.0
SAMPLES:3000.0
AUC:{'AUC macro OVO': 0.4894583787713559}
AVGP:{'avg_precision': 0.9153981967128448}


METRICS_PER_CLASSES
CLASS:0
ACC:0.8976666666666666
PREC:0.0
REC:0.0
TNR:0.9153636981645139
FPR:1.0
FPDR:1.0
F1:0.0
BACC:0
CLSFE:1.0
MCC:-0.042242249848768516
GMEAN:0
SAMPLES:249
AUC:{}
AVGP:{}
CLASS:1
ACC:0.8976666666666666
PREC:0.9789167575427118
REC:0.9153636981645139
TNR:0.0
FPR:0.021083242457288258
FPDR:0.021083242457288258
F1:0.9460741261197962
BACC:0
CLSFE:0.021083242457288258
MCC:-0.042242249848768516
GMEAN:0
SAMPLES:2751
AUC:{}
AVGP:{}
