

GENERAL_METRICS
ACC:0.746
PREC:0.7520156423502149
REC:0.7542207792207792
TNR:0.7542207792207792
FPR:0.24798435764978516
FPDR:0.24798435764978516
F1:0.7458770044701635
BACC:0.0
CLSFE:0.254
MCC:0.5062316188232293
GMEAN:0.7511030849063557
SAMPLES:500.0
AUC:{'AUC macro OVO': 0.7520156423502148}
AVGP:{'avg_precision': 0.7295822913146334}


METRICS_PER_CLASSES
CLASS:0
ACC:0.746
PREC:0.8311688311688312
REC:0.6857142857142857
TNR:0.8227272727272728
FPR:0.16883116883116883
FPDR:0.16883116883116883
F1:0.7514677103718199
BACC:0
CLSFE:0.16883116883116883
MCC:0.5062316188232293
GMEAN:0.7511030849063557
SAMPLES:231
AUC:{}
AVGP:{}
CLASS:1
ACC:0.746
PREC:0.6728624535315985
REC:0.8227272727272728
TNR:0.6857142857142857
FPR:0.3271375464684015
FPDR:0.3271375464684015
F1:0.7402862985685071
BACC:0
CLSFE:0.3271375464684015
MCC:0.5062316188232293
GMEAN:0.7511030849063557
SAMPLES:269
AUC:{}
AVGP:{}
