

GENERAL_METRICS
ACC:0.766
PREC:0.7614394970510079
REC:0.7633210934312525
TNR:0.7633210934312525
FPR:0.23856050294899214
FPDR:0.23856050294899214
F1:0.7622250854567107
BACC:0.0
CLSFE:0.234
MCC:0.524757217118881
GMEAN:0.763081215635968
SAMPLES:500.0
AUC:{'AUC macro OVO': 0.7614394970510079}
AVGP:{'avg_precision': 0.6603503037921642}


METRICS_PER_CLASSES
CLASS:0
ACC:0.766
PREC:0.802158273381295
REC:0.7824561403508772
TNR:0.7441860465116279
FPR:0.19784172661870503
FPDR:0.19784172661870503
F1:0.7921847246891652
BACC:0
CLSFE:0.19784172661870503
MCC:0.524757217118881
GMEAN:0.763081215635968
SAMPLES:278
AUC:{}
AVGP:{}
CLASS:1
ACC:0.766
PREC:0.7207207207207207
REC:0.7441860465116279
TNR:0.7824561403508772
FPR:0.27927927927927926
FPDR:0.27927927927927926
F1:0.7322654462242563
BACC:0
CLSFE:0.27927927927927926
MCC:0.524757217118881
GMEAN:0.763081215635968
SAMPLES:222
AUC:{}
AVGP:{}
