

GENERAL_METRICS
ACC:0.778
PREC:0.778
REC:0.7796150565667295
TNR:0.7796150565667295
FPR:0.222
FPDR:0.222
F1:0.7776789684304135
BACC:0.0
CLSFE:0.222
MCC:0.557612717665409
GMEAN:0.7793253763944045
SAMPLES:500.0
AUC:{'AUC macro OVO': 0.778}
AVGP:{'avg_precision': 0.7226406926406926}


METRICS_PER_CLASSES
CLASS:0
ACC:0.778
PREC:0.816
REC:0.758364312267658
TNR:0.8008658008658008
FPR:0.184
FPDR:0.184
F1:0.7861271676300579
BACC:0
CLSFE:0.184
MCC:0.557612717665409
GMEAN:0.7793253763944045
SAMPLES:250
AUC:{}
AVGP:{}
CLASS:1
ACC:0.778
PREC:0.74
REC:0.8008658008658008
TNR:0.758364312267658
FPR:0.26
FPDR:0.26
F1:0.7692307692307693
BACC:0
CLSFE:0.26
MCC:0.557612717665409
GMEAN:0.7793253763944045
SAMPLES:250
AUC:{}
AVGP:{}
