

GENERAL_METRICS
ACC:0.732
PREC:0.7332382768067416
REC:0.7335675667003578
TNR:0.7335675667003578
FPR:0.26676172319325847
FPDR:0.26676172319325847
F1:0.7319828469022017
BACC:0.0
CLSFE:0.268
MCC:0.4668057273647576
GMEAN:0.7329478991936665
SAMPLES:500.0
AUC:{'AUC macro OVO': 0.7332382768067416}
AVGP:{'avg_precision': 0.6897145463727743}


METRICS_PER_CLASSES
CLASS:0
ACC:0.732
PREC:0.7676348547717843
REC:0.7034220532319392
TNR:0.7637130801687764
FPR:0.23236514522821577
FPDR:0.23236514522821577
F1:0.7341269841269841
BACC:0
CLSFE:0.23236514522821577
MCC:0.4668057273647576
GMEAN:0.7329478991936665
SAMPLES:241
AUC:{}
AVGP:{}
CLASS:1
ACC:0.732
PREC:0.6988416988416989
REC:0.7637130801687764
TNR:0.7034220532319392
FPR:0.30115830115830117
FPDR:0.30115830115830117
F1:0.7298387096774194
BACC:0
CLSFE:0.30115830115830117
MCC:0.4668057273647576
GMEAN:0.7329478991936665
SAMPLES:259
AUC:{}
AVGP:{}
