

GENERAL_METRICS
ACC:0.9228235294117647
PREC:0.541540404040404
REC:0.6196261635371529
TNR:0.6196261635371529
FPR:0.45845959595959596
FPDR:0.45845959595959596
F1:0.5549175543837109
BACC:0.0
CLSFE:0.07717647058823529
MCC:0.14098679607873615
GMEAN:0.5320743684165953
SAMPLES:4250.0
AUC:{'AUC macro OVO': 0.541540404040404}
AVGP:{'avg_precision': 0.937077557557506}


METRICS_PER_CLASSES
CLASS:0
ACC:0.9228235294117647
PREC:0.1
REC:0.3020833333333333
TNR:0.9371689937409725
FPR:0.9
FPDR:0.9
F1:0.15025906735751296
BACC:0
CLSFE:0.9
MCC:0.14098679607873615
GMEAN:0.5320743684165953
SAMPLES:290
AUC:{}
AVGP:{}
CLASS:1
ACC:0.9228235294117647
PREC:0.9830808080808081
REC:0.9371689937409725
TNR:0.3020833333333333
FPR:0.01691919191919192
FPDR:0.01691919191919192
F1:0.9595760414099088
BACC:0
CLSFE:0.01691919191919192
MCC:0.14098679607873615
GMEAN:0.5320743684165953
SAMPLES:3960
AUC:{}
AVGP:{}
