

GENERAL_METRICS
ACC:0.9367058823529412
PREC:0.5447722954309541
REC:0.6075834480499064
TNR:0.6075834480499064
FPR:0.4552277045690459
FPDR:0.4552277045690459
F1:0.55927326445416
BACC:0.0
CLSFE:0.06329411764705882
MCC:0.13880573359297677
GMEAN:0.5009259028876358
SAMPLES:4250.0
AUC:{'AUC macro OVO': 0.5447722954309541}
AVGP:{'avg_precision': 0.9513539236414392}


METRICS_PER_CLASSES
CLASS:0
ACC:0.9367058823529412
PREC:0.10619469026548672
REC:0.26373626373626374
TNR:0.951430632363549
FPR:0.8938053097345132
FPDR:0.8938053097345132
F1:0.15141955835962145
BACC:0
CLSFE:0.8938053097345132
MCC:0.13880573359297677
GMEAN:0.5009259028876358
SAMPLES:226
AUC:{}
AVGP:{}
CLASS:1
ACC:0.9367058823529412
PREC:0.9833499005964215
REC:0.951430632363549
TNR:0.26373626373626374
FPR:0.01665009940357853
FPDR:0.01665009940357853
F1:0.9671269705486986
BACC:0
CLSFE:0.01665009940357853
MCC:0.13880573359297677
GMEAN:0.5009259028876358
SAMPLES:4024
AUC:{}
AVGP:{}
