

GENERAL_METRICS
ACC:0.9355294117647058
PREC:0.5585977512565807
REC:0.6611905333974051
TNR:0.6611905333974051
FPR:0.4414022487434193
FPDR:0.4414022487434193
F1:0.5802696078431373
BACC:0.0
CLSFE:0.06447058823529411
MCC:0.1943749241125172
GMEAN:0.5960435387184847
SAMPLES:4250.0
AUC:{'AUC macro OVO': 0.5585977512565807}
AVGP:{'avg_precision': 0.947289237093884}


METRICS_PER_CLASSES
CLASS:0
ACC:0.9355294117647058
PREC:0.13095238095238096
REC:0.375
TNR:0.9473810667948102
FPR:0.8690476190476191
FPDR:0.8690476190476191
F1:0.19411764705882353
BACC:0
CLSFE:0.8690476190476191
MCC:0.1943749241125172
GMEAN:0.5960435387184847
SAMPLES:252
AUC:{}
AVGP:{}
CLASS:1
ACC:0.9355294117647058
PREC:0.9862431215607804
REC:0.9473810667948102
TNR:0.375
FPR:0.01375687843921961
FPDR:0.01375687843921961
F1:0.966421568627451
BACC:0
CLSFE:0.01375687843921961
MCC:0.1943749241125172
GMEAN:0.5960435387184847
SAMPLES:3998
AUC:{}
AVGP:{}
