

GENERAL_METRICS
ACC:0.932
PREC:0.5479367195251335
REC:0.6164843104872006
TNR:0.6164843104872006
FPR:0.45206328047486655
FPDR:0.45206328047486655
F1:0.5634402296092911
BACC:0.0
CLSFE:0.068
MCC:0.14945067040202265
GMEAN:0.5202346545440859
SAMPLES:4250.0
AUC:{'AUC macro OVO': 0.5479367195251335}
AVGP:{'avg_precision': 0.9471603960239613}


METRICS_PER_CLASSES
CLASS:0
ACC:0.932
PREC:0.11336032388663968
REC:0.2857142857142857
TNR:0.9472543352601156
FPR:0.8866396761133604
FPDR:0.8866396761133604
F1:0.16231884057971013
BACC:0
CLSFE:0.8866396761133604
MCC:0.14945067040202265
GMEAN:0.5202346545440859
SAMPLES:247
AUC:{}
AVGP:{}
CLASS:1
ACC:0.932
PREC:0.9825131151636273
REC:0.9472543352601156
TNR:0.2857142857142857
FPR:0.01748688483637272
FPDR:0.01748688483637272
F1:0.9645616186388719
BACC:0
CLSFE:0.01748688483637272
MCC:0.14945067040202265
GMEAN:0.5202346545440859
SAMPLES:4003
AUC:{}
AVGP:{}
