

GENERAL_METRICS
ACC:0.8784
PREC:0.5510351468464131
REC:0.6181716833890747
TNR:0.6181716833890747
FPR:0.44896485315358686
FPDR:0.44896485315358686
F1:0.5628727085327248
BACC:0.0
CLSFE:0.1216
MCC:0.1553178575032409
GMEAN:0.5486377169695913
SAMPLES:2500.0
AUC:{'AUC macro OVO': 0.5510351468464132}
AVGP:{'avg_precision': 0.9026806775272412}


METRICS_PER_CLASSES
CLASS:0
ACC:0.8784
PREC:0.13432835820895522
REC:0.3333333333333333
TNR:0.903010033444816
FPR:0.8656716417910447
FPDR:0.8656716417910447
F1:0.19148936170212766
BACC:0
CLSFE:0.8656716417910447
MCC:0.1553178575032409
GMEAN:0.5486377169695913
SAMPLES:268
AUC:{}
AVGP:{}
CLASS:1
ACC:0.8784
PREC:0.967741935483871
REC:0.903010033444816
TNR:0.3333333333333333
FPR:0.03225806451612903
FPDR:0.03225806451612903
F1:0.9342560553633218
BACC:0
CLSFE:0.03225806451612903
MCC:0.1553178575032409
GMEAN:0.5486377169695913
SAMPLES:2232
AUC:{}
AVGP:{}
