

GENERAL_METRICS
ACC:0.8752
PREC:0.5309885081697208
REC:0.5766999440468829
TNR:0.5766999440468829
FPR:0.4690114918302792
FPDR:0.4690114918302792
F1:0.5354255858998092
BACC:0.0
CLSFE:0.1248
MCC:0.09750521714685745
GMEAN:0.4769628862296663
SAMPLES:2500.0
AUC:{'AUC macro OVO': 0.5309885081697208}
AVGP:{'avg_precision': 0.9006736865152856}


METRICS_PER_CLASSES
CLASS:0
ACC:0.8752
PREC:0.09505703422053231
REC:0.25252525252525254
TNR:0.9008746355685131
FPR:0.9049429657794676
FPDR:0.9049429657794676
F1:0.13812154696132597
BACC:0
CLSFE:0.9049429657794676
MCC:0.09750521714685745
GMEAN:0.4769628862296663
SAMPLES:263
AUC:{}
AVGP:{}
CLASS:1
ACC:0.8752
PREC:0.9669199821189093
REC:0.9008746355685131
TNR:0.25252525252525254
FPR:0.033080017881090745
FPDR:0.033080017881090745
F1:0.9327296248382924
BACC:0
CLSFE:0.033080017881090745
MCC:0.09750521714685745
GMEAN:0.4769628862296663
SAMPLES:2237
AUC:{}
AVGP:{}
