

GENERAL_METRICS
ACC:0.8796
PREC:0.5349995505120705
REC:0.5886092570303096
TNR:0.5886092570303096
FPR:0.46500044948792957
FPDR:0.46500044948792957
F1:0.5412679050299594
BACC:0.0
CLSFE:0.1204
MCC:0.11137834919353687
GMEAN:0.4972756504658462
SAMPLES:2500.0
AUC:{'AUC macro OVO': 0.5349995505120705}
AVGP:{'avg_precision': 0.9033270479839615}


METRICS_PER_CLASSES
CLASS:0
ACC:0.8796
PREC:0.10077519379844961
REC:0.2736842105263158
TNR:0.9035343035343035
FPR:0.8992248062015504
FPDR:0.8992248062015504
F1:0.14730878186968838
BACC:0
CLSFE:0.8992248062015504
MCC:0.11137834919353687
GMEAN:0.4972756504658462
SAMPLES:258
AUC:{}
AVGP:{}
CLASS:1
ACC:0.8796
PREC:0.9692239072256913
REC:0.9035343035343035
TNR:0.2736842105263158
FPR:0.030776092774308653
FPDR:0.030776092774308653
F1:0.9352270281902303
BACC:0
CLSFE:0.030776092774308653
MCC:0.11137834919353687
GMEAN:0.4972756504658462
SAMPLES:2242
AUC:{}
AVGP:{}
