

GENERAL_METRICS
ACC:0.8756
PREC:0.5432518499689318
REC:0.5838044812926043
TNR:0.5838044812926043
FPR:0.45674815003106817
FPDR:0.45674815003106817
F1:0.5517117117117117
BACC:0.0
CLSFE:0.1244
MCC:0.1204109438812249
GMEAN:0.4858843546598352
SAMPLES:2500.0
AUC:{'AUC macro OVO': 0.5432518499689318}
AVGP:{'avg_precision': 0.9071125447459866}


METRICS_PER_CLASSES
CLASS:0
ACC:0.8756
PREC:0.12698412698412698
REC:0.2601626016260163
TNR:0.9074463609591923
FPR:0.873015873015873
FPDR:0.873015873015873
F1:0.17066666666666666
BACC:0
CLSFE:0.873015873015873
MCC:0.1204109438812249
GMEAN:0.4858843546598352
SAMPLES:252
AUC:{}
AVGP:{}
CLASS:1
ACC:0.8756
PREC:0.9595195729537367
REC:0.9074463609591923
TNR:0.2601626016260163
FPR:0.04048042704626335
FPDR:0.04048042704626335
F1:0.9327567567567567
BACC:0
CLSFE:0.04048042704626335
MCC:0.1204109438812249
GMEAN:0.4858843546598352
SAMPLES:2248
AUC:{}
AVGP:{}
