

GENERAL_METRICS
ACC:0.7853333333333333
PREC:0.773
REC:0.7596854096751364
TNR:0.7596854096751364
FPR:0.227
FPDR:0.227
F1:0.7649218645054403
BACC:0.0
CLSFE:0.21466666666666667
MCC:0.5325189831031838
GMEAN:0.7530500954589963
SAMPLES:750.0
AUC:{'AUC macro OVO': 0.773}
AVGP:{'avg_precision': 0.8231634819532909}


METRICS_PER_CLASSES
CLASS:0
ACC:0.7853333333333333
PREC:0.736
REC:0.6594982078853047
TNR:0.8598726114649682
FPR:0.264
FPDR:0.264
F1:0.6956521739130435
BACC:0
CLSFE:0.264
MCC:0.5325189831031838
GMEAN:0.7530500954589963
SAMPLES:250
AUC:{}
AVGP:{}
CLASS:1
ACC:0.7853333333333333
PREC:0.81
REC:0.8598726114649682
TNR:0.6594982078853047
FPR:0.19
FPDR:0.19
F1:0.8341915550978373
BACC:0
CLSFE:0.19
MCC:0.5325189831031838
GMEAN:0.7530500954589963
SAMPLES:500
AUC:{}
AVGP:{}
