

GENERAL_METRICS
ACC:0.7533333333333333
PREC:0.7457357859531772
REC:0.7205976176358
TNR:0.7205976176358
FPR:0.25426421404682276
FPDR:0.25426421404682276
F1:0.7274811004460471
BACC:0.0
CLSFE:0.24666666666666667
MCC:0.4656553616104159
GMEAN:0.7063181845373477
SAMPLES:750.0
AUC:{'AUC macro OVO': 0.7457357859531772}
AVGP:{'avg_precision': 0.8234542521831025}


METRICS_PER_CLASSES
CLASS:0
ACC:0.7533333333333333
PREC:0.7260869565217392
REC:0.5778546712802768
TNR:0.8633405639913232
FPR:0.27391304347826084
FPDR:0.27391304347826084
F1:0.6435452793834296
BACC:0
CLSFE:0.27391304347826084
MCC:0.4656553616104159
GMEAN:0.7063181845373477
SAMPLES:230
AUC:{}
AVGP:{}
CLASS:1
ACC:0.7533333333333333
PREC:0.7653846153846153
REC:0.8633405639913232
TNR:0.5778546712802768
FPR:0.23461538461538461
FPDR:0.23461538461538461
F1:0.8114169215086646
BACC:0
CLSFE:0.23461538461538461
MCC:0.4656553616104159
GMEAN:0.7063181845373477
SAMPLES:520
AUC:{}
AVGP:{}
