

GENERAL_METRICS
ACC:0.7733333333333333
PREC:0.7715686274509804
REC:0.7467779295598979
TNR:0.7467779295598979
FPR:0.22843137254901963
FPDR:0.22843137254901963
F1:0.7536498465866496
BACC:0.0
CLSFE:0.22666666666666666
MCC:0.517753391551523
GMEAN:0.7354940352689049
SAMPLES:750.0
AUC:{'AUC macro OVO': 0.7715686274509803}
AVGP:{'avg_precision': 0.8322706923477357}


METRICS_PER_CLASSES
CLASS:0
ACC:0.7733333333333333
PREC:0.7666666666666667
REC:0.6174496644295302
TNR:0.8761061946902655
FPR:0.23333333333333334
FPDR:0.23333333333333334
F1:0.6840148698884758
BACC:0
CLSFE:0.23333333333333334
MCC:0.517753391551523
GMEAN:0.7354940352689049
SAMPLES:240
AUC:{}
AVGP:{}
CLASS:1
ACC:0.7733333333333333
PREC:0.7764705882352941
REC:0.8761061946902655
TNR:0.6174496644295302
FPR:0.2235294117647059
FPDR:0.2235294117647059
F1:0.8232848232848233
BACC:0
CLSFE:0.2235294117647059
MCC:0.517753391551523
GMEAN:0.7354940352689049
SAMPLES:510
AUC:{}
AVGP:{}
