

GENERAL_METRICS
ACC:0.7906666666666666
PREC:0.7846343623481782
REC:0.7688254755378974
TNR:0.7688254755378974
FPR:0.21536563765182187
FPDR:0.21536563765182187
F1:0.774468060655163
BACC:0.0
CLSFE:0.20933333333333334
MCC:0.5532340112924193
GMEAN:0.7623095821644597
SAMPLES:750.0
AUC:{'AUC macro OVO': 0.7846343623481782}
AVGP:{'avg_precision': 0.8274658469098178}


METRICS_PER_CLASSES
CLASS:0
ACC:0.7906666666666666
PREC:0.765625
REC:0.6689419795221843
TNR:0.8687089715536105
FPR:0.234375
FPDR:0.234375
F1:0.7140255009107468
BACC:0
CLSFE:0.234375
MCC:0.5532340112924193
GMEAN:0.7623095821644597
SAMPLES:256
AUC:{}
AVGP:{}
CLASS:1
ACC:0.7906666666666666
PREC:0.8036437246963563
REC:0.8687089715536105
TNR:0.6689419795221843
FPR:0.19635627530364372
FPDR:0.19635627530364372
F1:0.8349106203995794
BACC:0
CLSFE:0.19635627530364372
MCC:0.5532340112924193
GMEAN:0.7623095821644597
SAMPLES:494
AUC:{}
AVGP:{}
