

GENERAL_METRICS
ACC:0.8232
PREC:0.7289242975411518
REC:0.7322214537223339
TNR:0.7322214537223339
FPR:0.2710757024588481
FPDR:0.2710757024588481
F1:0.7305432735310098
BACC:0.0
CLSFE:0.1768
MCC:0.4611339639079751
GMEAN:0.7158229810794347
SAMPLES:1250.0
AUC:{'AUC macro OVO': 0.7289242975411518}
AVGP:{'avg_precision': 0.8759309165407002}


METRICS_PER_CLASSES
CLASS:0
ACC:0.8232
PREC:0.5670498084291188
REC:0.578125
TNR:0.886317907444668
FPR:0.4329501915708812
FPDR:0.4329501915708812
F1:0.5725338491295938
BACC:0
CLSFE:0.4329501915708812
MCC:0.4611339639079751
GMEAN:0.7158229810794347
SAMPLES:261
AUC:{}
AVGP:{}
CLASS:1
ACC:0.8232
PREC:0.890798786653185
REC:0.886317907444668
TNR:0.578125
FPR:0.10920121334681497
FPDR:0.10920121334681497
F1:0.8885526979324256
BACC:0
CLSFE:0.10920121334681497
MCC:0.4611339639079751
GMEAN:0.7158229810794347
SAMPLES:989
AUC:{}
AVGP:{}
