

GENERAL_METRICS
ACC:0.8352
PREC:0.7208961949997806
REC:0.7435677567730389
TNR:0.7435677567730389
FPR:0.27910380500021936
FPDR:0.27910380500021936
F1:0.7309907063818407
BACC:0.0
CLSFE:0.1648
MCC:0.4639102960521413
GMEAN:0.7299299517614047
SAMPLES:1250.0
AUC:{'AUC macro OVO': 0.7208961949997806}
AVGP:{'avg_precision': 0.8777389229851815}


METRICS_PER_CLASSES
CLASS:0
ACC:0.8352
PREC:0.5298804780876494
REC:0.6018099547511312
TNR:0.8853255587949466
FPR:0.4701195219123506
FPDR:0.4701195219123506
F1:0.5635593220338984
BACC:0
CLSFE:0.4701195219123506
MCC:0.4639102960521413
GMEAN:0.7299299517614047
SAMPLES:251
AUC:{}
AVGP:{}
CLASS:1
ACC:0.8352
PREC:0.9119119119119119
REC:0.8853255587949466
TNR:0.6018099547511312
FPR:0.08808808808808809
FPDR:0.08808808808808809
F1:0.8984220907297831
BACC:0
CLSFE:0.08808808808808809
MCC:0.4639102960521413
GMEAN:0.7299299517614047
SAMPLES:999
AUC:{}
AVGP:{}
