

GENERAL_METRICS
ACC:0.832
PREC:0.70535773762642
REC:0.7446376473334111
TNR:0.7446376473334111
FPR:0.29464226237358004
FPDR:0.29464226237358004
F1:0.7212061736104916
BACC:0.0
CLSFE:0.168
MCC:0.44827774334507975
GMEAN:0.7332014154078498
SAMPLES:1250.0
AUC:{'AUC macro OVO': 0.70535773762642}
AVGP:{'avg_precision': 0.8682574114495247}


METRICS_PER_CLASSES
CLASS:0
ACC:0.832
PREC:0.490272373540856
REC:0.6146341463414634
TNR:0.8746411483253589
FPR:0.5097276264591439
FPDR:0.5097276264591439
F1:0.5454545454545454
BACC:0
CLSFE:0.5097276264591439
MCC:0.44827774334507975
GMEAN:0.7332014154078498
SAMPLES:257
AUC:{}
AVGP:{}
CLASS:1
ACC:0.832
PREC:0.9204431017119838
REC:0.8746411483253589
TNR:0.6146341463414634
FPR:0.07955689828801611
FPDR:0.07955689828801611
F1:0.8969578017664377
BACC:0
CLSFE:0.07955689828801611
MCC:0.44827774334507975
GMEAN:0.7332014154078498
SAMPLES:993
AUC:{}
AVGP:{}
