

GENERAL_METRICS
ACC:0.8168
PREC:0.6777236267641384
REC:0.7050762943800848
TNR:0.7050762943800848
FPR:0.3222763732358615
FPDR:0.3222763732358615
F1:0.6891624380089456
BACC:0.0
CLSFE:0.1832
MCC:0.3818214388982304
GMEAN:0.68529033232317
SAMPLES:1250.0
AUC:{'AUC macro OVO': 0.6777236267641384}
AVGP:{'avg_precision': 0.8646761374770507}


METRICS_PER_CLASSES
CLASS:0
ACC:0.8168
PREC:0.4489795918367347
REC:0.5392156862745098
TNR:0.8709369024856597
FPR:0.5510204081632653
FPDR:0.5510204081632653
F1:0.48997772828507796
BACC:0
CLSFE:0.5510204081632653
MCC:0.3818214388982304
GMEAN:0.68529033232317
SAMPLES:245
AUC:{}
AVGP:{}
CLASS:1
ACC:0.8168
PREC:0.9064676616915422
REC:0.8709369024856597
TNR:0.5392156862745098
FPR:0.09353233830845771
FPDR:0.09353233830845771
F1:0.8883471477328133
BACC:0
CLSFE:0.09353233830845771
MCC:0.3818214388982304
GMEAN:0.68529033232317
SAMPLES:1005
AUC:{}
AVGP:{}
