

GENERAL_METRICS
ACC:0.8504
PREC:0.7776046880448109
REC:0.7813440435298051
TNR:0.7813440435298051
FPR:0.22239531195518913
FPDR:0.22239531195518913
F1:0.7794434710077853
BACC:0.0
CLSFE:0.1496
MCC:0.5589362233291281
GMEAN:0.7719343257537487
SAMPLES:1250.0
AUC:{'AUC macro OVO': 0.7776046880448109}
AVGP:{'avg_precision': 0.8910036117880289}


METRICS_PER_CLASSES
CLASS:0
ACC:0.8504
PREC:0.6483516483516484
REC:0.6604477611940298
TNR:0.9022403258655805
FPR:0.3516483516483517
FPDR:0.3516483516483517
F1:0.6543438077634011
BACC:0
CLSFE:0.3516483516483517
MCC:0.5589362233291281
GMEAN:0.7719343257537487
SAMPLES:273
AUC:{}
AVGP:{}
CLASS:1
ACC:0.8504
PREC:0.9068577277379734
REC:0.9022403258655805
TNR:0.6604477611940298
FPR:0.0931422722620266
FPDR:0.0931422722620266
F1:0.9045431342521695
BACC:0
CLSFE:0.0931422722620266
MCC:0.5589362233291281
GMEAN:0.7719343257537487
SAMPLES:977
AUC:{}
AVGP:{}
