

GENERAL_METRICS
ACC:0.8576
PREC:0.7919382877009995
REC:0.7669096521792286
TNR:0.7669096521792286
FPR:0.20806171229900045
FPDR:0.20806171229900045
F1:0.778164618802069
BACC:0.0
CLSFE:0.1424
MCC:0.5582871907112803
GMEAN:0.7504812320033173
SAMPLES:1250.0
AUC:{'AUC macro OVO': 0.7919382877009995}
AVGP:{'avg_precision': 0.9131457994579946}


METRICS_PER_CLASSES
CLASS:0
ACC:0.8576
PREC:0.6864406779661016
REC:0.6090225563909775
TNR:0.9247967479674797
FPR:0.3135593220338983
FPDR:0.3135593220338983
F1:0.6454183266932271
BACC:0
CLSFE:0.3135593220338983
MCC:0.5582871907112803
GMEAN:0.7504812320033173
SAMPLES:236
AUC:{}
AVGP:{}
CLASS:1
ACC:0.8576
PREC:0.8974358974358975
REC:0.9247967479674797
TNR:0.6090225563909775
FPR:0.10256410256410256
FPDR:0.10256410256410256
F1:0.9109109109109109
BACC:0
CLSFE:0.10256410256410256
MCC:0.5582871907112803
GMEAN:0.7504812320033173
SAMPLES:1014
AUC:{}
AVGP:{}
