

GENERAL_METRICS
ACC:0.8448
PREC:0.7718842067672529
REC:0.7747541501263082
TNR:0.7747541501263082
FPR:0.22811579323274705
FPDR:0.22811579323274705
F1:0.7733000777791074
BACC:0.0
CLSFE:0.1552
MCC:0.5466308229988573
GMEAN:0.764763569014791
SAMPLES:1250.0
AUC:{'AUC macro OVO': 0.7718842067672529}
AVGP:{'avg_precision': 0.8871103412655422}


METRICS_PER_CLASSES
CLASS:0
ACC:0.8448
PREC:0.6413043478260869
REC:0.6507352941176471
TNR:0.8987730061349694
FPR:0.358695652173913
FPDR:0.358695652173913
F1:0.6459854014598541
BACC:0
CLSFE:0.358695652173913
MCC:0.5466308229988573
GMEAN:0.764763569014791
SAMPLES:276
AUC:{}
AVGP:{}
CLASS:1
ACC:0.8448
PREC:0.9024640657084189
REC:0.8987730061349694
TNR:0.6507352941176471
FPR:0.09753593429158111
FPDR:0.09753593429158111
F1:0.9006147540983607
BACC:0
CLSFE:0.09753593429158111
MCC:0.5466308229988573
GMEAN:0.764763569014791
SAMPLES:974
AUC:{}
AVGP:{}
