

GENERAL_METRICS
ACC:0.8648
PREC:0.7908780903665814
REC:0.7737824424571412
TNR:0.7737824424571412
FPR:0.2091219096334186
FPDR:0.2091219096334186
F1:0.7817798295351833
BACC:0.0
CLSFE:0.1352
MCC:0.5644016797913759
GMEAN:0.7588477139441658
SAMPLES:1250.0
AUC:{'AUC macro OVO': 0.7908780903665813}
AVGP:{'avg_precision': 0.9150229221758633}


METRICS_PER_CLASSES
CLASS:0
ACC:0.8648
PREC:0.6739130434782609
REC:0.6224899598393574
TNR:0.9250749250749251
FPR:0.32608695652173914
FPDR:0.32608695652173914
F1:0.6471816283924844
BACC:0
CLSFE:0.32608695652173914
MCC:0.5644016797913759
GMEAN:0.7588477139441658
SAMPLES:230
AUC:{}
AVGP:{}
CLASS:1
ACC:0.8648
PREC:0.907843137254902
REC:0.9250749250749251
TNR:0.6224899598393574
FPR:0.09215686274509804
FPDR:0.09215686274509804
F1:0.9163780306778823
BACC:0
CLSFE:0.09215686274509804
MCC:0.5644016797913759
GMEAN:0.7588477139441658
SAMPLES:1020
AUC:{}
AVGP:{}
