

GENERAL_METRICS
ACC:0.864
PREC:0.7212690631808278
REC:0.7123333333333333
TNR:0.7123333333333333
FPR:0.2787309368191721
FPDR:0.2787309368191721
F1:0.7166389088454923
BACC:0.0
CLSFE:0.136
MCC:0.43351031244356397
GMEAN:0.6799509786251751
SAMPLES:1750.0
AUC:{'AUC macro OVO': 0.7212690631808278}
AVGP:{'avg_precision': 0.9196512345679012}


METRICS_PER_CLASSES
CLASS:0
ACC:0.864
PREC:0.5252100840336135
REC:0.5
TNR:0.9246666666666666
FPR:0.47478991596638653
FPDR:0.47478991596638653
F1:0.5122950819672131
BACC:0
CLSFE:0.47478991596638653
MCC:0.43351031244356397
GMEAN:0.6799509786251751
SAMPLES:238
AUC:{}
AVGP:{}
CLASS:1
ACC:0.864
PREC:0.9173280423280423
REC:0.9246666666666666
TNR:0.5
FPR:0.08267195767195767
FPDR:0.08267195767195767
F1:0.9209827357237715
BACC:0
CLSFE:0.08267195767195767
MCC:0.43351031244356397
GMEAN:0.6799509786251751
SAMPLES:1512
AUC:{}
AVGP:{}
