

GENERAL_METRICS
ACC:0.8531428571428571
PREC:0.7000277578211743
REC:0.6953573298533684
TNR:0.6953573298533684
FPR:0.2999722421788257
FPDR:0.2999722421788257
F1:0.697641977176087
BACC:0.0
CLSFE:0.14685714285714285
MCC:0.395357502341872
GMEAN:0.6592181709116172
SAMPLES:1750.0
AUC:{'AUC macro OVO': 0.7000277578211744}
AVGP:{'avg_precision': 0.9116992326130531}


METRICS_PER_CLASSES
CLASS:0
ACC:0.8531428571428571
PREC:0.48770491803278687
REC:0.47410358565737054
TNR:0.9166110740493663
FPR:0.5122950819672131
FPDR:0.5122950819672131
F1:0.4808080808080808
BACC:0
CLSFE:0.5122950819672131
MCC:0.395357502341872
GMEAN:0.6592181709116172
SAMPLES:244
AUC:{}
AVGP:{}
CLASS:1
ACC:0.8531428571428571
PREC:0.9123505976095617
REC:0.9166110740493663
TNR:0.47410358565737054
FPR:0.08764940239043825
FPDR:0.08764940239043825
F1:0.9144758735440932
BACC:0
CLSFE:0.08764940239043825
MCC:0.395357502341872
GMEAN:0.6592181709116172
SAMPLES:1506
AUC:{}
AVGP:{}
