

GENERAL_METRICS
ACC:0.8554285714285714
PREC:0.692769903990595
REC:0.6975453244873544
TNR:0.6975453244873544
FPR:0.30723009600940504
FPDR:0.30723009600940504
F1:0.695104945187754
BACC:0.0
CLSFE:0.14457142857142857
MCC:0.39028601427782794
GMEAN:0.6630860307356186
SAMPLES:1750.0
AUC:{'AUC macro OVO': 0.692769903990595}
AVGP:{'avg_precision': 0.9097079328799428}


METRICS_PER_CLASSES
CLASS:0
ACC:0.8554285714285714
PREC:0.4672131147540984
REC:0.4810126582278481
TNR:0.9140779907468606
FPR:0.5327868852459017
FPDR:0.5327868852459017
F1:0.47401247401247404
BACC:0
CLSFE:0.5327868852459017
MCC:0.39028601427782794
GMEAN:0.6630860307356186
SAMPLES:244
AUC:{}
AVGP:{}
CLASS:1
ACC:0.8554285714285714
PREC:0.9183266932270916
REC:0.9140779907468606
TNR:0.4810126582278481
FPR:0.08167330677290836
FPDR:0.08167330677290836
F1:0.9161974163630341
BACC:0
CLSFE:0.08167330677290836
MCC:0.39028601427782794
GMEAN:0.6630860307356186
SAMPLES:1506
AUC:{}
AVGP:{}
