

GENERAL_METRICS
ACC:0.8697142857142857
PREC:0.7133930115896904
REC:0.729229089726616
TNR:0.729229089726616
FPR:0.2866069884103096
FPDR:0.2866069884103096
F1:0.7208259633253475
BACC:0.0
CLSFE:0.13028571428571428
MCC:0.44233871999057894
GMEAN:0.7042019609673791
SAMPLES:1750.0
AUC:{'AUC macro OVO': 0.7133930115896904}
AVGP:{'avg_precision': 0.9145410972564598}


METRICS_PER_CLASSES
CLASS:0
ACC:0.8697142857142857
PREC:0.4959349593495935
REC:0.5398230088495575
TNR:0.9186351706036745
FPR:0.5040650406504065
FPDR:0.5040650406504065
F1:0.5169491525423728
BACC:0
CLSFE:0.5040650406504065
MCC:0.44233871999057894
GMEAN:0.7042019609673791
SAMPLES:246
AUC:{}
AVGP:{}
CLASS:1
ACC:0.8697142857142857
PREC:0.9308510638297872
REC:0.9186351706036745
TNR:0.5398230088495575
FPR:0.06914893617021277
FPDR:0.06914893617021277
F1:0.9247027741083224
BACC:0
CLSFE:0.06914893617021277
MCC:0.44233871999057894
GMEAN:0.7042019609673791
SAMPLES:1504
AUC:{}
AVGP:{}
