

GENERAL_METRICS
ACC:0.9231428571428572
PREC:0.4978428351309707
REC:0.46342512908777966
TNR:0.46342512908777966
FPR:0.5021571648690293
FPDR:0.5021571648690293
F1:0.4800178279601842
BACC:0.0
CLSFE:0.07685714285714286
MCC:-0.017764912228448795
GMEAN:0.0
SAMPLES:3500.0
AUC:{'AUC macro OVO': 0.4978428351309707}
AVGP:{'avg_precision': 0.9268515205439852}


METRICS_PER_CLASSES
CLASS:0
ACC:0.9231428571428572
PREC:0.0
REC:0.0
TNR:0.9268502581755593
FPR:1.0
FPDR:1.0
F1:0.0
BACC:0
CLSFE:1.0
MCC:-0.017764912228448795
GMEAN:0
SAMPLES:255
AUC:{}
AVGP:{}
CLASS:1
ACC:0.9231428571428572
PREC:0.9956856702619414
REC:0.9268502581755593
TNR:0.0
FPR:0.004314329738058551
FPDR:0.004314329738058551
F1:0.9600356559203684
BACC:0
CLSFE:0.004314329738058551
MCC:-0.017764912228448795
GMEAN:0
SAMPLES:3245
AUC:{}
AVGP:{}
