

GENERAL_METRICS
ACC:0.9357142857142857
PREC:0.5003699307700987
REC:0.50530694205393
TNR:0.50530694205393
FPR:0.4996300692299013
FPDR:0.4996300692299013
F1:0.48779521695043354
BACC:0.0
CLSFE:0.06428571428571428
MCC:0.0028022856106255187
GMEAN:0.25900707556238256
SAMPLES:3500.0
AUC:{'AUC macro OVO': 0.5003699307700987}
AVGP:{'avg_precision': 0.9391851447687399}


METRICS_PER_CLASSES
CLASS:0
ACC:0.9357142857142857
PREC:0.004694835680751174
REC:0.07142857142857142
TNR:0.9391853126792886
FPR:0.9953051643192489
FPDR:0.9953051643192489
F1:0.00881057268722467
BACC:0
CLSFE:0.9953051643192489
MCC:0.0028022856106255187
GMEAN:0.25900707556238256
SAMPLES:213
AUC:{}
AVGP:{}
CLASS:1
ACC:0.9357142857142857
PREC:0.9960450258594463
REC:0.9391853126792886
TNR:0.07142857142857142
FPR:0.003954974140553696
FPDR:0.003954974140553696
F1:0.9667798612136425
BACC:0
CLSFE:0.003954974140553696
MCC:0.0028022856106255187
GMEAN:0.25900707556238256
SAMPLES:3287
AUC:{}
AVGP:{}
