

GENERAL_METRICS
ACC:0.9274285714285714
PREC:0.49770009199632015
REC:0.46571018651362983
TNR:0.46571018651362983
FPR:0.5022999080036799
FPDR:0.5022999080036799
F1:0.4811740290542544
BACC:0.0
CLSFE:0.07257142857142856
MCC:-0.017761015340570153
GMEAN:0.0
SAMPLES:3500.0
AUC:{'AUC macro OVO': 0.49770009199632015}
AVGP:{'avg_precision': 0.9314217249715423}


METRICS_PER_CLASSES
CLASS:0
ACC:0.9274285714285714
PREC:0.0
REC:0.0
TNR:0.9314203730272597
FPR:1.0
FPDR:1.0
F1:0.0
BACC:0
CLSFE:1.0
MCC:-0.017761015340570153
GMEAN:0
SAMPLES:239
AUC:{}
AVGP:{}
CLASS:1
ACC:0.9274285714285714
PREC:0.9954001839926403
REC:0.9314203730272597
TNR:0.0
FPR:0.004599816007359705
FPDR:0.004599816007359705
F1:0.9623480581085088
BACC:0
CLSFE:0.004599816007359705
MCC:-0.017761015340570153
GMEAN:0
SAMPLES:3261
AUC:{}
AVGP:{}
