

GENERAL_METRICS
ACC:0.9274285714285714
PREC:0.5002154271079322
REC:0.5037612230041252
TNR:0.5037612230041252
FPR:0.49978457289206785
FPDR:0.49978457289206785
F1:0.48507469602609726
BACC:0.0
CLSFE:0.07257142857142856
MCC:0.00180029930185681
GMEAN:0.2675529234613325
SAMPLES:3500.0
AUC:{'AUC macro OVO': 0.5002154271079321}
AVGP:{'avg_precision': 0.9305992661419236}


METRICS_PER_CLASSES
CLASS:0
ACC:0.9274285714285714
PREC:0.00411522633744856
REC:0.07692307692307693
TNR:0.9305993690851735
FPR:0.9958847736625515
FPDR:0.9958847736625515
F1:0.0078125
BACC:0
CLSFE:0.9958847736625515
MCC:0.00180029930185681
GMEAN:0.2675529234613325
SAMPLES:243
AUC:{}
AVGP:{}
CLASS:1
ACC:0.9274285714285714
PREC:0.9963156278784158
REC:0.9305993690851735
TNR:0.07692307692307693
FPR:0.00368437212158428
FPDR:0.00368437212158428
F1:0.9623368920521945
BACC:0
CLSFE:0.00368437212158428
MCC:0.00180029930185681
GMEAN:0.2675529234613325
SAMPLES:3257
AUC:{}
AVGP:{}
