

GENERAL_METRICS
ACC:0.9115
PREC:0.5856661393493362
REC:0.5992608236536431
TNR:0.5992608236536431
FPR:0.4143338606506637
FPDR:0.4143338606506637
F1:0.5917425902433399
BACC:0.0
CLSFE:0.0885
MCC:0.1844265875739491
GMEAN:0.4869603801407477
SAMPLES:4000.0
AUC:{'AUC macro OVO': 0.5856661393493362}
AVGP:{'avg_precision': 0.9480757672641469}


METRICS_PER_CLASSES
CLASS:0
ACC:0.9115
PREC:0.21370967741935484
REC:0.25
TNR:0.9485216473072862
FPR:0.7862903225806451
FPDR:0.7862903225806451
F1:0.23043478260869565
BACC:0
CLSFE:0.7862903225806451
MCC:0.1844265875739491
GMEAN:0.4869603801407477
SAMPLES:248
AUC:{}
AVGP:{}
CLASS:1
ACC:0.9115
PREC:0.9576226012793176
REC:0.9485216473072862
TNR:0.25
FPR:0.0423773987206823
FPDR:0.0423773987206823
F1:0.9530503978779841
BACC:0
CLSFE:0.0423773987206823
MCC:0.1844265875739491
GMEAN:0.4869603801407477
SAMPLES:3752
AUC:{}
AVGP:{}
