

GENERAL_METRICS
ACC:0.91725
PREC:0.6103969559851913
REC:0.6379864391529291
TNR:0.6379864391529291
FPR:0.3896030440148087
FPDR:0.3896030440148087
F1:0.6221218542857346
BACC:0.0
CLSFE:0.08275
MCC:0.24684637205937773
GMEAN:0.556963115085085
SAMPLES:4000.0
AUC:{'AUC macro OVO': 0.6103969559851913}
AVGP:{'avg_precision': 0.9486217334939725}


METRICS_PER_CLASSES
CLASS:0
ACC:0.91725
PREC:0.25769230769230766
REC:0.32682926829268294
TNR:0.9491436100131753
FPR:0.7423076923076923
FPDR:0.7423076923076923
F1:0.28817204301075267
BACC:0
CLSFE:0.7423076923076923
MCC:0.24684637205937773
GMEAN:0.556963115085085
SAMPLES:260
AUC:{}
AVGP:{}
CLASS:1
ACC:0.91725
PREC:0.9631016042780749
REC:0.9491436100131753
TNR:0.32682926829268294
FPR:0.03689839572192513
FPDR:0.03689839572192513
F1:0.9560716655607167
BACC:0
CLSFE:0.03689839572192513
MCC:0.24684637205937773
GMEAN:0.556963115085085
SAMPLES:3740
AUC:{}
AVGP:{}
