

GENERAL_METRICS
ACC:0.92675
PREC:0.5983317720781078
REC:0.6257897742460694
TNR:0.6257897742460694
FPR:0.4016682279218921
FPDR:0.4016682279218921
F1:0.6098502817100675
BACC:0.0
CLSFE:0.07325
MCC:0.22243319366426528
GMEAN:0.5321548119621184
SAMPLES:4000.0
AUC:{'AUC macro OVO': 0.5983317720781078}
AVGP:{'avg_precision': 0.9547213576010993}


METRICS_PER_CLASSES
CLASS:0
ACC:0.92675
PREC:0.22869955156950672
REC:0.29651162790697677
TNR:0.955067920585162
FPR:0.7713004484304933
FPDR:0.7713004484304933
F1:0.2582278481012658
BACC:0
CLSFE:0.7713004484304933
MCC:0.22243319366426528
GMEAN:0.5321548119621184
SAMPLES:223
AUC:{}
AVGP:{}
CLASS:1
ACC:0.92675
PREC:0.9679639925867091
REC:0.955067920585162
TNR:0.29651162790697677
FPR:0.03203600741329097
FPDR:0.03203600741329097
F1:0.9614727153188691
BACC:0
CLSFE:0.03203600741329097
MCC:0.22243319366426528
GMEAN:0.5321548119621184
SAMPLES:3777
AUC:{}
AVGP:{}
