

GENERAL_METRICS
ACC:0.92125
PREC:0.6121995086513028
REC:0.6304269052497666
TNR:0.6304269052497666
FPR:0.3878004913486972
FPDR:0.3878004913486972
F1:0.6203994903712523
BACC:0.0
CLSFE:0.07875
MCC:0.241940775264806
GMEAN:0.5410991439354652
SAMPLES:4000.0
AUC:{'AUC macro OVO': 0.6121995086513028}
AVGP:{'avg_precision': 0.9534330200504146}


METRICS_PER_CLASSES
CLASS:0
ACC:0.92125
PREC:0.2616033755274262
REC:0.3069306930693069
TNR:0.9539231174302264
FPR:0.7383966244725738
FPDR:0.7383966244725738
F1:0.2824601366742597
BACC:0
CLSFE:0.7383966244725738
MCC:0.241940775264806
GMEAN:0.5410991439354652
SAMPLES:237
AUC:{}
AVGP:{}
CLASS:1
ACC:0.92125
PREC:0.9627956417751794
REC:0.9539231174302264
TNR:0.3069306930693069
FPR:0.03720435822482062
FPDR:0.03720435822482062
F1:0.958338844068245
BACC:0
CLSFE:0.03720435822482062
MCC:0.241940775264806
GMEAN:0.5410991439354652
SAMPLES:3763
AUC:{}
AVGP:{}
