

GENERAL_METRICS
ACC:0.9218461538461539
PREC:0.5912455358553775
REC:0.7458353343483162
TNR:0.7458353343483162
FPR:0.4087544641446225
FPDR:0.4087544641446225
F1:0.6245740928382107
BACC:0.0
CLSFE:0.07815384615384616
MCC:0.2995421627403929
GMEAN:0.7220907960886361
SAMPLES:3250.0
AUC:{'AUC macro OVO': 0.5912455358553775}
AVGP:{'avg_precision': 0.9323376364616713}


METRICS_PER_CLASSES
CLASS:0
ACC:0.9218461538461539
PREC:0.19622641509433963
REC:0.5591397849462365
TNR:0.932530883750396
FPR:0.8037735849056604
FPDR:0.8037735849056604
F1:0.2905027932960894
BACC:0
CLSFE:0.8037735849056604
MCC:0.2995421627403929
GMEAN:0.7220907960886361
SAMPLES:265
AUC:{}
AVGP:{}
CLASS:1
ACC:0.9218461538461539
PREC:0.9862646566164154
REC:0.932530883750396
TNR:0.5591397849462365
FPR:0.01373534338358459
FPDR:0.01373534338358459
F1:0.9586453923803321
BACC:0
CLSFE:0.01373534338358459
MCC:0.2995421627403929
GMEAN:0.7220907960886361
SAMPLES:2985
AUC:{}
AVGP:{}
