

GENERAL_METRICS
ACC:0.9230769230769231
PREC:0.5939951322774064
REC:0.7138827082008901
TNR:0.7138827082008901
FPR:0.40600486772259353
FPDR:0.40600486772259353
F1:0.6245545484119004
BACC:0.0
CLSFE:0.07692307692307693
MCC:0.2835766806293676
GMEAN:0.6779949288716878
SAMPLES:3250.0
AUC:{'AUC macro OVO': 0.5939951322774064}
AVGP:{'avg_precision': 0.9371391320810497}


METRICS_PER_CLASSES
CLASS:0
ACC:0.9230769230769231
PREC:0.2056451612903226
REC:0.49038461538461536
TNR:0.9373808010171647
FPR:0.7943548387096774
FPDR:0.7943548387096774
F1:0.2897727272727273
BACC:0
CLSFE:0.7943548387096774
MCC:0.2835766806293676
GMEAN:0.6779949288716878
SAMPLES:248
AUC:{}
AVGP:{}
CLASS:1
ACC:0.9230769230769231
PREC:0.9823451032644903
REC:0.9373808010171647
TNR:0.49038461538461536
FPR:0.01765489673550966
FPDR:0.01765489673550966
F1:0.9593363695510735
BACC:0
CLSFE:0.01765489673550966
MCC:0.2835766806293676
GMEAN:0.6779949288716878
SAMPLES:3002
AUC:{}
AVGP:{}
