

GENERAL_METRICS
ACC:0.9236923076923077
PREC:0.5763169965773967
REC:0.6841700130449146
TNR:0.6841700130449146
FPR:0.4236830034226033
FPDR:0.4236830034226033
F1:0.601860487172597
BACC:0.0
CLSFE:0.07630769230769231
MCC:0.23711012003040158
GMEAN:0.6352486598761586
SAMPLES:3250.0
AUC:{'AUC macro OVO': 0.5763169965773968}
AVGP:{'avg_precision': 0.9380472155761562}


METRICS_PER_CLASSES
CLASS:0
ACC:0.9236923076923077
PREC:0.1702127659574468
REC:0.43010752688172044
TNR:0.9382324992081089
FPR:0.8297872340425532
FPDR:0.8297872340425532
F1:0.24390243902439024
BACC:0
CLSFE:0.8297872340425532
MCC:0.23711012003040158
GMEAN:0.6352486598761586
SAMPLES:235
AUC:{}
AVGP:{}
CLASS:1
ACC:0.9236923076923077
PREC:0.9824212271973466
REC:0.9382324992081089
TNR:0.43010752688172044
FPR:0.017578772802653398
FPDR:0.017578772802653398
F1:0.9598185353208036
BACC:0
CLSFE:0.017578772802653398
MCC:0.23711012003040158
GMEAN:0.6352486598761586
SAMPLES:3015
AUC:{}
AVGP:{}
