

GENERAL_METRICS
ACC:0.9258461538461539
PREC:0.5829177642312287
REC:0.7081926863572433
TNR:0.7081926863572433
FPR:0.41708223576877135
FPDR:0.41708223576877135
F1:0.6119779784808164
BACC:0.0
CLSFE:0.07415384615384615
MCC:0.26277649881247783
GMEAN:0.669660997008341
SAMPLES:3250.0
AUC:{'AUC macro OVO': 0.5829177642312287}
AVGP:{'avg_precision': 0.9384277271712227}


METRICS_PER_CLASSES
CLASS:0
ACC:0.9258461538461539
PREC:0.18143459915611815
REC:0.4777777777777778
TNR:0.9386075949367089
FPR:0.8185654008438819
FPDR:0.8185654008438819
F1:0.26299694189602446
BACC:0
CLSFE:0.8185654008438819
MCC:0.26277649881247783
GMEAN:0.669660997008341
SAMPLES:237
AUC:{}
AVGP:{}
CLASS:1
ACC:0.9258461538461539
PREC:0.9844009293063392
REC:0.9386075949367089
TNR:0.4777777777777778
FPR:0.015599070693660804
FPDR:0.015599070693660804
F1:0.9609590150656083
BACC:0
CLSFE:0.015599070693660804
MCC:0.26277649881247783
GMEAN:0.669660997008341
SAMPLES:3013
AUC:{}
AVGP:{}
