

GENERAL_METRICS
ACC:0.824
PREC:0.8237327188940091
REC:0.8253988677303139
TNR:0.8253988677303139
FPR:0.17626728110599077
FPDR:0.17626728110599077
F1:0.8237179487179487
BACC:0.0
CLSFE:0.176
MCC:0.6491294483394405
GMEAN:0.8251701738119489
SAMPLES:500.0
AUC:{'AUC macro OVO': 0.8237327188940092}
AVGP:{'avg_precision': 0.7716863181312569}


METRICS_PER_CLASSES
CLASS:0
ACC:0.824
PREC:0.8571428571428571
REC:0.8059701492537313
TNR:0.8448275862068966
FPR:0.14285714285714285
FPDR:0.14285714285714285
F1:0.8307692307692308
BACC:0
CLSFE:0.14285714285714285
MCC:0.6491294483394405
GMEAN:0.8251701738119489
SAMPLES:252
AUC:{}
AVGP:{}
CLASS:1
ACC:0.824
PREC:0.7903225806451613
REC:0.8448275862068966
TNR:0.8059701492537313
FPR:0.20967741935483872
FPDR:0.20967741935483872
F1:0.8166666666666667
BACC:0
CLSFE:0.20967741935483872
MCC:0.6491294483394405
GMEAN:0.8251701738119489
SAMPLES:248
AUC:{}
AVGP:{}
