

GENERAL_METRICS
ACC:0.816
PREC:0.8128216226614726
REC:0.821734184102488
TNR:0.821734184102488
FPR:0.18717837733852738
FPDR:0.18717837733852738
F1:0.8138284955723559
BACC:0.0
CLSFE:0.184
MCC:0.6344932136330703
GMEAN:0.8210576279601317
SAMPLES:500.0
AUC:{'AUC macro OVO': 0.8128216226614727}
AVGP:{'avg_precision': 0.757254502455885}


METRICS_PER_CLASSES
CLASS:0
ACC:0.816
PREC:0.8850574712643678
REC:0.78839590443686
TNR:0.855072463768116
FPR:0.11494252873563218
FPDR:0.11494252873563218
F1:0.8339350180505415
BACC:0
CLSFE:0.11494252873563218
MCC:0.6344932136330703
GMEAN:0.8210576279601317
SAMPLES:261
AUC:{}
AVGP:{}
CLASS:1
ACC:0.816
PREC:0.7405857740585774
REC:0.855072463768116
TNR:0.78839590443686
FPR:0.2594142259414226
FPDR:0.2594142259414226
F1:0.7937219730941704
BACC:0
CLSFE:0.2594142259414226
MCC:0.6344932136330703
GMEAN:0.8210576279601317
SAMPLES:239
AUC:{}
AVGP:{}
