

GENERAL_METRICS
ACC:0.798
PREC:0.7985709942231681
REC:0.8008578431372549
TNR:0.8008578431372549
FPR:0.20142900577683187
FPDR:0.20142900577683187
F1:0.7977078901934394
BACC:0.0
CLSFE:0.202
MCC:0.5994244751270277
GMEAN:0.8001991173770316
SAMPLES:500.0
AUC:{'AUC macro OVO': 0.7985709942231682}
AVGP:{'avg_precision': 0.7518234519104084}


METRICS_PER_CLASSES
CLASS:0
ACC:0.798
PREC:0.8461538461538461
REC:0.7683823529411765
TNR:0.8333333333333334
FPR:0.15384615384615385
FPDR:0.15384615384615385
F1:0.8053949903660886
BACC:0
CLSFE:0.15384615384615385
MCC:0.5994244751270277
GMEAN:0.8001991173770316
SAMPLES:247
AUC:{}
AVGP:{}
CLASS:1
ACC:0.798
PREC:0.7509881422924901
REC:0.8333333333333334
TNR:0.7683823529411765
FPR:0.2490118577075099
FPDR:0.2490118577075099
F1:0.7900207900207901
BACC:0
CLSFE:0.2490118577075099
MCC:0.5994244751270277
GMEAN:0.8001991173770316
SAMPLES:253
AUC:{}
AVGP:{}
