

GENERAL_METRICS
ACC:0.814
PREC:0.8187564499484004
REC:0.8171455615985626
TNR:0.8171455615985626
FPR:0.1812435500515996
FPDR:0.1812435500515996
F1:0.8139397164681357
BACC:0.0
CLSFE:0.186
MCC:0.6358999711654327
GMEAN:0.8149034537266201
SAMPLES:500.0
AUC:{'AUC macro OVO': 0.8187564499484004}
AVGP:{'avg_precision': 0.7991342764954082}


METRICS_PER_CLASSES
CLASS:0
ACC:0.814
PREC:0.8728070175438597
REC:0.7566539923954373
TNR:0.8776371308016878
FPR:0.12719298245614036
FPDR:0.12719298245614036
F1:0.8105906313645621
BACC:0
CLSFE:0.12719298245614036
MCC:0.6358999711654327
GMEAN:0.8149034537266201
SAMPLES:228
AUC:{}
AVGP:{}
CLASS:1
ACC:0.814
PREC:0.7647058823529411
REC:0.8776371308016878
TNR:0.7566539923954373
FPR:0.23529411764705882
FPDR:0.23529411764705882
F1:0.8172888015717092
BACC:0
CLSFE:0.23529411764705882
MCC:0.6358999711654327
GMEAN:0.8149034537266201
SAMPLES:272
AUC:{}
AVGP:{}
