

GENERAL_METRICS
ACC:0.778
PREC:0.7785201068953929
REC:0.7802737520128824
TNR:0.7802737520128824
FPR:0.22147989310460708
FPDR:0.22147989310460708
F1:0.7777430709900646
BACC:0.0
CLSFE:0.222
MCC:0.5587911071969591
GMEAN:0.7797559385291641
SAMPLES:500.0
AUC:{'AUC macro OVO': 0.7785201068953929}
AVGP:{'avg_precision': 0.7285351434954459}


METRICS_PER_CLASSES
CLASS:0
ACC:0.778
PREC:0.8218623481781376
REC:0.7518518518518519
TNR:0.808695652173913
FPR:0.17813765182186234
FPDR:0.17813765182186234
F1:0.7852998065764023
BACC:0
CLSFE:0.17813765182186234
MCC:0.5587911071969591
GMEAN:0.7797559385291641
SAMPLES:247
AUC:{}
AVGP:{}
CLASS:1
ACC:0.778
PREC:0.7351778656126482
REC:0.808695652173913
TNR:0.7518518518518519
FPR:0.2648221343873518
FPDR:0.2648221343873518
F1:0.7701863354037267
BACC:0
CLSFE:0.2648221343873518
MCC:0.5587911071969591
GMEAN:0.7797559385291641
SAMPLES:253
AUC:{}
AVGP:{}
