

GENERAL_METRICS
ACC:0.79
PREC:0.7945691434468525
REC:0.7930804896439974
TNR:0.7930804896439974
FPR:0.20543085655314758
FPDR:0.20543085655314758
F1:0.7899319379478951
BACC:0.0
CLSFE:0.21
MCC:0.5876477475338995
GMEAN:0.7908648832009493
SAMPLES:500.0
AUC:{'AUC macro OVO': 0.7945691434468524}
AVGP:{'avg_precision': 0.7729734425415736}


METRICS_PER_CLASSES
CLASS:0
ACC:0.79
PREC:0.8464912280701754
REC:0.7338403041825095
TNR:0.8523206751054853
FPR:0.15350877192982457
FPDR:0.15350877192982457
F1:0.7861507128309573
BACC:0
CLSFE:0.15350877192982457
MCC:0.5876477475338995
GMEAN:0.7908648832009493
SAMPLES:228
AUC:{}
AVGP:{}
CLASS:1
ACC:0.79
PREC:0.7426470588235294
REC:0.8523206751054853
TNR:0.7338403041825095
FPR:0.25735294117647056
FPDR:0.25735294117647056
F1:0.793713163064833
BACC:0
CLSFE:0.25735294117647056
MCC:0.5876477475338995
GMEAN:0.7908648832009493
SAMPLES:272
AUC:{}
AVGP:{}
