

GENERAL_METRICS
ACC:0.792
PREC:0.7915706605222734
REC:0.7952556873420182
TNR:0.7952556873420182
FPR:0.20842933947772657
FPDR:0.20842933947772657
F1:0.7912484945804898
BACC:0.0
CLSFE:0.208
MCC:0.5868147775278674
GMEAN:0.7947242431144383
SAMPLES:500.0
AUC:{'AUC macro OVO': 0.7915706605222734}
AVGP:{'avg_precision': 0.7382715780296426}


METRICS_PER_CLASSES
CLASS:0
ACC:0.792
PREC:0.8452380952380952
REC:0.7661870503597122
TNR:0.8243243243243243
FPR:0.15476190476190477
FPDR:0.15476190476190477
F1:0.8037735849056604
BACC:0
CLSFE:0.15476190476190477
MCC:0.5868147775278674
GMEAN:0.7947242431144383
SAMPLES:252
AUC:{}
AVGP:{}
CLASS:1
ACC:0.792
PREC:0.7379032258064516
REC:0.8243243243243243
TNR:0.7661870503597122
FPR:0.2620967741935484
FPDR:0.2620967741935484
F1:0.7787234042553192
BACC:0
CLSFE:0.2620967741935484
MCC:0.5868147775278674
GMEAN:0.7947242431144383
SAMPLES:248
AUC:{}
AVGP:{}
