

GENERAL_METRICS
ACC:0.788
PREC:0.7847673095112138
REC:0.7928805790506339
TNR:0.7928805790506339
FPR:0.2152326904887863
FPDR:0.2152326904887863
F1:0.7854980492464101
BACC:0.0
CLSFE:0.212
MCC:0.5775909088769849
GMEAN:0.7923726685899408
SAMPLES:500.0
AUC:{'AUC macro OVO': 0.7847673095112138}
AVGP:{'avg_precision': 0.7221570149374406}


METRICS_PER_CLASSES
CLASS:0
ACC:0.788
PREC:0.8582375478927203
REC:0.764505119453925
TNR:0.821256038647343
FPR:0.1417624521072797
FPDR:0.1417624521072797
F1:0.8086642599277978
BACC:0
CLSFE:0.1417624521072797
MCC:0.5775909088769849
GMEAN:0.7923726685899408
SAMPLES:261
AUC:{}
AVGP:{}
CLASS:1
ACC:0.788
PREC:0.7112970711297071
REC:0.821256038647343
TNR:0.764505119453925
FPR:0.28870292887029286
FPDR:0.28870292887029286
F1:0.7623318385650224
BACC:0
CLSFE:0.28870292887029286
MCC:0.5775909088769849
GMEAN:0.7923726685899408
SAMPLES:239
AUC:{}
AVGP:{}
