

GENERAL_METRICS
ACC:0.8551111111111112
PREC:0.6147975640100143
REC:0.6328095847326617
TNR:0.6328095847326617
FPR:0.3852024359899857
FPDR:0.3852024359899857
F1:0.6226354910934773
BACC:0.0
CLSFE:0.1448888888888889
MCC:0.24695114338258198
GMEAN:0.568985590846338
SAMPLES:2250.0
AUC:{'AUC macro OVO': 0.6147975640100143}
AVGP:{'avg_precision': 0.9078781479144427}


METRICS_PER_CLASSES
CLASS:0
ACC:0.8551111111111112
PREC:0.3015267175572519
REC:0.35585585585585583
TNR:0.9097633136094675
FPR:0.6984732824427481
FPDR:0.6984732824427481
F1:0.32644628099173556
BACC:0
CLSFE:0.6984732824427481
MCC:0.24695114338258198
GMEAN:0.568985590846338
SAMPLES:262
AUC:{}
AVGP:{}
CLASS:1
ACC:0.8551111111111112
PREC:0.9280684104627767
REC:0.9097633136094675
TNR:0.35585585585585583
FPR:0.07193158953722334
FPDR:0.07193158953722334
F1:0.9188247011952191
BACC:0
CLSFE:0.07193158953722334
MCC:0.24695114338258198
GMEAN:0.568985590846338
SAMPLES:1988
AUC:{}
AVGP:{}
