

GENERAL_METRICS
ACC:0.8533333333333334
PREC:0.6067283027920796
REC:0.6124686425717737
TNR:0.6124686425717737
FPR:0.39327169720792043
FPDR:0.39327169720792043
F1:0.6094604716139566
BACC:0.0
CLSFE:0.14666666666666667
MCC:0.21912176832998068
GMEAN:0.5325945671549124
SAMPLES:2250.0
AUC:{'AUC macro OVO': 0.6067283027920796}
AVGP:{'avg_precision': 0.9130913292836773}


METRICS_PER_CLASSES
CLASS:0
ACC:0.8533333333333334
PREC:0.29218106995884774
REC:0.31004366812227074
TNR:0.9148936170212766
FPR:0.7078189300411523
FPDR:0.7078189300411523
F1:0.3008474576271186
BACC:0
CLSFE:0.7078189300411523
MCC:0.21912176832998068
GMEAN:0.5325945671549124
SAMPLES:243
AUC:{}
AVGP:{}
CLASS:1
ACC:0.8533333333333334
PREC:0.9212755356253114
REC:0.9148936170212766
TNR:0.31004366812227074
FPR:0.0787244643746886
FPDR:0.0787244643746886
F1:0.9180734856007945
BACC:0
CLSFE:0.0787244643746886
MCC:0.21912176832998068
GMEAN:0.5325945671549124
SAMPLES:2007
AUC:{}
AVGP:{}
