

GENERAL_METRICS
ACC:0.8577777777777778
PREC:0.6127709096459096
REC:0.6153951272840856
TNR:0.6153951272840856
FPR:0.38722909035409037
FPDR:0.38722909035409037
F1:0.6140560776519172
BACC:0.0
CLSFE:0.14222222222222222
MCC:0.22815094540704284
GMEAN:0.5350703304794201
SAMPLES:2250.0
AUC:{'AUC macro OVO': 0.6127709096459097}
AVGP:{'avg_precision': 0.9175654565650856}


METRICS_PER_CLASSES
CLASS:0
ACC:0.8577777777777778
PREC:0.3034188034188034
REC:0.31140350877192985
TNR:0.9193867457962414
FPR:0.6965811965811965
FPDR:0.6965811965811965
F1:0.30735930735930733
BACC:0
CLSFE:0.6965811965811965
MCC:0.22815094540704284
GMEAN:0.5350703304794201
SAMPLES:234
AUC:{}
AVGP:{}
CLASS:1
ACC:0.8577777777777778
PREC:0.9221230158730159
REC:0.9193867457962414
TNR:0.31140350877192985
FPR:0.07787698412698413
FPDR:0.07787698412698413
F1:0.9207528479445269
BACC:0
CLSFE:0.07787698412698413
MCC:0.22815094540704284
GMEAN:0.5350703304794201
SAMPLES:2016
AUC:{}
AVGP:{}
