

GENERAL_METRICS
ACC:0.8591111111111112
PREC:0.62325
REC:0.6341946470218043
TNR:0.6341946470218043
FPR:0.37675000000000003
FPDR:0.37675000000000003
F1:0.6283164258344707
BACC:0.0
CLSFE:0.1408888888888889
MCC:0.25721189898943153
GMEAN:0.5681615413874482
SAMPLES:2250.0
AUC:{'AUC macro OVO': 0.62325}
AVGP:{'avg_precision': 0.9139761904761905}


METRICS_PER_CLASSES
CLASS:0
ACC:0.8591111111111112
PREC:0.32
REC:0.3524229074889868
TNR:0.9159663865546218
FPR:0.68
FPDR:0.68
F1:0.33542976939203356
BACC:0
CLSFE:0.68
MCC:0.25721189898943153
GMEAN:0.5681615413874482
SAMPLES:250
AUC:{}
AVGP:{}
CLASS:1
ACC:0.8591111111111112
PREC:0.9265
REC:0.9159663865546218
TNR:0.3524229074889868
FPR:0.0735
FPDR:0.0735
F1:0.9212030822769077
BACC:0
CLSFE:0.0735
MCC:0.25721189898943153
GMEAN:0.5681615413874482
SAMPLES:2000
AUC:{}
AVGP:{}
