

GENERAL_METRICS
ACC:0.9355
PREC:0.5401869442242637
REC:0.6680310055056505
TNR:0.6680310055056505
FPR:0.4598130557757362
FPDR:0.4598130557757362
F1:0.5560900827427439
BACC:0.0
CLSFE:0.0645
MCC:0.1643490510614836
GMEAN:0.6087238862012815
SAMPLES:4000.0
AUC:{'AUC macro OVO': 0.5401869442242638}
AVGP:{'avg_precision': 0.9431622561357135}


METRICS_PER_CLASSES
CLASS:0
ACC:0.9355
PREC:0.08943089430894309
REC:0.39285714285714285
TNR:0.9432048681541582
FPR:0.9105691056910569
FPDR:0.9105691056910569
F1:0.1456953642384106
BACC:0
CLSFE:0.9105691056910569
MCC:0.1643490510614836
GMEAN:0.6087238862012815
SAMPLES:246
AUC:{}
AVGP:{}
CLASS:1
ACC:0.9355
PREC:0.9909429941395844
REC:0.9432048681541582
TNR:0.39285714285714285
FPR:0.009057005860415556
FPDR:0.009057005860415556
F1:0.9664848012470771
BACC:0
CLSFE:0.009057005860415556
MCC:0.1643490510614836
GMEAN:0.6087238862012815
SAMPLES:3754
AUC:{}
AVGP:{}
