

GENERAL_METRICS
ACC:0.9315
PREC:0.5358072916666667
REC:0.6451776649746193
TNR:0.6451776649746193
FPR:0.4641927083333333
FPDR:0.4641927083333333
F1:0.5486264406064879
BACC:0.0
CLSFE:0.0685
MCC:0.1442001247327035
GMEAN:0.5736936163861626
SAMPLES:4000.0
AUC:{'AUC macro OVO': 0.5358072916666667}
AVGP:{'avg_precision': 0.9403099619289339}


METRICS_PER_CLASSES
CLASS:0
ACC:0.9315
PREC:0.08203125
REC:0.35
TNR:0.9403553299492385
FPR:0.91796875
FPDR:0.91796875
F1:0.13291139240506328
BACC:0
CLSFE:0.91796875
MCC:0.1442001247327035
GMEAN:0.5736936163861626
SAMPLES:256
AUC:{}
AVGP:{}
CLASS:1
ACC:0.9315
PREC:0.9895833333333334
REC:0.9403553299492385
TNR:0.35
FPR:0.010416666666666666
FPDR:0.010416666666666666
F1:0.9643414888079126
BACC:0
CLSFE:0.010416666666666666
MCC:0.1442001247327035
GMEAN:0.5736936163861626
SAMPLES:3744
AUC:{}
AVGP:{}
