

GENERAL_METRICS
ACC:0.93225
PREC:0.5382666666666667
REC:0.6402599941354706
TNR:0.6402599941354706
FPR:0.46173333333333333
FPDR:0.46173333333333333
F1:0.5522095196786153
BACC:0.0
CLSFE:0.06775
MCC:0.14652347855890777
GMEAN:0.5646685330733265
SAMPLES:4000.0
AUC:{'AUC macro OVO': 0.5382666666666667}
AVGP:{'avg_precision': 0.9420061795849216}


METRICS_PER_CLASSES
CLASS:0
ACC:0.93225
PREC:0.088
REC:0.3384615384615385
TNR:0.9420584498094028
FPR:0.912
FPDR:0.912
F1:0.13968253968253969
BACC:0
CLSFE:0.912
MCC:0.14652347855890777
GMEAN:0.5646685330733265
SAMPLES:250
AUC:{}
AVGP:{}
CLASS:1
ACC:0.93225
PREC:0.9885333333333334
REC:0.9420584498094028
TNR:0.3384615384615385
FPR:0.011466666666666667
FPDR:0.011466666666666667
F1:0.964736499674691
BACC:0
CLSFE:0.011466666666666667
MCC:0.14652347855890777
GMEAN:0.5646685330733265
SAMPLES:3750
AUC:{}
AVGP:{}
