

GENERAL_METRICS
ACC:0.9325
PREC:0.5253017558962276
REC:0.6121200242840276
TNR:0.6121200242840276
FPR:0.4746982441037723
FPDR:0.4746982441037723
F1:0.5324675324675325
BACC:0.0
CLSFE:0.0675
MCC:0.10652386559853308
GMEAN:0.5161233893288686
SAMPLES:4000.0
AUC:{'AUC macro OVO': 0.5253017558962276}
AVGP:{'avg_precision': 0.9411910967467898}


METRICS_PER_CLASSES
CLASS:0
ACC:0.9325
PREC:0.06072874493927125
REC:0.2830188679245283
TNR:0.9412211806435268
FPR:0.9392712550607287
FPDR:0.9392712550607287
F1:0.1
BACC:0
CLSFE:0.9392712550607287
MCC:0.10652386559853308
GMEAN:0.5161233893288686
SAMPLES:247
AUC:{}
AVGP:{}
CLASS:1
ACC:0.9325
PREC:0.9898747668531841
REC:0.9412211806435268
TNR:0.2830188679245283
FPR:0.010125233146815881
FPDR:0.010125233146815881
F1:0.964935064935065
BACC:0
CLSFE:0.010125233146815881
MCC:0.10652386559853308
GMEAN:0.5161233893288686
SAMPLES:3753
AUC:{}
AVGP:{}
