

GENERAL_METRICS
ACC:0.9052
PREC:0.6521706809396373
REC:0.7481568879528839
TNR:0.7481568879528839
FPR:0.34782931906036274
FPDR:0.34782931906036274
F1:0.684457578583377
BACC:0.0
CLSFE:0.0948
MCC:0.388649984534422
GMEAN:0.7265214785481711
SAMPLES:2500.0
AUC:{'AUC macro OVO': 0.6521706809396373}
AVGP:{'avg_precision': 0.9259082495293801}


METRICS_PER_CLASSES
CLASS:0
ACC:0.9052
PREC:0.3333333333333333
REC:0.5695364238410596
TNR:0.9267773520647083
FPR:0.6666666666666666
FPDR:0.6666666666666666
F1:0.42053789731051344
BACC:0
CLSFE:0.6666666666666666
MCC:0.388649984534422
GMEAN:0.7265214785481711
SAMPLES:258
AUC:{}
AVGP:{}
CLASS:1
ACC:0.9052
PREC:0.9710080285459411
REC:0.9267773520647083
TNR:0.5695364238410596
FPR:0.028991971454058876
FPDR:0.028991971454058876
F1:0.9483772598562404
BACC:0
CLSFE:0.028991971454058876
MCC:0.388649984534422
GMEAN:0.7265214785481711
SAMPLES:2242
AUC:{}
AVGP:{}
