

GENERAL_METRICS
ACC:0.8988
PREC:0.6276722922991705
REC:0.7132952631964273
TNR:0.7132952631964273
FPR:0.37232770770082946
FPDR:0.37232770770082946
F1:0.6554633704452394
BACC:0.0
CLSFE:0.1012
MCC:0.3300417863776814
GMEAN:0.6817289596350987
SAMPLES:2500.0
AUC:{'AUC macro OVO': 0.6276722922991705}
AVGP:{'avg_precision': 0.9223490884478753}


METRICS_PER_CLASSES
CLASS:0
ACC:0.8988
PREC:0.2874015748031496
REC:0.503448275862069
TNR:0.9231422505307856
FPR:0.7125984251968503
FPDR:0.7125984251968503
F1:0.3659147869674185
BACC:0
CLSFE:0.7125984251968503
MCC:0.3300417863776814
GMEAN:0.6817289596350987
SAMPLES:254
AUC:{}
AVGP:{}
CLASS:1
ACC:0.8988
PREC:0.9679430097951914
REC:0.9231422505307856
TNR:0.503448275862069
FPR:0.032056990204808546
FPDR:0.032056990204808546
F1:0.9450119539230603
BACC:0
CLSFE:0.032056990204808546
MCC:0.3300417863776814
GMEAN:0.6817289596350987
SAMPLES:2246
AUC:{}
AVGP:{}
