

GENERAL_METRICS
ACC:0.8972
PREC:0.6295152632110326
REC:0.7174285254642397
TNR:0.7174285254642397
FPR:0.37048473678896743
FPDR:0.37048473678896743
F1:0.6578295261431556
BACC:0.0
CLSFE:0.1028
MCC:0.3356206948630416
GMEAN:0.6878389034148392
SAMPLES:2500.0
AUC:{'AUC macro OVO': 0.6295152632110326}
AVGP:{'avg_precision': 0.9205156969978702}


METRICS_PER_CLASSES
CLASS:0
ACC:0.8972
PREC:0.29118773946360155
REC:0.5135135135135135
TNR:0.921343537414966
FPR:0.7088122605363985
FPDR:0.7088122605363985
F1:0.37163814180929094
BACC:0
CLSFE:0.7088122605363985
MCC:0.3356206948630416
GMEAN:0.6878389034148392
SAMPLES:261
AUC:{}
AVGP:{}
CLASS:1
ACC:0.8972
PREC:0.9678427869584636
REC:0.921343537414966
TNR:0.5135135135135135
FPR:0.0321572130415364
FPDR:0.0321572130415364
F1:0.9440209104770203
BACC:0
CLSFE:0.0321572130415364
MCC:0.3356206948630416
GMEAN:0.6878389034148392
SAMPLES:2239
AUC:{}
AVGP:{}
