

GENERAL_METRICS
ACC:0.8988
PREC:0.6252048276436274
REC:0.708327438219204
TNR:0.708327438219204
FPR:0.37479517235637266
FPDR:0.37479517235637266
F1:0.6522766942921151
BACC:0.0
CLSFE:0.1012
MCC:0.3230083651899675
GMEAN:0.6748227739700466
SAMPLES:2500.0
AUC:{'AUC macro OVO': 0.6252048276436274}
AVGP:{'avg_precision': 0.922820330031608}


METRICS_PER_CLASSES
CLASS:0
ACC:0.8988
PREC:0.28286852589641437
REC:0.4930555555555556
TNR:0.9235993208828522
FPR:0.7171314741035857
FPDR:0.7171314741035857
F1:0.3594936708860759
BACC:0
CLSFE:0.7171314741035857
MCC:0.3230083651899675
GMEAN:0.6748227739700466
SAMPLES:251
AUC:{}
AVGP:{}
CLASS:1
ACC:0.8988
PREC:0.9675411293908404
REC:0.9235993208828522
TNR:0.4930555555555556
FPR:0.032458870609159626
FPDR:0.032458870609159626
F1:0.9450597176981542
BACC:0
CLSFE:0.032458870609159626
MCC:0.3230083651899675
GMEAN:0.6748227739700466
SAMPLES:2249
AUC:{}
AVGP:{}
