

GENERAL_METRICS
ACC:0.898
PREC:0.6922013274336283
REC:0.7036630036630036
TNR:0.7036630036630036
FPR:0.30779867256637167
FPDR:0.30779867256637167
F1:0.6976917878863321
BACC:0.0
CLSFE:0.102
MCC:0.3956983682207912
GMEAN:0.6625514010055061
SAMPLES:2500.0
AUC:{'AUC macro OVO': 0.6922013274336283}
AVGP:{'avg_precision': 0.9387128269960128}


METRICS_PER_CLASSES
CLASS:0
ACC:0.898
PREC:0.4375
REC:0.4666666666666667
TNR:0.9406593406593406
FPR:0.5625
FPDR:0.5625
F1:0.45161290322580644
BACC:0
CLSFE:0.5625
MCC:0.3956983682207912
GMEAN:0.6625514010055061
SAMPLES:240
AUC:{}
AVGP:{}
CLASS:1
ACC:0.898
PREC:0.9469026548672567
REC:0.9406593406593406
TNR:0.4666666666666667
FPR:0.05309734513274336
FPDR:0.05309734513274336
F1:0.9437706725468578
BACC:0
CLSFE:0.05309734513274336
MCC:0.3956983682207912
GMEAN:0.6625514010055061
SAMPLES:2260
AUC:{}
AVGP:{}
