

GENERAL_METRICS
ACC:0.9156
PREC:0.7053857135824348
REC:0.764333183149358
TNR:0.764333183149358
FPR:0.2946142864175651
FPDR:0.2946142864175651
F1:0.7298572058477849
BACC:0.0
CLSFE:0.0844
MCC:0.46600540531048495
GMEAN:0.7434667005657963
SAMPLES:2500.0
AUC:{'AUC macro OVO': 0.705385713582435}
AVGP:{'avg_precision': 0.940399632691385}


METRICS_PER_CLASSES
CLASS:0
ACC:0.9156
PREC:0.4444444444444444
REC:0.5869565217391305
TNR:0.9417098445595855
FPR:0.5555555555555556
FPDR:0.5555555555555556
F1:0.5058548009367682
BACC:0
CLSFE:0.5555555555555556
MCC:0.46600540531048495
GMEAN:0.7434667005657963
SAMPLES:243
AUC:{}
AVGP:{}
CLASS:1
ACC:0.9156
PREC:0.9663269827204254
REC:0.9417098445595855
TNR:0.5869565217391305
FPR:0.033673017279574655
FPDR:0.033673017279574655
F1:0.9538596107588017
BACC:0
CLSFE:0.033673017279574655
MCC:0.46600540531048495
GMEAN:0.7434667005657963
SAMPLES:2257
AUC:{}
AVGP:{}
