

GENERAL_METRICS
ACC:0.9068
PREC:0.6959013951319353
REC:0.7280523744280434
TNR:0.7280523744280434
FPR:0.30409860486806484
FPDR:0.30409860486806484
F1:0.7102738148706876
BACC:0.0
CLSFE:0.0932
MCC:0.4227329100678306
GMEAN:0.6961362228190184
SAMPLES:2500.0
AUC:{'AUC macro OVO': 0.6959013951319353}
AVGP:{'avg_precision': 0.9396559086242714}


METRICS_PER_CLASSES
CLASS:0
ACC:0.9068
PREC:0.4351464435146444
REC:0.5148514851485149
TNR:0.9412532637075718
FPR:0.5648535564853556
FPDR:0.5648535564853556
F1:0.47165532879818595
BACC:0
CLSFE:0.5648535564853556
MCC:0.4227329100678306
GMEAN:0.6961362228190184
SAMPLES:239
AUC:{}
AVGP:{}
CLASS:1
ACC:0.9068
PREC:0.9566563467492261
REC:0.9412532637075718
TNR:0.5148514851485149
FPR:0.043343653250773995
FPDR:0.043343653250773995
F1:0.9488923009431893
BACC:0
CLSFE:0.043343653250773995
MCC:0.4227329100678306
GMEAN:0.6961362228190184
SAMPLES:2261
AUC:{}
AVGP:{}
