

GENERAL_METRICS
ACC:0.9008
PREC:0.6922730526956451
REC:0.7243862533897452
TNR:0.7243862533897452
FPR:0.3077269473043549
FPDR:0.3077269473043549
F1:0.7065566601225647
BACC:0.0
CLSFE:0.0992
MCC:0.4154199317422546
GMEAN:0.6924707770514461
SAMPLES:2500.0
AUC:{'AUC macro OVO': 0.6922730526956451}
AVGP:{'avg_precision': 0.935265732028849}


METRICS_PER_CLASSES
CLASS:0
ACC:0.9008
PREC:0.4308300395256917
REC:0.5117370892018779
TNR:0.9370354175776126
FPR:0.5691699604743083
FPDR:0.5691699604743083
F1:0.4678111587982833
BACC:0
CLSFE:0.5691699604743083
MCC:0.4154199317422546
GMEAN:0.6924707770514461
SAMPLES:253
AUC:{}
AVGP:{}
CLASS:1
ACC:0.9008
PREC:0.9537160658655985
REC:0.9370354175776126
TNR:0.5117370892018779
FPR:0.046283934134401426
FPDR:0.046283934134401426
F1:0.9453021614468461
BACC:0
CLSFE:0.046283934134401426
MCC:0.4154199317422546
GMEAN:0.6924707770514461
SAMPLES:2247
AUC:{}
AVGP:{}
