

GENERAL_METRICS
ACC:0.9064
PREC:0.7002173608810645
REC:0.7402306179924545
TNR:0.7402306179924545
FPR:0.29978263911893555
FPDR:0.29978263911893555
F1:0.7176728131949592
BACC:0.0
CLSFE:0.0936
MCC:0.4386266765133027
GMEAN:0.7130448560102008
SAMPLES:2500.0
AUC:{'AUC macro OVO': 0.7002173608810645}
AVGP:{'avg_precision': 0.937351136065315}


METRICS_PER_CLASSES
CLASS:0
ACC:0.9064
PREC:0.44223107569721115
REC:0.5414634146341464
TNR:0.9389978213507625
FPR:0.5577689243027888
FPDR:0.5577689243027888
F1:0.4868421052631579
BACC:0
CLSFE:0.5577689243027888
MCC:0.4386266765133027
GMEAN:0.7130448560102008
SAMPLES:251
AUC:{}
AVGP:{}
CLASS:1
ACC:0.9064
PREC:0.9582036460649177
REC:0.9389978213507625
TNR:0.5414634146341464
FPR:0.041796353935082256
FPDR:0.041796353935082256
F1:0.9485035211267606
BACC:0
CLSFE:0.041796353935082256
MCC:0.4386266765133027
GMEAN:0.7130448560102008
SAMPLES:2249
AUC:{}
AVGP:{}
