

GENERAL_METRICS
ACC:0.8984
PREC:0.6693509370990247
REC:0.7159583694709454
TNR:0.7159583694709454
FPR:0.33064906290097534
FPDR:0.33064906290097534
F1:0.6886180328897815
BACC:0.0
CLSFE:0.1016
MCC:0.3824800765754054
GMEAN:0.6826114337388038
SAMPLES:2500.0
AUC:{'AUC macro OVO': 0.6693509370990247}
AVGP:{'avg_precision': 0.9304692217213372}


METRICS_PER_CLASSES
CLASS:0
ACC:0.8984
PREC:0.38188976377952755
REC:0.5
TNR:0.9319167389418908
FPR:0.6181102362204725
FPDR:0.6181102362204725
F1:0.4330357142857143
BACC:0
CLSFE:0.6181102362204725
MCC:0.3824800765754054
GMEAN:0.6826114337388038
SAMPLES:254
AUC:{}
AVGP:{}
CLASS:1
ACC:0.8984
PREC:0.9568121104185218
REC:0.9319167389418908
TNR:0.5
FPR:0.043187889581478185
FPDR:0.043187889581478185
F1:0.9442003514938488
BACC:0
CLSFE:0.043187889581478185
MCC:0.3824800765754054
GMEAN:0.6826114337388038
SAMPLES:2246
AUC:{}
AVGP:{}
