

GENERAL_METRICS
ACC:0.8984
PREC:0.6946835950736123
REC:0.7226783412033632
TNR:0.7226783412033632
FPR:0.30531640492638773
FPDR:0.30531640492638773
F1:0.7073193215339233
BACC:0.0
CLSFE:0.1016
MCC:0.41642199754815656
GMEAN:0.6903690327093643
SAMPLES:2500.0
AUC:{'AUC macro OVO': 0.6946835950736123}
AVGP:{'avg_precision': 0.9344249720594697}


METRICS_PER_CLASSES
CLASS:0
ACC:0.8984
PREC:0.437984496124031
REC:0.509009009009009
TNR:0.9363476733977173
FPR:0.562015503875969
FPDR:0.562015503875969
F1:0.4708333333333333
BACC:0
CLSFE:0.562015503875969
MCC:0.41642199754815656
GMEAN:0.6903690327093643
SAMPLES:258
AUC:{}
AVGP:{}
CLASS:1
ACC:0.8984
PREC:0.9513826940231935
REC:0.9363476733977173
TNR:0.509009009009009
FPR:0.04861730597680642
FPDR:0.04861730597680642
F1:0.9438053097345133
BACC:0
CLSFE:0.04861730597680642
MCC:0.41642199754815656
GMEAN:0.6903690327093643
SAMPLES:2242
AUC:{}
AVGP:{}
