

GENERAL_METRICS
ACC:0.8988
PREC:0.6811803641130156
REC:0.7260495661679306
TNR:0.7260495661679306
FPR:0.3188196358869843
FPDR:0.3188196358869843
F1:0.7000628326872236
BACC:0.0
CLSFE:0.1012
MCC:0.4047505044142374
GMEAN:0.696081739111698
SAMPLES:2500.0
AUC:{'AUC macro OVO': 0.6811803641130156}
AVGP:{'avg_precision': 0.9308765744413648}


METRICS_PER_CLASSES
CLASS:0
ACC:0.8988
PREC:0.4061302681992337
REC:0.5196078431372549
TNR:0.9324912891986062
FPR:0.5938697318007663
FPDR:0.5938697318007663
F1:0.4559139784946237
BACC:0
CLSFE:0.5938697318007663
MCC:0.4047505044142374
GMEAN:0.696081739111698
SAMPLES:261
AUC:{}
AVGP:{}
CLASS:1
ACC:0.8988
PREC:0.9562304600267977
REC:0.9324912891986062
TNR:0.5196078431372549
FPR:0.04376953997320232
FPDR:0.04376953997320232
F1:0.9442116868798236
BACC:0
CLSFE:0.04376953997320232
MCC:0.4047505044142374
GMEAN:0.696081739111698
SAMPLES:2239
AUC:{}
AVGP:{}
