

GENERAL_METRICS
ACC:0.91
PREC:0.536363958410826
REC:0.623565524436241
TNR:0.623565524436241
FPR:0.46363604158917404
FPDR:0.46363604158917404
F1:0.5463211687662849
BACC:0.0
CLSFE:0.09
MCC:0.13406463503267915
GMEAN:0.5466372603092459
SAMPLES:3000.0
AUC:{'AUC macro OVO': 0.536363958410826}
AVGP:{'avg_precision': 0.9235080730892731}


METRICS_PER_CLASSES
CLASS:0
ACC:0.91
PREC:0.08943089430894309
REC:0.3235294117647059
TNR:0.9236016371077762
FPR:0.9105691056910569
FPDR:0.9105691056910569
F1:0.14012738853503184
BACC:0
CLSFE:0.9105691056910569
MCC:0.13406463503267915
GMEAN:0.5466372603092459
SAMPLES:246
AUC:{}
AVGP:{}
CLASS:1
ACC:0.91
PREC:0.9832970225127088
REC:0.9236016371077762
TNR:0.3235294117647059
FPR:0.01670297748729121
FPDR:0.01670297748729121
F1:0.9525149489975379
BACC:0
CLSFE:0.01670297748729121
MCC:0.13406463503267915
GMEAN:0.5466372603092459
SAMPLES:2754
AUC:{}
AVGP:{}
