

GENERAL_METRICS
ACC:0.8993333333333333
PREC:0.5341262187935283
REC:0.5865567533291058
TNR:0.5865567533291058
FPR:0.46587378120647166
FPDR:0.46587378120647166
F1:0.5418457648546144
BACC:0.0
CLSFE:0.10066666666666667
MCC:0.1086987525626036
GMEAN:0.482226920432806
SAMPLES:3000.0
AUC:{'AUC macro OVO': 0.5341262187935284}
AVGP:{'avg_precision': 0.9203401365022933}


METRICS_PER_CLASSES
CLASS:0
ACC:0.8993333333333333
PREC:0.09411764705882353
REC:0.25263157894736843
TNR:0.9204819277108434
FPR:0.9058823529411765
FPDR:0.9058823529411765
F1:0.13714285714285715
BACC:0
CLSFE:0.9058823529411765
MCC:0.1086987525626036
GMEAN:0.482226920432806
SAMPLES:255
AUC:{}
AVGP:{}
CLASS:1
ACC:0.8993333333333333
PREC:0.9741347905282332
REC:0.9204819277108434
TNR:0.25263157894736843
FPR:0.025865209471766848
FPDR:0.025865209471766848
F1:0.9465486725663717
BACC:0
CLSFE:0.025865209471766848
MCC:0.1086987525626036
GMEAN:0.482226920432806
SAMPLES:2745
AUC:{}
AVGP:{}
