

GENERAL_METRICS
ACC:0.903
PREC:0.5255839397486133
REC:0.5894931244715411
TNR:0.5894931244715411
FPR:0.4744160602513867
FPDR:0.4744160602513867
F1:0.5293980661656617
BACC:0.0
CLSFE:0.097
MCC:0.09569925191755801
GMEAN:0.4893962608177081
SAMPLES:3000.0
AUC:{'AUC macro OVO': 0.5255839397486133}
AVGP:{'avg_precision': 0.9180401152100052}


METRICS_PER_CLASSES
CLASS:0
ACC:0.903
PREC:0.06976744186046512
REC:0.2608695652173913
TNR:0.9181166837256909
FPR:0.9302325581395349
FPDR:0.9302325581395349
F1:0.11009174311926606
BACC:0
CLSFE:0.9302325581395349
MCC:0.09569925191755801
GMEAN:0.4893962608177081
SAMPLES:258
AUC:{}
AVGP:{}
CLASS:1
ACC:0.903
PREC:0.9814004376367614
REC:0.9181166837256909
TNR:0.2608695652173913
FPR:0.018599562363238512
FPDR:0.018599562363238512
F1:0.9487043892120571
BACC:0
CLSFE:0.018599562363238512
MCC:0.09569925191755801
GMEAN:0.4893962608177081
SAMPLES:2742
AUC:{}
AVGP:{}
