

GENERAL_METRICS
ACC:0.897
PREC:0.5397389859428233
REC:0.5955357232624308
TNR:0.5955357232624308
FPR:0.4602610140571767
FPDR:0.4602610140571767
F1:0.5492944050759077
BACC:0.0
CLSFE:0.103
MCC:0.12323137204077868
GMEAN:0.4998868805754446
SAMPLES:3000.0
AUC:{'AUC macro OVO': 0.5397389859428233}
AVGP:{'avg_precision': 0.9190470898460991}


METRICS_PER_CLASSES
CLASS:0
ACC:0.897
PREC:0.10687022900763359
REC:0.27184466019417475
TNR:0.9192267863306869
FPR:0.8931297709923665
FPDR:0.8931297709923665
F1:0.15342465753424658
BACC:0
CLSFE:0.8931297709923665
MCC:0.12323137204077868
GMEAN:0.4998868805754446
SAMPLES:262
AUC:{}
AVGP:{}
CLASS:1
ACC:0.897
PREC:0.9726077428780131
REC:0.9192267863306869
TNR:0.27184466019417475
FPR:0.02739225712198685
FPDR:0.02739225712198685
F1:0.9451641526175688
BACC:0
CLSFE:0.02739225712198685
MCC:0.12323137204077868
GMEAN:0.4998868805754446
SAMPLES:2738
AUC:{}
AVGP:{}
