

GENERAL_METRICS
ACC:0.9072
PREC:0.6502601856290835
REC:0.7306307601656616
TNR:0.7306307601656616
FPR:0.3497398143709165
FPDR:0.3497398143709165
F1:0.6789080215419501
BACC:0.0
CLSFE:0.0928
MCC:0.37231503238128294
GMEAN:0.7024876123262206
SAMPLES:2500.0
AUC:{'AUC macro OVO': 0.6502601856290835}
AVGP:{'avg_precision': 0.930584554436339}


METRICS_PER_CLASSES
CLASS:0
ACC:0.9072
PREC:0.33195020746887965
REC:0.5298013245033113
TNR:0.9314601958280119
FPR:0.6680497925311203
FPDR:0.6680497925311203
F1:0.40816326530612246
BACC:0
CLSFE:0.6680497925311203
MCC:0.37231503238128294
GMEAN:0.7024876123262206
SAMPLES:241
AUC:{}
AVGP:{}
CLASS:1
ACC:0.9072
PREC:0.9685701637892873
REC:0.9314601958280119
TNR:0.5298013245033113
FPR:0.03142983621071271
FPDR:0.03142983621071271
F1:0.9496527777777778
BACC:0
CLSFE:0.03142983621071271
MCC:0.37231503238128294
GMEAN:0.7024876123262206
SAMPLES:2259
AUC:{}
AVGP:{}
