

GENERAL_METRICS
ACC:0.8912
PREC:0.6386448135665758
REC:0.7049149543886698
TNR:0.7049149543886698
FPR:0.3613551864334243
FPDR:0.3613551864334243
F1:0.6624700442164242
BACC:0.0
CLSFE:0.1088
MCC:0.33710767210623077
GMEAN:0.670874166988797
SAMPLES:2500.0
AUC:{'AUC macro OVO': 0.6386448135665757}
AVGP:{'avg_precision': 0.9201867734847153}


METRICS_PER_CLASSES
CLASS:0
ACC:0.8912
PREC:0.31716417910447764
REC:0.4885057471264368
TNR:0.9213241616509028
FPR:0.6828358208955224
FPDR:0.6828358208955224
F1:0.38461538461538464
BACC:0
CLSFE:0.6828358208955224
MCC:0.33710767210623077
GMEAN:0.670874166988797
SAMPLES:268
AUC:{}
AVGP:{}
CLASS:1
ACC:0.8912
PREC:0.9601254480286738
REC:0.9213241616509028
TNR:0.4885057471264368
FPR:0.039874551971326166
FPDR:0.039874551971326166
F1:0.9403247038174638
BACC:0
CLSFE:0.039874551971326166
MCC:0.33710767210623077
GMEAN:0.670874166988797
SAMPLES:2232
AUC:{}
AVGP:{}
