

GENERAL_METRICS
ACC:0.8908
PREC:0.6314865784831161
REC:0.6711754209163313
TNR:0.6711754209163313
FPR:0.368513421516884
FPDR:0.368513421516884
F1:0.6474819363546068
BACC:0.0
CLSFE:0.1092
MCC:0.30004846552979153
GMEAN:0.6201005312861687
SAMPLES:2500.0
AUC:{'AUC macro OVO': 0.6314865784831161}
AVGP:{'avg_precision': 0.926822632613627}


METRICS_PER_CLASSES
CLASS:0
ACC:0.8908
PREC:0.30991735537190085
REC:0.4143646408839779
TNR:0.9279862009486848
FPR:0.6900826446280992
FPDR:0.6900826446280992
F1:0.3546099290780142
BACC:0
CLSFE:0.6900826446280992
MCC:0.30004846552979153
GMEAN:0.6201005312861687
SAMPLES:242
AUC:{}
AVGP:{}
CLASS:1
ACC:0.8908
PREC:0.9530558015943312
REC:0.9279862009486848
TNR:0.4143646408839779
FPR:0.046944198405668734
FPDR:0.046944198405668734
F1:0.9403539436311995
BACC:0
CLSFE:0.046944198405668734
MCC:0.30004846552979153
GMEAN:0.6201005312861687
SAMPLES:2258
AUC:{}
AVGP:{}
