

GENERAL_METRICS
ACC:0.8984
PREC:0.6350197673752364
REC:0.7037855776194748
TNR:0.7037855776194748
FPR:0.3649802326247637
FPDR:0.3649802326247637
F1:0.6595473641996092
BACC:0.0
CLSFE:0.1016
MCC:0.33175341013837173
GMEAN:0.6675974577924257
SAMPLES:2500.0
AUC:{'AUC macro OVO': 0.6350197673752362}
AVGP:{'avg_precision': 0.9256205766048359}


METRICS_PER_CLASSES
CLASS:0
ACC:0.8984
PREC:0.3064516129032258
REC:0.4810126582278481
TNR:0.9265584970111016
FPR:0.6935483870967742
FPDR:0.6935483870967742
F1:0.37438423645320196
BACC:0
CLSFE:0.6935483870967742
MCC:0.33175341013837173
GMEAN:0.6675974577924257
SAMPLES:248
AUC:{}
AVGP:{}
CLASS:1
ACC:0.8984
PREC:0.9635879218472468
REC:0.9265584970111016
TNR:0.4810126582278481
FPR:0.03641207815275311
FPDR:0.03641207815275311
F1:0.9447104919460165
BACC:0
CLSFE:0.03641207815275311
MCC:0.33175341013837173
GMEAN:0.6675974577924257
SAMPLES:2252
AUC:{}
AVGP:{}
