

GENERAL_METRICS
ACC:0.894
PREC:0.6413337548512958
REC:0.6308333492649167
TNR:0.6308333492649167
FPR:0.3586662451487042
FPDR:0.3586662451487042
F1:0.6357838892783023
BACC:0.0
CLSFE:0.106
MCC:0.27196447202810664
GMEAN:0.5465327721224784
SAMPLES:3000.0
AUC:{'AUC macro OVO': 0.6413337548512958}
AVGP:{'avg_precision': 0.944564236145451}


METRICS_PER_CLASSES
CLASS:0
ACC:0.894
PREC:0.3436123348017621
REC:0.3157894736842105
TNR:0.945877224845623
FPR:0.6563876651982379
FPDR:0.6563876651982379
F1:0.3291139240506329
BACC:0
CLSFE:0.6563876651982379
MCC:0.27196447202810664
GMEAN:0.5465327721224784
SAMPLES:227
AUC:{}
AVGP:{}
CLASS:1
ACC:0.894
PREC:0.9390551749008295
REC:0.945877224845623
TNR:0.3157894736842105
FPR:0.060944825099170576
FPDR:0.060944825099170576
F1:0.9424538545059717
BACC:0
CLSFE:0.060944825099170576
MCC:0.27196447202810664
GMEAN:0.5465327721224784
SAMPLES:2773
AUC:{}
AVGP:{}
