

GENERAL_METRICS
ACC:0.854
PREC:0.6700247346181594
REC:0.7371491076361905
TNR:0.7371491076361905
FPR:0.3299752653818407
FPDR:0.3299752653818407
F1:0.6937848104215703
BACC:0.0
CLSFE:0.146
MCC:0.401602859007635
GMEAN:0.7216591124730293
SAMPLES:1500.0
AUC:{'AUC macro OVO': 0.6700247346181594}
AVGP:{'avg_precision': 0.8845616771605042}


METRICS_PER_CLASSES
CLASS:0
ACC:0.854
PREC:0.3951612903225806
REC:0.5868263473053892
TNR:0.8874718679669917
FPR:0.6048387096774194
FPDR:0.6048387096774194
F1:0.472289156626506
BACC:0
CLSFE:0.6048387096774194
MCC:0.401602859007635
GMEAN:0.7216591124730293
SAMPLES:248
AUC:{}
AVGP:{}
CLASS:1
ACC:0.854
PREC:0.944888178913738
REC:0.8874718679669917
TNR:0.5868263473053892
FPR:0.05511182108626198
FPDR:0.05511182108626198
F1:0.9152804642166344
BACC:0
CLSFE:0.05511182108626198
MCC:0.401602859007635
GMEAN:0.7216591124730293
SAMPLES:1252
AUC:{}
AVGP:{}
