

GENERAL_METRICS
ACC:0.8546666666666667
PREC:0.6664
REC:0.7425373134328358
TNR:0.7425373134328358
FPR:0.3336
FPDR:0.3336
F1:0.6920613993784726
BACC:0.0
CLSFE:0.14533333333333334
MCC:0.401787052828853
GMEAN:0.7287281908362012
SAMPLES:1500.0
AUC:{'AUC macro OVO': 0.6664}
AVGP:{'avg_precision': 0.8824254726368159}


METRICS_PER_CLASSES
CLASS:0
ACC:0.8546666666666667
PREC:0.384
REC:0.6
TNR:0.8850746268656716
FPR:0.616
FPDR:0.616
F1:0.4682926829268293
BACC:0
CLSFE:0.616
MCC:0.401787052828853
GMEAN:0.7287281908362012
SAMPLES:250
AUC:{}
AVGP:{}
CLASS:1
ACC:0.8546666666666667
PREC:0.9488
REC:0.8850746268656716
TNR:0.6
FPR:0.0512
FPDR:0.0512
F1:0.9158301158301159
BACC:0
CLSFE:0.0512
MCC:0.401787052828853
GMEAN:0.7287281908362012
SAMPLES:1250
AUC:{}
AVGP:{}
