

GENERAL_METRICS
ACC:0.8446666666666667
PREC:0.6414195468309491
REC:0.7078906343686293
TNR:0.7078906343686293
FPR:0.35858045316905085
FPDR:0.35858045316905085
F1:0.6632295849196231
BACC:0.0
CLSFE:0.15533333333333332
MCC:0.3429273934978663
GMEAN:0.6865748744022395
SAMPLES:1500.0
AUC:{'AUC macro OVO': 0.6414195468309491}
AVGP:{'avg_precision': 0.8778344896171242}


METRICS_PER_CLASSES
CLASS:0
ACC:0.8446666666666667
PREC:0.3401639344262295
REC:0.535483870967742
TNR:0.8802973977695168
FPR:0.6598360655737705
FPDR:0.6598360655737705
F1:0.41604010025062654
BACC:0
CLSFE:0.6598360655737705
MCC:0.3429273934978663
GMEAN:0.6865748744022395
SAMPLES:244
AUC:{}
AVGP:{}
CLASS:1
ACC:0.8446666666666667
PREC:0.9426751592356688
REC:0.8802973977695168
TNR:0.535483870967742
FPR:0.05732484076433121
FPDR:0.05732484076433121
F1:0.9104190695886197
BACC:0
CLSFE:0.05732484076433121
MCC:0.3429273934978663
GMEAN:0.6865748744022395
SAMPLES:1256
AUC:{}
AVGP:{}
