

GENERAL_METRICS
ACC:0.848
PREC:0.647727890786468
REC:0.700492719924708
TNR:0.700492719924708
FPR:0.352272109213532
FPDR:0.352272109213532
F1:0.6669146951003346
BACC:0.0
CLSFE:0.152
MCC:0.3441997480098971
GMEAN:0.6747523558042886
SAMPLES:1500.0
AUC:{'AUC macro OVO': 0.6477278907864681}
AVGP:{'avg_precision': 0.8859416474515851}


METRICS_PER_CLASSES
CLASS:0
ACC:0.848
PREC:0.3577586206896552
REC:0.5123456790123457
TNR:0.8886397608370703
FPR:0.6422413793103449
FPDR:0.6422413793103449
F1:0.4213197969543147
BACC:0
CLSFE:0.6422413793103449
MCC:0.3441997480098971
GMEAN:0.6747523558042886
SAMPLES:232
AUC:{}
AVGP:{}
CLASS:1
ACC:0.848
PREC:0.9376971608832808
REC:0.8886397608370703
TNR:0.5123456790123457
FPR:0.062302839116719244
FPDR:0.062302839116719244
F1:0.9125095932463546
BACC:0
CLSFE:0.062302839116719244
MCC:0.3441997480098971
GMEAN:0.6747523558042886
SAMPLES:1268
AUC:{}
AVGP:{}
