

GENERAL_METRICS
ACC:0.8635555555555555
PREC:0.5006486805248416
REC:0.5022240793659352
TNR:0.5022240793659352
FPR:0.4993513194751585
FPDR:0.4993513194751585
F1:0.48801893903737925
BACC:0.0
CLSFE:0.13644444444444445
MCC:0.002402263075005754
GMEAN:0.3230008377166957
SAMPLES:2250.0
AUC:{'AUC macro OVO': 0.5006486805248415}
AVGP:{'avg_precision': 0.8867970568033282}


METRICS_PER_CLASSES
CLASS:0
ACC:0.8635555555555555
PREC:0.03137254901960784
REC:0.11764705882352941
TNR:0.886801099908341
FPR:0.9686274509803922
FPDR:0.9686274509803922
F1:0.04953560371517028
BACC:0
CLSFE:0.9686274509803922
MCC:0.002402263075005754
GMEAN:0.3230008377166957
SAMPLES:255
AUC:{}
AVGP:{}
CLASS:1
ACC:0.8635555555555555
PREC:0.9699248120300752
REC:0.886801099908341
TNR:0.11764705882352941
FPR:0.03007518796992481
FPDR:0.03007518796992481
F1:0.9265022743595882
BACC:0
CLSFE:0.03007518796992481
MCC:0.002402263075005754
GMEAN:0.3230008377166957
SAMPLES:1995
AUC:{}
AVGP:{}
