

GENERAL_METRICS
ACC:0.8711111111111111
PREC:0.5002236652386768
REC:0.5007569089948952
TNR:0.5007569089948952
FPR:0.49977633476132316
FPDR:0.49977633476132316
F1:0.4884695951031057
BACC:0.0
CLSFE:0.1288888888888889
MCC:0.0008229076035616131
GMEAN:0.3102542523624127
SAMPLES:2250.0
AUC:{'AUC macro OVO': 0.5002236652386769}
AVGP:{'avg_precision': 0.8938202489915937}


METRICS_PER_CLASSES
CLASS:0
ACC:0.8711111111111111
PREC:0.029288702928870293
REC:0.1076923076923077
TNR:0.8938215102974828
FPR:0.9707112970711297
FPDR:0.9707112970711297
F1:0.046052631578947366
BACC:0
CLSFE:0.9707112970711297
MCC:0.0008229076035616131
GMEAN:0.3102542523624127
SAMPLES:239
AUC:{}
AVGP:{}
CLASS:1
ACC:0.8711111111111111
PREC:0.9711586275484834
REC:0.8938215102974828
TNR:0.1076923076923077
FPR:0.028841372451516658
FPDR:0.028841372451516658
F1:0.9308865586272641
BACC:0
CLSFE:0.028841372451516658
MCC:0.0008229076035616131
GMEAN:0.3102542523624127
SAMPLES:2011
AUC:{}
AVGP:{}
