

GENERAL_METRICS
ACC:0.8688888888888889
PREC:0.5020273480808828
REC:0.5056665250035416
TNR:0.5056665250035416
FPR:0.4979726519191172
FPDR:0.4979726519191172
F1:0.4935259066744701
BACC:0.0
CLSFE:0.13111111111111112
MCC:0.006778795937688075
GMEAN:0.3215255285873295
SAMPLES:2250.0
AUC:{'AUC macro OVO': 0.5020273480808828}
AVGP:{'avg_precision': 0.8959349811953625}


METRICS_PER_CLASSES
CLASS:0
ACC:0.8688888888888889
PREC:0.03829787234042553
REC:0.11538461538461539
TNR:0.8959484346224678
FPR:0.9617021276595744
FPDR:0.9617021276595744
F1:0.05750798722044728
BACC:0
CLSFE:0.9617021276595744
MCC:0.006778795937688075
GMEAN:0.3215255285873295
SAMPLES:235
AUC:{}
AVGP:{}
CLASS:1
ACC:0.8688888888888889
PREC:0.96575682382134
REC:0.8959484346224678
TNR:0.11538461538461539
FPR:0.03424317617866005
FPDR:0.03424317617866005
F1:0.929543826128493
BACC:0
CLSFE:0.03424317617866005
MCC:0.006778795937688075
GMEAN:0.3215255285873295
SAMPLES:2015
AUC:{}
AVGP:{}
