

GENERAL_METRICS
ACC:0.8622222222222222
PREC:0.5011826685302656
REC:0.5044030192131748
TNR:0.5044030192131748
FPR:0.4988173314697344
FPDR:0.4988173314697344
F1:0.4874052342723433
BACC:0.0
CLSFE:0.13777777777777778
MCC:0.004563907212718688
GMEAN:0.3323789325503253
SAMPLES:2250.0
AUC:{'AUC macro OVO': 0.5011826685302656}
AVGP:{'avg_precision': 0.8837989825708342}


METRICS_PER_CLASSES
CLASS:0
ACC:0.8622222222222222
PREC:0.030534351145038167
REC:0.125
TNR:0.8838060384263495
FPR:0.9694656488549618
FPDR:0.9694656488549618
F1:0.049079754601226995
BACC:0
CLSFE:0.9694656488549618
MCC:0.004563907212718688
GMEAN:0.3323789325503253
SAMPLES:262
AUC:{}
AVGP:{}
CLASS:1
ACC:0.8622222222222222
PREC:0.971830985915493
REC:0.8838060384263495
TNR:0.125
FPR:0.028169014084507043
FPDR:0.028169014084507043
F1:0.9257307139434595
BACC:0
CLSFE:0.028169014084507043
MCC:0.004563907212718688
GMEAN:0.3323789325503253
SAMPLES:1988
AUC:{}
AVGP:{}
