

GENERAL_METRICS
ACC:0.906
PREC:0.544961013883633
REC:0.6261124003632328
TNR:0.6261124003632328
FPR:0.45503898611636695
FPDR:0.45503898611636695
F1:0.5579373755065954
BACC:0.0
CLSFE:0.094
MCC:0.1506006823839732
GMEAN:0.551348774088719
SAMPLES:3000.0
AUC:{'AUC macro OVO': 0.544961013883633}
AVGP:{'avg_precision': 0.9226647495068689}


METRICS_PER_CLASSES
CLASS:0
ACC:0.906
PREC:0.11067193675889328
REC:0.32941176470588235
TNR:0.9228130360205832
FPR:0.8893280632411067
FPDR:0.8893280632411067
F1:0.16568047337278108
BACC:0
CLSFE:0.8893280632411067
MCC:0.1506006823839732
GMEAN:0.551348774088719
SAMPLES:253
AUC:{}
AVGP:{}
CLASS:1
ACC:0.906
PREC:0.9792500910083728
REC:0.9228130360205832
TNR:0.32941176470588235
FPR:0.02074990899162723
FPDR:0.02074990899162723
F1:0.9501942776404098
BACC:0
CLSFE:0.02074990899162723
MCC:0.1506006823839732
GMEAN:0.551348774088719
SAMPLES:2747
AUC:{}
AVGP:{}
