

GENERAL_METRICS
ACC:0.9073333333333333
PREC:0.5549090909090909
REC:0.6381953698144704
TNR:0.6381953698144704
FPR:0.4450909090909091
FPDR:0.4450909090909091
F1:0.5713545607052399
BACC:0.0
CLSFE:0.09266666666666666
MCC:0.1742203446714326
GMEAN:0.5699550936470489
SAMPLES:3000.0
AUC:{'AUC macro OVO': 0.5549090909090909}
AVGP:{'avg_precision': 0.9251348099021878}


METRICS_PER_CLASSES
CLASS:0
ACC:0.9073333333333333
PREC:0.132
REC:0.35106382978723405
TNR:0.9253269098417068
FPR:0.868
FPDR:0.868
F1:0.19186046511627908
BACC:0
CLSFE:0.868
MCC:0.1742203446714326
GMEAN:0.5699550936470489
SAMPLES:250
AUC:{}
AVGP:{}
CLASS:1
ACC:0.9073333333333333
PREC:0.9778181818181818
REC:0.9253269098417068
TNR:0.35106382978723405
FPR:0.02218181818181818
FPDR:0.02218181818181818
F1:0.9508486562942009
BACC:0
CLSFE:0.02218181818181818
MCC:0.1742203446714326
GMEAN:0.5699550936470489
SAMPLES:2750
AUC:{}
AVGP:{}
