

GENERAL_METRICS
ACC:0.9123333333333333
PREC:0.5516618497109826
REC:0.6280536052709791
TNR:0.6280536052709791
FPR:0.44833815028901736
FPDR:0.44833815028901736
F1:0.567187194007106
BACC:0.0
CLSFE:0.08766666666666667
MCC:0.16267127724904382
GMEAN:0.550563255032329
SAMPLES:3000.0
AUC:{'AUC macro OVO': 0.5516618497109826}
AVGP:{'avg_precision': 0.9300998206920927}


METRICS_PER_CLASSES
CLASS:0
ACC:0.9123333333333333
PREC:0.125
REC:0.3258426966292135
TNR:0.9302645139127448
FPR:0.875
FPDR:0.875
F1:0.1806853582554517
BACC:0
CLSFE:0.875
MCC:0.16267127724904382
GMEAN:0.550563255032329
SAMPLES:232
AUC:{}
AVGP:{}
CLASS:1
ACC:0.9123333333333333
PREC:0.9783236994219653
REC:0.9302645139127448
TNR:0.3258426966292135
FPR:0.02167630057803468
FPDR:0.02167630057803468
F1:0.9536890297587604
BACC:0
CLSFE:0.02167630057803468
MCC:0.16267127724904382
GMEAN:0.550563255032329
SAMPLES:2768
AUC:{}
AVGP:{}
