

GENERAL_METRICS
ACC:0.9113333333333333
PREC:0.5623310459555001
REC:0.6722398684777577
TNR:0.6722398684777577
FPR:0.43766895404449985
FPDR:0.43766895404449985
F1:0.5830189428537389
BACC:0.0
CLSFE:0.08866666666666667
MCC:0.2072282910942076
GMEAN:0.6225557142204884
SAMPLES:3000.0
AUC:{'AUC macro OVO': 0.5623310459555002}
AVGP:{'avg_precision': 0.9256954081036286}


METRICS_PER_CLASSES
CLASS:0
ACC:0.9113333333333333
PREC:0.14285714285714285
REC:0.4186046511627907
TNR:0.9258750857927248
FPR:0.8571428571428571
FPDR:0.8571428571428571
F1:0.21301775147928995
BACC:0
CLSFE:0.8571428571428571
MCC:0.2072282910942076
GMEAN:0.6225557142204884
SAMPLES:252
AUC:{}
AVGP:{}
CLASS:1
ACC:0.9113333333333333
PREC:0.9818049490538574
REC:0.9258750857927248
TNR:0.4186046511627907
FPR:0.018195050946142648
FPDR:0.018195050946142648
F1:0.9530201342281879
BACC:0
CLSFE:0.018195050946142648
MCC:0.2072282910942076
GMEAN:0.6225557142204884
SAMPLES:2748
AUC:{}
AVGP:{}
