

GENERAL_METRICS
ACC:0.8912
PREC:0.6872393834408647
REC:0.7027048272144697
TNR:0.7027048272144697
FPR:0.31276061655913534
FPDR:0.31276061655913534
F1:0.6945143766925251
BACC:0.0
CLSFE:0.1088
MCC:0.38963740512494077
GMEAN:0.663174327501182
SAMPLES:2500.0
AUC:{'AUC macro OVO': 0.6872393834408647}
AVGP:{'avg_precision': 0.9329369363547817}


METRICS_PER_CLASSES
CLASS:0
ACC:0.8912
PREC:0.43023255813953487
REC:0.4703389830508475
TNR:0.9350706713780919
FPR:0.5697674418604651
FPDR:0.5697674418604651
F1:0.4493927125506073
BACC:0
CLSFE:0.5697674418604651
MCC:0.38963740512494077
GMEAN:0.663174327501182
SAMPLES:258
AUC:{}
AVGP:{}
CLASS:1
ACC:0.8912
PREC:0.9442462087421944
REC:0.9350706713780919
TNR:0.4703389830508475
FPR:0.05575379125780553
FPDR:0.05575379125780553
F1:0.939636040834443
BACC:0
CLSFE:0.05575379125780553
MCC:0.38963740512494077
GMEAN:0.663174327501182
SAMPLES:2242
AUC:{}
AVGP:{}
