

GENERAL_METRICS
ACC:0.8952
PREC:0.6869135286333545
REC:0.7061294261294261
TNR:0.7061294261294261
FPR:0.31308647136664547
FPDR:0.31308647136664547
F1:0.6958332404579869
BACC:0.0
CLSFE:0.1048
MCC:0.3925729404481131
GMEAN:0.6674237459473978
SAMPLES:2500.0
AUC:{'AUC macro OVO': 0.6869135286333545}
AVGP:{'avg_precision': 0.9347565697086372}


METRICS_PER_CLASSES
CLASS:0
ACC:0.8952
PREC:0.4262948207171315
REC:0.47555555555555556
TNR:0.9367032967032967
FPR:0.5737051792828686
FPDR:0.5737051792828686
F1:0.4495798319327731
BACC:0
CLSFE:0.5737051792828686
MCC:0.3925729404481131
GMEAN:0.6674237459473978
SAMPLES:251
AUC:{}
AVGP:{}
CLASS:1
ACC:0.8952
PREC:0.9475322365495776
REC:0.9367032967032967
TNR:0.47555555555555556
FPR:0.05246776345042241
FPDR:0.05246776345042241
F1:0.9420866489832007
BACC:0
CLSFE:0.05246776345042241
MCC:0.3925729404481131
GMEAN:0.6674237459473978
SAMPLES:2249
AUC:{}
AVGP:{}
