

GENERAL_METRICS
ACC:0.89
PREC:0.6751512750576704
REC:0.6936562326177247
TNR:0.6936562326177247
FPR:0.3248487249423297
FPDR:0.3248487249423297
F1:0.6837101284987985
BACC:0.0
CLSFE:0.11
MCC:0.3683429709705848
GMEAN:0.6508466228161107
SAMPLES:2500.0
AUC:{'AUC macro OVO': 0.6751512750576703}
AVGP:{'avg_precision': 0.9316263741102626}


METRICS_PER_CLASSES
CLASS:0
ACC:0.89
PREC:0.40551181102362205
REC:0.45374449339207046
TNR:0.9335679718433788
FPR:0.594488188976378
FPDR:0.594488188976378
F1:0.4282744282744283
BACC:0
CLSFE:0.594488188976378
MCC:0.3683429709705848
GMEAN:0.6508466228161107
SAMPLES:254
AUC:{}
AVGP:{}
CLASS:1
ACC:0.89
PREC:0.9447907390917186
REC:0.9335679718433788
TNR:0.45374449339207046
FPR:0.05520926090828139
FPDR:0.05520926090828139
F1:0.9391458287231689
BACC:0
CLSFE:0.05520926090828139
MCC:0.3683429709705848
GMEAN:0.6508466228161107
SAMPLES:2246
AUC:{}
AVGP:{}
