

GENERAL_METRICS
ACC:0.8912
PREC:0.6718602140049523
REC:0.702723597174871
TNR:0.702723597174871
FPR:0.32813978599504773
FPDR:0.32813978599504773
F1:0.6854059835781924
BACC:0.0
CLSFE:0.1088
MCC:0.37331017020342244
GMEAN:0.6646840491817917
SAMPLES:2500.0
AUC:{'AUC macro OVO': 0.6718602140049522}
AVGP:{'avg_precision': 0.9290009535497141}


METRICS_PER_CLASSES
CLASS:0
ACC:0.8912
PREC:0.3946360153256705
REC:0.47465437788018433
TNR:0.9307928164695576
FPR:0.6053639846743295
FPDR:0.6053639846743295
F1:0.4309623430962343
BACC:0
CLSFE:0.6053639846743295
MCC:0.37331017020342244
GMEAN:0.6646840491817917
SAMPLES:261
AUC:{}
AVGP:{}
CLASS:1
ACC:0.8912
PREC:0.949084412684234
REC:0.9307928164695576
TNR:0.47465437788018433
FPR:0.05091558731576597
FPDR:0.05091558731576597
F1:0.9398496240601504
BACC:0
CLSFE:0.05091558731576597
MCC:0.37331017020342244
GMEAN:0.6646840491817917
SAMPLES:2239
AUC:{}
AVGP:{}
