

GENERAL_METRICS
ACC:0.8897777777777778
PREC:0.6278902614582924
REC:0.6977981082833677
TNR:0.6977981082833677
FPR:0.3721097385417076
FPDR:0.3721097385417076
F1:0.6518809657495789
BACC:0.0
CLSFE:0.11022222222222222
MCC:0.31809716618866973
GMEAN:0.6617807814974022
SAMPLES:2250.0
AUC:{'AUC macro OVO': 0.6278902614582924}
AVGP:{'avg_precision': 0.9180690333132824}


METRICS_PER_CLASSES
CLASS:0
ACC:0.8897777777777778
PREC:0.2946058091286307
REC:0.47651006711409394
TNR:0.9190861494526416
FPR:0.7053941908713693
FPDR:0.7053941908713693
F1:0.3641025641025641
BACC:0
CLSFE:0.7053941908713693
MCC:0.31809716618866973
GMEAN:0.6617807814974022
SAMPLES:241
AUC:{}
AVGP:{}
CLASS:1
ACC:0.8897777777777778
PREC:0.9611747137879542
REC:0.9190861494526416
TNR:0.47651006711409394
FPR:0.03882528621204579
FPDR:0.03882528621204579
F1:0.9396593673965937
BACC:0
CLSFE:0.03882528621204579
MCC:0.31809716618866973
GMEAN:0.6617807814974022
SAMPLES:2009
AUC:{}
AVGP:{}
