

GENERAL_METRICS
ACC:0.8826666666666667
PREC:0.6543646434129817
REC:0.7087778855480116
TNR:0.7087778855480116
FPR:0.3456353565870182
FPDR:0.3456353565870182
F1:0.6753559061177377
BACC:0.0
CLSFE:0.11733333333333333
MCC:0.3590427487368887
GMEAN:0.677331444381561
SAMPLES:2250.0
AUC:{'AUC macro OVO': 0.6543646434129817}
AVGP:{'avg_precision': 0.9159044237564666}


METRICS_PER_CLASSES
CLASS:0
ACC:0.8826666666666667
PREC:0.3560606060606061
REC:0.5
TNR:0.9175557710960233
FPR:0.6439393939393939
FPDR:0.6439393939393939
F1:0.415929203539823
BACC:0
CLSFE:0.6439393939393939
MCC:0.3590427487368887
GMEAN:0.677331444381561
SAMPLES:264
AUC:{}
AVGP:{}
CLASS:1
ACC:0.8826666666666667
PREC:0.9526686807653575
REC:0.9175557710960233
TNR:0.5
FPR:0.0473313192346425
FPDR:0.0473313192346425
F1:0.9347826086956522
BACC:0
CLSFE:0.0473313192346425
MCC:0.3590427487368887
GMEAN:0.677331444381561
SAMPLES:1986
AUC:{}
AVGP:{}
