

GENERAL_METRICS
ACC:0.8977777777777778
PREC:0.666070546523728
REC:0.752911583598203
TNR:0.752911583598203
FPR:0.333929453476272
FPDR:0.333929453476272
F1:0.6967079182969227
BACC:0.0
CLSFE:0.10222222222222223
MCC:0.40988371477937535
GMEAN:0.7336854562333494
SAMPLES:2250.0
AUC:{'AUC macro OVO': 0.666070546523728}
AVGP:{'avg_precision': 0.9207554624794033}


METRICS_PER_CLASSES
CLASS:0
ACC:0.8977777777777778
PREC:0.3657587548638132
REC:0.5838509316770186
TNR:0.9219722355193872
FPR:0.6342412451361867
FPDR:0.6342412451361867
F1:0.44976076555023925
BACC:0
CLSFE:0.6342412451361867
MCC:0.40988371477937535
GMEAN:0.7336854562333494
SAMPLES:257
AUC:{}
AVGP:{}
CLASS:1
ACC:0.8977777777777778
PREC:0.9663823381836427
REC:0.9219722355193872
TNR:0.5838509316770186
FPR:0.03361766181635725
FPDR:0.03361766181635725
F1:0.9436550710436061
BACC:0
CLSFE:0.03361766181635725
MCC:0.40988371477937535
GMEAN:0.7336854562333494
SAMPLES:1993
AUC:{}
AVGP:{}
