

GENERAL_METRICS
ACC:0.8933333333333333
PREC:0.6553107028347498
REC:0.7193189233630675
TNR:0.7193189233630675
FPR:0.34468929716525015
FPDR:0.34468929716525015
F1:0.6793836566412707
BACC:0.0
CLSFE:0.10666666666666667
MCC:0.36912098901297197
GMEAN:0.6896819959238308
SAMPLES:2250.0
AUC:{'AUC macro OVO': 0.6553107028347498}
AVGP:{'avg_precision': 0.9223525296216971}


METRICS_PER_CLASSES
CLASS:0
ACC:0.8933333333333333
PREC:0.3510204081632653
REC:0.5149700598802395
TNR:0.9236677868458953
FPR:0.6489795918367347
FPDR:0.6489795918367347
F1:0.4174757281553398
BACC:0
CLSFE:0.6489795918367347
MCC:0.36912098901297197
GMEAN:0.6896819959238308
SAMPLES:245
AUC:{}
AVGP:{}
CLASS:1
ACC:0.8933333333333333
PREC:0.9596009975062344
REC:0.9236677868458953
TNR:0.5149700598802395
FPR:0.04039900249376559
FPDR:0.04039900249376559
F1:0.9412915851272016
BACC:0
CLSFE:0.04039900249376559
MCC:0.36912098901297197
GMEAN:0.6896819959238308
SAMPLES:2005
AUC:{}
AVGP:{}
