

GENERAL_METRICS
ACC:0.74
PREC:0.673782681698249
REC:0.6574408818822972
TNR:0.6574408818822972
FPR:0.326217318301751
FPDR:0.326217318301751
F1:0.6638325161877573
BACC:0.0
CLSFE:0.26
MCC:0.3308201847677548
GMEAN:0.6295815304273342
SAMPLES:1000.0
AUC:{'AUC macro OVO': 0.673782681698249}
AVGP:{'avg_precision': 0.829224759482879}


METRICS_PER_CLASSES
CLASS:0
ACC:0.74
PREC:0.5454545454545454
REC:0.46808510638297873
TNR:0.8467966573816156
FPR:0.45454545454545453
FPDR:0.45454545454545453
F1:0.5038167938931297
BACC:0
CLSFE:0.45454545454545453
MCC:0.3308201847677548
GMEAN:0.6295815304273342
SAMPLES:242
AUC:{}
AVGP:{}
CLASS:1
ACC:0.74
PREC:0.8021108179419525
REC:0.8467966573816156
TNR:0.46808510638297873
FPR:0.19788918205804748
FPDR:0.19788918205804748
F1:0.8238482384823849
BACC:0
CLSFE:0.19788918205804748
MCC:0.3308201847677548
GMEAN:0.6295815304273342
SAMPLES:758
AUC:{}
AVGP:{}
