

GENERAL_METRICS
ACC:0.745
PREC:0.676133915605934
REC:0.6664605578009692
TNR:0.6664605578009692
FPR:0.32386608439406595
FPDR:0.32386608439406595
F1:0.6707021791767553
BACC:0.0
CLSFE:0.255
MCC:0.3424578796841014
GMEAN:0.6434105977690997
SAMPLES:1000.0
AUC:{'AUC macro OVO': 0.676133915605934}
AVGP:{'avg_precision': 0.8232916358634286}


METRICS_PER_CLASSES
CLASS:0
ACC:0.745
PREC:0.5378486055776892
REC:0.4927007299270073
TNR:0.8402203856749312
FPR:0.46215139442231074
FPDR:0.46215139442231074
F1:0.5142857142857142
BACC:0
CLSFE:0.46215139442231074
MCC:0.3424578796841014
GMEAN:0.6434105977690997
SAMPLES:251
AUC:{}
AVGP:{}
CLASS:1
ACC:0.745
PREC:0.8144192256341789
REC:0.8402203856749312
TNR:0.4927007299270073
FPR:0.1855807743658211
FPDR:0.1855807743658211
F1:0.8271186440677966
BACC:0
CLSFE:0.1855807743658211
MCC:0.3424578796841014
GMEAN:0.6434105977690997
SAMPLES:749
AUC:{}
AVGP:{}
