

GENERAL_METRICS
ACC:0.746
PREC:0.689546346921112
REC:0.673728813559322
TNR:0.673728813559322
FPR:0.31045365307888795
FPDR:0.31045365307888795
F1:0.680054012928841
BACC:0.0
CLSFE:0.254
MCC:0.3629306378089811
GMEAN:0.6509445549041193
SAMPLES:1000.0
AUC:{'AUC macro OVO': 0.689546346921112}
AVGP:{'avg_precision': 0.8276013086745126}


METRICS_PER_CLASSES
CLASS:0
ACC:0.746
PREC:0.5748031496062992
REC:0.5
TNR:0.847457627118644
FPR:0.4251968503937008
FPDR:0.4251968503937008
F1:0.5347985347985348
BACC:0
CLSFE:0.4251968503937008
MCC:0.3629306378089811
GMEAN:0.6509445549041193
SAMPLES:254
AUC:{}
AVGP:{}
CLASS:1
ACC:0.746
PREC:0.8042895442359249
REC:0.847457627118644
TNR:0.5
FPR:0.19571045576407506
FPDR:0.19571045576407506
F1:0.8253094910591472
BACC:0
CLSFE:0.19571045576407506
MCC:0.3629306378089811
GMEAN:0.6509445549041193
SAMPLES:746
AUC:{}
AVGP:{}
