

GENERAL_METRICS
ACC:0.754
PREC:0.6804796599878566
REC:0.6713397562582345
TNR:0.6713397562582345
FPR:0.3195203400121433
FPDR:0.3195203400121433
F1:0.6754343374638492
BACC:0.0
CLSFE:0.246
MCC:0.35170067359553586
GMEAN:0.6480951934523361
SAMPLES:1000.0
AUC:{'AUC macro OVO': 0.6804796599878566}
AVGP:{'avg_precision': 0.8305518317230274}


METRICS_PER_CLASSES
CLASS:0
ACC:0.754
PREC:0.5368852459016393
REC:0.4962121212121212
TNR:0.8464673913043478
FPR:0.46311475409836067
FPDR:0.46311475409836067
F1:0.515748031496063
BACC:0
CLSFE:0.46311475409836067
MCC:0.35170067359553586
GMEAN:0.6480951934523361
SAMPLES:244
AUC:{}
AVGP:{}
CLASS:1
ACC:0.754
PREC:0.8240740740740741
REC:0.8464673913043478
TNR:0.4962121212121212
FPR:0.17592592592592593
FPDR:0.17592592592592593
F1:0.8351206434316354
BACC:0
CLSFE:0.17592592592592593
MCC:0.35170067359553586
GMEAN:0.6480951934523361
SAMPLES:756
AUC:{}
AVGP:{}
