

GENERAL_METRICS
ACC:0.778
PREC:0.6544641551223386
REC:0.7095676824946846
TNR:0.7095676824946846
FPR:0.3455358448776614
FPDR:0.3455358448776614
F1:0.6700435185845759
BACC:0.0
CLSFE:0.222
MCC:0.3598371577115846
GMEAN:0.7019513148903263
SAMPLES:1000.0
AUC:{'AUC macro OVO': 0.6544641551223386}
AVGP:{'avg_precision': 0.806819114733868}


METRICS_PER_CLASSES
CLASS:0
ACC:0.778
PREC:0.3992248062015504
REC:0.6058823529411764
TNR:0.8132530120481928
FPR:0.6007751937984496
FPDR:0.6007751937984496
F1:0.48130841121495327
BACC:0
CLSFE:0.6007751937984496
MCC:0.3598371577115846
GMEAN:0.7019513148903263
SAMPLES:258
AUC:{}
AVGP:{}
CLASS:1
ACC:0.778
PREC:0.9097035040431267
REC:0.8132530120481928
TNR:0.6058823529411764
FPR:0.09029649595687332
FPDR:0.09029649595687332
F1:0.8587786259541985
BACC:0
CLSFE:0.09029649595687332
MCC:0.3598371577115846
GMEAN:0.7019513148903263
SAMPLES:742
AUC:{}
AVGP:{}
