

GENERAL_METRICS
ACC:0.799
PREC:0.668201754385965
REC:0.7271263482850776
TNR:0.7271263482850776
FPR:0.3317982456140351
FPDR:0.3317982456140351
F1:0.6865247762395138
BACC:0.0
CLSFE:0.201
MCC:0.39091201183298396
GMEAN:0.719357323656338
SAMPLES:1000.0
AUC:{'AUC macro OVO': 0.6682017543859649}
AVGP:{'avg_precision': 0.8272646634464588}


METRICS_PER_CLASSES
CLASS:0
ACC:0.799
PREC:0.4166666666666667
REC:0.6211180124223602
TNR:0.833134684147795
FPR:0.5833333333333334
FPDR:0.5833333333333334
F1:0.49875311720698257
BACC:0
CLSFE:0.5833333333333334
MCC:0.39091201183298396
GMEAN:0.719357323656338
SAMPLES:240
AUC:{}
AVGP:{}
CLASS:1
ACC:0.799
PREC:0.9197368421052632
REC:0.833134684147795
TNR:0.6211180124223602
FPR:0.08026315789473684
FPDR:0.08026315789473684
F1:0.874296435272045
BACC:0
CLSFE:0.08026315789473684
MCC:0.39091201183298396
GMEAN:0.719357323656338
SAMPLES:760
AUC:{}
AVGP:{}
