

GENERAL_METRICS
ACC:0.794
PREC:0.6669092833983987
REC:0.7145287030474841
TNR:0.7145287030474841
FPR:0.3330907166016013
FPDR:0.3330907166016013
F1:0.6828505271455316
BACC:0.0
CLSFE:0.206
MCC:0.37845386558492666
GMEAN:0.7043099069830093
SAMPLES:1000.0
AUC:{'AUC macro OVO': 0.6669092833983988}
AVGP:{'avg_precision': 0.8283349777061}


METRICS_PER_CLASSES
CLASS:0
ACC:0.794
PREC:0.42436974789915966
REC:0.5941176470588235
TNR:0.8349397590361446
FPR:0.5756302521008403
FPDR:0.5756302521008403
F1:0.4950980392156863
BACC:0
CLSFE:0.5756302521008403
MCC:0.37845386558492666
GMEAN:0.7043099069830093
SAMPLES:238
AUC:{}
AVGP:{}
CLASS:1
ACC:0.794
PREC:0.9094488188976378
REC:0.8349397590361446
TNR:0.5941176470588235
FPR:0.09055118110236221
FPDR:0.09055118110236221
F1:0.8706030150753769
BACC:0
CLSFE:0.09055118110236221
MCC:0.37845386558492666
GMEAN:0.7043099069830093
SAMPLES:762
AUC:{}
AVGP:{}
