

GENERAL_METRICS
ACC:0.802
PREC:0.6792704414495928
REC:0.7483343228445148
TNR:0.7483343228445148
FPR:0.3207295585504072
FPDR:0.3207295585504072
F1:0.6995192307692308
BACC:0.0
CLSFE:0.198
MCC:0.4219905386779276
GMEAN:0.7440863456226485
SAMPLES:1000.0
AUC:{'AUC macro OVO': 0.6792704414495928}
AVGP:{'avg_precision': 0.8221046767716026}


METRICS_PER_CLASSES
CLASS:0
ACC:0.802
PREC:0.4308300395256917
REC:0.6687116564417178
TNR:0.8279569892473119
FPR:0.5691699604743083
FPDR:0.5691699604743083
F1:0.5240384615384616
BACC:0
CLSFE:0.5691699604743083
MCC:0.4219905386779276
GMEAN:0.7440863456226485
SAMPLES:253
AUC:{}
AVGP:{}
CLASS:1
ACC:0.802
PREC:0.927710843373494
REC:0.8279569892473119
TNR:0.6687116564417178
FPR:0.07228915662650602
FPDR:0.07228915662650602
F1:0.875
BACC:0
CLSFE:0.07228915662650602
MCC:0.4219905386779276
GMEAN:0.7440863456226485
SAMPLES:747
AUC:{}
AVGP:{}
