

GENERAL_METRICS
ACC:0.8208
PREC:0.6637003773496185
REC:0.7264198494382388
TNR:0.7264198494382388
FPR:0.33629962265038144
FPDR:0.33629962265038144
F1:0.6842637029552917
BACC:0.0
CLSFE:0.1792
MCC:0.38504552869749575
GMEAN:0.7147057793296959
SAMPLES:1250.0
AUC:{'AUC macro OVO': 0.6637003773496186}
AVGP:{'avg_precision': 0.8520438942850184}


METRICS_PER_CLASSES
CLASS:0
ACC:0.8208
PREC:0.3968871595330739
REC:0.5964912280701754
TNR:0.8563484708063022
FPR:0.603112840466926
FPDR:0.603112840466926
F1:0.4766355140186916
BACC:0
CLSFE:0.603112840466926
MCC:0.38504552869749575
GMEAN:0.7147057793296959
SAMPLES:257
AUC:{}
AVGP:{}
CLASS:1
ACC:0.8208
PREC:0.9305135951661632
REC:0.8563484708063022
TNR:0.5964912280701754
FPR:0.06948640483383686
FPDR:0.06948640483383686
F1:0.8918918918918919
BACC:0
CLSFE:0.06948640483383686
MCC:0.38504552869749575
GMEAN:0.7147057793296959
SAMPLES:993
AUC:{}
AVGP:{}
