

GENERAL_METRICS
ACC:0.8184
PREC:0.6586557010864047
REC:0.7066668782800067
TNR:0.7066668782800067
FPR:0.3413442989135953
FPDR:0.3413442989135953
F1:0.6758102458815047
BACC:0.0
CLSFE:0.1816
MCC:0.36215399191423053
GMEAN:0.689339057266229
SAMPLES:1250.0
AUC:{'AUC macro OVO': 0.6586557010864047}
AVGP:{'avg_precision': 0.8576226724848756}


METRICS_PER_CLASSES
CLASS:0
ACC:0.8184
PREC:0.39591836734693875
REC:0.5511363636363636
TNR:0.8621973929236499
FPR:0.6040816326530613
FPDR:0.6040816326530613
F1:0.46080760095011875
BACC:0
CLSFE:0.6040816326530613
MCC:0.36215399191423053
GMEAN:0.689339057266229
SAMPLES:245
AUC:{}
AVGP:{}
CLASS:1
ACC:0.8184
PREC:0.9213930348258706
REC:0.8621973929236499
TNR:0.5511363636363636
FPR:0.07860696517412935
FPDR:0.07860696517412935
F1:0.8908128908128908
BACC:0
CLSFE:0.07860696517412935
MCC:0.36215399191423053
GMEAN:0.689339057266229
SAMPLES:1005
AUC:{}
AVGP:{}
