

GENERAL_METRICS
ACC:0.8232
PREC:0.6492528384958665
REC:0.7268181818181818
TNR:0.7268181818181818
FPR:0.3507471615041336
FPDR:0.3507471615041336
F1:0.6717947864973108
BACC:0.0
CLSFE:0.1768
MCC:0.36798509458311024
GMEAN:0.7156687908396021
SAMPLES:1250.0
AUC:{'AUC macro OVO': 0.6492528384958665}
AVGP:{'avg_precision': 0.8503669123669124}


METRICS_PER_CLASSES
CLASS:0
ACC:0.8232
PREC:0.35856573705179284
REC:0.6
TNR:0.8536363636363636
FPR:0.6414342629482072
FPDR:0.6414342629482072
F1:0.4488778054862843
BACC:0
CLSFE:0.6414342629482072
MCC:0.36798509458311024
GMEAN:0.7156687908396021
SAMPLES:251
AUC:{}
AVGP:{}
CLASS:1
ACC:0.8232
PREC:0.93993993993994
REC:0.8536363636363636
TNR:0.6
FPR:0.06006006006006006
FPDR:0.06006006006006006
F1:0.8947117675083373
BACC:0
CLSFE:0.06006006006006006
MCC:0.36798509458311024
GMEAN:0.7156687908396021
SAMPLES:999
AUC:{}
AVGP:{}
