

GENERAL_METRICS
ACC:0.7976
PREC:0.6380085151222838
REC:0.6832736551837675
TNR:0.6832736551837675
FPR:0.3619914848777162
FPDR:0.3619914848777162
F1:0.6529496263927282
BACC:0.0
CLSFE:0.2024
MCC:0.3180775063593477
GMEAN:0.6639628051155755
SAMPLES:1250.0
AUC:{'AUC macro OVO': 0.6380085151222838}
AVGP:{'avg_precision': 0.8398745178233982}


METRICS_PER_CLASSES
CLASS:0
ACC:0.7976
PREC:0.36398467432950193
REC:0.521978021978022
TNR:0.8445692883895131
FPR:0.6360153256704981
FPDR:0.6360153256704981
F1:0.4288939051918736
BACC:0
CLSFE:0.6360153256704981
MCC:0.3180775063593477
GMEAN:0.6639628051155755
SAMPLES:261
AUC:{}
AVGP:{}
CLASS:1
ACC:0.7976
PREC:0.9120323559150657
REC:0.8445692883895131
TNR:0.521978021978022
FPR:0.08796764408493428
FPDR:0.08796764408493428
F1:0.8770053475935828
BACC:0
CLSFE:0.08796764408493428
MCC:0.3180775063593477
GMEAN:0.6639628051155755
SAMPLES:989
AUC:{}
AVGP:{}
