

GENERAL_METRICS
ACC:0.806
PREC:0.8078831532613046
REC:0.8175979129515885
TNR:0.8175979129515885
FPR:0.19211684673869547
FPDR:0.19211684673869547
F1:0.8048124791229843
BACC:0.0
CLSFE:0.194
MCC:0.6254056184868964
GMEAN:0.8149379743195059
SAMPLES:500.0
AUC:{'AUC macro OVO': 0.8078831532613047}
AVGP:{'avg_precision': 0.7765730059013898}


METRICS_PER_CLASSES
CLASS:0
ACC:0.806
PREC:0.9020408163265307
REC:0.7517006802721088
TNR:0.883495145631068
FPR:0.09795918367346938
FPDR:0.09795918367346938
F1:0.8200371057513914
BACC:0
CLSFE:0.09795918367346938
MCC:0.6254056184868964
GMEAN:0.8149379743195059
SAMPLES:245
AUC:{}
AVGP:{}
CLASS:1
ACC:0.806
PREC:0.7137254901960784
REC:0.883495145631068
TNR:0.7517006802721088
FPR:0.28627450980392155
FPDR:0.28627450980392155
F1:0.789587852494577
BACC:0
CLSFE:0.28627450980392155
MCC:0.6254056184868964
GMEAN:0.8149379743195059
SAMPLES:255
AUC:{}
AVGP:{}
