

GENERAL_METRICS
ACC:0.802
PREC:0.8052884615384615
REC:0.8108935128518973
TNR:0.8108935128518973
FPR:0.19471153846153846
FPDR:0.19471153846153846
F1:0.8015037593984962
BACC:0.0
CLSFE:0.198
MCC:0.6161564809067372
GMEAN:0.8084014175502074
SAMPLES:500.0
AUC:{'AUC macro OVO': 0.8052884615384615}
AVGP:{'avg_precision': 0.7762719141323793}


METRICS_PER_CLASSES
CLASS:0
ACC:0.802
PREC:0.8875
REC:0.7473684210526316
TNR:0.8744186046511628
FPR:0.1125
FPDR:0.1125
F1:0.8114285714285714
BACC:0
CLSFE:0.1125
MCC:0.6161564809067372
GMEAN:0.8084014175502074
SAMPLES:240
AUC:{}
AVGP:{}
CLASS:1
ACC:0.802
PREC:0.7230769230769231
REC:0.8744186046511628
TNR:0.7473684210526316
FPR:0.27692307692307694
FPDR:0.27692307692307694
F1:0.791578947368421
BACC:0
CLSFE:0.27692307692307694
MCC:0.6161564809067372
GMEAN:0.8084014175502074
SAMPLES:260
AUC:{}
AVGP:{}
