

GENERAL_METRICS
ACC:0.776
PREC:0.7815050446629395
REC:0.7856351069379239
TNR:0.7856351069379239
FPR:0.2184949553370606
FPDR:0.2184949553370606
F1:0.775709319277784
BACC:0.0
CLSFE:0.224
MCC:0.56712511330698
GMEAN:0.7824342224541287
SAMPLES:500.0
AUC:{'AUC macro OVO': 0.7815050446629395}
AVGP:{'avg_precision': 0.7576732108047898}


METRICS_PER_CLASSES
CLASS:0
ACC:0.776
PREC:0.8675213675213675
REC:0.7147887323943662
TNR:0.8564814814814815
FPR:0.13247863247863248
FPDR:0.13247863247863248
F1:0.7837837837837838
BACC:0
CLSFE:0.13247863247863248
MCC:0.56712511330698
GMEAN:0.7824342224541287
SAMPLES:234
AUC:{}
AVGP:{}
CLASS:1
ACC:0.776
PREC:0.6954887218045113
REC:0.8564814814814815
TNR:0.7147887323943662
FPR:0.30451127819548873
FPDR:0.30451127819548873
F1:0.7676348547717843
BACC:0
CLSFE:0.30451127819548873
MCC:0.56712511330698
GMEAN:0.7824342224541287
SAMPLES:266
AUC:{}
AVGP:{}
