

GENERAL_METRICS
ACC:0.78
PREC:0.7744593533080043
REC:0.796515353573841
TNR:0.796515353573841
FPR:0.2255406466919957
FPDR:0.2255406466919957
F1:0.7742200328407225
BACC:0.0
CLSFE:0.22
MCC:0.5705485507396215
GMEAN:0.7942644986409859
SAMPLES:500.0
AUC:{'AUC macro OVO': 0.7744593533080043}
AVGP:{'avg_precision': 0.7233757599574655}


METRICS_PER_CLASSES
CLASS:0
ACC:0.78
PREC:0.9003831417624522
REC:0.7366771159874608
TNR:0.856353591160221
FPR:0.09961685823754789
FPDR:0.09961685823754789
F1:0.8103448275862069
BACC:0
CLSFE:0.09961685823754789
MCC:0.5705485507396215
GMEAN:0.7942644986409859
SAMPLES:261
AUC:{}
AVGP:{}
CLASS:1
ACC:0.78
PREC:0.6485355648535565
REC:0.856353591160221
TNR:0.7366771159874608
FPR:0.3514644351464435
FPDR:0.3514644351464435
F1:0.7380952380952381
BACC:0
CLSFE:0.3514644351464435
MCC:0.5705485507396215
GMEAN:0.7942644986409859
SAMPLES:239
AUC:{}
AVGP:{}
