

GENERAL_METRICS
ACC:0.828
PREC:0.8003314264001182
REC:0.7730919840294841
TNR:0.7730919840294841
FPR:0.19966857359988177
FPDR:0.19966857359988177
F1:0.7843260188087775
BACC:0.0
CLSFE:0.172
MCC:0.5727760648002437
GMEAN:0.7612882837954529
SAMPLES:1000.0
AUC:{'AUC macro OVO': 0.8003314264001182}
AVGP:{'avg_precision': 0.8844817968559591}


METRICS_PER_CLASSES
CLASS:0
ACC:0.828
PREC:0.7440944881889764
REC:0.6385135135135135
TNR:0.9076704545454546
FPR:0.2559055118110236
FPDR:0.2559055118110236
F1:0.6872727272727273
BACC:0
CLSFE:0.2559055118110236
MCC:0.5727760648002437
GMEAN:0.7612882837954529
SAMPLES:254
AUC:{}
AVGP:{}
CLASS:1
ACC:0.828
PREC:0.8565683646112601
REC:0.9076704545454546
TNR:0.6385135135135135
FPR:0.14343163538873996
FPDR:0.14343163538873996
F1:0.8813793103448276
BACC:0
CLSFE:0.14343163538873996
MCC:0.5727760648002437
GMEAN:0.7612882837954529
SAMPLES:746
AUC:{}
AVGP:{}
