

GENERAL_METRICS
ACC:0.828
PREC:0.793170848044629
REC:0.7763339865416286
TNR:0.7763339865416286
FPR:0.20682915195537097
FPDR:0.20682915195537097
F1:0.7838370432929159
BACC:0.0
CLSFE:0.172
MCC:0.569255897388731
GMEAN:0.766801931813576
SAMPLES:1000.0
AUC:{'AUC macro OVO': 0.7931708480446291}
AVGP:{'avg_precision': 0.8763667838916545}


METRICS_PER_CLASSES
CLASS:0
ACC:0.828
PREC:0.7203065134099617
REC:0.6550522648083623
TNR:0.8976157082748948
FPR:0.2796934865900383
FPDR:0.2796934865900383
F1:0.6861313868613139
BACC:0
CLSFE:0.2796934865900383
MCC:0.569255897388731
GMEAN:0.766801931813576
SAMPLES:261
AUC:{}
AVGP:{}
CLASS:1
ACC:0.828
PREC:0.8660351826792964
REC:0.8976157082748948
TNR:0.6550522648083623
FPR:0.13396481732070364
FPDR:0.13396481732070364
F1:0.8815426997245179
BACC:0
CLSFE:0.13396481732070364
MCC:0.569255897388731
GMEAN:0.766801931813576
SAMPLES:739
AUC:{}
AVGP:{}
