

GENERAL_METRICS
ACC:0.81
PREC:0.7715815666978351
REC:0.7576180574741056
TNR:0.7576180574741056
FPR:0.22841843330216494
FPDR:0.22841843330216494
F1:0.7638683827221253
BACC:0.0
CLSFE:0.19
MCC:0.5290153708862173
GMEAN:0.7471821119250054
SAMPLES:1000.0
AUC:{'AUC macro OVO': 0.7715815666978351}
AVGP:{'avg_precision': 0.8610470697348647}


METRICS_PER_CLASSES
CLASS:0
ACC:0.81
PREC:0.6891385767790262
REC:0.6323024054982818
TNR:0.8829337094499294
FPR:0.31086142322097376
FPDR:0.31086142322097376
F1:0.6594982078853047
BACC:0
CLSFE:0.31086142322097376
MCC:0.5290153708862173
GMEAN:0.7471821119250054
SAMPLES:267
AUC:{}
AVGP:{}
CLASS:1
ACC:0.81
PREC:0.8540245566166439
REC:0.8829337094499294
TNR:0.6323024054982818
FPR:0.14597544338335608
FPDR:0.14597544338335608
F1:0.8682385575589459
BACC:0
CLSFE:0.14597544338335608
MCC:0.5290153708862173
GMEAN:0.7471821119250054
SAMPLES:733
AUC:{}
AVGP:{}
