

GENERAL_METRICS
ACC:0.814
PREC:0.7840807840807841
REC:0.7591290833131337
TNR:0.7591290833131337
FPR:0.21591921591921592
FPDR:0.21591921591921592
F1:0.7693452380952381
BACC:0.0
CLSFE:0.186
MCC:0.5426365014104002
GMEAN:0.7465050293780255
SAMPLES:1000.0
AUC:{'AUC macro OVO': 0.7840807840807842}
AVGP:{'avg_precision': 0.8729963684384285}


METRICS_PER_CLASSES
CLASS:0
ACC:0.814
PREC:0.722007722007722
REC:0.6212624584717608
TNR:0.8969957081545065
FPR:0.277992277992278
FPDR:0.277992277992278
F1:0.6678571428571428
BACC:0
CLSFE:0.277992277992278
MCC:0.5426365014104002
GMEAN:0.7465050293780255
SAMPLES:259
AUC:{}
AVGP:{}
CLASS:1
ACC:0.814
PREC:0.8461538461538461
REC:0.8969957081545065
TNR:0.6212624584717608
FPR:0.15384615384615385
FPDR:0.15384615384615385
F1:0.8708333333333333
BACC:0
CLSFE:0.15384615384615385
MCC:0.5426365014104002
GMEAN:0.7465050293780255
SAMPLES:741
AUC:{}
AVGP:{}
