

GENERAL_METRICS
ACC:0.9112727272727272
PREC:0.6220462543991956
REC:0.6993419446478905
TNR:0.6993419446478905
FPR:0.3779537456008044
FPDR:0.3779537456008044
F1:0.6482520591146226
BACC:0.0
CLSFE:0.08872727272727272
MCC:0.311954725490266
GMEAN:0.6584710523422836
SAMPLES:2750.0
AUC:{'AUC macro OVO': 0.6220462543991956}
AVGP:{'avg_precision': 0.9343273415171441}


METRICS_PER_CLASSES
CLASS:0
ACC:0.9112727272727272
PREC:0.27350427350427353
REC:0.463768115942029
TNR:0.9349157733537519
FPR:0.7264957264957265
FPDR:0.7264957264957265
F1:0.34408602150537637
BACC:0
CLSFE:0.7264957264957265
MCC:0.311954725490266
GMEAN:0.6584710523422836
SAMPLES:234
AUC:{}
AVGP:{}
CLASS:1
ACC:0.9112727272727272
PREC:0.9705882352941176
REC:0.9349157733537519
TNR:0.463768115942029
FPR:0.029411764705882353
FPDR:0.029411764705882353
F1:0.9524180967238689
BACC:0
CLSFE:0.029411764705882353
MCC:0.311954725490266
GMEAN:0.6584710523422836
SAMPLES:2516
AUC:{}
AVGP:{}
