

GENERAL_METRICS
ACC:0.904
PREC:0.6249440056583755
REC:0.700061156538087
TNR:0.700061156538087
FPR:0.3750559943416244
FPDR:0.3750559943416244
F1:0.650547571738829
BACC:0.0
CLSFE:0.096
MCC:0.31620526418461725
GMEAN:0.6613832484340701
SAMPLES:2750.0
AUC:{'AUC macro OVO': 0.6249440056583755}
AVGP:{'avg_precision': 0.9288113645991882}


METRICS_PER_CLASSES
CLASS:0
ACC:0.904
PREC:0.2823529411764706
REC:0.47058823529411764
TNR:0.9295340777820562
FPR:0.7176470588235294
FPDR:0.7176470588235294
F1:0.35294117647058826
BACC:0
CLSFE:0.7176470588235294
MCC:0.31620526418461725
GMEAN:0.6613832484340701
SAMPLES:255
AUC:{}
AVGP:{}
CLASS:1
ACC:0.904
PREC:0.9675350701402805
REC:0.9295340777820562
TNR:0.47058823529411764
FPR:0.03246492985971944
FPDR:0.03246492985971944
F1:0.9481539670070699
BACC:0
CLSFE:0.03246492985971944
MCC:0.31620526418461725
GMEAN:0.6613832484340701
SAMPLES:2495
AUC:{}
AVGP:{}
