

GENERAL_METRICS
ACC:0.9
PREC:0.6200779943954683
REC:0.7010187722887897
TNR:0.7010187722887897
FPR:0.37992200560453177
FPDR:0.37992200560453177
F1:0.6463244162657564
BACC:0.0
CLSFE:0.1
MCC:0.3107277329900066
GMEAN:0.664303042286736
SAMPLES:2750.0
AUC:{'AUC macro OVO': 0.6200779943954682}
AVGP:{'avg_precision': 0.924192397605674}


METRICS_PER_CLASSES
CLASS:0
ACC:0.9
PREC:0.27238805970149255
REC:0.477124183006536
TNR:0.9249133615710435
FPR:0.7276119402985075
FPDR:0.7276119402985075
F1:0.34679334916864607
BACC:0
CLSFE:0.7276119402985075
MCC:0.3107277329900066
GMEAN:0.664303042286736
SAMPLES:268
AUC:{}
AVGP:{}
CLASS:1
ACC:0.9
PREC:0.967767929089444
REC:0.9249133615710435
TNR:0.477124183006536
FPR:0.032232070910556
FPDR:0.032232070910556
F1:0.9458554833628667
BACC:0
CLSFE:0.032232070910556
MCC:0.3107277329900066
GMEAN:0.664303042286736
SAMPLES:2482
AUC:{}
AVGP:{}
