

GENERAL_METRICS
ACC:0.9003636363636364
PREC:0.6232826732235623
REC:0.7045559077630679
TNR:0.7045559077630679
FPR:0.3767173267764377
FPDR:0.3767173267764377
F1:0.6498970367396701
BACC:0.0
CLSFE:0.09963636363636363
MCC:0.317604780396665
GMEAN:0.6691017743301163
SAMPLES:2750.0
AUC:{'AUC macro OVO': 0.6232826732235623}
AVGP:{'avg_precision': 0.924497307934063}


METRICS_PER_CLASSES
CLASS:0
ACC:0.9003636363636364
PREC:0.2788104089219331
REC:0.4838709677419355
TNR:0.9252408477842003
FPR:0.7211895910780669
FPDR:0.7211895910780669
F1:0.35377358490566035
BACC:0
CLSFE:0.7211895910780669
MCC:0.317604780396665
GMEAN:0.6691017743301163
SAMPLES:269
AUC:{}
AVGP:{}
CLASS:1
ACC:0.9003636363636364
PREC:0.9677549375251915
REC:0.9252408477842003
TNR:0.4838709677419355
FPR:0.032245062474808545
FPDR:0.032245062474808545
F1:0.94602048857368
BACC:0
CLSFE:0.032245062474808545
MCC:0.317604780396665
GMEAN:0.6691017743301163
SAMPLES:2481
AUC:{}
AVGP:{}
