

GENERAL_METRICS
ACC:0.816
PREC:0.7224281540272992
REC:0.7161387004441773
TNR:0.7161387004441773
FPR:0.2775718459727007
FPDR:0.2775718459727007
F1:0.719168073268317
BACC:0.0
CLSFE:0.184
MCC:0.43852175386704717
GMEAN:0.6950745141990203
SAMPLES:1250.0
AUC:{'AUC macro OVO': 0.7224281540272994}
AVGP:{'avg_precision': 0.8776041843870008}


METRICS_PER_CLASSES
CLASS:0
ACC:0.816
PREC:0.5652173913043478
REC:0.5437262357414449
TNR:0.8885511651469098
FPR:0.43478260869565216
FPDR:0.43478260869565216
F1:0.5542635658914729
BACC:0
CLSFE:0.43478260869565216
MCC:0.43852175386704717
GMEAN:0.6950745141990203
SAMPLES:253
AUC:{}
AVGP:{}
CLASS:1
ACC:0.816
PREC:0.8796389167502507
REC:0.8885511651469098
TNR:0.5437262357414449
FPR:0.12036108324974924
FPDR:0.12036108324974924
F1:0.8840725806451613
BACC:0
CLSFE:0.12036108324974924
MCC:0.43852175386704717
GMEAN:0.6950745141990203
SAMPLES:997
AUC:{}
AVGP:{}
