

GENERAL_METRICS
ACC:0.8112
PREC:0.7047318563377134
REC:0.7145163699185844
TNR:0.7145163699185844
FPR:0.29526814366228654
FPDR:0.29526814366228654
F1:0.7093309685683318
BACC:0.0
CLSFE:0.1888
MCC:0.4191340340667143
GMEAN:0.6964038078513051
SAMPLES:1250.0
AUC:{'AUC macro OVO': 0.7047318563377134}
AVGP:{'avg_precision': 0.8649285860756131}


METRICS_PER_CLASSES
CLASS:0
ACC:0.8112
PREC:0.5209125475285171
REC:0.5546558704453441
TNR:0.8743768693918246
FPR:0.4790874524714829
FPDR:0.4790874524714829
F1:0.5372549019607843
BACC:0
CLSFE:0.4790874524714829
MCC:0.4191340340667143
GMEAN:0.6964038078513051
SAMPLES:263
AUC:{}
AVGP:{}
CLASS:1
ACC:0.8112
PREC:0.8885511651469098
REC:0.8743768693918246
TNR:0.5546558704453441
FPR:0.11144883485309018
FPDR:0.11144883485309018
F1:0.8814070351758794
BACC:0
CLSFE:0.11144883485309018
MCC:0.4191340340667143
GMEAN:0.6964038078513051
SAMPLES:987
AUC:{}
AVGP:{}
