

GENERAL_METRICS
ACC:0.8152
PREC:0.7212550991367043
REC:0.7156321148312088
TNR:0.7156321148312088
FPR:0.27874490086329573
FPDR:0.27874490086329573
F1:0.7183506614735893
BACC:0.0
CLSFE:0.1848
MCC:0.4368510269830497
GMEAN:0.6946781215153992
SAMPLES:1250.0
AUC:{'AUC macro OVO': 0.7212550991367043}
AVGP:{'avg_precision': 0.8766057054967591}


METRICS_PER_CLASSES
CLASS:0
ACC:0.8152
PREC:0.562992125984252
REC:0.5437262357414449
TNR:0.8875379939209727
FPR:0.43700787401574803
FPDR:0.43700787401574803
F1:0.5531914893617021
BACC:0
CLSFE:0.43700787401574803
MCC:0.4368510269830497
GMEAN:0.6946781215153992
SAMPLES:254
AUC:{}
AVGP:{}
CLASS:1
ACC:0.8152
PREC:0.8795180722891566
REC:0.8875379939209727
TNR:0.5437262357414449
FPR:0.12048192771084337
FPDR:0.12048192771084337
F1:0.8835098335854765
BACC:0
CLSFE:0.12048192771084337
MCC:0.4368510269830497
GMEAN:0.6946781215153992
SAMPLES:996
AUC:{}
AVGP:{}
