

GENERAL_METRICS
ACC:0.8392
PREC:0.7603710302903259
REC:0.738586422029627
TNR:0.738586422029627
FPR:0.239628969709674
FPDR:0.239628969709674
F1:0.7483723068325556
BACC:0.0
CLSFE:0.1608
MCC:0.49848166472654326
GMEAN:0.7177512673619894
SAMPLES:1250.0
AUC:{'AUC macro OVO': 0.7603710302903259}
AVGP:{'avg_precision': 0.9013606051219537}


METRICS_PER_CLASSES
CLASS:0
ACC:0.8392
PREC:0.6340425531914894
REC:0.5643939393939394
TNR:0.9127789046653144
FPR:0.3659574468085106
FPDR:0.3659574468085106
F1:0.5971943887775552
BACC:0
CLSFE:0.3659574468085106
MCC:0.49848166472654326
GMEAN:0.7177512673619894
SAMPLES:235
AUC:{}
AVGP:{}
CLASS:1
ACC:0.8392
PREC:0.8866995073891626
REC:0.9127789046653144
TNR:0.5643939393939394
FPR:0.11330049261083744
FPDR:0.11330049261083744
F1:0.8995502248875562
BACC:0
CLSFE:0.11330049261083744
MCC:0.49848166472654326
GMEAN:0.7177512673619894
SAMPLES:1015
AUC:{}
AVGP:{}
