

GENERAL_METRICS
ACC:0.8496
PREC:0.776883115786986
REC:0.7527554019747208
TNR:0.7527554019747208
FPR:0.22311688421301396
FPDR:0.22311688421301396
F1:0.7635776833429915
BACC:0.0
CLSFE:0.1504
MCC:0.5290886626294418
GMEAN:0.7339506071829451
SAMPLES:1250.0
AUC:{'AUC macro OVO': 0.776883115786986}
AVGP:{'avg_precision': 0.9085600802567099}


METRICS_PER_CLASSES
CLASS:0
ACC:0.8496
PREC:0.6609442060085837
REC:0.5855513307984791
TNR:0.9199594731509625
FPR:0.33905579399141633
FPDR:0.33905579399141633
F1:0.6209677419354839
BACC:0
CLSFE:0.33905579399141633
MCC:0.5290886626294418
GMEAN:0.7339506071829451
SAMPLES:233
AUC:{}
AVGP:{}
CLASS:1
ACC:0.8496
PREC:0.8928220255653884
REC:0.9199594731509625
TNR:0.5855513307984791
FPR:0.1071779744346116
FPDR:0.1071779744346116
F1:0.906187624750499
BACC:0
CLSFE:0.1071779744346116
MCC:0.5290886626294418
GMEAN:0.7339506071829451
SAMPLES:1017
AUC:{}
AVGP:{}
