

GENERAL_METRICS
ACC:0.8408
PREC:0.7564374781308649
REC:0.7527145269806936
TNR:0.7527145269806936
FPR:0.2435625218691351
FPDR:0.2435625218691351
F1:0.7545437770556898
BACC:0.0
CLSFE:0.1592
MCC:0.5091383937043581
GMEAN:0.737698105270717
SAMPLES:1250.0
AUC:{'AUC macro OVO': 0.7564374781308649}
AVGP:{'avg_precision': 0.8916955183276927}


METRICS_PER_CLASSES
CLASS:0
ACC:0.8408
PREC:0.6150793650793651
REC:0.603112840466926
TNR:0.9023162134944612
FPR:0.38492063492063494
FPDR:0.38492063492063494
F1:0.6090373280943026
BACC:0
CLSFE:0.38492063492063494
MCC:0.5091383937043581
GMEAN:0.737698105270717
SAMPLES:252
AUC:{}
AVGP:{}
CLASS:1
ACC:0.8408
PREC:0.8977955911823647
REC:0.9023162134944612
TNR:0.603112840466926
FPR:0.10220440881763528
FPDR:0.10220440881763528
F1:0.9000502260170768
BACC:0
CLSFE:0.10220440881763528
MCC:0.5091383937043581
GMEAN:0.737698105270717
SAMPLES:998
AUC:{}
AVGP:{}
