

GENERAL_METRICS
ACC:0.8464
PREC:0.757
REC:0.7601383085544002
TNR:0.7601383085544002
FPR:0.243
FPDR:0.243
F1:0.7585474212864594
BACC:0.0
CLSFE:0.1536
MCC:0.517128785887929
GMEAN:0.7467091667643173
SAMPLES:1250.0
AUC:{'AUC macro OVO': 0.7570000000000001}
AVGP:{'avg_precision': 0.8927657370517927}


METRICS_PER_CLASSES
CLASS:0
ACC:0.8464
PREC:0.608
REC:0.6178861788617886
TNR:0.9023904382470119
FPR:0.392
FPDR:0.392
F1:0.6129032258064516
BACC:0
CLSFE:0.392
MCC:0.517128785887929
GMEAN:0.7467091667643173
SAMPLES:250
AUC:{}
AVGP:{}
CLASS:1
ACC:0.8464
PREC:0.906
REC:0.9023904382470119
TNR:0.6178861788617886
FPR:0.094
FPDR:0.094
F1:0.9041916167664671
BACC:0
CLSFE:0.094
MCC:0.517128785887929
GMEAN:0.7467091667643173
SAMPLES:1000
AUC:{}
AVGP:{}
