

GENERAL_METRICS
ACC:0.8536
PREC:0.7707584296958507
REC:0.7682979670931478
TNR:0.7682979670931478
FPR:0.22924157030414927
FPDR:0.22924157030414927
F1:0.7695156049270762
BACC:0.0
CLSFE:0.1464
MCC:0.5390507815066397
GMEAN:0.7551005304862834
SAMPLES:1250.0
AUC:{'AUC macro OVO': 0.7707584296958507}
AVGP:{'avg_precision': 0.9001887530795898}


METRICS_PER_CLASSES
CLASS:0
ACC:0.8536
PREC:0.6341463414634146
REC:0.6265060240963856
TNR:0.9100899100899101
FPR:0.36585365853658536
FPDR:0.36585365853658536
F1:0.6303030303030303
BACC:0
CLSFE:0.36585365853658536
MCC:0.5390507815066397
GMEAN:0.7551005304862834
SAMPLES:246
AUC:{}
AVGP:{}
CLASS:1
ACC:0.8536
PREC:0.9073705179282868
REC:0.9100899100899101
TNR:0.6265060240963856
FPR:0.09262948207171315
FPDR:0.09262948207171315
F1:0.9087281795511222
BACC:0
CLSFE:0.09262948207171315
MCC:0.5390507815066397
GMEAN:0.7551005304862834
SAMPLES:1004
AUC:{}
AVGP:{}
