

GENERAL_METRICS
ACC:0.8864
PREC:0.5291843600379393
REC:0.5688650039535227
TNR:0.5688650039535227
FPR:0.4708156399620606
FPDR:0.4708156399620606
F1:0.5340363477900197
BACC:0.0
CLSFE:0.1136
MCC:0.08966116370856948
GMEAN:0.4537821309714606
SAMPLES:2500.0
AUC:{'AUC macro OVO': 0.5291843600379393}
AVGP:{'avg_precision': 0.9117608319654353}


METRICS_PER_CLASSES
CLASS:0
ACC:0.8864
PREC:0.09012875536480687
REC:0.22580645161290322
TNR:0.9119235562941421
FPR:0.9098712446351931
FPDR:0.9098712446351931
F1:0.12883435582822086
BACC:0
CLSFE:0.9098712446351931
MCC:0.08966116370856948
GMEAN:0.4537821309714606
SAMPLES:233
AUC:{}
AVGP:{}
CLASS:1
ACC:0.8864
PREC:0.9682399647110719
REC:0.9119235562941421
TNR:0.22580645161290322
FPR:0.031760035288928096
FPDR:0.031760035288928096
F1:0.9392383397518186
BACC:0
CLSFE:0.031760035288928096
MCC:0.08966116370856948
GMEAN:0.4537821309714606
SAMPLES:2267
AUC:{}
AVGP:{}
