

GENERAL_METRICS
ACC:0.8744
PREC:0.5355514144074308
REC:0.579715983869173
TNR:0.579715983869173
FPR:0.4644485855925692
FPDR:0.4644485855925692
F1:0.5417663884186563
BACC:0.0
CLSFE:0.1256
MCC:0.10647095336154434
GMEAN:0.48150599514416265
SAMPLES:2500.0
AUC:{'AUC macro OVO': 0.5355514144074308}
AVGP:{'avg_precision': 0.9022997599491468}


METRICS_PER_CLASSES
CLASS:0
ACC:0.8744
PREC:0.10727969348659004
REC:0.25688073394495414
TNR:0.9025512337933919
FPR:0.89272030651341
FPDR:0.89272030651341
F1:0.15135135135135136
BACC:0
CLSFE:0.89272030651341
MCC:0.10647095336154434
GMEAN:0.48150599514416265
SAMPLES:261
AUC:{}
AVGP:{}
CLASS:1
ACC:0.8744
PREC:0.9638231353282716
REC:0.9025512337933919
TNR:0.25688073394495414
FPR:0.036176864671728454
FPDR:0.036176864671728454
F1:0.9321814254859612
BACC:0
CLSFE:0.036176864671728454
MCC:0.10647095336154434
GMEAN:0.48150599514416265
SAMPLES:2239
AUC:{}
AVGP:{}
