

GENERAL_METRICS
ACC:0.8768
PREC:0.5244916288602814
REC:0.5581638963563161
TNR:0.5581638963563161
FPR:0.47550837113971856
FPDR:0.47550837113971856
F1:0.5268817204301075
BACC:0.0
CLSFE:0.1232
MCC:0.07548585463851544
GMEAN:0.4379513624628065
SAMPLES:2500.0
AUC:{'AUC macro OVO': 0.5244916288602814}
AVGP:{'avg_precision': 0.9040468147905617}


METRICS_PER_CLASSES
CLASS:0
ACC:0.8768
PREC:0.08366533864541832
REC:0.21212121212121213
TNR:0.9042065805914202
FPR:0.9163346613545816
FPDR:0.9163346613545816
F1:0.12
BACC:0
CLSFE:0.9163346613545816
MCC:0.07548585463851544
GMEAN:0.4379513624628065
SAMPLES:251
AUC:{}
AVGP:{}
CLASS:1
ACC:0.8768
PREC:0.9653179190751445
REC:0.9042065805914202
TNR:0.21212121212121213
FPR:0.03468208092485549
FPDR:0.03468208092485549
F1:0.933763440860215
BACC:0
CLSFE:0.03468208092485549
MCC:0.07548585463851544
GMEAN:0.4379513624628065
SAMPLES:2249
AUC:{}
AVGP:{}
