

GENERAL_METRICS
ACC:0.8808
PREC:0.533830790636967
REC:0.5841776999671736
TNR:0.5841776999671736
FPR:0.466169209363033
FPDR:0.466169209363033
F1:0.5398098457220228
BACC:0.0
CLSFE:0.1192
MCC:0.10672953000722668
GMEAN:0.4880674848715259
SAMPLES:2500.0
AUC:{'AUC macro OVO': 0.5338307906369669}
AVGP:{'avg_precision': 0.9049982059701686}


METRICS_PER_CLASSES
CLASS:0
ACC:0.8808
PREC:0.09881422924901186
REC:0.2631578947368421
TNR:0.9051975051975052
FPR:0.9011857707509882
FPDR:0.9011857707509882
F1:0.14367816091954022
BACC:0
CLSFE:0.9011857707509882
MCC:0.10672953000722668
GMEAN:0.4880674848715259
SAMPLES:253
AUC:{}
AVGP:{}
CLASS:1
ACC:0.8808
PREC:0.9688473520249221
REC:0.9051975051975052
TNR:0.2631578947368421
FPR:0.03115264797507788
FPDR:0.03115264797507788
F1:0.9359415305245056
BACC:0
CLSFE:0.03115264797507788
MCC:0.10672953000722668
GMEAN:0.4880674848715259
SAMPLES:2247
AUC:{}
AVGP:{}
