

GENERAL_METRICS
ACC:0.8192
PREC:0.7024239818075458
REC:0.7250076435808992
TNR:0.7250076435808992
FPR:0.29757601819245416
FPDR:0.29757601819245416
F1:0.7122796010820324
BACC:0.0
CLSFE:0.1808
MCC:0.4268345963053075
GMEAN:0.7097585482459602
SAMPLES:1250.0
AUC:{'AUC macro OVO': 0.7024239818075458}
AVGP:{'avg_precision': 0.8649901305365867}


METRICS_PER_CLASSES
CLASS:0
ACC:0.8192
PREC:0.5019157088122606
REC:0.5770925110132159
TNR:0.8729227761485826
FPR:0.49808429118773945
FPDR:0.49808429118773945
F1:0.5368852459016393
BACC:0
CLSFE:0.49808429118773945
MCC:0.4268345963053075
GMEAN:0.7097585482459602
SAMPLES:261
AUC:{}
AVGP:{}
CLASS:1
ACC:0.8192
PREC:0.9029322548028311
REC:0.8729227761485826
TNR:0.5770925110132159
FPR:0.09706774519716886
FPDR:0.09706774519716886
F1:0.8876739562624254
BACC:0
CLSFE:0.09706774519716886
MCC:0.4268345963053075
GMEAN:0.7097585482459602
SAMPLES:989
AUC:{}
AVGP:{}
