

GENERAL_METRICS
ACC:0.8224
PREC:0.6611432632754595
REC:0.7150437106049028
TNR:0.7150437106049028
FPR:0.3388567367245406
FPDR:0.3388567367245406
F1:0.6799101210689502
BACC:0.0
CLSFE:0.1776
MCC:0.37230549431206383
GMEAN:0.6996034300405319
SAMPLES:1250.0
AUC:{'AUC macro OVO': 0.6611432632754595}
AVGP:{'avg_precision': 0.8585037592390227}


METRICS_PER_CLASSES
CLASS:0
ACC:0.8224
PREC:0.39591836734693875
REC:0.5672514619883041
TNR:0.8628359592215014
FPR:0.6040816326530613
FPDR:0.6040816326530613
F1:0.46634615384615385
BACC:0
CLSFE:0.6040816326530613
MCC:0.37230549431206383
GMEAN:0.6996034300405319
SAMPLES:245
AUC:{}
AVGP:{}
CLASS:1
ACC:0.8224
PREC:0.9263681592039801
REC:0.8628359592215014
TNR:0.5672514619883041
FPR:0.0736318407960199
FPDR:0.0736318407960199
F1:0.8934740882917467
BACC:0
CLSFE:0.0736318407960199
MCC:0.37230549431206383
GMEAN:0.6996034300405319
SAMPLES:1005
AUC:{}
AVGP:{}
