

GENERAL_METRICS
ACC:0.8232
PREC:0.6709789538442248
REC:0.7308384120534959
TNR:0.7308384120534959
FPR:0.32902104615577527
FPDR:0.32902104615577527
F1:0.6913445756532601
BACC:0.0
CLSFE:0.1768
MCC:0.3973336643173785
GMEAN:0.7194412062355947
SAMPLES:1250.0
AUC:{'AUC macro OVO': 0.6709789538442248}
AVGP:{'avg_precision': 0.8548217335126145}


METRICS_PER_CLASSES
CLASS:0
ACC:0.8232
PREC:0.41245136186770426
REC:0.6022727272727273
TNR:0.8594040968342644
FPR:0.5875486381322957
FPDR:0.5875486381322957
F1:0.4896073903002309
BACC:0
CLSFE:0.5875486381322957
MCC:0.3973336643173785
GMEAN:0.7194412062355947
SAMPLES:257
AUC:{}
AVGP:{}
CLASS:1
ACC:0.8232
PREC:0.9295065458207452
REC:0.8594040968342644
TNR:0.6022727272727273
FPR:0.07049345417925479
FPDR:0.07049345417925479
F1:0.8930817610062893
BACC:0
CLSFE:0.07049345417925479
MCC:0.3973336643173785
GMEAN:0.7194412062355947
SAMPLES:993
AUC:{}
AVGP:{}
