

GENERAL_METRICS
ACC:0.8304
PREC:0.7029778782766831
REC:0.7357399919407506
TNR:0.7357399919407506
FPR:0.29702212172331693
FPDR:0.29702212172331693
F1:0.7166490597025778
BACC:0.0
CLSFE:0.1696
MCC:0.4374928725778098
GMEAN:0.7219976363781802
SAMPLES:1250.0
AUC:{'AUC macro OVO': 0.7029778782766831}
AVGP:{'avg_precision': 0.8707120451227834}


METRICS_PER_CLASSES
CLASS:0
ACC:0.8304
PREC:0.4900398406374502
REC:0.5942028985507246
TNR:0.8772770853307766
FPR:0.5099601593625498
FPDR:0.5099601593625498
F1:0.537117903930131
BACC:0
CLSFE:0.5099601593625498
MCC:0.4374928725778098
GMEAN:0.7219976363781802
SAMPLES:251
AUC:{}
AVGP:{}
CLASS:1
ACC:0.8304
PREC:0.9159159159159159
REC:0.8772770853307766
TNR:0.5942028985507246
FPR:0.08408408408408409
FPDR:0.08408408408408409
F1:0.8961802154750245
BACC:0
CLSFE:0.08408408408408409
MCC:0.4374928725778098
GMEAN:0.7219976363781802
SAMPLES:999
AUC:{}
AVGP:{}
