

GENERAL_METRICS
ACC:0.8472
PREC:0.7394387169329274
REC:0.7696601941747573
TNR:0.7696601941747573
FPR:0.2605612830670726
FPDR:0.2605612830670726
F1:0.7525832382527557
BACC:0.0
CLSFE:0.1528
MCC:0.5082011054733665
GMEAN:0.760301422086783
SAMPLES:1250.0
AUC:{'AUC macro OVO': 0.7394387169329274}
AVGP:{'avg_precision': 0.8819599956980416}


METRICS_PER_CLASSES
CLASS:0
ACC:0.8472
PREC:0.556420233463035
REC:0.65
TNR:0.8893203883495145
FPR:0.44357976653696496
FPDR:0.44357976653696496
F1:0.59958071278826
BACC:0
CLSFE:0.44357976653696496
MCC:0.5082011054733665
GMEAN:0.760301422086783
SAMPLES:257
AUC:{}
AVGP:{}
CLASS:1
ACC:0.8472
PREC:0.9224572004028198
REC:0.8893203883495145
TNR:0.65
FPR:0.07754279959718026
FPDR:0.07754279959718026
F1:0.9055857637172516
BACC:0
CLSFE:0.07754279959718026
MCC:0.5082011054733665
GMEAN:0.760301422086783
SAMPLES:993
AUC:{}
AVGP:{}
