

GENERAL_METRICS
ACC:0.8336
PREC:0.7495980691824631
REC:0.7482019100011172
TNR:0.7482019100011172
FPR:0.250401930817537
FPDR:0.250401930817537
F1:0.7488951386098834
BACC:0.0
CLSFE:0.1664
MCC:0.497798021304538
GMEAN:0.7335305827653573
SAMPLES:1250.0
AUC:{'AUC macro OVO': 0.749598069182463}
AVGP:{'avg_precision': 0.8845548367401088}


METRICS_PER_CLASSES
CLASS:0
ACC:0.8336
PREC:0.6053639846743295
REC:0.6007604562737643
TNR:0.8956433637284701
FPR:0.3946360153256705
FPDR:0.3946360153256705
F1:0.6030534351145038
BACC:0
CLSFE:0.3946360153256705
MCC:0.497798021304538
GMEAN:0.7335305827653573
SAMPLES:261
AUC:{}
AVGP:{}
CLASS:1
ACC:0.8336
PREC:0.8938321536905965
REC:0.8956433637284701
TNR:0.6007604562737643
FPR:0.10616784630940344
FPDR:0.10616784630940344
F1:0.8947368421052632
BACC:0
CLSFE:0.10616784630940344
MCC:0.497798021304538
GMEAN:0.7335305827653573
SAMPLES:989
AUC:{}
AVGP:{}
