

GENERAL_METRICS
ACC:0.8536
PREC:0.7652213966955003
REC:0.77262888626525
TNR:0.77262888626525
FPR:0.2347786033044997
FPDR:0.2347786033044997
F1:0.7688111892352425
BACC:0.0
CLSFE:0.1464
MCC:0.5377992710846986
GMEAN:0.7612465180967616
SAMPLES:1250.0
AUC:{'AUC macro OVO': 0.7652213966955002}
AVGP:{'avg_precision': 0.8955688259688259}


METRICS_PER_CLASSES
CLASS:0
ACC:0.8536
PREC:0.6175298804780877
REC:0.640495867768595
TNR:0.9047619047619048
FPR:0.38247011952191234
FPDR:0.38247011952191234
F1:0.6288032454361054
BACC:0
CLSFE:0.38247011952191234
MCC:0.5377992710846986
GMEAN:0.7612465180967616
SAMPLES:251
AUC:{}
AVGP:{}
CLASS:1
ACC:0.8536
PREC:0.9129129129129129
REC:0.9047619047619048
TNR:0.640495867768595
FPR:0.08708708708708708
FPDR:0.08708708708708708
F1:0.9088191330343797
BACC:0
CLSFE:0.08708708708708708
MCC:0.5377992710846986
GMEAN:0.7612465180967616
SAMPLES:999
AUC:{}
AVGP:{}
