

GENERAL_METRICS
ACC:0.8328
PREC:0.7324296882932277
REC:0.734610717565263
TNR:0.734610717565263
FPR:0.26757031170677226
FPDR:0.26757031170677226
F1:0.7335083762525106
BACC:0.0
CLSFE:0.1672
MCC:0.4670353132427764
GMEAN:0.7169233407269403
SAMPLES:1250.0
AUC:{'AUC macro OVO': 0.7324296882932277}
AVGP:{'avg_precision': 0.8855311695490801}


METRICS_PER_CLASSES
CLASS:0
ACC:0.8328
PREC:0.5673469387755102
REC:0.5743801652892562
TNR:0.8948412698412699
FPR:0.4326530612244898
FPDR:0.4326530612244898
F1:0.5708418891170431
BACC:0
CLSFE:0.4326530612244898
MCC:0.4670353132427764
GMEAN:0.7169233407269403
SAMPLES:245
AUC:{}
AVGP:{}
CLASS:1
ACC:0.8328
PREC:0.8975124378109453
REC:0.8948412698412699
TNR:0.5743801652892562
FPR:0.10248756218905472
FPDR:0.10248756218905472
F1:0.8961748633879781
BACC:0
CLSFE:0.10248756218905472
MCC:0.4670353132427764
GMEAN:0.7169233407269403
SAMPLES:1005
AUC:{}
AVGP:{}
