

GENERAL_METRICS
ACC:0.8648888888888889
PREC:0.5004833141542002
REC:0.5030442194621298
TNR:0.5030442194621298
FPR:0.4995166858457998
FPDR:0.4995166858457998
F1:0.47961205230659676
BACC:0.0
CLSFE:0.1351111111111111
MCC:0.002425954949737688
GMEAN:0.3354834457911279
SAMPLES:2250.0
AUC:{'AUC macro OVO': 0.5004833141542002}
AVGP:{'avg_precision': 0.8778814939495083}


METRICS_PER_CLASSES
CLASS:0
ACC:0.8648888888888889
PREC:0.01818181818181818
REC:0.1282051282051282
TNR:0.8778833107191316
FPR:0.9818181818181818
FPDR:0.9818181818181818
F1:0.03184713375796178
BACC:0
CLSFE:0.9818181818181818
MCC:0.002425954949737688
GMEAN:0.3354834457911279
SAMPLES:275
AUC:{}
AVGP:{}
CLASS:1
ACC:0.8648888888888889
PREC:0.9827848101265823
REC:0.8778833107191316
TNR:0.1282051282051282
FPR:0.017215189873417722
FPDR:0.017215189873417722
F1:0.9273769708552317
BACC:0
CLSFE:0.017215189873417722
MCC:0.002425954949737688
GMEAN:0.3354834457911279
SAMPLES:1975
AUC:{}
AVGP:{}
