

GENERAL_METRICS
ACC:0.8733333333333333
PREC:0.4908750870047442
REC:0.456423104237355
TNR:0.456423104237355
FPR:0.5091249129952558
FPDR:0.5091249129952558
F1:0.46966044208609325
BACC:0.0
CLSFE:0.12666666666666668
MCC:-0.03988159387173317
GMEAN:0.13918294795292988
SAMPLES:2250.0
AUC:{'AUC macro OVO': 0.4908750870047442}
AVGP:{'avg_precision': 0.8911469891838812}


METRICS_PER_CLASSES
CLASS:0
ACC:0.8733333333333333
PREC:0.004149377593360996
REC:0.021739130434782608
TNR:0.8911070780399274
FPR:0.995850622406639
FPDR:0.995850622406639
F1:0.006968641114982578
BACC:0
CLSFE:0.995850622406639
MCC:-0.03988159387173317
GMEAN:0.13918294795292988
SAMPLES:241
AUC:{}
AVGP:{}
CLASS:1
ACC:0.8733333333333333
PREC:0.9776007964161274
REC:0.8911070780399274
TNR:0.021739130434782608
FPR:0.022399203583872575
FPDR:0.022399203583872575
F1:0.9323522430572039
BACC:0
CLSFE:0.022399203583872575
MCC:-0.03988159387173317
GMEAN:0.13918294795292988
SAMPLES:2009
AUC:{}
AVGP:{}
