

GENERAL_METRICS
ACC:0.8702222222222222
PREC:0.49948478247241723
REC:0.49740590231200194
TNR:0.49740590231200194
FPR:0.5005152175275828
FPDR:0.5005152175275828
F1:0.4817778254545684
BACC:0.0
CLSFE:0.12977777777777777
MCC:-0.0023121631405404832
GMEAN:0.3103497592916759
SAMPLES:2250.0
AUC:{'AUC macro OVO': 0.49948478247241723}
AVGP:{'avg_precision': 0.8861183334233392}


METRICS_PER_CLASSES
CLASS:0
ACC:0.8702222222222222
PREC:0.01953125
REC:0.10869565217391304
TNR:0.8861161524500908
FPR:0.98046875
FPDR:0.98046875
F1:0.033112582781456956
BACC:0
CLSFE:0.98046875
MCC:-0.0023121631405404832
GMEAN:0.3103497592916759
SAMPLES:256
AUC:{}
AVGP:{}
CLASS:1
ACC:0.8702222222222222
PREC:0.9794383149448345
REC:0.8861161524500908
TNR:0.10869565217391304
FPR:0.020561685055165497
FPDR:0.020561685055165497
F1:0.9304430681276799
BACC:0
CLSFE:0.020561685055165497
MCC:-0.0023121631405404832
GMEAN:0.3103497592916759
SAMPLES:1994
AUC:{}
AVGP:{}
