

GENERAL_METRICS
ACC:0.8675555555555555
PREC:0.49675
REC:0.48721841177951175
TNR:0.48721841177951175
FPR:0.50325
FPDR:0.50325
F1:0.48068987310399525
BACC:0.0
CLSFE:0.13244444444444445
MCC:-0.012890331526626763
GMEAN:0.27671564001997384
SAMPLES:2250.0
AUC:{'AUC macro OVO': 0.49675}
AVGP:{'avg_precision': 0.8882473894971614}


METRICS_PER_CLASSES
CLASS:0
ACC:0.8675555555555555
PREC:0.02
REC:0.08620689655172414
TNR:0.8882299270072993
FPR:0.98
FPDR:0.98
F1:0.032467532467532464
BACC:0
CLSFE:0.98
MCC:-0.012890331526626763
GMEAN:0.27671564001997384
SAMPLES:250
AUC:{}
AVGP:{}
CLASS:1
ACC:0.8675555555555555
PREC:0.9735
REC:0.8882299270072993
TNR:0.08620689655172414
FPR:0.0265
FPDR:0.0265
F1:0.9289122137404581
BACC:0
CLSFE:0.0265
MCC:-0.012890331526626763
GMEAN:0.27671564001997384
SAMPLES:2000
AUC:{}
AVGP:{}
