

GENERAL_METRICS
ACC:0.85
PREC:0.8510105455185547
REC:0.8601806239737275
TNR:0.8601806239737275
FPR:0.14898945448144535
FPDR:0.14898945448144535
F1:0.8491740772470047
BACC:0.0
CLSFE:0.15
MCC:0.711132047671124
GMEAN:0.8578240314688772
SAMPLES:500.0
AUC:{'AUC macro OVO': 0.8510105455185547}
AVGP:{'avg_precision': 0.8263756822887258}


METRICS_PER_CLASSES
CLASS:0
ACC:0.85
PREC:0.9352226720647774
REC:0.7965517241379311
TNR:0.9238095238095239
FPR:0.06477732793522267
FPDR:0.06477732793522267
F1:0.8603351955307262
BACC:0
CLSFE:0.06477732793522267
MCC:0.711132047671124
GMEAN:0.8578240314688772
SAMPLES:247
AUC:{}
AVGP:{}
CLASS:1
ACC:0.85
PREC:0.766798418972332
REC:0.9238095238095239
TNR:0.7965517241379311
FPR:0.233201581027668
FPDR:0.233201581027668
F1:0.838012958963283
BACC:0
CLSFE:0.233201581027668
MCC:0.711132047671124
GMEAN:0.8578240314688772
SAMPLES:253
AUC:{}
AVGP:{}
