

GENERAL_METRICS
ACC:0.848
PREC:0.8447073534362526
REC:0.8555601488218272
TNR:0.8555601488218272
FPR:0.15529264656374742
FPDR:0.15529264656374742
F1:0.8460690906734072
BACC:0.0
CLSFE:0.152
MCC:0.7001833985114818
GMEAN:0.8545285827877015
SAMPLES:500.0
AUC:{'AUC macro OVO': 0.8447073534362526}
AVGP:{'avg_precision': 0.8010092866619043}


METRICS_PER_CLASSES
CLASS:0
ACC:0.848
PREC:0.9195402298850575
REC:0.8135593220338984
TNR:0.8975609756097561
FPR:0.08045977011494253
FPDR:0.08045977011494253
F1:0.8633093525179856
BACC:0
CLSFE:0.08045977011494253
MCC:0.7001833985114818
GMEAN:0.8545285827877015
SAMPLES:261
AUC:{}
AVGP:{}
CLASS:1
ACC:0.848
PREC:0.7698744769874477
REC:0.8975609756097561
TNR:0.8135593220338984
FPR:0.2301255230125523
FPDR:0.2301255230125523
F1:0.8288288288288288
BACC:0
CLSFE:0.2301255230125523
MCC:0.7001833985114818
GMEAN:0.8545285827877015
SAMPLES:239
AUC:{}
AVGP:{}
