

GENERAL_METRICS
ACC:0.854
PREC:0.8535906298003072
REC:0.857740687377572
TNR:0.857740687377572
FPR:0.14640937019969277
FPDR:0.14640937019969277
F1:0.8535071982147946
BACC:0.0
CLSFE:0.146
MCC:0.7113192109173785
GMEAN:0.85704109276404
SAMPLES:500.0
AUC:{'AUC macro OVO': 0.8535906298003071}
AVGP:{'avg_precision': 0.8140603211340951}


METRICS_PER_CLASSES
CLASS:0
ACC:0.854
PREC:0.9047619047619048
REC:0.8231046931407943
TNR:0.8923766816143498
FPR:0.09523809523809523
FPDR:0.09523809523809523
F1:0.8620037807183365
BACC:0
CLSFE:0.09523809523809523
MCC:0.7113192109173785
GMEAN:0.85704109276404
SAMPLES:252
AUC:{}
AVGP:{}
CLASS:1
ACC:0.854
PREC:0.8024193548387096
REC:0.8923766816143498
TNR:0.8231046931407943
FPR:0.1975806451612903
FPDR:0.1975806451612903
F1:0.8450106157112527
BACC:0
CLSFE:0.1975806451612903
MCC:0.7113192109173785
GMEAN:0.85704109276404
SAMPLES:248
AUC:{}
AVGP:{}
