

GENERAL_METRICS
ACC:0.864
PREC:0.8707430340557275
REC:0.8707430340557275
TNR:0.8707430340557275
FPR:0.12925696594427244
FPDR:0.12925696594427244
F1:0.864
BACC:0.0
CLSFE:0.136
MCC:0.7414860681114551
GMEAN:0.8673649643743679
SAMPLES:500.0
AUC:{'AUC macro OVO': 0.8707430340557275}
AVGP:{'avg_precision': 0.8643219814241485}


METRICS_PER_CLASSES
CLASS:0
ACC:0.864
PREC:0.9473684210526315
REC:0.7941176470588235
TNR:0.9473684210526315
FPR:0.05263157894736842
FPDR:0.05263157894736842
F1:0.864
BACC:0
CLSFE:0.05263157894736842
MCC:0.7414860681114551
GMEAN:0.8673649643743679
SAMPLES:228
AUC:{}
AVGP:{}
CLASS:1
ACC:0.864
PREC:0.7941176470588235
REC:0.9473684210526315
TNR:0.7941176470588235
FPR:0.20588235294117646
FPDR:0.20588235294117646
F1:0.864
BACC:0
CLSFE:0.20588235294117646
MCC:0.7414860681114551
GMEAN:0.8673649643743679
SAMPLES:272
AUC:{}
AVGP:{}
