

GENERAL_METRICS
ACC:0.8775
PREC:0.6103748922323886
REC:0.7032
TNR:0.7032
FPR:0.38962510776761133
FPDR:0.38962510776761133
F1:0.6360554651471115
BACC:0.0
CLSFE:0.1225
MCC:0.2995208046304722
GMEAN:0.6743957295238456
SAMPLES:2000.0
AUC:{'AUC macro OVO': 0.6103748922323886}
AVGP:{'avg_precision': 0.9015021664766248}


METRICS_PER_CLASSES
CLASS:0
ACC:0.8775
PREC:0.25609756097560976
REC:0.504
TNR:0.9024
FPR:0.7439024390243902
FPDR:0.7439024390243902
F1:0.33962264150943394
BACC:0
CLSFE:0.7439024390243902
MCC:0.2995208046304722
GMEAN:0.6743957295238456
SAMPLES:246
AUC:{}
AVGP:{}
CLASS:1
ACC:0.8775
PREC:0.9646522234891676
REC:0.9024
TNR:0.504
FPR:0.03534777651083238
FPDR:0.03534777651083238
F1:0.9324882887847892
BACC:0
CLSFE:0.03534777651083238
MCC:0.2995208046304722
GMEAN:0.6743957295238456
SAMPLES:1754
AUC:{}
AVGP:{}
