

GENERAL_METRICS
ACC:0.887
PREC:0.6190348897073383
REC:0.7099024075140976
TNR:0.7099024075140976
FPR:0.3809651102926617
FPDR:0.3809651102926617
F1:0.6461839530332681
BACC:0.0
CLSFE:0.113
MCC:0.31613737474550774
GMEAN:0.6806439923688751
SAMPLES:2000.0
AUC:{'AUC macro OVO': 0.6190348897073383}
AVGP:{'avg_precision': 0.9107410025073501}


METRICS_PER_CLASSES
CLASS:0
ACC:0.887
PREC:0.2719298245614035
REC:0.5081967213114754
TNR:0.9116080937167199
FPR:0.7280701754385965
FPDR:0.7280701754385965
F1:0.35428571428571426
BACC:0
CLSFE:0.7280701754385965
MCC:0.31613737474550774
GMEAN:0.6806439923688751
SAMPLES:228
AUC:{}
AVGP:{}
CLASS:1
ACC:0.887
PREC:0.9661399548532731
REC:0.9116080937167199
TNR:0.5081967213114754
FPR:0.033860045146726865
FPDR:0.033860045146726865
F1:0.938082191780822
BACC:0
CLSFE:0.033860045146726865
MCC:0.31613737474550774
GMEAN:0.6806439923688751
SAMPLES:1772
AUC:{}
AVGP:{}
