

GENERAL_METRICS
ACC:0.881
PREC:0.6262604686762965
REC:0.7403228811980147
TNR:0.7403228811980147
FPR:0.3737395313237035
FPDR:0.3737395313237035
F1:0.6571948746312685
BACC:0.0
CLSFE:0.119
MCC:0.34838644987254747
GMEAN:0.7226136965588456
SAMPLES:2000.0
AUC:{'AUC macro OVO': 0.6262604686762965}
AVGP:{'avg_precision': 0.9003593993336821}


METRICS_PER_CLASSES
CLASS:0
ACC:0.881
PREC:0.28294573643410853
REC:0.5793650793650794
TNR:0.9012806830309499
FPR:0.7170542635658915
FPDR:0.7170542635658915
F1:0.3802083333333333
BACC:0
CLSFE:0.7170542635658915
MCC:0.34838644987254747
GMEAN:0.7226136965588456
SAMPLES:258
AUC:{}
AVGP:{}
CLASS:1
ACC:0.881
PREC:0.9695752009184845
REC:0.9012806830309499
TNR:0.5793650793650794
FPR:0.030424799081515498
FPDR:0.030424799081515498
F1:0.9341814159292036
BACC:0
CLSFE:0.030424799081515498
MCC:0.34838644987254747
GMEAN:0.7226136965588456
SAMPLES:1742
AUC:{}
AVGP:{}
