

GENERAL_METRICS
ACC:0.8573333333333333
PREC:0.8424836601307188
REC:0.8405653242578937
TNR:0.8405653242578937
FPR:0.15751633986928104
FPDR:0.15751633986928104
F1:0.8415068403870196
BACC:0.0
CLSFE:0.14266666666666666
MCC:0.6830462905702617
GMEAN:0.8388454492811345
SAMPLES:750.0
AUC:{'AUC macro OVO': 0.842483660130719}
AVGP:{'avg_precision': 0.8682746160794941}


METRICS_PER_CLASSES
CLASS:0
ACC:0.8573333333333333
PREC:0.796078431372549
REC:0.7868217054263565
TNR:0.8943089430894309
FPR:0.20392156862745098
FPDR:0.20392156862745098
F1:0.7914230019493177
BACC:0
CLSFE:0.20392156862745098
MCC:0.6830462905702617
GMEAN:0.8388454492811345
SAMPLES:255
AUC:{}
AVGP:{}
CLASS:1
ACC:0.8573333333333333
PREC:0.8888888888888888
REC:0.8943089430894309
TNR:0.7868217054263565
FPR:0.1111111111111111
FPDR:0.1111111111111111
F1:0.8915906788247214
BACC:0
CLSFE:0.1111111111111111
MCC:0.6830462905702617
GMEAN:0.8388454492811345
SAMPLES:495
AUC:{}
AVGP:{}
