

GENERAL_METRICS
ACC:0.8693333333333333
PREC:0.8600379884078292
REC:0.8472976904748799
TNR:0.8472976904748799
FPR:0.1399620115921708
FPDR:0.1399620115921708
F1:0.853
BACC:0.0
CLSFE:0.13066666666666665
MCC:0.7072209325444507
GMEAN:0.8442978270621063
SAMPLES:750.0
AUC:{'AUC macro OVO': 0.8600379884078293}
AVGP:{'avg_precision': 0.8912010264659083}


METRICS_PER_CLASSES
CLASS:0
ACC:0.8693333333333333
PREC:0.8340248962655602
REC:0.7760617760617761
TNR:0.9185336048879837
FPR:0.16597510373443983
FPDR:0.16597510373443983
F1:0.804
BACC:0
CLSFE:0.16597510373443983
MCC:0.7072209325444507
GMEAN:0.8442978270621063
SAMPLES:241
AUC:{}
AVGP:{}
CLASS:1
ACC:0.8693333333333333
PREC:0.8860510805500982
REC:0.9185336048879837
TNR:0.7760617760617761
FPR:0.11394891944990176
FPDR:0.11394891944990176
F1:0.902
BACC:0
CLSFE:0.11394891944990176
MCC:0.7072209325444507
GMEAN:0.8442978270621063
SAMPLES:509
AUC:{}
AVGP:{}
