

GENERAL_METRICS
ACC:0.864
PREC:0.8511943896559281
REC:0.8427807486631016
TNR:0.8427807486631016
FPR:0.1488056103440719
FPDR:0.1488056103440719
F1:0.8466921578529687
BACC:0.0
CLSFE:0.136
MCC:0.6939241336415388
GMEAN:0.8401680504168059
SAMPLES:750.0
AUC:{'AUC macro OVO': 0.8511943896559282}
AVGP:{'avg_precision': 0.8828854222700375}


METRICS_PER_CLASSES
CLASS:0
ACC:0.864
PREC:0.8148148148148148
REC:0.7764705882352941
TNR:0.9090909090909091
FPR:0.18518518518518517
FPDR:0.18518518518518517
F1:0.7951807228915663
BACC:0
CLSFE:0.18518518518518517
MCC:0.6939241336415388
GMEAN:0.8401680504168059
SAMPLES:243
AUC:{}
AVGP:{}
CLASS:1
ACC:0.864
PREC:0.8875739644970414
REC:0.9090909090909091
TNR:0.7764705882352941
FPR:0.11242603550295859
FPDR:0.11242603550295859
F1:0.8982035928143712
BACC:0
CLSFE:0.11242603550295859
MCC:0.6939241336415388
GMEAN:0.8401680504168059
SAMPLES:507
AUC:{}
AVGP:{}
