

GENERAL_METRICS
ACC:0.922
PREC:0.5882003798670465
REC:0.6908676385588595
TNR:0.6908676385588595
FPR:0.41179962013295346
FPDR:0.41179962013295346
F1:0.6153962264150943
BACC:0.0
CLSFE:0.078
MCC:0.259496421749646
GMEAN:0.6450554935929145
SAMPLES:3500.0
AUC:{'AUC macro OVO': 0.5882003798670465}
AVGP:{'avg_precision': 0.9380092586079785}


METRICS_PER_CLASSES
CLASS:0
ACC:0.922
PREC:0.19615384615384615
REC:0.4434782608695652
TNR:0.9382570162481536
FPR:0.8038461538461539
FPDR:0.8038461538461539
F1:0.272
BACC:0
CLSFE:0.8038461538461539
MCC:0.259496421749646
GMEAN:0.6450554935929145
SAMPLES:260
AUC:{}
AVGP:{}
CLASS:1
ACC:0.922
PREC:0.980246913580247
REC:0.9382570162481536
TNR:0.4434782608695652
FPR:0.019753086419753086
FPDR:0.019753086419753086
F1:0.9587924528301887
BACC:0
CLSFE:0.019753086419753086
MCC:0.259496421749646
GMEAN:0.6450554935929145
SAMPLES:3240
AUC:{}
AVGP:{}
