

GENERAL_METRICS
ACC:0.9242857142857143
PREC:0.5818520956769805
REC:0.6750469294717082
TNR:0.6750469294717082
FPR:0.4181479043230195
FPDR:0.4181479043230195
F1:0.6068207590160981
BACC:0.0
CLSFE:0.07571428571428572
MCC:0.23939889739996642
GMEAN:0.6204480253916433
SAMPLES:3500.0
AUC:{'AUC macro OVO': 0.5818520956769805}
AVGP:{'avg_precision': 0.9407832288877107}


METRICS_PER_CLASSES
CLASS:0
ACC:0.9242857142857143
PREC:0.1836734693877551
REC:0.4090909090909091
TNR:0.9410029498525073
FPR:0.8163265306122449
FPDR:0.8163265306122449
F1:0.2535211267605634
BACC:0
CLSFE:0.8163265306122449
MCC:0.23939889739996642
GMEAN:0.6204480253916433
SAMPLES:245
AUC:{}
AVGP:{}
CLASS:1
ACC:0.9242857142857143
PREC:0.9800307219662059
REC:0.9410029498525073
TNR:0.4090909090909091
FPR:0.019969278033794162
FPDR:0.019969278033794162
F1:0.9601203912716328
BACC:0
CLSFE:0.019969278033794162
MCC:0.23939889739996642
GMEAN:0.6204480253916433
SAMPLES:3255
AUC:{}
AVGP:{}
