

GENERAL_METRICS
ACC:0.9154285714285715
PREC:0.5551994496683432
REC:0.6513786684324284
TNR:0.6513786684324284
FPR:0.44480055033165683
FPDR:0.44480055033165683
F1:0.5733190996538777
BACC:0.0
CLSFE:0.08457142857142858
MCC:0.182822528031932
GMEAN:0.5885845977323884
SAMPLES:3500.0
AUC:{'AUC macro OVO': 0.5551994496683432}
AVGP:{'avg_precision': 0.9302682927995509}


METRICS_PER_CLASSES
CLASS:0
ACC:0.9154285714285715
PREC:0.12867647058823528
REC:0.3723404255319149
TNR:0.9304169113329419
FPR:0.8713235294117647
FPDR:0.8713235294117647
F1:0.1912568306010929
BACC:0
CLSFE:0.8713235294117647
MCC:0.182822528031932
GMEAN:0.5885845977323884
SAMPLES:272
AUC:{}
AVGP:{}
CLASS:1
ACC:0.9154285714285715
PREC:0.9817224287484511
REC:0.9304169113329419
TNR:0.3723404255319149
FPR:0.018277571251548948
FPDR:0.018277571251548948
F1:0.9553813687066627
BACC:0
CLSFE:0.018277571251548948
MCC:0.182822528031932
GMEAN:0.5885845977323884
SAMPLES:3228
AUC:{}
AVGP:{}
