

GENERAL_METRICS
ACC:0.9174285714285715
PREC:0.5717496268252208
REC:0.6534299339691856
TNR:0.6534299339691856
FPR:0.4282503731747792
FPDR:0.4282503731747792
F1:0.5928553459119497
BACC:0.0
CLSFE:0.08257142857142857
MCC:0.20984318436496655
GMEAN:0.5890913455084008
SAMPLES:3500.0
AUC:{'AUC macro OVO': 0.5717496268252208}
AVGP:{'avg_precision': 0.9359411397848051}


METRICS_PER_CLASSES
CLASS:0
ACC:0.9174285714285715
PREC:0.16602316602316602
REC:0.3706896551724138
TNR:0.9361702127659575
FPR:0.833976833976834
FPDR:0.833976833976834
F1:0.22933333333333333
BACC:0
CLSFE:0.833976833976834
MCC:0.20984318436496655
GMEAN:0.5890913455084008
SAMPLES:259
AUC:{}
AVGP:{}
CLASS:1
ACC:0.9174285714285715
PREC:0.9774760876272756
REC:0.9361702127659575
TNR:0.3706896551724138
FPR:0.02252391237272447
FPDR:0.02252391237272447
F1:0.956377358490566
BACC:0
CLSFE:0.02252391237272447
MCC:0.20984318436496655
GMEAN:0.5890913455084008
SAMPLES:3241
AUC:{}
AVGP:{}
