

GENERAL_METRICS
ACC:0.8445714285714285
PREC:0.6896032496410687
REC:0.6822738231188935
TNR:0.6822738231188935
FPR:0.3103967503589312
FPDR:0.3103967503589312
F1:0.685801114745961
BACC:0.0
CLSFE:0.15542857142857142
MCC:0.37180483691228966
GMEAN:0.6421452726475132
SAMPLES:1750.0
AUC:{'AUC macro OVO': 0.6896032496410687}
AVGP:{'avg_precision': 0.9077128336664475}


METRICS_PER_CLASSES
CLASS:0
ACC:0.8445714285714285
PREC:0.47368421052631576
REC:0.4517374517374517
TNR:0.9128101945003353
FPR:0.5263157894736842
FPDR:0.5263157894736842
F1:0.4624505928853755
BACC:0
CLSFE:0.5263157894736842
MCC:0.37180483691228966
GMEAN:0.6421452726475132
SAMPLES:247
AUC:{}
AVGP:{}
CLASS:1
ACC:0.8445714285714285
PREC:0.9055222887558216
REC:0.9128101945003353
TNR:0.4517374517374517
FPR:0.09447771124417831
FPDR:0.09447771124417831
F1:0.9091516366065464
BACC:0
CLSFE:0.09447771124417831
MCC:0.37180483691228966
GMEAN:0.6421452726475132
SAMPLES:1503
AUC:{}
AVGP:{}
