

GENERAL_METRICS
ACC:0.8291428571428572
PREC:0.6900611013272626
REC:0.6640562542145474
TNR:0.6640562542145474
FPR:0.30993889867273744
FPDR:0.30993889867273744
F1:0.6750958568124311
BACC:0.0
CLSFE:0.17085714285714285
MCC:0.35316122298826774
GMEAN:0.6152343305381095
SAMPLES:1750.0
AUC:{'AUC macro OVO': 0.6900611013272626}
AVGP:{'avg_precision': 0.9075201914112877}


METRICS_PER_CLASSES
CLASS:0
ACC:0.8291428571428572
PREC:0.4959677419354839
REC:0.41414141414141414
TNR:0.9139710942876806
FPR:0.5040322580645161
FPDR:0.5040322580645161
F1:0.45137614678899085
BACC:0
CLSFE:0.5040322580645161
MCC:0.35316122298826774
GMEAN:0.6152343305381095
SAMPLES:248
AUC:{}
AVGP:{}
CLASS:1
ACC:0.8291428571428572
PREC:0.8841544607190412
REC:0.9139710942876806
TNR:0.41414141414141414
FPR:0.11584553928095873
FPDR:0.11584553928095873
F1:0.8988155668358714
BACC:0
CLSFE:0.11584553928095873
MCC:0.35316122298826774
GMEAN:0.6152343305381095
SAMPLES:1502
AUC:{}
AVGP:{}
