

GENERAL_METRICS
ACC:0.8208
PREC:0.7365294917889418
REC:0.7196070913027788
TNR:0.7196070913027788
FPR:0.2634705082110582
FPDR:0.2634705082110582
F1:0.727275206589031
BACC:0.0
CLSFE:0.1792
MCC:0.4558225694240864
GMEAN:0.6969461534549064
SAMPLES:1250.0
AUC:{'AUC macro OVO': 0.7365294917889418}
AVGP:{'avg_precision': 0.8868739764866913}


METRICS_PER_CLASSES
CLASS:0
ACC:0.8208
PREC:0.5975609756097561
REC:0.5404411764705882
TNR:0.8987730061349694
FPR:0.4024390243902439
FPDR:0.4024390243902439
F1:0.5675675675675675
BACC:0
CLSFE:0.4024390243902439
MCC:0.4558225694240864
GMEAN:0.6969461534549064
SAMPLES:246
AUC:{}
AVGP:{}
CLASS:1
ACC:0.8208
PREC:0.8754980079681275
REC:0.8987730061349694
TNR:0.5404411764705882
FPR:0.12450199203187251
FPDR:0.12450199203187251
F1:0.8869828456104945
BACC:0
CLSFE:0.12450199203187251
MCC:0.4558225694240864
GMEAN:0.6969461534549064
SAMPLES:1004
AUC:{}
AVGP:{}
