

GENERAL_METRICS
ACC:0.8224
PREC:0.7324071337077545
REC:0.7271641607051365
TNR:0.7271641607051365
FPR:0.26759286629224555
FPDR:0.26759286629224555
F1:0.7297102493873432
BACC:0.0
CLSFE:0.1776
MCC:0.45954138647398646
GMEAN:0.7083301749559137
SAMPLES:1250.0
AUC:{'AUC macro OVO': 0.7324071337077545}
AVGP:{'avg_precision': 0.8805425099153316}


METRICS_PER_CLASSES
CLASS:0
ACC:0.8224
PREC:0.5803921568627451
REC:0.5627376425855514
TNR:0.8915906788247214
FPR:0.4196078431372549
FPDR:0.4196078431372549
F1:0.5714285714285714
BACC:0
CLSFE:0.4196078431372549
MCC:0.45954138647398646
GMEAN:0.7083301749559137
SAMPLES:255
AUC:{}
AVGP:{}
CLASS:1
ACC:0.8224
PREC:0.8844221105527639
REC:0.8915906788247214
TNR:0.5627376425855514
FPR:0.11557788944723618
FPDR:0.11557788944723618
F1:0.887991927346115
BACC:0
CLSFE:0.11557788944723618
MCC:0.45954138647398646
GMEAN:0.7083301749559137
SAMPLES:995
AUC:{}
AVGP:{}
