

GENERAL_METRICS
ACC:0.8208
PREC:0.7147659706858407
REC:0.7012357075761992
TNR:0.7012357075761992
FPR:0.2852340293141593
FPDR:0.2852340293141593
F1:0.707485039949186
BACC:0.0
CLSFE:0.1792
MCC:0.4157815872510683
GMEAN:0.6729452025863109
SAMPLES:1250.0
AUC:{'AUC macro OVO': 0.7147659706858407}
AVGP:{'avg_precision': 0.8889696775398407}


METRICS_PER_CLASSES
CLASS:0
ACC:0.8208
PREC:0.5486725663716814
REC:0.5040650406504065
TNR:0.898406374501992
FPR:0.45132743362831856
FPDR:0.45132743362831856
F1:0.5254237288135594
BACC:0
CLSFE:0.45132743362831856
MCC:0.4157815872510683
GMEAN:0.6729452025863109
SAMPLES:226
AUC:{}
AVGP:{}
CLASS:1
ACC:0.8208
PREC:0.880859375
REC:0.898406374501992
TNR:0.5040650406504065
FPR:0.119140625
FPDR:0.119140625
F1:0.8895463510848126
BACC:0
CLSFE:0.119140625
MCC:0.4157815872510683
GMEAN:0.6729452025863109
SAMPLES:1024
AUC:{}
AVGP:{}
