

GENERAL_METRICS
ACC:0.8272
PREC:0.7129081272507567
REC:0.729895229113646
TNR:0.729895229113646
FPR:0.2870918727492433
FPDR:0.2870918727492433
F1:0.7206461144978459
BACC:0.0
CLSFE:0.1728
MCC:0.4424774014318473
GMEAN:0.7137214966805906
SAMPLES:1250.0
AUC:{'AUC macro OVO': 0.7129081272507567}
AVGP:{'avg_precision': 0.8746741204547657}


METRICS_PER_CLASSES
CLASS:0
ACC:0.8272
PREC:0.5219123505976095
REC:0.5770925110132159
TNR:0.8826979472140762
FPR:0.47808764940239046
FPDR:0.47808764940239046
F1:0.5481171548117155
BACC:0
CLSFE:0.47808764940239046
MCC:0.4424774014318473
GMEAN:0.7137214966805906
SAMPLES:251
AUC:{}
AVGP:{}
CLASS:1
ACC:0.8272
PREC:0.9039039039039038
REC:0.8826979472140762
TNR:0.5770925110132159
FPR:0.0960960960960961
FPDR:0.0960960960960961
F1:0.8931750741839762
BACC:0
CLSFE:0.0960960960960961
MCC:0.4424774014318473
GMEAN:0.7137214966805906
SAMPLES:999
AUC:{}
AVGP:{}
