

GENERAL_METRICS
ACC:0.9003333333333333
PREC:0.553310484085233
REC:0.6036775280673099
TNR:0.6036775280673099
FPR:0.446689515914767
FPDR:0.446689515914767
F1:0.5661030198165636
BACC:0.0
CLSFE:0.09966666666666667
MCC:0.14868892642061307
GMEAN:0.5101964692083494
SAMPLES:3000.0
AUC:{'AUC macro OVO': 0.553310484085233}
AVGP:{'avg_precision': 0.9260991198378159}


METRICS_PER_CLASSES
CLASS:0
ACC:0.9003333333333333
PREC:0.13821138211382114
REC:0.2809917355371901
TNR:0.9263633205974297
FPR:0.8617886178861789
FPDR:0.8617886178861789
F1:0.18528610354223432
BACC:0
CLSFE:0.8617886178861789
MCC:0.14868892642061307
GMEAN:0.5101964692083494
SAMPLES:246
AUC:{}
AVGP:{}
CLASS:1
ACC:0.9003333333333333
PREC:0.9684095860566448
REC:0.9263633205974297
TNR:0.2809917355371901
FPR:0.03159041394335512
FPDR:0.03159041394335512
F1:0.946919936090893
BACC:0
CLSFE:0.03159041394335512
MCC:0.14868892642061307
GMEAN:0.5101964692083494
SAMPLES:2754
AUC:{}
AVGP:{}
