

GENERAL_METRICS
ACC:0.894
PREC:0.5724916129339266
REC:0.6036212599161643
TNR:0.6036212599161643
FPR:0.4275083870660734
FPDR:0.4275083870660734
F1:0.5837514725773376
BACC:0.0
CLSFE:0.106
MCC:0.1733398080715262
GMEAN:0.5076888808728501
SAMPLES:3000.0
AUC:{'AUC macro OVO': 0.5724916129339266}
AVGP:{'avg_precision': 0.9296347790104198}


METRICS_PER_CLASSES
CLASS:0
ACC:0.894
PREC:0.1885245901639344
REC:0.27710843373493976
TNR:0.9301340860973889
FPR:0.8114754098360656
FPDR:0.8114754098360656
F1:0.22439024390243903
BACC:0
CLSFE:0.8114754098360656
MCC:0.1733398080715262
GMEAN:0.5076888808728501
SAMPLES:244
AUC:{}
AVGP:{}
CLASS:1
ACC:0.894
PREC:0.9564586357039188
REC:0.9301340860973889
TNR:0.27710843373493976
FPR:0.04354136429608128
FPDR:0.04354136429608128
F1:0.9431127012522361
BACC:0
CLSFE:0.04354136429608128
MCC:0.1733398080715262
GMEAN:0.5076888808728501
SAMPLES:2756
AUC:{}
AVGP:{}
