

GENERAL_METRICS
ACC:0.9106666666666666
PREC:0.5836122712563406
REC:0.6400373564212336
TNR:0.6400373564212336
FPR:0.41638772874365937
FPDR:0.41638772874365937
F1:0.6019478809170646
BACC:0.0
CLSFE:0.08933333333333333
MCC:0.2164148001511268
GMEAN:0.5672038475381692
SAMPLES:3000.0
AUC:{'AUC macro OVO': 0.5836122712563406}
AVGP:{'avg_precision': 0.9361839714745053}


METRICS_PER_CLASSES
CLASS:0
ACC:0.9106666666666666
PREC:0.19823788546255505
REC:0.3435114503816794
TNR:0.9365632624607877
FPR:0.801762114537445
FPDR:0.801762114537445
F1:0.25139664804469275
BACC:0
CLSFE:0.801762114537445
MCC:0.2164148001511268
GMEAN:0.5672038475381692
SAMPLES:227
AUC:{}
AVGP:{}
CLASS:1
ACC:0.9106666666666666
PREC:0.9689866570501262
REC:0.9365632624607877
TNR:0.3435114503816794
FPR:0.031013342949873783
FPDR:0.031013342949873783
F1:0.9524991137894364
BACC:0
CLSFE:0.031013342949873783
MCC:0.2164148001511268
GMEAN:0.5672038475381692
SAMPLES:2773
AUC:{}
AVGP:{}
