

GENERAL_METRICS
ACC:0.898
PREC:0.5719487966733295
REC:0.6076648336073474
TNR:0.6076648336073474
FPR:0.42805120332667046
FPDR:0.42805120332667046
F1:0.5843829399609918
BACC:0.0
CLSFE:0.102
MCC:0.17602676185265567
GMEAN:0.5142120986820291
SAMPLES:3000.0
AUC:{'AUC macro OVO': 0.5719487966733295}
AVGP:{'avg_precision': 0.9310114283240898}


METRICS_PER_CLASSES
CLASS:0
ACC:0.898
PREC:0.18410041841004185
REC:0.2838709677419355
TNR:0.9314586994727593
FPR:0.8158995815899581
FPDR:0.8158995815899581
F1:0.2233502538071066
BACC:0
CLSFE:0.8158995815899581
MCC:0.17602676185265567
GMEAN:0.5142120986820291
SAMPLES:239
AUC:{}
AVGP:{}
CLASS:1
ACC:0.898
PREC:0.9597971749366172
REC:0.9314586994727593
TNR:0.2838709677419355
FPR:0.04020282506338283
FPDR:0.04020282506338283
F1:0.945415626114877
BACC:0
CLSFE:0.04020282506338283
MCC:0.17602676185265567
GMEAN:0.5142120986820291
SAMPLES:2761
AUC:{}
AVGP:{}
