

GENERAL_METRICS
ACC:0.8056
PREC:0.6639311693868818
REC:0.7051551764531506
TNR:0.7051551764531506
FPR:0.3360688306131182
FPDR:0.3360688306131182
F1:0.6790045177141951
BACC:0.0
CLSFE:0.1944
MCC:0.3667769239291756
GMEAN:0.6895846696559543
SAMPLES:1250.0
AUC:{'AUC macro OVO': 0.6639311693868818}
AVGP:{'avg_precision': 0.8466796562313863}


METRICS_PER_CLASSES
CLASS:0
ACC:0.8056
PREC:0.41729323308270677
REC:0.5577889447236181
TNR:0.8525214081826832
FPR:0.5827067669172933
FPDR:0.5827067669172933
F1:0.4774193548387097
BACC:0
CLSFE:0.5827067669172933
MCC:0.3667769239291756
GMEAN:0.6895846696559543
SAMPLES:266
AUC:{}
AVGP:{}
CLASS:1
ACC:0.8056
PREC:0.9105691056910569
REC:0.8525214081826832
TNR:0.5577889447236181
FPR:0.08943089430894309
FPDR:0.08943089430894309
F1:0.8805896805896806
BACC:0
CLSFE:0.08943089430894309
MCC:0.3667769239291756
GMEAN:0.6895846696559543
SAMPLES:984
AUC:{}
AVGP:{}
