

GENERAL_METRICS
ACC:0.8024
PREC:0.6575
REC:0.6838020772552222
TNR:0.6838020772552222
FPR:0.34249999999999997
FPDR:0.34249999999999997
F1:0.6681802305274188
BACC:0.0
CLSFE:0.1976
MCC:0.3402870974203842
GMEAN:0.6606347888144056
SAMPLES:1250.0
AUC:{'AUC macro OVO': 0.6575}
AVGP:{'avg_precision': 0.8541980861244018}


METRICS_PER_CLASSES
CLASS:0
ACC:0.8024
PREC:0.416
REC:0.5073170731707317
TNR:0.8602870813397129
FPR:0.584
FPDR:0.584
F1:0.45714285714285713
BACC:0
CLSFE:0.584
MCC:0.3402870974203842
GMEAN:0.6606347888144056
SAMPLES:250
AUC:{}
AVGP:{}
CLASS:1
ACC:0.8024
PREC:0.899
REC:0.8602870813397129
TNR:0.5073170731707317
FPR:0.101
FPDR:0.101
F1:0.8792176039119804
BACC:0
CLSFE:0.101
MCC:0.3402870974203842
GMEAN:0.6606347888144056
SAMPLES:1000
AUC:{}
AVGP:{}
