

GENERAL_METRICS
ACC:0.8216
PREC:0.7023422044790497
REC:0.722078634085213
TNR:0.722078634085213
FPR:0.29765779552095023
FPDR:0.29765779552095023
F1:0.7111312153422227
BACC:0.0
CLSFE:0.1784
MCC:0.4239616982157622
GMEAN:0.7052213076274919
SAMPLES:1250.0
AUC:{'AUC macro OVO': 0.7023422044790498}
AVGP:{'avg_precision': 0.869449231906245}


METRICS_PER_CLASSES
CLASS:0
ACC:0.8216
PREC:0.5019762845849802
REC:0.5669642857142857
TNR:0.8771929824561403
FPR:0.4980237154150198
FPDR:0.4980237154150198
F1:0.5324947589098532
BACC:0
CLSFE:0.4980237154150198
MCC:0.4239616982157622
GMEAN:0.7052213076274919
SAMPLES:253
AUC:{}
AVGP:{}
CLASS:1
ACC:0.8216
PREC:0.9027081243731193
REC:0.8771929824561403
TNR:0.5669642857142857
FPR:0.09729187562688064
FPDR:0.09729187562688064
F1:0.8897676717745922
BACC:0
CLSFE:0.09729187562688064
MCC:0.4239616982157622
GMEAN:0.7052213076274919
SAMPLES:997
AUC:{}
AVGP:{}
