

GENERAL_METRICS
ACC:0.9230769230769231
PREC:0.6005119939319238
REC:0.7548733927661253
TNR:0.7548733927661253
FPR:0.3994880060680763
FPDR:0.3994880060680763
F1:0.6362218290184392
BACC:0.0
CLSFE:0.07692307692307693
MCC:0.32011143626629524
GMEAN:0.7333153231752358
SAMPLES:3250.0
AUC:{'AUC macro OVO': 0.6005119939319238}
AVGP:{'avg_precision': 0.9337707299773039}


METRICS_PER_CLASSES
CLASS:0
ACC:0.9230769230769231
PREC:0.21509433962264152
REC:0.5757575757575758
TNR:0.9339892097746747
FPR:0.7849056603773585
FPDR:0.7849056603773585
F1:0.3131868131868132
BACC:0
CLSFE:0.7849056603773585
MCC:0.32011143626629524
GMEAN:0.7333153231752358
SAMPLES:265
AUC:{}
AVGP:{}
CLASS:1
ACC:0.9230769230769231
PREC:0.985929648241206
REC:0.9339892097746747
TNR:0.5757575757575758
FPR:0.01407035175879397
FPDR:0.01407035175879397
F1:0.9592568448500652
BACC:0
CLSFE:0.01407035175879397
MCC:0.32011143626629524
GMEAN:0.7333153231752358
SAMPLES:2985
AUC:{}
AVGP:{}
