

GENERAL_METRICS
ACC:0.9283076923076923
PREC:0.6075704296851477
REC:0.7304899419079168
TNR:0.7304899419079168
FPR:0.3924295703148522
FPDR:0.3924295703148522
F1:0.6414283015231662
BACC:0.0
CLSFE:0.0716923076923077
MCC:0.31492159080723164
GMEAN:0.6991649855283184
SAMPLES:3250.0
AUC:{'AUC macro OVO': 0.6075704296851479}
AVGP:{'avg_precision': 0.9418574664741428}


METRICS_PER_CLASSES
CLASS:0
ACC:0.9283076923076923
PREC:0.2320675105485232
REC:0.5188679245283019
TNR:0.9421119592875318
FPR:0.7679324894514767
FPDR:0.7679324894514767
F1:0.3206997084548105
BACC:0
CLSFE:0.7679324894514767
MCC:0.31492159080723164
GMEAN:0.6991649855283184
SAMPLES:237
AUC:{}
AVGP:{}
CLASS:1
ACC:0.9283076923076923
PREC:0.9830733488217723
REC:0.9421119592875318
TNR:0.5188679245283019
FPR:0.01692665117822768
FPDR:0.01692665117822768
F1:0.9621568945915219
BACC:0
CLSFE:0.01692665117822768
MCC:0.31492159080723164
GMEAN:0.6991649855283184
SAMPLES:3013
AUC:{}
AVGP:{}
