

GENERAL_METRICS
ACC:0.9267692307692308
PREC:0.6144895338591476
REC:0.7425253801329327
TNR:0.7425253801329327
FPR:0.3855104661408523
FPDR:0.3855104661408523
F1:0.6500633369525878
BACC:0.0
CLSFE:0.07323076923076922
MCC:0.33326636626237616
GMEAN:0.715672024908504
SAMPLES:3250.0
AUC:{'AUC macro OVO': 0.6144895338591476}
AVGP:{'avg_precision': 0.9401239273178897}


METRICS_PER_CLASSES
CLASS:0
ACC:0.9267692307692308
PREC:0.24596774193548387
REC:0.5446428571428571
TNR:0.9404079031230083
FPR:0.7540322580645161
FPDR:0.7540322580645161
F1:0.3388888888888889
BACC:0
CLSFE:0.7540322580645161
MCC:0.33326636626237616
GMEAN:0.715672024908504
SAMPLES:248
AUC:{}
AVGP:{}
CLASS:1
ACC:0.9267692307692308
PREC:0.9830113257828115
REC:0.9404079031230083
TNR:0.5446428571428571
FPR:0.01698867421718854
FPDR:0.01698867421718854
F1:0.9612377850162866
BACC:0
CLSFE:0.01698867421718854
MCC:0.33326636626237616
GMEAN:0.715672024908504
SAMPLES:3002
AUC:{}
AVGP:{}
