

GENERAL_METRICS
ACC:0.924
PREC:0.5882537666278537
REC:0.6911157024793388
TNR:0.6911157024793388
FPR:0.4117462333721464
FPDR:0.4117462333721464
F1:0.6156477681715654
BACC:0.0
CLSFE:0.076
MCC:0.2597435705116096
GMEAN:0.644775533257843
SAMPLES:3250.0
AUC:{'AUC macro OVO': 0.5882537666278537}
AVGP:{'avg_precision': 0.9396884153084968}


METRICS_PER_CLASSES
CLASS:0
ACC:0.924
PREC:0.19574468085106383
REC:0.4423076923076923
TNR:0.9399237126509854
FPR:0.8042553191489362
FPDR:0.8042553191489362
F1:0.2713864306784661
BACC:0
CLSFE:0.8042553191489362
MCC:0.2597435705116096
GMEAN:0.644775533257843
SAMPLES:235
AUC:{}
AVGP:{}
CLASS:1
ACC:0.924
PREC:0.9807628524046434
REC:0.9399237126509854
TNR:0.4423076923076923
FPR:0.019237147595356552
FPDR:0.019237147595356552
F1:0.9599091056646648
BACC:0
CLSFE:0.019237147595356552
MCC:0.2597435705116096
GMEAN:0.644775533257843
SAMPLES:3015
AUC:{}
AVGP:{}
