

GENERAL_METRICS
ACC:0.8956
PREC:0.7139330262044606
REC:0.7131856458726274
TNR:0.7131856458726274
FPR:0.2860669737955394
FPDR:0.2860669737955394
F1:0.7135583689025795
BACC:0.0
CLSFE:0.1044
MCC:0.42711801818646644
GMEAN:0.6754429190132983
SAMPLES:2500.0
AUC:{'AUC macro OVO': 0.7139330262044605}
AVGP:{'avg_precision': 0.9395938086242228}


METRICS_PER_CLASSES
CLASS:0
ACC:0.8956
PREC:0.48616600790513836
REC:0.484251968503937
TNR:0.9421193232413179
FPR:0.5138339920948617
FPDR:0.5138339920948617
F1:0.48520710059171596
BACC:0
CLSFE:0.5138339920948617
MCC:0.42711801818646644
GMEAN:0.6754429190132983
SAMPLES:253
AUC:{}
AVGP:{}
CLASS:1
ACC:0.8956
PREC:0.9417000445037829
REC:0.9421193232413179
TNR:0.484251968503937
FPR:0.05829995549621718
FPDR:0.05829995549621718
F1:0.9419096372134431
BACC:0
CLSFE:0.05829995549621718
MCC:0.42711801818646644
GMEAN:0.6754429190132983
SAMPLES:2247
AUC:{}
AVGP:{}
