

GENERAL_METRICS
ACC:0.9132
PREC:0.7224173171349857
REC:0.753659804533167
TNR:0.753659804533167
FPR:0.27758268286501436
FPDR:0.27758268286501436
F1:0.7366237642556939
BACC:0.0
CLSFE:0.0868
MCC:0.4750508738619554
GMEAN:0.728857396611676
SAMPLES:2500.0
AUC:{'AUC macro OVO': 0.7224173171349856}
AVGP:{'avg_precision': 0.9436777776272944}


METRICS_PER_CLASSES
CLASS:0
ACC:0.9132
PREC:0.48559670781893005
REC:0.5619047619047619
TNR:0.9454148471615721
FPR:0.51440329218107
FPDR:0.51440329218107
F1:0.5209713024282561
BACC:0
CLSFE:0.51440329218107
MCC:0.4750508738619554
GMEAN:0.728857396611676
SAMPLES:243
AUC:{}
AVGP:{}
CLASS:1
ACC:0.9132
PREC:0.9592379264510412
REC:0.9454148471615721
TNR:0.5619047619047619
FPR:0.0407620735489588
FPDR:0.0407620735489588
F1:0.9522762260831318
BACC:0
CLSFE:0.0407620735489588
MCC:0.4750508738619554
GMEAN:0.728857396611676
SAMPLES:2257
AUC:{}
AVGP:{}
