

GENERAL_METRICS
ACC:0.8791111111111111
PREC:0.5196718501184503
REC:0.5713290745830494
TNR:0.5713290745830494
FPR:0.48032814988154965
FPDR:0.48032814988154965
F1:0.5172724949439815
BACC:0.0
CLSFE:0.12088888888888889
MCC:0.07491795150123942
GMEAN:0.46958907127171157
SAMPLES:2250.0
AUC:{'AUC macro OVO': 0.5196718501184503}
AVGP:{'avg_precision': 0.8966679530458704}


METRICS_PER_CLASSES
CLASS:0
ACC:0.8791111111111111
PREC:0.06224066390041494
REC:0.2459016393442623
TNR:0.8967565098218364
FPR:0.9377593360995851
FPDR:0.9377593360995851
F1:0.09933774834437085
BACC:0
CLSFE:0.9377593360995851
MCC:0.07491795150123942
GMEAN:0.46958907127171157
SAMPLES:241
AUC:{}
AVGP:{}
CLASS:1
ACC:0.8791111111111111
PREC:0.9771030363364858
REC:0.8967565098218364
TNR:0.2459016393442623
FPR:0.022896963663514187
FPDR:0.022896963663514187
F1:0.9352072415435921
BACC:0
CLSFE:0.022896963663514187
MCC:0.07491795150123942
GMEAN:0.46958907127171157
SAMPLES:2009
AUC:{}
AVGP:{}
