

GENERAL_METRICS
ACC:0.8697777777777778
PREC:0.5156893710519088
REC:0.5658074735402117
TNR:0.5658074735402117
FPR:0.4843106289480912
FPDR:0.4843106289480912
F1:0.5085574736164131
BACC:0.0
CLSFE:0.1302222222222222
MCC:0.06426438734979281
GMEAN:0.46649143516888636
SAMPLES:2250.0
AUC:{'AUC macro OVO': 0.5156893710519088}
AVGP:{'avg_precision': 0.8859287203768835}


METRICS_PER_CLASSES
CLASS:0
ACC:0.8697777777777778
PREC:0.05303030303030303
REC:0.24561403508771928
TNR:0.886000911992704
FPR:0.946969696969697
FPDR:0.946969696969697
F1:0.08722741433021806
BACC:0
CLSFE:0.946969696969697
MCC:0.06426438734979281
GMEAN:0.46649143516888636
SAMPLES:264
AUC:{}
AVGP:{}
CLASS:1
ACC:0.8697777777777778
PREC:0.9783484390735147
REC:0.886000911992704
TNR:0.24561403508771928
FPR:0.0216515609264854
FPDR:0.0216515609264854
F1:0.9298875329026083
BACC:0
CLSFE:0.0216515609264854
MCC:0.06426438734979281
GMEAN:0.46649143516888636
SAMPLES:1986
AUC:{}
AVGP:{}
