

GENERAL_METRICS
ACC:0.8715555555555555
PREC:0.5033589495648634
REC:0.5125570776255708
TNR:0.5125570776255708
FPR:0.4966410504351367
FPDR:0.4966410504351367
F1:0.4917837394243733
BACC:0.0
CLSFE:0.12844444444444444
MCC:0.012989009265739445
GMEAN:0.34482475199591034
SAMPLES:2250.0
AUC:{'AUC macro OVO': 0.5033589495648634}
AVGP:{'avg_precision': 0.8917634528594798}


METRICS_PER_CLASSES
CLASS:0
ACC:0.8715555555555555
PREC:0.0326530612244898
REC:0.13333333333333333
TNR:0.8917808219178082
FPR:0.9673469387755103
FPDR:0.9673469387755103
F1:0.05245901639344262
BACC:0
CLSFE:0.9673469387755103
MCC:0.012989009265739445
GMEAN:0.34482475199591034
SAMPLES:245
AUC:{}
AVGP:{}
CLASS:1
ACC:0.8715555555555555
PREC:0.9740648379052369
REC:0.8917808219178082
TNR:0.13333333333333333
FPR:0.02593516209476309
FPDR:0.02593516209476309
F1:0.931108462455304
BACC:0
CLSFE:0.02593516209476309
MCC:0.012989009265739445
GMEAN:0.34482475199591034
SAMPLES:2005
AUC:{}
AVGP:{}
