

GENERAL_METRICS
ACC:0.8671111111111112
PREC:0.4962417097975209
REC:0.4825
TNR:0.4825
FPR:0.5037582902024791
FPDR:0.5037582902024791
F1:0.4773746534281193
BACC:0.0
CLSFE:0.1328888888888889
MCC:-0.016219750743261666
GMEAN:0.26608269391300143
SAMPLES:2250.0
AUC:{'AUC macro OVO': 0.49624170979752086}
AVGP:{'avg_precision': 0.8850179517199086}


METRICS_PER_CLASSES
CLASS:0
ACC:0.8671111111111112
PREC:0.01556420233463035
REC:0.08
TNR:0.885
FPR:0.9844357976653697
FPDR:0.9844357976653697
F1:0.026058631921824105
BACC:0
CLSFE:0.9844357976653697
MCC:-0.016219750743261666
GMEAN:0.26608269391300143
SAMPLES:257
AUC:{}
AVGP:{}
CLASS:1
ACC:0.8671111111111112
PREC:0.9769192172604114
REC:0.885
TNR:0.08
FPR:0.02308078273958856
FPDR:0.02308078273958856
F1:0.9286906749344145
BACC:0
CLSFE:0.02308078273958856
MCC:-0.016219750743261666
GMEAN:0.26608269391300143
SAMPLES:1993
AUC:{}
AVGP:{}
