

GENERAL_METRICS
ACC:0.8726666666666667
PREC:0.7393080442476785
REC:0.7876780360167372
TNR:0.7876780360167372
FPR:0.2606919557523215
FPDR:0.2606919557523215
F1:0.7594779538248042
BACC:0.0
CLSFE:0.12733333333333333
MCC:0.5247615388809609
GMEAN:0.7788162584912243
SAMPLES:1500.0
AUC:{'AUC macro OVO': 0.7393080442476785}
AVGP:{'avg_precision': 0.9010315405898173}


METRICS_PER_CLASSES
CLASS:0
ACC:0.8726666666666667
PREC:0.5343511450381679
REC:0.6698564593301436
TNR:0.9054996127033308
FPR:0.46564885496183206
FPDR:0.46564885496183206
F1:0.5944798301486199
BACC:0
CLSFE:0.46564885496183206
MCC:0.5247615388809609
GMEAN:0.7788162584912243
SAMPLES:262
AUC:{}
AVGP:{}
CLASS:1
ACC:0.8726666666666667
PREC:0.944264943457189
REC:0.9054996127033308
TNR:0.6698564593301436
FPR:0.05573505654281099
FPDR:0.05573505654281099
F1:0.9244760775009885
BACC:0
CLSFE:0.05573505654281099
MCC:0.5247615388809609
GMEAN:0.7788162584912243
SAMPLES:1238
AUC:{}
AVGP:{}
