

GENERAL_METRICS
ACC:0.8546666666666667
PREC:0.7147840597038457
REC:0.7304699065262446
TNR:0.7304699065262446
FPR:0.2852159402961542
FPDR:0.2852159402961542
F1:0.7221051343413467
BACC:0.0
CLSFE:0.14533333333333334
MCC:0.4449775821916096
GMEAN:0.7088467615338104
SAMPLES:1500.0
AUC:{'AUC macro OVO': 0.7147840597038457}
AVGP:{'avg_precision': 0.901517165881706}


METRICS_PER_CLASSES
CLASS:0
ACC:0.8546666666666667
PREC:0.5082644628099173
REC:0.5540540540540541
TNR:0.906885758998435
FPR:0.49173553719008267
FPDR:0.49173553719008267
F1:0.5301724137931034
BACC:0
CLSFE:0.49173553719008267
MCC:0.4449775821916096
GMEAN:0.7088467615338104
SAMPLES:242
AUC:{}
AVGP:{}
CLASS:1
ACC:0.8546666666666667
PREC:0.9213036565977742
REC:0.906885758998435
TNR:0.5540540540540541
FPR:0.07869634340222575
FPDR:0.07869634340222575
F1:0.9140378548895899
BACC:0
CLSFE:0.07869634340222575
MCC:0.4449775821916096
GMEAN:0.7088467615338104
SAMPLES:1258
AUC:{}
AVGP:{}
