

GENERAL_METRICS
ACC:0.8633333333333333
PREC:0.7251821562083447
REC:0.7430339217722395
TNR:0.7430339217722395
FPR:0.2748178437916554
FPDR:0.2748178437916554
F1:0.733487260691061
BACC:0.0
CLSFE:0.13666666666666666
MCC:0.46787563534102966
GMEAN:0.7235689177749741
SAMPLES:1500.0
AUC:{'AUC macro OVO': 0.7251821562083447}
AVGP:{'avg_precision': 0.9068952526127033}


METRICS_PER_CLASSES
CLASS:0
ACC:0.8633333333333333
PREC:0.5232067510548524
REC:0.5740740740740741
TNR:0.911993769470405
FPR:0.4767932489451477
FPDR:0.4767932489451477
F1:0.5474613686534217
BACC:0
CLSFE:0.4767932489451477
MCC:0.46787563534102966
GMEAN:0.7235689177749741
SAMPLES:237
AUC:{}
AVGP:{}
CLASS:1
ACC:0.8633333333333333
PREC:0.9271575613618369
REC:0.911993769470405
TNR:0.5740740740740741
FPR:0.0728424386381631
FPDR:0.0728424386381631
F1:0.9195131527287004
BACC:0
CLSFE:0.0728424386381631
MCC:0.46787563534102966
GMEAN:0.7235689177749741
SAMPLES:1263
AUC:{}
AVGP:{}
