

GENERAL_METRICS
ACC:0.8866666666666667
PREC:0.6766739943677018
REC:0.7087084683191441
TNR:0.7087084683191441
FPR:0.32332600563229824
FPDR:0.32332600563229824
F1:0.6906706260826527
BACC:0.0
CLSFE:0.11333333333333333
MCC:0.3840487404291707
GMEAN:0.6742420843488558
SAMPLES:2250.0
AUC:{'AUC macro OVO': 0.6766739943677018}
AVGP:{'avg_precision': 0.9249861406925032}


METRICS_PER_CLASSES
CLASS:0
ACC:0.8866666666666667
PREC:0.4063745019920319
REC:0.49038461538461536
TNR:0.9270323212536729
FPR:0.5936254980079682
FPDR:0.5936254980079682
F1:0.4444444444444444
BACC:0
CLSFE:0.5936254980079682
MCC:0.3840487404291707
GMEAN:0.6742420843488558
SAMPLES:251
AUC:{}
AVGP:{}
CLASS:1
ACC:0.8866666666666667
PREC:0.9469734867433717
REC:0.9270323212536729
TNR:0.49038461538461536
FPR:0.05302651325662831
FPDR:0.05302651325662831
F1:0.9368968077208611
BACC:0
CLSFE:0.05302651325662831
MCC:0.3840487404291707
GMEAN:0.6742420843488558
SAMPLES:1999
AUC:{}
AVGP:{}
