

GENERAL_METRICS
ACC:0.8924444444444445
PREC:0.6872827066198669
REC:0.712847687756709
TNR:0.712847687756709
FPR:0.3127172933801331
FPDR:0.3127172933801331
F1:0.6988524869419783
BACC:0.0
CLSFE:0.10755555555555556
MCC:0.39931286511133984
GMEAN:0.6780194898982551
SAMPLES:2250.0
AUC:{'AUC macro OVO': 0.6872827066198669}
AVGP:{'avg_precision': 0.9308968904018597}


METRICS_PER_CLASSES
CLASS:0
ACC:0.8924444444444445
PREC:0.42677824267782427
REC:0.4927536231884058
TNR:0.9329417523250122
FPR:0.5732217573221757
FPDR:0.5732217573221757
F1:0.45739910313901344
BACC:0
CLSFE:0.5732217573221757
MCC:0.39931286511133984
GMEAN:0.6780194898982551
SAMPLES:239
AUC:{}
AVGP:{}
CLASS:1
ACC:0.8924444444444445
PREC:0.9477871705619095
REC:0.9329417523250122
TNR:0.4927536231884058
FPR:0.052212829438090504
FPDR:0.052212829438090504
F1:0.9403058707449433
BACC:0
CLSFE:0.052212829438090504
MCC:0.39931286511133984
GMEAN:0.6780194898982551
SAMPLES:2011
AUC:{}
AVGP:{}
