

GENERAL_METRICS
ACC:0.8866666666666667
PREC:0.6845841784989858
REC:0.7199268310596184
TNR:0.7199268310596184
FPR:0.3154158215010142
FPDR:0.3154158215010142
F1:0.6999019287348807
BACC:0.0
CLSFE:0.11333333333333333
MCC:0.40296408495559455
GMEAN:0.689852506104895
SAMPLES:2250.0
AUC:{'AUC macro OVO': 0.6845841784989858}
AVGP:{'avg_precision': 0.923647521090951}


METRICS_PER_CLASSES
CLASS:0
ACC:0.8866666666666667
PREC:0.421455938697318
REC:0.514018691588785
TNR:0.9258349705304518
FPR:0.578544061302682
FPDR:0.578544061302682
F1:0.4631578947368421
BACC:0
CLSFE:0.578544061302682
MCC:0.40296408495559455
GMEAN:0.689852506104895
SAMPLES:261
AUC:{}
AVGP:{}
CLASS:1
ACC:0.8866666666666667
PREC:0.9477124183006536
REC:0.9258349705304518
TNR:0.514018691588785
FPR:0.05228758169934641
FPDR:0.05228758169934641
F1:0.9366459627329192
BACC:0
CLSFE:0.05228758169934641
MCC:0.40296408495559455
GMEAN:0.689852506104895
SAMPLES:1989
AUC:{}
AVGP:{}
