

GENERAL_METRICS
ACC:0.8835555555555555
PREC:0.6983340704702934
REC:0.708393143716347
TNR:0.708393143716347
FPR:0.3016659295297066
FPDR:0.3016659295297066
F1:0.7031698140569109
BACC:0.0
CLSFE:0.11644444444444445
MCC:0.4066028059488225
GMEAN:0.6724056205013235
SAMPLES:2250.0
AUC:{'AUC macro OVO': 0.6983340704702934}
AVGP:{'avg_precision': 0.9285343406633391}


METRICS_PER_CLASSES
CLASS:0
ACC:0.8835555555555555
PREC:0.4588235294117647
REC:0.4854771784232365
TNR:0.9313091090094574
FPR:0.5411764705882353
FPDR:0.5411764705882353
F1:0.4717741935483871
BACC:0
CLSFE:0.5411764705882353
MCC:0.4066028059488225
GMEAN:0.6724056205013235
SAMPLES:255
AUC:{}
AVGP:{}
CLASS:1
ACC:0.8835555555555555
PREC:0.937844611528822
REC:0.9313091090094574
TNR:0.4854771784232365
FPR:0.06215538847117794
FPDR:0.06215538847117794
F1:0.9345654345654346
BACC:0
CLSFE:0.06215538847117794
MCC:0.4066028059488225
GMEAN:0.6724056205013235
SAMPLES:1995
AUC:{}
AVGP:{}
