

GENERAL_METRICS
ACC:0.9256666666666666
PREC:0.672490226897191
REC:0.7543133802816901
TNR:0.7543133802816901
FPR:0.32750977310280904
FPDR:0.32750977310280904
F1:0.7034036755777089
BACC:0.0
CLSFE:0.07433333333333333
MCC:0.41888696646126555
GMEAN:0.7295178564071626
SAMPLES:3000.0
AUC:{'AUC macro OVO': 0.672490226897191}
AVGP:{'avg_precision': 0.9454380143756993}


METRICS_PER_CLASSES
CLASS:0
ACC:0.9256666666666666
PREC:0.37037037037037035
REC:0.5625
TNR:0.9461267605633803
FPR:0.6296296296296297
FPDR:0.6296296296296297
F1:0.4466501240694789
BACC:0
CLSFE:0.6296296296296297
MCC:0.41888696646126555
GMEAN:0.7295178564071626
SAMPLES:243
AUC:{}
AVGP:{}
CLASS:1
ACC:0.9256666666666666
PREC:0.9746100834240116
REC:0.9461267605633803
TNR:0.5625
FPR:0.025389916575988394
FPDR:0.025389916575988394
F1:0.9601572270859389
BACC:0
CLSFE:0.025389916575988394
MCC:0.41888696646126555
GMEAN:0.7295178564071626
SAMPLES:2757
AUC:{}
AVGP:{}
