

GENERAL_METRICS
ACC:0.9276666666666666
PREC:0.6572149032523673
REC:0.7361495259375566
TNR:0.7361495259375566
FPR:0.34278509674763274
FPDR:0.34278509674763274
F1:0.6866937236234376
BACC:0.0
CLSFE:0.07233333333333333
MCC:0.3853633343916639
GMEAN:0.7049590116912786
SAMPLES:3000.0
AUC:{'AUC macro OVO': 0.6572149032523673}
AVGP:{'avg_precision': 0.9475937154595053}


METRICS_PER_CLASSES
CLASS:0
ACC:0.9276666666666666
PREC:0.3392857142857143
REC:0.5241379310344828
TNR:0.9481611208406304
FPR:0.6607142857142857
FPDR:0.6607142857142857
F1:0.41192411924119243
BACC:0
CLSFE:0.6607142857142857
MCC:0.3853633343916639
GMEAN:0.7049590116912786
SAMPLES:224
AUC:{}
AVGP:{}
CLASS:1
ACC:0.9276666666666666
PREC:0.9751440922190202
REC:0.9481611208406304
TNR:0.5241379310344828
FPR:0.024855907780979826
FPDR:0.024855907780979826
F1:0.9614633280056828
BACC:0
CLSFE:0.024855907780979826
MCC:0.3853633343916639
GMEAN:0.7049590116912786
SAMPLES:2776
AUC:{}
AVGP:{}
