

GENERAL_METRICS
ACC:0.9296666666666666
PREC:0.6665044403656117
REC:0.7637834688937244
TNR:0.7637834688937244
FPR:0.33349555963438826
FPDR:0.33349555963438826
F1:0.701396924624187
BACC:0.0
CLSFE:0.07033333333333333
MCC:0.4191473195230972
GMEAN:0.7414464726188752
SAMPLES:3000.0
AUC:{'AUC macro OVO': 0.6665044403656117}
AVGP:{'avg_precision': 0.9466018615464395}


METRICS_PER_CLASSES
CLASS:0
ACC:0.9296666666666666
PREC:0.3547008547008547
REC:0.5804195804195804
TNR:0.9471473573678684
FPR:0.6452991452991453
FPDR:0.6452991452991453
F1:0.4403183023872679
BACC:0
CLSFE:0.6452991452991453
MCC:0.4191473195230972
GMEAN:0.7414464726188752
SAMPLES:234
AUC:{}
AVGP:{}
CLASS:1
ACC:0.9296666666666666
PREC:0.9783080260303688
REC:0.9471473573678684
TNR:0.5804195804195804
FPR:0.021691973969631236
FPDR:0.021691973969631236
F1:0.9624755468611061
BACC:0
CLSFE:0.021691973969631236
MCC:0.4191473195230972
GMEAN:0.7414464726188752
SAMPLES:2766
AUC:{}
AVGP:{}
