

GENERAL_METRICS
ACC:0.927
PREC:0.6580322222870819
REC:0.7294285061876322
TNR:0.7294285061876322
FPR:0.34196777771291814
FPDR:0.34196777771291814
F1:0.68539891848097
BACC:0.0
CLSFE:0.073
MCC:0.38082592710495455
GMEAN:0.6956626519354383
SAMPLES:3000.0
AUC:{'AUC macro OVO': 0.6580322222870818}
AVGP:{'avg_precision': 0.9481910276641214}


METRICS_PER_CLASSES
CLASS:0
ACC:0.927
PREC:0.34234234234234234
REC:0.5100671140939598
TNR:0.9487898982813048
FPR:0.6576576576576577
FPDR:0.6576576576576577
F1:0.40970350404312667
BACC:0
CLSFE:0.6576576576576577
MCC:0.38082592710495455
GMEAN:0.6956626519354383
SAMPLES:222
AUC:{}
AVGP:{}
CLASS:1
ACC:0.927
PREC:0.9737221022318214
REC:0.9487898982813048
TNR:0.5100671140939598
FPR:0.026277897768178547
FPDR:0.026277897768178547
F1:0.9610943329188133
BACC:0
CLSFE:0.026277897768178547
MCC:0.38082592710495455
GMEAN:0.6956626519354383
SAMPLES:2778
AUC:{}
AVGP:{}
