

GENERAL_METRICS
ACC:0.834
PREC:0.8330878586065573
REC:0.8357376837553049
TNR:0.8357376837553049
FPR:0.16691214139344263
FPDR:0.16691214139344263
F1:0.8334396911209307
BACC:0.0
CLSFE:0.166
MCC:0.6688202931597698
GMEAN:0.8355242213918412
SAMPLES:500.0
AUC:{'AUC macro OVO': 0.8330878586065573}
AVGP:{'avg_precision': 0.7794973640499747}


METRICS_PER_CLASSES
CLASS:0
ACC:0.834
PREC:0.87109375
REC:0.8168498168498168
TNR:0.8546255506607929
FPR:0.12890625
FPDR:0.12890625
F1:0.8431001890359168
BACC:0
CLSFE:0.12890625
MCC:0.6688202931597698
GMEAN:0.8355242213918412
SAMPLES:256
AUC:{}
AVGP:{}
CLASS:1
ACC:0.834
PREC:0.7950819672131147
REC:0.8546255506607929
TNR:0.8168498168498168
FPR:0.20491803278688525
FPDR:0.20491803278688525
F1:0.8237791932059448
BACC:0
CLSFE:0.20491803278688525
MCC:0.6688202931597698
GMEAN:0.8355242213918412
SAMPLES:244
AUC:{}
AVGP:{}
