

GENERAL_METRICS
ACC:0.824
PREC:0.8241411862589801
REC:0.825641767533073
TNR:0.825641767533073
FPR:0.17585881374101986
FPDR:0.17585881374101986
F1:0.8238195912614518
BACC:0.0
CLSFE:0.176
MCC:0.6497812211002756
GMEAN:0.8252886846027904
SAMPLES:500.0
AUC:{'AUC macro OVO': 0.8241411862589803}
AVGP:{'avg_precision': 0.7763486483251543}


METRICS_PER_CLASSES
CLASS:0
ACC:0.824
PREC:0.8594377510040161
REC:0.8014981273408239
TNR:0.8497854077253219
FPR:0.14056224899598393
FPDR:0.14056224899598393
F1:0.8294573643410853
BACC:0
CLSFE:0.14056224899598393
MCC:0.6497812211002756
GMEAN:0.8252886846027904
SAMPLES:249
AUC:{}
AVGP:{}
CLASS:1
ACC:0.824
PREC:0.7888446215139442
REC:0.8497854077253219
TNR:0.8014981273408239
FPR:0.21115537848605578
FPDR:0.21115537848605578
F1:0.8181818181818182
BACC:0
CLSFE:0.21115537848605578
MCC:0.6497812211002756
GMEAN:0.8252886846027904
SAMPLES:251
AUC:{}
AVGP:{}
