

GENERAL_METRICS
ACC:0.81
PREC:0.8089779713114754
REC:0.8119191919191919
TNR:0.8119191919191919
FPR:0.19102202868852458
FPDR:0.19102202868852458
F1:0.8092668216624705
BACC:0.0
CLSFE:0.19
MCC:0.6208901968377555
GMEAN:0.8116923336119692
SAMPLES:500.0
AUC:{'AUC macro OVO': 0.8089779713114754}
AVGP:{'avg_precision': 0.7509581056466302}


METRICS_PER_CLASSES
CLASS:0
ACC:0.81
PREC:0.8515625
REC:0.7927272727272727
TNR:0.8311111111111111
FPR:0.1484375
FPDR:0.1484375
F1:0.8210922787193974
BACC:0
CLSFE:0.1484375
MCC:0.6208901968377555
GMEAN:0.8116923336119692
SAMPLES:256
AUC:{}
AVGP:{}
CLASS:1
ACC:0.81
PREC:0.7663934426229508
REC:0.8311111111111111
TNR:0.7927272727272727
FPR:0.2336065573770492
FPDR:0.2336065573770492
F1:0.7974413646055437
BACC:0
CLSFE:0.2336065573770492
MCC:0.6208901968377555
GMEAN:0.8116923336119692
SAMPLES:244
AUC:{}
AVGP:{}
