

GENERAL_METRICS
ACC:0.782
PREC:0.7841230097586029
REC:0.7837814007919333
TNR:0.7837814007919333
FPR:0.215876990241397
FPDR:0.215876990241397
F1:0.7819921517174618
BACC:0.0
CLSFE:0.218
MCC:0.56790430780728
GMEAN:0.7827350363497745
SAMPLES:500.0
AUC:{'AUC macro OVO': 0.7841230097586029}
AVGP:{'avg_precision': 0.7490786103714974}


METRICS_PER_CLASSES
CLASS:0
ACC:0.782
PREC:0.8220338983050848
REC:0.7432950191570882
TNR:0.8242677824267782
FPR:0.17796610169491525
FPDR:0.17796610169491525
F1:0.7806841046277666
BACC:0
CLSFE:0.17796610169491525
MCC:0.56790430780728
GMEAN:0.7827350363497745
SAMPLES:236
AUC:{}
AVGP:{}
CLASS:1
ACC:0.782
PREC:0.7462121212121212
REC:0.8242677824267782
TNR:0.7432950191570882
FPR:0.2537878787878788
FPDR:0.2537878787878788
F1:0.7833001988071571
BACC:0
CLSFE:0.2537878787878788
MCC:0.56790430780728
GMEAN:0.7827350363497745
SAMPLES:264
AUC:{}
AVGP:{}
