

GENERAL_METRICS
ACC:0.9149333333333334
PREC:0.6275231584006333
REC:0.6388097842184153
TNR:0.6388097842184153
FPR:0.3724768415993667
FPDR:0.3724768415993667
F1:0.6328416506273075
BACC:0.0
CLSFE:0.08506666666666667
MCC:0.2660936835059614
GMEAN:0.5568641814019526
SAMPLES:3750.0
AUC:{'AUC macro OVO': 0.6275231584006333}
AVGP:{'avg_precision': 0.9511327885073225}


METRICS_PER_CLASSES
CLASS:0
ACC:0.9149333333333334
PREC:0.2975206611570248
REC:0.3257918552036199
TNR:0.9518277132332106
FPR:0.7024793388429752
FPDR:0.7024793388429752
F1:0.31101511879049676
BACC:0
CLSFE:0.7024793388429752
MCC:0.2660936835059614
GMEAN:0.5568641814019526
SAMPLES:242
AUC:{}
AVGP:{}
CLASS:1
ACC:0.9149333333333334
PREC:0.9575256556442417
REC:0.9518277132332106
TNR:0.3257918552036199
FPR:0.04247434435575827
FPDR:0.04247434435575827
F1:0.9546681824641182
BACC:0
CLSFE:0.04247434435575827
MCC:0.2660936835059614
GMEAN:0.5568641814019526
SAMPLES:3508
AUC:{}
AVGP:{}
