

GENERAL_METRICS
ACC:0.881
PREC:0.6361662172144644
REC:0.7381652889988948
TNR:0.7381652889988948
FPR:0.36383378278553563
FPDR:0.36383378278553563
F1:0.6664760815704212
BACC:0.0
CLSFE:0.119
MCC:0.3601669972374992
GMEAN:0.7193267684855738
SAMPLES:2000.0
AUC:{'AUC macro OVO': 0.6361662172144644}
AVGP:{'avg_precision': 0.9027536400867676}


METRICS_PER_CLASSES
CLASS:0
ACC:0.881
PREC:0.3062015503875969
REC:0.572463768115942
TNR:0.9038668098818474
FPR:0.6937984496124031
FPDR:0.6937984496124031
F1:0.398989898989899
BACC:0
CLSFE:0.6937984496124031
MCC:0.3601669972374992
GMEAN:0.7193267684855738
SAMPLES:258
AUC:{}
AVGP:{}
CLASS:1
ACC:0.881
PREC:0.9661308840413318
REC:0.9038668098818474
TNR:0.572463768115942
FPR:0.0338691159586682
FPDR:0.0338691159586682
F1:0.9339622641509434
BACC:0
CLSFE:0.0338691159586682
MCC:0.3601669972374992
GMEAN:0.7193267684855738
SAMPLES:1742
AUC:{}
AVGP:{}
