

GENERAL_METRICS
ACC:0.8795
PREC:0.6150100583103892
REC:0.7117333333333333
TNR:0.7117333333333333
FPR:0.3849899416896107
FPDR:0.3849899416896107
F1:0.6419974167365465
BACC:0.0
CLSFE:0.1205
MCC:0.3120991061372637
GMEAN:0.6854215248054781
SAMPLES:2000.0
AUC:{'AUC macro OVO': 0.6150100583103892}
AVGP:{'avg_precision': 0.9025613074876473}


METRICS_PER_CLASSES
CLASS:0
ACC:0.8795
PREC:0.26422764227642276
REC:0.52
TNR:0.9034666666666666
FPR:0.7357723577235772
FPDR:0.7357723577235772
F1:0.3504043126684636
BACC:0
CLSFE:0.7357723577235772
MCC:0.3120991061372637
GMEAN:0.6854215248054781
SAMPLES:246
AUC:{}
AVGP:{}
CLASS:1
ACC:0.8795
PREC:0.9657924743443558
REC:0.9034666666666666
TNR:0.52
FPR:0.03420752565564424
FPDR:0.03420752565564424
F1:0.9335905208046293
BACC:0
CLSFE:0.03420752565564424
MCC:0.3120991061372637
GMEAN:0.6854215248054781
SAMPLES:1754
AUC:{}
AVGP:{}
