

GENERAL_METRICS
ACC:0.873
PREC:0.6095567854196215
REC:0.6864743751577884
TNR:0.6864743751577884
FPR:0.39044321458037845
FPDR:0.39044321458037845
F1:0.6324370005701567
BACC:0.0
CLSFE:0.127
MCC:0.2858638354561125
GMEAN:0.6516442605924183
SAMPLES:2000.0
AUC:{'AUC macro OVO': 0.6095567854196215}
AVGP:{'avg_precision': 0.9013194904595749}


METRICS_PER_CLASSES
CLASS:0
ACC:0.873
PREC:0.2601626016260163
REC:0.47058823529411764
TNR:0.9023605150214592
FPR:0.7398373983739838
FPDR:0.7398373983739838
F1:0.33507853403141363
BACC:0
CLSFE:0.7398373983739838
MCC:0.2858638354561125
GMEAN:0.6516442605924183
SAMPLES:246
AUC:{}
AVGP:{}
CLASS:1
ACC:0.873
PREC:0.9589509692132269
REC:0.9023605150214592
TNR:0.47058823529411764
FPR:0.04104903078677309
FPDR:0.04104903078677309
F1:0.9297954671088999
BACC:0
CLSFE:0.04104903078677309
MCC:0.2858638354561125
GMEAN:0.6516442605924183
SAMPLES:1754
AUC:{}
AVGP:{}
