

GENERAL_METRICS
ACC:0.883
PREC:0.622509999603976
REC:0.6952474122696289
TNR:0.6952474122696289
FPR:0.37749000039602393
FPDR:0.37749000039602393
F1:0.6463932107496464
BACC:0.0
CLSFE:0.117
MCC:0.3093202896664206
GMEAN:0.6604142367866301
SAMPLES:2000.0
AUC:{'AUC macro OVO': 0.622509999603976}
AVGP:{'avg_precision': 0.9114897039304779}


METRICS_PER_CLASSES
CLASS:0
ACC:0.883
PREC:0.2850877192982456
REC:0.47794117647058826
TNR:0.9125536480686696
FPR:0.7149122807017544
FPDR:0.7149122807017544
F1:0.35714285714285715
BACC:0
CLSFE:0.7149122807017544
MCC:0.3093202896664206
GMEAN:0.6604142367866301
SAMPLES:228
AUC:{}
AVGP:{}
CLASS:1
ACC:0.883
PREC:0.9599322799097065
REC:0.9125536480686696
TNR:0.47794117647058826
FPR:0.040067720090293454
FPDR:0.040067720090293454
F1:0.9356435643564357
BACC:0
CLSFE:0.040067720090293454
MCC:0.3093202896664206
GMEAN:0.6604142367866301
SAMPLES:1772
AUC:{}
AVGP:{}
