

GENERAL_METRICS
ACC:0.8066666666666666
PREC:0.7916666666666667
REC:0.7777669714063411
TNR:0.7777669714063411
FPR:0.20833333333333331
FPDR:0.20833333333333331
F1:0.7835713219563163
BACC:0.0
CLSFE:0.19333333333333333
MCC:0.5692639692100067
GMEAN:0.7715017425306788
SAMPLES:750.0
AUC:{'AUC macro OVO': 0.7916666666666666}
AVGP:{'avg_precision': 0.843573883161512}


METRICS_PER_CLASSES
CLASS:0
ACC:0.8066666666666666
PREC:0.75
REC:0.6792452830188679
TNR:0.8762886597938144
FPR:0.25
FPDR:0.25
F1:0.7128712871287128
BACC:0
CLSFE:0.25
MCC:0.5692639692100067
GMEAN:0.7715017425306788
SAMPLES:240
AUC:{}
AVGP:{}
CLASS:1
ACC:0.8066666666666666
PREC:0.8333333333333334
REC:0.8762886597938144
TNR:0.6792452830188679
FPR:0.16666666666666666
FPDR:0.16666666666666666
F1:0.8542713567839196
BACC:0
CLSFE:0.16666666666666666
MCC:0.5692639692100067
GMEAN:0.7715017425306788
SAMPLES:510
AUC:{}
AVGP:{}
