

GENERAL_METRICS
ACC:0.8173333333333334
PREC:0.7959487525961515
REC:0.7849971083408303
TNR:0.7849971083408303
FPR:0.20405124740384856
FPDR:0.20405124740384856
F1:0.7899026497825415
BACC:0.0
CLSFE:0.18266666666666667
MCC:0.580842624837327
GMEAN:0.779168686930976
SAMPLES:750.0
AUC:{'AUC macro OVO': 0.7959487525961514}
AVGP:{'avg_precision': 0.8525150573045007}


METRICS_PER_CLASSES
CLASS:0
ACC:0.8173333333333334
PREC:0.7402597402597403
REC:0.6895161290322581
TNR:0.8804780876494024
FPR:0.2597402597402597
FPDR:0.2597402597402597
F1:0.7139874739039666
BACC:0
CLSFE:0.2597402597402597
MCC:0.580842624837327
GMEAN:0.779168686930976
SAMPLES:231
AUC:{}
AVGP:{}
CLASS:1
ACC:0.8173333333333334
PREC:0.8516377649325626
REC:0.8804780876494024
TNR:0.6895161290322581
FPR:0.14836223506743737
FPDR:0.14836223506743737
F1:0.8658178256611165
BACC:0
CLSFE:0.14836223506743737
MCC:0.580842624837327
GMEAN:0.779168686930976
SAMPLES:519
AUC:{}
AVGP:{}
