

GENERAL_METRICS
ACC:0.7973333333333333
PREC:0.7675011422937258
REC:0.7720369449494167
TNR:0.7720369449494167
FPR:0.2324988577062742
FPDR:0.2324988577062742
F1:0.7696504344311983
BACC:0.0
CLSFE:0.20266666666666666
MCC:0.5395190210551037
GMEAN:0.768784442129422
SAMPLES:750.0
AUC:{'AUC macro OVO': 0.7675011422937258}
AVGP:{'avg_precision': 0.817703939860946}


METRICS_PER_CLASSES
CLASS:0
ACC:0.7973333333333333
PREC:0.678714859437751
REC:0.7012448132780082
TNR:0.8428290766208252
FPR:0.321285140562249
FPDR:0.321285140562249
F1:0.689795918367347
BACC:0
CLSFE:0.321285140562249
MCC:0.5395190210551037
GMEAN:0.768784442129422
SAMPLES:249
AUC:{}
AVGP:{}
CLASS:1
ACC:0.7973333333333333
PREC:0.8562874251497006
REC:0.8428290766208252
TNR:0.7012448132780082
FPR:0.1437125748502994
FPDR:0.1437125748502994
F1:0.8495049504950495
BACC:0
CLSFE:0.1437125748502994
MCC:0.5395190210551037
GMEAN:0.768784442129422
SAMPLES:501
AUC:{}
AVGP:{}
