

GENERAL_METRICS
ACC:0.8026666666666666
PREC:0.765079365079365
REC:0.765079365079365
TNR:0.765079365079365
FPR:0.23492063492063492
FPDR:0.23492063492063492
F1:0.765079365079365
BACC:0.0
CLSFE:0.19733333333333333
MCC:0.5301587301587302
GMEAN:0.7592867719882931
SAMPLES:750.0
AUC:{'AUC macro OVO': 0.765079365079365}
AVGP:{'avg_precision': 0.8366294784580499}


METRICS_PER_CLASSES
CLASS:0
ACC:0.8026666666666666
PREC:0.6711111111111111
REC:0.6711111111111111
TNR:0.8590476190476191
FPR:0.3288888888888889
FPDR:0.3288888888888889
F1:0.6711111111111111
BACC:0
CLSFE:0.3288888888888889
MCC:0.5301587301587302
GMEAN:0.7592867719882931
SAMPLES:225
AUC:{}
AVGP:{}
CLASS:1
ACC:0.8026666666666666
PREC:0.8590476190476191
REC:0.8590476190476191
TNR:0.6711111111111111
FPR:0.14095238095238094
FPDR:0.14095238095238094
F1:0.8590476190476191
BACC:0
CLSFE:0.14095238095238094
MCC:0.5301587301587302
GMEAN:0.7592867719882931
SAMPLES:525
AUC:{}
AVGP:{}
