

GENERAL_METRICS
ACC:0.9005333333333333
PREC:0.535617379070079
REC:0.5437957600302455
TNR:0.5437957600302455
FPR:0.46438262092992094
FPDR:0.46438262092992094
F1:0.5388927293891231
BACC:0.0
CLSFE:0.09946666666666666
MCC:0.07899089027627107
GMEAN:0.37141198332883146
SAMPLES:3750.0
AUC:{'AUC macro OVO': 0.5356173790700791}
AVGP:{'avg_precision': 0.9407876009210611}


METRICS_PER_CLASSES
CLASS:0
ACC:0.9005333333333333
PREC:0.11764705882352941
REC:0.14659685863874344
TNR:0.9409946614217477
FPR:0.8823529411764706
FPDR:0.8823529411764706
F1:0.13053613053613053
BACC:0
CLSFE:0.8823529411764706
MCC:0.07899089027627107
GMEAN:0.37141198332883146
SAMPLES:238
AUC:{}
AVGP:{}
CLASS:1
ACC:0.9005333333333333
PREC:0.9535876993166287
REC:0.9409946614217477
TNR:0.14659685863874344
FPR:0.0464123006833713
FPDR:0.0464123006833713
F1:0.9472493282421157
BACC:0
CLSFE:0.0464123006833713
MCC:0.07899089027627107
GMEAN:0.37141198332883146
SAMPLES:3512
AUC:{}
AVGP:{}
