

GENERAL_METRICS
ACC:0.8989333333333334
PREC:0.5312008118516076
REC:0.5445277127740754
TNR:0.5445277127740754
FPR:0.4687991881483924
FPDR:0.4687991881483924
F1:0.535540885310543
BACC:0.0
CLSFE:0.10106666666666667
MCC:0.07454665085559112
GMEAN:0.37886231484459
SAMPLES:3750.0
AUC:{'AUC macro OVO': 0.5312008118516076}
AVGP:{'avg_precision': 0.9354680436204837}


METRICS_PER_CLASSES
CLASS:0
ACC:0.8989333333333334
PREC:0.10505836575875487
REC:0.1534090909090909
TNR:0.9356463346390599
FPR:0.8949416342412452
FPDR:0.8949416342412452
F1:0.12471131639722864
BACC:0
CLSFE:0.8949416342412452
MCC:0.07454665085559112
GMEAN:0.37886231484459
SAMPLES:257
AUC:{}
AVGP:{}
CLASS:1
ACC:0.8989333333333334
PREC:0.9573432579444604
REC:0.9356463346390599
TNR:0.1534090909090909
FPR:0.042656742055539654
FPDR:0.042656742055539654
F1:0.9463704542238573
BACC:0
CLSFE:0.042656742055539654
MCC:0.07454665085559112
GMEAN:0.37886231484459
SAMPLES:3493
AUC:{}
AVGP:{}
