

GENERAL_METRICS
ACC:0.9037333333333334
PREC:0.5236661658144973
REC:0.5331190834767642
TNR:0.5331190834767642
FPR:0.4763338341855027
FPDR:0.4763338341855027
F1:0.5266758994731287
BACC:0.0
CLSFE:0.09626666666666667
MCC:0.055992918165970955
GMEAN:0.3447923681122216
SAMPLES:3750.0
AUC:{'AUC macro OVO': 0.5236661658144973}
AVGP:{'avg_precision': 0.9396111178886585}


METRICS_PER_CLASSES
CLASS:0
ACC:0.9037333333333334
PREC:0.08860759493670886
REC:0.12650602409638553
TNR:0.9397321428571429
FPR:0.9113924050632911
FPDR:0.9113924050632911
F1:0.10421836228287841
BACC:0
CLSFE:0.9113924050632911
MCC:0.055992918165970955
GMEAN:0.3447923681122216
SAMPLES:237
AUC:{}
AVGP:{}
CLASS:1
ACC:0.9037333333333334
PREC:0.9587247366922858
REC:0.9397321428571429
TNR:0.12650602409638553
FPR:0.04127526330771421
FPDR:0.04127526330771421
F1:0.9491334366633789
BACC:0
CLSFE:0.04127526330771421
MCC:0.055992918165970955
GMEAN:0.3447923681122216
SAMPLES:3513
AUC:{}
AVGP:{}
