

GENERAL_METRICS
ACC:0.8909333333333334
PREC:0.5177833124137272
REC:0.5237053822372119
TNR:0.5237053822372119
FPR:0.4822166875862728
FPDR:0.4822166875862728
F1:0.519545680515968
BACC:0.0
CLSFE:0.10906666666666667
MCC:0.04106386334533853
GMEAN:0.3269349728690961
SAMPLES:3750.0
AUC:{'AUC macro OVO': 0.5177833124137272}
AVGP:{'avg_precision': 0.9327091556197418}


METRICS_PER_CLASSES
CLASS:0
ACC:0.8909333333333334
PREC:0.0842911877394636
REC:0.11458333333333333
TNR:0.9328274311410905
FPR:0.9157088122605364
FPDR:0.9157088122605364
F1:0.09713024282560706
BACC:0
CLSFE:0.9157088122605364
MCC:0.04106386334533853
GMEAN:0.3269349728690961
SAMPLES:261
AUC:{}
AVGP:{}
CLASS:1
ACC:0.8909333333333334
PREC:0.9512754370879908
REC:0.9328274311410905
TNR:0.11458333333333333
FPR:0.04872456291200917
FPDR:0.04872456291200917
F1:0.9419611182063289
BACC:0
CLSFE:0.04872456291200917
MCC:0.04106386334533853
GMEAN:0.3269349728690961
SAMPLES:3489
AUC:{}
AVGP:{}
