

GENERAL_METRICS
ACC:0.8885
PREC:0.6920786919418931
REC:0.7066026524961042
TNR:0.7066026524961042
FPR:0.30792130805810697
FPDR:0.30792130805810697
F1:0.6989397413716872
BACC:0.0
CLSFE:0.1115
MCC:0.39841670267787305
GMEAN:0.6692136795948114
SAMPLES:2000.0
AUC:{'AUC macro OVO': 0.6920786919418931}
AVGP:{'avg_precision': 0.931046846485542}


METRICS_PER_CLASSES
CLASS:0
ACC:0.8885
PREC:0.4418604651162791
REC:0.4797979797979798
TNR:0.9334073251942286
FPR:0.5581395348837209
FPDR:0.5581395348837209
F1:0.4600484261501211
BACC:0
CLSFE:0.5581395348837209
MCC:0.39841670267787305
GMEAN:0.6692136795948114
SAMPLES:215
AUC:{}
AVGP:{}
CLASS:1
ACC:0.8885
PREC:0.942296918767507
REC:0.9334073251942286
TNR:0.4797979797979798
FPR:0.057703081232493
FPDR:0.057703081232493
F1:0.9378310565932534
BACC:0
CLSFE:0.057703081232493
MCC:0.39841670267787305
GMEAN:0.6692136795948114
SAMPLES:1785
AUC:{}
AVGP:{}
