

GENERAL_METRICS
ACC:0.874
PREC:0.6800252153034644
REC:0.7032370147879143
TNR:0.7032370147879143
FPR:0.3199747846965357
FPDR:0.3199747846965357
F1:0.6904937361827561
BACC:0.0
CLSFE:0.126
MCC:0.3825586874968474
GMEAN:0.6688364949780915
SAMPLES:2000.0
AUC:{'AUC macro OVO': 0.6800252153034643}
AVGP:{'avg_precision': 0.9177651274769811}


METRICS_PER_CLASSES
CLASS:0
ACC:0.874
PREC:0.42276422764227645
REC:0.48598130841121495
TNR:0.9204927211646137
FPR:0.5772357723577236
FPDR:0.5772357723577236
F1:0.45217391304347826
BACC:0
CLSFE:0.5772357723577236
MCC:0.3825586874968474
GMEAN:0.6688364949780915
SAMPLES:246
AUC:{}
AVGP:{}
CLASS:1
ACC:0.874
PREC:0.9372862029646523
REC:0.9204927211646137
TNR:0.48598130841121495
FPR:0.06271379703534778
FPDR:0.06271379703534778
F1:0.9288135593220339
BACC:0
CLSFE:0.06271379703534778
MCC:0.3825586874968474
GMEAN:0.6688364949780915
SAMPLES:1754
AUC:{}
AVGP:{}
