

GENERAL_METRICS
ACC:0.8915
PREC:0.7315174857419019
REC:0.7324016870618986
TNR:0.7324016870618986
FPR:0.2684825142580981
FPDR:0.2684825142580981
F1:0.7319582917220198
BACC:0.0
CLSFE:0.1085
MCC:0.46391833018645445
GMEAN:0.7028092444087337
SAMPLES:2000.0
AUC:{'AUC macro OVO': 0.7315174857419019}
AVGP:{'avg_precision': 0.9352562694935842}


METRICS_PER_CLASSES
CLASS:0
ACC:0.8915
PREC:0.5240174672489083
REC:0.5263157894736842
TNR:0.9384875846501128
FPR:0.4759825327510917
FPDR:0.4759825327510917
F1:0.5251641137855579
BACC:0
CLSFE:0.4759825327510917
MCC:0.46391833018645445
GMEAN:0.7028092444087337
SAMPLES:229
AUC:{}
AVGP:{}
CLASS:1
ACC:0.8915
PREC:0.9390175042348955
REC:0.9384875846501128
TNR:0.5263157894736842
FPR:0.060982495765104464
FPDR:0.060982495765104464
F1:0.9387524696584815
BACC:0
CLSFE:0.060982495765104464
MCC:0.46391833018645445
GMEAN:0.7028092444087337
SAMPLES:1771
AUC:{}
AVGP:{}
