

GENERAL_METRICS
ACC:0.889
PREC:0.6767515160079844
REC:0.7148782515592451
TNR:0.7148782515592451
FPR:0.32324848399201556
FPDR:0.32324848399201556
F1:0.6930301245302116
BACC:0.0
CLSFE:0.111
MCC:0.3897694534990736
GMEAN:0.6826938451573671
SAMPLES:2000.0
AUC:{'AUC macro OVO': 0.6767515160079844}
AVGP:{'avg_precision': 0.9250367999241018}


METRICS_PER_CLASSES
CLASS:0
ACC:0.889
PREC:0.40358744394618834
REC:0.5027932960893855
TNR:0.9269632070291048
FPR:0.5964125560538116
FPDR:0.5964125560538116
F1:0.44776119402985076
BACC:0
CLSFE:0.5964125560538116
MCC:0.3897694534990736
GMEAN:0.6826938451573671
SAMPLES:223
AUC:{}
AVGP:{}
CLASS:1
ACC:0.889
PREC:0.9499155880697805
REC:0.9269632070291048
TNR:0.5027932960893855
FPR:0.05008441193021947
FPDR:0.05008441193021947
F1:0.9382990550305725
BACC:0
CLSFE:0.05008441193021947
MCC:0.3897694534990736
GMEAN:0.6826938451573671
SAMPLES:1777
AUC:{}
AVGP:{}
