

GENERAL_METRICS
ACC:0.9301176470588235
PREC:0.4948673009514271
REC:0.4695889760038014
TNR:0.4695889760038014
FPR:0.5051326990485728
FPDR:0.5051326990485728
F1:0.4818968669998781
BACC:0.0
CLSFE:0.06988235294117646
MCC:-0.02498724746196868
GMEAN:0.0
SAMPLES:4250.0
AUC:{'AUC macro OVO': 0.4948673009514271}
AVGP:{'avg_precision': 0.9391839752697121}


METRICS_PER_CLASSES
CLASS:0
ACC:0.9301176470588235
PREC:0.0
REC:0.0
TNR:0.9391779520076028
FPR:1.0
FPDR:1.0
F1:0.0
BACC:0
CLSFE:1.0
MCC:-0.02498724746196868
GMEAN:0
SAMPLES:256
AUC:{}
AVGP:{}
CLASS:1
ACC:0.9301176470588235
PREC:0.9897346019028542
REC:0.9391779520076028
TNR:0.0
FPR:0.010265398097145719
FPDR:0.010265398097145719
F1:0.9637937339997562
BACC:0
CLSFE:0.010265398097145719
MCC:-0.02498724746196868
GMEAN:0
SAMPLES:3994
AUC:{}
AVGP:{}
