

GENERAL_METRICS
ACC:0.936
PREC:0.49687734199350486
REC:0.4707692307692308
TNR:0.4707692307692308
FPR:0.5031226580064951
FPDR:0.5031226580064951
F1:0.4834710743801653
BACC:0.0
CLSFE:0.064
MCC:-0.019107872259827675
GMEAN:0.0
SAMPLES:4250.0
AUC:{'AUC macro OVO': 0.49687734199350486}
AVGP:{'avg_precision': 0.9415406092489456}


METRICS_PER_CLASSES
CLASS:0
ACC:0.936
PREC:0.0
REC:0.0
TNR:0.9415384615384615
FPR:1.0
FPDR:1.0
F1:0.0
BACC:0
CLSFE:1.0
MCC:-0.019107872259827675
GMEAN:0
SAMPLES:247
AUC:{}
AVGP:{}
CLASS:1
ACC:0.936
PREC:0.9937546839870097
REC:0.9415384615384615
TNR:0.0
FPR:0.006245316012990257
FPDR:0.006245316012990257
F1:0.9669421487603306
BACC:0
CLSFE:0.006245316012990257
MCC:-0.019107872259827675
GMEAN:0
SAMPLES:4003
AUC:{}
AVGP:{}
