

GENERAL_METRICS
ACC:0.9305882352941176
PREC:0.4956140350877193
REC:0.46915776986951363
TNR:0.46915776986951363
FPR:0.5043859649122807
FPDR:0.5043859649122807
F1:0.48202315661182205
BACC:0.0
CLSFE:0.06941176470588235
MCC:-0.023261379079392505
GMEAN:0.0
SAMPLES:4250.0
AUC:{'AUC macro OVO': 0.4956140350877193}
AVGP:{'avg_precision': 0.9383199957887881}


METRICS_PER_CLASSES
CLASS:0
ACC:0.9305882352941176
PREC:0.0
REC:0.0
TNR:0.9383155397390273
FPR:1.0
FPDR:1.0
F1:0.0
BACC:0
CLSFE:1.0
MCC:-0.023261379079392505
GMEAN:0
SAMPLES:260
AUC:{}
AVGP:{}
CLASS:1
ACC:0.9305882352941176
PREC:0.9912280701754386
REC:0.9383155397390273
TNR:0.0
FPR:0.008771929824561403
FPDR:0.008771929824561403
F1:0.9640463132236441
BACC:0
CLSFE:0.008771929824561403
MCC:-0.023261379079392505
GMEAN:0
SAMPLES:3990
AUC:{}
AVGP:{}
