

GENERAL_METRICS
ACC:0.9298823529411765
PREC:0.49474211316975464
REC:0.4695817490494297
TNR:0.4695817490494297
FPR:0.5052578868302454
FPDR:0.5052578868302454
F1:0.481833699097781
BACC:0.0
CLSFE:0.07011764705882353
MCC:-0.025293139075417463
GMEAN:0.0
SAMPLES:4250.0
AUC:{'AUC macro OVO': 0.49474211316975464}
AVGP:{'avg_precision': 0.9391698202638334}


METRICS_PER_CLASSES
CLASS:0
ACC:0.9298823529411765
PREC:0.0
REC:0.0
TNR:0.9391634980988594
FPR:1.0
FPDR:1.0
F1:0.0
BACC:0
CLSFE:1.0
MCC:-0.025293139075417463
GMEAN:0
SAMPLES:256
AUC:{}
AVGP:{}
CLASS:1
ACC:0.9298823529411765
PREC:0.9894842263395093
REC:0.9391634980988594
TNR:0.0
FPR:0.010515773660490736
FPDR:0.010515773660490736
F1:0.963667398195562
BACC:0
CLSFE:0.010515773660490736
MCC:-0.025293139075417463
GMEAN:0
SAMPLES:3994
AUC:{}
AVGP:{}
