

GENERAL_METRICS
ACC:0.8422857142857143
PREC:0.5821032808656086
REC:0.6338509316770187
TNR:0.6338509316770187
FPR:0.41789671913439136
FPDR:0.41789671913439136
F1:0.5963374518613607
BACC:0.0
CLSFE:0.15771428571428572
MCC:0.2096625921579875
GMEAN:0.5832625553883859
SAMPLES:1750.0
AUC:{'AUC macro OVO': 0.5821032808656087}
AVGP:{'avg_precision': 0.8807646102958766}


METRICS_PER_CLASSES
CLASS:0
ACC:0.8422857142857143
PREC:0.22131147540983606
REC:0.38571428571428573
TNR:0.8819875776397516
FPR:0.7786885245901639
FPDR:0.7786885245901639
F1:0.28125
BACC:0
CLSFE:0.7786885245901639
MCC:0.2096625921579875
GMEAN:0.5832625553883859
SAMPLES:244
AUC:{}
AVGP:{}
CLASS:1
ACC:0.8422857142857143
PREC:0.9428950863213812
REC:0.8819875776397516
TNR:0.38571428571428573
FPR:0.057104913678618856
FPDR:0.057104913678618856
F1:0.9114249037227214
BACC:0
CLSFE:0.057104913678618856
MCC:0.2096625921579875
GMEAN:0.5832625553883859
SAMPLES:1506
AUC:{}
AVGP:{}
