

GENERAL_METRICS
ACC:0.8554285714285714
PREC:0.570850477869941
REC:0.6655907139449833
TNR:0.6655907139449833
FPR:0.42914952213005897
FPDR:0.42914952213005897
F1:0.5868246764820886
BACC:0.0
CLSFE:0.14457142857142857
MCC:0.21663038765442647
GMEAN:0.6306024146091261
SAMPLES:1750.0
AUC:{'AUC macro OVO': 0.570850477869941}
AVGP:{'avg_precision': 0.8779290801117211}


METRICS_PER_CLASSES
CLASS:0
ACC:0.8554285714285714
PREC:0.1762295081967213
REC:0.45263157894736844
TNR:0.8785498489425981
FPR:0.8237704918032787
FPDR:0.8237704918032787
F1:0.2536873156342183
BACC:0
CLSFE:0.8237704918032787
MCC:0.21663038765442647
GMEAN:0.6306024146091261
SAMPLES:244
AUC:{}
AVGP:{}
CLASS:1
ACC:0.8554285714285714
PREC:0.9654714475431607
REC:0.8785498489425981
TNR:0.45263157894736844
FPR:0.034528552456839307
FPDR:0.034528552456839307
F1:0.9199620373299588
BACC:0
CLSFE:0.034528552456839307
MCC:0.21663038765442647
GMEAN:0.6306024146091261
SAMPLES:1506
AUC:{}
AVGP:{}
