

GENERAL_METRICS
ACC:0.856
PREC:0.5697167755991285
REC:0.6549636803874092
TNR:0.6549636803874092
FPR:0.4302832244008714
FPDR:0.4302832244008714
F1:0.5851769911504425
BACC:0.0
CLSFE:0.144
MCC:0.20788042843504131
GMEAN:0.6145925243153466
SAMPLES:1750.0
AUC:{'AUC macro OVO': 0.5697167755991285}
AVGP:{'avg_precision': 0.8807131198995606}


METRICS_PER_CLASSES
CLASS:0
ACC:0.856
PREC:0.17647058823529413
REC:0.42857142857142855
TNR:0.8813559322033898
FPR:0.8235294117647058
FPDR:0.8235294117647058
F1:0.25
BACC:0
CLSFE:0.8235294117647058
MCC:0.20788042843504131
GMEAN:0.6145925243153466
SAMPLES:238
AUC:{}
AVGP:{}
CLASS:1
ACC:0.856
PREC:0.9629629629629629
REC:0.8813559322033898
TNR:0.42857142857142855
FPR:0.037037037037037035
FPDR:0.037037037037037035
F1:0.9203539823008849
BACC:0
CLSFE:0.037037037037037035
MCC:0.20788042843504131
GMEAN:0.6145925243153466
SAMPLES:1512
AUC:{}
AVGP:{}
