

GENERAL_METRICS
ACC:0.852
PREC:0.5755816467739145
REC:0.6590662169157172
TNR:0.6590662169157172
FPR:0.42441835322608545
FPDR:0.42441835322608545
F1:0.5919941740458785
BACC:0.0
CLSFE:0.148
MCC:0.2192942007494645
GMEAN:0.6213293299318665
SAMPLES:1750.0
AUC:{'AUC macro OVO': 0.5755816467739145}
AVGP:{'avg_precision': 0.8781041056559373}


METRICS_PER_CLASSES
CLASS:0
ACC:0.852
PREC:0.1910569105691057
REC:0.4392523364485981
TNR:0.8788800973828362
FPR:0.8089430894308943
FPDR:0.8089430894308943
F1:0.26628895184135976
BACC:0
CLSFE:0.8089430894308943
MCC:0.2192942007494645
GMEAN:0.6213293299318665
SAMPLES:246
AUC:{}
AVGP:{}
CLASS:1
ACC:0.852
PREC:0.9601063829787234
REC:0.8788800973828362
TNR:0.4392523364485981
FPR:0.0398936170212766
FPDR:0.0398936170212766
F1:0.9176993962503972
BACC:0
CLSFE:0.0398936170212766
MCC:0.2192942007494645
GMEAN:0.6213293299318665
SAMPLES:1504
AUC:{}
AVGP:{}
