

GENERAL_METRICS
ACC:0.9141538461538462
PREC:0.5820976136698419
REC:0.6669329073482428
TNR:0.6669329073482428
FPR:0.4179023863301581
FPDR:0.4179023863301581
F1:0.6052244897959184
BACC:0.0
CLSFE:0.08584615384615385
MCC:0.23413494686833533
GMEAN:0.61118436324778
SAMPLES:3250.0
AUC:{'AUC macro OVO': 0.5820976136698419}
AVGP:{'avg_precision': 0.9335694643033712}


METRICS_PER_CLASSES
CLASS:0
ACC:0.9141538461538462
PREC:0.18823529411764706
REC:0.4
TNR:0.9338658146964857
FPR:0.8117647058823529
FPDR:0.8117647058823529
F1:0.256
BACC:0
CLSFE:0.8117647058823529
MCC:0.23413494686833533
GMEAN:0.61118436324778
SAMPLES:255
AUC:{}
AVGP:{}
CLASS:1
ACC:0.9141538461538462
PREC:0.9759599332220368
REC:0.9338658146964857
TNR:0.4
FPR:0.024040066777963272
FPDR:0.024040066777963272
F1:0.9544489795918367
BACC:0
CLSFE:0.024040066777963272
MCC:0.23413494686833533
GMEAN:0.61118436324778
SAMPLES:2995
AUC:{}
AVGP:{}
