

GENERAL_METRICS
ACC:0.9141538461538462
PREC:0.5727270233161946
REC:0.6887981715528851
TNR:0.6887981715528851
FPR:0.42727297668380537
FPDR:0.42727297668380537
F1:0.5971452067721368
BACC:0.0
CLSFE:0.08584615384615385
MCC:0.23435638693734456
GMEAN:0.6457011460091473
SAMPLES:3250.0
AUC:{'AUC macro OVO': 0.5727270233161946}
AVGP:{'avg_precision': 0.9284104973173192}


METRICS_PER_CLASSES
CLASS:0
ACC:0.9141538461538462
PREC:0.16356877323420074
REC:0.4489795918367347
TNR:0.9286167512690355
FPR:0.8364312267657993
FPDR:0.8364312267657993
F1:0.23978201634877383
BACC:0
CLSFE:0.8364312267657993
MCC:0.23435638693734456
GMEAN:0.6457011460091473
SAMPLES:269
AUC:{}
AVGP:{}
CLASS:1
ACC:0.9141538461538462
PREC:0.9818852733981885
REC:0.9286167512690355
TNR:0.4489795918367347
FPR:0.018114726601811473
FPDR:0.018114726601811473
F1:0.9545083971954997
BACC:0
CLSFE:0.018114726601811473
MCC:0.23435638693734456
GMEAN:0.6457011460091473
SAMPLES:2981
AUC:{}
AVGP:{}
