

GENERAL_METRICS
ACC:0.9212307692307692
PREC:0.5909047720371656
REC:0.7019872078881716
TNR:0.7019872078881716
FPR:0.4090952279628343
FPDR:0.4090952279628343
F1:0.6196161048689139
BACC:0.0
CLSFE:0.07876923076923077
MCC:0.27100997094201407
GMEAN:0.6615913610697602
SAMPLES:3250.0
AUC:{'AUC macro OVO': 0.5909047720371656}
AVGP:{'avg_precision': 0.9364320788214056}


METRICS_PER_CLASSES
CLASS:0
ACC:0.9212307692307692
PREC:0.20080321285140562
REC:0.4672897196261682
TNR:0.936684696150175
FPR:0.7991967871485943
FPDR:0.7991967871485943
F1:0.2808988764044944
BACC:0
CLSFE:0.7991967871485943
MCC:0.27100997094201407
GMEAN:0.6615913610697602
SAMPLES:249
AUC:{}
AVGP:{}
CLASS:1
ACC:0.9212307692307692
PREC:0.9810063312229257
REC:0.936684696150175
TNR:0.4672897196261682
FPR:0.01899366877707431
FPDR:0.01899366877707431
F1:0.9583333333333334
BACC:0
CLSFE:0.01899366877707431
MCC:0.27100997094201407
GMEAN:0.6615913610697602
SAMPLES:3001
AUC:{}
AVGP:{}
