

GENERAL_METRICS
ACC:0.9123076923076923
PREC:0.5775082654096697
REC:0.6551166617751876
TNR:0.6551166617751876
FPR:0.4224917345903303
FPDR:0.4224917345903303
F1:0.5987430096808529
BACC:0.0
CLSFE:0.0876923076923077
MCC:0.21929727212469569
GMEAN:0.5931747771921954
SAMPLES:3250.0
AUC:{'AUC macro OVO': 0.5775082654096697}
AVGP:{'avg_precision': 0.9328886267590716}


METRICS_PER_CLASSES
CLASS:0
ACC:0.9123076923076923
PREC:0.1803921568627451
REC:0.3770491803278688
TNR:0.9331841432225064
FPR:0.8196078431372549
FPDR:0.8196078431372549
F1:0.2440318302387268
BACC:0
CLSFE:0.8196078431372549
MCC:0.21929727212469569
GMEAN:0.5931747771921954
SAMPLES:255
AUC:{}
AVGP:{}
CLASS:1
ACC:0.9123076923076923
PREC:0.9746243739565943
REC:0.9331841432225064
TNR:0.3770491803278688
FPR:0.025375626043405677
FPDR:0.025375626043405677
F1:0.953454189122979
BACC:0
CLSFE:0.025375626043405677
MCC:0.21929727212469569
GMEAN:0.5931747771921954
SAMPLES:2995
AUC:{}
AVGP:{}
