

GENERAL_METRICS
ACC:0.9309333333333333
PREC:0.4984294688749286
REC:0.46683605242043325
TNR:0.46683605242043325
FPR:0.5015705311250714
FPDR:0.5015705311250714
F1:0.4821157298715647
BACC:0.0
CLSFE:0.06906666666666667
MCC:-0.01443398931743341
GMEAN:0.0
SAMPLES:3750.0
AUC:{'AUC macro OVO': 0.4984294688749286}
AVGP:{'avg_precision': 0.9336727159716729}


METRICS_PER_CLASSES
CLASS:0
ACC:0.9309333333333333
PREC:0.0
REC:0.0
TNR:0.9336721048408665
FPR:1.0
FPDR:1.0
F1:0.0
BACC:0
CLSFE:1.0
MCC:-0.01443398931743341
GMEAN:0
SAMPLES:248
AUC:{}
AVGP:{}
CLASS:1
ACC:0.9309333333333333
PREC:0.9968589377498572
REC:0.9336721048408665
TNR:0.0
FPR:0.0031410622501427754
FPDR:0.0031410622501427754
F1:0.9642314597431294
BACC:0
CLSFE:0.0031410622501427754
MCC:-0.01443398931743341
GMEAN:0
SAMPLES:3502
AUC:{}
AVGP:{}
