

GENERAL_METRICS
ACC:0.9357333333333333
PREC:0.4984375
REC:0.46924311313185346
TNR:0.46924311313185346
FPR:0.5015625
FPDR:0.5015625
F1:0.4833999173439868
BACC:0.0
CLSFE:0.06426666666666667
MCC:-0.0138647229660717
GMEAN:0.0
SAMPLES:3750.0
AUC:{'AUC macro OVO': 0.4984375}
AVGP:{'avg_precision': 0.9384867901399662}


METRICS_PER_CLASSES
CLASS:0
ACC:0.9357333333333333
PREC:0.0
REC:0.0
TNR:0.9384862262637069
FPR:1.0
FPDR:1.0
F1:0.0
BACC:0
CLSFE:1.0
MCC:-0.0138647229660717
GMEAN:0
SAMPLES:230
AUC:{}
AVGP:{}
CLASS:1
ACC:0.9357333333333333
PREC:0.996875
REC:0.9384862262637069
TNR:0.0
FPR:0.003125
FPDR:0.003125
F1:0.9667998346879736
BACC:0
CLSFE:0.003125
MCC:-0.0138647229660717
GMEAN:0
SAMPLES:3520
AUC:{}
AVGP:{}
