

GENERAL_METRICS
ACC:0.9330666666666667
PREC:0.4982910851609228
REC:0.46803103263777424
TNR:0.46803103263777424
FPR:0.5017089148390772
FPDR:0.5017089148390772
F1:0.48268726720927024
BACC:0.0
CLSFE:0.06693333333333333
MCC:-0.014782725420609271
GMEAN:0.0
SAMPLES:3750.0
AUC:{'AUC macro OVO': 0.4982910851609228}
AVGP:{'avg_precision': 0.9360627645682552}


METRICS_PER_CLASSES
CLASS:0
ACC:0.9330666666666667
PREC:0.0
REC:0.0
TNR:0.9360620652755485
FPR:1.0
FPDR:1.0
F1:0.0
BACC:0
CLSFE:1.0
MCC:-0.014782725420609271
GMEAN:0
SAMPLES:239
AUC:{}
AVGP:{}
CLASS:1
ACC:0.9330666666666667
PREC:0.9965821703218456
REC:0.9360620652755485
TNR:0.0
FPR:0.003417829678154372
FPDR:0.003417829678154372
F1:0.9653745344185405
BACC:0
CLSFE:0.003417829678154372
MCC:-0.014782725420609271
GMEAN:0
SAMPLES:3511
AUC:{}
AVGP:{}
