

GENERAL_METRICS
ACC:0.9389333333333333
PREC:0.4990079365079365
REC:0.4703446433342239
TNR:0.4703446433342239
FPR:0.5009920634920635
FPDR:0.5009920634920635
F1:0.48425250997111813
BACC:0.0
CLSFE:0.061066666666666665
MCC:-0.010848040688020711
GMEAN:0.0
SAMPLES:3750.0
AUC:{'AUC macro OVO': 0.4990079365079365}
AVGP:{'avg_precision': 0.9406895063377564}


METRICS_PER_CLASSES
CLASS:0
ACC:0.9389333333333333
PREC:0.0
REC:0.0
TNR:0.9406892866684478
FPR:1.0
FPDR:1.0
F1:0.0
BACC:0
CLSFE:1.0
MCC:-0.010848040688020711
GMEAN:0
SAMPLES:222
AUC:{}
AVGP:{}
CLASS:1
ACC:0.9389333333333333
PREC:0.998015873015873
REC:0.9406892866684478
TNR:0.0
FPR:0.001984126984126984
FPDR:0.001984126984126984
F1:0.9685050199422363
BACC:0
CLSFE:0.001984126984126984
MCC:-0.010848040688020711
GMEAN:0
SAMPLES:3528
AUC:{}
AVGP:{}
