

GENERAL_METRICS
ACC:0.884
PREC:0.6805414349920418
REC:0.6818124046771733
TNR:0.6818124046771733
FPR:0.31945856500795816
FPDR:0.31945856500795816
F1:0.6811734926322492
BACC:0.0
CLSFE:0.116
MCC:0.3623516106754361
GMEAN:0.6330380424529628
SAMPLES:2500.0
AUC:{'AUC macro OVO': 0.6805414349920418}
AVGP:{'avg_precision': 0.9327033866454558}


METRICS_PER_CLASSES
CLASS:0
ACC:0.884
PREC:0.4251968503937008
REC:0.42857142857142855
TNR:0.9350533807829181
FPR:0.5748031496062992
FPDR:0.5748031496062992
F1:0.4268774703557312
BACC:0
CLSFE:0.5748031496062992
MCC:0.3623516106754361
GMEAN:0.6330380424529628
SAMPLES:254
AUC:{}
AVGP:{}
CLASS:1
ACC:0.884
PREC:0.9358860195903829
REC:0.9350533807829181
TNR:0.42857142857142855
FPR:0.06411398040961709
FPDR:0.06411398040961709
F1:0.9354695149087673
BACC:0
CLSFE:0.06411398040961709
MCC:0.3623516106754361
GMEAN:0.6330380424529628
SAMPLES:2246
AUC:{}
AVGP:{}
