

GENERAL_METRICS
ACC:0.8864
PREC:0.6784830442569428
REC:0.6837055634869842
TNR:0.6837055634869842
FPR:0.32151695574305716
FPDR:0.32151695574305716
F1:0.6810370697819013
BACC:0.0
CLSFE:0.1136
MCC:0.3621509531567964
GMEAN:0.6357258188209935
SAMPLES:2500.0
AUC:{'AUC macro OVO': 0.678483044256943}
AVGP:{'avg_precision': 0.9331210294419239}


METRICS_PER_CLASSES
CLASS:0
ACC:0.8864
PREC:0.41832669322709165
REC:0.43209876543209874
TNR:0.9353123615418697
FPR:0.5816733067729084
FPDR:0.5816733067729084
F1:0.4251012145748988
BACC:0
CLSFE:0.5816733067729084
MCC:0.3621509531567964
GMEAN:0.6357258188209935
SAMPLES:251
AUC:{}
AVGP:{}
CLASS:1
ACC:0.8864
PREC:0.9386393952867941
REC:0.9353123615418697
TNR:0.43209876543209874
FPR:0.06136060471320587
FPDR:0.06136060471320587
F1:0.9369729249889037
BACC:0
CLSFE:0.06136060471320587
MCC:0.3621509531567964
GMEAN:0.6357258188209935
SAMPLES:2249
AUC:{}
AVGP:{}
