

GENERAL_METRICS
ACC:0.888
PREC:0.7008899861004502
REC:0.6981765343920758
TNR:0.6981765343920758
FPR:0.2991100138995498
FPDR:0.2991100138995498
F1:0.6995192307692308
BACC:0.0
CLSFE:0.112
MCC:0.3990572953321841
GMEAN:0.6555707733759131
SAMPLES:2500.0
AUC:{'AUC macro OVO': 0.7008899861004503}
AVGP:{'avg_precision': 0.9357069506592399}


METRICS_PER_CLASSES
CLASS:0
ACC:0.888
PREC:0.46511627906976744
REC:0.4580152671755725
TNR:0.938337801608579
FPR:0.5348837209302325
FPDR:0.5348837209302325
F1:0.46153846153846156
BACC:0
CLSFE:0.5348837209302325
MCC:0.3990572953321841
GMEAN:0.6555707733759131
SAMPLES:258
AUC:{}
AVGP:{}
CLASS:1
ACC:0.888
PREC:0.936663693131133
REC:0.938337801608579
TNR:0.4580152671755725
FPR:0.06333630686886708
FPDR:0.06333630686886708
F1:0.9375
BACC:0
CLSFE:0.06333630686886708
MCC:0.3990572953321841
GMEAN:0.6555707733759131
SAMPLES:2242
AUC:{}
AVGP:{}
