

GENERAL_METRICS
ACC:0.8796
PREC:0.6907700310928353
REC:0.6816188353664894
TNR:0.6816188353664894
FPR:0.3092299689071647
FPDR:0.3092299689071647
F1:0.686017580511977
BACC:0.0
CLSFE:0.1204
MCC:0.3722764073637207
GMEAN:0.6324921085151647
SAMPLES:2500.0
AUC:{'AUC macro OVO': 0.6907700310928353}
AVGP:{'avg_precision': 0.9328715918912927}


METRICS_PER_CLASSES
CLASS:0
ACC:0.8796
PREC:0.4521072796934866
REC:0.427536231884058
TNR:0.9357014388489209
FPR:0.5478927203065134
FPDR:0.5478927203065134
F1:0.43947858472998136
BACC:0
CLSFE:0.5478927203065134
MCC:0.3722764073637207
GMEAN:0.6324921085151647
SAMPLES:261
AUC:{}
AVGP:{}
CLASS:1
ACC:0.8796
PREC:0.929432782492184
REC:0.9357014388489209
TNR:0.427536231884058
FPR:0.07056721750781599
FPDR:0.07056721750781599
F1:0.9325565762939727
BACC:0
CLSFE:0.07056721750781599
MCC:0.3722764073637207
GMEAN:0.6324921085151647
SAMPLES:2239
AUC:{}
AVGP:{}
