

GENERAL_METRICS
ACC:0.9357647058823529
PREC:0.4981212424849699
REC:0.4695395513577332
TNR:0.4695395513577332
FPR:0.5018787575150301
FPDR:0.5018787575150301
F1:0.4834082897775617
BACC:0.0
CLSFE:0.06423529411764706
MCC:-0.015129811208054908
GMEAN:0.0
SAMPLES:4250.0
AUC:{'AUC macro OVO': 0.4981212424849699}
AVGP:{'avg_precision': 0.9390799106373034}


METRICS_PER_CLASSES
CLASS:0
ACC:0.9357647058823529
PREC:0.0
REC:0.0
TNR:0.9390791027154664
FPR:1.0
FPDR:1.0
F1:0.0
BACC:0
CLSFE:1.0
MCC:-0.015129811208054908
GMEAN:0
SAMPLES:258
AUC:{}
AVGP:{}
CLASS:1
ACC:0.9357647058823529
PREC:0.9962424849699398
REC:0.9390791027154664
TNR:0.0
FPR:0.00375751503006012
FPDR:0.00375751503006012
F1:0.9668165795551233
BACC:0
CLSFE:0.00375751503006012
MCC:-0.015129811208054908
GMEAN:0
SAMPLES:3992
AUC:{}
AVGP:{}
