

GENERAL_METRICS
ACC:0.9310588235294117
PREC:0.49836272040302265
REC:0.46695775312721266
TNR:0.46695775312721266
FPR:0.5016372795969773
FPDR:0.5016372795969773
F1:0.4821493846716218
BACC:0.0
CLSFE:0.06894117647058824
MCC:-0.014710458407963051
GMEAN:0.0
SAMPLES:4250.0
AUC:{'AUC macro OVO': 0.49836272040302265}
AVGP:{'avg_precision': 0.9339161681764548}


METRICS_PER_CLASSES
CLASS:0
ACC:0.9310588235294117
PREC:0.0
REC:0.0
TNR:0.9339155062544253
FPR:1.0
FPDR:1.0
F1:0.0
BACC:0
CLSFE:1.0
MCC:-0.014710458407963051
GMEAN:0
SAMPLES:280
AUC:{}
AVGP:{}
CLASS:1
ACC:0.9310588235294117
PREC:0.9967254408060453
REC:0.9339155062544253
TNR:0.0
FPR:0.00327455919395466
FPDR:0.00327455919395466
F1:0.9642987693432435
BACC:0
CLSFE:0.00327455919395466
MCC:-0.014710458407963051
GMEAN:0
SAMPLES:3970
AUC:{}
AVGP:{}
