

GENERAL_METRICS
ACC:0.9407058823529412
PREC:0.4977589641434263
REC:0.47235349716446123
TNR:0.47235349716446123
FPR:0.5022410358565738
FPDR:0.5022410358565738
F1:0.4847235693501455
BACC:0.0
CLSFE:0.059294117647058824
MCC:-0.01574252891543274
GMEAN:0.0
SAMPLES:4250.0
AUC:{'AUC macro OVO': 0.4977589641434263}
AVGP:{'avg_precision': 0.9447080439500753}


METRICS_PER_CLASSES
CLASS:0
ACC:0.9407058823529412
PREC:0.0
REC:0.0
TNR:0.9447069943289225
FPR:1.0
FPDR:1.0
F1:0.0
BACC:0
CLSFE:1.0
MCC:-0.01574252891543274
GMEAN:0
SAMPLES:234
AUC:{}
AVGP:{}
CLASS:1
ACC:0.9407058823529412
PREC:0.9955179282868526
REC:0.9447069943289225
TNR:0.0
FPR:0.004482071713147411
FPDR:0.004482071713147411
F1:0.969447138700291
BACC:0
CLSFE:0.004482071713147411
MCC:-0.01574252891543274
GMEAN:0
SAMPLES:4016
AUC:{}
AVGP:{}
