

GENERAL_METRICS
ACC:0.9327058823529412
PREC:0.4977398292315419
REC:0.46833648393194705
TNR:0.46833648393194705
FPR:0.5022601707684581
FPDR:0.5022601707684581
F1:0.482590698806915
BACC:0.0
CLSFE:0.06729411764705882
MCC:-0.016919214336796537
GMEAN:0.0
SAMPLES:4250.0
AUC:{'AUC macro OVO': 0.4977398292315419}
AVGP:{'avg_precision': 0.9366741802583995}


METRICS_PER_CLASSES
CLASS:0
ACC:0.9327058823529412
PREC:0.0
REC:0.0
TNR:0.9366729678638941
FPR:1.0
FPDR:1.0
F1:0.0
BACC:0
CLSFE:1.0
MCC:-0.016919214336796537
GMEAN:0
SAMPLES:268
AUC:{}
AVGP:{}
CLASS:1
ACC:0.9327058823529412
PREC:0.9954796584630838
REC:0.9366729678638941
TNR:0.0
FPR:0.0045203415369161224
FPDR:0.0045203415369161224
F1:0.96518139761383
BACC:0
CLSFE:0.0045203415369161224
MCC:-0.016919214336796537
GMEAN:0
SAMPLES:3982
AUC:{}
AVGP:{}
