

GENERAL_METRICS
ACC:0.9246153846153846
PREC:0.6345238868500536
REC:0.7237469643327384
TNR:0.7237469643327384
FPR:0.3654761131499464
FPDR:0.3654761131499464
F1:0.665044155278168
BACC:0.0
CLSFE:0.07538461538461538
MCC:0.34698306190902334
GMEAN:0.6894196130676008
SAMPLES:3250.0
AUC:{'AUC macro OVO': 0.6345238868500536}
AVGP:{'avg_precision': 0.9435320553177247}


METRICS_PER_CLASSES
CLASS:0
ACC:0.9246153846153846
PREC:0.2926829268292683
REC:0.5034965034965035
TNR:0.9439974251689733
FPR:0.7073170731707317
FPDR:0.7073170731707317
F1:0.37017994858611825
BACC:0
CLSFE:0.7073170731707317
MCC:0.34698306190902334
GMEAN:0.6894196130676008
SAMPLES:246
AUC:{}
AVGP:{}
CLASS:1
ACC:0.9246153846153846
PREC:0.9763648468708389
REC:0.9439974251689733
TNR:0.5034965034965035
FPR:0.02363515312916112
FPDR:0.02363515312916112
F1:0.9599083619702177
BACC:0
CLSFE:0.02363515312916112
MCC:0.34698306190902334
GMEAN:0.6894196130676008
SAMPLES:3004
AUC:{}
AVGP:{}
