

GENERAL_METRICS
ACC:0.9190769230769231
PREC:0.6315278815238219
REC:0.6954380299560251
TNR:0.6954380299560251
FPR:0.3684721184761781
FPDR:0.3684721184761781
F1:0.6553220334608814
BACC:0.0
CLSFE:0.08092307692307692
MCC:0.32065900922509705
GMEAN:0.6496263548608283
SAMPLES:3250.0
AUC:{'AUC macro OVO': 0.6315278815238219}
AVGP:{'avg_precision': 0.9430974083844744}


METRICS_PER_CLASSES
CLASS:0
ACC:0.9190769230769231
PREC:0.2926829268292683
REC:0.4472049689440994
TNR:0.9436710909679508
FPR:0.7073170731707317
FPDR:0.7073170731707317
F1:0.3538083538083538
BACC:0
CLSFE:0.7073170731707317
MCC:0.32065900922509705
GMEAN:0.6496263548608283
SAMPLES:246
AUC:{}
AVGP:{}
CLASS:1
ACC:0.9190769230769231
PREC:0.9703728362183754
REC:0.9436710909679508
TNR:0.4472049689440994
FPR:0.0296271637816245
FPDR:0.0296271637816245
F1:0.9568357131134089
BACC:0
CLSFE:0.0296271637816245
MCC:0.32065900922509705
GMEAN:0.6496263548608283
SAMPLES:3004
AUC:{}
AVGP:{}
