

GENERAL_METRICS
ACC:0.924
PREC:0.6207619900650607
REC:0.712048407833829
TNR:0.712048407833829
FPR:0.37923800993493934
FPDR:0.37923800993493934
F1:0.6505034013605442
BACC:0.0
CLSFE:0.076
MCC:0.32004616992015883
GMEAN:0.6735898872846025
SAMPLES:3250.0
AUC:{'AUC macro OVO': 0.6207619900650607}
AVGP:{'avg_precision': 0.9424956968070667}


METRICS_PER_CLASSES
CLASS:0
ACC:0.924
PREC:0.2644628099173554
REC:0.48120300751879697
TNR:0.942893808148861
FPR:0.7355371900826446
FPDR:0.7355371900826446
F1:0.3413333333333333
BACC:0
CLSFE:0.7355371900826446
MCC:0.32004616992015883
GMEAN:0.6735898872846025
SAMPLES:242
AUC:{}
AVGP:{}
CLASS:1
ACC:0.924
PREC:0.977061170212766
REC:0.942893808148861
TNR:0.48120300751879697
FPR:0.022938829787234043
FPDR:0.022938829787234043
F1:0.9596734693877551
BACC:0
CLSFE:0.022938829787234043
MCC:0.32004616992015883
GMEAN:0.6735898872846025
SAMPLES:3008
AUC:{}
AVGP:{}
