

GENERAL_METRICS
ACC:0.9181538461538462
PREC:0.6264721368549999
REC:0.6927350287389261
TNR:0.6927350287389261
FPR:0.37352786314500014
FPDR:0.37352786314500014
F1:0.6505890474519878
BACC:0.0
CLSFE:0.08184615384615385
MCC:0.31225381298822785
GMEAN:0.6461680905445459
SAMPLES:3250.0
AUC:{'AUC macro OVO': 0.6264721368549999}
AVGP:{'avg_precision': 0.9418827489472139}


METRICS_PER_CLASSES
CLASS:0
ACC:0.9181538461538462
PREC:0.28225806451612906
REC:0.4430379746835443
TNR:0.9424320827943079
FPR:0.717741935483871
FPDR:0.717741935483871
F1:0.3448275862068966
BACC:0
CLSFE:0.717741935483871
MCC:0.31225381298822785
GMEAN:0.6461680905445459
SAMPLES:248
AUC:{}
AVGP:{}
CLASS:1
ACC:0.9181538461538462
PREC:0.9706862091938707
REC:0.9424320827943079
TNR:0.4430379746835443
FPR:0.029313790806129246
FPDR:0.029313790806129246
F1:0.956350508697079
BACC:0
CLSFE:0.029313790806129246
MCC:0.31225381298822785
GMEAN:0.6461680905445459
SAMPLES:3002
AUC:{}
AVGP:{}
