

GENERAL_METRICS
ACC:0.9309333333333333
PREC:0.4982871824150728
REC:0.4669609416800428
TNR:0.4669609416800428
FPR:0.5017128175849273
FPDR:0.5017128175849273
F1:0.4821157298715647
BACC:0.0
CLSFE:0.06906666666666667
MCC:-0.015045249094628932
GMEAN:0.0
SAMPLES:3750.0
AUC:{'AUC macro OVO': 0.4982871824150728}
AVGP:{'avg_precision': 0.9339226077105507}


METRICS_PER_CLASSES
CLASS:0
ACC:0.9309333333333333
PREC:0.0
REC:0.0
TNR:0.9339218833600856
FPR:1.0
FPDR:1.0
F1:0.0
BACC:0
CLSFE:1.0
MCC:-0.015045249094628932
GMEAN:0
SAMPLES:247
AUC:{}
AVGP:{}
CLASS:1
ACC:0.9309333333333333
PREC:0.9965743648301456
REC:0.9339218833600856
TNR:0.0
FPR:0.0034256351698544107
FPDR:0.0034256351698544107
F1:0.9642314597431294
BACC:0
CLSFE:0.0034256351698544107
MCC:-0.015045249094628932
GMEAN:0
SAMPLES:3503
AUC:{}
AVGP:{}
