

GENERAL_METRICS
ACC:0.9328
PREC:0.4975817923186344
REC:0.4685239753549424
TNR:0.4685239753549424
FPR:0.5024182076813656
FPDR:0.5024182076813656
F1:0.4826158940397351
BACC:0.0
CLSFE:0.0672
MCC:-0.01744884690465596
GMEAN:0.0
SAMPLES:3750.0
AUC:{'AUC macro OVO': 0.4975817923186344}
AVGP:{'avg_precision': 0.9370493309387892}


METRICS_PER_CLASSES
CLASS:0
ACC:0.9328
PREC:0.0
REC:0.0
TNR:0.9370479507098848
FPR:1.0
FPDR:1.0
F1:0.0
BACC:0
CLSFE:1.0
MCC:-0.01744884690465596
GMEAN:0
SAMPLES:235
AUC:{}
AVGP:{}
CLASS:1
ACC:0.9328
PREC:0.9951635846372688
REC:0.9370479507098848
TNR:0.0
FPR:0.0048364153627311526
FPDR:0.0048364153627311526
F1:0.9652317880794702
BACC:0
CLSFE:0.0048364153627311526
MCC:-0.01744884690465596
GMEAN:0
SAMPLES:3515
AUC:{}
AVGP:{}
