

GENERAL_METRICS
ACC:0.9296
PREC:0.4972895863052782
REC:0.46716697936210133
TNR:0.46716697936210133
FPR:0.5027104136947218
FPDR:0.5027104136947218
F1:0.48175787728026537
BACC:0.0
CLSFE:0.0704
MCC:-0.018867015532515463
GMEAN:0.0
SAMPLES:3750.0
AUC:{'AUC macro OVO': 0.4972895863052782}
AVGP:{'avg_precision': 0.9343357622765299}


METRICS_PER_CLASSES
CLASS:0
ACC:0.9296
PREC:0.0
REC:0.0
TNR:0.9343339587242027
FPR:1.0
FPDR:1.0
F1:0.0
BACC:0
CLSFE:1.0
MCC:-0.018867015532515463
GMEAN:0
SAMPLES:245
AUC:{}
AVGP:{}
CLASS:1
ACC:0.9296
PREC:0.9945791726105564
REC:0.9343339587242027
TNR:0.0
FPR:0.005420827389443652
FPDR:0.005420827389443652
F1:0.9635157545605307
BACC:0
CLSFE:0.005420827389443652
MCC:-0.018867015532515463
GMEAN:0
SAMPLES:3505
AUC:{}
AVGP:{}
