

GENERAL_METRICS
ACC:0.9325333333333333
PREC:0.4977227440933675
REC:0.46826459560792716
TNR:0.46826459560792716
FPR:0.5022772559066325
FPDR:0.5022772559066325
F1:0.48254450117289915
BACC:0.0
CLSFE:0.06746666666666666
MCC:-0.017002310090245866
GMEAN:0.0
SAMPLES:3750.0
AUC:{'AUC macro OVO': 0.4977227440933675}
AVGP:{'avg_precision': 0.9365304246176609}


METRICS_PER_CLASSES
CLASS:0
ACC:0.9325333333333333
PREC:0.0
REC:0.0
TNR:0.9365291912158543
FPR:1.0
FPDR:1.0
F1:0.0
BACC:0
CLSFE:1.0
MCC:-0.017002310090245866
GMEAN:0
SAMPLES:237
AUC:{}
AVGP:{}
CLASS:1
ACC:0.9325333333333333
PREC:0.995445488186735
REC:0.9365291912158543
TNR:0.0
FPR:0.004554511813265016
FPDR:0.004554511813265016
F1:0.9650890023457983
BACC:0
CLSFE:0.004554511813265016
MCC:-0.017002310090245866
GMEAN:0
SAMPLES:3513
AUC:{}
AVGP:{}
