

GENERAL_METRICS
ACC:0.9069333333333334
PREC:0.5787865487203727
REC:0.5882863624878221
TNR:0.5882863624878221
FPR:0.4212134512796272
FPDR:0.4212134512796272
F1:0.5831309374975115
BACC:0.0
CLSFE:0.09306666666666667
MCC:0.16680261148424846
GMEAN:0.46633851881790417
SAMPLES:3750.0
AUC:{'AUC macro OVO': 0.5787865487203728}
AVGP:{'avg_precision': 0.9464567713519451}


METRICS_PER_CLASSES
CLASS:0
ACC:0.9069333333333334
PREC:0.2033898305084746
REC:0.22966507177033493
TNR:0.9469076532053092
FPR:0.7966101694915254
FPDR:0.7966101694915254
F1:0.2157303370786517
BACC:0
CLSFE:0.7966101694915254
MCC:0.16680261148424846
GMEAN:0.46633851881790417
SAMPLES:236
AUC:{}
AVGP:{}
CLASS:1
ACC:0.9069333333333334
PREC:0.954183266932271
REC:0.9469076532053092
TNR:0.22966507177033493
FPR:0.045816733067729085
FPDR:0.045816733067729085
F1:0.9505315379163713
BACC:0
CLSFE:0.045816733067729085
MCC:0.16680261148424846
GMEAN:0.46633851881790417
SAMPLES:3514
AUC:{}
AVGP:{}
