

GENERAL_METRICS
ACC:0.8938666666666667
PREC:0.5846607577275329
REC:0.5840525853112762
TNR:0.5840525853112762
FPR:0.4153392422724671
FPDR:0.4153392422724671
F1:0.5843549244124714
BACC:0.0
CLSFE:0.10613333333333333
MCC:0.16871224687509503
GMEAN:0.4604991402418792
SAMPLES:3750.0
AUC:{'AUC macro OVO': 0.5846607577275329}
AVGP:{'avg_precision': 0.9426369406955861}


METRICS_PER_CLASSES
CLASS:0
ACC:0.8938666666666667
PREC:0.2265625
REC:0.2248062015503876
TNR:0.9432989690721649
FPR:0.7734375
FPDR:0.7734375
F1:0.22568093385214008
BACC:0
CLSFE:0.7734375
MCC:0.16871224687509503
GMEAN:0.4604991402418792
SAMPLES:256
AUC:{}
AVGP:{}
CLASS:1
ACC:0.8938666666666667
PREC:0.9427590154550658
REC:0.9432989690721649
TNR:0.2248062015503876
FPR:0.057240984544934176
FPDR:0.057240984544934176
F1:0.9430289149728027
BACC:0
CLSFE:0.057240984544934176
MCC:0.16871224687509503
GMEAN:0.4604991402418792
SAMPLES:3494
AUC:{}
AVGP:{}
