

GENERAL_METRICS
ACC:0.896
PREC:0.5914022066066422
REC:0.5940766845890492
TNR:0.5940766845890492
FPR:0.4085977933933578
FPDR:0.4085977933933578
F1:0.5927095992986529
BACC:0.0
CLSFE:0.104
MCC:0.18545960812722745
GMEAN:0.48074313767930915
SAMPLES:3750.0
AUC:{'AUC macro OVO': 0.5914022066066422}
AVGP:{'avg_precision': 0.9423991624971426}


METRICS_PER_CLASSES
CLASS:0
ACC:0.896
PREC:0.23754789272030652
REC:0.2450592885375494
TNR:0.943094080640549
FPR:0.7624521072796935
FPDR:0.7624521072796935
F1:0.24124513618677043
BACC:0
CLSFE:0.7624521072796935
MCC:0.18545960812722745
GMEAN:0.48074313767930915
SAMPLES:261
AUC:{}
AVGP:{}
CLASS:1
ACC:0.896
PREC:0.9452565204929779
REC:0.943094080640549
TNR:0.2450592885375494
FPR:0.05474347950702207
FPDR:0.05474347950702207
F1:0.9441740624105354
BACC:0
CLSFE:0.05474347950702207
MCC:0.18545960812722745
GMEAN:0.48074313767930915
SAMPLES:3489
AUC:{}
AVGP:{}
