

GENERAL_METRICS
ACC:0.9026666666666666
PREC:0.6005974922157704
REC:0.6072612985968875
TNR:0.6072612985968875
FPR:0.3994025077842296
FPDR:0.3994025077842296
F1:0.6037720610308266
BACC:0.0
CLSFE:0.09733333333333333
MCC:0.20775194488287052
GMEAN:0.5042648454912056
SAMPLES:3750.0
AUC:{'AUC macro OVO': 0.6005974922157704}
AVGP:{'avg_precision': 0.9449372041412888}


METRICS_PER_CLASSES
CLASS:0
ACC:0.9026666666666666
PREC:0.25098039215686274
REC:0.2689075630252101
TNR:0.945615034168565
FPR:0.7490196078431373
FPDR:0.7490196078431373
F1:0.25963488843813387
BACC:0
CLSFE:0.7490196078431373
MCC:0.20775194488287052
GMEAN:0.5042648454912056
SAMPLES:255
AUC:{}
AVGP:{}
CLASS:1
ACC:0.9026666666666666
PREC:0.9502145922746781
REC:0.945615034168565
TNR:0.2689075630252101
FPR:0.04978540772532189
FPDR:0.04978540772532189
F1:0.9479092336235193
BACC:0
CLSFE:0.04978540772532189
MCC:0.20775194488287052
GMEAN:0.5042648454912056
SAMPLES:3495
AUC:{}
AVGP:{}
