

GENERAL_METRICS
ACC:0.9268571428571428
PREC:0.6034918477716709
REC:0.6731120941647257
TNR:0.6731120941647257
FPR:0.39650815222832914
FPDR:0.39650815222832914
F1:0.6271259232378786
BACC:0.0
CLSFE:0.07314285714285715
MCC:0.2676990137952021
GMEAN:0.6145453801653428
SAMPLES:3500.0
AUC:{'AUC macro OVO': 0.6034918477716709}
AVGP:{'avg_precision': 0.9474061741013744}


METRICS_PER_CLASSES
CLASS:0
ACC:0.9268571428571428
PREC:0.2314410480349345
REC:0.39849624060150374
TNR:0.9477279477279478
FPR:0.7685589519650655
FPDR:0.7685589519650655
F1:0.292817679558011
BACC:0
CLSFE:0.7685589519650655
MCC:0.2676990137952021
GMEAN:0.6145453801653428
SAMPLES:229
AUC:{}
AVGP:{}
CLASS:1
ACC:0.9268571428571428
PREC:0.9755426475084072
REC:0.9477279477279478
TNR:0.39849624060150374
FPR:0.024457352491592785
FPDR:0.024457352491592785
F1:0.9614341669177463
BACC:0
CLSFE:0.024457352491592785
MCC:0.2676990137952021
GMEAN:0.6145453801653428
SAMPLES:3271
AUC:{}
AVGP:{}
