

GENERAL_METRICS
ACC:0.9274285714285714
PREC:0.5962459584439026
REC:0.660386470097204
TNR:0.660386470097204
FPR:0.4037540415560974
FPDR:0.4037540415560974
F1:0.6180451127819548
BACC:0.0
CLSFE:0.07257142857142856
MCC:0.2484878229285267
GMEAN:0.5941356565598095
SAMPLES:3500.0
AUC:{'AUC macro OVO': 0.5962459584439026}
AVGP:{'avg_precision': 0.9483878630500311}


METRICS_PER_CLASSES
CLASS:0
ACC:0.9274285714285714
PREC:0.2171945701357466
REC:0.37209302325581395
TNR:0.9486799169385939
FPR:0.7828054298642534
FPDR:0.7828054298642534
F1:0.2742857142857143
BACC:0
CLSFE:0.7828054298642534
MCC:0.2484878229285267
GMEAN:0.5941356565598095
SAMPLES:221
AUC:{}
AVGP:{}
CLASS:1
ACC:0.9274285714285714
PREC:0.9752973467520586
REC:0.9486799169385939
TNR:0.37209302325581395
FPR:0.024702653247941447
FPDR:0.024702653247941447
F1:0.9618045112781954
BACC:0
CLSFE:0.024702653247941447
MCC:0.2484878229285267
GMEAN:0.5941356565598095
SAMPLES:3279
AUC:{}
AVGP:{}
