

GENERAL_METRICS
ACC:0.9302857142857143
PREC:0.5851110660324373
REC:0.6698838455203263
TNR:0.6698838455203263
FPR:0.41488893396756266
FPDR:0.41488893396756266
F1:0.609763408785167
BACC:0.0
CLSFE:0.06971428571428571
MCC:0.2404911241100168
GMEAN:0.6097667833274433
SAMPLES:3500.0
AUC:{'AUC macro OVO': 0.5851110660324373}
AVGP:{'avg_precision': 0.9470384201989718}


METRICS_PER_CLASSES
CLASS:0
ACC:0.9302857142857143
PREC:0.19004524886877827
REC:0.3925233644859813
TNR:0.9472443265546714
FPR:0.8099547511312217
FPDR:0.8099547511312217
F1:0.25609756097560976
BACC:0
CLSFE:0.8099547511312217
MCC:0.2404911241100168
GMEAN:0.6097667833274433
SAMPLES:221
AUC:{}
AVGP:{}
CLASS:1
ACC:0.9302857142857143
PREC:0.9801768831960964
REC:0.9472443265546714
TNR:0.3925233644859813
FPR:0.01982311680390363
FPDR:0.01982311680390363
F1:0.9634292565947242
BACC:0
CLSFE:0.01982311680390363
MCC:0.2404911241100168
GMEAN:0.6097667833274433
SAMPLES:3279
AUC:{}
AVGP:{}
