

GENERAL_METRICS
ACC:0.9237142857142857
PREC:0.5797275125466478
REC:0.6431924713087818
TNR:0.6431924713087818
FPR:0.4202724874533522
FPDR:0.4202724874533522
F1:0.5995799124089093
BACC:0.0
CLSFE:0.07628571428571429
MCC:0.21369491854376327
GMEAN:0.5680282840726619
SAMPLES:3500.0
AUC:{'AUC macro OVO': 0.5797275125466478}
AVGP:{'avg_precision': 0.94467237908512}


METRICS_PER_CLASSES
CLASS:0
ACC:0.9237142857142857
PREC:0.18421052631578946
REC:0.34146341463414637
TNR:0.9449215279834172
FPR:0.8157894736842105
FPDR:0.8157894736842105
F1:0.23931623931623933
BACC:0
CLSFE:0.8157894736842105
MCC:0.21369491854376327
GMEAN:0.5680282840726619
SAMPLES:228
AUC:{}
AVGP:{}
CLASS:1
ACC:0.9237142857142857
PREC:0.9752444987775061
REC:0.9449215279834172
TNR:0.34146341463414637
FPR:0.024755501222493887
FPDR:0.024755501222493887
F1:0.9598435855015792
BACC:0
CLSFE:0.024755501222493887
MCC:0.21369491854376327
GMEAN:0.5680282840726619
SAMPLES:3272
AUC:{}
AVGP:{}
