

GENERAL_METRICS
ACC:0.82
PREC:0.760497513985452
REC:0.7672594003159592
TNR:0.7672594003159592
FPR:0.239502486014548
FPDR:0.239502486014548
F1:0.763734879032258
BACC:0.0
CLSFE:0.18
MCC:0.5277135941836256
GMEAN:0.7599152299838924
SAMPLES:1000.0
AUC:{'AUC macro OVO': 0.760497513985452}
AVGP:{'avg_precision': 0.8577326105533585}


METRICS_PER_CLASSES
CLASS:0
ACC:0.82
PREC:0.6360153256704981
REC:0.6613545816733067
TNR:0.8731642189586115
FPR:0.36398467432950193
FPDR:0.36398467432950193
F1:0.6484375
BACC:0
CLSFE:0.36398467432950193
MCC:0.5277135941836256
GMEAN:0.7599152299838924
SAMPLES:261
AUC:{}
AVGP:{}
CLASS:1
ACC:0.82
PREC:0.8849797023004059
REC:0.8731642189586115
TNR:0.6613545816733067
FPR:0.11502029769959404
FPDR:0.11502029769959404
F1:0.8790322580645161
BACC:0
CLSFE:0.11502029769959404
MCC:0.5277135941836256
GMEAN:0.7599152299838924
SAMPLES:739
AUC:{}
AVGP:{}
