

GENERAL_METRICS
ACC:0.795
PREC:0.7386110807163438
REC:0.7334332436179757
TNR:0.7334332436179757
FPR:0.26138891928365615
FPDR:0.26138891928365615
F1:0.7359169671416297
BACC:0.0
CLSFE:0.205
MCC:0.4720159257262694
GMEAN:0.7213310540380298
SAMPLES:1000.0
AUC:{'AUC macro OVO': 0.7386110807163438}
AVGP:{'avg_precision': 0.848052926557672}


METRICS_PER_CLASSES
CLASS:0
ACC:0.795
PREC:0.6216216216216216
REC:0.6007462686567164
TNR:0.8661202185792349
FPR:0.3783783783783784
FPDR:0.3783783783783784
F1:0.6110056925996205
BACC:0
CLSFE:0.3783783783783784
MCC:0.4720159257262694
GMEAN:0.7213310540380298
SAMPLES:259
AUC:{}
AVGP:{}
CLASS:1
ACC:0.795
PREC:0.8556005398110661
REC:0.8661202185792349
TNR:0.6007462686567164
FPR:0.14439946018893388
FPDR:0.14439946018893388
F1:0.8608282416836388
BACC:0
CLSFE:0.14439946018893388
MCC:0.4720159257262694
GMEAN:0.7213310540380298
SAMPLES:741
AUC:{}
AVGP:{}
