

GENERAL_METRICS
ACC:0.8585454545454545
PREC:0.5638277891397805
REC:0.5572841309752912
TNR:0.5572841309752912
FPR:0.43617221086021957
FPDR:0.43617221086021957
F1:0.560185423112107
BACC:0.0
CLSFE:0.14145454545454544
MCC:0.12093501449863803
GMEAN:0.41627538788157614
SAMPLES:2750.0
AUC:{'AUC macro OVO': 0.5638277891397805}
AVGP:{'avg_precision': 0.9269105431767235}


METRICS_PER_CLASSES
CLASS:0
ACC:0.8585454545454545
PREC:0.21052631578947367
REC:0.1867704280155642
TNR:0.927797833935018
FPR:0.7894736842105263
FPDR:0.7894736842105263
F1:0.1979381443298969
BACC:0
CLSFE:0.7894736842105263
MCC:0.12093501449863803
GMEAN:0.41627538788157614
SAMPLES:228
AUC:{}
AVGP:{}
CLASS:1
ACC:0.8585454545454545
PREC:0.9171292624900872
REC:0.927797833935018
TNR:0.1867704280155642
FPR:0.08287073750991276
FPDR:0.08287073750991276
F1:0.922432701894317
BACC:0
CLSFE:0.08287073750991276
MCC:0.12093501449863803
GMEAN:0.41627538788157614
SAMPLES:2522
AUC:{}
AVGP:{}
