

GENERAL_METRICS
ACC:0.8483636363636363
PREC:0.5938758037386007
REC:0.5912952060555088
TNR:0.5912952060555088
FPR:0.40612419626139934
FPDR:0.40612419626139934
F1:0.592550468846766
BACC:0.0
CLSFE:0.15163636363636362
MCC:0.18515302693655378
GMEAN:0.4934559133657841
SAMPLES:2750.0
AUC:{'AUC macro OVO': 0.5938758037386007}
AVGP:{'avg_precision': 0.9154120477513181}


METRICS_PER_CLASSES
CLASS:0
ACC:0.8483636363636363
PREC:0.27402135231316727
REC:0.2655172413793103
TNR:0.9170731707317074
FPR:0.7259786476868327
FPDR:0.7259786476868327
F1:0.26970227670753066
BACC:0
CLSFE:0.7259786476868327
MCC:0.18515302693655378
GMEAN:0.4934559133657841
SAMPLES:281
AUC:{}
AVGP:{}
CLASS:1
ACC:0.8483636363636363
PREC:0.913730255164034
REC:0.9170731707317074
TNR:0.2655172413793103
FPR:0.08626974483596597
FPDR:0.08626974483596597
F1:0.9153986609860012
BACC:0
CLSFE:0.08626974483596597
MCC:0.18515302693655378
GMEAN:0.4934559133657841
SAMPLES:2469
AUC:{}
AVGP:{}
