

GENERAL_METRICS
ACC:0.8621818181818182
PREC:0.6023459800752378
REC:0.5855690426106648
TNR:0.5855690426106648
FPR:0.3976540199247623
FPDR:0.3976540199247623
F1:0.5926054916271585
BACC:0.0
CLSFE:0.1378181818181818
MCC:0.1871646070184025
GMEAN:0.4709572716819015
SAMPLES:2750.0
AUC:{'AUC macro OVO': 0.6023459800752378}
AVGP:{'avg_precision': 0.9320515653159167}


METRICS_PER_CLASSES
CLASS:0
ACC:0.8621818181818182
PREC:0.29004329004329005
REC:0.2375886524822695
TNR:0.93354943273906
FPR:0.70995670995671
FPDR:0.70995670995671
F1:0.26120857699805067
BACC:0
CLSFE:0.70995670995671
MCC:0.1871646070184025
GMEAN:0.4709572716819015
SAMPLES:231
AUC:{}
AVGP:{}
CLASS:1
ACC:0.8621818181818182
PREC:0.9146486701071854
REC:0.93354943273906
TNR:0.2375886524822695
FPR:0.0853513298928146
FPDR:0.0853513298928146
F1:0.9240024062562663
BACC:0
CLSFE:0.0853513298928146
MCC:0.1871646070184025
GMEAN:0.4709572716819015
SAMPLES:2519
AUC:{}
AVGP:{}
