

GENERAL_METRICS
ACC:0.8698181818181818
PREC:0.6029926159714729
REC:0.5880066841874324
TNR:0.5880066841874324
FPR:0.39700738402852703
FPDR:0.39700738402852703
F1:0.5944794838335508
BACC:0.0
CLSFE:0.13018181818181818
MCC:0.19041048949507938
GMEAN:0.4736300535065917
SAMPLES:2750.0
AUC:{'AUC macro OVO': 0.6029926159714729}
AVGP:{'avg_precision': 0.935138422012373}


METRICS_PER_CLASSES
CLASS:0
ACC:0.8698181818181818
PREC:0.2850678733031674
REC:0.23954372623574144
TNR:0.9364696421391234
FPR:0.7149321266968326
FPDR:0.7149321266968326
F1:0.2603305785123967
BACC:0
CLSFE:0.7149321266968326
MCC:0.19041048949507938
GMEAN:0.4736300535065917
SAMPLES:221
AUC:{}
AVGP:{}
CLASS:1
ACC:0.8698181818181818
PREC:0.9209173586397785
REC:0.9364696421391234
TNR:0.23954372623574144
FPR:0.07908264136022143
FPDR:0.07908264136022143
F1:0.9286283891547049
BACC:0
CLSFE:0.07908264136022143
MCC:0.19041048949507938
GMEAN:0.4736300535065917
SAMPLES:2529
AUC:{}
AVGP:{}
