

GENERAL_METRICS
ACC:0.9355294117647058
PREC:0.5794866877814618
REC:0.6581230413309925
TNR:0.6581230413309925
FPR:0.42051331221853816
FPDR:0.42051331221853816
F1:0.6026139776139776
BACC:0.0
CLSFE:0.06447058823529411
MCC:0.22422022047381712
GMEAN:0.588945409321925
SAMPLES:4250.0
AUC:{'AUC macro OVO': 0.5794866877814618}
AVGP:{'avg_precision': 0.9516749976216351}


METRICS_PER_CLASSES
CLASS:0
ACC:0.9355294117647058
PREC:0.17768595041322313
REC:0.3644067796610169
TNR:0.9518393030009681
FPR:0.8223140495867769
FPDR:0.8223140495867769
F1:0.2388888888888889
BACC:0
CLSFE:0.8223140495867769
MCC:0.22422022047381712
GMEAN:0.588945409321925
SAMPLES:242
AUC:{}
AVGP:{}
CLASS:1
ACC:0.9355294117647058
PREC:0.9812874251497006
REC:0.9518393030009681
TNR:0.3644067796610169
FPR:0.0187125748502994
FPDR:0.0187125748502994
F1:0.9663390663390663
BACC:0
CLSFE:0.0187125748502994
MCC:0.22422022047381712
GMEAN:0.588945409321925
SAMPLES:4008
AUC:{}
AVGP:{}
