

GENERAL_METRICS
ACC:0.9296470588235294
PREC:0.5666610992890252
REC:0.6180818210208543
TNR:0.6180818210208543
FPR:0.43333890071097475
FPDR:0.43333890071097475
F1:0.5829333333333333
BACC:0.0
CLSFE:0.07035294117647059
MCC:0.17744254276018565
GMEAN:0.5211112730988385
SAMPLES:4250.0
AUC:{'AUC macro OVO': 0.5666610992890253}
AVGP:{'avg_precision': 0.9502741815230787}


METRICS_PER_CLASSES
CLASS:0
ACC:0.9296470588235294
PREC:0.15702479338842976
REC:0.2857142857142857
TNR:0.9504493563274229
FPR:0.8429752066115702
FPDR:0.8429752066115702
F1:0.20266666666666666
BACC:0
CLSFE:0.8429752066115702
MCC:0.17744254276018565
GMEAN:0.5211112730988385
SAMPLES:242
AUC:{}
AVGP:{}
CLASS:1
ACC:0.9296470588235294
PREC:0.9762974051896207
REC:0.9504493563274229
TNR:0.2857142857142857
FPR:0.02370259481037924
FPDR:0.02370259481037924
F1:0.9632
BACC:0
CLSFE:0.02370259481037924
MCC:0.17744254276018565
GMEAN:0.5211112730988385
SAMPLES:4008
AUC:{}
AVGP:{}
