

GENERAL_METRICS
ACC:0.9272941176470588
PREC:0.5783545401966455
REC:0.6384043275935167
TNR:0.6384043275935167
FPR:0.42164545980335455
FPDR:0.42164545980335455
F1:0.5975441690103035
BACC:0.0
CLSFE:0.07270588235294118
MCC:0.20827488998740004
GMEAN:0.5582343189636393
SAMPLES:4250.0
AUC:{'AUC macro OVO': 0.5783545401966455}
AVGP:{'avg_precision': 0.9479132351568131}


METRICS_PER_CLASSES
CLASS:0
ACC:0.9272941176470588
PREC:0.18076923076923077
REC:0.32867132867132864
TNR:0.9481373265157049
FPR:0.8192307692307692
FPDR:0.8192307692307692
F1:0.23325062034739455
BACC:0
CLSFE:0.8192307692307692
MCC:0.20827488998740004
GMEAN:0.5582343189636393
SAMPLES:260
AUC:{}
AVGP:{}
CLASS:1
ACC:0.9272941176470588
PREC:0.9759398496240601
REC:0.9481373265157049
TNR:0.32867132867132864
FPR:0.02406015037593985
FPDR:0.02406015037593985
F1:0.9618377176732124
BACC:0
CLSFE:0.02406015037593985
MCC:0.20827488998740004
GMEAN:0.5582343189636393
SAMPLES:3990
AUC:{}
AVGP:{}
