

GENERAL_METRICS
ACC:0.9249411764705883
PREC:0.5544999137911647
REC:0.6164130349933648
TNR:0.6164130349933648
FPR:0.4455000862088353
FPDR:0.4455000862088353
F1:0.5703096401186747
BACC:0.0
CLSFE:0.07505882352941176
MCC:0.1593047440763297
GMEAN:0.5224303149180235
SAMPLES:4250.0
AUC:{'AUC macro OVO': 0.5544999137911647}
AVGP:{'avg_precision': 0.9434267104682166}


METRICS_PER_CLASSES
CLASS:0
ACC:0.9249411764705883
PREC:0.13059701492537312
REC:0.2892561983471074
TNR:0.9435698716396221
FPR:0.8694029850746269
FPDR:0.8694029850746269
F1:0.17994858611825193
BACC:0
CLSFE:0.8694029850746269
MCC:0.1593047440763297
GMEAN:0.5224303149180235
SAMPLES:268
AUC:{}
AVGP:{}
CLASS:1
ACC:0.9249411764705883
PREC:0.9784028126569563
REC:0.9435698716396221
TNR:0.2892561983471074
FPR:0.021597187343043698
FPDR:0.021597187343043698
F1:0.9606706941190976
BACC:0
CLSFE:0.021597187343043698
MCC:0.1593047440763297
GMEAN:0.5224303149180235
SAMPLES:3982
AUC:{}
AVGP:{}
