

GENERAL_METRICS
ACC:0.866
PREC:0.6530434438240069
REC:0.6631210164197374
TNR:0.6631210164197374
FPR:0.3469565561759931
FPDR:0.3469565561759931
F1:0.6578140960163432
BACC:0.0
CLSFE:0.134
MCC:0.316003810818471
GMEAN:0.6111002387102463
SAMPLES:2000.0
AUC:{'AUC macro OVO': 0.6530434438240069}
AVGP:{'avg_precision': 0.9181226890077315}


METRICS_PER_CLASSES
CLASS:0
ACC:0.866
PREC:0.37719298245614036
REC:0.4056603773584906
TNR:0.9205816554809844
FPR:0.6228070175438597
FPDR:0.6228070175438597
F1:0.39090909090909093
BACC:0
CLSFE:0.6228070175438597
MCC:0.316003810818471
GMEAN:0.6111002387102463
SAMPLES:228
AUC:{}
AVGP:{}
CLASS:1
ACC:0.866
PREC:0.9288939051918735
REC:0.9205816554809844
TNR:0.4056603773584906
FPR:0.07110609480812641
FPDR:0.07110609480812641
F1:0.9247191011235955
BACC:0
CLSFE:0.07110609480812641
MCC:0.316003810818471
GMEAN:0.6111002387102463
SAMPLES:1772
AUC:{}
AVGP:{}
