

GENERAL_METRICS
ACC:0.8565
PREC:0.6138471328509509
REC:0.6585732836232571
TNR:0.6585732836232571
FPR:0.38615286714904906
FPDR:0.38615286714904906
F1:0.6298624881107833
BACC:0.0
CLSFE:0.1435
MCC:0.26872375173972607
GMEAN:0.6130916046101824
SAMPLES:2000.0
AUC:{'AUC macro OVO': 0.6138471328509509}
AVGP:{'avg_precision': 0.8974079134896428}


METRICS_PER_CLASSES
CLASS:0
ACC:0.8565
PREC:0.2868217054263566
REC:0.4180790960451977
TNR:0.8990674712013165
FPR:0.7131782945736435
FPDR:0.7131782945736435
F1:0.34022988505747126
BACC:0
CLSFE:0.7131782945736435
MCC:0.26872375173972607
GMEAN:0.6130916046101824
SAMPLES:258
AUC:{}
AVGP:{}
CLASS:1
ACC:0.8565
PREC:0.9408725602755453
REC:0.8990674712013165
TNR:0.4180790960451977
FPR:0.05912743972445465
FPDR:0.05912743972445465
F1:0.9194950911640953
BACC:0
CLSFE:0.05912743972445465
MCC:0.26872375173972607
GMEAN:0.6130916046101824
SAMPLES:1742
AUC:{}
AVGP:{}
