

GENERAL_METRICS
ACC:0.874
PREC:0.6288958853114728
REC:0.6710528044566488
TNR:0.6710528044566488
FPR:0.3711041146885272
FPDR:0.3711041146885272
F1:0.6452612819581577
BACC:0.0
CLSFE:0.126
MCC:0.2969713970432169
GMEAN:0.62537713129386
SAMPLES:2000.0
AUC:{'AUC macro OVO': 0.6288958853114728}
AVGP:{'avg_precision': 0.9128724728048819}


METRICS_PER_CLASSES
CLASS:0
ACC:0.874
PREC:0.31140350877192985
REC:0.42771084337349397
TNR:0.9143947655398037
FPR:0.6885964912280702
FPDR:0.6885964912280702
F1:0.3604060913705584
BACC:0
CLSFE:0.6885964912280702
MCC:0.2969713970432169
GMEAN:0.62537713129386
SAMPLES:228
AUC:{}
AVGP:{}
CLASS:1
ACC:0.874
PREC:0.9463882618510158
REC:0.9143947655398037
TNR:0.42771084337349397
FPR:0.0536117381489842
FPDR:0.0536117381489842
F1:0.930116472545757
BACC:0
CLSFE:0.0536117381489842
MCC:0.2969713970432169
GMEAN:0.62537713129386
SAMPLES:1772
AUC:{}
AVGP:{}
