

GENERAL_METRICS
ACC:0.8585
PREC:0.6065323395537262
REC:0.6469725891181389
TNR:0.6469725891181389
FPR:0.3934676604462738
FPDR:0.3934676604462738
F1:0.6211794170580365
BACC:0.0
CLSFE:0.1415
MCC:0.25025853646997825
GMEAN:0.5945309466393242
SAMPLES:2000.0
AUC:{'AUC macro OVO': 0.6065323395537262}
AVGP:{'avg_precision': 0.9006421414023278}


METRICS_PER_CLASSES
CLASS:0
ACC:0.8585
PREC:0.27235772357723576
REC:0.391812865497076
TNR:0.9021323127392018
FPR:0.7276422764227642
FPDR:0.7276422764227642
F1:0.3213429256594724
BACC:0
CLSFE:0.7276422764227642
MCC:0.25025853646997825
GMEAN:0.5945309466393242
SAMPLES:246
AUC:{}
AVGP:{}
CLASS:1
ACC:0.8585
PREC:0.9407069555302167
REC:0.9021323127392018
TNR:0.391812865497076
FPR:0.059293044469783354
FPDR:0.059293044469783354
F1:0.9210159084566006
BACC:0
CLSFE:0.059293044469783354
MCC:0.25025853646997825
GMEAN:0.5945309466393242
SAMPLES:1754
AUC:{}
AVGP:{}
