

GENERAL_METRICS
ACC:0.8595
PREC:0.6140922954269451
REC:0.6525671659368211
TNR:0.6525671659368211
FPR:0.3859077045730549
FPDR:0.3859077045730549
F1:0.6285699745748877
BACC:0.0
CLSFE:0.1405
MCC:0.2638691961447228
GMEAN:0.6021820565522454
SAMPLES:2000.0
AUC:{'AUC macro OVO': 0.6140922954269451}
AVGP:{'avg_precision': 0.9023724241933335}


METRICS_PER_CLASSES
CLASS:0
ACC:0.8595
PREC:0.2886178861788618
REC:0.4011299435028249
TNR:0.9040043883708173
FPR:0.7113821138211383
FPDR:0.7113821138211383
F1:0.33569739952718675
BACC:0
CLSFE:0.7113821138211383
MCC:0.2638691961447228
GMEAN:0.6021820565522454
SAMPLES:246
AUC:{}
AVGP:{}
CLASS:1
ACC:0.8595
PREC:0.9395667046750285
REC:0.9040043883708173
TNR:0.4011299435028249
FPR:0.06043329532497149
FPDR:0.06043329532497149
F1:0.9214425496225888
BACC:0
CLSFE:0.06043329532497149
MCC:0.2638691961447228
GMEAN:0.6021820565522454
SAMPLES:1754
AUC:{}
AVGP:{}
