

GENERAL_METRICS
ACC:0.8766666666666667
PREC:0.6097516000856551
REC:0.6008009003299754
TNR:0.6008009003299754
FPR:0.39024839991434485
FPDR:0.39024839991434485
F1:0.6049619624635568
BACC:0.0
CLSFE:0.12333333333333334
MCC:0.21036216486135934
GMEAN:0.49814591443507306
SAMPLES:3000.0
AUC:{'AUC macro OVO': 0.6097516000856551}
AVGP:{'avg_precision': 0.9353890825005082}


METRICS_PER_CLASSES
CLASS:0
ACC:0.8766666666666667
PREC:0.29098360655737704
REC:0.26492537313432835
TNR:0.9366764275256223
FPR:0.7090163934426229
FPDR:0.7090163934426229
F1:0.27734375
BACC:0
CLSFE:0.7090163934426229
MCC:0.21036216486135934
GMEAN:0.49814591443507306
SAMPLES:244
AUC:{}
AVGP:{}
CLASS:1
ACC:0.8766666666666667
PREC:0.9285195936139332
REC:0.9366764275256223
TNR:0.26492537313432835
FPR:0.07148040638606676
FPDR:0.07148040638606676
F1:0.9325801749271136
BACC:0
CLSFE:0.07148040638606676
MCC:0.21036216486135934
GMEAN:0.49814591443507306
SAMPLES:2756
AUC:{}
AVGP:{}
