

GENERAL_METRICS
ACC:0.788
PREC:0.5749360282447445
REC:0.6279865015317165
TNR:0.6279865015317165
FPR:0.4250639717552554
FPDR:0.4250639717552554
F1:0.584313725490196
BACC:0.0
CLSFE:0.212
MCC:0.19586526076593327
GMEAN:0.5947372735400832
SAMPLES:1250.0
AUC:{'AUC macro OVO': 0.5749360282447447}
AVGP:{'avg_precision': 0.8276693873924462}


METRICS_PER_CLASSES
CLASS:0
ACC:0.788
PREC:0.22357723577235772
REC:0.4263565891472868
TNR:0.8296164139161463
FPR:0.7764227642276422
FPDR:0.7764227642276422
F1:0.29333333333333333
BACC:0
CLSFE:0.7764227642276422
MCC:0.19586526076593327
GMEAN:0.5947372735400832
SAMPLES:246
AUC:{}
AVGP:{}
CLASS:1
ACC:0.788
PREC:0.9262948207171314
REC:0.8296164139161463
TNR:0.4263565891472868
FPR:0.07370517928286853
FPDR:0.07370517928286853
F1:0.8752941176470588
BACC:0
CLSFE:0.07370517928286853
MCC:0.19586526076593327
GMEAN:0.5947372735400832
SAMPLES:1004
AUC:{}
AVGP:{}
