

GENERAL_METRICS
ACC:0.7816
PREC:0.5516333066133863
REC:0.6067670537010159
TNR:0.6067670537010159
FPR:0.4483666933866137
FPDR:0.4483666933866137
F1:0.5539513052071038
BACC:0.0
CLSFE:0.2184
MCC:0.14849560289722302
GMEAN:0.5690684466319534
SAMPLES:1250.0
AUC:{'AUC macro OVO': 0.5516333066133863}
AVGP:{'avg_precision': 0.81614763994764}


METRICS_PER_CLASSES
CLASS:0
ACC:0.7816
PREC:0.16733067729083664
REC:0.39622641509433965
TNR:0.8173076923076923
FPR:0.8326693227091634
FPDR:0.8326693227091634
F1:0.23529411764705882
BACC:0
CLSFE:0.8326693227091634
MCC:0.14849560289722302
GMEAN:0.5690684466319534
SAMPLES:251
AUC:{}
AVGP:{}
CLASS:1
ACC:0.7816
PREC:0.9359359359359359
REC:0.8173076923076923
TNR:0.39622641509433965
FPR:0.06406406406406406
FPDR:0.06406406406406406
F1:0.8726084927671488
BACC:0
CLSFE:0.06406406406406406
MCC:0.14849560289722302
GMEAN:0.5690684466319534
SAMPLES:999
AUC:{}
AVGP:{}
