

GENERAL_METRICS
ACC:0.7904
PREC:0.5906591711936966
REC:0.6343836292814952
TNR:0.6343836292814952
FPR:0.40934082880630346
FPDR:0.40934082880630346
F1:0.6020172560456921
BACC:0.0
CLSFE:0.2096
MCC:0.22075423848851758
GMEAN:0.6003979198514224
SAMPLES:1250.0
AUC:{'AUC macro OVO': 0.5906591711936966}
AVGP:{'avg_precision': 0.8365381970980521}


METRICS_PER_CLASSES
CLASS:0
ACC:0.7904
PREC:0.26556016597510373
REC:0.42953020134228187
TNR:0.8392370572207084
FPR:0.7344398340248963
FPDR:0.7344398340248963
F1:0.3282051282051282
BACC:0
CLSFE:0.7344398340248963
MCC:0.22075423848851758
GMEAN:0.6003979198514224
SAMPLES:241
AUC:{}
AVGP:{}
CLASS:1
ACC:0.7904
PREC:0.9157581764122894
REC:0.8392370572207084
TNR:0.42953020134228187
FPR:0.08424182358771061
FPDR:0.08424182358771061
F1:0.875829383886256
BACC:0
CLSFE:0.08424182358771061
MCC:0.22075423848851758
GMEAN:0.6003979198514224
SAMPLES:1009
AUC:{}
AVGP:{}
