

GENERAL_METRICS
ACC:0.7864
PREC:0.5772577805825888
REC:0.6175482151091907
TNR:0.6175482151091907
FPR:0.4227422194174112
FPDR:0.4227422194174112
F1:0.5866048834504465
BACC:0.0
CLSFE:0.2136
MCC:0.19059395804464319
GMEAN:0.577432324628307
SAMPLES:1250.0
AUC:{'AUC macro OVO': 0.5772577805825888}
AVGP:{'avg_precision': 0.8342094854519032}


METRICS_PER_CLASSES
CLASS:0
ACC:0.7864
PREC:0.23949579831932774
REC:0.3986013986013986
TNR:0.8364950316169828
FPR:0.7605042016806722
FPDR:0.7605042016806722
F1:0.2992125984251969
BACC:0
CLSFE:0.7605042016806722
MCC:0.19059395804464319
GMEAN:0.577432324628307
SAMPLES:238
AUC:{}
AVGP:{}
CLASS:1
ACC:0.7864
PREC:0.9150197628458498
REC:0.8364950316169828
TNR:0.3986013986013986
FPR:0.08498023715415019
FPDR:0.08498023715415019
F1:0.8739971684756961
BACC:0
CLSFE:0.08498023715415019
MCC:0.19059395804464319
GMEAN:0.577432324628307
SAMPLES:1012
AUC:{}
AVGP:{}
