

GENERAL_METRICS
ACC:0.9194666666666667
PREC:0.5472964291714848
REC:0.6168623439488372
TNR:0.6168623439488372
FPR:0.45270357082851526
FPDR:0.45270357082851526
F1:0.5617185431950079
BACC:0.0
CLSFE:0.08053333333333333
MCC:0.14868989976982122
GMEAN:0.527471547239039
SAMPLES:3750.0
AUC:{'AUC macro OVO': 0.5472964291714848}
AVGP:{'avg_precision': 0.9365668840589785}


METRICS_PER_CLASSES
CLASS:0
ACC:0.9194666666666667
PREC:0.11494252873563218
REC:0.297029702970297
TNR:0.9366949849273773
FPR:0.8850574712643678
FPDR:0.8850574712643678
F1:0.16574585635359115
BACC:0
CLSFE:0.8850574712643678
MCC:0.14868989976982122
GMEAN:0.527471547239039
SAMPLES:261
AUC:{}
AVGP:{}
CLASS:1
ACC:0.9194666666666667
PREC:0.9796503296073373
REC:0.9366949849273773
TNR:0.297029702970297
FPR:0.020349670392662653
FPDR:0.020349670392662653
F1:0.9576912300364248
BACC:0
CLSFE:0.020349670392662653
MCC:0.14868989976982122
GMEAN:0.527471547239039
SAMPLES:3489
AUC:{}
AVGP:{}
