

GENERAL_METRICS
ACC:0.9296
PREC:0.5414721260237501
REC:0.6264336970267329
TNR:0.6264336970267329
FPR:0.45852787397625
FPDR:0.45852787397625
F1:0.5558347166763874
BACC:0.0
CLSFE:0.0704
MCC:0.14482367509135097
GMEAN:0.5411112366855004
SAMPLES:3750.0
AUC:{'AUC macro OVO': 0.54147212602375}
AVGP:{'avg_precision': 0.9419841627118141}


METRICS_PER_CLASSES
CLASS:0
ACC:0.9296
PREC:0.09745762711864407
REC:0.3108108108108108
TNR:0.9420565832426551
FPR:0.902542372881356
FPDR:0.902542372881356
F1:0.14838709677419354
BACC:0
CLSFE:0.902542372881356
MCC:0.14482367509135097
GMEAN:0.5411112366855004
SAMPLES:236
AUC:{}
AVGP:{}
CLASS:1
ACC:0.9296
PREC:0.985486624928856
REC:0.9420565832426551
TNR:0.3108108108108108
FPR:0.014513375071143995
FPDR:0.014513375071143995
F1:0.9632823365785813
BACC:0
CLSFE:0.014513375071143995
MCC:0.14482367509135097
GMEAN:0.5411112366855004
SAMPLES:3514
AUC:{}
AVGP:{}
