

GENERAL_METRICS
ACC:0.924
PREC:0.5484221156273669
REC:0.6339152723300729
TNR:0.6339152723300729
FPR:0.45157788437263313
FPDR:0.45157788437263313
F1:0.5646375278988419
BACC:0.0
CLSFE:0.076
MCC:0.16105229959286033
GMEAN:0.5560643726360004
SAMPLES:3750.0
AUC:{'AUC macro OVO': 0.5484221156273669}
AVGP:{'avg_precision': 0.9381789898809956}


METRICS_PER_CLASSES
CLASS:0
ACC:0.924
PREC:0.11372549019607843
REC:0.32954545454545453
TNR:0.9382850901146914
FPR:0.8862745098039215
FPDR:0.8862745098039215
F1:0.16909620991253643
BACC:0
CLSFE:0.8862745098039215
MCC:0.16105229959286033
GMEAN:0.5560643726360004
SAMPLES:255
AUC:{}
AVGP:{}
CLASS:1
ACC:0.924
PREC:0.9831187410586553
REC:0.9382850901146914
TNR:0.32954545454545453
FPR:0.01688125894134478
FPDR:0.01688125894134478
F1:0.9601788458851475
BACC:0
CLSFE:0.01688125894134478
MCC:0.16105229959286033
GMEAN:0.5560643726360004
SAMPLES:3495
AUC:{}
AVGP:{}
