

GENERAL_METRICS
ACC:0.9149333333333334
PREC:0.5308050407842015
REC:0.5706873507251136
TNR:0.5706873507251136
FPR:0.4691949592157985
FPDR:0.4691949592157985
F1:0.5382577349790465
BACC:0.0
CLSFE:0.08506666666666667
MCC:0.09332795341191788
GMEAN:0.43863508502212967
SAMPLES:3750.0
AUC:{'AUC macro OVO': 0.5308050407842014}
AVGP:{'avg_precision': 0.9356690906487379}


METRICS_PER_CLASSES
CLASS:0
ACC:0.9149333333333334
PREC:0.0859375
REC:0.205607476635514
TNR:0.9357672248147132
FPR:0.9140625
FPDR:0.9140625
F1:0.12121212121212122
BACC:0
CLSFE:0.9140625
MCC:0.09332795341191788
GMEAN:0.43863508502212967
SAMPLES:256
AUC:{}
AVGP:{}
CLASS:1
ACC:0.9149333333333334
PREC:0.975672581568403
REC:0.9357672248147132
TNR:0.205607476635514
FPR:0.024327418431597022
FPDR:0.024327418431597022
F1:0.9553033487459717
BACC:0
CLSFE:0.024327418431597022
MCC:0.09332795341191788
GMEAN:0.43863508502212967
SAMPLES:3494
AUC:{}
AVGP:{}
