

GENERAL_METRICS
ACC:0.8013333333333333
PREC:0.7983774038461539
REC:0.7804646910607176
TNR:0.7804646910607176
FPR:0.20162259615384615
FPDR:0.20162259615384615
F1:0.7866108067543647
BACC:0.0
CLSFE:0.19866666666666666
MCC:0.5785648671988665
GMEAN:0.7739890328034904
SAMPLES:750.0
AUC:{'AUC macro OVO': 0.7983774038461537}
AVGP:{'avg_precision': 0.8380777721175072}


METRICS_PER_CLASSES
CLASS:0
ACC:0.8013333333333333
PREC:0.7890625
REC:0.6801346801346801
TNR:0.8807947019867549
FPR:0.2109375
FPDR:0.2109375
F1:0.7305605786618445
BACC:0
CLSFE:0.2109375
MCC:0.5785648671988665
GMEAN:0.7739890328034904
SAMPLES:256
AUC:{}
AVGP:{}
CLASS:1
ACC:0.8013333333333333
PREC:0.8076923076923077
REC:0.8807947019867549
TNR:0.6801346801346801
FPR:0.19230769230769232
FPDR:0.19230769230769232
F1:0.8426610348468849
BACC:0
CLSFE:0.19230769230769232
MCC:0.5785648671988665
GMEAN:0.7739890328034904
SAMPLES:494
AUC:{}
AVGP:{}
