

GENERAL_METRICS
ACC:0.772
PREC:0.7688963210702342
REC:0.7407744311928666
TNR:0.7407744311928666
FPR:0.2311036789297659
FPDR:0.2311036789297659
F1:0.748558500095087
BACC:0.0
CLSFE:0.228
MCC:0.5088943259873903
GMEAN:0.7275399897827433
SAMPLES:750.0
AUC:{'AUC macro OVO': 0.7688963210702342}
AVGP:{'avg_precision': 0.8384943857885034}


METRICS_PER_CLASSES
CLASS:0
ACC:0.772
PREC:0.7608695652173914
REC:0.6013745704467354
TNR:0.8801742919389978
FPR:0.2391304347826087
FPDR:0.2391304347826087
F1:0.6717850287907869
BACC:0
CLSFE:0.2391304347826087
MCC:0.5088943259873903
GMEAN:0.7275399897827433
SAMPLES:230
AUC:{}
AVGP:{}
CLASS:1
ACC:0.772
PREC:0.7769230769230769
REC:0.8801742919389978
TNR:0.6013745704467354
FPR:0.2230769230769231
FPDR:0.2230769230769231
F1:0.8253319713993871
BACC:0
CLSFE:0.2230769230769231
MCC:0.5088943259873903
GMEAN:0.7275399897827433
SAMPLES:520
AUC:{}
AVGP:{}
