

GENERAL_METRICS
ACC:0.8093333333333333
PREC:0.8049999999999999
REC:0.7861614213121768
TNR:0.7861614213121768
FPR:0.195
FPDR:0.195
F1:0.7929452738431482
BACC:0.0
CLSFE:0.19066666666666668
MCC:0.5908611799744976
GMEAN:0.7796413504279516
SAMPLES:750.0
AUC:{'AUC macro OVO': 0.805}
AVGP:{'avg_precision': 0.8470643528561099}


METRICS_PER_CLASSES
CLASS:0
ACC:0.8093333333333333
PREC:0.792
REC:0.6851211072664359
TNR:0.8872017353579176
FPR:0.208
FPDR:0.208
F1:0.7346938775510204
BACC:0
CLSFE:0.208
MCC:0.5908611799744976
GMEAN:0.7796413504279516
SAMPLES:250
AUC:{}
AVGP:{}
CLASS:1
ACC:0.8093333333333333
PREC:0.818
REC:0.8872017353579176
TNR:0.6851211072664359
FPR:0.182
FPDR:0.182
F1:0.8511966701352758
BACC:0
CLSFE:0.182
MCC:0.5908611799744976
GMEAN:0.7796413504279516
SAMPLES:500
AUC:{}
AVGP:{}
