

GENERAL_METRICS
ACC:0.7866666666666666
PREC:0.7879901960784313
REC:0.7611111111111111
TNR:0.7611111111111111
FPR:0.21200980392156865
FPDR:0.21200980392156865
F1:0.7685185185185186
BACC:0.0
CLSFE:0.21333333333333335
MCC:0.5484430329109705
GMEAN:0.7503085784948502
SAMPLES:750.0
AUC:{'AUC macro OVO': 0.7879901960784313}
AVGP:{'avg_precision': 0.843834422657952}


METRICS_PER_CLASSES
CLASS:0
ACC:0.7866666666666666
PREC:0.7916666666666666
REC:0.6333333333333333
TNR:0.8888888888888888
FPR:0.20833333333333334
FPDR:0.20833333333333334
F1:0.7037037037037037
BACC:0
CLSFE:0.20833333333333334
MCC:0.5484430329109705
GMEAN:0.7503085784948502
SAMPLES:240
AUC:{}
AVGP:{}
CLASS:1
ACC:0.7866666666666666
PREC:0.7843137254901961
REC:0.8888888888888888
TNR:0.6333333333333333
FPR:0.21568627450980393
FPDR:0.21568627450980393
F1:0.8333333333333334
BACC:0
CLSFE:0.21568627450980393
MCC:0.5484430329109705
GMEAN:0.7503085784948502
SAMPLES:510
AUC:{}
AVGP:{}
