

GENERAL_METRICS
ACC:0.866
PREC:0.6131655014556494
REC:0.625868411084127
TNR:0.625868411084127
FPR:0.38683449854435065
FPDR:0.38683449854435065
F1:0.6189424937586193
BACC:0.0
CLSFE:0.134
MCC:0.2386961403773513
GMEAN:0.5525221687789261
SAMPLES:2500.0
AUC:{'AUC macro OVO': 0.6131655014556494}
AVGP:{'avg_precision': 0.9182854795228674}


METRICS_PER_CLASSES
CLASS:0
ACC:0.866
PREC:0.29457364341085274
REC:0.3318777292576419
TNR:0.9198590929106121
FPR:0.7054263565891473
FPDR:0.7054263565891473
F1:0.31211498973305957
BACC:0
CLSFE:0.7054263565891473
MCC:0.2386961403773513
GMEAN:0.5525221687789261
SAMPLES:258
AUC:{}
AVGP:{}
CLASS:1
ACC:0.866
PREC:0.931757359500446
REC:0.9198590929106121
TNR:0.3318777292576419
FPR:0.06824264049955397
FPDR:0.06824264049955397
F1:0.925769997784179
BACC:0
CLSFE:0.06824264049955397
MCC:0.2386961403773513
GMEAN:0.5525221687789261
SAMPLES:2242
AUC:{}
AVGP:{}
