

GENERAL_METRICS
ACC:0.8752
PREC:0.6189498123060391
REC:0.635886445329901
TNR:0.635886445329901
FPR:0.3810501876939609
FPDR:0.3810501876939609
F1:0.6265083317372151
BACC:0.0
CLSFE:0.1248
MCC:0.25427282329754836
GMEAN:0.5666898934249746
SAMPLES:2500.0
AUC:{'AUC macro OVO': 0.6189498123060391}
AVGP:{'avg_precision': 0.9229264874837243}


METRICS_PER_CLASSES
CLASS:0
ACC:0.8752
PREC:0.29959514170040485
REC:0.3474178403755869
TNR:0.9243550502842152
FPR:0.7004048582995951
FPDR:0.7004048582995951
F1:0.3217391304347826
BACC:0
CLSFE:0.7004048582995951
MCC:0.25427282329754836
GMEAN:0.5666898934249746
SAMPLES:247
AUC:{}
AVGP:{}
CLASS:1
ACC:0.8752
PREC:0.9383044829116733
REC:0.9243550502842152
TNR:0.3474178403755869
FPR:0.06169551708832668
FPDR:0.06169551708832668
F1:0.9312775330396476
BACC:0
CLSFE:0.06169551708832668
MCC:0.25427282329754836
GMEAN:0.5666898934249746
SAMPLES:2253
AUC:{}
AVGP:{}
