

GENERAL_METRICS
ACC:0.8752
PREC:0.6249702978139191
REC:0.6602618904529334
TNR:0.6602618904529334
FPR:0.3750297021860809
FPDR:0.3750297021860809
F1:0.6391421576338089
BACC:0.0
CLSFE:0.1248
MCC:0.28304046479699513
GMEAN:0.6080436807347105
SAMPLES:2500.0
AUC:{'AUC macro OVO': 0.6249702978139191}
AVGP:{'avg_precision': 0.9161530928391761}


METRICS_PER_CLASSES
CLASS:0
ACC:0.8752
PREC:0.30514705882352944
REC:0.4029126213592233
TNR:0.9176111595466434
FPR:0.6948529411764706
FPDR:0.6948529411764706
F1:0.3472803347280335
BACC:0
CLSFE:0.6948529411764706
MCC:0.28304046479699513
GMEAN:0.6080436807347105
SAMPLES:272
AUC:{}
AVGP:{}
CLASS:1
ACC:0.8752
PREC:0.9447935368043088
REC:0.9176111595466434
TNR:0.4029126213592233
FPR:0.055206463195691204
FPDR:0.055206463195691204
F1:0.9310039805395842
BACC:0
CLSFE:0.055206463195691204
MCC:0.28304046479699513
GMEAN:0.6080436807347105
SAMPLES:2228
AUC:{}
AVGP:{}
