

GENERAL_METRICS
ACC:0.8764
PREC:0.6293531574674771
REC:0.6557014437594816
TNR:0.6557014437594816
FPR:0.3706468425325229
FPDR:0.3706468425325229
F1:0.6405931956964234
BACC:0.0
CLSFE:0.1236
MCC:0.28383427116917187
GMEAN:0.5993099187253044
SAMPLES:2500.0
AUC:{'AUC macro OVO': 0.6293531574674771}
AVGP:{'avg_precision': 0.9201903739244978}


METRICS_PER_CLASSES
CLASS:0
ACC:0.8764
PREC:0.31679389312977096
REC:0.38967136150234744
TNR:0.9217315260166157
FPR:0.683206106870229
FPDR:0.683206106870229
F1:0.3494736842105263
BACC:0
CLSFE:0.683206106870229
MCC:0.28383427116917187
GMEAN:0.5993099187253044
SAMPLES:262
AUC:{}
AVGP:{}
CLASS:1
ACC:0.8764
PREC:0.9419124218051832
REC:0.9217315260166157
TNR:0.38967136150234744
FPR:0.0580875781948168
FPDR:0.0580875781948168
F1:0.9317127071823205
BACC:0
CLSFE:0.0580875781948168
MCC:0.28383427116917187
GMEAN:0.5993099187253044
SAMPLES:2238
AUC:{}
AVGP:{}
