

GENERAL_METRICS
ACC:0.885090909090909
PREC:0.5490269592037712
REC:0.5778939704811702
TNR:0.5778939704811702
FPR:0.4509730407962288
FPDR:0.4509730407962288
F1:0.5576581639301538
BACC:0.0
CLSFE:0.1149090909090909
MCC:0.1235945712885495
GMEAN:0.4647904696602629
SAMPLES:2750.0
AUC:{'AUC macro OVO': 0.5490269592037712}
AVGP:{'avg_precision': 0.9209420663198139}


METRICS_PER_CLASSES
CLASS:0
ACC:0.885090909090909
PREC:0.14225941422594143
REC:0.23448275862068965
TNR:0.9213051823416507
FPR:0.8577405857740585
FPDR:0.8577405857740585
F1:0.17708333333333334
BACC:0
CLSFE:0.8577405857740585
MCC:0.1235945712885495
GMEAN:0.4647904696602629
SAMPLES:239
AUC:{}
AVGP:{}
CLASS:1
ACC:0.885090909090909
PREC:0.955794504181601
REC:0.9213051823416507
TNR:0.23448275862068965
FPR:0.04420549581839905
FPDR:0.04420549581839905
F1:0.9382329945269742
BACC:0
CLSFE:0.04420549581839905
MCC:0.1235945712885495
GMEAN:0.4647904696602629
SAMPLES:2511
AUC:{}
AVGP:{}
