

GENERAL_METRICS
ACC:0.8723636363636363
PREC:0.5546453469380386
REC:0.5684416118421053
TNR:0.5684416118421053
FPR:0.4453546530619615
FPDR:0.4453546530619615
F1:0.5600523424905345
BACC:0.0
CLSFE:0.12763636363636363
MCC:0.12231133429262239
GMEAN:0.4458276971278431
SAMPLES:2750.0
AUC:{'AUC macro OVO': 0.5546453469380386}
AVGP:{'avg_precision': 0.9205316636146065}


METRICS_PER_CLASSES
CLASS:0
ACC:0.8723636363636363
PREC:0.16872427983539096
REC:0.21578947368421053
TNR:0.92109375
FPR:0.831275720164609
FPDR:0.831275720164609
F1:0.18937644341801385
BACC:0
CLSFE:0.831275720164609
MCC:0.12231133429262239
GMEAN:0.4458276971278431
SAMPLES:243
AUC:{}
AVGP:{}
CLASS:1
ACC:0.8723636363636363
PREC:0.9405664140406861
REC:0.92109375
TNR:0.21578947368421053
FPR:0.059433585959313924
FPDR:0.059433585959313924
F1:0.9307282415630551
BACC:0
CLSFE:0.059433585959313924
MCC:0.12231133429262239
GMEAN:0.4458276971278431
SAMPLES:2507
AUC:{}
AVGP:{}
