

GENERAL_METRICS
ACC:0.8908
PREC:0.5448110738236542
REC:0.6149366802351877
TNR:0.6149366802351877
FPR:0.45518892617634577
FPDR:0.45518892617634577
F1:0.5558835184957432
BACC:0.0
CLSFE:0.1092
MCC:0.14353307720612324
GMEAN:0.5385941631194671
SAMPLES:2500.0
AUC:{'AUC macro OVO': 0.5448110738236542}
AVGP:{'avg_precision': 0.9114766274867363}


METRICS_PER_CLASSES
CLASS:0
ACC:0.8908
PREC:0.11618257261410789
REC:0.3181818181818182
TNR:0.9116915422885572
FPR:0.8838174273858921
FPDR:0.8838174273858921
F1:0.1702127659574468
BACC:0
CLSFE:0.8838174273858921
MCC:0.14353307720612324
GMEAN:0.5385941631194671
SAMPLES:241
AUC:{}
AVGP:{}
CLASS:1
ACC:0.8908
PREC:0.9734395750332006
REC:0.9116915422885572
TNR:0.3181818181818182
FPR:0.02656042496679947
FPDR:0.02656042496679947
F1:0.9415542710340398
BACC:0
CLSFE:0.02656042496679947
MCC:0.14353307720612324
GMEAN:0.5385941631194671
SAMPLES:2259
AUC:{}
AVGP:{}
