

GENERAL_METRICS
ACC:0.8852
PREC:0.5328089832493111
REC:0.5978620613931893
TNR:0.5978620613931893
FPR:0.4671910167506889
FPDR:0.4671910167506889
F1:0.538321265340764
BACC:0.0
CLSFE:0.1148
MCC:0.11332704413320245
GMEAN:0.513186277681429
SAMPLES:2500.0
AUC:{'AUC macro OVO': 0.532808983249311}
AVGP:{'avg_precision': 0.9044306732828622}


METRICS_PER_CLASSES
CLASS:0
ACC:0.8852
PREC:0.09055118110236221
REC:0.2911392405063291
TNR:0.9045848822800495
FPR:0.9094488188976378
FPDR:0.9094488188976378
F1:0.13813813813813813
BACC:0
CLSFE:0.9094488188976378
MCC:0.11332704413320245
GMEAN:0.513186277681429
SAMPLES:254
AUC:{}
AVGP:{}
CLASS:1
ACC:0.8852
PREC:0.97506678539626
REC:0.9045848822800495
TNR:0.2911392405063291
FPR:0.024933214603739984
FPDR:0.024933214603739984
F1:0.9385043925433898
BACC:0
CLSFE:0.024933214603739984
MCC:0.11332704413320245
GMEAN:0.513186277681429
SAMPLES:2246
AUC:{}
AVGP:{}
