

GENERAL_METRICS
ACC:0.8928
PREC:0.5403577024313994
REC:0.6177648187553264
TNR:0.6177648187553264
FPR:0.4596422975686007
FPDR:0.4596422975686007
F1:0.5499961044438892
BACC:0.0
CLSFE:0.1072
MCC:0.13787991169441818
GMEAN:0.5438123938930869
SAMPLES:2500.0
AUC:{'AUC macro OVO': 0.5403577024313992}
AVGP:{'avg_precision': 0.9106873255544795}


METRICS_PER_CLASSES
CLASS:0
ACC:0.8928
PREC:0.1037344398340249
REC:0.3246753246753247
TNR:0.9108543128353281
FPR:0.8962655601659751
FPDR:0.8962655601659751
F1:0.15723270440251572
BACC:0
CLSFE:0.8962655601659751
MCC:0.13787991169441818
GMEAN:0.5438123938930869
SAMPLES:241
AUC:{}
AVGP:{}
CLASS:1
ACC:0.8928
PREC:0.9769809650287737
REC:0.9108543128353281
TNR:0.3246753246753247
FPR:0.023019034971226208
FPDR:0.023019034971226208
F1:0.9427595044852627
BACC:0
CLSFE:0.023019034971226208
MCC:0.13787991169441818
GMEAN:0.5438123938930869
SAMPLES:2259
AUC:{}
AVGP:{}
