

GENERAL_METRICS
ACC:0.9004
PREC:0.5426799138980446
REC:0.6446018062397373
TNR:0.6446018062397373
FPR:0.45732008610195546
FPDR:0.45732008610195546
F1:0.5543356164236454
BACC:0.0
CLSFE:0.0996
MCC:0.15711896944435075
GMEAN:0.5855137527674332
SAMPLES:2500.0
AUC:{'AUC macro OVO': 0.5426799138980445}
AVGP:{'avg_precision': 0.9140729797052447}


METRICS_PER_CLASSES
CLASS:0
ACC:0.9004
PREC:0.10300429184549356
REC:0.375
TNR:0.9142036124794746
FPR:0.8969957081545065
FPDR:0.8969957081545065
F1:0.16161616161616163
BACC:0
CLSFE:0.8969957081545065
MCC:0.15711896944435075
GMEAN:0.5855137527674332
SAMPLES:233
AUC:{}
AVGP:{}
CLASS:1
ACC:0.9004
PREC:0.9823555359505955
REC:0.9142036124794746
TNR:0.375
FPR:0.0176444640494045
FPDR:0.0176444640494045
F1:0.9470550712311291
BACC:0
CLSFE:0.0176444640494045
MCC:0.15711896944435075
GMEAN:0.5855137527674332
SAMPLES:2267
AUC:{}
AVGP:{}
