

GENERAL_METRICS
ACC:0.7832
PREC:0.6958213193272954
REC:0.6738837894498272
TNR:0.6738837894498272
FPR:0.3041786806727046
FPDR:0.3041786806727046
F1:0.6829047516079421
BACC:0.0
CLSFE:0.2168
MCC:0.3690536712170457
GMEAN:0.6410877792553231
SAMPLES:1250.0
AUC:{'AUC macro OVO': 0.6958213193272953}
AVGP:{'avg_precision': 0.868526822839611}


METRICS_PER_CLASSES
CLASS:0
ACC:0.7832
PREC:0.549800796812749
REC:0.46621621621621623
TNR:0.8815513626834381
FPR:0.450199203187251
FPDR:0.450199203187251
F1:0.5045703839122486
BACC:0
CLSFE:0.450199203187251
MCC:0.3690536712170457
GMEAN:0.6410877792553231
SAMPLES:251
AUC:{}
AVGP:{}
CLASS:1
ACC:0.7832
PREC:0.8418418418418419
REC:0.8815513626834381
TNR:0.46621621621621623
FPR:0.15815815815815815
FPDR:0.15815815815815815
F1:0.8612391193036354
BACC:0
CLSFE:0.15815815815815815
MCC:0.3690536712170457
GMEAN:0.6410877792553231
SAMPLES:999
AUC:{}
AVGP:{}
