

GENERAL_METRICS
ACC:0.7712
PREC:0.7179290966216435
REC:0.6708730158730158
TNR:0.6708730158730158
FPR:0.2820709033783565
FPDR:0.2820709033783565
F1:0.684962072077153
BACC:0.0
CLSFE:0.2288
MCC:0.38594404768682256
GMEAN:0.6309353097421042
SAMPLES:1250.0
AUC:{'AUC macro OVO': 0.7179290966216435}
AVGP:{'avg_precision': 0.8803038955289951}


METRICS_PER_CLASSES
CLASS:0
ACC:0.7712
PREC:0.6300813008130082
REC:0.44285714285714284
TNR:0.8988888888888888
FPR:0.3699186991869919
FPDR:0.3699186991869919
F1:0.5201342281879194
BACC:0
CLSFE:0.3699186991869919
MCC:0.38594404768682256
GMEAN:0.6309353097421042
SAMPLES:246
AUC:{}
AVGP:{}
CLASS:1
ACC:0.7712
PREC:0.8057768924302788
REC:0.8988888888888888
TNR:0.44285714285714284
FPR:0.1942231075697211
FPDR:0.1942231075697211
F1:0.8497899159663865
BACC:0
CLSFE:0.1942231075697211
MCC:0.38594404768682256
GMEAN:0.6309353097421042
SAMPLES:1004
AUC:{}
AVGP:{}
