

GENERAL_METRICS
ACC:0.7592
PREC:0.7072913587545571
REC:0.6636149270817779
TNR:0.6636149270817779
FPR:0.2927086412454429
FPDR:0.2927086412454429
F1:0.6761521452284408
BACC:0.0
CLSFE:0.2408
MCC:0.3683257283835031
GMEAN:0.6235280811085531
SAMPLES:1250.0
AUC:{'AUC macro OVO': 0.7072913587545571}
AVGP:{'avg_precision': 0.8713364027343927}


METRICS_PER_CLASSES
CLASS:0
ACC:0.7592
PREC:0.6196078431372549
REC:0.43646408839779005
TNR:0.8907657657657657
FPR:0.3803921568627451
FPDR:0.3803921568627451
F1:0.5121555915721232
BACC:0
CLSFE:0.3803921568627451
MCC:0.3683257283835031
GMEAN:0.6235280811085531
SAMPLES:255
AUC:{}
AVGP:{}
CLASS:1
ACC:0.7592
PREC:0.7949748743718593
REC:0.8907657657657657
TNR:0.43646408839779005
FPR:0.2050251256281407
FPDR:0.2050251256281407
F1:0.8401486988847584
BACC:0
CLSFE:0.2050251256281407
MCC:0.3683257283835031
GMEAN:0.6235280811085531
SAMPLES:995
AUC:{}
AVGP:{}
