

GENERAL_METRICS
ACC:0.752
PREC:0.6744978913163717
REC:0.6319947441361817
TNR:0.6319947441361817
FPR:0.3255021086836283
FPDR:0.3255021086836283
F1:0.6433173784977909
BACC:0.0
CLSFE:0.248
MCC:0.30353124726530367
GMEAN:0.577049196494148
SAMPLES:1250.0
AUC:{'AUC macro OVO': 0.6744978913163717}
AVGP:{'avg_precision': 0.875341077033297}


METRICS_PER_CLASSES
CLASS:0
ACC:0.752
PREC:0.5530973451327433
REC:0.37425149700598803
TNR:0.8897379912663755
FPR:0.4469026548672566
FPDR:0.4469026548672566
F1:0.44642857142857145
BACC:0
CLSFE:0.4469026548672566
MCC:0.30353124726530367
GMEAN:0.577049196494148
SAMPLES:226
AUC:{}
AVGP:{}
CLASS:1
ACC:0.752
PREC:0.7958984375
REC:0.8897379912663755
TNR:0.37425149700598803
FPR:0.2041015625
FPDR:0.2041015625
F1:0.8402061855670103
BACC:0
CLSFE:0.2041015625
MCC:0.30353124726530367
GMEAN:0.577049196494148
SAMPLES:1024
AUC:{}
AVGP:{}
