

GENERAL_METRICS
ACC:0.778
PREC:0.7780723818068216
REC:0.7777831124767941
TNR:0.7777831124767941
FPR:0.22192761819317836
FPDR:0.22192761819317836
F1:0.7778498264827023
BACC:0.0
CLSFE:0.222
MCC:0.5558554190151764
GMEAN:0.777664978819116
SAMPLES:500.0
AUC:{'AUC macro OVO': 0.7780723818068217}
AVGP:{'avg_precision': 0.7301276259386495}


METRICS_PER_CLASSES
CLASS:0
ACC:0.778
PREC:0.7800829875518672
REC:0.7642276422764228
TNR:0.7913385826771654
FPR:0.21991701244813278
FPDR:0.21991701244813278
F1:0.7720739219712526
BACC:0
CLSFE:0.21991701244813278
MCC:0.5558554190151764
GMEAN:0.777664978819116
SAMPLES:241
AUC:{}
AVGP:{}
CLASS:1
ACC:0.778
PREC:0.7760617760617761
REC:0.7913385826771654
TNR:0.7642276422764228
FPR:0.22393822393822393
FPDR:0.22393822393822393
F1:0.783625730994152
BACC:0
CLSFE:0.22393822393822393
MCC:0.5558554190151764
GMEAN:0.777664978819116
SAMPLES:259
AUC:{}
AVGP:{}
