

GENERAL_METRICS
ACC:0.842
PREC:0.8413716353621239
REC:0.842506908296382
TNR:0.842506908296382
FPR:0.1586283646378761
FPDR:0.1586283646378761
F1:0.8416649630618389
BACC:0.0
CLSFE:0.158
MCC:0.6838776013526424
GMEAN:0.842469677272469
SAMPLES:500.0
AUC:{'AUC macro OVO': 0.8413716353621238}
AVGP:{'avg_precision': 0.7909268306954156}


METRICS_PER_CLASSES
CLASS:0
ACC:0.842
PREC:0.8189300411522634
REC:0.8504273504273504
TNR:0.8345864661654135
FPR:0.18106995884773663
FPDR:0.18106995884773663
F1:0.8343815513626834
BACC:0
CLSFE:0.18106995884773663
MCC:0.6838776013526424
GMEAN:0.842469677272469
SAMPLES:243
AUC:{}
AVGP:{}
CLASS:1
ACC:0.842
PREC:0.8638132295719845
REC:0.8345864661654135
TNR:0.8504273504273504
FPR:0.13618677042801555
FPDR:0.13618677042801555
F1:0.8489483747609943
BACC:0
CLSFE:0.13618677042801555
MCC:0.6838776013526424
GMEAN:0.842469677272469
SAMPLES:257
AUC:{}
AVGP:{}
