

GENERAL_METRICS
ACC:0.81
PREC:0.8100049600793613
REC:0.81
TNR:0.81
FPR:0.1899950399206387
FPDR:0.1899950399206387
F1:0.80999923999696
BACC:0.0
CLSFE:0.19
MCC:0.6200049600595208
GMEAN:0.8099975308604342
SAMPLES:500.0
AUC:{'AUC macro OVO': 0.8100049600793612}
AVGP:{'avg_precision': 0.7527171314741037}


METRICS_PER_CLASSES
CLASS:0
ACC:0.81
PREC:0.8112449799196787
REC:0.808
TNR:0.812
FPR:0.18875502008032127
FPDR:0.18875502008032127
F1:0.8096192384769539
BACC:0
CLSFE:0.18875502008032127
MCC:0.6200049600595208
GMEAN:0.8099975308604342
SAMPLES:249
AUC:{}
AVGP:{}
CLASS:1
ACC:0.81
PREC:0.8087649402390438
REC:0.812
TNR:0.808
FPR:0.19123505976095617
FPDR:0.19123505976095617
F1:0.810379241516966
BACC:0
CLSFE:0.19123505976095617
MCC:0.6200049600595208
GMEAN:0.8099975308604342
SAMPLES:251
AUC:{}
AVGP:{}
