

GENERAL_METRICS
ACC:0.804
PREC:0.8039234511008704
REC:0.8040791495901639
TNR:0.8040791495901639
FPR:0.19607654889912957
FPDR:0.19607654889912957
F1:0.8039498111516548
BACC:0.0
CLSFE:0.196
MCC:0.6080025807552479
GMEAN:0.8040723864577954
SAMPLES:500.0
AUC:{'AUC macro OVO': 0.8039234511008705}
AVGP:{'avg_precision': 0.7433438656795346}


METRICS_PER_CLASSES
CLASS:0
ACC:0.804
PREC:0.8134920634920635
REC:0.80078125
TNR:0.8073770491803278
FPR:0.1865079365079365
FPDR:0.1865079365079365
F1:0.8070866141732284
BACC:0
CLSFE:0.1865079365079365
MCC:0.6080025807552479
GMEAN:0.8040723864577954
SAMPLES:252
AUC:{}
AVGP:{}
CLASS:1
ACC:0.804
PREC:0.7943548387096774
REC:0.8073770491803278
TNR:0.80078125
FPR:0.2056451612903226
FPDR:0.2056451612903226
F1:0.8008130081300813
BACC:0
CLSFE:0.2056451612903226
MCC:0.6080025807552479
GMEAN:0.8040723864577954
SAMPLES:248
AUC:{}
AVGP:{}
