

GENERAL_METRICS
ACC:0.8742857142857143
PREC:0.7429330496751312
REC:0.7541986734412667
TNR:0.7541986734412667
FPR:0.25706695032486876
FPDR:0.25706695032486876
F1:0.748342327643909
BACC:0.0
CLSFE:0.12571428571428572
MCC:0.4970040601945208
GMEAN:0.7352828784990235
SAMPLES:1750.0
AUC:{'AUC macro OVO': 0.7429330496751313}
AVGP:{'avg_precision': 0.9170413527114117}


METRICS_PER_CLASSES
CLASS:0
ACC:0.8742857142857143
PREC:0.5551330798479087
REC:0.5863453815261044
TNR:0.9220519653564291
FPR:0.4448669201520912
FPDR:0.4448669201520912
F1:0.5703125
BACC:0
CLSFE:0.4448669201520912
MCC:0.4970040601945208
GMEAN:0.7352828784990235
SAMPLES:263
AUC:{}
AVGP:{}
CLASS:1
ACC:0.8742857142857143
PREC:0.9307330195023538
REC:0.9220519653564291
TNR:0.5863453815261044
FPR:0.06926698049764626
FPDR:0.06926698049764626
F1:0.9263721552878179
BACC:0
CLSFE:0.06926698049764626
MCC:0.4970040601945208
GMEAN:0.7352828784990235
SAMPLES:1487
AUC:{}
AVGP:{}
