

GENERAL_METRICS
ACC:0.8805714285714286
PREC:0.7176907448734684
REC:0.7634019124891336
TNR:0.7634019124891336
FPR:0.28230925512653166
FPDR:0.28230925512653166
F1:0.736993681376564
BACC:0.0
CLSFE:0.11942857142857143
MCC:0.4789161034287973
GMEAN:0.748001712060332
SAMPLES:1750.0
AUC:{'AUC macro OVO': 0.7176907448734684}
AVGP:{'avg_precision': 0.9127393609850356}


METRICS_PER_CLASSES
CLASS:0
ACC:0.8805714285714286
PREC:0.4881889763779528
REC:0.6108374384236454
TNR:0.9159663865546218
FPR:0.5118110236220472
FPDR:0.5118110236220472
F1:0.5426695842450766
BACC:0
CLSFE:0.5118110236220472
MCC:0.4789161034287973
GMEAN:0.748001712060332
SAMPLES:254
AUC:{}
AVGP:{}
CLASS:1
ACC:0.8805714285714286
PREC:0.9471925133689839
REC:0.9159663865546218
TNR:0.6108374384236454
FPR:0.052807486631016046
FPDR:0.052807486631016046
F1:0.9313177785080513
BACC:0
CLSFE:0.052807486631016046
MCC:0.4789161034287973
GMEAN:0.748001712060332
SAMPLES:1496
AUC:{}
AVGP:{}
