

GENERAL_METRICS
ACC:0.8948571428571429
PREC:0.7704243803960311
REC:0.7860274408250421
TNR:0.7860274408250421
FPR:0.22957561960396888
FPDR:0.22957561960396888
F1:0.7778697571743929
BACC:0.0
CLSFE:0.10514285714285715
MCC:0.5562330211750267
GMEAN:0.7719498637596008
SAMPLES:1750.0
AUC:{'AUC macro OVO': 0.7704243803960311}
AVGP:{'avg_precision': 0.9298825667664897}


METRICS_PER_CLASSES
CLASS:0
ACC:0.8948571428571429
PREC:0.5967741935483871
REC:0.6379310344827587
TNR:0.9341238471673254
FPR:0.4032258064516129
FPDR:0.4032258064516129
F1:0.6166666666666667
BACC:0
CLSFE:0.4032258064516129
MCC:0.5562330211750267
GMEAN:0.7719498637596008
SAMPLES:248
AUC:{}
AVGP:{}
CLASS:1
ACC:0.8948571428571429
PREC:0.9440745672436751
REC:0.9341238471673254
TNR:0.6379310344827587
FPR:0.0559254327563249
FPDR:0.0559254327563249
F1:0.9390728476821192
BACC:0
CLSFE:0.0559254327563249
MCC:0.5562330211750267
GMEAN:0.7719498637596008
SAMPLES:1502
AUC:{}
AVGP:{}
