

GENERAL_METRICS
ACC:0.8931428571428571
PREC:0.7469065501108101
REC:0.8013703776757117
TNR:0.8013703776757117
FPR:0.25309344988918986
FPDR:0.25309344988918986
F1:0.7697917538667599
BACC:0.0
CLSFE:0.10685714285714286
MCC:0.5455651024671644
GMEAN:0.792302851150044
SAMPLES:1750.0
AUC:{'AUC macro OVO': 0.7469065501108101}
AVGP:{'avg_precision': 0.918419029301349}


METRICS_PER_CLASSES
CLASS:0
ACC:0.8931428571428571
PREC:0.5381679389312977
REC:0.6811594202898551
TNR:0.9215813350615684
FPR:0.4618320610687023
FPDR:0.4618320610687023
F1:0.6012793176972282
BACC:0
CLSFE:0.4618320610687023
MCC:0.5455651024671644
GMEAN:0.792302851150044
SAMPLES:262
AUC:{}
AVGP:{}
CLASS:1
ACC:0.8931428571428571
PREC:0.9556451612903226
REC:0.9215813350615684
TNR:0.6811594202898551
FPR:0.04435483870967742
FPDR:0.04435483870967742
F1:0.9383041900362916
BACC:0
CLSFE:0.04435483870967742
MCC:0.5455651024671644
GMEAN:0.792302851150044
SAMPLES:1488
AUC:{}
AVGP:{}
