

GENERAL_METRICS
ACC:0.8973333333333333
PREC:0.5773694063597901
REC:0.6178680007438092
TNR:0.6178680007438092
FPR:0.42263059364021
FPDR:0.42263059364021
F1:0.5912922242903347
BACC:0.0
CLSFE:0.10266666666666667
MCC:0.19099086099982704
GMEAN:0.5332281740286628
SAMPLES:3000.0
AUC:{'AUC macro OVO': 0.57736940635979}
AVGP:{'avg_precision': 0.9295150623689941}


METRICS_PER_CLASSES
CLASS:0
ACC:0.8973333333333333
PREC:0.19433198380566802
REC:0.3057324840764331
TNR:0.9300035174111854
FPR:0.805668016194332
FPDR:0.805668016194332
F1:0.2376237623762376
BACC:0
CLSFE:0.805668016194332
MCC:0.19099086099982704
GMEAN:0.5332281740286628
SAMPLES:247
AUC:{}
AVGP:{}
CLASS:1
ACC:0.8973333333333333
PREC:0.960406828913912
REC:0.9300035174111854
TNR:0.3057324840764331
FPR:0.039593171086087904
FPDR:0.039593171086087904
F1:0.9449606862044317
BACC:0
CLSFE:0.039593171086087904
MCC:0.19099086099982704
GMEAN:0.5332281740286628
SAMPLES:2753
AUC:{}
AVGP:{}
