

GENERAL_METRICS
ACC:0.895
PREC:0.5808991908808712
REC:0.6252103028141743
TNR:0.6252103028141743
FPR:0.4191008091191288
FPDR:0.4191008091191288
F1:0.5958842629634555
BACC:0.0
CLSFE:0.105
MCC:0.20128996187207723
GMEAN:0.547307585161206
SAMPLES:3000.0
AUC:{'AUC macro OVO': 0.5808991908808712}
AVGP:{'avg_precision': 0.9269050024548663}


METRICS_PER_CLASSES
CLASS:0
ACC:0.895
PREC:0.20155038759689922
REC:0.32298136645962733
TNR:0.9274392391687214
FPR:0.7984496124031008
FPDR:0.7984496124031008
F1:0.24821002386634844
BACC:0
CLSFE:0.7984496124031008
MCC:0.20128996187207723
GMEAN:0.547307585161206
SAMPLES:258
AUC:{}
AVGP:{}
CLASS:1
ACC:0.895
PREC:0.9602479941648432
REC:0.9274392391687214
TNR:0.32298136645962733
FPR:0.03975200583515682
FPDR:0.03975200583515682
F1:0.9435585020605626
BACC:0
CLSFE:0.03975200583515682
MCC:0.20128996187207723
GMEAN:0.547307585161206
SAMPLES:2742
AUC:{}
AVGP:{}
