

GENERAL_METRICS
ACC:0.8996666666666666
PREC:0.5939532958504363
REC:0.655367296091119
TNR:0.655367296091119
FPR:0.4060467041495637
FPDR:0.4060467041495637
F1:0.613844962387302
BACC:0.0
CLSFE:0.10033333333333333
MCC:0.24163832092721751
GMEAN:0.5961426049370591
SAMPLES:3000.0
AUC:{'AUC macro OVO': 0.5939532958504363}
AVGP:{'avg_precision': 0.9270636509198794}


METRICS_PER_CLASSES
CLASS:0
ACC:0.8996666666666666
PREC:0.22264150943396227
REC:0.38311688311688313
TNR:0.9276177090653549
FPR:0.7773584905660378
FPDR:0.7773584905660378
F1:0.28162291169451076
BACC:0
CLSFE:0.7773584905660378
MCC:0.24163832092721751
GMEAN:0.5961426049370591
SAMPLES:265
AUC:{}
AVGP:{}
CLASS:1
ACC:0.8996666666666666
PREC:0.9652650822669104
REC:0.9276177090653549
TNR:0.38311688311688313
FPR:0.03473491773308958
FPDR:0.03473491773308958
F1:0.9460670130800932
BACC:0
CLSFE:0.03473491773308958
MCC:0.24163832092721751
GMEAN:0.5961426049370591
SAMPLES:2735
AUC:{}
AVGP:{}
