

GENERAL_METRICS
ACC:0.8986666666666666
PREC:0.5797132876969242
REC:0.6241295598287868
TNR:0.6241295598287868
FPR:0.42028671230307574
FPDR:0.42028671230307574
F1:0.5947379927799374
BACC:0.0
CLSFE:0.10133333333333333
MCC:0.1989449704247348
GMEAN:0.5439978739234143
SAMPLES:3000.0
AUC:{'AUC macro OVO': 0.5797132876969242}
AVGP:{'avg_precision': 0.9295910672261354}


METRICS_PER_CLASSES
CLASS:0
ACC:0.8986666666666666
PREC:0.1975806451612903
REC:0.3181818181818182
TNR:0.9300773014757554
FPR:0.8024193548387096
FPDR:0.8024193548387096
F1:0.24378109452736318
BACC:0
CLSFE:0.8024193548387096
MCC:0.1989449704247348
GMEAN:0.5439978739234143
SAMPLES:248
AUC:{}
AVGP:{}
CLASS:1
ACC:0.8986666666666666
PREC:0.9618459302325582
REC:0.9300773014757554
TNR:0.3181818181818182
FPR:0.03815406976744186
FPDR:0.03815406976744186
F1:0.9456948910325116
BACC:0
CLSFE:0.03815406976744186
MCC:0.1989449704247348
GMEAN:0.5439978739234143
SAMPLES:2752
AUC:{}
AVGP:{}
