

GENERAL_METRICS
ACC:0.8771428571428571
PREC:0.7723559314653952
REC:0.7452839437185831
TNR:0.7452839437185831
FPR:0.22764406853460475
FPDR:0.22764406853460475
F1:0.7575800919939255
BACC:0.0
CLSFE:0.12285714285714286
MCC:0.5169314730792866
GMEAN:0.7198772997813832
SAMPLES:1750.0
AUC:{'AUC macro OVO': 0.7723559314653953}
AVGP:{'avg_precision': 0.9318278335273653}


METRICS_PER_CLASSES
CLASS:0
ACC:0.8771428571428571
PREC:0.6270491803278688
REC:0.5523465703971119
TNR:0.9382213170400543
FPR:0.3729508196721312
FPDR:0.3729508196721312
F1:0.5873320537428023
BACC:0
CLSFE:0.3729508196721312
MCC:0.5169314730792866
GMEAN:0.7198772997813832
SAMPLES:244
AUC:{}
AVGP:{}
CLASS:1
ACC:0.8771428571428571
PREC:0.9176626826029216
REC:0.9382213170400543
TNR:0.5523465703971119
FPR:0.08233731739707835
FPDR:0.08233731739707835
F1:0.9278281302450486
BACC:0
CLSFE:0.08233731739707835
MCC:0.5169314730792866
GMEAN:0.7198772997813832
SAMPLES:1506
AUC:{}
AVGP:{}
