

GENERAL_METRICS
ACC:0.8851428571428571
PREC:0.7848389355742298
REC:0.7557352754054923
TNR:0.7557352754054923
FPR:0.21516106442577032
FPDR:0.21516106442577032
F1:0.7689532250976899
BACC:0.0
CLSFE:0.11485714285714285
MCC:0.5397901949286701
GMEAN:0.73211403366338
SAMPLES:1750.0
AUC:{'AUC macro OVO': 0.7848389355742296}
AVGP:{'avg_precision': 0.9370759200231816}


METRICS_PER_CLASSES
CLASS:0
ACC:0.8851428571428571
PREC:0.6470588235294118
REC:0.5682656826568265
TNR:0.9432048681541582
FPR:0.35294117647058826
FPDR:0.35294117647058826
F1:0.6051080550098232
BACC:0
CLSFE:0.35294117647058826
MCC:0.5397901949286701
GMEAN:0.73211403366338
SAMPLES:238
AUC:{}
AVGP:{}
CLASS:1
ACC:0.8851428571428571
PREC:0.9226190476190477
REC:0.9432048681541582
TNR:0.5682656826568265
FPR:0.07738095238095238
FPDR:0.07738095238095238
F1:0.9327983951855566
BACC:0
CLSFE:0.07738095238095238
MCC:0.5397901949286701
GMEAN:0.73211403366338
SAMPLES:1512
AUC:{}
AVGP:{}
