

GENERAL_METRICS
ACC:0.8845714285714286
PREC:0.7696386870783601
REC:0.7608402359437751
TNR:0.7608402359437751
FPR:0.23036131292163986
FPDR:0.23036131292163986
F1:0.765115654792438
BACC:0.0
CLSFE:0.11542857142857142
MCC:0.5304059530476226
GMEAN:0.7404639745391813
SAMPLES:1750.0
AUC:{'AUC macro OVO': 0.7696386870783601}
AVGP:{'avg_precision': 0.9303644303658403}


METRICS_PER_CLASSES
CLASS:0
ACC:0.8845714285714286
PREC:0.6097560975609756
REC:0.5859375
TNR:0.9357429718875502
FPR:0.3902439024390244
FPDR:0.3902439024390244
F1:0.5976095617529881
BACC:0
CLSFE:0.3902439024390244
MCC:0.5304059530476226
GMEAN:0.7404639745391813
SAMPLES:246
AUC:{}
AVGP:{}
CLASS:1
ACC:0.8845714285714286
PREC:0.9295212765957447
REC:0.9357429718875502
TNR:0.5859375
FPR:0.07047872340425532
FPDR:0.07047872340425532
F1:0.9326217478318879
BACC:0
CLSFE:0.07047872340425532
MCC:0.5304059530476226
GMEAN:0.7404639745391813
SAMPLES:1504
AUC:{}
AVGP:{}
