

GENERAL_METRICS
ACC:0.8811428571428571
PREC:0.7557910434763677
REC:0.7523355955500193
TNR:0.7523355955500193
FPR:0.24420895652363225
FPDR:0.24420895652363225
F1:0.7540434180937554
BACC:0.0
CLSFE:0.11885714285714286
MCC:0.5081148897325097
GMEAN:0.7305456906603089
SAMPLES:1750.0
AUC:{'AUC macro OVO': 0.7557910434763677}
AVGP:{'avg_precision': 0.9270566638398533}


METRICS_PER_CLASSES
CLASS:0
ACC:0.8811428571428571
PREC:0.5819672131147541
REC:0.5725806451612904
TNR:0.9320905459387483
FPR:0.4180327868852459
FPDR:0.4180327868852459
F1:0.5772357723577236
BACC:0
CLSFE:0.4180327868852459
MCC:0.5081148897325097
GMEAN:0.7305456906603089
SAMPLES:244
AUC:{}
AVGP:{}
CLASS:1
ACC:0.8811428571428571
PREC:0.9296148738379814
REC:0.9320905459387483
TNR:0.5725806451612904
FPR:0.0703851261620186
FPDR:0.0703851261620186
F1:0.9308510638297872
BACC:0
CLSFE:0.0703851261620186
MCC:0.5081148897325097
GMEAN:0.7305456906603089
SAMPLES:1506
AUC:{}
AVGP:{}
