

GENERAL_METRICS
ACC:0.8964444444444445
PREC:0.5804831068769847
REC:0.6929194245277623
TNR:0.6929194245277623
FPR:0.41951689312301527
FPDR:0.41951689312301527
F1:0.604641288797755
BACC:0.0
CLSFE:0.10355555555555555
MCC:0.2492127979291135
GMEAN:0.6567284163357173
SAMPLES:2250.0
AUC:{'AUC macro OVO': 0.5804831068769847}
AVGP:{'avg_precision': 0.9135739803698725}


METRICS_PER_CLASSES
CLASS:0
ACC:0.8964444444444445
PREC:0.18421052631578946
REC:0.47191011235955055
TNR:0.9139287366959741
FPR:0.8157894736842105
FPDR:0.8157894736842105
F1:0.26498422712933756
BACC:0
CLSFE:0.8157894736842105
MCC:0.2492127979291135
GMEAN:0.6567284163357173
SAMPLES:228
AUC:{}
AVGP:{}
CLASS:1
ACC:0.8964444444444445
PREC:0.97675568743818
REC:0.9139287366959741
TNR:0.47191011235955055
FPR:0.02324431256181998
FPDR:0.02324431256181998
F1:0.9442983504661726
BACC:0
CLSFE:0.02324431256181998
MCC:0.2492127979291135
GMEAN:0.6567284163357173
SAMPLES:2022
AUC:{}
AVGP:{}
