

GENERAL_METRICS
ACC:0.8831111111111111
PREC:0.5660702831088227
REC:0.6929338043380433
TNR:0.6929338043380433
FPR:0.4339297168911774
FPDR:0.4339297168911774
F1:0.5849846863381938
BACC:0.0
CLSFE:0.11688888888888889
MCC:0.22580691817459203
GMEAN:0.6618756535738476
SAMPLES:2250.0
AUC:{'AUC macro OVO': 0.5660702831088227}
AVGP:{'avg_precision': 0.8977657800559906}


METRICS_PER_CLASSES
CLASS:0
ACC:0.8831111111111111
PREC:0.1532567049808429
REC:0.4878048780487805
TNR:0.8980627306273062
FPR:0.8467432950191571
FPDR:0.8467432950191571
F1:0.23323615160349853
BACC:0
CLSFE:0.8467432950191571
MCC:0.22580691817459203
GMEAN:0.6618756535738476
SAMPLES:261
AUC:{}
AVGP:{}
CLASS:1
ACC:0.8831111111111111
PREC:0.9788838612368024
REC:0.8980627306273062
TNR:0.4878048780487805
FPR:0.021116138763197588
FPDR:0.021116138763197588
F1:0.9367332210728891
BACC:0
CLSFE:0.021116138763197588
MCC:0.22580691817459203
GMEAN:0.6618756535738476
SAMPLES:1989
AUC:{}
AVGP:{}
