

GENERAL_METRICS
ACC:0.8875555555555555
PREC:0.5535168906559189
REC:0.6784453011268669
TNR:0.6784453011268669
FPR:0.4464831093440811
FPDR:0.4464831093440811
F1:0.5681856972179553
BACC:0.0
CLSFE:0.11244444444444444
MCC:0.1954465417291293
GMEAN:0.6409007417034395
SAMPLES:2250.0
AUC:{'AUC macro OVO': 0.5535168906559189}
AVGP:{'avg_precision': 0.9008090066753419}


METRICS_PER_CLASSES
CLASS:0
ACC:0.8875555555555555
PREC:0.12550607287449392
REC:0.45588235294117646
TNR:0.9010082493125573
FPR:0.8744939271255061
FPDR:0.8744939271255061
F1:0.19682539682539682
BACC:0
CLSFE:0.8744939271255061
MCC:0.1954465417291293
GMEAN:0.6409007417034395
SAMPLES:247
AUC:{}
AVGP:{}
CLASS:1
ACC:0.8875555555555555
PREC:0.9815277084373439
REC:0.9010082493125573
TNR:0.45588235294117646
FPR:0.018472291562656017
FPDR:0.018472291562656017
F1:0.9395459976105137
BACC:0
CLSFE:0.018472291562656017
MCC:0.1954465417291293
GMEAN:0.6409007417034395
SAMPLES:2003
AUC:{}
AVGP:{}
