

GENERAL_METRICS
ACC:0.8862222222222222
PREC:0.5697972824724172
REC:0.7004151291512914
TNR:0.7004151291512914
FPR:0.43020271752758277
FPDR:0.43020271752758277
F1:0.5905473301695532
BACC:0.0
CLSFE:0.11377777777777778
MCC:0.23654539844282474
GMEAN:0.6711297409229392
SAMPLES:2250.0
AUC:{'AUC macro OVO': 0.5697972824724172}
AVGP:{'avg_precision': 0.9005298924654241}


METRICS_PER_CLASSES
CLASS:0
ACC:0.8862222222222222
PREC:0.16015625
REC:0.5
TNR:0.900830258302583
FPR:0.83984375
FPDR:0.83984375
F1:0.24260355029585798
BACC:0
CLSFE:0.83984375
MCC:0.23654539844282474
GMEAN:0.6711297409229392
SAMPLES:256
AUC:{}
AVGP:{}
CLASS:1
ACC:0.8862222222222222
PREC:0.9794383149448345
REC:0.900830258302583
TNR:0.5
FPR:0.020561685055165497
FPDR:0.020561685055165497
F1:0.9384911100432485
BACC:0
CLSFE:0.020561685055165497
MCC:0.23654539844282474
GMEAN:0.6711297409229392
SAMPLES:1994
AUC:{}
AVGP:{}
