

GENERAL_METRICS
ACC:0.8858181818181818
PREC:0.49792517832342276
REC:0.4949659763797559
TNR:0.4949659763797559
FPR:0.5020748216765772
FPDR:0.5020748216765772
F1:0.49098570162035726
BACC:0.0
CLSFE:0.11418181818181818
MCC:-0.006463652629182463
GMEAN:0.2636886127544234
SAMPLES:2750.0
AUC:{'AUC macro OVO': 0.49792517832342276}
AVGP:{'avg_precision': 0.9138563844101052}


METRICS_PER_CLASSES
CLASS:0
ACC:0.8858181818181818
PREC:0.029661016949152543
REC:0.07608695652173914
TNR:0.9138449962377727
FPR:0.9703389830508474
FPDR:0.9703389830508474
F1:0.042682926829268296
BACC:0
CLSFE:0.9703389830508474
MCC:-0.006463652629182463
GMEAN:0.2636886127544234
SAMPLES:236
AUC:{}
AVGP:{}
CLASS:1
ACC:0.8858181818181818
PREC:0.9661893396976929
REC:0.9138449962377727
TNR:0.07608695652173914
FPR:0.03381066030230708
FPDR:0.03381066030230708
F1:0.9392884764114462
BACC:0
CLSFE:0.03381066030230708
MCC:-0.006463652629182463
GMEAN:0.2636886127544234
SAMPLES:2514
AUC:{}
AVGP:{}
