

GENERAL_METRICS
ACC:0.8934545454545455
PREC:0.5081765753696288
REC:0.524779824667717
TNR:0.524779824667717
FPR:0.49182342463037115
FPDR:0.49182342463037115
F1:0.5037051956507144
BACC:0.0
CLSFE:0.10654545454545454
MCC:0.02846851622700255
GMEAN:0.3515265001352497
SAMPLES:2750.0
AUC:{'AUC macro OVO': 0.5081765753696288}
AVGP:{'avg_precision': 0.9143905234687175}


METRICS_PER_CLASSES
CLASS:0
ACC:0.8934545454545455
PREC:0.04184100418410042
REC:0.13513513513513514
TNR:0.9144245142002989
FPR:0.9581589958158996
FPDR:0.9581589958158996
F1:0.06389776357827476
BACC:0
CLSFE:0.9581589958158996
MCC:0.02846851622700255
GMEAN:0.3515265001352497
SAMPLES:239
AUC:{}
AVGP:{}
CLASS:1
ACC:0.8934545454545455
PREC:0.9745121465551573
REC:0.9144245142002989
TNR:0.13513513513513514
FPR:0.025487853444842692
FPDR:0.025487853444842692
F1:0.943512627723154
BACC:0
CLSFE:0.025487853444842692
MCC:0.02846851622700255
GMEAN:0.3515265001352497
SAMPLES:2511
AUC:{}
AVGP:{}
