

GENERAL_METRICS
ACC:0.8861818181818182
PREC:0.4971881201770844
REC:0.49217007349983544
TNR:0.49217007349983544
FPR:0.5028118798229156
FPDR:0.5028118798229156
F1:0.4882199925678187
BACC:0.0
CLSFE:0.11381818181818182
MCC:-0.009384415238196737
GMEAN:0.25820715099754654
SAMPLES:2750.0
AUC:{'AUC macro OVO': 0.4971881201770844}
AVGP:{'avg_precision': 0.9111835708863486}


METRICS_PER_CLASSES
CLASS:0
ACC:0.8861818181818182
PREC:0.024691358024691357
REC:0.07317073170731707
TNR:0.9111694152923538
FPR:0.9753086419753086
FPDR:0.9753086419753086
F1:0.036923076923076927
BACC:0
CLSFE:0.9753086419753086
MCC:-0.009384415238196737
GMEAN:0.25820715099754654
SAMPLES:243
AUC:{}
AVGP:{}
CLASS:1
ACC:0.8861818181818182
PREC:0.9696848823294775
REC:0.9111694152923538
TNR:0.07317073170731707
FPR:0.030315117670522536
FPDR:0.030315117670522536
F1:0.9395169082125604
BACC:0
CLSFE:0.030315117670522536
MCC:-0.009384415238196737
GMEAN:0.25820715099754654
SAMPLES:2507
AUC:{}
AVGP:{}
