

GENERAL_METRICS
ACC:0.884
PREC:0.5042
REC:0.5110839466450476
TNR:0.5110839466450476
FPR:0.49579999999999996
FPDR:0.49579999999999996
F1:0.49859366167518016
BACC:0.0
CLSFE:0.116
MCC:0.013645889624234882
GMEAN:0.31972747221082765
SAMPLES:2750.0
AUC:{'AUC macro OVO': 0.5042000000000001}
AVGP:{'avg_precision': 0.9097856718253561}


METRICS_PER_CLASSES
CLASS:0
ACC:0.884
PREC:0.04
REC:0.11235955056179775
TNR:0.9098083427282976
FPR:0.96
FPDR:0.96
F1:0.058997050147492625
BACC:0
CLSFE:0.96
MCC:0.013645889624234882
GMEAN:0.31972747221082765
SAMPLES:250
AUC:{}
AVGP:{}
CLASS:1
ACC:0.884
PREC:0.9684
REC:0.9098083427282976
TNR:0.11235955056179775
FPR:0.0316
FPDR:0.0316
F1:0.9381902732028676
BACC:0
CLSFE:0.0316
MCC:0.013645889624234882
GMEAN:0.31972747221082765
SAMPLES:2500
AUC:{}
AVGP:{}
