

GENERAL_METRICS
ACC:0.928
PREC:0.5595463507761642
REC:0.620893696784852
TNR:0.620893696784852
FPR:0.44045364922383573
FPDR:0.44045364922383573
F1:0.5764003705397451
BACC:0.0
CLSFE:0.072
MCC:0.1696912310684089
GMEAN:0.5285411049110872
SAMPLES:4250.0
AUC:{'AUC macro OVO': 0.5595463507761642}
AVGP:{'avg_precision': 0.9465559766918961}


METRICS_PER_CLASSES
CLASS:0
ACC:0.928
PREC:0.140625
REC:0.29508196721311475
TNR:0.9467054263565892
FPR:0.859375
FPDR:0.859375
F1:0.19047619047619047
BACC:0
CLSFE:0.859375
MCC:0.1696912310684089
GMEAN:0.5285411049110872
SAMPLES:256
AUC:{}
AVGP:{}
CLASS:1
ACC:0.928
PREC:0.9784677015523285
REC:0.9467054263565892
TNR:0.29508196721311475
FPR:0.021532298447671506
FPDR:0.021532298447671506
F1:0.9623245506032997
BACC:0
CLSFE:0.021532298447671506
MCC:0.1696912310684089
GMEAN:0.5285411049110872
SAMPLES:3994
AUC:{}
AVGP:{}
