

GENERAL_METRICS
ACC:0.9334117647058824
PREC:0.5788771047195793
REC:0.666781440190586
TNR:0.666781440190586
FPR:0.42112289528042063
FPDR:0.42112289528042063
F1:0.6032323328289411
BACC:0.0
CLSFE:0.06658823529411764
MCC:0.2293925641619198
GMEAN:0.6041355858280196
SAMPLES:4250.0
AUC:{'AUC macro OVO': 0.5788771047195793}
AVGP:{'avg_precision': 0.9487819572400972}


METRICS_PER_CLASSES
CLASS:0
ACC:0.9334117647058824
PREC:0.17578125
REC:0.38461538461538464
TNR:0.9489474957657875
FPR:0.82421875
FPDR:0.82421875
F1:0.24128686327077747
BACC:0
CLSFE:0.82421875
MCC:0.2293925641619198
GMEAN:0.6041355858280196
SAMPLES:256
AUC:{}
AVGP:{}
CLASS:1
ACC:0.9334117647058824
PREC:0.9819729594391587
REC:0.9489474957657875
TNR:0.38461538461538464
FPR:0.018027040560841263
FPDR:0.018027040560841263
F1:0.9651778023871047
BACC:0
CLSFE:0.018027040560841263
MCC:0.2293925641619198
GMEAN:0.6041355858280196
SAMPLES:3994
AUC:{}
AVGP:{}
