

GENERAL_METRICS
ACC:0.932
PREC:0.5718719876614614
REC:0.6594931130890882
TNR:0.6594931130890882
FPR:0.42812801233853864
FPDR:0.42812801233853864
F1:0.5948202974825583
BACC:0.0
CLSFE:0.068
MCC:0.2141316142565315
GMEAN:0.5933764346432067
SAMPLES:4250.0
AUC:{'AUC macro OVO': 0.5718719876614613}
AVGP:{'avg_precision': 0.9471538902140249}


METRICS_PER_CLASSES
CLASS:0
ACC:0.932
PREC:0.16153846153846155
REC:0.37168141592920356
TNR:0.9473048102489727
FPR:0.8384615384615385
FPDR:0.8384615384615385
F1:0.225201072386059
BACC:0
CLSFE:0.8384615384615385
MCC:0.2141316142565315
GMEAN:0.5933764346432067
SAMPLES:260
AUC:{}
AVGP:{}
CLASS:1
ACC:0.932
PREC:0.9822055137844612
REC:0.9473048102489727
TNR:0.37168141592920356
FPR:0.017794486215538845
FPDR:0.017794486215538845
F1:0.9644395225790575
BACC:0
CLSFE:0.017794486215538845
MCC:0.2141316142565315
GMEAN:0.5933764346432067
SAMPLES:3990
AUC:{}
AVGP:{}
