

GENERAL_METRICS
ACC:0.936
PREC:0.5842490601684365
REC:0.6722647194459437
TNR:0.6722647194459437
FPR:0.4157509398315636
FPDR:0.4157509398315636
F1:0.6096577954985034
BACC:0.0
CLSFE:0.064
MCC:0.240940994548459
GMEAN:0.6115895228622249
SAMPLES:4250.0
AUC:{'AUC macro OVO': 0.5842490601684365}
AVGP:{'avg_precision': 0.9511988186028466}


METRICS_PER_CLASSES
CLASS:0
ACC:0.936
PREC:0.1862348178137652
REC:0.39316239316239315
TNR:0.9513670457294943
FPR:0.8137651821862348
FPDR:0.8137651821862348
F1:0.25274725274725274
BACC:0
CLSFE:0.8137651821862348
MCC:0.240940994548459
GMEAN:0.6115895228622249
SAMPLES:247
AUC:{}
AVGP:{}
CLASS:1
ACC:0.936
PREC:0.9822633025231077
REC:0.9513670457294943
TNR:0.39316239316239315
FPR:0.01773669747689233
FPDR:0.01773669747689233
F1:0.9665683382497542
BACC:0
CLSFE:0.01773669747689233
MCC:0.240940994548459
GMEAN:0.6115895228622249
SAMPLES:4003
AUC:{}
AVGP:{}
