

GENERAL_METRICS
ACC:0.9293333333333333
PREC:0.49899770904925544
REC:0.46553566657761153
TNR:0.46553566657761153
FPR:0.5010022909507446
FPDR:0.5010022909507446
F1:0.48168624740843125
BACC:0.0
CLSFE:0.07066666666666667
MCC:-0.011754707910059392
GMEAN:0.0
SAMPLES:3750.0
AUC:{'AUC macro OVO': 0.49899770904925544}
AVGP:{'avg_precision': 0.9310715910784514}


METRICS_PER_CLASSES
CLASS:0
ACC:0.9293333333333333
PREC:0.0
REC:0.0
TNR:0.9310713331552231
FPR:1.0
FPDR:1.0
F1:0.0
BACC:0
CLSFE:1.0
MCC:-0.011754707910059392
GMEAN:0
SAMPLES:258
AUC:{}
AVGP:{}
CLASS:1
ACC:0.9293333333333333
PREC:0.9979954180985109
REC:0.9310713331552231
TNR:0.0
FPR:0.002004581901489118
FPDR:0.002004581901489118
F1:0.9633724948168625
BACC:0
CLSFE:0.002004581901489118
MCC:-0.011754707910059392
GMEAN:0
SAMPLES:3492
AUC:{}
AVGP:{}
