

GENERAL_METRICS
ACC:0.9306666666666666
PREC:0.49914187643020597
REC:0.46607905982905984
TNR:0.46607905982905984
FPR:0.5008581235697941
FPDR:0.5008581235697941
F1:0.48204419889502764
BACC:0.0
CLSFE:0.06933333333333333
MCC:-0.01079043247886897
GMEAN:0.0
SAMPLES:3750.0
AUC:{'AUC macro OVO': 0.49914187643020597}
AVGP:{'avg_precision': 0.9321583059516125}


METRICS_PER_CLASSES
CLASS:0
ACC:0.9306666666666666
PREC:0.0
REC:0.0
TNR:0.9321581196581197
FPR:1.0
FPDR:1.0
F1:0.0
BACC:0
CLSFE:1.0
MCC:-0.01079043247886897
GMEAN:0
SAMPLES:254
AUC:{}
AVGP:{}
CLASS:1
ACC:0.9306666666666666
PREC:0.9982837528604119
REC:0.9321581196581197
TNR:0.0
FPR:0.0017162471395881006
FPDR:0.0017162471395881006
F1:0.9640883977900553
BACC:0
CLSFE:0.0017162471395881006
MCC:-0.01079043247886897
GMEAN:0
SAMPLES:3496
AUC:{}
AVGP:{}
