

GENERAL_METRICS
ACC:0.9274666666666667
PREC:0.500739016269186
REC:0.5202708723157801
TNR:0.5202708723157801
FPR:0.499260983730814
FPDR:0.499260983730814
F1:0.4848287105969724
BACC:0.0
CLSFE:0.07253333333333334
MCC:0.00774093132173476
GMEAN:0.321356609378368
SAMPLES:3750.0
AUC:{'AUC macro OVO': 0.5007390162691859}
AVGP:{'avg_precision': 0.9294304101627742}


METRICS_PER_CLASSES
CLASS:0
ACC:0.9274666666666667
PREC:0.0037735849056603774
REC:0.1111111111111111
TNR:0.9294306335204491
FPR:0.9962264150943396
FPDR:0.9962264150943396
F1:0.0072992700729927005
BACC:0
CLSFE:0.9962264150943396
MCC:0.00774093132173476
GMEAN:0.321356609378368
SAMPLES:265
AUC:{}
AVGP:{}
CLASS:1
ACC:0.9274666666666667
PREC:0.9977044476327116
REC:0.9294306335204491
TNR:0.1111111111111111
FPR:0.0022955523672883787
FPDR:0.0022955523672883787
F1:0.9623581511209521
BACC:0
CLSFE:0.0022955523672883787
MCC:0.00774093132173476
GMEAN:0.321356609378368
SAMPLES:3485
AUC:{}
AVGP:{}
