

GENERAL_METRICS
ACC:0.9312
PREC:0.5012534009621795
REC:0.5495459401709402
TNR:0.5495459401709402
FPR:0.4987465990378205
FPDR:0.4987465990378205
F1:0.4860284742881428
BACC:0.0
CLSFE:0.0688
MCC:0.01576082854197003
GMEAN:0.39421339687940876
SAMPLES:3750.0
AUC:{'AUC macro OVO': 0.5012534009621795}
AVGP:{'avg_precision': 0.9324249869203388}


METRICS_PER_CLASSES
CLASS:0
ACC:0.9312
PREC:0.003937007874015748
REC:0.16666666666666666
TNR:0.9324252136752137
FPR:0.9960629921259843
FPDR:0.9960629921259843
F1:0.007692307692307693
BACC:0
CLSFE:0.9960629921259843
MCC:0.01576082854197003
GMEAN:0.39421339687940876
SAMPLES:254
AUC:{}
AVGP:{}
CLASS:1
ACC:0.9312
PREC:0.9985697940503433
REC:0.9324252136752137
TNR:0.16666666666666666
FPR:0.0014302059496567505
FPDR:0.0014302059496567505
F1:0.9643646408839779
BACC:0
CLSFE:0.0014302059496567505
MCC:0.01576082854197003
GMEAN:0.39421339687940876
SAMPLES:3496
AUC:{}
AVGP:{}
