

GENERAL_METRICS
ACC:0.888
PREC:0.6887983590212967
REC:0.7069189431258397
TNR:0.7069189431258397
FPR:0.31120164097870323
FPDR:0.31120164097870323
F1:0.697229247120741
BACC:0.0
CLSFE:0.112
MCC:0.39530219788197263
GMEAN:0.6701224062877371
SAMPLES:2250.0
AUC:{'AUC macro OVO': 0.6887983590212967}
AVGP:{'avg_precision': 0.9297201466208926}


METRICS_PER_CLASSES
CLASS:0
ACC:0.888
PREC:0.4344262295081967
REC:0.4818181818181818
TNR:0.9320197044334976
FPR:0.5655737704918032
FPDR:0.5655737704918032
F1:0.45689655172413796
BACC:0
CLSFE:0.5655737704918032
MCC:0.39530219788197263
GMEAN:0.6701224062877371
SAMPLES:244
AUC:{}
AVGP:{}
CLASS:1
ACC:0.888
PREC:0.9431704885343968
REC:0.9320197044334976
TNR:0.4818181818181818
FPR:0.05682951146560319
FPDR:0.05682951146560319
F1:0.9375619425173439
BACC:0
CLSFE:0.05682951146560319
MCC:0.39530219788197263
GMEAN:0.6701224062877371
SAMPLES:2006
AUC:{}
AVGP:{}
