

GENERAL_METRICS
ACC:0.8515
PREC:0.6034626248360738
REC:0.6625959871191479
TNR:0.6625959871191479
FPR:0.3965373751639261
FPDR:0.3965373751639261
F1:0.621540102413542
BACC:0.0
CLSFE:0.1485
MCC:0.25940399083406174
GMEAN:0.6227779424626672
SAMPLES:2000.0
AUC:{'AUC macro OVO': 0.6034626248360739}
AVGP:{'avg_precision': 0.8873811015507944}


METRICS_PER_CLASSES
CLASS:0
ACC:0.8515
PREC:0.2608695652173913
REC:0.43636363636363634
TNR:0.8888283378746594
FPR:0.7391304347826086
FPDR:0.7391304347826086
F1:0.32653061224489793
BACC:0
CLSFE:0.7391304347826086
MCC:0.25940399083406174
GMEAN:0.6227779424626672
SAMPLES:276
AUC:{}
AVGP:{}
CLASS:1
ACC:0.8515
PREC:0.9460556844547564
REC:0.8888283378746594
TNR:0.43636363636363634
FPR:0.05394431554524362
FPDR:0.05394431554524362
F1:0.916549592582186
BACC:0
CLSFE:0.05394431554524362
MCC:0.25940399083406174
GMEAN:0.6227779424626672
SAMPLES:1724
AUC:{}
AVGP:{}
