

GENERAL_METRICS
ACC:0.8555
PREC:0.5846261247285138
REC:0.6244267343123058
TNR:0.6244267343123058
FPR:0.41537387527148617
FPDR:0.41537387527148617
F1:0.5977168692350148
BACC:0.0
CLSFE:0.1445
MCC:0.20522916301027824
GMEAN:0.5610467063381704
SAMPLES:2000.0
AUC:{'AUC macro OVO': 0.5846261247285138}
AVGP:{'avg_precision': 0.89740156741031}


METRICS_PER_CLASSES
CLASS:0
ACC:0.8555
PREC:0.22727272727272727
REC:0.3503184713375796
TNR:0.898534997287032
FPR:0.7727272727272727
FPDR:0.7727272727272727
F1:0.2756892230576441
BACC:0
CLSFE:0.7727272727272727
MCC:0.20522916301027824
GMEAN:0.5610467063381704
SAMPLES:242
AUC:{}
AVGP:{}
CLASS:1
ACC:0.8555
PREC:0.9419795221843004
REC:0.898534997287032
TNR:0.3503184713375796
FPR:0.05802047781569966
FPDR:0.05802047781569966
F1:0.9197445154123854
BACC:0
CLSFE:0.05802047781569966
MCC:0.20522916301027824
GMEAN:0.5610467063381704
SAMPLES:1758
AUC:{}
AVGP:{}
