

GENERAL_METRICS
ACC:0.8515
PREC:0.5915080475279475
REC:0.62083831738437
TNR:0.62083831738437
FPR:0.40849195247205244
FPDR:0.40849195247205244
F1:0.6024391762057839
BACC:0.0
CLSFE:0.1485
MCC:0.21031099343977377
GMEAN:0.5541478543652476
SAMPLES:2000.0
AUC:{'AUC macro OVO': 0.5915080475279475}
AVGP:{'avg_precision': 0.899365022490849}


METRICS_PER_CLASSES
CLASS:0
ACC:0.8515
PREC:0.24896265560165975
REC:0.3409090909090909
TNR:0.9007675438596491
FPR:0.7510373443983402
FPDR:0.7510373443983402
F1:0.28776978417266186
BACC:0
CLSFE:0.7510373443983402
MCC:0.21031099343977377
GMEAN:0.5541478543652476
SAMPLES:241
AUC:{}
AVGP:{}
CLASS:1
ACC:0.8515
PREC:0.9340534394542354
REC:0.9007675438596491
TNR:0.3409090909090909
FPR:0.06594656054576464
FPDR:0.06594656054576464
F1:0.917108568238906
BACC:0
CLSFE:0.06594656054576464
MCC:0.21031099343977377
GMEAN:0.5541478543652476
SAMPLES:1759
AUC:{}
AVGP:{}
