

GENERAL_METRICS
ACC:0.853
PREC:0.6053798352185449
REC:0.6536054144827236
TNR:0.6536054144827236
FPR:0.3946201647814551
FPDR:0.3946201647814551
F1:0.6215982454514565
BACC:0.0
CLSFE:0.147
MCC:0.2544556013678276
GMEAN:0.6076251393825545
SAMPLES:2000.0
AUC:{'AUC macro OVO': 0.6053798352185449}
AVGP:{'avg_precision': 0.8928830153576218}


METRICS_PER_CLASSES
CLASS:0
ACC:0.853
PREC:0.2689393939393939
REC:0.4127906976744186
TNR:0.8944201312910285
FPR:0.7310606060606061
FPDR:0.7310606060606061
F1:0.3256880733944954
BACC:0
CLSFE:0.7310606060606061
MCC:0.2544556013678276
GMEAN:0.6076251393825545
SAMPLES:264
AUC:{}
AVGP:{}
CLASS:1
ACC:0.853
PREC:0.9418202764976958
REC:0.8944201312910285
TNR:0.4127906976744186
FPR:0.058179723502304145
FPDR:0.058179723502304145
F1:0.9175084175084175
BACC:0
CLSFE:0.058179723502304145
MCC:0.2544556013678276
GMEAN:0.6076251393825545
SAMPLES:1736
AUC:{}
AVGP:{}
