

GENERAL_METRICS
ACC:0.879
PREC:0.6614202142769712
REC:0.7144242067253856
TNR:0.7144242067253856
FPR:0.3385797857230289
FPDR:0.3385797857230289
F1:0.6821068173637985
BACC:0.0
CLSFE:0.121
MCC:0.37208816909856895
GMEAN:0.6857249063075275
SAMPLES:2000.0
AUC:{'AUC macro OVO': 0.6614202142769712}
AVGP:{'avg_precision': 0.9129770681029117}


METRICS_PER_CLASSES
CLASS:0
ACC:0.879
PREC:0.3724696356275304
REC:0.5139664804469274
TNR:0.914881933003844
FPR:0.6275303643724697
FPDR:0.6275303643724697
F1:0.431924882629108
BACC:0
CLSFE:0.6275303643724697
MCC:0.37208816909856895
GMEAN:0.6857249063075275
SAMPLES:247
AUC:{}
AVGP:{}
CLASS:1
ACC:0.879
PREC:0.9503707929264119
REC:0.914881933003844
TNR:0.5139664804469274
FPR:0.04962920707358814
FPDR:0.04962920707358814
F1:0.932288752098489
BACC:0
CLSFE:0.04962920707358814
MCC:0.37208816909856895
GMEAN:0.6857249063075275
SAMPLES:1753
AUC:{}
AVGP:{}
