

GENERAL_METRICS
ACC:0.865
PREC:0.6404143128768645
REC:0.6771841780046828
TNR:0.6771841780046828
FPR:0.3595856871231356
FPDR:0.3595856871231356
F1:0.6552604698672114
BACC:0.0
CLSFE:0.135
MCC:0.3154628003881254
GMEAN:0.6361454817717136
SAMPLES:2000.0
AUC:{'AUC macro OVO': 0.6404143128768643}
AVGP:{'avg_precision': 0.9072934796163229}


METRICS_PER_CLASSES
CLASS:0
ACC:0.865
PREC:0.3413654618473896
REC:0.44502617801047123
TNR:0.9093421779988944
FPR:0.6586345381526104
FPDR:0.6586345381526104
F1:0.38636363636363635
BACC:0
CLSFE:0.6586345381526104
MCC:0.3154628003881254
GMEAN:0.6361454817717136
SAMPLES:249
AUC:{}
AVGP:{}
CLASS:1
ACC:0.865
PREC:0.9394631639063392
REC:0.9093421779988944
TNR:0.44502617801047123
FPR:0.06053683609366076
FPDR:0.06053683609366076
F1:0.9241573033707865
BACC:0
CLSFE:0.06053683609366076
MCC:0.3154628003881254
GMEAN:0.6361454817717136
SAMPLES:1751
AUC:{}
AVGP:{}
