

GENERAL_METRICS
ACC:0.8735
PREC:0.6439524631013993
REC:0.7146108972421857
TNR:0.7146108972421857
FPR:0.3560475368986007
FPDR:0.3560475368986007
F1:0.6683426505452355
BACC:0.0
CLSFE:0.1265
MCC:0.35153245805423966
GMEAN:0.6887473813300388
SAMPLES:2000.0
AUC:{'AUC macro OVO': 0.6439524631013993}
AVGP:{'avg_precision': 0.9035070033605846}


METRICS_PER_CLASSES
CLASS:0
ACC:0.8735
PREC:0.3333333333333333
REC:0.5240963855421686
TNR:0.9051254089422028
FPR:0.6666666666666666
FPDR:0.6666666666666666
F1:0.40749414519906324
BACC:0
CLSFE:0.6666666666666666
MCC:0.35153245805423966
GMEAN:0.6887473813300388
SAMPLES:261
AUC:{}
AVGP:{}
CLASS:1
ACC:0.8735
PREC:0.9545715928694652
REC:0.9051254089422028
TNR:0.5240963855421686
FPR:0.04542840713053479
FPDR:0.04542840713053479
F1:0.9291911558914078
BACC:0
CLSFE:0.04542840713053479
MCC:0.35153245805423966
GMEAN:0.6887473813300388
SAMPLES:1739
AUC:{}
AVGP:{}
