

GENERAL_METRICS
ACC:0.872
PREC:0.6525015558622183
REC:0.7024037540701016
TNR:0.7024037540701016
FPR:0.34749844413778175
FPDR:0.34749844413778175
F1:0.6718276890259692
BACC:0.0
CLSFE:0.128
MCC:0.3513794951788978
GMEAN:0.6709502041157659
SAMPLES:2000.0
AUC:{'AUC macro OVO': 0.6525015558622183}
AVGP:{'avg_precision': 0.9082585948499023}


METRICS_PER_CLASSES
CLASS:0
ACC:0.872
PREC:0.35826771653543305
REC:0.4945652173913043
TNR:0.9102422907488987
FPR:0.6417322834645669
FPDR:0.6417322834645669
F1:0.4155251141552511
BACC:0
CLSFE:0.6417322834645669
MCC:0.3513794951788978
GMEAN:0.6709502041157659
SAMPLES:254
AUC:{}
AVGP:{}
CLASS:1
ACC:0.872
PREC:0.9467353951890034
REC:0.9102422907488987
TNR:0.4945652173913043
FPR:0.05326460481099656
FPDR:0.05326460481099656
F1:0.9281302638966873
BACC:0
CLSFE:0.05326460481099656
MCC:0.3513794951788978
GMEAN:0.6709502041157659
SAMPLES:1746
AUC:{}
AVGP:{}
