

GENERAL_METRICS
ACC:0.9355
PREC:0.6019742201645901
REC:0.73052893469453
TNR:0.73052893469453
FPR:0.39802577983540993
FPDR:0.39802577983540993
F1:0.6363144273220901
BACC:0.0
CLSFE:0.0645
MCC:0.3066464305407673
GMEAN:0.6975505941475147
SAMPLES:4000.0
AUC:{'AUC macro OVO': 0.6019742201645901}
AVGP:{'avg_precision': 0.9473595751274106}


METRICS_PER_CLASSES
CLASS:0
ACC:0.9355
PREC:0.21839080459770116
REC:0.5135135135135135
TNR:0.9475443558755464
FPR:0.7816091954022989
FPDR:0.7816091954022989
F1:0.3064516129032258
BACC:0
CLSFE:0.7816091954022989
MCC:0.3066464305407673
GMEAN:0.6975505941475147
SAMPLES:261
AUC:{}
AVGP:{}
CLASS:1
ACC:0.9355
PREC:0.985557635731479
REC:0.9475443558755464
TNR:0.5135135135135135
FPR:0.014442364268520995
FPDR:0.014442364268520995
F1:0.9661772417409544
BACC:0
CLSFE:0.014442364268520995
MCC:0.3066464305407673
GMEAN:0.6975505941475147
SAMPLES:3739
AUC:{}
AVGP:{}
