

GENERAL_METRICS
ACC:0.9365
PREC:0.5898049645390071
REC:0.6927981424384302
TNR:0.6927981424384302
FPR:0.4101950354609929
FPDR:0.4101950354609929
F1:0.6184605031514562
BACC:0.0
CLSFE:0.0635
MCC:0.2631670978285064
GMEAN:0.6431211630955532
SAMPLES:4000.0
AUC:{'AUC macro OVO': 0.5898049645390071}
AVGP:{'avg_precision': 0.9502421962126348}


METRICS_PER_CLASSES
CLASS:0
ACC:0.9365
PREC:0.19583333333333333
REC:0.4351851851851852
TNR:0.9504110996916753
FPR:0.8041666666666667
FPDR:0.8041666666666667
F1:0.27011494252873564
BACC:0
CLSFE:0.8041666666666667
MCC:0.2631670978285064
GMEAN:0.6431211630955532
SAMPLES:240
AUC:{}
AVGP:{}
CLASS:1
ACC:0.9365
PREC:0.9837765957446809
REC:0.9504110996916753
TNR:0.4351851851851852
FPR:0.016223404255319148
FPDR:0.016223404255319148
F1:0.9668060637741767
BACC:0
CLSFE:0.016223404255319148
MCC:0.2631670978285064
GMEAN:0.6431211630955532
SAMPLES:3760
AUC:{}
AVGP:{}
