

GENERAL_METRICS
ACC:0.93375
PREC:0.5905806009485147
REC:0.6720952155496749
TNR:0.6720952155496749
FPR:0.4094193990514853
FPDR:0.4094193990514853
F1:0.615618786668064
BACC:0.0
CLSFE:0.06625
MCC:0.24970773351943856
GMEAN:0.6116082989975695
SAMPLES:4000.0
AUC:{'AUC macro OVO': 0.5905806009485147}
AVGP:{'avg_precision': 0.9505412572836031}


METRICS_PER_CLASSES
CLASS:0
ACC:0.93375
PREC:0.200836820083682
REC:0.39344262295081966
TNR:0.9507478081485302
FPR:0.799163179916318
FPDR:0.799163179916318
F1:0.2659279778393352
BACC:0
CLSFE:0.799163179916318
MCC:0.24970773351943856
GMEAN:0.6116082989975695
SAMPLES:239
AUC:{}
AVGP:{}
CLASS:1
ACC:0.93375
PREC:0.9803243818133475
REC:0.9507478081485302
TNR:0.39344262295081966
FPR:0.019675618186652487
FPDR:0.019675618186652487
F1:0.9653095954967927
BACC:0
CLSFE:0.019675618186652487
MCC:0.24970773351943856
GMEAN:0.6116082989975695
SAMPLES:3761
AUC:{}
AVGP:{}
