

GENERAL_METRICS
ACC:0.92675
PREC:0.5983573063092514
REC:0.6910205562410365
TNR:0.6910205562410365
FPR:0.4016426936907486
FPDR:0.4016426936907486
F1:0.6259691054310754
BACC:0.0
CLSFE:0.07325
MCC:0.2741406016011726
GMEAN:0.6430146522161088
SAMPLES:4000.0
AUC:{'AUC macro OVO': 0.5983573063092514}
AVGP:{'avg_precision': 0.9438143554913688}


METRICS_PER_CLASSES
CLASS:0
ACC:0.92675
PREC:0.21739130434782608
REC:0.43795620437956206
TNR:0.944084908102511
FPR:0.782608695652174
FPDR:0.782608695652174
F1:0.29055690072639223
BACC:0
CLSFE:0.782608695652174
MCC:0.2741406016011726
GMEAN:0.6430146522161088
SAMPLES:276
AUC:{}
AVGP:{}
CLASS:1
ACC:0.92675
PREC:0.9793233082706767
REC:0.944084908102511
TNR:0.43795620437956206
FPR:0.020676691729323307
FPDR:0.020676691729323307
F1:0.9613813101357586
BACC:0
CLSFE:0.020676691729323307
MCC:0.2741406016011726
GMEAN:0.6430146522161088
SAMPLES:3724
AUC:{}
AVGP:{}
