

GENERAL_METRICS
ACC:0.785
PREC:0.7227033122516608
REC:0.7154767786561265
TNR:0.7154767786561265
FPR:0.27729668774833904
FPDR:0.27729668774833904
F1:0.7188715635317577
BACC:0.0
CLSFE:0.215
MCC:0.43812049630227234
GMEAN:0.7001508518990889
SAMPLES:1000.0
AUC:{'AUC macro OVO': 0.722703312251661}
AVGP:{'avg_precision': 0.8454553462587798}


METRICS_PER_CLASSES
CLASS:0
ACC:0.785
PREC:0.5976095617529881
REC:0.5681818181818182
TNR:0.8627717391304348
FPR:0.40239043824701193
FPDR:0.40239043824701193
F1:0.5825242718446602
BACC:0
CLSFE:0.40239043824701193
MCC:0.43812049630227234
GMEAN:0.7001508518990889
SAMPLES:251
AUC:{}
AVGP:{}
CLASS:1
ACC:0.785
PREC:0.8477970627503337
REC:0.8627717391304348
TNR:0.5681818181818182
FPR:0.15220293724966621
FPDR:0.15220293724966621
F1:0.8552188552188552
BACC:0
CLSFE:0.15220293724966621
MCC:0.43812049630227234
GMEAN:0.7001508518990889
SAMPLES:749
AUC:{}
AVGP:{}
