

GENERAL_METRICS
ACC:0.772
PREC:0.717358721580714
REC:0.7034117623817144
TNR:0.7034117623817144
FPR:0.2826412784192861
FPDR:0.2826412784192861
F1:0.7094445803768046
BACC:0.0
CLSFE:0.228
MCC:0.42053927581508677
GMEAN:0.6855952842133279
SAMPLES:1000.0
AUC:{'AUC macro OVO': 0.7173587215807139}
AVGP:{'avg_precision': 0.8410396469191305}


METRICS_PER_CLASSES
CLASS:0
ACC:0.772
PREC:0.6062992125984252
REC:0.5460992907801419
TNR:0.8607242339832869
FPR:0.3937007874015748
FPDR:0.3937007874015748
F1:0.5746268656716418
BACC:0
CLSFE:0.3937007874015748
MCC:0.42053927581508677
GMEAN:0.6855952842133279
SAMPLES:254
AUC:{}
AVGP:{}
CLASS:1
ACC:0.772
PREC:0.8284182305630027
REC:0.8607242339832869
TNR:0.5460992907801419
FPR:0.17158176943699732
FPDR:0.17158176943699732
F1:0.8442622950819673
BACC:0
CLSFE:0.17158176943699732
MCC:0.42053927581508677
GMEAN:0.6855952842133279
SAMPLES:746
AUC:{}
AVGP:{}
