

GENERAL_METRICS
ACC:0.788
PREC:0.7223956978055339
REC:0.7142961616414885
TNR:0.7142961616414885
FPR:0.27760430219446613
FPDR:0.27760430219446613
F1:0.7180836068276959
BACC:0.0
CLSFE:0.212
MCC:0.4366167399690778
GMEAN:0.6978750660442485
SAMPLES:1000.0
AUC:{'AUC macro OVO': 0.7223956978055338}
AVGP:{'avg_precision': 0.8500488027496114}


METRICS_PER_CLASSES
CLASS:0
ACC:0.788
PREC:0.5942622950819673
REC:0.562015503875969
TNR:0.866576819407008
FPR:0.4057377049180328
FPDR:0.4057377049180328
F1:0.5776892430278885
BACC:0
CLSFE:0.4057377049180328
MCC:0.4366167399690778
GMEAN:0.6978750660442485
SAMPLES:244
AUC:{}
AVGP:{}
CLASS:1
ACC:0.788
PREC:0.8505291005291006
REC:0.866576819407008
TNR:0.562015503875969
FPR:0.14947089947089948
FPDR:0.14947089947089948
F1:0.8584779706275033
BACC:0
CLSFE:0.14947089947089948
MCC:0.4366167399690778
GMEAN:0.6978750660442485
SAMPLES:756
AUC:{}
AVGP:{}
