

GENERAL_METRICS
ACC:0.767
PREC:0.7070640441352842
REC:0.6896580133918541
TNR:0.6896580133918541
FPR:0.29293595586471577
FPDR:0.29293595586471577
F1:0.6968667996289546
BACC:0.0
CLSFE:0.233
MCC:0.3963400320713576
GMEAN:0.6675000159194402
SAMPLES:1000.0
AUC:{'AUC macro OVO': 0.7070640441352842}
AVGP:{'avg_precision': 0.8444960641128105}


METRICS_PER_CLASSES
CLASS:0
ACC:0.767
PREC:0.5909090909090909
REC:0.516245487364621
TNR:0.8630705394190872
FPR:0.4090909090909091
FPDR:0.4090909090909091
F1:0.5510597302504817
BACC:0
CLSFE:0.4090909090909091
MCC:0.3963400320713576
GMEAN:0.6675000159194402
SAMPLES:242
AUC:{}
AVGP:{}
CLASS:1
ACC:0.767
PREC:0.8232189973614775
REC:0.8630705394190872
TNR:0.516245487364621
FPR:0.17678100263852242
FPDR:0.17678100263852242
F1:0.8426738690074275
BACC:0
CLSFE:0.17678100263852242
MCC:0.3963400320713576
GMEAN:0.6675000159194402
SAMPLES:758
AUC:{}
AVGP:{}
