

GENERAL_METRICS
ACC:0.7613333333333333
PREC:0.7403591509531497
REC:0.7339676100823682
TNR:0.7339676100823682
FPR:0.25964084904685025
FPDR:0.25964084904685025
F1:0.7367951550702958
BACC:0.0
CLSFE:0.23866666666666667
MCC:0.47428369615636434
GMEAN:0.7276744641114927
SAMPLES:750.0
AUC:{'AUC macro OVO': 0.7403591509531497}
AVGP:{'avg_precision': 0.7972411954437553}


METRICS_PER_CLASSES
CLASS:0
ACC:0.7613333333333333
PREC:0.6758893280632411
REC:0.6380597014925373
TNR:0.8298755186721992
FPR:0.3241106719367589
FPDR:0.3241106719367589
F1:0.6564299424184261
BACC:0
CLSFE:0.3241106719367589
MCC:0.47428369615636434
GMEAN:0.7276744641114927
SAMPLES:253
AUC:{}
AVGP:{}
CLASS:1
ACC:0.7613333333333333
PREC:0.8048289738430584
REC:0.8298755186721992
TNR:0.6380597014925373
FPR:0.19517102615694165
FPDR:0.19517102615694165
F1:0.8171603677221655
BACC:0
CLSFE:0.19517102615694165
MCC:0.47428369615636434
GMEAN:0.7276744641114927
SAMPLES:497
AUC:{}
AVGP:{}
