

GENERAL_METRICS
ACC:0.7693333333333333
PREC:0.7502763617276783
REC:0.7428240740740741
TNR:0.7428240740740741
FPR:0.2497236382723217
FPDR:0.2497236382723217
F1:0.7460716948711374
BACC:0.0
CLSFE:0.23066666666666666
MCC:0.49304411891493655
GMEAN:0.736765956104158
SAMPLES:750.0
AUC:{'AUC macro OVO': 0.7502763617276783}
AVGP:{'avg_precision': 0.8040811535881959}


METRICS_PER_CLASSES
CLASS:0
ACC:0.7693333333333333
PREC:0.691699604743083
REC:0.6481481481481481
TNR:0.8375
FPR:0.308300395256917
FPDR:0.308300395256917
F1:0.6692160611854685
BACC:0
CLSFE:0.308300395256917
MCC:0.49304411891493655
GMEAN:0.736765956104158
SAMPLES:253
AUC:{}
AVGP:{}
CLASS:1
ACC:0.7693333333333333
PREC:0.8088531187122736
REC:0.8375
TNR:0.6481481481481481
FPR:0.19114688128772636
FPDR:0.19114688128772636
F1:0.8229273285568065
BACC:0
CLSFE:0.19114688128772636
MCC:0.49304411891493655
GMEAN:0.736765956104158
SAMPLES:497
AUC:{}
AVGP:{}
