

GENERAL_METRICS
ACC:0.7653333333333333
PREC:0.7530498991010823
REC:0.7481634182908545
TNR:0.7481634182908545
FPR:0.24695010089891764
FPDR:0.24695010089891764
F1:0.7503045527803209
BACC:0.0
CLSFE:0.23466666666666666
MCC:0.5011894969333673
GMEAN:0.7443188125747083
SAMPLES:750.0
AUC:{'AUC macro OVO': 0.7530498991010824}
AVGP:{'avg_precision': 0.7854494588148964}


METRICS_PER_CLASSES
CLASS:0
ACC:0.7653333333333333
PREC:0.7065217391304348
REC:0.6724137931034483
TNR:0.8239130434782609
FPR:0.29347826086956524
FPDR:0.29347826086956524
F1:0.6890459363957597
BACC:0
CLSFE:0.29347826086956524
MCC:0.5011894969333673
GMEAN:0.7443188125747083
SAMPLES:276
AUC:{}
AVGP:{}
CLASS:1
ACC:0.7653333333333333
PREC:0.79957805907173
REC:0.8239130434782609
TNR:0.6724137931034483
FPR:0.20042194092827004
FPDR:0.20042194092827004
F1:0.8115631691648822
BACC:0
CLSFE:0.20042194092827004
MCC:0.5011894969333673
GMEAN:0.7443188125747083
SAMPLES:474
AUC:{}
AVGP:{}
