

GENERAL_METRICS
ACC:0.7573333333333333
PREC:0.7388967468175389
REC:0.7269795194323496
TNR:0.7269795194323496
FPR:0.2611032531824611
FPDR:0.2611032531824611
F1:0.7316562998844058
BACC:0.0
CLSFE:0.24266666666666667
MCC:0.4657238185302387
GMEAN:0.718363277920487
SAMPLES:750.0
AUC:{'AUC macro OVO': 0.7388967468175389}
AVGP:{'avg_precision': 0.8042173651327397}


METRICS_PER_CLASSES
CLASS:0
ACC:0.7573333333333333
PREC:0.6857142857142857
REC:0.6153846153846154
TNR:0.8385744234800838
FPR:0.3142857142857143
FPDR:0.3142857142857143
F1:0.6486486486486487
BACC:0
CLSFE:0.3142857142857143
MCC:0.4657238185302387
GMEAN:0.718363277920487
SAMPLES:245
AUC:{}
AVGP:{}
CLASS:1
ACC:0.7573333333333333
PREC:0.7920792079207921
REC:0.8385744234800838
TNR:0.6153846153846154
FPR:0.2079207920792079
FPDR:0.2079207920792079
F1:0.814663951120163
BACC:0
CLSFE:0.2079207920792079
MCC:0.4657238185302387
GMEAN:0.718363277920487
SAMPLES:505
AUC:{}
AVGP:{}
