

GENERAL_METRICS
ACC:0.882
PREC:0.8383878958291491
REC:0.8344471646926488
TNR:0.8344471646926488
FPR:0.1616121041708509
FPDR:0.1616121041708509
F1:0.8363874345549738
BACC:0.0
CLSFE:0.118
MCC:0.672823520178569
GMEAN:0.8294977789052607
SAMPLES:1000.0
AUC:{'AUC macro OVO': 0.838387895829149}
AVGP:{'avg_precision': 0.9125192944224009}


METRICS_PER_CLASSES
CLASS:0
ACC:0.882
PREC:0.7564102564102564
REC:0.7436974789915967
TNR:0.9251968503937008
FPR:0.24358974358974358
FPDR:0.24358974358974358
F1:0.75
BACC:0
CLSFE:0.24358974358974358
MCC:0.672823520178569
GMEAN:0.8294977789052607
SAMPLES:234
AUC:{}
AVGP:{}
CLASS:1
ACC:0.882
PREC:0.9203655352480418
REC:0.9251968503937008
TNR:0.7436974789915967
FPR:0.07963446475195822
FPDR:0.07963446475195822
F1:0.9227748691099477
BACC:0
CLSFE:0.07963446475195822
MCC:0.672823520178569
GMEAN:0.8294977789052607
SAMPLES:766
AUC:{}
AVGP:{}
