

GENERAL_METRICS
ACC:0.87
PREC:0.8297396337768111
REC:0.8130178341962783
TNR:0.8130178341962783
FPR:0.17026036622318885
FPDR:0.17026036622318885
F1:0.8207944595160899
BACC:0.0
CLSFE:0.13
MCC:0.6425399163117927
GMEAN:0.8051809215206853
SAMPLES:1000.0
AUC:{'AUC macro OVO': 0.829739633776811}
AVGP:{'avg_precision': 0.9107894612643244}


METRICS_PER_CLASSES
CLASS:0
ACC:0.87
PREC:0.7554585152838428
REC:0.7004048582995951
TNR:0.9256308100929614
FPR:0.2445414847161572
FPDR:0.2445414847161572
F1:0.726890756302521
BACC:0
CLSFE:0.2445414847161572
MCC:0.6425399163117927
GMEAN:0.8051809215206853
SAMPLES:229
AUC:{}
AVGP:{}
CLASS:1
ACC:0.87
PREC:0.9040207522697795
REC:0.9256308100929614
TNR:0.7004048582995951
FPR:0.0959792477302205
FPDR:0.0959792477302205
F1:0.9146981627296588
BACC:0
CLSFE:0.0959792477302205
MCC:0.6425399163117927
GMEAN:0.8051809215206853
SAMPLES:771
AUC:{}
AVGP:{}
