

GENERAL_METRICS
ACC:0.878
PREC:0.854387305201452
REC:0.8454051265579451
TNR:0.8454051265579451
FPR:0.14561269479854796
FPDR:0.14561269479854796
F1:0.8496877941560586
BACC:0.0
CLSFE:0.122
MCC:0.699734784053606
GMEAN:0.8418693243233835
SAMPLES:1000.0
AUC:{'AUC macro OVO': 0.8543873052014521}
AVGP:{'avg_precision': 0.9041432517658685}


METRICS_PER_CLASSES
CLASS:0
ACC:0.878
PREC:0.8014440433212996
REC:0.7681660899653979
TNR:0.9226441631504922
FPR:0.19855595667870035
FPDR:0.19855595667870035
F1:0.784452296819788
BACC:0
CLSFE:0.19855595667870035
MCC:0.699734784053606
GMEAN:0.8418693243233835
SAMPLES:277
AUC:{}
AVGP:{}
CLASS:1
ACC:0.878
PREC:0.9073305670816044
REC:0.9226441631504922
TNR:0.7681660899653979
FPR:0.09266943291839558
FPDR:0.09266943291839558
F1:0.9149232914923291
BACC:0
CLSFE:0.09266943291839558
MCC:0.699734784053606
GMEAN:0.8418693243233835
SAMPLES:723
AUC:{}
AVGP:{}
