

GENERAL_METRICS
ACC:0.877
PREC:0.8340166959145852
REC:0.8312190996617226
TNR:0.8312190996617226
FPR:0.16598330408541487
FPDR:0.16598330408541487
F1:0.8326018168827192
BACC:0.0
CLSFE:0.123
MCC:0.6652299130159807
GMEAN:0.8263957905278401
SAMPLES:1000.0
AUC:{'AUC macro OVO': 0.8340166959145852}
AVGP:{'avg_precision': 0.9072185833490181}


METRICS_PER_CLASSES
CLASS:0
ACC:0.877
PREC:0.7510373443983402
REC:0.7418032786885246
TNR:0.9206349206349206
FPR:0.24896265560165975
FPDR:0.24896265560165975
F1:0.7463917525773196
BACC:0
CLSFE:0.24896265560165975
MCC:0.6652299130159807
GMEAN:0.8263957905278401
SAMPLES:241
AUC:{}
AVGP:{}
CLASS:1
ACC:0.877
PREC:0.9169960474308301
REC:0.9206349206349206
TNR:0.7418032786885246
FPR:0.08300395256916997
FPDR:0.08300395256916997
F1:0.9188118811881189
BACC:0
CLSFE:0.08300395256916997
MCC:0.6652299130159807
GMEAN:0.8263957905278401
SAMPLES:759
AUC:{}
AVGP:{}
