

GENERAL_METRICS
ACC:0.9343529411764706
PREC:0.5722691861428808
REC:0.6265648245582205
TNR:0.6265648245582205
FPR:0.4277308138571192
FPDR:0.4277308138571192
F1:0.5899151816979223
BACC:0.0
CLSFE:0.0656470588235294
MCC:0.19127714829680093
GMEAN:0.5342508768541493
SAMPLES:4250.0
AUC:{'AUC macro OVO': 0.5722691861428808}
AVGP:{'avg_precision': 0.9537496698491719}


METRICS_PER_CLASSES
CLASS:0
ACC:0.9343529411764706
PREC:0.16666666666666666
REC:0.2992125984251969
TNR:0.9539170506912442
FPR:0.8333333333333334
FPDR:0.8333333333333334
F1:0.2140845070422535
BACC:0
CLSFE:0.8333333333333334
MCC:0.19127714829680093
GMEAN:0.5342508768541493
SAMPLES:228
AUC:{}
AVGP:{}
CLASS:1
ACC:0.9343529411764706
PREC:0.977871705619095
REC:0.9539170506912442
TNR:0.2992125984251969
FPR:0.022128294380905023
FPDR:0.022128294380905023
F1:0.9657458563535911
BACC:0
CLSFE:0.022128294380905023
MCC:0.19127714829680093
GMEAN:0.5342508768541493
SAMPLES:4022
AUC:{}
AVGP:{}
