

GENERAL_METRICS
ACC:0.9298823529411765
PREC:0.5572399859651883
REC:0.6089464383861187
TNR:0.6089464383861187
FPR:0.44276001403481174
FPDR:0.44276001403481174
F1:0.5723456730093898
BACC:0.0
CLSFE:0.07011764705882353
MCC:0.1579378688494775
GMEAN:0.5047482379509826
SAMPLES:4250.0
AUC:{'AUC macro OVO': 0.5572399859651882}
AVGP:{'avg_precision': 0.949458625659364}


METRICS_PER_CLASSES
CLASS:0
ACC:0.9298823529411765
PREC:0.13692946058091288
REC:0.2682926829268293
TNR:0.9496001938454083
FPR:0.8630705394190872
FPDR:0.8630705394190872
F1:0.1813186813186813
BACC:0
CLSFE:0.8630705394190872
MCC:0.1579378688494775
GMEAN:0.5047482379509826
SAMPLES:241
AUC:{}
AVGP:{}
CLASS:1
ACC:0.9298823529411765
PREC:0.9775505113494637
REC:0.9496001938454083
TNR:0.2682926829268293
FPR:0.022449488650536295
FPDR:0.022449488650536295
F1:0.9633726647000983
BACC:0
CLSFE:0.022449488650536295
MCC:0.1579378688494775
GMEAN:0.5047482379509826
SAMPLES:4009
AUC:{}
AVGP:{}
