

GENERAL_METRICS
ACC:0.9251764705882353
PREC:0.5438989229379058
REC:0.5868039344313967
TNR:0.5868039344313967
FPR:0.4561010770620942
FPDR:0.4561010770620942
F1:0.5552994876155103
BACC:0.0
CLSFE:0.0748235294117647
MCC:0.12346010251592875
GMEAN:0.46404930867382727
SAMPLES:4250.0
AUC:{'AUC macro OVO': 0.5438989229379058}
AVGP:{'avg_precision': 0.9458462327208251}


METRICS_PER_CLASSES
CLASS:0
ACC:0.9251764705882353
PREC:0.11155378486055777
REC:0.22764227642276422
TNR:0.9459655924400291
FPR:0.8884462151394422
FPDR:0.8884462151394422
F1:0.1497326203208556
BACC:0
CLSFE:0.8884462151394422
MCC:0.12346010251592875
GMEAN:0.46404930867382727
SAMPLES:251
AUC:{}
AVGP:{}
CLASS:1
ACC:0.9251764705882353
PREC:0.9762440610152539
REC:0.9459655924400291
TNR:0.22764227642276422
FPR:0.023755938984746188
FPDR:0.023755938984746188
F1:0.9608663549101649
BACC:0
CLSFE:0.023755938984746188
MCC:0.12346010251592875
GMEAN:0.46404930867382727
SAMPLES:3999
AUC:{}
AVGP:{}
