

GENERAL_METRICS
ACC:0.9352941176470588
PREC:0.5657771724057722
REC:0.6177300649107602
TNR:0.6177300649107602
FPR:0.4342228275942278
FPDR:0.4342228275942278
F1:0.5822686769238248
BACC:0.0
CLSFE:0.06470588235294118
MCC:0.17599944064658646
GMEAN:0.51787810402193
SAMPLES:4250.0
AUC:{'AUC macro OVO': 0.5657771724057722}
AVGP:{'avg_precision': 0.9543236026033542}


METRICS_PER_CLASSES
CLASS:0
ACC:0.9352941176470588
PREC:0.15315315315315314
REC:0.2809917355371901
TNR:0.9544683942843304
FPR:0.8468468468468469
FPDR:0.8468468468468469
F1:0.19825072886297376
BACC:0
CLSFE:0.8468468468468469
MCC:0.17599944064658646
GMEAN:0.51787810402193
SAMPLES:222
AUC:{}
AVGP:{}
CLASS:1
ACC:0.9352941176470588
PREC:0.9784011916583912
REC:0.9544683942843304
TNR:0.2809917355371901
FPR:0.02159880834160874
FPDR:0.02159880834160874
F1:0.9662866249846758
BACC:0
CLSFE:0.02159880834160874
MCC:0.17599944064658646
GMEAN:0.51787810402193
SAMPLES:4028
AUC:{}
AVGP:{}
