

GENERAL_METRICS
ACC:0.8112
PREC:0.6944990030652025
REC:0.7243880248566622
TNR:0.7243880248566622
FPR:0.3055009969347975
FPDR:0.3055009969347975
F1:0.7067547794000699
BACC:0.0
CLSFE:0.1888
MCC:0.41781932523228593
GMEAN:0.7113787104786387
SAMPLES:1250.0
AUC:{'AUC macro OVO': 0.6944990030652025}
AVGP:{'avg_precision': 0.8531568185745226}


METRICS_PER_CLASSES
CLASS:0
ACC:0.8112
PREC:0.4855072463768116
REC:0.5877192982456141
TNR:0.8610567514677103
FPR:0.5144927536231884
FPDR:0.5144927536231884
F1:0.5317460317460317
BACC:0
CLSFE:0.5144927536231884
MCC:0.41781932523228593
GMEAN:0.7113787104786387
SAMPLES:276
AUC:{}
AVGP:{}
CLASS:1
ACC:0.8112
PREC:0.9034907597535934
REC:0.8610567514677103
TNR:0.5877192982456141
FPR:0.09650924024640657
FPDR:0.09650924024640657
F1:0.8817635270541082
BACC:0
CLSFE:0.09650924024640657
MCC:0.41781932523228593
GMEAN:0.7113787104786387
SAMPLES:974
AUC:{}
AVGP:{}
