

GENERAL_METRICS
ACC:0.8144
PREC:0.7123436099894647
REC:0.7272285946984742
TNR:0.7272285946984742
FPR:0.28765639001053533
FPDR:0.28765639001053533
F1:0.719132681721155
BACC:0.0
CLSFE:0.1856
MCC:0.4393201114955105
GMEAN:0.712646917026627
SAMPLES:1250.0
AUC:{'AUC macro OVO': 0.7123436099894647}
AVGP:{'avg_precision': 0.8624913330272593}


METRICS_PER_CLASSES
CLASS:0
ACC:0.8144
PREC:0.5311355311355311
REC:0.5823293172690763
TNR:0.8721278721278721
FPR:0.46886446886446886
FPDR:0.46886446886446886
F1:0.5555555555555556
BACC:0
CLSFE:0.46886446886446886
MCC:0.4393201114955105
GMEAN:0.712646917026627
SAMPLES:273
AUC:{}
AVGP:{}
CLASS:1
ACC:0.8144
PREC:0.8935516888433982
REC:0.8721278721278721
TNR:0.5823293172690763
FPR:0.10644831115660185
FPDR:0.10644831115660185
F1:0.8827098078867543
BACC:0
CLSFE:0.10644831115660185
MCC:0.4393201114955105
GMEAN:0.712646917026627
SAMPLES:977
AUC:{}
AVGP:{}
