

GENERAL_METRICS
ACC:0.8304
PREC:0.7277067348678601
REC:0.7189918667191395
TNR:0.7189918667191395
FPR:0.2722932651321398
FPDR:0.2722932651321398
F1:0.7231554842376224
BACC:0.0
CLSFE:0.1696
MCC:0.4466135821187388
GMEAN:0.6956273540593394
SAMPLES:1250.0
AUC:{'AUC macro OVO': 0.7277067348678603}
AVGP:{'avg_precision': 0.8914829754123872}


METRICS_PER_CLASSES
CLASS:0
ACC:0.8304
PREC:0.5652173913043478
REC:0.5371900826446281
TNR:0.9007936507936508
FPR:0.43478260869565216
FPDR:0.43478260869565216
F1:0.5508474576271186
BACC:0
CLSFE:0.43478260869565216
MCC:0.4466135821187388
GMEAN:0.6956273540593394
SAMPLES:230
AUC:{}
AVGP:{}
CLASS:1
ACC:0.8304
PREC:0.8901960784313725
REC:0.9007936507936508
TNR:0.5371900826446281
FPR:0.10980392156862745
FPDR:0.10980392156862745
F1:0.8954635108481263
BACC:0
CLSFE:0.10980392156862745
MCC:0.4466135821187388
GMEAN:0.6956273540593394
SAMPLES:1020
AUC:{}
AVGP:{}
