

GENERAL_METRICS
ACC:0.8168
PREC:0.7163983886604486
REC:0.7040989260025619
TNR:0.7040989260025619
FPR:0.28360161133955136
FPDR:0.28360161133955136
F1:0.7098089148728888
BACC:0.0
CLSFE:0.1832
MCC:0.42031739775689764
GMEAN:0.6778740683469133
SAMPLES:1250.0
AUC:{'AUC macro OVO': 0.7163983886604487}
AVGP:{'avg_precision': 0.8842891538560653}


METRICS_PER_CLASSES
CLASS:0
ACC:0.8168
PREC:0.5550847457627118
REC:0.5137254901960784
TNR:0.8944723618090452
FPR:0.4449152542372881
FPDR:0.4449152542372881
F1:0.5336048879837068
BACC:0
CLSFE:0.4449152542372881
MCC:0.42031739775689764
GMEAN:0.6778740683469133
SAMPLES:236
AUC:{}
AVGP:{}
CLASS:1
ACC:0.8168
PREC:0.8777120315581854
REC:0.8944723618090452
TNR:0.5137254901960784
FPR:0.1222879684418146
FPDR:0.1222879684418146
F1:0.8860129417620707
BACC:0
CLSFE:0.1222879684418146
MCC:0.42031739775689764
GMEAN:0.6778740683469133
SAMPLES:1014
AUC:{}
AVGP:{}
