

GENERAL_METRICS
ACC:0.8873846153846154
PREC:0.6153652941050053
REC:0.6089541598165175
TNR:0.6089541598165175
FPR:0.38463470589499477
FPDR:0.38463470589499477
F1:0.612017002755511
BACC:0.0
CLSFE:0.11261538461538462
MCC:0.2242278188913792
GMEAN:0.5102053258419056
SAMPLES:3250.0
AUC:{'AUC macro OVO': 0.6153652941050052}
AVGP:{'avg_precision': 0.9402669641401069}


METRICS_PER_CLASSES
CLASS:0
ACC:0.8873846153846154
PREC:0.29435483870967744
REC:0.2765151515151515
TNR:0.9413931681178834
FPR:0.7056451612903226
FPDR:0.7056451612903226
F1:0.28515625
BACC:0
CLSFE:0.7056451612903226
MCC:0.2242278188913792
GMEAN:0.5102053258419056
SAMPLES:248
AUC:{}
AVGP:{}
CLASS:1
ACC:0.8873846153846154
PREC:0.9363757495003331
REC:0.9413931681178834
TNR:0.2765151515151515
FPR:0.06362425049966688
FPDR:0.06362425049966688
F1:0.938877755511022
BACC:0
CLSFE:0.06362425049966688
MCC:0.2242278188913792
GMEAN:0.5102053258419056
SAMPLES:3002
AUC:{}
AVGP:{}
