

GENERAL_METRICS
ACC:0.8996923076923077
PREC:0.6303722408062962
REC:0.6365126731506042
TNR:0.6365126731506042
FPR:0.3696277591937038
FPDR:0.3696277591937038
F1:0.6333402547065338
BACC:0.0
CLSFE:0.1003076923076923
MCC:0.26681426571382405
GMEAN:0.5573339499275289
SAMPLES:3250.0
AUC:{'AUC macro OVO': 0.6303722408062962}
AVGP:{'avg_precision': 0.9429381275893857}


METRICS_PER_CLASSES
CLASS:0
ACC:0.8996923076923077
PREC:0.3130081300813008
REC:0.32905982905982906
TNR:0.9439655172413793
FPR:0.6869918699186992
FPDR:0.6869918699186992
F1:0.32083333333333336
BACC:0
CLSFE:0.6869918699186992
MCC:0.26681426571382405
GMEAN:0.5573339499275289
SAMPLES:246
AUC:{}
AVGP:{}
CLASS:1
ACC:0.8996923076923077
PREC:0.9477363515312917
REC:0.9439655172413793
TNR:0.32905982905982906
FPR:0.05226364846870839
FPDR:0.05226364846870839
F1:0.9458471760797342
BACC:0
CLSFE:0.05226364846870839
MCC:0.26681426571382405
GMEAN:0.5573339499275289
SAMPLES:3004
AUC:{}
AVGP:{}
