

GENERAL_METRICS
ACC:0.8932307692307693
PREC:0.6250108256741689
REC:0.6218359334301363
TNR:0.6218359334301363
FPR:0.3749891743258311
FPDR:0.3749891743258311
F1:0.6233927611931078
BACC:0.0
CLSFE:0.10676923076923077
MCC:0.24682634085432953
GMEAN:0.5323117691613662
SAMPLES:3250.0
AUC:{'AUC macro OVO': 0.6250108256741689}
AVGP:{'avg_precision': 0.9421589340373184}


METRICS_PER_CLASSES
CLASS:0
ACC:0.8932307692307693
PREC:0.3089430894308943
REC:0.30039525691699603
TNR:0.9432766099432766
FPR:0.6910569105691057
FPDR:0.6910569105691057
F1:0.3046092184368738
BACC:0
CLSFE:0.6910569105691057
MCC:0.24682634085432953
GMEAN:0.5323117691613662
SAMPLES:246
AUC:{}
AVGP:{}
CLASS:1
ACC:0.8932307692307693
PREC:0.9410785619174434
REC:0.9432766099432766
TNR:0.30039525691699603
FPR:0.05892143808255659
FPDR:0.05892143808255659
F1:0.9421763039493418
BACC:0
CLSFE:0.05892143808255659
MCC:0.24682634085432953
GMEAN:0.5323117691613662
SAMPLES:3004
AUC:{}
AVGP:{}
