

GENERAL_METRICS
ACC:0.8990769230769231
PREC:0.6148974635132759
REC:0.6244213169576446
TNR:0.6244213169576446
FPR:0.38510253648672416
FPDR:0.38510253648672416
F1:0.619381412673385
BACC:0.0
CLSFE:0.10092307692307692
MCC:0.23912920127340953
GMEAN:0.5373125915790715
SAMPLES:3250.0
AUC:{'AUC macro OVO': 0.6148974635132758}
AVGP:{'avg_precision': 0.9416660911146809}


METRICS_PER_CLASSES
CLASS:0
ACC:0.8990769230769231
PREC:0.2809917355371901
REC:0.3063063063063063
TNR:0.9425363276089829
FPR:0.71900826446281
FPDR:0.71900826446281
F1:0.29310344827586204
BACC:0
CLSFE:0.71900826446281
MCC:0.23912920127340953
GMEAN:0.5373125915790715
SAMPLES:242
AUC:{}
AVGP:{}
CLASS:1
ACC:0.8990769230769231
PREC:0.9488031914893617
REC:0.9425363276089829
TNR:0.3063063063063063
FPR:0.0511968085106383
FPDR:0.0511968085106383
F1:0.9456593770709079
BACC:0
CLSFE:0.0511968085106383
MCC:0.23912920127340953
GMEAN:0.5373125915790715
SAMPLES:3008
AUC:{}
AVGP:{}
