

GENERAL_METRICS
ACC:0.9133333333333333
PREC:0.5508075136896098
REC:0.6816942430439363
TNR:0.6816942430439363
FPR:0.4491924863103902
FPDR:0.4491924863103902
F1:0.5683157006900308
BACC:0.0
CLSFE:0.08666666666666667
MCC:0.1921606904731358
GMEAN:0.637179412607128
SAMPLES:3000.0
AUC:{'AUC macro OVO': 0.5508075136896098}
AVGP:{'avg_precision': 0.9238869054174865}


METRICS_PER_CLASSES
CLASS:0
ACC:0.9133333333333333
PREC:0.11507936507936507
REC:0.4393939393939394
TNR:0.9239945466939332
FPR:0.8849206349206349
FPDR:0.8849206349206349
F1:0.18238993710691823
BACC:0
CLSFE:0.8849206349206349
MCC:0.1921606904731358
GMEAN:0.637179412607128
SAMPLES:252
AUC:{}
AVGP:{}
CLASS:1
ACC:0.9133333333333333
PREC:0.9865356622998545
REC:0.9239945466939332
TNR:0.4393939393939394
FPR:0.013464337700145561
FPDR:0.013464337700145561
F1:0.9542414642731433
BACC:0
CLSFE:0.013464337700145561
MCC:0.1921606904731358
GMEAN:0.637179412607128
SAMPLES:2748
AUC:{}
AVGP:{}
