

GENERAL_METRICS
ACC:0.918
PREC:0.5448599760813235
REC:0.6581501570082786
TNR:0.6581501570082786
FPR:0.45514002391867653
FPDR:0.45514002391867653
F1:0.560076396489195
BACC:0.0
CLSFE:0.082
MCC:0.1684590426263777
GMEAN:0.5997430223309923
SAMPLES:3000.0
AUC:{'AUC macro OVO': 0.5448599760813234}
AVGP:{'avg_precision': 0.9291137995123365}


METRICS_PER_CLASSES
CLASS:0
ACC:0.918
PREC:0.10344827586206896
REC:0.3870967741935484
TNR:0.9292035398230089
FPR:0.896551724137931
FPDR:0.896551724137931
F1:0.16326530612244897
BACC:0
CLSFE:0.896551724137931
MCC:0.1684590426263777
GMEAN:0.5997430223309923
SAMPLES:232
AUC:{}
AVGP:{}
CLASS:1
ACC:0.918
PREC:0.986271676300578
REC:0.9292035398230089
TNR:0.3870967741935484
FPR:0.013728323699421965
FPDR:0.013728323699421965
F1:0.9568874868559412
BACC:0
CLSFE:0.013728323699421965
MCC:0.1684590426263777
GMEAN:0.5997430223309923
SAMPLES:2768
AUC:{}
AVGP:{}
