

GENERAL_METRICS
ACC:0.913
PREC:0.5616363636363637
REC:0.6792217020034765
TNR:0.6792217020034765
FPR:0.43836363636363634
FPDR:0.43836363636363634
F1:0.5827202483001046
BACC:0.0
CLSFE:0.087
MCC:0.21020536621327518
GMEAN:0.6326708264910262
SAMPLES:3000.0
AUC:{'AUC macro OVO': 0.5616363636363637}
AVGP:{'avg_precision': 0.9261827524992993}


METRICS_PER_CLASSES
CLASS:0
ACC:0.913
PREC:0.14
REC:0.43209876543209874
TNR:0.9263446385748544
FPR:0.86
FPDR:0.86
F1:0.21148036253776434
BACC:0
CLSFE:0.86
MCC:0.21020536621327518
GMEAN:0.6326708264910262
SAMPLES:250
AUC:{}
AVGP:{}
CLASS:1
ACC:0.913
PREC:0.9832727272727273
REC:0.9263446385748544
TNR:0.43209876543209874
FPR:0.016727272727272726
FPDR:0.016727272727272726
F1:0.9539601340624448
BACC:0
CLSFE:0.016727272727272726
MCC:0.21020536621327518
GMEAN:0.6326708264910262
SAMPLES:2750
AUC:{}
AVGP:{}
