

GENERAL_METRICS
ACC:0.9123333333333333
PREC:0.550213599888344
REC:0.6750361126715352
TNR:0.6750361126715352
FPR:0.4497864001116561
FPDR:0.4497864001116561
F1:0.567187194007106
BACC:0.0
CLSFE:0.08766666666666667
MCC:0.18750139549026876
GMEAN:0.6276057149775119
SAMPLES:3000.0
AUC:{'AUC macro OVO': 0.5502135998883438}
AVGP:{'avg_precision': 0.9234889819031155}


METRICS_PER_CLASSES
CLASS:0
ACC:0.9123333333333333
PREC:0.11462450592885376
REC:0.4264705882352941
TNR:0.9236016371077762
FPR:0.8853754940711462
FPDR:0.8853754940711462
F1:0.1806853582554517
BACC:0
CLSFE:0.8853754940711462
MCC:0.18750139549026876
GMEAN:0.6276057149775119
SAMPLES:253
AUC:{}
AVGP:{}
CLASS:1
ACC:0.9123333333333333
PREC:0.985802693847834
REC:0.9236016371077762
TNR:0.4264705882352941
FPR:0.014197306152166
FPDR:0.014197306152166
F1:0.9536890297587604
BACC:0
CLSFE:0.014197306152166
MCC:0.18750139549026876
GMEAN:0.6276057149775119
SAMPLES:2747
AUC:{}
AVGP:{}
