

GENERAL_METRICS
ACC:0.9435294117647058
PREC:0.5508239241788963
REC:0.7293006271334445
TNR:0.7293006271334445
FPR:0.4491760758211038
FPDR:0.4491760758211038
F1:0.5744212128494752
BACC:0.0
CLSFE:0.05647058823529412
MCC:0.21590699560323226
GMEAN:0.6954858740358624
SAMPLES:4250.0
AUC:{'AUC macro OVO': 0.5508239241788963}
AVGP:{'avg_precision': 0.9487630148194188}


METRICS_PER_CLASSES
CLASS:0
ACC:0.9435294117647058
PREC:0.1078838174273859
REC:0.5098039215686274
TNR:0.9487973326982615
FPR:0.8921161825726142
FPDR:0.8921161825726142
F1:0.1780821917808219
BACC:0
CLSFE:0.8921161825726142
MCC:0.21590699560323226
GMEAN:0.6954858740358624
SAMPLES:241
AUC:{}
AVGP:{}
CLASS:1
ACC:0.9435294117647058
PREC:0.9937640309304066
REC:0.9487973326982615
TNR:0.5098039215686274
FPR:0.006235969069593414
FPDR:0.006235969069593414
F1:0.9707602339181286
BACC:0
CLSFE:0.006235969069593414
MCC:0.21590699560323226
GMEAN:0.6954858740358624
SAMPLES:4009
AUC:{}
AVGP:{}
