

GENERAL_METRICS
ACC:0.9447058823529412
PREC:0.5579736886837184
REC:0.6796983593828534
TNR:0.6796983593828534
FPR:0.4420263113162815
FPDR:0.4420263113162815
F1:0.5819063729817956
BACC:0.0
CLSFE:0.05529411764705883
MCC:0.20413502143274195
GMEAN:0.6220674888226728
SAMPLES:4250.0
AUC:{'AUC macro OVO': 0.5579736886837185}
AVGP:{'avg_precision': 0.9535402252189148}


METRICS_PER_CLASSES
CLASS:0
ACC:0.9447058823529412
PREC:0.12612612612612611
REC:0.4057971014492754
TNR:0.9535996173164315
FPR:0.8738738738738738
FPDR:0.8738738738738738
F1:0.19243986254295534
BACC:0
CLSFE:0.8738738738738738
MCC:0.20413502143274195
GMEAN:0.6220674888226728
SAMPLES:222
AUC:{}
AVGP:{}
CLASS:1
ACC:0.9447058823529412
PREC:0.9898212512413108
REC:0.9535996173164315
TNR:0.4057971014492754
FPR:0.010178748758689175
FPDR:0.010178748758689175
F1:0.9713728834206359
BACC:0
CLSFE:0.010178748758689175
MCC:0.20413502143274195
GMEAN:0.6220674888226728
SAMPLES:4028
AUC:{}
AVGP:{}
