

GENERAL_METRICS
ACC:0.9388235294117647
PREC:0.5362147309735801
REC:0.6765881787135231
TNR:0.6765881787135231
FPR:0.4637852690264199
FPDR:0.4637852690264199
F1:0.5508130081300813
BACC:0.0
CLSFE:0.0611764705882353
MCC:0.15993865555549366
GMEAN:0.6210633054988128
SAMPLES:4250.0
AUC:{'AUC macro OVO': 0.5362147309735801}
AVGP:{'avg_precision': 0.9449835633502659}


METRICS_PER_CLASSES
CLASS:0
ACC:0.9388235294117647
PREC:0.0796812749003984
REC:0.40816326530612246
TNR:0.9450130921209235
FPR:0.9203187250996016
FPDR:0.9203187250996016
F1:0.13333333333333333
BACC:0
CLSFE:0.9203187250996016
MCC:0.15993865555549366
GMEAN:0.6210633054988128
SAMPLES:251
AUC:{}
AVGP:{}
CLASS:1
ACC:0.9388235294117647
PREC:0.9927481870467617
REC:0.9450130921209235
TNR:0.40816326530612246
FPR:0.007251812953238309
FPDR:0.007251812953238309
F1:0.9682926829268292
BACC:0
CLSFE:0.007251812953238309
MCC:0.15993865555549366
GMEAN:0.6210633054988128
SAMPLES:3999
AUC:{}
AVGP:{}
