

GENERAL_METRICS
ACC:0.9468235294117647
PREC:0.5747206155617787
REC:0.7341763499658236
TNR:0.7341763499658236
FPR:0.42527938443822133
FPDR:0.42527938443822133
F1:0.607028241597646
BACC:0.0
CLSFE:0.0531764705882353
MCC:0.26455850785379664
GMEAN:0.7004734264690824
SAMPLES:4250.0
AUC:{'AUC macro OVO': 0.5747206155617787}
AVGP:{'avg_precision': 0.9540017749268973}


METRICS_PER_CLASSES
CLASS:0
ACC:0.9468235294117647
PREC:0.15789473684210525
REC:0.5142857142857142
TNR:0.9540669856459331
FPR:0.8421052631578947
FPDR:0.8421052631578947
F1:0.24161073825503357
BACC:0
CLSFE:0.8421052631578947
MCC:0.26455850785379664
GMEAN:0.7004734264690824
SAMPLES:228
AUC:{}
AVGP:{}
CLASS:1
ACC:0.9468235294117647
PREC:0.991546494281452
REC:0.9540669856459331
TNR:0.5142857142857142
FPR:0.008453505718547987
FPDR:0.008453505718547987
F1:0.9724457449402585
BACC:0
CLSFE:0.008453505718547987
MCC:0.26455850785379664
GMEAN:0.7004734264690824
SAMPLES:4022
AUC:{}
AVGP:{}
