

GENERAL_METRICS
ACC:0.9093333333333333
PREC:0.6128192612083687
REC:0.7127228597433655
TNR:0.7127228597433655
FPR:0.38718073879163123
FPDR:0.38718073879163123
F1:0.642346208869814
BACC:0.0
CLSFE:0.09066666666666667
MCC:0.3098337352734718
GMEAN:0.6790852805822695
SAMPLES:3000.0
AUC:{'AUC macro OVO': 0.6128192612083688}
AVGP:{'avg_precision': 0.9286041198357584}


METRICS_PER_CLASSES
CLASS:0
ACC:0.9093333333333333
PREC:0.25092250922509224
REC:0.49635036496350365
TNR:0.9290953545232273
FPR:0.7490774907749077
FPDR:0.7490774907749077
F1:0.3333333333333333
BACC:0
CLSFE:0.7490774907749077
MCC:0.3098337352734718
GMEAN:0.6790852805822695
SAMPLES:271
AUC:{}
AVGP:{}
CLASS:1
ACC:0.9093333333333333
PREC:0.9747160131916452
REC:0.9290953545232273
TNR:0.49635036496350365
FPR:0.025283986808354707
FPDR:0.025283986808354707
F1:0.9513590844062947
BACC:0
CLSFE:0.025283986808354707
MCC:0.3098337352734718
GMEAN:0.6790852805822695
SAMPLES:2729
AUC:{}
AVGP:{}
