

GENERAL_METRICS
ACC:0.915
PREC:0.6064367711370262
REC:0.7180848736578977
TNR:0.7180848736578977
FPR:0.39356322886297374
FPDR:0.39356322886297374
F1:0.6373333333333333
BACC:0.0
CLSFE:0.085
MCC:0.30471133740622747
GMEAN:0.6854924255851054
SAMPLES:3000.0
AUC:{'AUC macro OVO': 0.6064367711370262}
AVGP:{'avg_precision': 0.9315960613233244}


METRICS_PER_CLASSES
CLASS:0
ACC:0.915
PREC:0.234375
REC:0.5042016806722689
TNR:0.9319680666435266
FPR:0.765625
FPDR:0.765625
F1:0.32
BACC:0
CLSFE:0.765625
MCC:0.30471133740622747
GMEAN:0.6854924255851054
SAMPLES:256
AUC:{}
AVGP:{}
CLASS:1
ACC:0.915
PREC:0.9784985422740525
REC:0.9319680666435266
TNR:0.5042016806722689
FPR:0.021501457725947522
FPDR:0.021501457725947522
F1:0.9546666666666667
BACC:0
CLSFE:0.021501457725947522
MCC:0.30471133740622747
GMEAN:0.6854924255851054
SAMPLES:2744
AUC:{}
AVGP:{}
