

GENERAL_METRICS
ACC:0.916
PREC:0.605485910211079
REC:0.7225529349709894
TNR:0.7225529349709894
FPR:0.39451408978892105
FPDR:0.39451408978892105
F1:0.6370793528875234
BACC:0.0
CLSFE:0.084
MCC:0.3064388938471217
GMEAN:0.6915117724118811
SAMPLES:3000.0
AUC:{'AUC macro OVO': 0.605485910211079}
AVGP:{'avg_precision': 0.9317143064591994}


METRICS_PER_CLASSES
CLASS:0
ACC:0.916
PREC:0.23137254901960785
REC:0.5130434782608696
TNR:0.9320623916811092
FPR:0.7686274509803922
FPDR:0.7686274509803922
F1:0.31891891891891894
BACC:0
CLSFE:0.7686274509803922
MCC:0.3064388938471217
GMEAN:0.6915117724118811
SAMPLES:255
AUC:{}
AVGP:{}
CLASS:1
ACC:0.916
PREC:0.9795992714025501
REC:0.9320623916811092
TNR:0.5130434782608696
FPR:0.02040072859744991
FPDR:0.02040072859744991
F1:0.9552397868561279
BACC:0
CLSFE:0.02040072859744991
MCC:0.3064388938471217
GMEAN:0.6915117724118811
SAMPLES:2745
AUC:{}
AVGP:{}
