

GENERAL_METRICS
ACC:0.922
PREC:0.6155628531897515
REC:0.7298470348881019
TNR:0.7298470348881019
FPR:0.38443714681024854
FPDR:0.38443714681024854
F1:0.6487688899295736
BACC:0.0
CLSFE:0.078
MCC:0.32595569728951446
GMEAN:0.6995482788478593
SAMPLES:3000.0
AUC:{'AUC macro OVO': 0.6155628531897515}
AVGP:{'avg_precision': 0.9376039113332919}


METRICS_PER_CLASSES
CLASS:0
ACC:0.922
PREC:0.2510460251046025
REC:0.5217391304347826
TNR:0.9379549393414212
FPR:0.7489539748953975
FPDR:0.7489539748953975
F1:0.3389830508474576
BACC:0
CLSFE:0.7489539748953975
MCC:0.32595569728951446
GMEAN:0.6995482788478593
SAMPLES:239
AUC:{}
AVGP:{}
CLASS:1
ACC:0.922
PREC:0.9800796812749004
REC:0.9379549393414212
TNR:0.5217391304347826
FPR:0.0199203187250996
FPDR:0.0199203187250996
F1:0.9585547290116897
BACC:0
CLSFE:0.0199203187250996
MCC:0.32595569728951446
GMEAN:0.6995482788478593
SAMPLES:2761
AUC:{}
AVGP:{}
