

GENERAL_METRICS
ACC:0.8735384615384615
PREC:0.570878822720337
REC:0.5658058658991456
TNR:0.5658058658991456
FPR:0.42912117727966304
FPDR:0.42912117727966304
F1:0.5681671893705279
BACC:0.0
CLSFE:0.12646153846153846
MCC:0.1365905165525603
GMEAN:0.42911269480689573
SAMPLES:3250.0
AUC:{'AUC macro OVO': 0.570878822720337}
AVGP:{'avg_precision': 0.9338019070987056}


METRICS_PER_CLASSES
CLASS:0
ACC:0.8735384615384615
PREC:0.21370967741935484
REC:0.1970260223048327
TNR:0.9345857094934585
FPR:0.7862903225806451
FPDR:0.7862903225806451
F1:0.20502901353965183
BACC:0
CLSFE:0.7862903225806451
MCC:0.1365905165525603
GMEAN:0.42911269480689573
SAMPLES:248
AUC:{}
AVGP:{}
CLASS:1
ACC:0.8735384615384615
PREC:0.9280479680213192
REC:0.9345857094934585
TNR:0.1970260223048327
FPR:0.07195203197868089
FPDR:0.07195203197868089
F1:0.931305365201404
BACC:0
CLSFE:0.07195203197868089
MCC:0.1365905165525603
GMEAN:0.42911269480689573
SAMPLES:3002
AUC:{}
AVGP:{}
