

GENERAL_METRICS
ACC:0.8781538461538462
PREC:0.5830296110286016
REC:0.5750858285872483
TNR:0.5750858285872483
FPR:0.4169703889713984
FPDR:0.4169703889713984
F1:0.5787096140626534
BACC:0.0
CLSFE:0.12184615384615384
MCC:0.15791576414480585
GMEAN:0.4458887684675767
SAMPLES:3250.0
AUC:{'AUC macro OVO': 0.5830296110286016}
AVGP:{'avg_precision': 0.9374000157125026}


METRICS_PER_CLASSES
CLASS:0
ACC:0.8781538461538462
PREC:0.23651452282157676
REC:0.21189591078066913
TNR:0.9382757463938276
FPR:0.7634854771784232
FPDR:0.7634854771784232
F1:0.2235294117647059
BACC:0
CLSFE:0.7634854771784232
MCC:0.15791576414480585
GMEAN:0.4458887684675767
SAMPLES:241
AUC:{}
AVGP:{}
CLASS:1
ACC:0.8781538461538462
PREC:0.9295446992356264
REC:0.9382757463938276
TNR:0.21189591078066913
FPR:0.07045530076437355
FPDR:0.07045530076437355
F1:0.933889816360601
BACC:0
CLSFE:0.07045530076437355
MCC:0.15791576414480585
GMEAN:0.4458887684675767
SAMPLES:3009
AUC:{}
AVGP:{}
