

GENERAL_METRICS
ACC:0.8713846153846154
PREC:0.574777805905805
REC:0.5752874277585469
TNR:0.5752874277585469
FPR:0.42522219409419504
FPDR:0.42522219409419504
F1:0.5750310319629218
BACC:0.0
CLSFE:0.1286153846153846
MCC:0.15006436832340886
GMEAN:0.4532300359784901
SAMPLES:3250.0
AUC:{'AUC macro OVO': 0.574777805905805}
AVGP:{'avg_precision': 0.9287379318092696}


METRICS_PER_CLASSES
CLASS:0
ACC:0.8713846153846154
PREC:0.21933085501858737
REC:0.2209737827715356
TNR:0.9296010727455581
FPR:0.7806691449814126
FPDR:0.7806691449814126
F1:0.22014925373134328
BACC:0
CLSFE:0.7806691449814126
MCC:0.15006436832340886
GMEAN:0.4532300359784901
SAMPLES:269
AUC:{}
AVGP:{}
CLASS:1
ACC:0.8713846153846154
PREC:0.9302247567930225
REC:0.9296010727455581
TNR:0.2209737827715356
FPR:0.06977524320697752
FPDR:0.06977524320697752
F1:0.9299128101945003
BACC:0
CLSFE:0.06977524320697752
MCC:0.15006436832340886
GMEAN:0.4532300359784901
SAMPLES:2981
AUC:{}
AVGP:{}
