

GENERAL_METRICS
ACC:0.8707692307692307
PREC:0.5726348530394121
REC:0.5678245275479274
TNR:0.5678245275479274
FPR:0.42736514696058786
FPDR:0.42736514696058786
F1:0.5700754903344152
BACC:0.0
CLSFE:0.12923076923076923
MCC:0.1403769865884187
GMEAN:0.4350330165913787
SAMPLES:3250.0
AUC:{'AUC macro OVO': 0.5726348530394121}
AVGP:{'avg_precision': 0.931904030847203}


METRICS_PER_CLASSES
CLASS:0
ACC:0.8707692307692307
PREC:0.21875
REC:0.2028985507246377
TNR:0.9327505043712172
FPR:0.78125
FPDR:0.78125
F1:0.21052631578947367
BACC:0
CLSFE:0.78125
MCC:0.1403769865884187
GMEAN:0.4350330165913787
SAMPLES:256
AUC:{}
AVGP:{}
CLASS:1
ACC:0.8707692307692307
PREC:0.9265197060788243
REC:0.9327505043712172
TNR:0.2028985507246377
FPR:0.07348029392117568
FPDR:0.07348029392117568
F1:0.9296246648793566
BACC:0
CLSFE:0.07348029392117568
MCC:0.1403769865884187
GMEAN:0.4350330165913787
SAMPLES:2994
AUC:{}
AVGP:{}
