

GENERAL_METRICS
ACC:0.8504
PREC:0.7108596864358518
REC:0.7935507183846054
TNR:0.7935507183846054
FPR:0.28914031356414815
FPDR:0.28914031356414815
F1:0.7388300255527586
BACC:0.0
CLSFE:0.1496
MCC:0.4975862234089563
GMEAN:0.7896649804683569
SAMPLES:1250.0
AUC:{'AUC macro OVO': 0.7108596864358518}
AVGP:{'avg_precision': 0.8679826574696429}


METRICS_PER_CLASSES
CLASS:0
ACC:0.8504
PREC:0.47126436781609193
REC:0.7151162790697675
TNR:0.8719851576994434
FPR:0.5287356321839081
FPDR:0.5287356321839081
F1:0.5681293302540416
BACC:0
CLSFE:0.5287356321839081
MCC:0.4975862234089563
GMEAN:0.7896649804683569
SAMPLES:261
AUC:{}
AVGP:{}
CLASS:1
ACC:0.8504
PREC:0.9504550050556118
REC:0.8719851576994434
TNR:0.7151162790697675
FPR:0.04954499494438827
FPDR:0.04954499494438827
F1:0.9095307208514756
BACC:0
CLSFE:0.04954499494438827
MCC:0.4975862234089563
GMEAN:0.7896649804683569
SAMPLES:989
AUC:{}
AVGP:{}
