

GENERAL_METRICS
ACC:0.8416
PREC:0.6948861956843039
REC:0.7679950571516836
TNR:0.7679950571516836
FPR:0.3051138043156961
FPDR:0.3051138043156961
F1:0.7198717861654013
BACC:0.0
CLSFE:0.1584
MCC:0.4570712730001273
GMEAN:0.7612811340701501
SAMPLES:1250.0
AUC:{'AUC macro OVO': 0.6948861956843039}
AVGP:{'avg_precision': 0.8651230089278645}


METRICS_PER_CLASSES
CLASS:0
ACC:0.8416
PREC:0.4470588235294118
REC:0.6666666666666666
TNR:0.8693234476367007
FPR:0.5529411764705883
FPDR:0.5529411764705883
F1:0.5352112676056338
BACC:0
CLSFE:0.5529411764705883
MCC:0.4570712730001273
GMEAN:0.7612811340701501
SAMPLES:255
AUC:{}
AVGP:{}
CLASS:1
ACC:0.8416
PREC:0.942713567839196
REC:0.8693234476367007
TNR:0.6666666666666666
FPR:0.05728643216080402
FPDR:0.05728643216080402
F1:0.9045323047251688
BACC:0
CLSFE:0.05728643216080402
MCC:0.4570712730001273
GMEAN:0.7612811340701501
SAMPLES:995
AUC:{}
AVGP:{}
