

GENERAL_METRICS
ACC:0.8576
PREC:0.708452816401786
REC:0.7740818321463483
TNR:0.7740818321463483
FPR:0.291547183598214
FPDR:0.291547183598214
F1:0.7329521450243883
BACC:0.0
CLSFE:0.1424
MCC:0.47805074975557926
GMEAN:0.765719225390341
SAMPLES:1250.0
AUC:{'AUC macro OVO': 0.708452816401786}
AVGP:{'avg_precision': 0.883581130863818}


METRICS_PER_CLASSES
CLASS:0
ACC:0.8576
PREC:0.47186147186147187
REC:0.6606060606060606
TNR:0.8875576036866359
FPR:0.5281385281385281
FPDR:0.5281385281385281
F1:0.5505050505050505
BACC:0
CLSFE:0.5281385281385281
MCC:0.47805074975557926
GMEAN:0.765719225390341
SAMPLES:231
AUC:{}
AVGP:{}
CLASS:1
ACC:0.8576
PREC:0.9450441609421001
REC:0.8875576036866359
TNR:0.6606060606060606
FPR:0.0549558390578999
FPDR:0.0549558390578999
F1:0.9153992395437263
BACC:0
CLSFE:0.0549558390578999
MCC:0.47805074975557926
GMEAN:0.765719225390341
SAMPLES:1019
AUC:{}
AVGP:{}
