

GENERAL_METRICS
ACC:0.8336
PREC:0.7044316883899092
REC:0.7752003520064864
TNR:0.7752003520064864
FPR:0.29556831161009073
FPDR:0.29556831161009073
F1:0.7283789656671013
BACC:0.0
CLSFE:0.1664
MCC:0.4743824305607591
GMEAN:0.7706248299139443
SAMPLES:1250.0
AUC:{'AUC macro OVO': 0.7044316883899093}
AVGP:{'avg_precision': 0.854180512994423}


METRICS_PER_CLASSES
CLASS:0
ACC:0.8336
PREC:0.4697508896797153
REC:0.6910994764397905
TNR:0.8593012275731823
FPR:0.5302491103202847
FPDR:0.5302491103202847
F1:0.559322033898305
BACC:0
CLSFE:0.5302491103202847
MCC:0.4743824305607591
GMEAN:0.7706248299139443
SAMPLES:281
AUC:{}
AVGP:{}
CLASS:1
ACC:0.8336
PREC:0.9391124871001032
REC:0.8593012275731823
TNR:0.6910994764397905
FPR:0.0608875128998968
FPDR:0.0608875128998968
F1:0.8974358974358975
BACC:0
CLSFE:0.0608875128998968
MCC:0.4743824305607591
GMEAN:0.7706248299139443
SAMPLES:969
AUC:{}
AVGP:{}
