

GENERAL_METRICS
ACC:0.9150769230769231
PREC:0.5480168136278879
REC:0.673049674471158
TNR:0.673049674471158
FPR:0.45198318637211216
FPDR:0.45198318637211216
F1:0.5644455493812893
BACC:0.0
CLSFE:0.08492307692307692
MCC:0.18231065758696893
GMEAN:0.623785490375715
SAMPLES:3250.0
AUC:{'AUC macro OVO': 0.5480168136278879}
AVGP:{'avg_precision': 0.9257110288057543}


METRICS_PER_CLASSES
CLASS:0
ACC:0.9150769230769231
PREC:0.10943396226415095
REC:0.42028985507246375
TNR:0.9258094938698522
FPR:0.8905660377358491
FPDR:0.8905660377358491
F1:0.17365269461077845
BACC:0
CLSFE:0.8905660377358491
MCC:0.18231065758696893
GMEAN:0.623785490375715
SAMPLES:265
AUC:{}
AVGP:{}
CLASS:1
ACC:0.9150769230769231
PREC:0.9865996649916248
REC:0.9258094938698522
TNR:0.42028985507246375
FPR:0.01340033500837521
FPDR:0.01340033500837521
F1:0.9552384041518002
BACC:0
CLSFE:0.01340033500837521
MCC:0.18231065758696893
GMEAN:0.623785490375715
SAMPLES:2985
AUC:{}
AVGP:{}
