

GENERAL_METRICS
ACC:0.9193846153846154
PREC:0.5454712101869128
REC:0.6844568144516623
TNR:0.6844568144516623
FPR:0.4545287898130872
FPDR:0.4545287898130872
F1:0.5616256968169341
BACC:0.0
CLSFE:0.08061538461538462
MCC:0.18316631328210886
GMEAN:0.6395725165659332
SAMPLES:3250.0
AUC:{'AUC macro OVO': 0.5454712101869128}
AVGP:{'avg_precision': 0.9281618706007333}


METRICS_PER_CLASSES
CLASS:0
ACC:0.9193846153846154
PREC:0.10196078431372549
REC:0.4406779661016949
TNR:0.9282356628016296
FPR:0.8980392156862745
FPDR:0.8980392156862745
F1:0.16560509554140126
BACC:0
CLSFE:0.8980392156862745
MCC:0.18316631328210886
GMEAN:0.6395725165659332
SAMPLES:255
AUC:{}
AVGP:{}
CLASS:1
ACC:0.9193846153846154
PREC:0.9889816360601001
REC:0.9282356628016296
TNR:0.4406779661016949
FPR:0.011018363939899833
FPDR:0.011018363939899833
F1:0.9576462980924668
BACC:0
CLSFE:0.011018363939899833
MCC:0.18316631328210886
GMEAN:0.6395725165659332
SAMPLES:2995
AUC:{}
AVGP:{}
