

GENERAL_METRICS
ACC:0.9178461538461539
PREC:0.5449725712883607
REC:0.6457852597720439
TNR:0.6457852597720439
FPR:0.45502742871163926
FPDR:0.45502742871163926
F1:0.5599062553410974
BACC:0.0
CLSFE:0.08215384615384616
MCC:0.1619424340670528
GMEAN:0.5796544063690187
SAMPLES:3250.0
AUC:{'AUC macro OVO': 0.5449725712883607}
AVGP:{'avg_precision': 0.930360463115655}


METRICS_PER_CLASSES
CLASS:0
ACC:0.9178461538461539
PREC:0.10526315789473684
REC:0.3611111111111111
TNR:0.9304594084329767
FPR:0.8947368421052632
FPDR:0.8947368421052632
F1:0.16300940438871472
BACC:0
CLSFE:0.8947368421052632
MCC:0.1619424340670528
GMEAN:0.5796544063690187
SAMPLES:247
AUC:{}
AVGP:{}
CLASS:1
ACC:0.9178461538461539
PREC:0.9846819846819846
REC:0.9304594084329767
TNR:0.3611111111111111
FPR:0.015318015318015318
FPDR:0.015318015318015318
F1:0.95680310629348
BACC:0
CLSFE:0.015318015318015318
MCC:0.1619424340670528
GMEAN:0.5796544063690187
SAMPLES:3003
AUC:{}
AVGP:{}
