

GENERAL_METRICS
ACC:0.9243076923076923
PREC:0.5607066985398015
REC:0.6869149408634836
TNR:0.6869149408634836
FPR:0.43929330146019846
FPDR:0.43929330146019846
F1:0.5833550471624368
BACC:0.0
CLSFE:0.0756923076923077
MCC:0.21304449270126022
GMEAN:0.640367605845492
SAMPLES:3250.0
AUC:{'AUC macro OVO': 0.5607066985398016}
AVGP:{'avg_precision': 0.9353594562863443}


METRICS_PER_CLASSES
CLASS:0
ACC:0.9243076923076923
PREC:0.1350210970464135
REC:0.4383561643835616
TNR:0.9354737173434057
FPR:0.8649789029535865
FPDR:0.8649789029535865
F1:0.2064516129032258
BACC:0
CLSFE:0.8649789029535865
MCC:0.21304449270126022
GMEAN:0.640367605845492
SAMPLES:237
AUC:{}
AVGP:{}
CLASS:1
ACC:0.9243076923076923
PREC:0.9863923000331896
REC:0.9354737173434057
TNR:0.4383561643835616
FPR:0.013607699966810488
FPDR:0.013607699966810488
F1:0.9602584814216478
BACC:0
CLSFE:0.013607699966810488
MCC:0.21304449270126022
GMEAN:0.640367605845492
SAMPLES:3013
AUC:{}
AVGP:{}
