

GENERAL_METRICS
ACC:0.9094545454545454
PREC:0.6568
REC:0.7198191650909221
TNR:0.7198191650909221
FPR:0.3432
FPDR:0.3432
F1:0.6811514031433652
BACC:0.0
CLSFE:0.09054545454545454
MCC:0.37130927856037527
GMEAN:0.6863537302300222
SAMPLES:2750.0
AUC:{'AUC macro OVO': 0.6568}
AVGP:{'avg_precision': 0.9357967474512293}


METRICS_PER_CLASSES
CLASS:0
ACC:0.9094545454545454
PREC:0.348
REC:0.5028901734104047
TNR:0.9367481567714396
FPR:0.652
FPDR:0.652
F1:0.41134751773049644
BACC:0
CLSFE:0.652
MCC:0.37130927856037527
GMEAN:0.6863537302300222
SAMPLES:250
AUC:{}
AVGP:{}
CLASS:1
ACC:0.9094545454545454
PREC:0.9656
REC:0.9367481567714396
TNR:0.5028901734104047
FPR:0.0344
FPDR:0.0344
F1:0.950955288556234
BACC:0
CLSFE:0.0344
MCC:0.37130927856037527
GMEAN:0.6863537302300222
SAMPLES:2500
AUC:{}
AVGP:{}
