

GENERAL_METRICS
ACC:0.9098181818181819
PREC:0.6591365461847389
REC:0.7348951208390333
TNR:0.7348951208390333
FPR:0.34086345381526106
FPDR:0.34086345381526106
F1:0.6871703132883813
BACC:0.0
CLSFE:0.09018181818181818
MCC:0.3866802205749379
GMEAN:0.7072695936895455
SAMPLES:2750.0
AUC:{'AUC macro OVO': 0.6591365461847389}
AVGP:{'avg_precision': 0.9335747245500677}


METRICS_PER_CLASSES
CLASS:0
ACC:0.9098181818181819
PREC:0.35
REC:0.5352941176470588
TNR:0.9344961240310078
FPR:0.65
FPDR:0.65
F1:0.4232558139534884
BACC:0
CLSFE:0.65
MCC:0.3866802205749379
GMEAN:0.7072695936895455
SAMPLES:260
AUC:{}
AVGP:{}
CLASS:1
ACC:0.9098181818181819
PREC:0.9682730923694779
REC:0.9344961240310078
TNR:0.5352941176470588
FPR:0.03172690763052209
FPDR:0.03172690763052209
F1:0.9510848126232742
BACC:0
CLSFE:0.03172690763052209
MCC:0.3866802205749379
GMEAN:0.7072695936895455
SAMPLES:2490
AUC:{}
AVGP:{}
