

GENERAL_METRICS
ACC:0.9196363636363636
PREC:0.6785242324595101
REC:0.7602451285533737
TNR:0.7602451285533737
FPR:0.3214757675404899
FPDR:0.3214757675404899
F1:0.709430052606189
BACC:0.0
CLSFE:0.08036363636363636
MCC:0.43109192442595157
GMEAN:0.7383901681140242
SAMPLES:2750.0
AUC:{'AUC macro OVO': 0.6785242324595101}
AVGP:{'avg_precision': 0.9403662832050038}


METRICS_PER_CLASSES
CLASS:0
ACC:0.9196363636363636
PREC:0.38461538461538464
REC:0.5792682926829268
TNR:0.9412219644238206
FPR:0.6153846153846154
FPDR:0.6153846153846154
F1:0.46228710462287104
BACC:0
CLSFE:0.6153846153846154
MCC:0.43109192442595157
GMEAN:0.7383901681140242
SAMPLES:247
AUC:{}
AVGP:{}
CLASS:1
ACC:0.9196363636363636
PREC:0.9724330803036356
REC:0.9412219644238206
TNR:0.5792682926829268
FPR:0.027566919696364364
FPDR:0.027566919696364364
F1:0.9565730005895068
BACC:0
CLSFE:0.027566919696364364
MCC:0.43109192442595157
GMEAN:0.7383901681140242
SAMPLES:2503
AUC:{}
AVGP:{}
