

GENERAL_METRICS
ACC:0.9101818181818182
PREC:0.6667461529444447
REC:0.7221787169217075
TNR:0.7221787169217075
FPR:0.3332538470555553
FPDR:0.3332538470555553
F1:0.6890932967278929
BACC:0.0
CLSFE:0.08981818181818182
MCC:0.3849542638435249
GMEAN:0.6889049656468267
SAMPLES:2750.0
AUC:{'AUC macro OVO': 0.6667461529444447}
AVGP:{'avg_precision': 0.9378046498761016}


METRICS_PER_CLASSES
CLASS:0
ACC:0.9101818181818182
PREC:0.36947791164658633
REC:0.5054945054945055
TNR:0.9388629283489096
FPR:0.6305220883534136
FPDR:0.6305220883534136
F1:0.42691415313225056
BACC:0
CLSFE:0.6305220883534136
MCC:0.3849542638435249
GMEAN:0.6889049656468267
SAMPLES:249
AUC:{}
AVGP:{}
CLASS:1
ACC:0.9101818181818182
PREC:0.9640143942423031
REC:0.9388629283489096
TNR:0.5054945054945055
FPR:0.03598560575769692
FPDR:0.03598560575769692
F1:0.9512724403235352
BACC:0
CLSFE:0.03598560575769692
MCC:0.3849542638435249
GMEAN:0.6889049656468267
SAMPLES:2501
AUC:{}
AVGP:{}
