

GENERAL_METRICS
ACC:0.8568
PREC:0.7674552429667519
REC:0.7613492946130681
TNR:0.7613492946130681
FPR:0.2325447570332481
FPDR:0.2325447570332481
F1:0.7643275673022537
BACC:0.0
CLSFE:0.1432
MCC:0.5287692846220452
GMEAN:0.7456623537723233
SAMPLES:1250.0
AUC:{'AUC macro OVO': 0.7674552429667518}
AVGP:{'avg_precision': 0.9060677312583474}


METRICS_PER_CLASSES
CLASS:0
ACC:0.8568
PREC:0.6260869565217392
REC:0.6075949367088608
TNR:0.9151036525172754
FPR:0.3739130434782609
FPDR:0.3739130434782609
F1:0.6167023554603854
BACC:0
CLSFE:0.3739130434782609
MCC:0.5287692846220452
GMEAN:0.7456623537723233
SAMPLES:230
AUC:{}
AVGP:{}
CLASS:1
ACC:0.8568
PREC:0.9088235294117647
REC:0.9151036525172754
TNR:0.6075949367088608
FPR:0.09117647058823529
FPDR:0.09117647058823529
F1:0.911952779144122
BACC:0
CLSFE:0.09117647058823529
MCC:0.5287692846220452
GMEAN:0.7456623537723233
SAMPLES:1020
AUC:{}
AVGP:{}
