

GENERAL_METRICS
ACC:0.8272
PREC:0.7429673703982813
REC:0.7469109696297735
TNR:0.7469109696297735
FPR:0.25703262960171863
FPDR:0.25703262960171863
F1:0.7448979591836735
BACC:0.0
CLSFE:0.1728
MCC:0.48986246646762394
GMEAN:0.7336406046636074
SAMPLES:1250.0
AUC:{'AUC macro OVO': 0.7429673703982814}
AVGP:{'avg_precision': 0.8757441958535638}


METRICS_PER_CLASSES
CLASS:0
ACC:0.8272
PREC:0.5934065934065934
REC:0.6067415730337079
TNR:0.8870803662258393
FPR:0.4065934065934066
FPDR:0.4065934065934066
F1:0.6
BACC:0
CLSFE:0.4065934065934066
MCC:0.48986246646762394
GMEAN:0.7336406046636074
SAMPLES:273
AUC:{}
AVGP:{}
CLASS:1
ACC:0.8272
PREC:0.8925281473899693
REC:0.8870803662258393
TNR:0.6067415730337079
FPR:0.10747185261003071
FPDR:0.10747185261003071
F1:0.889795918367347
BACC:0
CLSFE:0.10747185261003071
MCC:0.48986246646762394
GMEAN:0.7336406046636074
SAMPLES:977
AUC:{}
AVGP:{}
