

GENERAL_METRICS
ACC:0.832
PREC:0.7468993414234614
REC:0.7282504558519023
TNR:0.7282504558519023
FPR:0.25310065857653863
FPDR:0.25310065857653863
F1:0.7367090740584716
BACC:0.0
CLSFE:0.168
MCC:0.47478368644863733
GMEAN:0.7060023276928112
SAMPLES:1250.0
AUC:{'AUC macro OVO': 0.7468993414234614}
AVGP:{'avg_precision': 0.895747930591157}


METRICS_PER_CLASSES
CLASS:0
ACC:0.832
PREC:0.6101694915254238
REC:0.549618320610687
TNR:0.9068825910931174
FPR:0.3898305084745763
FPDR:0.3898305084745763
F1:0.5783132530120482
BACC:0
CLSFE:0.3898305084745763
MCC:0.47478368644863733
GMEAN:0.7060023276928112
SAMPLES:236
AUC:{}
AVGP:{}
CLASS:1
ACC:0.832
PREC:0.883629191321499
REC:0.9068825910931174
TNR:0.549618320610687
FPR:0.11637080867850098
FPDR:0.11637080867850098
F1:0.8951048951048951
BACC:0
CLSFE:0.11637080867850098
MCC:0.47478368644863733
GMEAN:0.7060023276928112
SAMPLES:1014
AUC:{}
AVGP:{}
