

GENERAL_METRICS
ACC:0.8256
PREC:0.7310024402583103
REC:0.7469184400547126
TNR:0.7469184400547126
FPR:0.2689975597416897
FPDR:0.2689975597416897
F1:0.7382867723892065
BACC:0.0
CLSFE:0.1744
MCC:0.477655784838471
GMEAN:0.7351908693689075
SAMPLES:1250.0
AUC:{'AUC macro OVO': 0.7310024402583104}
AVGP:{'avg_precision': 0.8688426495701876}


METRICS_PER_CLASSES
CLASS:0
ACC:0.8256
PREC:0.5615942028985508
REC:0.6150793650793651
TNR:0.8787575150300602
FPR:0.4384057971014493
FPDR:0.4384057971014493
F1:0.5871212121212122
BACC:0
CLSFE:0.4384057971014493
MCC:0.477655784838471
GMEAN:0.7351908693689075
SAMPLES:276
AUC:{}
AVGP:{}
CLASS:1
ACC:0.8256
PREC:0.9004106776180698
REC:0.8787575150300602
TNR:0.6150793650793651
FPR:0.09958932238193019
FPDR:0.09958932238193019
F1:0.8894523326572008
BACC:0
CLSFE:0.09958932238193019
MCC:0.477655784838471
GMEAN:0.7351908693689075
SAMPLES:974
AUC:{}
AVGP:{}
