

GENERAL_METRICS
ACC:0.9032
PREC:0.7248709439528023
REC:0.7215767061969538
TNR:0.7215767061969538
FPR:0.2751290560471977
FPDR:0.2751290560471977
F1:0.7232063773250664
BACC:0.0
CLSFE:0.0968
MCC:0.44643549626104667
GMEAN:0.685378513762343
SAMPLES:2500.0
AUC:{'AUC macro OVO': 0.7248709439528024}
AVGP:{'avg_precision': 0.9448978048703948}


METRICS_PER_CLASSES
CLASS:0
ACC:0.9032
PREC:0.5041666666666667
REC:0.4959016393442623
TNR:0.9472517730496454
FPR:0.49583333333333335
FPDR:0.49583333333333335
F1:0.5
BACC:0
CLSFE:0.49583333333333335
MCC:0.44643549626104667
GMEAN:0.685378513762343
SAMPLES:240
AUC:{}
AVGP:{}
CLASS:1
ACC:0.9032
PREC:0.945575221238938
REC:0.9472517730496454
TNR:0.4959016393442623
FPR:0.05442477876106195
FPDR:0.05442477876106195
F1:0.9464127546501329
BACC:0
CLSFE:0.05442477876106195
MCC:0.44643549626104667
GMEAN:0.685378513762343
SAMPLES:2260
AUC:{}
AVGP:{}
