

GENERAL_METRICS
ACC:0.793
PREC:0.7360716294091245
REC:0.7332497349318978
TNR:0.7332497349318978
FPR:0.2639283705908756
FPDR:0.2639283705908756
F1:0.7346286531827255
BACC:0.0
CLSFE:0.207
MCC:0.46931288064411575
GMEAN:0.7218538038397629
SAMPLES:1000.0
AUC:{'AUC macro OVO': 0.7360716294091244}
AVGP:{'avg_precision': 0.8440404238123836}


METRICS_PER_CLASSES
CLASS:0
ACC:0.793
PREC:0.6159695817490495
REC:0.6044776119402985
TNR:0.8620218579234973
FPR:0.3840304182509506
FPDR:0.3840304182509506
F1:0.6101694915254238
BACC:0
CLSFE:0.3840304182509506
MCC:0.46931288064411575
GMEAN:0.7218538038397629
SAMPLES:263
AUC:{}
AVGP:{}
CLASS:1
ACC:0.793
PREC:0.8561736770691994
REC:0.8620218579234973
TNR:0.6044776119402985
FPR:0.14382632293080055
FPDR:0.14382632293080055
F1:0.8590878148400273
BACC:0
CLSFE:0.14382632293080055
MCC:0.46931288064411575
GMEAN:0.7218538038397629
SAMPLES:737
AUC:{}
AVGP:{}
