

GENERAL_METRICS
ACC:0.805
PREC:0.7411044911975837
REC:0.7479747232698046
TNR:0.7479747232698046
FPR:0.25889550880241624
FPDR:0.25889550880241624
F1:0.744373262229773
BACC:0.0
CLSFE:0.195
MCC:0.48903095805410063
GMEAN:0.7391576083406877
SAMPLES:1000.0
AUC:{'AUC macro OVO': 0.7411044911975837}
AVGP:{'avg_precision': 0.8469650663395819}


METRICS_PER_CLASSES
CLASS:0
ACC:0.805
PREC:0.6068702290076335
REC:0.6334661354581673
TNR:0.8624833110814419
FPR:0.3931297709923664
FPDR:0.3931297709923664
F1:0.6198830409356725
BACC:0
CLSFE:0.3931297709923664
MCC:0.48903095805410063
GMEAN:0.7391576083406877
SAMPLES:262
AUC:{}
AVGP:{}
CLASS:1
ACC:0.805
PREC:0.8753387533875339
REC:0.8624833110814419
TNR:0.6334661354581673
FPR:0.12466124661246612
FPDR:0.12466124661246612
F1:0.8688634835238735
BACC:0
CLSFE:0.12466124661246612
MCC:0.48903095805410063
GMEAN:0.7391576083406877
SAMPLES:738
AUC:{}
AVGP:{}
