

GENERAL_METRICS
ACC:0.796
PREC:0.7322684979382865
REC:0.7392814844058428
TNR:0.7392814844058428
FPR:0.2677315020617134
FPDR:0.2677315020617134
F1:0.7355855225296688
BACC:0.0
CLSFE:0.204
MCC:0.47149783018541525
GMEAN:0.7301633864174425
SAMPLES:1000.0
AUC:{'AUC macro OVO': 0.7322684979382865}
AVGP:{'avg_precision': 0.8390509902304587}


METRICS_PER_CLASSES
CLASS:0
ACC:0.796
PREC:0.5955056179775281
REC:0.6235294117647059
TNR:0.8550335570469799
FPR:0.4044943820224719
FPDR:0.4044943820224719
F1:0.6091954022988506
BACC:0
CLSFE:0.4044943820224719
MCC:0.47149783018541525
GMEAN:0.7301633864174425
SAMPLES:267
AUC:{}
AVGP:{}
CLASS:1
ACC:0.796
PREC:0.869031377899045
REC:0.8550335570469799
TNR:0.6235294117647059
FPR:0.13096862210095497
FPDR:0.13096862210095497
F1:0.8619756427604871
BACC:0
CLSFE:0.13096862210095497
MCC:0.47149783018541525
GMEAN:0.7301633864174425
SAMPLES:733
AUC:{}
AVGP:{}
