

GENERAL_METRICS
ACC:0.819
PREC:0.752883470193694
REC:0.7646581273678513
TNR:0.7646581273678513
FPR:0.24711652980630602
FPDR:0.24711652980630602
F1:0.7583441366410368
BACC:0.0
CLSFE:0.181
MCC:0.5174076368348148
GMEAN:0.7574275900787615
SAMPLES:1000.0
AUC:{'AUC macro OVO': 0.752883470193694}
AVGP:{'avg_precision': 0.8554677135825618}


METRICS_PER_CLASSES
CLASS:0
ACC:0.819
PREC:0.6162790697674418
REC:0.6597510373443983
TNR:0.8695652173913043
FPR:0.38372093023255816
FPDR:0.38372093023255816
F1:0.6372745490981964
BACC:0
CLSFE:0.38372093023255816
MCC:0.5174076368348148
GMEAN:0.7574275900787615
SAMPLES:258
AUC:{}
AVGP:{}
CLASS:1
ACC:0.819
PREC:0.889487870619946
REC:0.8695652173913043
TNR:0.6597510373443983
FPR:0.1105121293800539
FPDR:0.1105121293800539
F1:0.8794137241838774
BACC:0
CLSFE:0.1105121293800539
MCC:0.5174076368348148
GMEAN:0.7574275900787615
SAMPLES:742
AUC:{}
AVGP:{}
