

GENERAL_METRICS
ACC:0.8235
PREC:0.5778545264496335
REC:0.585829234468378
TNR:0.585829234468378
FPR:0.4221454735503664
FPDR:0.4221454735503664
F1:0.5813962037497651
BACC:0.0
CLSFE:0.1765
MCC:0.16348938075691818
GMEAN:0.49890382778861025
SAMPLES:2000.0
AUC:{'AUC macro OVO': 0.5778545264496335}
AVGP:{'avg_precision': 0.8910875745116931}


METRICS_PER_CLASSES
CLASS:0
ACC:0.8235
PREC:0.2490118577075099
REC:0.27876106194690264
TNR:0.8928974069898534
FPR:0.7509881422924901
FPDR:0.7509881422924901
F1:0.2630480167014614
BACC:0
CLSFE:0.7509881422924901
MCC:0.16348938075691818
GMEAN:0.49890382778861025
SAMPLES:253
AUC:{}
AVGP:{}
CLASS:1
ACC:0.8235
PREC:0.9066971951917573
REC:0.8928974069898534
TNR:0.27876106194690264
FPR:0.0933028048082427
FPDR:0.0933028048082427
F1:0.8997443907980688
BACC:0
CLSFE:0.0933028048082427
MCC:0.16348938075691818
GMEAN:0.49890382778861025
SAMPLES:1747
AUC:{}
AVGP:{}
