

GENERAL_METRICS
ACC:0.8275
PREC:0.5900444891613307
REC:0.6157089651503059
TNR:0.6157089651503059
FPR:0.4099555108386693
FPDR:0.4099555108386693
F1:0.5995168664342316
BACC:0.0
CLSFE:0.1725
MCC:0.20414656164966885
GMEAN:0.5542791046797125
SAMPLES:2000.0
AUC:{'AUC macro OVO': 0.5900444891613307}
AVGP:{'avg_precision': 0.881862322514389}


METRICS_PER_CLASSES
CLASS:0
ACC:0.8275
PREC:0.2597864768683274
REC:0.3476190476190476
TNR:0.8837988826815643
FPR:0.7402135231316725
FPDR:0.7402135231316725
F1:0.2973523421588595
BACC:0
CLSFE:0.7402135231316725
MCC:0.20414656164966885
GMEAN:0.5542791046797125
SAMPLES:281
AUC:{}
AVGP:{}
CLASS:1
ACC:0.8275
PREC:0.9203025014543339
REC:0.8837988826815643
TNR:0.3476190476190476
FPR:0.07969749854566609
FPDR:0.07969749854566609
F1:0.9016813907096038
BACC:0
CLSFE:0.07969749854566609
MCC:0.20414656164966885
GMEAN:0.5542791046797125
SAMPLES:1719
AUC:{}
AVGP:{}
