

GENERAL_METRICS
ACC:0.7853333333333333
PREC:0.7730215283797648
REC:0.7608662613981763
TNR:0.7608662613981763
FPR:0.22697847162023527
FPDR:0.22697847162023527
F1:0.7657209489126153
BACC:0.0
CLSFE:0.21466666666666667
MCC:0.5337493995861553
GMEAN:0.7547116440426074
SAMPLES:750.0
AUC:{'AUC macro OVO': 0.7730215283797647}
AVGP:{'avg_precision': 0.8206071036145953}


METRICS_PER_CLASSES
CLASS:0
ACC:0.7853333333333333
PREC:0.7351778656126482
REC:0.6642857142857143
TNR:0.8574468085106383
FPR:0.2648221343873518
FPDR:0.2648221343873518
F1:0.6979362101313321
BACC:0
CLSFE:0.2648221343873518
MCC:0.5337493995861553
GMEAN:0.7547116440426074
SAMPLES:253
AUC:{}
AVGP:{}
CLASS:1
ACC:0.7853333333333333
PREC:0.8108651911468813
REC:0.8574468085106383
TNR:0.6642857142857143
FPR:0.1891348088531187
FPDR:0.1891348088531187
F1:0.8335056876938987
BACC:0
CLSFE:0.1891348088531187
MCC:0.5337493995861553
GMEAN:0.7547116440426074
SAMPLES:497
AUC:{}
AVGP:{}
