

GENERAL_METRICS
ACC:0.7733333333333333
PREC:0.7644372600525359
REC:0.7462165396106291
TNR:0.7462165396106291
FPR:0.23556273994746413
FPDR:0.23556273994746413
F1:0.7524156465544025
BACC:0.0
CLSFE:0.22666666666666666
MCC:0.5103286279026542
GMEAN:0.7372152176911335
SAMPLES:750.0
AUC:{'AUC macro OVO': 0.7644372600525359}
AVGP:{'avg_precision': 0.8222177932696078}


METRICS_PER_CLASSES
CLASS:0
ACC:0.7733333333333333
PREC:0.7387755102040816
REC:0.6306620209059234
TNR:0.8617710583153347
FPR:0.2612244897959184
FPDR:0.2612244897959184
F1:0.6804511278195489
BACC:0
CLSFE:0.2612244897959184
MCC:0.5103286279026542
GMEAN:0.7372152176911335
SAMPLES:245
AUC:{}
AVGP:{}
CLASS:1
ACC:0.7733333333333333
PREC:0.7900990099009901
REC:0.8617710583153347
TNR:0.6306620209059234
FPR:0.2099009900990099
FPDR:0.2099009900990099
F1:0.8243801652892562
BACC:0
CLSFE:0.2099009900990099
MCC:0.5103286279026542
GMEAN:0.7372152176911335
SAMPLES:505
AUC:{}
AVGP:{}
