

GENERAL_METRICS
ACC:0.772
PREC:0.7610206694713737
REC:0.7473248734024596
TNR:0.7473248734024596
FPR:0.2389793305286263
FPDR:0.2389793305286263
F1:0.7524030897005477
BACC:0.0
CLSFE:0.228
MCC:0.5081610139805405
GMEAN:0.740057479894057
SAMPLES:750.0
AUC:{'AUC macro OVO': 0.7610206694713737}
AVGP:{'avg_precision': 0.8125810379518491}


METRICS_PER_CLASSES
CLASS:0
ACC:0.772
PREC:0.7272727272727273
REC:0.6433566433566433
TNR:0.8512931034482759
FPR:0.2727272727272727
FPDR:0.2727272727272727
F1:0.6827458256029685
BACC:0
CLSFE:0.2727272727272727
MCC:0.5081610139805405
GMEAN:0.740057479894057
SAMPLES:253
AUC:{}
AVGP:{}
CLASS:1
ACC:0.772
PREC:0.7947686116700201
REC:0.8512931034482759
TNR:0.6433566433566433
FPR:0.2052313883299799
FPDR:0.2052313883299799
F1:0.8220603537981269
BACC:0
CLSFE:0.2052313883299799
MCC:0.5081610139805405
GMEAN:0.740057479894057
SAMPLES:497
AUC:{}
AVGP:{}
