

GENERAL_METRICS
ACC:0.78
PREC:0.7737341772151899
REC:0.7644029503621503
TNR:0.7644029503621503
FPR:0.2262658227848101
FPDR:0.2262658227848101
F1:0.7679364061366053
BACC:0.0
CLSFE:0.22
MCC:0.5380562203734918
GMEAN:0.7600742100857855
SAMPLES:750.0
AUC:{'AUC macro OVO': 0.7737341772151899}
AVGP:{'avg_precision': 0.8023692124713279}


METRICS_PER_CLASSES
CLASS:0
ACC:0.78
PREC:0.75
REC:0.6831683168316832
TNR:0.8456375838926175
FPR:0.25
FPDR:0.25
F1:0.7150259067357513
BACC:0
CLSFE:0.25
MCC:0.5380562203734918
GMEAN:0.7600742100857855
SAMPLES:276
AUC:{}
AVGP:{}
CLASS:1
ACC:0.78
PREC:0.7974683544303798
REC:0.8456375838926175
TNR:0.6831683168316832
FPR:0.20253164556962025
FPDR:0.20253164556962025
F1:0.8208469055374593
BACC:0
CLSFE:0.20253164556962025
MCC:0.5380562203734918
GMEAN:0.7600742100857855
SAMPLES:474
AUC:{}
AVGP:{}
