

GENERAL_METRICS
ACC:0.805
PREC:0.7174673018813824
REC:0.7305848373762709
TNR:0.7305848373762709
FPR:0.28253269811861753
FPDR:0.28253269811861753
F1:0.7234634851258808
BACC:0.0
CLSFE:0.195
MCC:0.4478600783234647
GMEAN:0.7184855228678343
SAMPLES:1000.0
AUC:{'AUC macro OVO': 0.7174673018813825}
AVGP:{'avg_precision': 0.8513325603825771}


METRICS_PER_CLASSES
CLASS:0
ACC:0.805
PREC:0.5504201680672269
REC:0.5981735159817352
TNR:0.8629961587708067
FPR:0.4495798319327731
FPDR:0.4495798319327731
F1:0.5733041575492341
BACC:0
CLSFE:0.4495798319327731
MCC:0.4478600783234647
GMEAN:0.7184855228678343
SAMPLES:238
AUC:{}
AVGP:{}
CLASS:1
ACC:0.805
PREC:0.884514435695538
REC:0.8629961587708067
TNR:0.5981735159817352
FPR:0.11548556430446194
FPDR:0.11548556430446194
F1:0.8736228127025275
BACC:0
CLSFE:0.11548556430446194
MCC:0.4478600783234647
GMEAN:0.7184855228678343
SAMPLES:762
AUC:{}
AVGP:{}
