

GENERAL_METRICS
ACC:0.83
PREC:0.7489827557926039
REC:0.7807088187745703
TNR:0.7807088187745703
FPR:0.25101724420739613
FPDR:0.25101724420739613
F1:0.7621858755196937
BACC:0.0
CLSFE:0.17
MCC:0.528740599060746
GMEAN:0.7759716901269013
SAMPLES:1000.0
AUC:{'AUC macro OVO': 0.7489827557926039}
AVGP:{'avg_precision': 0.8561765656441948}


METRICS_PER_CLASSES
CLASS:0
ACC:0.83
PREC:0.5849802371541502
REC:0.6948356807511737
TNR:0.866581956797967
FPR:0.4150197628458498
FPDR:0.4150197628458498
F1:0.6351931330472103
BACC:0
CLSFE:0.4150197628458498
MCC:0.528740599060746
GMEAN:0.7759716901269013
SAMPLES:253
AUC:{}
AVGP:{}
CLASS:1
ACC:0.83
PREC:0.9129852744310576
REC:0.866581956797967
TNR:0.6948356807511737
FPR:0.08701472556894244
FPDR:0.08701472556894244
F1:0.8891786179921773
BACC:0
CLSFE:0.08701472556894244
MCC:0.528740599060746
GMEAN:0.7759716901269013
SAMPLES:747
AUC:{}
AVGP:{}
