

GENERAL_METRICS
ACC:0.798
PREC:0.705865145531666
REC:0.7375527426160338
TNR:0.7375527426160338
FPR:0.29413485446833404
FPDR:0.29413485446833404
F1:0.7182611412376425
BACC:0.0
CLSFE:0.202
MCC:0.442284206953385
GMEAN:0.7301522874505005
SAMPLES:1000.0
AUC:{'AUC macro OVO': 0.705865145531666}
AVGP:{'avg_precision': 0.8314184380224504}


METRICS_PER_CLASSES
CLASS:0
ACC:0.798
PREC:0.5155038759689923
REC:0.6333333333333333
TNR:0.8417721518987342
FPR:0.4844961240310077
FPDR:0.4844961240310077
F1:0.5683760683760684
BACC:0
CLSFE:0.4844961240310077
MCC:0.442284206953385
GMEAN:0.7301522874505005
SAMPLES:258
AUC:{}
AVGP:{}
CLASS:1
ACC:0.798
PREC:0.8962264150943396
REC:0.8417721518987342
TNR:0.6333333333333333
FPR:0.10377358490566038
FPDR:0.10377358490566038
F1:0.8681462140992167
BACC:0
CLSFE:0.10377358490566038
MCC:0.442284206953385
GMEAN:0.7301522874505005
SAMPLES:742
AUC:{}
AVGP:{}
