

GENERAL_METRICS
ACC:0.825
PREC:0.7351973684210527
REC:0.7632305568338702
TNR:0.7632305568338702
FPR:0.26480263157894735
FPDR:0.26480263157894735
F1:0.7471006900538315
BACC:0.0
CLSFE:0.175
MCC:0.49763896252337236
GMEAN:0.7560159093717498
SAMPLES:1000.0
AUC:{'AUC macro OVO': 0.7351973684210527}
AVGP:{'avg_precision': 0.8579841112214499}


METRICS_PER_CLASSES
CLASS:0
ACC:0.825
PREC:0.5625
REC:0.6585365853658537
TNR:0.8679245283018868
FPR:0.4375
FPDR:0.4375
F1:0.6067415730337079
BACC:0
CLSFE:0.4375
MCC:0.49763896252337236
GMEAN:0.7560159093717498
SAMPLES:240
AUC:{}
AVGP:{}
CLASS:1
ACC:0.825
PREC:0.9078947368421053
REC:0.8679245283018868
TNR:0.6585365853658537
FPR:0.09210526315789473
FPDR:0.09210526315789473
F1:0.887459807073955
BACC:0
CLSFE:0.09210526315789473
MCC:0.49763896252337236
GMEAN:0.7560159093717498
SAMPLES:760
AUC:{}
AVGP:{}
