

GENERAL_METRICS
ACC:0.92175
PREC:0.5668496242142589
REC:0.6101310860091987
TNR:0.6101310860091987
FPR:0.43315037578574117
FPDR:0.43315037578574117
F1:0.5812080141800557
BACC:0.0
CLSFE:0.07825
MCC:0.17160677974978908
GMEAN:0.509173267405833
SAMPLES:4000.0
AUC:{'AUC macro OVO': 0.5668496242142589}
AVGP:{'avg_precision': 0.9460624991098627}


METRICS_PER_CLASSES
CLASS:0
ACC:0.92175
PREC:0.16194331983805668
REC:0.273972602739726
TNR:0.9462895692786715
FPR:0.8380566801619433
FPDR:0.8380566801619433
F1:0.2035623409669211
BACC:0
CLSFE:0.8380566801619433
MCC:0.17160677974978908
GMEAN:0.509173267405833
SAMPLES:247
AUC:{}
AVGP:{}
CLASS:1
ACC:0.92175
PREC:0.971755928590461
REC:0.9462895692786715
TNR:0.273972602739726
FPR:0.028244071409539037
FPDR:0.028244071409539037
F1:0.9588536873931904
BACC:0
CLSFE:0.028244071409539037
MCC:0.17160677974978908
GMEAN:0.509173267405833
SAMPLES:3753
AUC:{}
AVGP:{}
