

GENERAL_METRICS
ACC:0.921
PREC:0.5283011106540518
REC:0.5734289617486339
TNR:0.5734289617486339
FPR:0.47169888934594817
FPDR:0.47169888934594817
F1:0.5355099688968068
BACC:0.0
CLSFE:0.079
MCC:0.0911728286642512
GMEAN:0.44218317051212275
SAMPLES:4000.0
AUC:{'AUC macro OVO': 0.5283011106540518}
AVGP:{'avg_precision': 0.9384529674761111}


METRICS_PER_CLASSES
CLASS:0
ACC:0.921
PREC:0.07692307692307693
REC:0.20833333333333334
TNR:0.9385245901639344
FPR:0.9230769230769231
FPDR:0.9230769230769231
F1:0.11235955056179775
BACC:0
CLSFE:0.9230769230769231
MCC:0.0911728286642512
GMEAN:0.44218317051212275
SAMPLES:260
AUC:{}
AVGP:{}
CLASS:1
ACC:0.921
PREC:0.9796791443850268
REC:0.9385245901639344
TNR:0.20833333333333334
FPR:0.020320855614973262
FPDR:0.020320855614973262
F1:0.9586603872318158
BACC:0
CLSFE:0.020320855614973262
MCC:0.0911728286642512
GMEAN:0.44218317051212275
SAMPLES:3740
AUC:{}
AVGP:{}
