

GENERAL_METRICS
ACC:0.92075
PREC:0.5628517193047935
REC:0.6245179884714769
TNR:0.6245179884714769
FPR:0.4371482806952065
FPDR:0.4371482806952065
F1:0.5799086334407968
BACC:0.0
CLSFE:0.07925
MCC:0.1769312822516897
GMEAN:0.5381860328206927
SAMPLES:4000.0
AUC:{'AUC macro OVO': 0.5628517193047935}
AVGP:{'avg_precision': 0.9411485365872229}


METRICS_PER_CLASSES
CLASS:0
ACC:0.92075
PREC:0.149812734082397
REC:0.3076923076923077
TNR:0.9413436692506459
FPR:0.850187265917603
FPDR:0.850187265917603
F1:0.20151133501259447
BACC:0
CLSFE:0.850187265917603
MCC:0.1769312822516897
GMEAN:0.5381860328206927
SAMPLES:267
AUC:{}
AVGP:{}
CLASS:1
ACC:0.92075
PREC:0.97589070452719
REC:0.9413436692506459
TNR:0.3076923076923077
FPR:0.02410929547281007
FPDR:0.02410929547281007
F1:0.958305931868999
BACC:0
CLSFE:0.02410929547281007
MCC:0.1769312822516897
GMEAN:0.5381860328206927
SAMPLES:3733
AUC:{}
AVGP:{}
