

GENERAL_METRICS
ACC:0.92075
PREC:0.5470338438422581
REC:0.6103178312689881
TNR:0.6103178312689881
FPR:0.45296615615774194
FPDR:0.45296615615774194
F1:0.5609963996857732
BACC:0.0
CLSFE:0.07925
MCC:0.1440648694015603
GMEAN:0.5143693570534489
SAMPLES:4000.0
AUC:{'AUC macro OVO': 0.5470338438422581}
AVGP:{'avg_precision': 0.9386890081985229}


METRICS_PER_CLASSES
CLASS:0
ACC:0.92075
PREC:0.11524163568773234
REC:0.2818181818181818
TNR:0.9388174807197943
FPR:0.8847583643122676
FPDR:0.8847583643122676
F1:0.16358839050131926
BACC:0
CLSFE:0.8847583643122676
MCC:0.1440648694015603
GMEAN:0.5143693570534489
SAMPLES:269
AUC:{}
AVGP:{}
CLASS:1
ACC:0.92075
PREC:0.9788260519967837
REC:0.9388174807197943
TNR:0.2818181818181818
FPR:0.021173948003216297
FPDR:0.021173948003216297
F1:0.958404408870227
BACC:0
CLSFE:0.021173948003216297
MCC:0.1440648694015603
GMEAN:0.5143693570534489
SAMPLES:3731
AUC:{}
AVGP:{}
