

GENERAL_METRICS
ACC:0.92775
PREC:0.5445905906086205
REC:0.5968518858120913
TNR:0.5968518858120913
FPR:0.4554094093913795
FPDR:0.4554094093913795
F1:0.5573796415311142
BACC:0.0
CLSFE:0.07225
MCC:0.13143337156019114
GMEAN:0.48401301462365764
SAMPLES:4000.0
AUC:{'AUC macro OVO': 0.5445905906086205}
AVGP:{'avg_precision': 0.9459780042398835}


METRICS_PER_CLASSES
CLASS:0
ACC:0.92775
PREC:0.11016949152542373
REC:0.24761904761904763
TNR:0.9460847240051348
FPR:0.8898305084745762
FPDR:0.8898305084745762
F1:0.15249266862170088
BACC:0
CLSFE:0.8898305084745762
MCC:0.13143337156019114
GMEAN:0.48401301462365764
SAMPLES:236
AUC:{}
AVGP:{}
CLASS:1
ACC:0.92775
PREC:0.9790116896918172
REC:0.9460847240051348
TNR:0.24761904761904763
FPR:0.020988310308182784
FPDR:0.020988310308182784
F1:0.9622666144405275
BACC:0
CLSFE:0.020988310308182784
MCC:0.13143337156019114
GMEAN:0.48401301462365764
SAMPLES:3764
AUC:{}
AVGP:{}
