

GENERAL_METRICS
ACC:0.9508771929824561
PREC:0.9445425318857383
REC:0.949949322522138
TNR:0.949949322522138
FPR:0.05545746811426162
FPDR:0.05545746811426162
F1:0.9471165953160413
BACC:0.0
CLSFE:0.04912280701754386
MCC:0.894475513480976
GMEAN:0.9499434248428794
SAMPLES:2850.0
AUC:0.9445425318857383
AVGP:0.9433037094239682


METRICS_PER_CLASSES

======>> CLASS:0
ACC:0.9508771929824561
PREC:0.9198113207547169
REC:0.9466019417475728
TNR:0.9532967032967034
FPR:0.08018867924528301
FPDR:0.08018867924528301
F1:0.9330143540669856
BACC:0
CLSFE:0.08018867924528301
MCC:0.894475513480976
GMEAN:0.9499434248428794
SAMPLES:1060
AUC:0.9445425318857383
AVGP:0.9433037094239682

======>> CLASS:1
ACC:0.9508771929824561
PREC:0.9692737430167597
REC:0.9532967032967034
TNR:0.9466019417475728
FPR:0.030726256983240222
FPDR:0.030726256983240222
F1:0.961218836565097
BACC:0
CLSFE:0.030726256983240222
MCC:0.894475513480976
GMEAN:0.9499434248428794
SAMPLES:1790
AUC:{}
AVGP:{}
