

GENERAL_METRICS
ACC:0.9261538461538461
PREC:0.5948076524546535
REC:0.7296620693299514
TNR:0.7296620693299514
FPR:0.40519234754534644
FPDR:0.40519234754534644
F1:0.6275783040488923
BACC:0.0
CLSFE:0.07384615384615385
MCC:0.29511842809997874
GMEAN:0.6991403968023315
SAMPLES:3250.0
AUC:{'AUC macro OVO': 0.5948076524546535}
AVGP:{'avg_precision': 0.9382831820708939}


METRICS_PER_CLASSES
CLASS:0
ACC:0.9261538461538461
PREC:0.20491803278688525
REC:0.5208333333333334
TNR:0.9384908053265695
FPR:0.7950819672131147
FPDR:0.7950819672131147
F1:0.29411764705882354
BACC:0
CLSFE:0.7950819672131147
MCC:0.29511842809997874
GMEAN:0.6991403968023315
SAMPLES:244
AUC:{}
AVGP:{}
CLASS:1
ACC:0.9261538461538461
PREC:0.9846972721224219
REC:0.9384908053265695
TNR:0.5208333333333334
FPR:0.015302727877578177
FPDR:0.015302727877578177
F1:0.961038961038961
BACC:0
CLSFE:0.015302727877578177
MCC:0.29511842809997874
GMEAN:0.6991403968023315
SAMPLES:3006
AUC:{}
AVGP:{}
