

GENERAL_METRICS
ACC:0.9243076923076923
PREC:0.6060606060606061
REC:0.7219286788290487
TNR:0.7219286788290487
FPR:0.393939393939394
FPDR:0.393939393939394
F1:0.6383007600434311
BACC:0.0
CLSFE:0.0756923076923077
MCC:0.30684126305852993
GMEAN:0.6883843917253434
SAMPLES:3250.0
AUC:{'AUC macro OVO': 0.6060606060606061}
AVGP:{'avg_precision': 0.9391447918779764}


METRICS_PER_CLASSES
CLASS:0
ACC:0.9243076923076923
PREC:0.23076923076923078
REC:0.504424778761062
TNR:0.9394325788970354
FPR:0.7692307692307693
FPDR:0.7692307692307693
F1:0.31666666666666665
BACC:0
CLSFE:0.7692307692307693
MCC:0.30684126305852993
GMEAN:0.6883843917253434
SAMPLES:247
AUC:{}
AVGP:{}
CLASS:1
ACC:0.9243076923076923
PREC:0.9813519813519813
REC:0.9394325788970354
TNR:0.504424778761062
FPR:0.018648018648018648
FPDR:0.018648018648018648
F1:0.9599348534201955
BACC:0
CLSFE:0.018648018648018648
MCC:0.30684126305852993
GMEAN:0.6883843917253434
SAMPLES:3003
AUC:{}
AVGP:{}
