

GENERAL_METRICS
ACC:0.9178461538461539
PREC:0.5843079486559507
REC:0.6873913818131898
TNR:0.6873913818131898
FPR:0.4156920513440493
FPDR:0.4156920513440493
F1:0.6104781053008644
BACC:0.0
CLSFE:0.08215384615384616
MCC:0.25138482847199883
GMEAN:0.6414716306924141
SAMPLES:3250.0
AUC:{'AUC macro OVO': 0.5843079486559507}
AVGP:{'avg_precision': 0.9341598672923419}


METRICS_PER_CLASSES
CLASS:0
ACC:0.9178461538461539
PREC:0.1889763779527559
REC:0.44036697247706424
TNR:0.9344157911493155
FPR:0.8110236220472441
FPDR:0.8110236220472441
F1:0.2644628099173554
BACC:0
CLSFE:0.8110236220472441
MCC:0.25138482847199883
GMEAN:0.6414716306924141
SAMPLES:254
AUC:{}
AVGP:{}
CLASS:1
ACC:0.9178461538461539
PREC:0.9796395193591455
REC:0.9344157911493155
TNR:0.44036697247706424
FPR:0.020360480640854474
FPDR:0.020360480640854474
F1:0.9564934006843735
BACC:0
CLSFE:0.020360480640854474
MCC:0.25138482847199883
GMEAN:0.6414716306924141
SAMPLES:2996
AUC:{}
AVGP:{}
