

GENERAL_METRICS
ACC:0.9252307692307692
PREC:0.5830316502593416
REC:0.6983051533047488
TNR:0.6983051533047488
FPR:0.4169683497406584
FPDR:0.4169683497406584
F1:0.6110102208634465
BACC:0.0
CLSFE:0.07476923076923077
MCC:0.2566367404236971
GMEAN:0.6554520156922321
SAMPLES:3250.0
AUC:{'AUC macro OVO': 0.5830316502593417}
AVGP:{'avg_precision': 0.9389694580621316}


METRICS_PER_CLASSES
CLASS:0
ACC:0.9252307692307692
PREC:0.1829787234042553
REC:0.4574468085106383
TNR:0.9391634980988594
FPR:0.8170212765957446
FPDR:0.8170212765957446
F1:0.2613981762917933
BACC:0
CLSFE:0.8170212765957446
MCC:0.2566367404236971
GMEAN:0.6554520156922321
SAMPLES:235
AUC:{}
AVGP:{}
CLASS:1
ACC:0.9252307692307692
PREC:0.9830845771144279
REC:0.9391634980988594
TNR:0.4574468085106383
FPR:0.01691542288557214
FPDR:0.01691542288557214
F1:0.9606222654350997
BACC:0
CLSFE:0.01691542288557214
MCC:0.2566367404236971
GMEAN:0.6554520156922321
SAMPLES:3015
AUC:{}
AVGP:{}
