

GENERAL_METRICS
ACC:0.8525
PREC:0.5336115441264642
REC:0.5812762605042017
TNR:0.5812762605042017
FPR:0.46638845587353583
FPDR:0.46638845587353583
F1:0.5369640064071625
BACC:0.0
CLSFE:0.1475
MCC:0.10453364274473491
GMEAN:0.497861761971748
SAMPLES:2000.0
AUC:{'AUC macro OVO': 0.5336115441264642}
AVGP:{'avg_precision': 0.8809943504591304}


METRICS_PER_CLASSES
CLASS:0
ACC:0.8525
PREC:0.1067193675889328
REC:0.28125
TNR:0.8813025210084033
FPR:0.8932806324110671
FPDR:0.8932806324110671
F1:0.15472779369627507
BACC:0
CLSFE:0.8932806324110671
MCC:0.10453364274473491
GMEAN:0.497861761971748
SAMPLES:253
AUC:{}
AVGP:{}
CLASS:1
ACC:0.8525
PREC:0.9605037206639955
REC:0.8813025210084033
TNR:0.28125
FPR:0.03949627933600458
FPDR:0.03949627933600458
F1:0.9192002191180498
BACC:0
CLSFE:0.03949627933600458
MCC:0.10453364274473491
GMEAN:0.497861761971748
SAMPLES:1747
AUC:{}
AVGP:{}
