

GENERAL_METRICS
ACC:0.851
PREC:0.5244067429715615
REC:0.5643305439330544
TNR:0.5643305439330544
FPR:0.47559325702843847
FPDR:0.47559325702843847
F1:0.5235948445928015
BACC:0.0
CLSFE:0.149
MCC:0.07924895080680391
GMEAN:0.46868461887129087
SAMPLES:2000.0
AUC:{'AUC macro OVO': 0.5244067429715615}
AVGP:{'avg_precision': 0.8784470948539879}


METRICS_PER_CLASSES
CLASS:0
ACC:0.851
PREC:0.08661417322834646
REC:0.25
TNR:0.8786610878661087
FPR:0.9133858267716536
FPDR:0.9133858267716536
F1:0.1286549707602339
BACC:0
CLSFE:0.9133858267716536
MCC:0.07924895080680391
GMEAN:0.46868461887129087
SAMPLES:254
AUC:{}
AVGP:{}
CLASS:1
ACC:0.851
PREC:0.9621993127147767
REC:0.8786610878661087
TNR:0.25
FPR:0.037800687285223365
FPDR:0.037800687285223365
F1:0.918534718425369
BACC:0
CLSFE:0.037800687285223365
MCC:0.07924895080680391
GMEAN:0.46868461887129087
SAMPLES:1746
AUC:{}
AVGP:{}
