

GENERAL_METRICS
ACC:0.853
PREC:0.5423481473604667
REC:0.5940696067345144
TNR:0.5940696067345144
FPR:0.45765185263953334
FPDR:0.45765185263953334
F1:0.5490230366395774
BACC:0.0
CLSFE:0.147
MCC:0.1262326989038
GMEAN:0.5188639043381494
SAMPLES:2000.0
AUC:{'AUC macro OVO': 0.5423481473604667}
AVGP:{'avg_precision': 0.8829645762883376}


METRICS_PER_CLASSES
CLASS:0
ACC:0.853
PREC:0.12648221343873517
REC:0.3047619047619048
TNR:0.883377308707124
FPR:0.8735177865612648
FPDR:0.8735177865612648
F1:0.1787709497206704
BACC:0
CLSFE:0.8735177865612648
MCC:0.1262326989038
GMEAN:0.5188639043381494
SAMPLES:253
AUC:{}
AVGP:{}
CLASS:1
ACC:0.853
PREC:0.9582140812821981
REC:0.883377308707124
TNR:0.3047619047619048
FPR:0.04178591871780195
FPDR:0.04178591871780195
F1:0.9192751235584844
BACC:0
CLSFE:0.04178591871780195
MCC:0.1262326989038
GMEAN:0.5188639043381494
SAMPLES:1747
AUC:{}
AVGP:{}
