

GENERAL_METRICS
ACC:0.8505
PREC:0.5167533637819771
REC:0.5547775472568004
TNR:0.5547775472568004
FPR:0.4832466362180229
FPDR:0.4832466362180229
F1:0.5102820300529599
BACC:0.0
CLSFE:0.1495
MCC:0.06058739724654362
GMEAN:0.45412534548786937
SAMPLES:2000.0
AUC:{'AUC macro OVO': 0.5167533637819771}
AVGP:{'avg_precision': 0.8733192455720487}


METRICS_PER_CLASSES
CLASS:0
ACC:0.8505
PREC:0.06513409961685823
REC:0.2361111111111111
TNR:0.8734439834024896
FPR:0.9348659003831418
FPDR:0.9348659003831418
F1:0.1021021021021021
BACC:0
CLSFE:0.9348659003831418
MCC:0.06058739724654362
GMEAN:0.45412534548786937
SAMPLES:261
AUC:{}
AVGP:{}
CLASS:1
ACC:0.8505
PREC:0.968372627947096
REC:0.8734439834024896
TNR:0.2361111111111111
FPR:0.03162737205290397
FPDR:0.03162737205290397
F1:0.9184619580038178
BACC:0
CLSFE:0.03162737205290397
MCC:0.06058739724654362
GMEAN:0.45412534548786937
SAMPLES:1739
AUC:{}
AVGP:{}
